P1	Hybrid	P2	Zscore	Pvalue	Gamma	AAAA	AAAB	AABA	AABB	AABC	ABAA	ABAB	ABAC	ABBA	BAAA	ABBC	CABC	BACA	BCAA	ABCD
1	2	3	0.4926224416134768	0.3111396966089379	0.001510859301227573	75582.0	1560.0	1505.0	5415.0	118.0	7643.0	128.0	77.0	136.0	6787.0	77.0	82.0	54.0	827.0	9.0
1	3	2	-99999.9	1.0	-0.0015177385695313982	75582.0	1505.0	1560.0	5415.0	118.0	7643.0	136.0	82.0	128.0	6787.0	54.0	77.0	77.0	827.0	9.0
2	1	3	-325.06923365969374	1.0	0.4996214272193829	75582.0	1560.0	7643.0	128.0	77.0	1505.0	5415.0	118.0	136.0	6787.0	77.0	82.0	827.0	54.0	9.0
1	2	4	-99999.9	1.0	-0.00101010101010101	74537.0	2605.0	2650.0	4195.0	193.0	7459.0	231.0	158.0	227.0	6644.0	129.0	142.0	106.0	704.0	20.0
1	4	2	0.18697985074718207	0.4258382301794166	0.0010070493454179255	74537.0	2650.0	2605.0	4195.0	193.0	7459.0	227.0	142.0	231.0	6644.0	106.0	158.0	129.0	704.0	20.0
2	1	4	-185.297032090457	1.0	0.5002521432173473	74537.0	2605.0	7459.0	231.0	158.0	2650.0	4195.0	193.0	227.0	6644.0	129.0	142.0	704.0	106.0	20.0
1	2	5	-99999.9	1.0	-0.004840764331210191	74587.0	2555.0	2668.0	4184.0	186.0	7468.0	240.0	140.0	221.0	6653.0	126.0	145.0	103.0	711.0	13.0
1	5	2	0.8867651621674034	0.1876026396785463	0.004771471622300351	74587.0	2668.0	2555.0	4184.0	186.0	7468.0	221.0	145.0	240.0	6653.0	103.0	140.0	126.0	711.0	13.0
2	1	5	-184.0737789256966	1.0	0.5012014670545086	74587.0	2555.0	7468.0	240.0	140.0	2668.0	4184.0	186.0	221.0	6653.0	126.0	145.0	711.0	103.0	13.0
1	2	6	0.6365985899335228	0.2621931127577055	0.9148936170212766	71321.0	5821.0	6205.0	547.0	286.0	7025.0	527.0	296.0	742.0	5992.0	266.0	338.0	269.0	341.0	24.0
1	6	2	-6.206836251851829	0.9999999997285792	0.524390243902439	71321.0	6205.0	5821.0	547.0	286.0	7025.0	742.0	338.0	527.0	5992.0	269.0	296.0	266.0	341.0	24.0
2	1	6	-0.5773801164513345	0.7181586876616309	1.1142857142857143	71321.0	5821.0	7025.0	527.0	296.0	6205.0	547.0	286.0	742.0	5992.0	266.0	338.0	341.0	269.0	24.0
1	2	7	0.7901242870513845	0.2147275316130599	0.9804081632653061	72094.0	5048.0	6344.0	482.0	212.0	7135.0	458.0	255.0	1659.0	5070.0	271.0	425.0	219.0	293.0	35.0
1	7	2	-38.749011910811696	1.0	0.5050462573591253	72094.0	6344.0	5048.0	482.0	212.0	7135.0	1659.0	425.0	458.0	5070.0	219.0	255.0	271.0	293.0	35.0
2	1	7	-0.7743349590836633	0.7806336971701138	1.02081526452732	72094.0	5048.0	7135.0	458.0	255.0	6344.0	482.0	212.0	1659.0	5070.0	271.0	425.0	293.0	219.0	35.0
1	2	8	0.37551284284675773	0.35363960680700046	0.995766299745978	73229.0	3913.0	6473.0	361.0	204.0	7279.0	351.0	218.0	2703.0	4044.0	253.0	526.0	186.0	239.0	21.0
1	8	2	-87.94510779471081	1.0	0.5010651896037495	73229.0	6473.0	3913.0	361.0	204.0	7279.0	2703.0	526.0	351.0	4044.0	186.0	218.0	253.0	239.0	21.0
2	1	8	-0.37391627463737515	0.6457666371849293	1.004288164665523	73229.0	3913.0	7279.0	351.0	218.0	6473.0	361.0	204.0	2703.0	4044.0	253.0	526.0	239.0	186.0	21.0
1	2	9	1.1379714035799173	0.12756626572285867	0.990501146413364	73732.0	3410.0	6535.0	342.0	161.0	7367.0	313.0	168.0	3337.0	3445.0	218.0	603.0	146.0	201.0	22.0
1	9	2	-117.52497771454675	1.0	0.5024090380461871	73732.0	6535.0	3410.0	342.0	161.0	7367.0	3337.0	603.0	313.0	3445.0	146.0	168.0	218.0	201.0	22.0
2	1	9	-1.1270583180297133	0.8701410360928282	1.0097774780849629	73732.0	3410.0	7367.0	313.0	168.0	6535.0	342.0	161.0	3337.0	3445.0	218.0	603.0	201.0	146.0	22.0
1	3	4	-99999.9	1.0	-0.004046535154274153	74482.0	2605.0	2705.0	4203.0	185.0	7471.0	233.0	157.0	217.0	6623.0	129.0	140.0	125.0	705.0	20.0
1	4	3	0.755567506473701	0.2249542045958708	0.00399800099950025	74482.0	2705.0	2605.0	4203.0	185.0	7471.0	217.0	140.0	233.0	6623.0	125.0	157.0	129.0	705.0	20.0
3	1	4	-187.4751875437871	1.0	0.5010055304172952	74482.0	2605.0	7471.0	233.0	157.0	2705.0	4203.0	185.0	217.0	6623.0	129.0	140.0	705.0	125.0	20.0
1	3	5	-99999.9	1.0	-0.007662835249042145	74536.0	2551.0	2719.0	4187.0	187.0	7481.0	242.0	138.0	212.0	6635.0	122.0	141.0	119.0	712.0	18.0
1	5	3	1.4124102542961507	0.0789146514281962	0.00749063670411985	74536.0	2719.0	2551.0	4187.0	187.0	7481.0	212.0	141.0	242.0	6635.0	119.0	138.0	122.0	712.0	18.0
3	1	5	-185.7319484399438	1.0	0.5018939393939393	74536.0	2551.0	7481.0	242.0	138.0	2719.0	4187.0	187.0	212.0	6635.0	122.0	141.0	712.0	119.0	18.0
1	3	6	1.167933188967976	0.12141691778643349	0.85	71281.0	5806.0	6245.0	567.0	281.0	7030.0	531.0	300.0	735.0	5969.0	265.0	340.0	288.0	339.0	23.0
1	6	3	-5.450354881850554	0.9999999748057685	0.5483870967741935	71281.0	6245.0	5806.0	567.0	281.0	7030.0	735.0	340.0	531.0	5969.0	288.0	300.0	265.0	339.0	23.0
3	1	6	-0.9618273320912745	0.8319318320813527	1.2727272727272727	71281.0	5806.0	7030.0	531.0	300.0	6245.0	567.0	281.0	735.0	5969.0	265.0	340.0	339.0	288.0	23.0
1	3	7	0.5556137639857638	0.28923743041740146	0.9858569051580699	72041.0	5046.0	6397.0	483.0	213.0	7139.0	466.0	256.0	1651.0	5048.0	270.0	429.0	233.0	293.0	35.0
1	7	3	-38.17393390208073	1.0	0.5036124096897577	72041.0	6397.0	5046.0	483.0	213.0	7139.0	1651.0	429.0	466.0	5048.0	233.0	256.0	270.0	293.0	35.0
3	1	7	-0.5476429336163477	0.708031474228213	1.0147697654213728	72041.0	5046.0	7139.0	466.0	256.0	6397.0	483.0	213.0	1651.0	5048.0	270.0	429.0	293.0	233.0	35.0
1	3	8	0.0	0.49999999949999996	nan	73175.0	3912.0	6527.0	365.0	201.0	7278.0	365.0	218.0	2695.0	4021.0	253.0	535.0	195.0	237.0	23.0
1	8	3	-86.23126293938974	1.0	0.5	73175.0	6527.0	3912.0	365.0	201.0	7278.0	2695.0	535.0	365.0	4021.0	195.0	218.0	253.0	237.0	23.0
3	1	8	0.0	0.49999999949999996	nan	73175.0	3912.0	7278.0	365.0	218.0	6527.0	365.0	201.0	2695.0	4021.0	253.0	535.0	237.0	195.0	23.0
1	3	9	0.31178214142446625	0.37760311746319186	0.9973315543695798	73664.0	3423.0	6603.0	334.0	156.0	7370.0	326.0	165.0	3316.0	3432.0	221.0	621.0	146.0	199.0	24.0
1	9	3	-116.21679321596959	1.0	0.5006697923643669	73664.0	6603.0	3423.0	334.0	156.0	7370.0	3316.0	621.0	326.0	3432.0	146.0	165.0	221.0	199.0	24.0
3	1	9	-0.31094794171496937	0.6220798323343286	1.0026899798251514	73664.0	3423.0	7370.0	326.0	165.0	6603.0	334.0	156.0	3316.0	3432.0	221.0	621.0	199.0	146.0	24.0
1	4	5	-99999.9	1.0	-0.002162629757785467	75245.0	1942.0	2010.0	4830.0	153.0	7526.0	196.0	106.0	186.0	6691.0	104.0	122.0	109.0	763.0	17.0
1	5	4	0.5120991599882423	0.3042907983090404	0.0021486892995272885	75245.0	2010.0	1942.0	4830.0	153.0	7526.0	186.0	122.0	196.0	6691.0	109.0	106.0	104.0	763.0	17.0
4	1	5	-237.30675073855176	1.0	0.5005389092476826	75245.0	1942.0	7526.0	196.0	106.0	2010.0	4830.0	153.0	186.0	6691.0	104.0	122.0	763.0	109.0	17.0
1	4	6	-0.15027407669355794	0.5597258247342215	1.0238095238095237	71340.0	5847.0	6186.0	538.0	269.0	6992.0	543.0	293.0	758.0	5954.0	269.0	355.0	291.0	344.0	21.0
1	6	4	-6.612059374516589	0.9999999999809498	0.4942528735632184	71340.0	6186.0	5847.0	538.0	269.0	6992.0	758.0	355.0	543.0	5954.0	291.0	293.0	269.0	344.0	21.0
4	1	6	0.15376882266317557	0.43889599476422525	0.9777777777777777	71340.0	5847.0	6992.0	543.0	293.0	6186.0	538.0	269.0	758.0	5954.0	269.0	355.0	344.0	291.0	21.0
1	4	7	0.5180586349034378	0.3022086689024571	0.9868852459016394	72158.0	5029.0	6280.0	491.0	222.0	7091.0	475.0	262.0	1679.0	5041.0	261.0	449.0	231.0	297.0	34.0
1	7	4	-38.465853641580374	1.0	0.5033444816053512	72158.0	6280.0	5029.0	491.0	222.0	7091.0	1679.0	449.0	475.0	5041.0	231.0	262.0	261.0	297.0	34.0
4	1	7	-0.5111741347718307	0.6953854431742448	1.0136518771331058	72158.0	5029.0	7091.0	475.0	262.0	6280.0	491.0	222.0	1679.0	5041.0	261.0	449.0	297.0	231.0	34.0
1	4	8	0.036642532785046526	0.4853849555863622	0.9995717344753747	73278.0	3909.0	6424.0	373.0	196.0	7239.0	372.0	217.0	2706.0	4020.0	255.0	563.0	189.0	240.0	19.0
1	8	4	-85.48702898751333	1.0	0.5001071352046282	73278.0	6424.0	3909.0	373.0	196.0	7239.0	2706.0	563.0	372.0	4020.0	189.0	217.0	255.0	240.0	19.0
4	1	8	-0.03662683332798353	0.5146087854251771	1.0004288164665522	73278.0	3909.0	7239.0	372.0	217.0	6424.0	373.0	196.0	2706.0	4020.0	255.0	563.0	240.0	189.0	19.0
1	4	9	-0.15726007183322085	0.5624800674524628	1.001327580484567	73761.0	3426.0	6506.0	321.0	166.0	7331.0	325.0	172.0	3342.0	3424.0	215.0	634.0	155.0	201.0	21.0
1	9	4	-118.77066925204102	1.0	0.4996687644915535	73761.0	6506.0	3426.0	321.0	166.0	7331.0	3342.0	634.0	325.0	3424.0	155.0	172.0	215.0	201.0	21.0
4	1	9	0.15746857043691093	0.43743777737556033	0.9986776859504132	73761.0	3426.0	7331.0	325.0	172.0	6506.0	321.0	166.0	3342.0	3424.0	215.0	634.0	201.0	155.0	21.0
1	5	6	0.12153377748796301	0.45163408960011664	0.9827586206896551	71422.0	5833.0	6104.0	553.0	268.0	6984.0	549.0	301.0	777.0	5957.0	262.0	344.0	282.0	343.0	21.0
1	6	5	-6.805891539325911	0.9999999999949494	0.504424778761062	71422.0	6104.0	5833.0	553.0	268.0	6984.0	777.0	344.0	549.0	5957.0	282.0	301.0	262.0	343.0	21.0
5	1	6	-0.11940160595308648	0.5475214487868438	1.018181818181818	71422.0	5833.0	6984.0	549.0	301.0	6104.0	553.0	268.0	777.0	5957.0	262.0	344.0	343.0	282.0	21.0
1	5	7	0.8727532407502315	0.19139875661021577	0.9782783588093322	72227.0	5028.0	6211.0	502.0	212.0	7108.0	475.0	251.0	1691.0	5034.0	271.0	420.0	238.0	300.0	32.0
1	7	5	-38.433466787112124	1.0	0.5056133056133056	72227.0	6211.0	5028.0	502.0	212.0	7108.0	1691.0	420.0	475.0	5034.0	238.0	251.0	271.0	300.0	32.0
5	1	7	-0.8533746737269945	0.8032742646823203	1.0232358003442341	72227.0	5028.0	7108.0	475.0	251.0	6211.0	502.0	212.0	1691.0	5034.0	271.0	420.0	300.0	238.0	32.0
1	5	8	0.03699165969131658	0.4852457681875715	0.9995742869306088	73328.0	3927.0	6374.0	366.0	185.0	7259.0	365.0	210.0	2713.0	4023.0	260.0	536.0	193.0	241.0	20.0
1	8	5	-86.81942529551976	1.0	0.5001064962726305	73328.0	6374.0	3927.0	366.0	185.0	7259.0	2713.0	536.0	365.0	4023.0	193.0	210.0	260.0	241.0	20.0
5	1	8	-0.036975905151413975	0.5147479509447009	1.0004262574595055	73328.0	3927.0	7259.0	365.0	210.0	6374.0	366.0	185.0	2713.0	4023.0	260.0	536.0	241.0	193.0	20.0
1	5	9	0.1967148490786919	0.422025366948505	0.9983509234828496	73837.0	3418.0	6430.0	326.0	169.0	7339.0	321.0	174.0	3348.0	3433.0	215.0	620.0	150.0	198.0	22.0
1	9	5	-118.89445478316216	1.0	0.5004132914531327	73837.0	6430.0	3418.0	326.0	169.0	7339.0	3348.0	620.0	321.0	3433.0	150.0	174.0	215.0	198.0	22.0
5	1	9	-0.19638991540000228	0.5778474834732301	1.001657275439178	73837.0	3418.0	7339.0	321.0	174.0	6430.0	326.0	169.0	3348.0	3433.0	215.0	620.0	198.0	150.0	22.0
1	6	7	0.7175734262219319	0.2365101043754433	0.978	72493.0	5033.0	5945.0	491.0	218.0	7377.0	469.0	259.0	1447.0	5069.0	272.0	395.0	209.0	297.0	26.0
1	7	6	-31.18182706673489	1.0	0.5056876938986556	72493.0	5945.0	5033.0	491.0	218.0	7377.0	1447.0	395.0	469.0	5069.0	209.0	259.0	272.0	297.0	26.0
6	1	7	-0.7014316927077371	0.758483244375117	1.0235546038543897	72493.0	5033.0	7377.0	469.0	259.0	5945.0	491.0	218.0	1447.0	5069.0	272.0	395.0	297.0	209.0	26.0
1	6	8	0.6706883418405948	0.2512094795920108	0.9915690866510538	73597.0	3929.0	6105.0	372.0	177.0	7522.0	354.0	229.0	2471.0	4062.0	255.0	515.0	165.0	235.0	12.0
1	8	6	-78.20971275130046	1.0	0.502134724857685	73597.0	6105.0	3929.0	372.0	177.0	7522.0	2471.0	515.0	354.0	4062.0	165.0	229.0	255.0	235.0	12.0
6	1	8	-0.6649857484758661	0.7469702608768758	1.0086496876501683	73597.0	3929.0	7522.0	354.0	229.0	6105.0	372.0	177.0	2471.0	4062.0	255.0	515.0	235.0	165.0	12.0
1	6	9	1.220945035367234	0.11105348262836423	0.989061397318278	74097.0	3429.0	6170.0	341.0	143.0	7613.0	310.0	182.0	3113.0	3463.0	212.0	581.0	131.0	195.0	20.0
1	9	6	-109.17611735606366	1.0	0.502780269058296	74097.0	6170.0	3429.0	341.0	143.0	7613.0	3113.0	581.0	310.0	3463.0	131.0	182.0	212.0	195.0	20.0
6	1	9	-1.2074418972664902	0.8863689300854074	1.0113097409704488	74097.0	3429.0	7613.0	310.0	182.0	6170.0	341.0	143.0	3113.0	3463.0	212.0	581.0	195.0	131.0	20.0
1	7	8	1.2087079935497658	0.1133875905807804	0.9717465753424658	74513.0	3925.0	5189.0	399.0	154.0	8606.0	366.0	247.0	1501.0	4050.0	196.0	401.0	165.0	271.0	17.0
1	8	7	-40.36352148157095	1.0	0.5073759499329459	74513.0	5189.0	3925.0	399.0	154.0	8606.0	1501.0	401.0	366.0	4050.0	165.0	247.0	196.0	271.0	17.0
7	1	8	-1.1735649417549268	0.879715273719777	1.0308699719363892	74513.0	3925.0	8606.0	366.0	247.0	5189.0	399.0	154.0	1501.0	4050.0	196.0	401.0	271.0	165.0	17.0
1	7	9	1.5671752928606226	0.05853687159869059	0.9783080260303688	75001.0	3437.0	5266.0	352.0	124.0	8718.0	312.0	189.0	2116.0	3458.0	173.0	473.0	134.0	233.0	14.0
1	9	7	-69.11243041515344	1.0	0.5056053811659192	75001.0	5266.0	3437.0	352.0	124.0	8718.0	2116.0	473.0	312.0	3458.0	134.0	189.0	173.0	233.0	14.0
7	1	9	-1.532426395014489	0.9372913557358337	1.023201856148492	75001.0	3437.0	8718.0	312.0	189.0	5266.0	352.0	124.0	2116.0	3458.0	173.0	473.0	233.0	134.0	14.0
1	8	9	0.2023459860888565	0.41982315242820656	0.992548435171386	76201.0	3501.0	4066.0	310.0	102.0	9987.0	305.0	216.0	971.0	3492.0	118.0	349.0	107.0	264.0	11.0
1	9	8	-26.750139360946996	1.0	0.5018839487565938	76201.0	4066.0	3501.0	310.0	102.0	9987.0	971.0	349.0	305.0	3492.0	107.0	216.0	118.0	264.0	11.0
8	1	9	-0.2008268720791804	0.579582999518542	1.0076219512195121	76201.0	3501.0	9987.0	305.0	216.0	4066.0	310.0	102.0	971.0	3492.0	118.0	349.0	264.0	107.0	11.0
2	3	4	0.17850310516163806	0.42916394901614185	0.9976762199845082	80402.0	2823.0	1594.0	143.0	28.0	1551.0	140.0	32.0	1428.0	11288.0	313.0	40.0	115.0	100.0	3.0
2	4	3	-76.4588300442348	1.0	0.5005829770695686	80402.0	1594.0	2823.0	143.0	28.0	1551.0	1428.0	40.0	140.0	11288.0	115.0	32.0	313.0	100.0	3.0
3	2	4	-0.17808733705955349	0.5706727994148069	1.002340093603744	80402.0	2823.0	1551.0	140.0	32.0	1594.0	143.0	28.0	1428.0	11288.0	313.0	40.0	100.0	115.0	3.0
2	3	5	0.24465621649977298	0.4033613685514823	0.9969442322383499	80459.0	2766.0	1596.0	136.0	33.0	1558.0	132.0	33.0	1437.0	11299.0	293.0	39.0	117.0	99.0	3.0
2	5	3	-79.57443441655091	1.0	0.5007674597083653	80459.0	1596.0	2766.0	136.0	33.0	1558.0	1437.0	39.0	132.0	11299.0	117.0	33.0	293.0	99.0	3.0
3	2	5	-0.24390631238789626	0.5963482576987464	1.0030840400925212	80459.0	2766.0	1558.0	132.0	33.0	1596.0	136.0	33.0	1437.0	11299.0	293.0	39.0	99.0	117.0	3.0
2	3	6	0.8147915016939474	0.20759577660464834	0.9976517341040463	76792.0	6433.0	1554.0	134.0	77.0	1519.0	121.0	83.0	5644.0	6686.0	699.0	122.0	73.0	55.0	8.0
2	6	3	-345.3462441795119	1.0	0.5005891416659114	76792.0	1554.0	6433.0	134.0	77.0	1519.0	5644.0	122.0	121.0	6686.0	73.0	83.0	699.0	55.0	8.0
3	2	6	-0.8128736509747693	0.7918548055592982	1.002364926323449	76792.0	6433.0	1519.0	121.0	83.0	1554.0	134.0	77.0	5644.0	6686.0	699.0	122.0	55.0	73.0	8.0
2	3	7	0.06818867779585308	0.4728176504334487	0.9998490566037735	77621.0	5604.0	1608.0	108.0	49.0	1559.0	107.0	57.0	6731.0	5671.0	627.0	138.0	67.0	45.0	8.0
2	7	3	-451.61361304194486	1.0	0.5000377443949574	77621.0	1608.0	5604.0	108.0	49.0	1559.0	6731.0	138.0	107.0	5671.0	67.0	57.0	627.0	45.0	8.0
3	2	7	-0.06817838361140321	0.5271782523172797	1.0001510117789187	77621.0	5604.0	1559.0	107.0	57.0	1608.0	108.0	49.0	6731.0	5671.0	627.0	138.0	45.0	67.0	8.0
2	3	8	-0.7661955159535078	0.7782200780140449	1.001271132579128	78872.0	4353.0	1636.0	80.0	49.0	1581.0	90.0	52.0	7967.0	4502.0	560.0	154.0	52.0	41.0	11.0
2	8	3	-604.2984034325326	1.0	0.4996828216188785	78872.0	1636.0	4353.0	80.0	49.0	1581.0	7967.0	154.0	90.0	4502.0	52.0	52.0	560.0	41.0	11.0
3	2	8	0.7671682156056006	0.22149068805889027	0.9987336963403824	78872.0	4353.0	1581.0	90.0	52.0	1636.0	80.0	49.0	7967.0	4502.0	560.0	154.0	41.0	52.0	11.0
2	3	9	-1.0787782818131086	0.8596566727111838	1.0016280962902664	79444.0	3781.0	1655.0	77.0	33.0	1590.0	91.0	42.0	8704.0	3857.0	468.0	181.0	40.0	31.0	6.0
2	9	3	-664.7585883715445	1.0	0.4995939675174014	79444.0	1655.0	3781.0	77.0	33.0	1590.0	8704.0	181.0	91.0	3857.0	40.0	42.0	468.0	31.0	6.0
3	2	9	1.0805317818648192	0.13995275944569685	0.9983798171507927	79444.0	3781.0	1590.0	91.0	42.0	1655.0	77.0	33.0	8704.0	3857.0	468.0	181.0	31.0	40.0	6.0
2	4	5	0.6173048023466507	0.26851679614598223	0.017266187050359715	79977.0	2019.0	2078.0	869.0	47.0	2794.0	186.0	39.0	198.0	11189.0	156.0	42.0	173.0	226.0	7.0
2	5	4	-99999.9	1.0	-0.018209408194233688	79977.0	2078.0	2019.0	869.0	47.0	2794.0	198.0	42.0	186.0	11189.0	173.0	39.0	156.0	226.0	7.0
4	2	5	-34.51762686455025	1.0	0.4955686853766617	79977.0	2019.0	2794.0	186.0	39.0	2078.0	869.0	47.0	198.0	11189.0	156.0	42.0	226.0	173.0	7.0
2	4	6	-1.1095255321572224	0.866398184949038	1.0055301755229622	75665.0	6331.0	2681.0	202.0	111.0	2667.0	225.0	127.0	4407.0	6535.0	601.0	211.0	120.0	99.0	18.0
2	6	4	-202.8502114226576	1.0	0.4986288303326577	75665.0	2681.0	6331.0	202.0	111.0	2667.0	4407.0	211.0	225.0	6535.0	120.0	127.0	601.0	99.0	18.0
4	2	6	1.1156276572742994	0.1322908227336541	0.9945600756859035	75665.0	6331.0	2667.0	225.0	127.0	2681.0	202.0	111.0	4407.0	6535.0	601.0	211.0	99.0	120.0	18.0
2	4	7	-0.8603046250033993	0.8051894711881935	1.0032504780114724	76527.0	5469.0	2702.0	186.0	106.0	2722.0	203.0	94.0	5450.0	5555.0	538.0	256.0	87.0	88.0	17.0
2	7	4	-266.3907968245825	1.0	0.49919132337551136	76527.0	2702.0	5469.0	186.0	106.0	2722.0	5450.0	256.0	203.0	5555.0	87.0	94.0	538.0	88.0	17.0
4	2	7	0.8630919660792632	0.19404341006743442	0.996780912705927	76527.0	5469.0	2722.0	203.0	94.0	2702.0	186.0	106.0	5450.0	5555.0	538.0	256.0	88.0	87.0	17.0
2	4	8	-0.2278121023778581	0.5901037975797712	1.0006167129201358	77749.0	4247.0	2759.0	152.0	83.0	2768.0	156.0	95.0	6646.0	4412.0	485.0	288.0	76.0	69.0	15.0
2	8	4	-369.852948210453	1.0	0.49984596426370914	77749.0	2759.0	4247.0	152.0	83.0	2768.0	6646.0	288.0	156.0	4412.0	76.0	95.0	485.0	69.0	15.0
4	2	8	0.22795251045328355	0.40984162349710385	0.9993844259772238	77749.0	4247.0	2768.0	156.0	95.0	2759.0	152.0	83.0	6646.0	4412.0	485.0	288.0	69.0	76.0	15.0
2	4	9	-2.047603954087935	0.9797006562400814	1.0047333983015454	78294.0	3702.0	2805.0	120.0	69.0	2798.0	154.0	67.0	7371.0	3765.0	407.0	306.0	69.0	61.0	12.0
2	9	4	-436.681655032105	1.0	0.4988249930881946	78294.0	2805.0	3702.0	120.0	69.0	2798.0	7371.0	306.0	154.0	3765.0	69.0	67.0	407.0	61.0	12.0
4	2	9	2.0572504186076785	0.019831005608963004	0.9953328757721345	78294.0	3702.0	2798.0	154.0	67.0	2805.0	120.0	69.0	7371.0	3765.0	407.0	306.0	61.0	69.0	12.0
2	5	6	-0.7227301929913982	0.7650772383635023	1.003604902667628	75722.0	6333.0	2624.0	207.0	104.0	2684.0	222.0	128.0	4398.0	6546.0	604.0	203.0	112.0	100.0	13.0
2	6	5	-201.93081592179695	1.0	0.4991036213696665	75722.0	2624.0	6333.0	207.0	104.0	2684.0	4398.0	203.0	222.0	6546.0	112.0	128.0	604.0	100.0	13.0
5	2	6	0.725326206615649	0.23412589671387596	0.9964336661911555	75722.0	6333.0	2684.0	222.0	128.0	2624.0	207.0	104.0	4398.0	6546.0	604.0	203.0	100.0	112.0	13.0
2	5	7	0.6035921774220651	0.27305735818464816	0.9977238239757208	76592.0	5463.0	2637.0	204.0	94.0	2743.0	192.0	99.0	5452.0	5550.0	546.0	233.0	103.0	82.0	10.0
2	7	5	-263.9709789259162	1.0	0.50057099352874	76592.0	2637.0	5463.0	204.0	94.0	2743.0	5452.0	233.0	192.0	5550.0	103.0	99.0	546.0	82.0	10.0
5	2	7	-0.6022151610477181	0.7264845862760183	1.0022918258212377	76592.0	5463.0	2743.0	192.0	99.0	2637.0	204.0	94.0	5452.0	5550.0	546.0	233.0	82.0	103.0	10.0
2	5	8	-0.23317124130345726	0.592185735119204	1.0006166178510867	77795.0	4260.0	2713.0	145.0	77.0	2792.0	149.0	93.0	6640.0	4418.0	490.0	270.0	77.0	67.0	14.0
2	8	5	-378.61180306648896	1.0	0.49984598798706303	77795.0	2713.0	4260.0	145.0	77.0	2792.0	6640.0	270.0	149.0	4418.0	77.0	93.0	490.0	67.0	14.0
5	2	8	0.23331493025203434	0.40775847961648226	0.9993845206954917	77795.0	4260.0	2792.0	149.0	93.0	2713.0	145.0	77.0	6640.0	4418.0	490.0	270.0	67.0	77.0	14.0
2	5	9	-1.5322854871833191	0.9372739793434253	1.0034775351231047	78357.0	3698.0	2742.0	120.0	73.0	2819.0	145.0	70.0	7359.0	3779.0	410.0	297.0	64.0	58.0	9.0
2	9	5	-443.68858566880124	1.0	0.49913512765515816	78357.0	2742.0	3698.0	120.0	73.0	2819.0	7359.0	297.0	145.0	3779.0	64.0	70.0	410.0	58.0	9.0
5	2	9	1.5375955976878357	0.06207378091693139	0.9965583700440529	78357.0	3698.0	2819.0	145.0	70.0	2742.0	120.0	73.0	7359.0	3779.0	410.0	297.0	58.0	64.0	9.0
2	6	7	-0.23005930714097017	0.5909771126412726	1.0071794871794872	73264.0	5082.0	5965.0	456.0	223.0	6606.0	463.0	216.0	1445.0	5167.0	268.0	377.0	215.0	234.0	19.0
2	7	6	-32.50409353748861	1.0	0.4982242516489092	73264.0	5965.0	5082.0	456.0	223.0	6606.0	1445.0	377.0	463.0	5167.0	215.0	216.0	268.0	234.0	19.0
6	2	7	0.23169924110226017	0.40838585622679313	0.9929718875502008	73264.0	5082.0	6606.0	463.0	216.0	5965.0	456.0	223.0	1445.0	5167.0	268.0	377.0	234.0	215.0	19.0
2	6	8	-0.3093774826242676	0.6214827326236922	1.0037470725995317	74379.0	3967.0	6129.0	329.0	186.0	6740.0	337.0	208.0	2480.0	4148.0	252.0	482.0	159.0	192.0	12.0
2	8	6	-83.1838706405997	1.0	0.4990684676292501	74379.0	6129.0	3967.0	329.0	186.0	6740.0	2480.0	482.0	337.0	4148.0	159.0	208.0	252.0	192.0	12.0
6	2	8	0.31053241489724664	0.37807812561044263	0.9962945808244558	74379.0	3967.0	6740.0	337.0	208.0	6129.0	329.0	186.0	2480.0	4148.0	252.0	482.0	192.0	159.0	12.0
2	6	9	-0.43560173604601193	0.6684371117038239	1.003934191702432	74908.0	3438.0	6191.0	312.0	141.0	6802.0	323.0	160.0	3130.0	3532.0	218.0	543.0	133.0	155.0	14.0
2	9	6	-111.59324474342347	1.0	0.49902222222222226	74908.0	6191.0	3438.0	312.0	141.0	6802.0	3130.0	543.0	323.0	3532.0	133.0	160.0	218.0	155.0	14.0
6	2	9	0.4373087610180483	0.33094375318864755	0.9961117002474372	74908.0	3438.0	6802.0	323.0	160.0	6191.0	312.0	141.0	3130.0	3532.0	218.0	543.0	155.0	133.0	14.0
2	7	8	0.6094923610043084	0.27109901602553643	0.9865319865319865	75271.0	3958.0	5237.0	357.0	167.0	7848.0	341.0	239.0	1513.0	4145.0	187.0	341.0	158.0	218.0	20.0
2	8	7	-44.03582308256116	1.0	0.5034364261168385	75271.0	5237.0	3958.0	357.0	167.0	7848.0	1513.0	341.0	341.0	4145.0	158.0	239.0	187.0	218.0	20.0
7	2	8	-0.6011716461783109	0.7261372147110674	1.0140350877192983	75271.0	3958.0	7848.0	341.0	239.0	5237.0	357.0	167.0	1513.0	4145.0	187.0	341.0	218.0	158.0	20.0
2	7	9	0.07934235228663074	0.4683800930271216	0.998898678414097	75781.0	3448.0	5318.0	319.0	124.0	7938.0	317.0	173.0	2131.0	3537.0	177.0	406.0	134.0	187.0	10.0
2	9	7	-71.88417117168726	1.0	0.5002757859900717	75781.0	5318.0	3448.0	319.0	124.0	7938.0	2131.0	406.0	317.0	3537.0	134.0	173.0	177.0	187.0	10.0
7	2	9	-0.07925487450020667	0.5315851179669	1.0011049723756906	75781.0	3448.0	7938.0	317.0	173.0	5318.0	319.0	124.0	2131.0	3537.0	177.0	406.0	187.0	134.0	10.0
2	8	9	-1.4219450326540826	0.9224788457552335	1.0578512396694215	76989.0	3519.0	4110.0	267.0	105.0	9199.0	302.0	201.0	942.0	3582.0	120.0	334.0	104.0	217.0	9.0
2	9	8	-27.423225629757304	1.0	0.4866920152091255	76989.0	4110.0	3519.0	267.0	105.0	9199.0	942.0	334.0	302.0	3582.0	104.0	201.0	120.0	217.0	9.0
8	2	9	1.4997076516273526	0.06684510362120966	0.9507042253521126	76989.0	3519.0	9199.0	302.0	201.0	4110.0	267.0	105.0	942.0	3582.0	120.0	334.0	217.0	104.0	9.0
3	4	5	0.7210981698928532	0.23542448907472757	0.020143884892086333	79937.0	2016.0	2080.0	866.0	49.0	2834.0	185.0	43.0	199.0	11176.0	156.0	39.0	173.0	242.0	5.0
3	5	4	-99999.9	1.0	-0.021439509954058193	79937.0	2080.0	2016.0	866.0	49.0	2834.0	199.0	39.0	185.0	11176.0	173.0	43.0	156.0	242.0	5.0
4	3	5	-34.355177094180945	1.0	0.4948071216617211	79937.0	2016.0	2834.0	185.0	43.0	2080.0	866.0	49.0	199.0	11176.0	156.0	39.0	242.0	173.0	5.0
3	4	6	-1.453408390727851	0.9269447585687168	1.0074752833373524	75635.0	6318.0	2676.0	210.0	109.0	2697.0	241.0	124.0	4419.0	6511.0	601.0	204.0	123.0	115.0	17.0
3	6	4	-197.33535214753297	1.0	0.49815190175271257	75635.0	2676.0	6318.0	210.0	109.0	2697.0	4419.0	204.0	241.0	6511.0	123.0	124.0	601.0	115.0	17.0
4	3	6	1.464192416604482	0.07157073038510031	0.992688679245283	75635.0	6318.0	2697.0	241.0	124.0	2676.0	210.0	109.0	4419.0	6511.0	601.0	204.0	115.0	123.0	17.0
3	4	7	-0.554193084127883	0.7102766735518333	1.002096036585366	76479.0	5474.0	2701.0	191.0	103.0	2770.0	202.0	90.0	5461.0	5532.0	538.0	246.0	90.0	106.0	17.0
3	7	4	-265.50886848672263	1.0	0.49947763320353306	76479.0	2701.0	5474.0	191.0	103.0	2770.0	5461.0	246.0	202.0	5532.0	90.0	90.0	538.0	106.0	17.0
4	3	7	0.5553522634253553	0.28932683916801794	0.9979170611626585	76479.0	5474.0	2770.0	202.0	90.0	2701.0	191.0	103.0	5461.0	5532.0	538.0	246.0	106.0	90.0	17.0
3	4	8	0.45165761258618414	0.325757853903369	0.9987714987714987	77696.0	4257.0	2757.0	161.0	77.0	2821.0	153.0	88.0	6657.0	4388.0	486.0	279.0	82.0	84.0	14.0
3	8	4	-366.7459814199822	1.0	0.5003076923076923	77696.0	2757.0	4257.0	161.0	77.0	2821.0	6657.0	279.0	153.0	4388.0	82.0	88.0	486.0	84.0	14.0
4	3	8	-0.451102068167259	0.674041981582314	1.0012330456226881	77696.0	4257.0	2821.0	153.0	88.0	2757.0	161.0	77.0	6657.0	4388.0	486.0	279.0	84.0	82.0	14.0
3	4	9	-1.143819460934844	0.873650686025988	1.0026377898098016	78236.0	3717.0	2798.0	128.0	69.0	2856.0	147.0	59.0	7369.0	3752.0	410.0	315.0	66.0	66.0	12.0
3	9	4	-435.9156166646951	1.0	0.499343151490009	78236.0	2798.0	3717.0	128.0	69.0	2856.0	7369.0	315.0	147.0	3752.0	66.0	59.0	410.0	66.0	12.0
4	3	9	1.1468286785695383	0.12572627296819272	0.9973829201101928	78236.0	3717.0	2856.0	147.0	59.0	2798.0	128.0	69.0	7369.0	3752.0	410.0	315.0	66.0	66.0	12.0
3	5	6	-1.3722500208014603	0.9150071310787654	1.00700991056321	75691.0	6326.0	2620.0	207.0	104.0	2715.0	236.0	121.0	4402.0	6528.0	604.0	203.0	111.0	118.0	14.0
3	6	5	-198.50306335386648	1.0	0.49826575768448755	75691.0	2620.0	6326.0	207.0	104.0	2715.0	4402.0	203.0	236.0	6528.0	111.0	121.0	604.0	118.0	14.0
5	3	6	1.3818024093284027	0.08351624755302867	0.9931344696969697	75691.0	6326.0	2715.0	236.0	121.0	2620.0	207.0	104.0	4402.0	6528.0	604.0	203.0	118.0	111.0	14.0
3	5	7	0.6005673190894755	0.274064057051304	0.9977255496588324	76548.0	5469.0	2632.0	206.0	93.0	2787.0	194.0	91.0	5458.0	5529.0	547.0	232.0	101.0	101.0	12.0
3	7	5	-262.84829665482687	1.0	0.500570559147965	76548.0	2632.0	5469.0	206.0	93.0	2787.0	5458.0	232.0	194.0	5529.0	101.0	91.0	547.0	101.0	12.0
5	3	7	-0.5991982446538611	0.7254797011122178	1.002290076335878	76548.0	5469.0	2787.0	194.0	91.0	2632.0	206.0	93.0	5458.0	5529.0	547.0	232.0	101.0	101.0	12.0
3	5	8	0.28921656140040997	0.38620789637088004	0.9992314786351061	77748.0	4269.0	2705.0	152.0	74.0	2839.0	147.0	86.0	6648.0	4397.0	489.0	270.0	79.0	81.0	16.0
3	8	5	-375.7501565714115	1.0	0.5001923520812496	77748.0	2705.0	4269.0	152.0	74.0	2839.0	6648.0	270.0	147.0	4397.0	79.0	86.0	489.0	81.0	16.0
5	3	8	-0.28899412134395686	0.613706995059143	1.0007702973347712	77748.0	4269.0	2839.0	147.0	86.0	2705.0	152.0	74.0	6648.0	4397.0	489.0	270.0	81.0	79.0	16.0
3	5	9	-0.5523931798798005	0.7096605270007077	1.0012486126526081	78305.0	3712.0	2729.0	128.0	74.0	2871.0	137.0	64.0	7354.0	3768.0	412.0	315.0	60.0	61.0	10.0
3	9	5	-443.51034642349225	1.0	0.4996884303814997	78305.0	2729.0	3712.0	128.0	74.0	2871.0	7354.0	315.0	137.0	3768.0	60.0	64.0	412.0	61.0	10.0
5	3	9	0.5530820448678729	0.29010358698740624	0.9987560469937803	78305.0	3712.0	2871.0	137.0	64.0	2729.0	128.0	74.0	7354.0	3768.0	412.0	315.0	61.0	60.0	10.0
3	6	7	-0.1308930284710554	0.5520700690299267	1.0040201005025127	73227.0	5084.0	5953.0	463.0	221.0	6643.0	467.0	210.0	1466.0	5140.0	269.0	368.0	217.0	254.0	18.0
3	7	6	-32.821426889117056	1.0	0.49900099900099903	73227.0	5953.0	5084.0	463.0	221.0	6643.0	1466.0	368.0	467.0	5140.0	217.0	210.0	269.0	254.0	18.0
6	3	7	0.13141712468114974	0.4477226378643785	0.9960278053624627	73227.0	5084.0	6643.0	467.0	210.0	5953.0	463.0	221.0	1466.0	5140.0	269.0	368.0	254.0	217.0	18.0
3	6	8	0.2674697615053484	0.3945538081903832	0.9967771639042358	74341.0	3970.0	6112.0	347.0	178.0	6778.0	340.0	202.0	2505.0	4117.0	253.0	474.0	166.0	205.0	12.0
3	8	6	-82.45710647550628	1.0	0.5008096229470275	74341.0	6112.0	3970.0	347.0	178.0	6778.0	2505.0	474.0	340.0	4117.0	166.0	202.0	253.0	205.0	12.0
6	3	8	-0.2666049632002503	0.6051132717384298	1.00325430032543	74341.0	3970.0	6778.0	340.0	202.0	6112.0	347.0	178.0	2505.0	4117.0	253.0	474.0	205.0	166.0	12.0
3	6	9	0.2750862876244495	0.39162503694911377	0.9975238769013088	74867.0	3444.0	6167.0	328.0	142.0	6843.0	321.0	156.0	3141.0	3514.0	220.0	556.0	130.0	157.0	14.0
3	9	6	-110.54538958393988	1.0	0.500621338540742	74867.0	6167.0	3444.0	328.0	142.0	6843.0	3141.0	556.0	321.0	3514.0	130.0	156.0	220.0	157.0	14.0
6	3	9	-0.27440344932183564	0.608112640077038	1.0024946543121882	74867.0	3444.0	6843.0	321.0	156.0	6167.0	328.0	142.0	3141.0	3514.0	220.0	556.0	157.0	130.0	14.0
3	7	8	0.7885956086177753	0.215174136853441	0.982367758186398	75221.0	3959.0	5232.0	371.0	165.0	7898.0	350.0	229.0	1520.0	4115.0	189.0	339.0	158.0	234.0	20.0
3	8	7	-43.14744544294395	1.0	0.5045278137128072	75221.0	5232.0	3959.0	371.0	165.0	7898.0	1520.0	339.0	350.0	4115.0	158.0	229.0	189.0	234.0	20.0
7	3	8	-0.7744413284630973	0.78066513903188	1.0186170212765957	75221.0	3959.0	7898.0	350.0	229.0	5232.0	371.0	165.0	1520.0	4115.0	189.0	339.0	234.0	158.0	20.0
3	7	9	0.7528994650118478	0.2257550972007274	0.9896570495372891	75722.0	3458.0	5312.0	331.0	125.0	7997.0	312.0	168.0	2130.0	3518.0	176.0	413.0	135.0	194.0	9.0
3	9	7	-71.28769145033232	1.0	0.5026264860381532	75722.0	5312.0	3458.0	331.0	125.0	7997.0	2130.0	413.0	312.0	3518.0	135.0	168.0	176.0	194.0	9.0
7	3	9	-0.7450308787438472	0.7718735418485826	1.0106741573033708	75722.0	3458.0	7997.0	312.0	168.0	5312.0	331.0	125.0	2130.0	3518.0	176.0	413.0	194.0	135.0	9.0
3	8	9	-0.6554676684290417	0.743916715314666	1.0257648953301126	76926.0	3527.0	4108.0	282.0	105.0	9262.0	298.0	197.0	935.0	3565.0	123.0	343.0	102.0	219.0	8.0
3	9	8	-26.751274217760265	1.0	0.4937984496124031	76926.0	4108.0	3527.0	282.0	105.0	9262.0	935.0	343.0	298.0	3565.0	102.0	197.0	123.0	219.0	8.0
8	3	9	0.6719315345120318	0.25081357571279583	0.976083707025411	76926.0	3527.0	9262.0	298.0	197.0	4108.0	282.0	105.0	935.0	3565.0	123.0	343.0	219.0	102.0	8.0
4	5	6	0.4807349771747432	0.3153524432946234	0.9981636400734544	76336.0	6435.0	1996.0	180.0	68.0	2070.0	171.0	77.0	5063.0	6568.0	653.0	166.0	97.0	105.0	15.0
4	6	5	-260.82543261603024	1.0	0.500460358056266	76336.0	1996.0	6435.0	180.0	68.0	2070.0	5063.0	166.0	171.0	6568.0	97.0	77.0	653.0	105.0	15.0
5	4	6	-0.4798505506018542	0.684333158016328	1.0018465326220762	76336.0	6435.0	2070.0	171.0	77.0	1996.0	180.0	68.0	5063.0	6568.0	653.0	166.0	105.0	97.0	15.0
4	5	7	1.4743868721759563	0.07018876535283447	0.9956681106297901	77247.0	5524.0	2002.0	169.0	73.0	2088.0	143.0	87.0	6119.0	5592.0	573.0	201.0	94.0	75.0	13.0
4	7	5	-337.4077649787292	1.0	0.5010900553412712	77247.0	2002.0	5524.0	169.0	73.0	2088.0	6119.0	201.0	143.0	5592.0	94.0	87.0	573.0	75.0	13.0
5	4	7	-1.4679722037227139	0.9289440747188191	1.0043889264010804	77247.0	5524.0	2088.0	143.0	87.0	2002.0	169.0	73.0	6119.0	5592.0	573.0	201.0	75.0	94.0	13.0
4	5	8	-0.1956150087356268	0.5775442225466645	1.0004166666666667	78452.0	4319.0	2065.0	116.0	63.0	2135.0	119.0	64.0	7322.0	4446.0	516.0	236.0	68.0	68.0	11.0
4	8	5	-469.86725098297586	1.0	0.4998958983968353	78452.0	2065.0	4319.0	116.0	63.0	2135.0	7322.0	236.0	119.0	4446.0	68.0	64.0	516.0	68.0	11.0
5	4	8	0.19569648104247211	0.42242389097396016	0.9995838535164377	78452.0	4319.0	2135.0	119.0	64.0	2065.0	116.0	63.0	7322.0	4446.0	516.0	236.0	68.0	68.0	11.0
4	5	9	0.5575094330971632	0.2885896774136568	0.9989957318604067	79012.0	3759.0	2080.0	107.0	57.0	2164.0	99.0	55.0	8057.0	3791.0	436.0	261.0	56.0	59.0	7.0
4	9	5	-554.024999140303	1.0	0.5002514458134273	79012.0	2080.0	3759.0	107.0	57.0	2164.0	8057.0	261.0	99.0	3791.0	56.0	55.0	436.0	59.0	7.0
5	4	9	-0.5569489812920895	0.7112188865260074	1.001007302946361	79012.0	3759.0	2164.0	99.0	55.0	2080.0	107.0	57.0	8057.0	3791.0	436.0	261.0	59.0	56.0	7.0
4	6	7	0.22826607691775658	0.4097197413742437	0.9928205128205129	73268.0	5064.0	5981.0	477.0	225.0	6602.0	470.0	227.0	1438.0	5138.0	260.0	368.0	221.0	242.0	19.0
4	7	6	-31.337671416851727	1.0	0.5018144116122344	73268.0	5981.0	5064.0	477.0	225.0	6602.0	1438.0	368.0	470.0	5138.0	221.0	227.0	260.0	242.0	19.0
6	4	7	-0.22661539247723558	0.5896385460604535	1.0073375262054507	73268.0	5064.0	6602.0	470.0	227.0	5981.0	477.0	225.0	1438.0	5138.0	260.0	368.0	242.0	221.0	19.0
4	6	8	-0.07544386038387436	0.5300692866501091	1.0009465215333648	74372.0	3960.0	6145.0	350.0	188.0	6747.0	352.0	200.0	2467.0	4119.0	250.0	479.0	162.0	200.0	9.0
4	8	6	-79.8573262163308	1.0	0.4997637051039698	74372.0	6145.0	3960.0	350.0	188.0	6747.0	2467.0	479.0	352.0	4119.0	162.0	200.0	250.0	200.0	9.0
6	4	8	0.07551520209582128	0.4699023331011789	0.999056158565361	74372.0	3960.0	6747.0	352.0	200.0	6145.0	350.0	188.0	2467.0	4119.0	250.0	479.0	200.0	162.0	9.0
4	6	9	1.0007943483945068	0.15846313142329704	0.9912033779028853	74881.0	3451.0	6211.0	327.0	145.0	6829.0	302.0	168.0	3119.0	3508.0	209.0	534.0	136.0	164.0	16.0
4	9	6	-111.76871282869861	1.0	0.5022285612408629	74881.0	6211.0	3451.0	327.0	145.0	6829.0	3119.0	534.0	302.0	3508.0	136.0	168.0	209.0	164.0	16.0
6	4	9	-0.99191260941337	0.8393799144824355	1.0090350560173473	74881.0	3451.0	6829.0	302.0	168.0	6211.0	327.0	145.0	3119.0	3508.0	209.0	534.0	164.0	136.0	16.0
4	7	8	0.7843291060610027	0.21642344939787206	0.9821882951653944	75294.0	3955.0	5223.0	375.0	168.0	7825.0	354.0	229.0	1512.0	4126.0	191.0	356.0	153.0	219.0	20.0
4	8	7	-42.46581874244579	1.0	0.5045751633986928	75294.0	5223.0	3955.0	375.0	168.0	7825.0	1512.0	356.0	354.0	4126.0	153.0	229.0	191.0	219.0	20.0
7	4	8	-0.7701055212360624	0.7793814149164018	1.0188172043010753	75294.0	3955.0	7825.0	354.0	229.0	5223.0	375.0	168.0	1512.0	4126.0	191.0	356.0	219.0	153.0	20.0
4	7	9	1.6161972232221982	0.05302583415901585	0.9787007454739084	75785.0	3464.0	5307.0	332.0	127.0	7934.0	292.0	182.0	2130.0	3524.0	175.0	418.0	130.0	187.0	13.0
4	9	7	-72.64806518383773	1.0	0.5055005500550055	75785.0	5307.0	3464.0	332.0	127.0	7934.0	2130.0	418.0	292.0	3524.0	130.0	182.0	175.0	187.0	13.0
7	4	9	-1.5810242695068073	0.9430637502493722	1.0227531285551763	75785.0	3464.0	7934.0	292.0	182.0	5307.0	332.0	127.0	2130.0	3524.0	175.0	418.0	187.0	130.0	13.0
4	8	9	0.24891919119153624	0.4017116995270952	0.9911373707533235	76996.0	3521.0	4096.0	296.0	106.0	9192.0	290.0	211.0	961.0	3551.0	121.0	329.0	105.0	219.0	6.0
4	9	8	-27.588543690395394	1.0	0.5022455089820359	76996.0	4096.0	3521.0	296.0	106.0	9192.0	961.0	329.0	290.0	3551.0	105.0	211.0	121.0	219.0	6.0
8	4	9	-0.2466933862032364	0.5974271837694174	1.0091047040971168	76996.0	3521.0	9192.0	290.0	211.0	4096.0	296.0	106.0	961.0	3551.0	121.0	329.0	219.0	105.0	6.0
5	6	7	-0.48246728031783515	0.685262973757131	1.0158061116965227	73346.0	5060.0	5989.0	468.0	226.0	6524.0	483.0	218.0	1447.0	5138.0	268.0	351.0	215.0	251.0	16.0
5	7	6	-31.489031162077374	1.0	0.4961399897066392	73346.0	5989.0	5060.0	468.0	226.0	6524.0	1447.0	351.0	483.0	5138.0	215.0	218.0	268.0	251.0	16.0
6	5	7	0.48997455127713757	0.31207595750265615	0.9849094567404426	73346.0	5060.0	6524.0	483.0	218.0	5989.0	468.0	226.0	1447.0	5138.0	268.0	351.0	251.0	215.0	16.0
5	6	8	0.1138677492343491	0.4546712682507721	0.9985928705440901	74435.0	3971.0	6152.0	349.0	182.0	6684.0	346.0	195.0	2475.0	4122.0	256.0	464.0	162.0	198.0	9.0
5	8	6	-80.69427829074189	1.0	0.5003525264394829	74435.0	6152.0	3971.0	349.0	182.0	6684.0	2475.0	464.0	346.0	4122.0	162.0	195.0	256.0	198.0	9.0
6	5	8	-0.11370729679296675	0.5452651336643358	1.0014130946773434	74435.0	3971.0	6684.0	346.0	195.0	6152.0	349.0	182.0	2475.0	4122.0	256.0	464.0	198.0	162.0	9.0
5	6	9	0.6381124295776553	0.26170018843076404	0.9943382873319179	74959.0	3447.0	6217.0	324.0	142.0	6751.0	308.0	166.0	3118.0	3517.0	218.0	529.0	132.0	158.0	14.0
5	9	6	-111.43038301499784	1.0	0.5014275517487509	74959.0	6217.0	3447.0	324.0	142.0	6751.0	3118.0	529.0	308.0	3517.0	132.0	166.0	218.0	158.0	14.0
6	5	9	-0.6344790491957185	0.7371159409792809	1.005759539236861	74959.0	3447.0	6751.0	308.0	166.0	6217.0	324.0	142.0	3118.0	3517.0	218.0	529.0	158.0	132.0	14.0
5	7	8	0.6719275666990975	0.2508148387664173	0.9848612279226241	75373.0	3962.0	5214.0	373.0	167.0	7746.0	355.0	221.0	1526.0	4118.0	192.0	351.0	157.0	229.0	16.0
5	8	7	-43.04069357800328	1.0	0.5038726333907056	75373.0	5214.0	3962.0	373.0	167.0	7746.0	1526.0	351.0	355.0	4118.0	157.0	221.0	192.0	229.0	16.0
7	5	8	-0.6615990473134582	0.745885955403931	1.0158590308370044	75373.0	3962.0	7746.0	355.0	221.0	5214.0	373.0	167.0	1526.0	4118.0	192.0	351.0	229.0	157.0	16.0
5	7	9	1.132162309848184	0.12878315393728668	0.984994640943194	75870.0	3465.0	5306.0	324.0	124.0	7849.0	296.0	177.0	2134.0	3527.0	175.0	415.0	134.0	192.0	12.0
5	9	7	-73.18620645804324	1.0	0.5038377192982457	75870.0	5306.0	3465.0	324.0	124.0	7849.0	2134.0	415.0	296.0	3527.0	134.0	177.0	175.0	192.0	12.0
7	5	9	-1.1149150058896697	0.86755652882127	1.015712682379349	75870.0	3465.0	7849.0	296.0	177.0	5306.0	324.0	124.0	2134.0	3527.0	175.0	415.0	192.0	134.0	12.0
5	8	9	0.0	0.49999999949999996	nan	77063.0	3524.0	4113.0	286.0	103.0	9125.0	286.0	212.0	945.0	3564.0	121.0	328.0	107.0	216.0	7.0
5	9	8	-27.551765963834725	1.0	0.5	77063.0	4113.0	3524.0	286.0	103.0	9125.0	945.0	328.0	286.0	3564.0	107.0	212.0	121.0	216.0	7.0
8	5	9	0.0	0.49999999949999996	nan	77063.0	3524.0	9125.0	286.0	212.0	4113.0	286.0	103.0	945.0	3564.0	121.0	328.0	216.0	107.0	7.0
6	7	8	0.41151714458395533	0.34034673049197106	0.9905741216795202	75893.0	3977.0	5226.0	366.0	169.0	7226.0	355.0	206.0	1511.0	4152.0	194.0	354.0	162.0	202.0	7.0
6	8	7	-42.835193686239016	1.0	0.5023902651021295	75893.0	5226.0	3977.0	366.0	169.0	7226.0	1511.0	354.0	355.0	4152.0	162.0	206.0	194.0	202.0	7.0
7	6	8	-0.40760132400400423	0.6582167579203353	1.009700176366843	75893.0	3977.0	7226.0	355.0	206.0	5226.0	366.0	169.0	1511.0	4152.0	194.0	354.0	202.0	162.0	7.0
6	7	9	0.5642533277343829	0.28629083629970076	0.9924201407688142	76398.0	3472.0	5312.0	317.0	132.0	7321.0	303.0	163.0	2136.0	3556.0	165.0	407.0	140.0	170.0	8.0
6	9	7	-73.3126287963459	1.0	0.5019167579408542	76398.0	5312.0	3472.0	317.0	132.0	7321.0	2136.0	407.0	303.0	3556.0	140.0	163.0	165.0	170.0	8.0
7	6	9	-0.5599437005721999	0.7122411117989103	1.0077562326869807	76398.0	3472.0	7321.0	303.0	163.0	5312.0	317.0	132.0	2136.0	3556.0	165.0	407.0	170.0	140.0	8.0
6	8	9	-0.8591133550393943	0.8048610536762149	1.0330188679245282	77579.0	3540.0	4131.0	278.0	103.0	8609.0	299.0	183.0	956.0	3592.0	121.0	299.0	108.0	196.0	6.0
6	9	8	-27.73708831984329	1.0	0.4921348314606741	77579.0	4131.0	3540.0	278.0	103.0	8609.0	956.0	299.0	299.0	3592.0	108.0	183.0	121.0	196.0	6.0
8	6	9	0.8865735992643977	0.18765422231230178	0.9699570815450643	77579.0	3540.0	8609.0	299.0	183.0	4131.0	278.0	103.0	956.0	3592.0	121.0	299.0	196.0	108.0	6.0
7	8	9	-1.459266952468938	0.9277541354231467	1.0518053375196232	79504.0	3615.0	4215.0	225.0	98.0	6684.0	258.0	149.0	928.0	3671.0	121.0	243.0	114.0	170.0	5.0
7	9	8	-31.086808108656452	1.0	0.4879825200291332	79504.0	4215.0	3615.0	225.0	98.0	6684.0	928.0	243.0	258.0	3671.0	114.0	149.0	121.0	170.0	5.0
8	7	9	1.531141294903975	0.06286725849141495	0.9551630434782609	79504.0	3615.0	6684.0	258.0	149.0	4215.0	225.0	98.0	928.0	3671.0	121.0	243.0	170.0	114.0	5.0
