P1	Hybrid	P2	Zscore	Pvalue	Gamma	AAAA	AAAB	AABA	AABB	AABC	ABAA	ABAB	ABAC	ABBA	BAAA	ABBC	CABC	BACA	BCAA	ABCD
1	2	3	1.1622385495733798	0.12256934897521532	0.01616161616161616	22212.0	866.0	824.0	1062.0	53.0	2575.0	88.0	59.0	104.0	1835.0	33.0	57.0	34.0	193.0	5.0
1	3	2	-99999.9	1.0	-0.01698513800424628	22212.0	824.0	866.0	1062.0	53.0	2575.0	104.0	57.0	88.0	1835.0	34.0	59.0	33.0	193.0	5.0
2	1	3	-69.58903315570613	1.0	0.49585921325051757	22212.0	866.0	2575.0	88.0	59.0	824.0	1062.0	53.0	104.0	1835.0	33.0	57.0	193.0	34.0	5.0
1	2	4	1.804193659855442	0.035600423374737455	0.02395209580838323	22250.0	828.0	839.0	1056.0	44.0	2586.0	78.0	58.0	102.0	1835.0	35.0	60.0	36.0	192.0	1.0
1	4	2	-99999.9	1.0	-0.025806451612903226	22250.0	839.0	828.0	1056.0	44.0	2586.0	102.0	60.0	78.0	1835.0	36.0	58.0	35.0	192.0	1.0
2	1	4	-71.71669797925381	1.0	0.4937888198757764	22250.0	828.0	2586.0	78.0	58.0	839.0	1056.0	44.0	102.0	1835.0	35.0	60.0	192.0	36.0	1.0
1	2	5	0.28488096676418506	0.3878677352722467	0.9768518518518519	21533.0	1545.0	1714.0	160.0	65.0	2462.0	155.0	105.0	366.0	1526.0	80.0	124.0	72.0	88.0	5.0
1	5	2	-11.737095830684433	1.0	0.5059952038369305	21533.0	1714.0	1545.0	160.0	65.0	2462.0	366.0	124.0	155.0	1526.0	72.0	105.0	80.0	88.0	5.0
2	1	5	-0.2781302329546072	0.6095437411752967	1.0248756218905473	21533.0	1545.0	2462.0	155.0	105.0	1714.0	160.0	65.0	366.0	1526.0	80.0	124.0	88.0	72.0	5.0
1	2	6	0.9498404885116818	0.1710966448353547	0.9745762711864406	21790.0	1288.0	1722.0	135.0	82.0	2534.0	120.0	68.0	695.0	1215.0	62.0	151.0	57.0	71.0	10.0
1	6	2	-35.46071157110275	1.0	0.5066079295154184	21790.0	1722.0	1288.0	135.0	82.0	2534.0	695.0	151.0	120.0	1215.0	57.0	68.0	62.0	71.0	10.0
2	1	6	-0.9250620409852899	0.8225332013152686	1.0275229357798166	21790.0	1288.0	2534.0	120.0	68.0	1722.0	135.0	82.0	695.0	1215.0	62.0	151.0	71.0	57.0	10.0
1	2	7	0.6891246670332724	0.24537234100964356	0.9818181818181818	21859.0	1219.0	1758.0	135.0	46.0	2505.0	124.0	93.0	718.0	1198.0	56.0	157.0	57.0	67.0	8.0
1	7	2	-36.523607352763385	1.0	0.5046728971962616	21859.0	1758.0	1219.0	135.0	46.0	2505.0	718.0	157.0	124.0	1198.0	57.0	93.0	56.0	67.0	8.0
2	1	7	-0.676363099125249	0.7505949968874208	1.0192307692307692	21859.0	1219.0	2505.0	124.0	93.0	1758.0	135.0	46.0	718.0	1198.0	56.0	157.0	67.0	57.0	8.0
1	2	8	0.0	0.49999999949999996	nan	22165.0	913.0	1796.0	104.0	39.0	2541.0	104.0	77.0	998.0	914.0	60.0	184.0	51.0	49.0	5.0
1	8	2	-61.972851398234695	1.0	0.5	22165.0	1796.0	913.0	104.0	39.0	2541.0	998.0	184.0	104.0	914.0	51.0	77.0	60.0	49.0	5.0
2	1	8	0.0	0.49999999949999996	nan	22165.0	913.0	2541.0	104.0	77.0	1796.0	104.0	39.0	998.0	914.0	60.0	184.0	49.0	51.0	5.0
1	2	9	-0.8674906574987968	0.8071634265923109	1.002804262478968	22934.0	144.0	1919.0	14.0	6.0	2692.0	19.0	11.0	1807.0	153.0	12.0	272.0	8.0	8.0	1.0
1	9	2	-311.08214977906863	1.0	0.4993018709857582	22934.0	1919.0	144.0	14.0	6.0	2692.0	1807.0	272.0	19.0	153.0	8.0	11.0	12.0	8.0	1.0
2	1	9	0.8699165262278203	0.19217297167075786	0.9972191323692993	22934.0	144.0	2692.0	19.0	11.0	1919.0	14.0	6.0	1807.0	153.0	12.0	272.0	8.0	8.0	1.0
1	3	4	0.8640216670558812	0.19378795205519395	0.005287508261731659	22685.0	351.0	404.0	1544.0	33.0	2675.0	39.0	22.0	47.0	1893.0	17.0	26.0	17.0	244.0	3.0
1	4	3	-99999.9	1.0	-0.005372733378106112	22685.0	404.0	351.0	1544.0	33.0	2675.0	47.0	26.0	39.0	1893.0	17.0	22.0	17.0	244.0	3.0
3	1	4	-161.68005444783137	1.0	0.49866755496335774	22685.0	351.0	2675.0	39.0	22.0	404.0	1544.0	33.0	47.0	1893.0	17.0	26.0	244.0	17.0	3.0
1	3	5	0.28508977264986424	0.3877877487884043	0.9753694581280788	21490.0	1546.0	1757.0	160.0	64.0	2478.0	155.0	103.0	353.0	1524.0	80.0	121.0	74.0	89.0	6.0
1	5	3	-11.004465224284766	1.0	0.5063938618925832	21490.0	1757.0	1546.0	160.0	64.0	2478.0	353.0	121.0	155.0	1524.0	74.0	103.0	80.0	89.0	6.0
3	1	5	-0.2778905359667868	0.6094517409047824	1.0265957446808511	21490.0	1546.0	2478.0	155.0	103.0	1757.0	160.0	64.0	353.0	1524.0	80.0	121.0	89.0	74.0	6.0
1	3	6	0.8158629975382333	0.20728919246157496	0.9776247848537005	21746.0	1290.0	1766.0	136.0	79.0	2545.0	123.0	68.0	691.0	1203.0	63.0	144.0	66.0	70.0	10.0
1	6	3	-34.831074125670725	1.0	0.5057880676758681	21746.0	1766.0	1290.0	136.0	79.0	2545.0	691.0	144.0	123.0	1203.0	66.0	68.0	63.0	70.0	10.0
3	1	6	-0.7971900768199287	0.7873297364704455	1.0239852398523985	21746.0	1290.0	2545.0	123.0	68.0	1766.0	136.0	79.0	691.0	1203.0	63.0	144.0	70.0	66.0	10.0
1	3	7	1.303870689438293	0.0961389053081525	0.9656301145662848	21834.0	1202.0	1783.0	144.0	54.0	2518.0	123.0	95.0	713.0	1187.0	57.0	149.0	69.0	65.0	7.0
1	7	3	-35.3286867757328	1.0	0.5090595340811044	21834.0	1783.0	1202.0	144.0	54.0	2518.0	713.0	149.0	123.0	1187.0	69.0	95.0	57.0	65.0	7.0
3	1	7	-1.2574617326955742	0.8957066875337791	1.0383211678832116	21834.0	1202.0	2518.0	123.0	95.0	1783.0	144.0	54.0	713.0	1187.0	57.0	149.0	65.0	69.0	7.0
1	3	8	1.0448284803797059	0.1480511512178101	0.9832589285714286	22131.0	905.0	1830.0	112.0	39.0	2563.0	97.0	76.0	978.0	921.0	58.0	182.0	51.0	51.0	6.0
1	8	3	-60.32143093392167	1.0	0.5042930738408701	22131.0	1830.0	905.0	112.0	39.0	2563.0	978.0	182.0	97.0	921.0	51.0	76.0	58.0	51.0	6.0
3	1	8	-1.0270391191927641	0.8477989578289304	1.0176263219741482	22131.0	905.0	2563.0	97.0	76.0	1830.0	112.0	39.0	978.0	921.0	58.0	182.0	51.0	51.0	6.0
1	3	9	-0.9963673831408332	0.8404641541344322	1.0033898305084745	22891.0	145.0	1962.0	15.0	4.0	2702.0	21.0	13.0	1797.0	151.0	9.0	272.0	8.0	9.0	1.0
1	9	3	-295.9211127928275	1.0	0.4991568296795953	22891.0	1962.0	145.0	15.0	4.0	2702.0	1797.0	272.0	21.0	151.0	8.0	13.0	9.0	9.0	1.0
3	1	9	0.9997334891649576	0.15871976014248768	0.9966442953020134	22891.0	145.0	2702.0	21.0	13.0	1962.0	15.0	4.0	1797.0	151.0	9.0	272.0	9.0	8.0	1.0
1	4	5	0.11380544044568931	0.45469596527292255	0.9894179894179894	21547.0	1542.0	1700.0	157.0	71.0	2493.0	155.0	100.0	342.0	1527.0	80.0	117.0	71.0	92.0	6.0
1	5	4	-10.527003241226325	1.0	0.5026881720430108	21547.0	1700.0	1542.0	157.0	71.0	2493.0	342.0	117.0	155.0	1527.0	71.0	100.0	80.0	92.0	6.0
4	1	5	-0.11258826995963918	0.5448215559506722	1.010928961748634	21547.0	1542.0	2493.0	155.0	100.0	1700.0	157.0	71.0	342.0	1527.0	80.0	117.0	92.0	71.0	6.0
1	4	6	0.6375352457601117	0.2618880702957984	0.9823008849557522	21790.0	1299.0	1722.0	130.0	76.0	2562.0	120.0	66.0	675.0	1212.0	62.0	143.0	60.0	73.0	10.0
1	6	4	-34.74567089392601	1.0	0.5045454545454545	21790.0	1722.0	1299.0	130.0	76.0	2562.0	675.0	143.0	120.0	1212.0	60.0	66.0	62.0	73.0	10.0
4	1	6	-0.6260481242148844	0.7343583680838672	1.0186915887850467	21790.0	1299.0	2562.0	120.0	66.0	1722.0	130.0	76.0	675.0	1212.0	62.0	143.0	73.0	60.0	10.0
1	4	7	0.9611943918881003	0.16822721245524663	0.9745331069609507	21868.0	1221.0	1749.0	132.0	47.0	2536.0	117.0	95.0	691.0	1202.0	56.0	153.0	60.0	66.0	7.0
1	7	4	-35.82051100436315	1.0	0.5066195939982349	21868.0	1749.0	1221.0	132.0	47.0	2536.0	691.0	153.0	117.0	1202.0	60.0	95.0	56.0	66.0	7.0
4	1	7	-0.9360760715425924	0.8253830042784709	1.0275735294117647	21868.0	1221.0	2536.0	117.0	95.0	1749.0	132.0	47.0	691.0	1202.0	56.0	153.0	66.0	60.0	7.0
1	4	8	1.5327549893610302	0.06266813742665667	0.9753086419753086	22181.0	908.0	1780.0	116.0	32.0	2577.0	94.0	77.0	963.0	928.0	58.0	183.0	47.0	51.0	5.0
1	8	4	-59.01106709039965	1.0	0.5064102564102564	22181.0	1780.0	908.0	116.0	32.0	2577.0	963.0	183.0	94.0	928.0	47.0	77.0	58.0	51.0	5.0
4	1	8	-1.4939510655797383	0.9324057636493956	1.0266666666666666	22181.0	908.0	2577.0	94.0	77.0	1780.0	116.0	32.0	963.0	928.0	58.0	183.0	51.0	47.0	5.0
1	4	9	-0.8424120991293629	0.8002213874213491	1.0028441410693971	22943.0	146.0	1910.0	15.0	3.0	2716.0	20.0	12.0	1783.0	155.0	11.0	272.0	5.0	8.0	1.0
1	9	4	-297.8769182521429	1.0	0.4992919852732937	22943.0	1910.0	146.0	15.0	3.0	2716.0	1783.0	272.0	20.0	155.0	5.0	12.0	11.0	8.0	1.0
4	1	9	0.8448012429158898	0.19911086212107432	0.9971799210377891	22943.0	146.0	2716.0	20.0	12.0	1910.0	15.0	3.0	1783.0	155.0	11.0	272.0	8.0	5.0	1.0
1	5	6	2.6283818256254006	0.004289646671461922	0.8970588235294118	21955.0	1292.0	1557.0	158.0	55.0	2764.0	116.0	72.0	482.0	1220.0	51.0	134.0	56.0	82.0	6.0
1	6	5	-20.276088369110234	1.0	0.5304347826086956	21955.0	1557.0	1292.0	158.0	55.0	2764.0	482.0	134.0	116.0	1220.0	56.0	72.0	51.0	82.0	6.0
5	1	6	-2.3267642390782237	0.9900111144570559	1.148936170212766	21955.0	1292.0	2764.0	116.0	72.0	1557.0	158.0	55.0	482.0	1220.0	51.0	134.0	82.0	56.0	6.0
1	5	7	0.7574229290945602	0.2243981945817597	0.9696202531645569	22026.0	1221.0	1591.0	135.0	44.0	2735.0	123.0	94.0	506.0	1197.0	50.0	139.0	59.0	74.0	6.0
1	7	5	-23.416992224506807	1.0	0.5079575596816975	22026.0	1591.0	1221.0	135.0	44.0	2735.0	506.0	139.0	123.0	1197.0	59.0	94.0	50.0	74.0	6.0
5	1	7	-0.733691662386637	0.7684317284696971	1.033426183844011	22026.0	1221.0	2735.0	123.0	94.0	1591.0	135.0	44.0	506.0	1197.0	50.0	139.0	74.0	59.0	6.0
1	5	8	-0.41006964732284235	0.6591225262901532	1.0088626292466765	22336.0	911.0	1625.0	103.0	42.0	2764.0	109.0	79.0	792.0	912.0	49.0	167.0	48.0	60.0	3.0
1	8	5	-47.089664500906494	1.0	0.4978134110787172	22336.0	1625.0	911.0	103.0	42.0	2764.0	792.0	167.0	109.0	912.0	48.0	79.0	49.0	60.0	3.0
5	1	8	0.4136720161133798	0.3395572052700544	0.9913669064748202	22336.0	911.0	2764.0	109.0	79.0	1625.0	103.0	42.0	792.0	912.0	49.0	167.0	60.0	48.0	3.0
1	5	9	-2.3780810909697885	0.9912985124123803	1.0090032154340836	23099.0	148.0	1754.0	10.0	6.0	2918.0	24.0	10.0	1593.0	148.0	12.0	260.0	8.0	8.0	2.0
1	9	5	-268.89302621465646	1.0	0.4977791878172589	23099.0	1754.0	148.0	10.0	6.0	2918.0	1593.0	260.0	24.0	148.0	8.0	10.0	12.0	8.0	2.0
5	1	9	2.3993004251148347	0.00821320885310084	0.9912335629304947	23099.0	148.0	2918.0	24.0	10.0	1754.0	10.0	6.0	1593.0	148.0	12.0	260.0	8.0	8.0	2.0
1	6	7	-0.2892760794423533	0.613814875107582	2.75	22288.0	1224.0	1329.0	137.0	39.0	3127.0	144.0	109.0	155.0	1202.0	35.0	98.0	33.0	78.0	2.0
1	7	6	-0.7438527757089098	0.7715172945339208	0.37931034482758624	22288.0	1329.0	1224.0	137.0	39.0	3127.0	155.0	98.0	144.0	1202.0	33.0	109.0	35.0	78.0	2.0
6	1	7	0.47336085726930477	0.31797788838341356	0.72	22288.0	1224.0	3127.0	144.0	109.0	1329.0	137.0	39.0	155.0	1202.0	35.0	98.0	78.0	33.0	2.0
1	6	8	-0.46096620669061855	0.6775885552356211	1.0230263157894737	22598.0	914.0	1363.0	109.0	33.0	3175.0	116.0	89.0	427.0	926.0	39.0	121.0	27.0	61.0	2.0
1	8	6	-20.94103624680236	1.0	0.49443561208267095	22598.0	1363.0	914.0	109.0	33.0	3175.0	427.0	121.0	116.0	926.0	27.0	89.0	39.0	61.0	2.0
6	1	8	0.4713416518572884	0.31869840202358124	0.9784615384615385	22598.0	914.0	3175.0	116.0	89.0	1363.0	109.0	33.0	427.0	926.0	39.0	121.0	61.0	27.0	2.0
1	6	9	-0.8667275887938424	0.8069543983896705	1.0041631973355538	23366.0	146.0	1487.0	14.0	4.0	3349.0	19.0	12.0	1225.0	157.0	10.0	197.0	4.0	9.0	1.0
1	9	6	-209.92142200586756	1.0	0.49896565990897807	23366.0	1487.0	146.0	14.0	4.0	3349.0	1225.0	197.0	19.0	157.0	4.0	12.0	10.0	9.0	1.0
6	1	9	0.8703209867573327	0.19206246664062787	0.9958881578947368	23366.0	146.0	3349.0	19.0	12.0	1487.0	14.0	4.0	1225.0	157.0	10.0	197.0	9.0	4.0	1.0
1	7	8	0.41984370609985716	0.337299857512828	0.9802631578947368	22695.0	922.0	1266.0	107.0	27.0	3187.0	101.0	92.0	399.0	946.0	34.0	137.0	22.0	60.0	5.0
1	8	7	-20.43239369685975	1.0	0.5050847457627118	22695.0	1266.0	922.0	107.0	27.0	3187.0	399.0	137.0	101.0	946.0	22.0	92.0	34.0	60.0	5.0
7	1	8	-0.4113904771179808	0.6596068378809882	1.020979020979021	22695.0	922.0	3187.0	101.0	92.0	1266.0	107.0	27.0	399.0	946.0	34.0	137.0	60.0	22.0	5.0
1	7	9	-0.1737373038927124	0.5689640368927804	1.0008382229673094	23474.0	143.0	1379.0	16.0	5.0	3350.0	17.0	13.0	1211.0	159.0	9.0	210.0	4.0	9.0	1.0
1	9	7	-207.6160781517914	1.0	0.4997907074089577	23474.0	1379.0	143.0	16.0	5.0	3350.0	1211.0	210.0	17.0	159.0	4.0	13.0	9.0	9.0	1.0
7	1	9	0.1738828125224383	0.4309787839346644	0.9991638795986622	23474.0	143.0	3350.0	17.0	13.0	1379.0	16.0	5.0	1211.0	159.0	9.0	210.0	9.0	4.0	1.0
1	8	9	0.17941032958584435	0.4288077689540605	0.9988801791713325	23817.0	144.0	1036.0	16.0	4.0	3693.0	15.0	15.0	907.0	159.0	3.0	171.0	6.0	13.0	1.0
1	9	8	-159.85460366098692	1.0	0.5002804262478968	23817.0	1036.0	144.0	16.0	4.0	3693.0	907.0	171.0	15.0	159.0	6.0	15.0	3.0	13.0	1.0
8	1	9	-0.179209196929358	0.571113270524013	1.001123595505618	23817.0	144.0	3693.0	15.0	15.0	1036.0	16.0	4.0	907.0	159.0	3.0	171.0	13.0	6.0	1.0
2	3	4	0.9894717573618024	0.16121619647453378	0.014625228519195612	24408.0	379.0	428.0	568.0	17.0	952.0	29.0	4.0	37.0	3028.0	25.0	12.0	26.0	85.0	2.0
2	4	3	-99999.9	1.0	-0.015296367112810707	24408.0	428.0	379.0	568.0	17.0	952.0	37.0	12.0	29.0	3028.0	26.0	4.0	25.0	85.0	2.0
3	2	4	-65.67618789488974	1.0	0.49626168224299066	24408.0	379.0	952.0	29.0	4.0	428.0	568.0	17.0	37.0	3028.0	25.0	12.0	85.0	26.0	2.0
2	3	5	-0.25969137767336825	0.6024490189923923	1.0025359256128488	23076.0	1711.0	919.0	65.0	29.0	892.0	68.0	25.0	1254.0	1676.0	160.0	58.0	30.0	32.0	5.0
2	5	3	-102.92434935121183	1.0	0.4993684210526316	23076.0	919.0	1711.0	65.0	29.0	892.0	1254.0	58.0	68.0	1676.0	30.0	25.0	160.0	32.0	5.0
3	2	5	0.2603482698597258	0.39729763016920416	0.99748322147651	23076.0	1711.0	892.0	68.0	25.0	919.0	65.0	29.0	1254.0	1676.0	160.0	58.0	32.0	30.0	5.0
2	3	6	-0.19047867205171612	0.5755329553269837	1.0012894906511929	23401.0	1386.0	923.0	54.0	36.0	890.0	56.0	39.0	1609.0	1335.0	146.0	69.0	30.0	20.0	6.0
2	6	3	-148.0971675202092	1.0	0.49967824967824964	23401.0	923.0	1386.0	54.0	36.0	890.0	1609.0	69.0	56.0	1335.0	30.0	39.0	146.0	20.0	6.0
3	2	6	0.19072397620117104	0.4243709442355861	0.9987154784842646	23401.0	1386.0	890.0	56.0	39.0	923.0	54.0	36.0	1609.0	1335.0	146.0	69.0	20.0	30.0	6.0
2	3	7	0.09757348489527946	0.46113543141132374	0.999375	23441.0	1346.0	923.0	53.0	37.0	911.0	52.0	22.0	1651.0	1322.0	117.0	71.0	26.0	21.0	7.0
2	7	3	-155.92242886265632	1.0	0.500156396621833	23441.0	923.0	1346.0	53.0	37.0	911.0	1651.0	71.0	52.0	1322.0	26.0	22.0	117.0	21.0	7.0
3	2	7	-0.09751246332874083	0.5388403400793036	1.0006261740763933	23441.0	1346.0	911.0	52.0	22.0	923.0	53.0	37.0	1651.0	1322.0	117.0	71.0	21.0	26.0	7.0
2	3	8	1.2891297796560819	0.09867655441799239	0.9943211151264842	23758.0	1029.0	948.0	42.0	23.0	936.0	31.0	18.0	1957.0	1021.0	112.0	85.0	15.0	21.0	4.0
2	8	3	-224.425775276491	1.0	0.5014319187711535	23758.0	948.0	1029.0	42.0	23.0	936.0	1957.0	85.0	31.0	1021.0	15.0	18.0	112.0	21.0	4.0
3	2	8	-1.2817671485157822	0.9000377606349779	1.0057773109243697	23758.0	1029.0	936.0	31.0	18.0	948.0	42.0	23.0	1957.0	1021.0	112.0	85.0	21.0	15.0	4.0
2	3	9	-0.276234590812454	0.6088159904675082	1.0003448275862068	24621.0	166.0	1005.0	6.0	2.0	972.0	7.0	6.0	2908.0	165.0	17.0	118.0	3.0	4.0	0.0
2	9	3	-801.6327825377305	1.0	0.49991383767017056	24621.0	1005.0	166.0	6.0	2.0	972.0	2908.0	118.0	7.0	165.0	3.0	6.0	17.0	4.0	0.0
3	2	9	0.27632981128498496	0.39114744459317485	0.9996555287633483	24621.0	166.0	972.0	7.0	6.0	1005.0	6.0	2.0	2908.0	165.0	17.0	118.0	4.0	3.0	0.0
2	4	5	-0.26574720178092626	0.6047829848185338	1.0025531914893617	23130.0	1706.0	865.0	62.0	37.0	910.0	65.0	26.0	1243.0	1682.0	158.0	51.0	27.0	32.0	6.0
2	5	4	-104.61581510109113	1.0	0.4993641373463332	23130.0	865.0	1706.0	62.0	37.0	910.0	1243.0	51.0	65.0	1682.0	27.0	26.0	158.0	32.0	6.0
4	2	5	0.26642397733724443	0.3949564118315241	0.9974662162162162	23130.0	1706.0	910.0	65.0	26.0	865.0	62.0	37.0	1243.0	1682.0	158.0	51.0	32.0	27.0	6.0
2	4	6	-0.4074626944396129	0.6581658597559719	1.0025990903183886	23439.0	1397.0	885.0	46.0	33.0	913.0	50.0	38.0	1593.0	1347.0	143.0	62.0	24.0	22.0	8.0
2	6	4	-157.58619707452016	1.0	0.4993527508090615	23439.0	885.0	1397.0	46.0	33.0	913.0	1593.0	62.0	50.0	1347.0	24.0	38.0	143.0	22.0	8.0
4	2	6	0.40851898139862675	0.3414463946147721	0.9974210186976145	23439.0	1397.0	913.0	50.0	38.0	885.0	46.0	33.0	1593.0	1347.0	143.0	62.0	22.0	24.0	8.0
2	4	7	-0.2105628788119613	0.5833857769142841	1.0012610340479193	23472.0	1364.0	892.0	44.0	28.0	932.0	46.0	23.0	1634.0	1333.0	116.0	67.0	21.0	23.0	5.0
2	7	4	-167.39748865550942	1.0	0.49968533668974197	23472.0	892.0	1364.0	44.0	28.0	932.0	1634.0	67.0	46.0	1333.0	21.0	23.0	116.0	23.0	5.0
4	2	7	0.21082807135454568	0.4165107491728086	0.9987437185929648	23472.0	1364.0	932.0	46.0	23.0	892.0	44.0	28.0	1634.0	1333.0	116.0	67.0	23.0	21.0	5.0
2	4	8	1.9431113500597585	0.026001284437270233	0.991722710812209	23800.0	1036.0	906.0	42.0	16.0	958.0	26.0	17.0	1943.0	1029.0	111.0	77.0	12.0	24.0	3.0
2	8	4	-230.86591727897485	1.0	0.5020953378732321	23800.0	906.0	1036.0	42.0	16.0	958.0	1943.0	77.0	26.0	1029.0	12.0	17.0	111.0	24.0	3.0
4	2	8	-1.9268934149523218	0.973003610610697	1.0084880636604774	23800.0	1036.0	958.0	26.0	17.0	906.0	42.0	16.0	1943.0	1029.0	111.0	77.0	24.0	12.0	3.0
2	4	9	0.0	0.49999999949999996	nan	24669.0	167.0	957.0	6.0	1.0	990.0	6.0	5.0	2897.0	168.0	18.0	111.0	1.0	4.0	0.0
2	9	4	-831.1040650496952	1.0	0.5	24669.0	957.0	167.0	6.0	1.0	990.0	2897.0	111.0	6.0	168.0	1.0	5.0	18.0	4.0	0.0
4	2	9	0.0	0.49999999949999996	nan	24669.0	167.0	990.0	6.0	5.0	957.0	6.0	1.0	2897.0	168.0	18.0	111.0	4.0	1.0	0.0
2	5	6	1.7760721099136756	0.037860468644274725	0.9310344827586207	22702.0	1293.0	1622.0	126.0	57.0	2017.0	100.0	87.0	451.0	1270.0	53.0	100.0	51.0	64.0	7.0
2	6	5	-22.200901373920935	1.0	0.5192307692307693	22702.0	1622.0	1293.0	126.0	57.0	2017.0	451.0	100.0	100.0	1270.0	51.0	87.0	53.0	64.0	7.0
5	2	6	-1.644511212883033	0.9499646887493647	1.0869565217391304	22702.0	1293.0	2017.0	100.0	87.0	1622.0	126.0	57.0	451.0	1270.0	53.0	100.0	64.0	51.0	7.0
2	5	7	-0.1363105080340442	0.5542121206438384	1.0054054054054054	22717.0	1278.0	1647.0	106.0	52.0	2044.0	108.0	52.0	480.0	1242.0	52.0	109.0	50.0	58.0	5.0
2	7	5	-25.490065002366254	1.0	0.49865951742627346	22717.0	1647.0	1278.0	106.0	52.0	2044.0	480.0	109.0	108.0	1242.0	50.0	52.0	52.0	58.0	5.0
5	2	7	0.1370433602277756	0.4454982323387848	0.9946808510638298	22717.0	1278.0	2044.0	108.0	52.0	1647.0	106.0	52.0	480.0	1242.0	52.0	109.0	58.0	50.0	5.0
2	5	8	-0.3039839750477526	0.6194298814701984	1.0058224163027656	23029.0	966.0	1677.0	84.0	44.0	2071.0	88.0	45.0	779.0	940.0	55.0	128.0	39.0	51.0	4.0
2	8	5	-52.817215664546985	1.0	0.49855699855699853	23029.0	1677.0	966.0	84.0	44.0	2071.0	779.0	128.0	88.0	940.0	39.0	45.0	55.0	51.0	4.0
5	2	8	0.3057436507354386	0.37989998632122646	0.994277539341917	23029.0	966.0	2071.0	88.0	45.0	1677.0	84.0	44.0	779.0	940.0	55.0	128.0	51.0	39.0	4.0
2	5	9	-1.406697385535499	0.9202413761315682	1.0050536955148452	23838.0	157.0	1788.0	12.0	5.0	2179.0	20.0	5.0	1611.0	148.0	15.0	208.0	7.0	6.0	1.0
2	9	5	-281.16363993390814	1.0	0.4987460815047022	23838.0	1788.0	157.0	12.0	5.0	2179.0	1611.0	208.0	20.0	148.0	7.0	5.0	15.0	6.0	1.0
5	2	9	1.4137706596299577	0.07871467716738945	0.9950217797137524	23838.0	157.0	2179.0	20.0	5.0	1788.0	12.0	5.0	1611.0	148.0	15.0	208.0	6.0	7.0	1.0
2	6	7	-0.6308558871204375	0.7359326789804356	4.000000000000001	23035.0	1289.0	1329.0	108.0	39.0	2380.0	123.0	65.0	143.0	1243.0	35.0	110.0	34.0	66.0	1.0
2	7	6	-1.4719970699476879	0.9294891281124198	0.36363636363636365	23035.0	1329.0	1289.0	108.0	39.0	2380.0	143.0	110.0	123.0	1243.0	34.0	65.0	35.0	66.0	1.0
6	2	7	1.1039978024607655	0.13479709087411595	0.7000000000000001	23035.0	1289.0	2380.0	123.0	65.0	1329.0	108.0	39.0	143.0	1243.0	35.0	110.0	66.0	34.0	1.0
2	6	8	-0.0754574851471104	0.5300747066912248	1.0029850746268656	23349.0	975.0	1357.0	87.0	32.0	2424.0	88.0	56.0	424.0	954.0	43.0	130.0	25.0	55.0	1.0
2	8	6	-25.429172494576026	1.0	0.49925705794947994	23349.0	1357.0	975.0	87.0	32.0	2424.0	424.0	130.0	88.0	954.0	25.0	56.0	43.0	55.0	1.0
6	2	8	0.07568206099576251	0.46983595602225325	0.9970414201183432	23349.0	975.0	2424.0	88.0	56.0	1357.0	87.0	32.0	424.0	954.0	43.0	130.0	55.0	25.0	1.0
2	6	9	0.37755252935414707	0.35288157513174645	0.9983870967741936	24168.0	156.0	1458.0	15.0	3.0	2547.0	13.0	8.0	1251.0	158.0	12.0	200.0	4.0	7.0	0.0
2	9	6	-233.32746314086344	1.0	0.5004042037186742	24168.0	1458.0	156.0	15.0	3.0	2547.0	1251.0	200.0	13.0	158.0	4.0	8.0	12.0	7.0	0.0
6	2	9	-0.37694258988830837	0.6468918072261376	1.0016207455429498	24168.0	156.0	2547.0	13.0	8.0	1458.0	15.0	3.0	1251.0	158.0	12.0	200.0	7.0	4.0	0.0
2	7	8	0.3920354346974478	0.3475160685041536	0.9842767295597484	23385.0	979.0	1321.0	85.0	30.0	2497.0	80.0	56.0	393.0	968.0	39.0	88.0	19.0	60.0	0.0
2	8	7	-24.14938277736281	1.0	0.5040257648953301	23385.0	1321.0	979.0	85.0	30.0	2497.0	393.0	88.0	80.0	968.0	19.0	56.0	39.0	60.0	0.0
7	2	8	-0.38577288781729685	0.6501675070097264	1.0165016501650166	23385.0	979.0	2497.0	80.0	56.0	1321.0	85.0	30.0	393.0	968.0	39.0	88.0	60.0	19.0	0.0
2	7	9	0.6858498223249475	0.24640383953391742	0.9967159277504105	24213.0	151.0	1413.0	19.0	4.0	2611.0	15.0	7.0	1229.0	158.0	13.0	158.0	2.0	7.0	0.0
2	9	7	-207.46957125329706	1.0	0.5008250825082508	24213.0	1413.0	151.0	19.0	4.0	2611.0	1229.0	158.0	15.0	158.0	2.0	7.0	13.0	7.0	0.0
7	2	9	-0.6835900206039427	0.7528830236096866	1.0033167495854063	24213.0	151.0	2611.0	15.0	7.0	1413.0	19.0	4.0	1229.0	158.0	13.0	158.0	7.0	2.0	0.0
2	8	9	0.7557906216644311	0.22488730292998982	0.9955307262569832	24553.0	153.0	1073.0	16.0	5.0	2957.0	12.0	9.0	903.0	159.0	5.0	138.0	4.0	13.0	0.0
2	9	8	-167.59657035408762	1.0	0.5011248593925759	24553.0	1073.0	153.0	16.0	5.0	2957.0	903.0	138.0	12.0	159.0	4.0	9.0	5.0	13.0	0.0
8	2	9	-0.7523976222405728	0.7740940796310829	1.0045300113250284	24553.0	153.0	2957.0	12.0	9.0	1073.0	16.0	5.0	903.0	159.0	5.0	138.0	13.0	4.0	0.0
3	4	5	-0.14266853739336105	0.5567240407067622	1.0005800464037122	23597.0	1763.0	371.0	24.0	17.0	443.0	25.0	9.0	1750.0	1735.0	196.0	38.0	13.0	17.0	2.0
3	5	4	-246.2458955409424	1.0	0.4998551144595769	23597.0	371.0	1763.0	24.0	17.0	443.0	1750.0	38.0	25.0	1735.0	13.0	9.0	196.0	17.0	2.0
4	3	5	0.14275124379184995	0.4432432985724798	0.9994209612044007	23597.0	1763.0	443.0	25.0	9.0	371.0	24.0	17.0	1750.0	1735.0	196.0	38.0	17.0	13.0	2.0
3	4	6	0.0	0.49999999949999996	nan	23908.0	1452.0	383.0	20.0	9.0	444.0	20.0	13.0	2118.0	1379.0	184.0	39.0	10.0	16.0	5.0
3	6	4	-331.30904875287536	1.0	0.5	23908.0	383.0	1452.0	20.0	9.0	444.0	2118.0	39.0	20.0	1379.0	10.0	13.0	184.0	16.0	5.0
4	3	6	0.0	0.49999999949999996	nan	23908.0	1452.0	444.0	20.0	13.0	383.0	20.0	9.0	2118.0	1379.0	184.0	39.0	16.0	10.0	5.0
3	4	7	-0.5059546334600727	0.6935557557660263	1.0014018691588784	23965.0	1395.0	387.0	16.0	9.0	439.0	19.0	19.0	2162.0	1369.0	150.0	44.0	8.0	15.0	3.0
3	7	4	-361.92621446843714	1.0	0.49965026812776875	23965.0	387.0	1395.0	16.0	9.0	439.0	2162.0	44.0	19.0	1369.0	8.0	19.0	150.0	15.0	3.0
4	3	7	0.5066629227276322	0.30619567006678516	0.9986040018613308	23965.0	1395.0	439.0	19.0	19.0	387.0	16.0	9.0	2162.0	1369.0	150.0	44.0	15.0	8.0	3.0
3	4	8	1.0282872333661632	0.15190738789805625	0.9975816203143894	24308.0	1052.0	386.0	20.0	6.0	450.0	14.0	13.0	2489.0	1063.0	129.0	51.0	7.0	12.0	0.0
3	8	4	-423.1401965301782	1.0	0.5006067961165048	24308.0	386.0	1052.0	20.0	6.0	450.0	2489.0	51.0	14.0	1063.0	7.0	13.0	129.0	12.0	0.0
4	3	8	-1.02579441583073	0.8475057309237725	1.002436053593179	24308.0	1052.0	450.0	14.0	13.0	386.0	20.0	6.0	2489.0	1063.0	129.0	51.0	12.0	7.0	0.0
3	4	9	0.442846005478929	0.3289385913428019	0.9997134670487106	25185.0	175.0	408.0	3.0	1.0	474.0	2.0	1.0	3491.0	172.0	18.0	66.0	1.0	3.0	0.0
3	9	4	-1544.6468671105063	1.0	0.5000716640389852	25185.0	408.0	175.0	3.0	1.0	474.0	3491.0	66.0	2.0	172.0	1.0	1.0	18.0	3.0	0.0
4	3	9	-0.4427190791374332	0.6710155005547351	1.0002867794665902	25185.0	175.0	474.0	2.0	1.0	408.0	3.0	1.0	3491.0	172.0	18.0	66.0	3.0	1.0	0.0
3	5	6	1.9541894829396063	0.025339337413297414	0.9248704663212435	22674.0	1294.0	1617.0	131.0	56.0	2045.0	102.0	84.0	459.0	1257.0	57.0	97.0	50.0	72.0	5.0
3	6	5	-22.102556910489326	1.0	0.5211678832116788	22674.0	1617.0	1294.0	131.0	56.0	2045.0	459.0	97.0	102.0	1257.0	50.0	84.0	57.0	72.0	5.0
5	3	6	-1.795445799451515	0.9637087009706428	1.0969899665551839	22674.0	1294.0	2045.0	102.0	84.0	1617.0	131.0	56.0	459.0	1257.0	57.0	97.0	72.0	50.0	5.0
3	5	7	-0.27184676511745104	0.6071300143571874	1.010840108401084	22703.0	1265.0	1649.0	105.0	50.0	2058.0	109.0	64.0	482.0	1236.0	55.0	105.0	51.0	65.0	3.0
3	7	5	-25.621557612319744	1.0	0.49733333333333335	22703.0	1649.0	1265.0	105.0	50.0	2058.0	482.0	105.0	109.0	1236.0	51.0	64.0	55.0	65.0	3.0
5	3	7	0.274762011928362	0.39174960637470235	0.989501312335958	22703.0	1265.0	2058.0	109.0	64.0	1649.0	105.0	50.0	482.0	1236.0	55.0	105.0	65.0	51.0	3.0
3	5	8	-1.106266597258251	0.8656943814776019	1.022761760242792	23015.0	953.0	1679.0	82.0	43.0	2085.0	97.0	49.0	771.0	946.0	56.0	134.0	41.0	47.0	2.0
3	8	5	-50.81451236739565	1.0	0.49449743213499636	23015.0	1679.0	953.0	82.0	43.0	2085.0	771.0	134.0	97.0	946.0	41.0	49.0	56.0	47.0	2.0
5	3	8	1.130886773755096	0.1290514277900171	0.9786931818181818	23015.0	953.0	2085.0	97.0	49.0	1679.0	82.0	43.0	771.0	946.0	56.0	134.0	47.0	41.0	2.0
3	5	9	-1.2512241957616022	0.8945735849473118	1.0044080604534005	23809.0	159.0	1784.0	12.0	8.0	2208.0	19.0	4.0	1614.0	148.0	11.0	209.0	8.0	6.0	1.0
3	9	5	-286.3515945157254	1.0	0.4989052236471692	23809.0	1784.0	159.0	12.0	8.0	2208.0	1614.0	209.0	19.0	148.0	8.0	4.0	11.0	6.0	1.0
5	3	9	1.2567154618245058	0.10442841231797595	0.9956494717215661	23809.0	159.0	2208.0	19.0	4.0	1784.0	12.0	8.0	1614.0	148.0	11.0	209.0	6.0	8.0	1.0
3	6	7	-0.618505297302838	0.7318789006502837	-1.5555555555555558	23015.0	1276.0	1337.0	105.0	39.0	2400.0	128.0	73.0	142.0	1233.0	34.0	103.0	35.0	79.0	1.0
3	7	6	-0.9949867826176083	0.8401286456366389	0.2745098039215686	23015.0	1337.0	1276.0	105.0	39.0	2400.0	142.0	103.0	128.0	1233.0	35.0	73.0	34.0	79.0	1.0
6	3	7	1.634621142871788	0.05106423545397676	0.6166666666666667	23015.0	1276.0	2400.0	128.0	73.0	1337.0	105.0	39.0	142.0	1233.0	34.0	103.0	79.0	35.0	1.0
3	6	8	-1.1564582209944472	0.876253052522483	1.0536912751677852	23327.0	964.0	1367.0	82.0	32.0	2446.0	98.0	57.0	412.0	958.0	39.0	132.0	28.0	56.0	2.0
3	8	6	-23.851950808010475	1.0	0.48757763975155277	23327.0	1367.0	964.0	82.0	32.0	2446.0	412.0	132.0	98.0	958.0	28.0	57.0	39.0	56.0	2.0
6	3	8	1.2153860284336546	0.1121095135688448	0.953757225433526	23327.0	964.0	2446.0	98.0	57.0	1367.0	82.0	32.0	412.0	958.0	39.0	132.0	56.0	28.0	2.0
3	6	9	0.36479874663833384	0.35763088196715287	0.9983726606997559	24132.0	159.0	1461.0	16.0	4.0	2583.0	14.0	4.0	1241.0	157.0	11.0	207.0	4.0	7.0	0.0
3	9	6	-223.4392323159808	1.0	0.5004078303425775	24132.0	1461.0	159.0	16.0	4.0	2583.0	1241.0	207.0	14.0	157.0	4.0	4.0	11.0	7.0	0.0
6	3	9	-0.3642041276544083	0.6421471457811101	1.0016353229762878	24132.0	159.0	2583.0	14.0	4.0	1461.0	16.0	4.0	1241.0	157.0	11.0	207.0	7.0	4.0	0.0
3	7	8	-0.9095306586239994	0.8184649845956555	1.0421052631578946	23382.0	970.0	1312.0	77.0	31.0	2500.0	89.0	56.0	386.0	974.0	36.0	104.0	21.0	62.0	0.0
3	8	7	-23.420414459567965	1.0	0.4900990099009901	23382.0	1312.0	970.0	77.0	31.0	2500.0	386.0	104.0	89.0	974.0	21.0	56.0	36.0	62.0	0.0
7	3	8	0.9462793721037569	0.17200304456559623	0.9626168224299065	23382.0	970.0	2500.0	89.0	56.0	1312.0	77.0	31.0	386.0	974.0	36.0	104.0	62.0	21.0	0.0
3	7	9	0.5068890573487621	0.30611632688467183	0.9975288303130149	24197.0	155.0	1396.0	19.0	5.0	2627.0	16.0	2.0	1227.0	157.0	12.0	177.0	2.0	8.0	0.0
3	9	7	-204.10732709243393	1.0	0.5006200909466721	24197.0	1396.0	155.0	19.0	5.0	2627.0	1227.0	177.0	16.0	157.0	2.0	2.0	12.0	8.0	0.0
7	3	9	-0.5056333453982698	0.6934429703193032	1.0024896265560166	24197.0	155.0	2627.0	16.0	2.0	1396.0	19.0	5.0	1227.0	157.0	12.0	177.0	8.0	2.0	0.0
3	8	9	1.0611903670950908	0.14430173030555316	0.993421052631579	24539.0	155.0	1054.0	19.0	5.0	2971.0	13.0	6.0	919.0	159.0	6.0	141.0	3.0	10.0	0.0
3	9	8	-159.17855506426335	1.0	0.5016611295681063	24539.0	1054.0	155.0	19.0	5.0	2971.0	919.0	141.0	13.0	159.0	3.0	6.0	6.0	10.0	0.0
8	3	9	-1.0541626163196265	0.8540957340529687	1.0067114093959733	24539.0	155.0	2971.0	13.0	6.0	1054.0	19.0	5.0	919.0	159.0	6.0	141.0	10.0	3.0	0.0
4	5	6	2.061961594515529	0.019605630254037942	0.9224806201550387	22737.0	1303.0	1615.0	127.0	55.0	1982.0	97.0	80.0	454.0	1266.0	56.0	104.0	52.0	67.0	5.0
4	6	5	-22.47538138021926	1.0	0.5219298245614035	22737.0	1615.0	1303.0	127.0	55.0	1982.0	454.0	104.0	97.0	1266.0	52.0	80.0	56.0	67.0	5.0
5	4	6	-1.8886875109427952	0.9705332083446471	1.101010101010101	22737.0	1303.0	1982.0	97.0	80.0	1615.0	127.0	55.0	454.0	1266.0	56.0	104.0	67.0	52.0	5.0
4	5	7	0.0	0.49999999949999996	nan	22756.0	1284.0	1648.0	99.0	50.0	2005.0	99.0	55.0	472.0	1249.0	55.0	116.0	52.0	58.0	2.0
4	7	5	-26.50126433984419	1.0	0.5	22756.0	1648.0	1284.0	99.0	50.0	2005.0	472.0	116.0	99.0	1249.0	52.0	55.0	55.0	58.0	2.0
5	4	7	0.0	0.49999999949999996	nan	22756.0	1284.0	2005.0	99.0	55.0	1648.0	99.0	50.0	472.0	1249.0	55.0	116.0	58.0	52.0	2.0
4	5	8	-1.6329100108335617	0.9487560481607951	1.0341614906832297	23079.0	961.0	1679.0	76.0	42.0	2021.0	98.0	40.0	764.0	956.0	56.0	141.0	41.0	43.0	3.0
4	8	5	-51.065549429704134	1.0	0.4918759231905465	23079.0	1679.0	961.0	76.0	42.0	2021.0	764.0	141.0	98.0	956.0	41.0	40.0	56.0	43.0	3.0
5	4	8	1.6868499811613968	0.04581607513431074	0.9690140845070423	23079.0	961.0	2021.0	98.0	40.0	1679.0	76.0	42.0	764.0	956.0	56.0	141.0	43.0	41.0	3.0
4	5	9	-1.452570166222923	0.9268283902437102	1.005044136191677	23880.0	160.0	1779.0	11.0	7.0	2137.0	19.0	3.0	1613.0	151.0	12.0	215.0	8.0	4.0	1.0
4	9	5	-290.87717578614007	1.0	0.49874843554443055	23880.0	1779.0	160.0	11.0	7.0	2137.0	1613.0	215.0	19.0	151.0	8.0	3.0	12.0	4.0	1.0
5	4	9	1.459860355262938	0.07216426910610707	0.9950310559006211	23880.0	160.0	2137.0	19.0	3.0	1779.0	11.0	7.0	1613.0	151.0	12.0	215.0	4.0	8.0	1.0
4	6	7	-0.6601947125448893	0.745435621811521	17.999999999999996	23059.0	1293.0	1345.0	100.0	40.0	2356.0	117.0	67.0	135.0	1247.0	33.0	102.0	36.0	70.0	0.0
4	7	6	-1.3592244081806546	0.9129621937687493	0.33962264150943394	23059.0	1345.0	1293.0	100.0	40.0	2356.0	135.0	102.0	117.0	1247.0	36.0	67.0	33.0	70.0	0.0
6	4	7	1.2837119410595066	0.09962145090069963	0.673076923076923	23059.0	1293.0	2356.0	117.0	67.0	1345.0	100.0	40.0	135.0	1247.0	33.0	102.0	70.0	36.0	0.0
4	6	8	-1.5757466223626675	0.9424578888650254	1.0766550522648084	23383.0	969.0	1375.0	78.0	32.0	2390.0	100.0	50.0	409.0	966.0	40.0	127.0	29.0	52.0	0.0
4	8	6	-23.707824181911054	1.0	0.48281250000000003	23383.0	1375.0	969.0	78.0	32.0	2390.0	409.0	127.0	100.0	966.0	29.0	50.0	40.0	52.0	0.0
6	4	8	1.6879357022719834	0.045711759966786225	0.9376770538243625	23383.0	969.0	2390.0	100.0	50.0	1375.0	78.0	32.0	409.0	966.0	40.0	127.0	52.0	29.0	0.0
4	6	9	0.3775540135268628	0.35288102376404096	0.9983779399837794	24192.0	160.0	1467.0	15.0	3.0	2523.0	13.0	4.0	1244.0	160.0	11.0	198.0	5.0	5.0	0.0
4	9	6	-232.0069413122564	1.0	0.5004065040650407	24192.0	1467.0	160.0	15.0	3.0	2523.0	1244.0	198.0	13.0	160.0	5.0	4.0	11.0	5.0	0.0
6	4	9	-0.3769406032693049	0.6468910690301526	1.0016299918500406	24192.0	160.0	2523.0	13.0	4.0	1467.0	15.0	3.0	1244.0	160.0	11.0	198.0	5.0	5.0	0.0
4	7	8	-1.2005138343816726	0.885030013616194	1.0586080586080586	23430.0	974.0	1328.0	75.0	30.0	2452.0	91.0	50.0	380.0	983.0	37.0	94.0	21.0	55.0	0.0
4	8	7	-22.88479496790063	1.0	0.48653198653198654	23430.0	1328.0	974.0	75.0	30.0	2452.0	380.0	94.0	91.0	983.0	21.0	50.0	37.0	55.0	0.0
7	4	8	1.266978268119066	0.10258159907415676	0.9501557632398754	23430.0	974.0	2452.0	91.0	50.0	1328.0	75.0	30.0	380.0	983.0	37.0	94.0	55.0	21.0	0.0
4	7	9	0.5384851486038963	0.29512105632142094	0.9975328947368421	24247.0	157.0	1412.0	17.0	4.0	2577.0	14.0	2.0	1227.0	161.0	12.0	161.0	3.0	6.0	0.0
4	9	7	-217.18900993690465	1.0	0.5006190672719769	24247.0	1412.0	157.0	17.0	4.0	2577.0	1227.0	161.0	14.0	161.0	3.0	2.0	12.0	6.0	0.0
7	4	9	-0.5371533634053706	0.704419179524489	1.0024855012427507	24247.0	157.0	2577.0	14.0	2.0	1412.0	17.0	4.0	1227.0	161.0	12.0	161.0	6.0	3.0	0.0
4	8	9	0.928533358332465	0.17656546787846505	0.99457111834962	24602.0	156.0	1057.0	17.0	5.0	2908.0	12.0	6.0	928.0	162.0	5.0	129.0	4.0	9.0	0.0
4	9	8	-169.1787778881752	1.0	0.5013683634373289	24602.0	1057.0	156.0	17.0	5.0	2908.0	928.0	129.0	12.0	162.0	4.0	6.0	5.0	9.0	0.0
8	4	9	-0.9234649448044494	0.8221175399817787	1.0055187637969094	24602.0	156.0	2908.0	12.0	6.0	1057.0	17.0	5.0	928.0	162.0	5.0	129.0	9.0	4.0	0.0
5	6	7	-1.0872425998154323	0.8615351551372119	1.6551724137931034	23403.0	1316.0	1358.0	83.0	39.0	2012.0	102.0	59.0	150.0	1272.0	38.0	74.0	32.0	62.0	0.0
5	7	6	-3.833960746717578	0.9999369293350437	0.4173913043478261	23403.0	1358.0	1316.0	83.0	39.0	2012.0	150.0	74.0	102.0	1272.0	32.0	59.0	38.0	62.0	0.0
6	5	7	1.517609462242374	0.06455646463194875	0.7790697674418604	23403.0	1316.0	2012.0	102.0	59.0	1358.0	83.0	39.0	150.0	1272.0	38.0	74.0	62.0	32.0	0.0
5	6	8	-0.16172137516546115	0.5642373712884221	1.005390835579515	23726.0	993.0	1374.0	75.0	31.0	2047.0	77.0	49.0	450.0	970.0	40.0	87.0	28.0	51.0	2.0
5	8	6	-30.322757843523956	1.0	0.49866310160427807	23726.0	1374.0	993.0	75.0	31.0	2047.0	450.0	87.0	77.0	970.0	28.0	49.0	40.0	51.0	2.0
6	5	8	0.16258851390629472	0.43542120950146024	0.9946949602122016	23726.0	993.0	2047.0	77.0	49.0	1374.0	75.0	31.0	450.0	970.0	40.0	87.0	51.0	28.0	2.0
5	6	9	1.87398255139254	0.030466351694842464	0.9930555555555556	24556.0	163.0	1461.0	16.0	3.0	2159.0	7.0	7.0	1294.0	155.0	11.0	154.0	4.0	9.0	1.0
5	9	6	-266.10552229774015	1.0	0.5017543859649122	24556.0	1461.0	163.0	16.0	3.0	2159.0	1294.0	154.0	7.0	155.0	4.0	7.0	11.0	9.0	1.0
6	5	9	-1.860877778305879	0.9686193425409136	1.0070921985815602	24556.0	163.0	2159.0	7.0	7.0	1461.0	16.0	3.0	1294.0	155.0	11.0	154.0	9.0	4.0	1.0
5	7	8	0.41809635262843026	0.3379383770788169	0.9845679012345679	23766.0	995.0	1334.0	75.0	29.0	2116.0	70.0	50.0	389.0	982.0	35.0	79.0	23.0	56.0	1.0
5	8	7	-26.25645094506544	1.0	0.5039494470774092	23766.0	1334.0	995.0	75.0	29.0	2116.0	389.0	79.0	70.0	982.0	23.0	50.0	35.0	56.0	1.0
7	5	8	-0.4115431182612135	0.6596627902023384	1.0161812297734627	23766.0	995.0	2116.0	70.0	50.0	1334.0	75.0	29.0	389.0	982.0	35.0	79.0	56.0	23.0	1.0
5	7	9	2.189348882201562	0.014285696106596912	0.9903459372485921	24605.0	156.0	1412.0	21.0	5.0	2219.0	9.0	8.0	1240.0	155.0	11.0	148.0	2.0	8.0	1.0
5	9	7	-222.40135728364325	1.0	0.5024489795918368	24605.0	1412.0	156.0	21.0	5.0	2219.0	1240.0	148.0	9.0	155.0	2.0	8.0	11.0	8.0	1.0
7	5	9	-2.1680067322532115	0.9849209662062949	1.0099420049710024	24605.0	156.0	2219.0	9.0	8.0	1412.0	21.0	5.0	1240.0	155.0	11.0	148.0	8.0	2.0	1.0
5	8	9	2.350019725647225	0.009386190358791957	0.9869565217391304	24941.0	159.0	1076.0	19.0	4.0	2569.0	7.0	8.0	915.0	155.0	5.0	123.0	4.0	14.0	1.0
5	9	8	-175.46813951499252	1.0	0.5033259423503326	24941.0	1076.0	159.0	19.0	4.0	2569.0	915.0	123.0	7.0	155.0	4.0	8.0	5.0	14.0	1.0
8	5	9	-2.318962196233385	0.989801481389999	1.0135746606334841	24941.0	159.0	2569.0	7.0	8.0	1076.0	19.0	4.0	915.0	155.0	5.0	123.0	14.0	4.0	1.0
6	7	8	0.8082776720481387	0.20946531840823934	0.9713375796178344	24393.0	1022.0	1380.0	68.0	29.0	1489.0	59.0	34.0	364.0	1016.0	37.0	58.0	21.0	29.0	1.0
6	8	7	-26.583354547361022	1.0	0.507487520798669	24393.0	1380.0	1022.0	68.0	29.0	1489.0	364.0	58.0	59.0	1016.0	21.0	34.0	37.0	29.0	1.0
7	6	8	-0.7844268554958985	0.7836052203892201	1.0313588850174216	24393.0	1022.0	1489.0	59.0	34.0	1380.0	68.0	29.0	364.0	1016.0	37.0	58.0	29.0	21.0	1.0
6	7	9	0.39175032259117826	0.34762140447419576	0.998371335504886	25256.0	159.0	1459.0	14.0	4.0	1568.0	12.0	2.0	1238.0	166.0	13.0	103.0	2.0	4.0	0.0
6	9	7	-239.75119742580125	1.0	0.5004081632653061	25256.0	1459.0	159.0	14.0	4.0	1568.0	1238.0	103.0	12.0	166.0	2.0	2.0	13.0	4.0	0.0
7	6	9	-0.39111125191810936	0.6521424452147433	1.0016366612111294	25256.0	159.0	1568.0	12.0	2.0	1459.0	14.0	4.0	1238.0	166.0	13.0	103.0	4.0	2.0	0.0
6	8	9	0.653865049880454	0.25659931326864593	0.9967320261437909	25613.0	160.0	1102.0	12.0	5.0	1897.0	9.0	5.0	924.0	167.0	5.0	88.0	4.0	9.0	0.0
6	9	8	-198.7749751636576	1.0	0.5008210180623974	25613.0	1102.0	160.0	12.0	5.0	1897.0	924.0	88.0	9.0	167.0	4.0	5.0	5.0	9.0	0.0
8	6	9	-0.6517212300447803	0.7427095504490141	1.0033003300330032	25613.0	160.0	1897.0	9.0	5.0	1102.0	12.0	5.0	924.0	167.0	5.0	88.0	9.0	4.0	0.0
7	8	9	0.19970013277996695	0.4208575795500704	0.9989235737351991	25727.0	155.0	1097.0	13.0	5.0	1783.0	12.0	7.0	940.0	168.0	5.0	77.0	4.0	7.0	0.0
7	9	8	-185.12202308702996	1.0	0.5002695417789756	25727.0	1097.0	155.0	13.0	5.0	1783.0	940.0	77.0	12.0	168.0	4.0	7.0	5.0	7.0	0.0
8	7	9	-0.19948493867136782	0.5790582636773792	1.0010799136069115	25727.0	155.0	1783.0	12.0	7.0	1097.0	13.0	5.0	940.0	168.0	5.0	77.0	7.0	4.0	0.0
