P1	Hybrid	P2	Zscore	Pvalue	Gamma	AAAA	AAAB	AABA	AABB	AABC	ABAA	ABAB	ABAC	ABBA	BAAA	ABBC	CABC	BACA	BCAA	ABCD
1	2	3	-99999.9	1.0	-0.012012012012012012	7305.0	266.0	302.0	368.0	16.0	938.0	31.0	16.0	27.0	618.0	12.0	18.0	9.0	73.0	1.0
1	3	2	0.5274137596104029	0.2989531293418922	0.011594202898550725	7305.0	302.0	266.0	368.0	16.0	938.0	27.0	18.0	31.0	618.0	9.0	16.0	12.0	73.0	1.0
2	1	3	-44.434609247176425	1.0	0.5029498525073747	7305.0	266.0	938.0	31.0	16.0	302.0	368.0	16.0	27.0	618.0	12.0	18.0	73.0	9.0	1.0
1	2	4	-99999.9	1.0	-0.012539184952978058	7296.0	275.0	306.0	362.0	18.0	933.0	39.0	13.0	35.0	608.0	14.0	17.0	9.0	73.0	2.0
1	4	2	0.46719942208895504	0.3201786198137857	0.012084592145015106	7296.0	306.0	275.0	362.0	18.0	933.0	35.0	17.0	39.0	608.0	9.0	13.0	14.0	73.0	2.0
2	1	4	-37.72635333368316	1.0	0.503076923076923	7296.0	275.0	933.0	39.0	13.0	306.0	362.0	18.0	35.0	608.0	14.0	17.0	73.0	9.0	2.0
1	2	5	-1.2261908775393273	0.8899365059746275	1.2727272727272727	7064.0	507.0	611.0	49.0	26.0	888.0	64.0	33.0	134.0	489.0	34.0	40.0	25.0	35.0	1.0
1	5	2	-6.948414972722856	0.9999999999981413	0.45161290322580644	7064.0	611.0	507.0	49.0	26.0	888.0	134.0	40.0	64.0	489.0	25.0	33.0	34.0	35.0	1.0
2	1	5	1.488946065583469	0.06825081872884808	0.85	7064.0	507.0	888.0	64.0	33.0	611.0	49.0	26.0	134.0	489.0	34.0	40.0	35.0	25.0	1.0
1	2	6	-2.0430722924253493	0.9794774261877133	1.1466666666666667	7144.0	427.0	633.0	37.0	16.0	896.0	59.0	30.0	231.0	402.0	24.0	54.0	20.0	25.0	2.0
1	6	2	-18.016182942296258	1.0	0.4699453551912568	7144.0	633.0	427.0	37.0	16.0	896.0	231.0	54.0	59.0	402.0	20.0	30.0	24.0	25.0	2.0
2	1	6	2.304395492619289	0.010600198793267568	0.8981481481481481	7144.0	427.0	896.0	59.0	30.0	633.0	37.0	16.0	231.0	402.0	24.0	54.0	25.0	20.0	2.0
1	2	7	-0.330383520591807	0.6294448359525171	1.0155440414507773	7167.0	404.0	634.0	39.0	13.0	919.0	42.0	24.0	238.0	400.0	19.0	55.0	15.0	30.0	1.0
1	7	2	-21.915440199256533	1.0	0.49620253164556966	7167.0	634.0	404.0	39.0	13.0	919.0	238.0	55.0	42.0	400.0	15.0	24.0	19.0	30.0	1.0
2	1	7	0.33544041121311013	0.3686465116926727	0.9851485148514851	7167.0	404.0	919.0	42.0	24.0	634.0	39.0	13.0	238.0	400.0	19.0	55.0	30.0	15.0	1.0
1	2	8	-0.3643206074201018	0.6421906316590098	1.0096774193548388	7293.0	278.0	639.0	32.0	15.0	928.0	35.0	22.0	348.0	291.0	18.0	63.0	14.0	24.0	0.0
1	8	2	-38.37510398158399	1.0	0.49761526232114467	7293.0	639.0	278.0	32.0	15.0	928.0	348.0	63.0	35.0	291.0	14.0	22.0	18.0	24.0	0.0
2	1	8	0.3678124982260453	0.35650658527912116	0.9905956112852664	7293.0	278.0	928.0	35.0	22.0	639.0	32.0	15.0	348.0	291.0	18.0	63.0	24.0	14.0	0.0
1	2	9	-1.201005954897794	0.8851254893709025	1.0085763293310464	7514.0	57.0	677.0	6.0	3.0	968.0	11.0	6.0	599.0	51.0	7.0	97.0	3.0	1.0	0.0
1	9	2	-142.43930625087802	1.0	0.49788314987298904	7514.0	677.0	57.0	6.0	3.0	968.0	599.0	97.0	11.0	51.0	3.0	6.0	7.0	1.0	0.0
2	1	9	1.2112185905686936	0.11290588584980576	0.9916387959866221	7514.0	57.0	968.0	11.0	6.0	677.0	6.0	3.0	599.0	51.0	7.0	97.0	1.0	3.0	0.0
1	3	4	-99999.9	1.0	-0.001941747572815534	7494.0	113.0	108.0	530.0	12.0	965.0	14.0	4.0	13.0	640.0	5.0	7.0	2.0	92.0	1.0
1	4	3	0.1922666397845601	0.4237666930846996	0.0019305019305019305	7494.0	108.0	113.0	530.0	12.0	965.0	13.0	7.0	14.0	640.0	2.0	4.0	5.0	92.0	1.0
3	1	4	-99.20958612883328	1.0	0.5004840271055179	7494.0	113.0	965.0	14.0	4.0	108.0	530.0	12.0	13.0	640.0	5.0	7.0	92.0	2.0	1.0
1	3	5	-0.2862361910298957	0.612651320467198	1.042857142857143	7110.0	497.0	565.0	51.0	34.0	896.0	54.0	33.0	127.0	497.0	34.0	39.0	27.0	34.0	2.0
1	5	3	-7.251316839424006	0.9999999999997922	0.4899328859060403	7110.0	565.0	497.0	51.0	34.0	896.0	127.0	39.0	54.0	497.0	27.0	33.0	34.0	34.0	2.0
3	1	5	0.29799932216811065	0.3828519085566634	0.9620253164556962	7110.0	497.0	896.0	54.0	33.0	565.0	51.0	34.0	127.0	497.0	34.0	39.0	34.0	27.0	2.0
1	3	6	-1.8607102257349177	0.9686075072805643	1.1225806451612903	7175.0	432.0	602.0	35.0	13.0	902.0	54.0	27.0	228.0	404.0	26.0	51.0	23.0	27.0	1.0
1	6	3	-18.900898608781	1.0	0.4741144414168937	7175.0	602.0	432.0	35.0	13.0	902.0	228.0	51.0	54.0	404.0	23.0	27.0	26.0	27.0	1.0
3	1	6	2.063891227395627	0.019513949481234638	0.910377358490566	7175.0	432.0	902.0	54.0	27.0	602.0	35.0	13.0	228.0	404.0	26.0	51.0	27.0	23.0	1.0
1	3	7	0.33546375568499276	0.3686377081170703	0.985	7208.0	399.0	593.0	42.0	15.0	921.0	39.0	23.0	236.0	400.0	22.0	55.0	18.0	28.0	1.0
1	7	3	-21.693322867629536	1.0	0.5038363171355499	7208.0	593.0	399.0	42.0	15.0	921.0	236.0	55.0	39.0	400.0	18.0	23.0	22.0	28.0	1.0
3	1	7	-0.33035517057303854	0.6294341265996047	1.0157068062827226	7208.0	399.0	921.0	39.0	23.0	593.0	42.0	15.0	236.0	400.0	22.0	55.0	28.0	18.0	1.0
1	3	8	-0.24154971305709647	0.5954354032595207	1.0063291139240507	7326.0	281.0	606.0	33.0	11.0	926.0	35.0	22.0	353.0	288.0	17.0	60.0	17.0	24.0	1.0
1	8	3	-38.64795408913541	1.0	0.4984326018808778	7326.0	606.0	281.0	33.0	11.0	926.0	353.0	60.0	35.0	288.0	17.0	22.0	17.0	24.0	1.0
3	1	8	0.24306889364236126	0.4039760657508783	0.9937888198757764	7326.0	281.0	926.0	35.0	22.0	606.0	33.0	11.0	353.0	288.0	17.0	60.0	24.0	17.0	1.0
1	3	9	-1.201019698368305	0.8851281549165819	1.0085616438356164	7549.0	58.0	642.0	6.0	2.0	966.0	11.0	6.0	600.0	52.0	6.0	98.0	2.0	2.0	0.0
1	9	3	-142.6811401661547	1.0	0.4978867286559594	7549.0	642.0	58.0	6.0	2.0	966.0	600.0	98.0	11.0	52.0	2.0	6.0	6.0	2.0	0.0
3	1	9	1.2112151117670171	0.11290655231038083	0.991652754590985	7549.0	58.0	966.0	11.0	6.0	642.0	6.0	2.0	600.0	52.0	6.0	98.0	2.0	2.0	0.0
1	4	5	-0.3634186793791464	0.6418538629572454	1.0579710144927537	7107.0	495.0	568.0	55.0	32.0	891.0	59.0	35.0	132.0	492.0	32.0	39.0	27.0	34.0	2.0
1	5	4	-6.9958095780485685	0.9999999999986728	0.48666666666666664	7107.0	568.0	495.0	55.0	32.0	891.0	132.0	39.0	59.0	492.0	27.0	35.0	32.0	34.0	2.0
4	1	5	0.3833320316738942	0.3507368516836198	0.9506172839506173	7107.0	495.0	891.0	59.0	35.0	568.0	55.0	32.0	132.0	492.0	32.0	39.0	34.0	27.0	2.0
1	4	6	-1.972568833997555	0.9757277158584998	1.1372549019607843	7173.0	429.0	604.0	37.0	14.0	897.0	58.0	30.0	232.0	399.0	25.0	52.0	24.0	25.0	1.0
1	6	4	-18.316710601405862	1.0	0.47154471544715454	7173.0	604.0	429.0	37.0	14.0	897.0	232.0	52.0	58.0	399.0	24.0	30.0	25.0	25.0	1.0
4	1	6	2.2106374863765703	0.013530429166255242	0.9027777777777778	7173.0	429.0	897.0	58.0	30.0	604.0	37.0	14.0	232.0	399.0	25.0	52.0	25.0	24.0	1.0
1	4	7	-0.10449748820428731	0.5416127734773393	1.005128205128205	7208.0	394.0	593.0	45.0	17.0	916.0	46.0	23.0	242.0	392.0	22.0	54.0	19.0	28.0	1.0
1	7	4	-20.586005176244544	1.0	0.49872773536895676	7208.0	593.0	394.0	45.0	17.0	916.0	242.0	54.0	46.0	392.0	19.0	23.0	22.0	28.0	1.0
4	1	7	0.1050306386543092	0.4581756946541732	0.9949494949494949	7208.0	394.0	916.0	46.0	23.0	593.0	45.0	17.0	242.0	392.0	22.0	54.0	28.0	19.0	1.0
1	4	8	0.11557127442309818	0.45399611872955137	0.9968354430379747	7327.0	275.0	605.0	38.0	12.0	927.0	37.0	21.0	352.0	286.0	18.0	60.0	17.0	24.0	1.0
1	8	4	-36.289380168852716	1.0	0.5007949125596185	7327.0	605.0	275.0	38.0	12.0	927.0	352.0	60.0	37.0	286.0	17.0	21.0	18.0	24.0	1.0
4	1	8	-0.1152043814884217	0.5458584836151368	1.0031948881789137	7327.0	275.0	927.0	37.0	21.0	605.0	38.0	12.0	352.0	286.0	18.0	60.0	24.0	17.0	1.0
1	4	9	-0.9918240075696826	0.8393583011328108	1.0068493150684932	7545.0	57.0	646.0	6.0	3.0	969.0	10.0	6.0	598.0	52.0	6.0	97.0	3.0	2.0	0.0
1	9	4	-146.78995312031208	1.0	0.4983050847457627	7545.0	646.0	57.0	6.0	3.0	969.0	598.0	97.0	10.0	52.0	3.0	6.0	6.0	2.0	0.0
4	1	9	0.9985711096619934	0.15900125992872682	0.9932885906040269	7545.0	57.0	969.0	10.0	6.0	646.0	6.0	3.0	598.0	52.0	6.0	97.0	2.0	3.0	0.0
1	5	6	-0.9936103261282866	0.8397936850836878	1.1222222222222222	7261.0	414.0	516.0	48.0	18.0	973.0	59.0	30.0	160.0	395.0	23.0	48.0	27.0	26.0	2.0
1	6	5	-10.11675968421528	1.0	0.4741784037558685	7261.0	516.0	414.0	48.0	18.0	973.0	160.0	48.0	59.0	395.0	27.0	30.0	23.0	26.0	2.0
5	1	6	1.1018253121422585	0.13526885666843047	0.9105691056910569	7261.0	414.0	973.0	59.0	30.0	516.0	48.0	18.0	160.0	395.0	23.0	48.0	26.0	27.0	2.0
1	5	7	-0.31380023768160026	0.6231635491332886	1.0241935483870968	7279.0	396.0	522.0	43.0	17.0	991.0	46.0	25.0	173.0	386.0	19.0	48.0	25.0	27.0	3.0
1	7	5	-13.598010299536014	1.0	0.4941634241245136	7279.0	522.0	396.0	43.0	17.0	991.0	173.0	48.0	46.0	386.0	25.0	25.0	19.0	27.0	3.0
5	1	7	0.3212128417213231	0.37402461934600173	0.9774436090225563	7279.0	396.0	991.0	46.0	25.0	522.0	43.0	17.0	173.0	386.0	19.0	48.0	27.0	25.0	3.0
1	5	8	-1.0891748021547887	0.8619615546711137	1.0384615384615385	7386.0	289.0	546.0	28.0	8.0	1002.0	37.0	23.0	280.0	282.0	16.0	57.0	21.0	23.0	2.0
1	8	5	-30.49689446033409	1.0	0.4909090909090909	7386.0	546.0	289.0	28.0	8.0	1002.0	280.0	57.0	37.0	282.0	21.0	23.0	16.0	23.0	2.0
5	1	8	1.129514609642003	0.1293404570611001	0.9655172413793104	7386.0	289.0	1002.0	37.0	23.0	546.0	28.0	8.0	280.0	282.0	16.0	57.0	23.0	21.0	2.0
1	5	9	-0.2415605476126791	0.5954396013356571	1.0019646365422397	7621.0	54.0	570.0	8.0	4.0	1048.0	9.0	5.0	519.0	54.0	5.0	97.0	2.0	3.0	1.0
1	9	5	-123.43743983007847	1.0	0.4995102840352595	7621.0	570.0	54.0	8.0	4.0	1048.0	519.0	97.0	9.0	54.0	2.0	5.0	5.0	3.0	1.0
5	1	9	0.24203419574525295	0.40437688449137144	0.998046875	7621.0	54.0	1048.0	9.0	5.0	570.0	8.0	4.0	519.0	54.0	5.0	97.0	3.0	2.0	1.0
1	6	7	0.6800843501988271	0.24822545931286522	0.8064516129032259	7380.0	397.0	421.0	49.0	10.0	1108.0	43.0	30.0	68.0	400.0	13.0	36.0	14.0	29.0	2.0
1	7	6	-2.1536004422962858	0.9843642957736181	0.5681818181818182	7380.0	421.0	397.0	49.0	10.0	1108.0	68.0	36.0	43.0	400.0	14.0	30.0	13.0	29.0	2.0
6	1	7	-0.5168641061511086	0.6973744976134015	1.4615384615384617	7380.0	397.0	1108.0	43.0	30.0	421.0	49.0	10.0	68.0	400.0	13.0	36.0	29.0	14.0	2.0
1	6	8	-0.3857481600968974	0.6501583494314861	1.0212765957446808	7489.0	288.0	443.0	28.0	9.0	1120.0	31.0	30.0	175.0	298.0	8.0	44.0	11.0	25.0	1.0
1	8	6	-18.90165984474798	1.0	0.4948453608247423	7489.0	443.0	288.0	28.0	9.0	1120.0	175.0	44.0	31.0	298.0	11.0	30.0	8.0	25.0	1.0
6	1	8	0.3937845800989161	0.3468700966804248	0.98	7489.0	288.0	1120.0	31.0	30.0	443.0	28.0	9.0	175.0	298.0	8.0	44.0	25.0	11.0	1.0
1	6	9	-0.9336190196739715	0.8247497909198624	1.00982800982801	7720.0	57.0	471.0	7.0	2.0	1165.0	11.0	5.0	422.0	53.0	6.0	77.0	1.0	3.0	0.0
1	9	6	-96.8629732911743	1.0	0.4975786924939467	7720.0	471.0	57.0	7.0	2.0	1165.0	422.0	77.0	11.0	53.0	1.0	5.0	6.0	3.0	0.0
6	1	9	0.9427053361671487	0.17291580888285818	0.9904534606205251	7720.0	57.0	1165.0	11.0	5.0	471.0	7.0	2.0	422.0	53.0	6.0	77.0	3.0	1.0	0.0
1	7	8	0.25999570168840097	0.39743360363624547	0.9834710743801653	7519.0	282.0	413.0	31.0	12.0	1154.0	29.0	29.0	148.0	302.0	7.0	37.0	9.0	27.0	1.0
1	8	7	-15.209748548771449	1.0	0.5042372881355932	7519.0	413.0	282.0	31.0	12.0	1154.0	148.0	37.0	29.0	302.0	9.0	29.0	7.0	27.0	1.0
7	1	8	-0.2556260260297724	0.6008801326006166	1.017391304347826	7519.0	282.0	1154.0	29.0	29.0	413.0	31.0	12.0	148.0	302.0	7.0	37.0	27.0	9.0	1.0
1	7	9	-0.7217015236332853	0.7647610668308846	1.0077720207253886	7744.0	57.0	447.0	7.0	2.0	1197.0	10.0	5.0	399.0	54.0	4.0	68.0	1.0	5.0	0.0
1	9	7	-94.30233242141549	1.0	0.4980793854033291	7744.0	447.0	57.0	7.0	2.0	1197.0	399.0	68.0	10.0	54.0	1.0	5.0	4.0	5.0	0.0
7	1	9	0.7272673451523082	0.23353102976705675	0.9924050632911392	7744.0	57.0	1197.0	10.0	5.0	447.0	7.0	2.0	399.0	54.0	4.0	68.0	5.0	1.0	0.0
1	8	9	-0.6814745980038782	0.7522144500563226	1.0111524163568772	7874.0	58.0	317.0	8.0	0.0	1322.0	11.0	6.0	283.0	53.0	4.0	59.0	1.0	4.0	0.0
1	9	8	-62.468504817022115	1.0	0.4972577696526508	7874.0	317.0	58.0	8.0	0.0	1322.0	283.0	59.0	11.0	53.0	1.0	6.0	4.0	4.0	0.0
8	1	9	0.6889908619524503	0.2454144409181236	0.9892086330935251	7874.0	58.0	1322.0	11.0	6.0	317.0	8.0	0.0	283.0	53.0	4.0	59.0	4.0	1.0	0.0
2	3	4	1.7106136354260264	0.04357619786568789	0.03980099502487563	8120.0	123.0	109.0	200.0	4.0	339.0	7.0	1.0	15.0	1032.0	12.0	4.0	4.0	30.0	0.0
2	4	3	-99999.9	1.0	-0.04519774011299435	8120.0	109.0	123.0	200.0	4.0	339.0	15.0	4.0	7.0	1032.0	4.0	1.0	12.0	30.0	0.0
3	2	4	-39.55794031922684	1.0	0.4894179894179894	8120.0	123.0	339.0	7.0	1.0	109.0	200.0	4.0	15.0	1032.0	12.0	4.0	30.0	4.0	0.0
2	3	5	1.947542453281081	0.025734798936696168	0.970917225950783	7685.0	558.0	267.0	29.0	17.0	321.0	16.0	10.0	450.0	543.0	66.0	14.0	14.0	10.0	0.0
2	5	3	-63.070413294718094	1.0	0.5076023391812865	7685.0	267.0	558.0	29.0	17.0	321.0	450.0	14.0	16.0	543.0	14.0	10.0	66.0	10.0	0.0
3	2	5	-1.8892059281827998	0.9705679445827939	1.031862745098039	7685.0	558.0	321.0	16.0	10.0	267.0	29.0	17.0	450.0	543.0	66.0	14.0	10.0	14.0	0.0
2	3	6	1.0021626688161238	0.15813252799169653	0.9893805309734514	7754.0	489.0	286.0	21.0	6.0	323.0	15.0	9.0	574.0	439.0	46.0	21.0	10.0	6.0	1.0
2	6	3	-92.36599264255275	1.0	0.5026978417266188	7754.0	286.0	489.0	21.0	6.0	323.0	574.0	21.0	15.0	439.0	10.0	9.0	46.0	6.0	1.0
3	2	6	-0.991406003318992	0.8392563084260802	1.0109689213893966	7754.0	489.0	323.0	15.0	9.0	286.0	21.0	6.0	574.0	439.0	46.0	21.0	6.0	10.0	1.0
2	3	7	0.7825294669032878	0.21695167397728032	0.9911816578483245	7806.0	437.0	280.0	23.0	10.0	323.0	18.0	6.0	580.0	442.0	37.0	24.0	9.0	5.0	0.0
2	7	3	-87.17378261302615	1.0	0.5022341376228776	7806.0	280.0	437.0	23.0	10.0	323.0	580.0	24.0	18.0	442.0	9.0	6.0	37.0	5.0	0.0
3	2	7	-0.7755674609699845	0.7809978551011396	1.0090579710144927	7806.0	437.0	323.0	18.0	6.0	280.0	23.0	10.0	580.0	442.0	37.0	24.0	5.0	9.0	0.0
2	3	8	0.19973462777230336	0.42084408979937793	0.9985486211901307	7926.0	317.0	295.0	13.0	5.0	326.0	12.0	9.0	700.0	327.0	32.0	24.0	8.0	5.0	1.0
2	8	3	-137.2176892795722	1.0	0.5003636363636363	7926.0	295.0	317.0	13.0	5.0	326.0	700.0	24.0	12.0	327.0	8.0	9.0	32.0	5.0	1.0
3	2	8	-0.19944431581333197	0.5790423767374537	1.001457725947522	7926.0	317.0	326.0	12.0	9.0	295.0	13.0	5.0	700.0	327.0	32.0	24.0	5.0	8.0	1.0
2	3	9	0.37542855283509297	0.3536709449690162	0.9989969909729187	8174.0	69.0	308.0	4.0	1.0	341.0	3.0	3.0	999.0	53.0	7.0	33.0	2.0	3.0	0.0
2	9	3	-373.5514100709211	1.0	0.5002511300853842	8174.0	308.0	69.0	4.0	1.0	341.0	999.0	33.0	3.0	53.0	2.0	3.0	7.0	3.0	0.0
3	2	9	-0.3750516165370658	0.6461889018501861	1.0010060362173039	8174.0	69.0	341.0	3.0	3.0	308.0	4.0	1.0	999.0	53.0	7.0	33.0	3.0	2.0	0.0
2	4	5	1.580922821099032	0.05694784825139387	0.9743589743589743	7669.0	560.0	283.0	30.0	14.0	329.0	19.0	10.0	437.0	541.0	65.0	19.0	13.0	10.0	1.0
2	5	4	-58.4941443806642	1.0	0.5066666666666666	7669.0	283.0	560.0	30.0	14.0	329.0	437.0	19.0	19.0	541.0	13.0	10.0	65.0	10.0	1.0
4	2	5	-1.539319588964847	0.9381368348805339	1.0277777777777777	7669.0	560.0	329.0	19.0	10.0	283.0	30.0	14.0	437.0	541.0	65.0	19.0	10.0	13.0	1.0
2	4	6	0.493667306049457	0.3107705811627285	0.9945155393053017	7739.0	490.0	301.0	20.0	6.0	331.0	17.0	10.0	561.0	436.0	46.0	26.0	11.0	5.0	1.0
2	6	4	-89.02467085758552	1.0	0.5013824884792626	7739.0	301.0	490.0	20.0	6.0	331.0	561.0	26.0	17.0	436.0	11.0	10.0	46.0	5.0	1.0
4	2	6	-0.4909448760528608	0.688267278558846	1.0055762081784387	7739.0	490.0	331.0	17.0	10.0	301.0	20.0	6.0	561.0	436.0	46.0	26.0	5.0	11.0	1.0
2	4	7	0.14903607947038375	0.4407625636944801	0.9981718464351006	7793.0	436.0	293.0	23.0	11.0	331.0	22.0	5.0	568.0	437.0	38.0	28.0	10.0	5.0	0.0
2	7	4	-81.22466331135885	1.0	0.5004582951420715	7793.0	293.0	436.0	23.0	11.0	331.0	568.0	28.0	22.0	437.0	10.0	5.0	38.0	5.0	0.0
4	2	7	-0.14876311961787392	0.5591297418179244	1.0018382352941178	7793.0	436.0	331.0	22.0	5.0	293.0	23.0	11.0	568.0	437.0	38.0	28.0	5.0	10.0	0.0
2	4	8	0.7561850759578193	0.22476905239414735	0.9940740740740741	7916.0	313.0	305.0	16.0	6.0	338.0	12.0	8.0	683.0	327.0	33.0	29.0	8.0	5.0	1.0
2	8	4	-126.09386141596593	1.0	0.5014947683109118	7916.0	305.0	313.0	16.0	6.0	338.0	683.0	29.0	12.0	327.0	8.0	8.0	33.0	5.0	1.0
4	2	8	-0.7516772662650753	0.7738774852331771	1.0060331825037707	7916.0	313.0	338.0	12.0	8.0	305.0	16.0	6.0	683.0	327.0	33.0	29.0	5.0	8.0	1.0
2	4	9	0.37543089965431226	0.3536700724322732	0.9989795918367347	8161.0	68.0	321.0	4.0	2.0	353.0	3.0	2.0	982.0	53.0	8.0	38.0	2.0	3.0	0.0
2	9	4	-367.1714198619176	1.0	0.5002554931016863	8161.0	321.0	68.0	4.0	2.0	353.0	982.0	38.0	3.0	53.0	2.0	2.0	8.0	3.0	0.0
4	2	9	-0.3750474155892926	0.646187339734011	1.0010235414534288	8161.0	68.0	353.0	3.0	2.0	321.0	4.0	2.0	982.0	53.0	8.0	38.0	3.0	2.0	0.0
2	5	6	1.7878121057851166	0.03690311357297371	0.8814814814814815	7506.0	446.0	534.0	51.0	19.0	728.0	35.0	22.0	154.0	399.0	20.0	36.0	30.0	19.0	1.0
2	6	5	-11.509040430991691	1.0	0.536036036036036	7506.0	534.0	446.0	51.0	19.0	728.0	154.0	36.0	35.0	399.0	30.0	22.0	20.0	19.0	1.0
5	2	6	-1.5474340075282946	0.9391206712662187	1.1839080459770115	7506.0	446.0	728.0	35.0	22.0	534.0	51.0	19.0	154.0	399.0	20.0	36.0	19.0	30.0	1.0
2	5	7	-0.42790999880013636	0.6656416398138406	1.0357142857142858	7542.0	410.0	544.0	40.0	20.0	728.0	44.0	13.0	160.0	398.0	15.0	39.0	27.0	18.0	2.0
2	7	5	-12.837299964004087	1.0	0.4915254237288135	7542.0	544.0	410.0	40.0	20.0	728.0	160.0	39.0	44.0	398.0	27.0	13.0	15.0	18.0	2.0
5	2	7	0.4426655160001412	0.32900387351857396	0.967741935483871	7542.0	410.0	728.0	44.0	13.0	544.0	40.0	20.0	160.0	398.0	15.0	39.0	18.0	27.0	2.0
2	5	8	-0.9933161728940587	0.8397220434709449	1.0355555555555556	7656.0	296.0	565.0	27.0	12.0	732.0	35.0	18.0	268.0	291.0	14.0	50.0	21.0	15.0	0.0
2	8	5	-29.923649708433523	1.0	0.49156118143459915	7656.0	565.0	296.0	27.0	12.0	732.0	268.0	50.0	35.0	291.0	21.0	18.0	14.0	15.0	0.0
5	2	8	1.0274214492166016	0.15211104816712995	0.9678714859437751	7656.0	296.0	732.0	35.0	18.0	565.0	27.0	12.0	268.0	291.0	14.0	50.0	15.0	21.0	0.0
2	5	9	0.9988352776984084	0.1589372562068635	0.9922330097087378	7892.0	60.0	590.0	10.0	4.0	777.0	6.0	2.0	517.0	50.0	6.0	79.0	2.0	5.0	0.0
2	9	5	-126.60237144827325	1.0	0.5019646365422397	7892.0	590.0	60.0	10.0	4.0	777.0	517.0	79.0	6.0	50.0	2.0	2.0	6.0	5.0	0.0
5	2	9	-0.9910166062487146	0.8391612578138701	1.0079522862823063	7892.0	60.0	777.0	6.0	2.0	590.0	10.0	4.0	517.0	50.0	6.0	79.0	5.0	2.0	0.0
2	6	7	-99999.9	1.0	-0.16666666666666666	7629.0	411.0	457.0	52.0	7.0	859.0	45.0	14.0	44.0	407.0	13.0	24.0	17.0	19.0	2.0
2	7	6	0.11209166120112121	0.4553753156948238	0.1111111111111111	7629.0	457.0	411.0	52.0	7.0	859.0	44.0	24.0	45.0	407.0	17.0	14.0	13.0	19.0	2.0
6	2	7	-0.7846416284078532	0.7836682052945952	0.5333333333333333	7629.0	411.0	859.0	45.0	14.0	457.0	52.0	7.0	44.0	407.0	13.0	24.0	19.0	17.0	2.0
2	6	8	0.0	0.49999999949999996	nan	7741.0	299.0	480.0	29.0	7.0	868.0	29.0	21.0	149.0	306.0	9.0	33.0	12.0	16.0	1.0
2	8	6	-15.74320605865157	1.0	0.5	7741.0	480.0	299.0	29.0	7.0	868.0	149.0	33.0	29.0	306.0	12.0	21.0	9.0	16.0	1.0
6	2	8	0.0	0.49999999949999996	nan	7741.0	299.0	868.0	29.0	21.0	480.0	29.0	7.0	149.0	306.0	9.0	33.0	16.0	12.0	1.0
2	6	9	0.0	0.49999999949999996	nan	7980.0	60.0	502.0	10.0	4.0	905.0	10.0	3.0	411.0	48.0	5.0	57.0	0.0	5.0	0.0
2	9	6	-89.4429972174668	1.0	0.5	7980.0	502.0	60.0	10.0	4.0	905.0	411.0	57.0	10.0	48.0	0.0	3.0	5.0	5.0	0.0
6	2	9	0.0	0.49999999949999996	nan	7980.0	60.0	905.0	10.0	3.0	502.0	10.0	4.0	411.0	48.0	5.0	57.0	5.0	0.0	0.0
2	7	8	0.5322599978285231	0.29727294847487096	0.967479674796748	7794.0	292.0	427.0	31.0	12.0	879.0	27.0	21.0	146.0	313.0	10.0	25.0	7.0	16.0	0.0
2	8	7	-15.302474937570029	1.0	0.5085470085470086	7794.0	427.0	292.0	31.0	12.0	879.0	146.0	25.0	27.0	313.0	7.0	21.0	10.0	16.0	0.0
7	2	8	-0.5143689054645391	0.6965029617387104	1.0360360360360361	7794.0	292.0	879.0	27.0	21.0	427.0	31.0	12.0	146.0	313.0	10.0	25.0	16.0	7.0	0.0
2	7	9	1.1473546628123727	0.12561759141777262	0.9879227053140096	8025.0	61.0	457.0	12.0	1.0	916.0	7.0	4.0	416.0	49.0	4.0	41.0	2.0	5.0	0.0
2	9	7	-92.70625675523975	1.0	0.5030750307503076	8025.0	457.0	61.0	12.0	1.0	916.0	416.0	41.0	7.0	49.0	2.0	4.0	4.0	5.0	0.0
7	2	9	-1.1333283221911947	0.8714617459097231	1.012531328320802	8025.0	61.0	916.0	7.0	4.0	457.0	12.0	1.0	416.0	49.0	4.0	41.0	5.0	2.0	0.0
2	8	9	0.6555345528810997	0.2560617602729608	0.9896193771626297	8159.0	62.0	323.0	12.0	0.0	1037.0	9.0	4.0	295.0	48.0	4.0	41.0	1.0	5.0	0.0
2	9	8	-61.83875948845057	1.0	0.5026362038664324	8159.0	323.0	62.0	12.0	0.0	1037.0	295.0	41.0	9.0	48.0	1.0	4.0	4.0	5.0	0.0
8	2	9	-0.6486583163124168	0.741720435587639	1.0107142857142857	8159.0	62.0	1037.0	9.0	4.0	323.0	12.0	0.0	295.0	48.0	4.0	41.0	5.0	1.0	0.0
3	4	5	0.22898413451242763	0.40944066792538747	0.9983443708609272	7888.0	571.0	118.0	10.0	3.0	110.0	9.0	9.0	612.0	567.0	83.0	9.0	6.0	4.0	1.0
3	5	4	-137.84844897648173	1.0	0.5004149377593361	7888.0	118.0	571.0	10.0	3.0	110.0	612.0	9.0	9.0	567.0	6.0	9.0	83.0	4.0	1.0
4	3	5	-0.22860439299582327	0.5904117510484865	1.0016638935108153	7888.0	571.0	110.0	9.0	9.0	118.0	10.0	3.0	612.0	567.0	83.0	9.0	4.0	6.0	1.0
3	4	6	-0.6846349412158482	0.7532129115496792	1.0040268456375838	7960.0	499.0	117.0	8.0	6.0	110.0	11.0	7.0	759.0	450.0	53.0	12.0	5.0	3.0	0.0
3	6	4	-171.3869469510348	1.0	0.4989993328885924	7960.0	117.0	499.0	8.0	6.0	110.0	759.0	12.0	11.0	450.0	5.0	7.0	53.0	3.0	0.0
4	3	6	0.6873808032795482	0.24592132773105624	0.9960212201591512	7960.0	499.0	110.0	11.0	7.0	117.0	8.0	6.0	759.0	450.0	53.0	12.0	3.0	5.0	0.0
3	4	7	-0.6514256307529473	0.7426141776960848	1.0040106951871657	8014.0	445.0	115.0	9.0	7.0	110.0	12.0	6.0	763.0	453.0	46.0	11.0	5.0	3.0	1.0
3	7	4	-163.7249751959076	1.0	0.4990033222591362	8014.0	115.0	445.0	9.0	7.0	110.0	763.0	11.0	12.0	453.0	5.0	6.0	46.0	3.0	1.0
4	3	7	0.6540278636321201	0.2565468640195452	0.9960369881109643	8014.0	445.0	110.0	12.0	6.0	115.0	9.0	7.0	763.0	453.0	46.0	11.0	3.0	5.0	1.0
3	4	8	1.0662894911128622	0.14314643315100128	0.9954699886749717	8134.0	325.0	118.0	9.0	4.0	120.0	5.0	3.0	884.0	337.0	41.0	15.0	3.0	2.0	0.0
3	8	4	-233.25082618093765	1.0	0.5011402508551882	8134.0	118.0	325.0	9.0	4.0	120.0	884.0	15.0	5.0	337.0	3.0	3.0	41.0	2.0	0.0
4	3	8	-1.0614372067391973	0.8557543399476507	1.0045924225028702	8134.0	325.0	120.0	5.0	3.0	118.0	9.0	4.0	884.0	337.0	41.0	15.0	2.0	3.0	0.0
3	4	9	0.0	0.49999999949999996	nan	8387.0	72.0	128.0	1.0	2.0	127.0	1.0	0.0	1193.0	59.0	10.0	20.0	0.0	0.0	0.0
3	9	4	-822.558146736104	1.0	0.5	8387.0	128.0	72.0	1.0	2.0	127.0	1193.0	20.0	1.0	59.0	0.0	0.0	10.0	0.0	0.0
4	3	9	0.0	0.49999999949999996	nan	8387.0	72.0	127.0	1.0	0.0	128.0	1.0	2.0	1193.0	59.0	10.0	20.0	0.0	0.0	0.0
3	5	6	1.2429942887886791	0.10693503731338416	0.9197080291970803	7556.0	450.0	521.0	47.0	16.0	678.0	36.0	17.0	162.0	398.0	22.0	41.0	32.0	24.0	0.0
3	6	5	-12.994940291881642	1.0	0.5228215767634855	7556.0	521.0	450.0	47.0	16.0	678.0	162.0	41.0	36.0	398.0	32.0	17.0	22.0	24.0	0.0
5	3	6	-1.13447891437062	0.8717030900031969	1.1057692307692308	7556.0	450.0	678.0	36.0	17.0	521.0	47.0	16.0	162.0	398.0	22.0	41.0	24.0	32.0	0.0
3	5	7	-0.7334397242947628	0.7683549299480825	1.0608695652173914	7600.0	406.0	529.0	39.0	16.0	670.0	46.0	15.0	168.0	396.0	18.0	46.0	28.0	21.0	2.0
3	7	5	-13.516246347717773	1.0	0.4860557768924303	7600.0	529.0	406.0	39.0	16.0	670.0	168.0	46.0	46.0	396.0	28.0	15.0	18.0	21.0	2.0
5	3	7	0.7755223314264296	0.21901547284546619	0.9485294117647058	7600.0	406.0	670.0	46.0	15.0	529.0	39.0	16.0	168.0	396.0	18.0	46.0	21.0	28.0	2.0
3	5	8	-0.7273514421254417	0.7664947230101202	1.025	7708.0	298.0	544.0	30.0	10.0	680.0	36.0	15.0	282.0	286.0	14.0	57.0	23.0	17.0	0.0
3	8	5	-30.548760569268563	1.0	0.4939759036144578	7708.0	544.0	298.0	30.0	10.0	680.0	282.0	57.0	36.0	286.0	23.0	15.0	14.0	17.0	0.0
5	3	8	0.745091721201672	0.22810806844822873	0.9767441860465116	7708.0	298.0	680.0	36.0	15.0	544.0	30.0	10.0	282.0	286.0	14.0	57.0	17.0	23.0	0.0
3	5	9	0.8942550617816724	0.18559268758243408	0.9923518164435946	7946.0	60.0	569.0	12.0	3.0	723.0	8.0	0.0	527.0	49.0	6.0	90.0	3.0	4.0	0.0
3	9	5	-115.13533920439053	1.0	0.5019342359767891	7946.0	569.0	60.0	12.0	3.0	723.0	527.0	90.0	8.0	49.0	3.0	0.0	6.0	4.0	0.0
5	3	9	-0.8873629225771894	0.8125582644696459	1.0078277886497065	7946.0	60.0	723.0	8.0	0.0	569.0	12.0	3.0	527.0	49.0	6.0	90.0	4.0	3.0	0.0
3	6	7	0.0	0.49999999949999996	nan	7671.0	406.0	458.0	48.0	7.0	817.0	48.0	16.0	47.0	405.0	14.0	20.0	17.0	25.0	1.0
3	7	6	0.10200895677962452	0.4593747269931502	0.5	7671.0	458.0	406.0	48.0	7.0	817.0	47.0	20.0	48.0	405.0	17.0	16.0	14.0	25.0	1.0
6	3	7	0.0	0.49999999949999996	nan	7671.0	406.0	817.0	48.0	16.0	458.0	48.0	7.0	47.0	405.0	14.0	20.0	25.0	17.0	1.0
3	6	8	-0.25579483019018046	0.6009453095419723	1.0161290322580645	7776.0	301.0	476.0	29.0	8.0	833.0	31.0	17.0	157.0	301.0	8.0	29.0	13.0	21.0	0.0
3	8	6	-16.370869132171542	1.0	0.49606299212598426	7776.0	476.0	301.0	29.0	8.0	833.0	157.0	29.0	31.0	301.0	13.0	17.0	8.0	21.0	0.0
6	3	8	0.25985506559002464	0.39748784564046247	0.9846153846153847	7776.0	301.0	833.0	31.0	17.0	476.0	29.0	8.0	157.0	301.0	8.0	29.0	21.0	13.0	0.0
3	6	9	0.0	0.49999999949999996	nan	8018.0	59.0	497.0	12.0	4.0	867.0	12.0	2.0	413.0	48.0	5.0	60.0	0.0	3.0	0.0
3	9	6	-81.6837845836029	1.0	0.5	8018.0	497.0	59.0	12.0	4.0	867.0	413.0	60.0	12.0	48.0	0.0	2.0	5.0	3.0	0.0
6	3	9	0.0	0.49999999949999996	nan	8018.0	59.0	867.0	12.0	2.0	497.0	12.0	4.0	413.0	48.0	5.0	60.0	3.0	0.0	0.0
3	7	8	0.3944026918679785	0.3466419298842214	0.9765625	7835.0	294.0	417.0	31.0	13.0	838.0	28.0	18.0	153.0	309.0	8.0	28.0	8.0	20.0	0.0
3	8	7	-16.03904280263113	1.0	0.5060728744939271	7835.0	417.0	294.0	31.0	13.0	838.0	153.0	28.0	28.0	309.0	8.0	18.0	8.0	20.0	0.0
7	3	8	-0.384937027263147	0.6498579089112309	1.0252100840336134	7835.0	294.0	838.0	28.0	18.0	417.0	31.0	13.0	153.0	309.0	8.0	28.0	20.0	8.0	0.0
3	7	9	1.0438850347455408	0.14826931763779605	0.9878934624697336	8069.0	60.0	446.0	14.0	1.0	872.0	9.0	3.0	417.0	49.0	4.0	51.0	2.0	3.0	0.0
3	9	7	-84.1371338004904	1.0	0.5030826140567202	8069.0	446.0	60.0	14.0	1.0	872.0	417.0	51.0	9.0	49.0	2.0	3.0	4.0	3.0	0.0
7	3	9	-1.0310923259864042	0.8487512153102066	1.0125628140703518	8069.0	60.0	872.0	9.0	3.0	446.0	14.0	1.0	417.0	49.0	4.0	51.0	3.0	2.0	0.0
3	8	9	0.6012119464624347	0.2738493658373733	0.9894736842105263	8191.0	61.0	324.0	14.0	0.0	1005.0	11.0	3.0	293.0	48.0	4.0	42.0	1.0	3.0	0.0
3	9	8	-55.912711021006345	1.0	0.5026737967914439	8191.0	324.0	61.0	14.0	0.0	1005.0	293.0	42.0	11.0	48.0	1.0	3.0	4.0	3.0	0.0
8	3	9	-0.5948160746915577	0.7240168354403557	1.0108695652173914	8191.0	61.0	1005.0	11.0	3.0	324.0	14.0	0.0	293.0	48.0	4.0	42.0	3.0	1.0	0.0
4	5	6	1.3816015876095507	0.08354709117434966	0.9142857142857143	7547.0	451.0	523.0	46.0	20.0	687.0	34.0	18.0	162.0	398.0	21.0	39.0	29.0	25.0	0.0
4	6	5	-13.355482013558996	1.0	0.5245901639344263	7547.0	523.0	451.0	46.0	20.0	687.0	162.0	39.0	34.0	398.0	29.0	18.0	21.0	25.0	0.0
5	4	6	-1.2520764387711554	0.8947289253395102	1.1153846153846154	7547.0	451.0	687.0	34.0	18.0	523.0	46.0	20.0	162.0	398.0	21.0	39.0	25.0	29.0	0.0
4	5	7	-0.6286100000292975	0.7351978511360422	1.0512820512820513	7594.0	404.0	530.0	40.0	19.0	676.0	46.0	17.0	169.0	394.0	18.0	44.0	25.0	22.0	2.0
4	7	5	-13.515115000629896	1.0	0.48809523809523814	7594.0	530.0	404.0	40.0	19.0	676.0	169.0	44.0	46.0	394.0	25.0	17.0	18.0	22.0	2.0
5	4	7	0.6592739024697509	0.25485988477626376	0.9555555555555556	7594.0	404.0	676.0	46.0	17.0	530.0	40.0	19.0	169.0	394.0	18.0	44.0	22.0	25.0	2.0
4	5	8	-1.3024410126431383	0.9036170971907722	1.0478260869565217	7704.0	294.0	550.0	28.0	11.0	684.0	39.0	16.0	280.0	287.0	14.0	53.0	22.0	18.0	0.0
4	8	5	-29.837739562370082	1.0	0.48884381338742394	7704.0	550.0	294.0	28.0	11.0	684.0	280.0	53.0	39.0	287.0	22.0	16.0	14.0	18.0	0.0
5	4	8	1.3618885277430324	0.08661659492379192	0.9581749049429658	7704.0	294.0	684.0	39.0	16.0	550.0	28.0	11.0	280.0	287.0	14.0	53.0	18.0	22.0	0.0
4	5	9	0.687800795559756	0.24578904949730074	0.9942418426103646	7939.0	59.0	575.0	11.0	3.0	730.0	8.0	1.0	526.0	49.0	6.0	85.0	3.0	5.0	0.0
4	9	5	-118.07246990442471	1.0	0.5014520813165537	7939.0	575.0	59.0	11.0	3.0	730.0	526.0	85.0	8.0	49.0	3.0	1.0	6.0	5.0	0.0
5	4	9	-0.6838173932688695	0.7529548266476696	1.005859375	7939.0	59.0	730.0	8.0	1.0	575.0	11.0	3.0	526.0	49.0	6.0	85.0	5.0	3.0	0.0
4	6	7	-99999.9	1.0	-1.0	7666.0	404.0	458.0	51.0	8.0	822.0	47.0	19.0	45.0	402.0	14.0	22.0	16.0	25.0	1.0
4	7	6	0.23449310641110657	0.40730113950301483	0.25	7666.0	458.0	404.0	51.0	8.0	822.0	45.0	22.0	47.0	402.0	16.0	19.0	14.0	25.0	1.0
6	4	7	-0.46898621282221115	0.6804602392216872	0.6	7666.0	404.0	822.0	47.0	19.0	458.0	51.0	8.0	45.0	402.0	14.0	22.0	25.0	16.0	1.0
4	6	8	-0.623873211531067	0.733644628547846	1.0442477876106195	7771.0	299.0	483.0	28.0	6.0	838.0	33.0	17.0	151.0	301.0	9.0	28.0	14.0	22.0	0.0
4	8	6	-15.347281003664262	1.0	0.4896265560165975	7771.0	483.0	299.0	28.0	6.0	838.0	151.0	28.0	33.0	301.0	14.0	17.0	9.0	22.0	0.0
6	4	8	0.6503085171044173	0.25774641593411474	0.9609375	7771.0	299.0	838.0	33.0	17.0	483.0	28.0	6.0	151.0	301.0	9.0	28.0	22.0	14.0	0.0
4	6	9	-0.20777704112024697	0.5822984395349777	1.0025316455696203	8012.0	58.0	502.0	11.0	4.0	873.0	12.0	3.0	408.0	48.0	5.0	60.0	0.0	4.0	0.0
4	9	6	-82.487485324738	1.0	0.49936948297604034	8012.0	502.0	58.0	11.0	4.0	873.0	408.0	60.0	12.0	48.0	0.0	3.0	5.0	4.0	0.0
6	4	9	0.20830173061802537	0.41749672109692393	0.9974874371859297	8012.0	58.0	873.0	12.0	3.0	502.0	11.0	4.0	408.0	48.0	5.0	60.0	4.0	0.0	0.0
4	7	8	0.0	0.49999999949999996	nan	7835.0	289.0	419.0	31.0	13.0	838.0	31.0	20.0	148.0	309.0	8.0	31.0	8.0	20.0	0.0
4	8	7	-14.847046258724182	1.0	0.5	7835.0	419.0	289.0	31.0	13.0	838.0	148.0	31.0	31.0	309.0	8.0	20.0	8.0	20.0	0.0
7	4	8	0.0	0.49999999949999996	nan	7835.0	289.0	838.0	31.0	20.0	419.0	31.0	13.0	148.0	309.0	8.0	31.0	20.0	8.0	0.0
4	7	9	0.8535435819492584	0.19667891957267125	0.9901719901719902	8065.0	59.0	449.0	13.0	1.0	876.0	9.0	4.0	412.0	49.0	4.0	53.0	2.0	4.0	0.0
4	9	7	-85.14097229943845	1.0	0.502493765586035	8065.0	449.0	59.0	13.0	1.0	876.0	412.0	53.0	9.0	49.0	2.0	4.0	4.0	4.0	0.0
7	4	9	-0.8450716853542286	0.8009646400064783	1.010126582278481	8065.0	59.0	876.0	9.0	4.0	449.0	13.0	1.0	412.0	49.0	4.0	53.0	4.0	2.0	0.0
4	8	9	0.4085886187996412	0.3414208377398833	0.9930313588850174	8194.0	60.0	320.0	13.0	0.0	1002.0	11.0	4.0	296.0	48.0	4.0	43.0	1.0	4.0	0.0
4	9	8	-57.815289560149196	1.0	0.5017605633802817	8194.0	320.0	60.0	13.0	0.0	1002.0	296.0	43.0	11.0	48.0	1.0	4.0	4.0	4.0	0.0
8	4	9	-0.4057213302466612	0.6575262692633115	1.00711743772242	8194.0	60.0	1002.0	11.0	4.0	320.0	13.0	0.0	296.0	48.0	4.0	43.0	4.0	1.0	0.0
5	6	7	1.034150007955439	0.15053304318027105	0.7037037037037037	7815.0	419.0	455.0	40.0	8.0	673.0	32.0	19.0	51.0	406.0	12.0	19.0	18.0	32.0	1.0
5	7	6	-1.4219562609387273	0.9224804756691531	0.6333333333333333	7815.0	455.0	419.0	40.0	8.0	673.0	51.0	19.0	32.0	406.0	18.0	19.0	12.0	32.0	1.0
6	5	7	-0.5987184256584118	0.7253197135719125	3.6666666666666665	7815.0	419.0	673.0	32.0	19.0	455.0	40.0	8.0	51.0	406.0	12.0	19.0	32.0	18.0	1.0
5	6	8	0.7543821441718145	0.22530982765209429	0.9664429530201343	7921.0	313.0	467.0	25.0	11.0	688.0	20.0	16.0	164.0	300.0	5.0	31.0	13.0	26.0	0.0
5	8	6	-20.971823607976443	1.0	0.5088339222614842	7921.0	467.0	313.0	25.0	11.0	688.0	164.0	31.0	20.0	300.0	13.0	16.0	5.0	26.0	0.0
6	5	8	-0.7281883197214043	0.7667509118108176	1.037313432835821	7921.0	313.0	688.0	20.0	16.0	467.0	25.0	11.0	164.0	300.0	5.0	31.0	26.0	13.0	0.0
5	6	9	-1.4831118646455788	0.9309776194255646	1.0126262626262625	8173.0	61.0	496.0	3.0	4.0	712.0	8.0	4.0	409.0	56.0	4.0	65.0	1.0	4.0	0.0
5	9	6	-120.42868340922055	1.0	0.4969021065675341	8173.0	496.0	61.0	3.0	4.0	712.0	409.0	65.0	8.0	56.0	1.0	4.0	4.0	4.0	0.0
6	5	9	1.5016045312870447	0.06659966545549867	0.9878345498783455	8173.0	61.0	712.0	8.0	4.0	496.0	3.0	4.0	409.0	56.0	4.0	65.0	4.0	1.0	0.0
5	7	8	1.7077002395931087	0.0438459573802612	0.9191176470588235	7960.0	310.0	428.0	27.0	12.0	713.0	16.0	14.0	141.0	308.0	7.0	29.0	9.0	25.0	1.0
5	8	7	-17.69798430123768	1.0	0.5230125523012552	7960.0	428.0	310.0	27.0	12.0	713.0	141.0	29.0	16.0	308.0	9.0	14.0	7.0	25.0	1.0
7	5	8	-1.557422618508915	0.9403148976293212	1.1067961165048543	7960.0	310.0	713.0	16.0	14.0	428.0	27.0	12.0	141.0	308.0	7.0	29.0	25.0	9.0	1.0
5	7	9	-0.29969475974823495	0.617794933702665	1.0025773195876289	8209.0	61.0	460.0	5.0	2.0	732.0	6.0	5.0	395.0	58.0	3.0	59.0	1.0	3.0	1.0
5	9	7	-116.88095630181127	1.0	0.4993581514762516	8209.0	460.0	61.0	5.0	2.0	732.0	395.0	59.0	6.0	58.0	1.0	5.0	3.0	3.0	1.0
7	5	9	0.30046518329514565	0.3819112432722618	0.9974424552429667	8209.0	61.0	732.0	6.0	5.0	460.0	5.0	2.0	395.0	58.0	3.0	59.0	3.0	1.0	1.0
5	8	9	-0.8220986523812828	0.79448967842748	1.0113636363636365	8325.0	63.0	344.0	5.0	0.0	871.0	8.0	4.0	275.0	55.0	3.0	40.0	2.0	5.0	0.0
5	9	8	-73.9888787143154	1.0	0.49720670391061456	8325.0	344.0	63.0	5.0	0.0	871.0	275.0	40.0	8.0	55.0	2.0	4.0	3.0	5.0	0.0
8	5	9	0.8313357158911848	0.20289194955324197	0.989010989010989	8325.0	63.0	871.0	8.0	4.0	344.0	5.0	0.0	275.0	55.0	3.0	40.0	5.0	2.0	0.0
6	7	8	0.7628337338283266	0.22278121356805447	0.9696969696969697	8169.0	319.0	440.0	16.0	14.0	504.0	12.0	9.0	140.0	331.0	7.0	18.0	8.0	13.0	0.0
6	8	7	-23.647845748678133	1.0	0.5079365079365079	8169.0	440.0	319.0	16.0	14.0	504.0	140.0	18.0	12.0	331.0	8.0	9.0	7.0	13.0	0.0
7	6	8	-0.7389951796461914	0.7700451065520756	1.0333333333333334	8169.0	319.0	504.0	12.0	9.0	440.0	16.0	14.0	140.0	331.0	7.0	18.0	13.0	8.0	0.0
6	7	9	1.871803834020806	0.030616810715280884	0.9880382775119617	8422.0	66.0	463.0	6.0	1.0	519.0	1.0	5.0	414.0	60.0	4.0	37.0	2.0	0.0	0.0
6	9	7	-152.73919285609838	1.0	0.5030450669914738	8422.0	463.0	66.0	6.0	1.0	519.0	414.0	37.0	1.0	60.0	2.0	5.0	4.0	0.0	0.0
7	6	9	-1.8491427706549364	0.9677814603466456	1.0124069478908189	8422.0	66.0	519.0	1.0	5.0	463.0	6.0	1.0	414.0	60.0	4.0	37.0	0.0	2.0	0.0
6	8	9	0.9962410610849287	0.15956652502139856	0.9895833333333334	8542.0	67.0	343.0	6.0	0.0	654.0	3.0	5.0	288.0	59.0	4.0	28.0	1.0	0.0	0.0
6	9	8	-93.64665974198334	1.0	0.5026455026455027	8542.0	343.0	67.0	6.0	0.0	654.0	288.0	28.0	3.0	59.0	1.0	5.0	4.0	0.0	0.0
8	6	9	-0.9857543130735086	0.8378731506478545	1.010752688172043	8542.0	67.0	654.0	3.0	5.0	343.0	6.0	0.0	288.0	59.0	4.0	28.0	0.0	1.0	0.0
7	8	9	-1.1152759184781653	0.8676338507104544	1.0103806228373702	8604.0	69.0	337.0	2.0	1.0	592.0	5.0	1.0	297.0	60.0	3.0	25.0	1.0	3.0	0.0
7	9	8	-109.66879865035237	1.0	0.4974446337308348	8604.0	337.0	69.0	2.0	1.0	592.0	297.0	25.0	5.0	60.0	1.0	1.0	3.0	3.0	0.0
8	7	9	1.1267342327091054	0.12992748348547623	0.9899328859060402	8604.0	69.0	592.0	5.0	1.0	337.0	2.0	1.0	297.0	60.0	3.0	25.0	3.0	1.0	0.0
