P1	Hybrid	P2	Zscore	Pvalue	Gamma	AAAA	AAAB	AABA	AABB	AABC	ABAA	ABAB	ABAC	ABBA	BAAA	ABBC	CABC	BACA	BCAA	ABCD
1	2	3	-99999.9	1.0	-0.008298755186721992	22343.0	1037.0	1066.0	589.0	43.0	2702.0	103.0	57.0	99.0	1669.0	42.0	60.0	42.0	140.0	8.0
1	3	2	0.28246959668127264	0.3887917936434684	0.008097165991902834	22343.0	1066.0	1037.0	589.0	43.0	2702.0	99.0	60.0	103.0	1669.0	42.0	57.0	42.0	140.0	8.0
2	1	3	-34.320055996774606	1.0	0.5020491803278689	22343.0	1037.0	2702.0	103.0	57.0	1066.0	589.0	43.0	99.0	1669.0	42.0	60.0	140.0	42.0	8.0
1	2	4	0.13760172861701628	0.4452775665120683	0.004048582995951417	22305.0	1075.0	1053.0	597.0	48.0	2690.0	105.0	67.0	107.0	1666.0	37.0	58.0	43.0	145.0	4.0
1	4	2	-99999.9	1.0	-0.004098360655737705	22305.0	1053.0	1075.0	597.0	48.0	2690.0	107.0	58.0	105.0	1666.0	43.0	67.0	37.0	145.0	4.0
2	1	4	-33.71242351116895	1.0	0.4989816700610998	22305.0	1075.0	2690.0	105.0	67.0	1053.0	597.0	48.0	107.0	1666.0	37.0	58.0	145.0	43.0	4.0
1	2	5	0.7309268669759516	0.23241184303346818	0.03142857142857143	22161.0	1219.0	1192.0	450.0	56.0	2671.0	111.0	80.0	122.0	1633.0	55.0	71.0	48.0	129.0	2.0
1	5	2	-99999.9	1.0	-0.034700315457413256	22161.0	1192.0	1219.0	450.0	56.0	2671.0	122.0	71.0	111.0	1633.0	48.0	80.0	55.0	129.0	2.0
2	1	5	-21.7949102152829	1.0	0.49175412293853077	22161.0	1219.0	2671.0	111.0	80.0	1192.0	450.0	56.0	122.0	1633.0	55.0	71.0	129.0	48.0	2.0
1	2	6	2.2424036359904753	0.012467608269419284	0.09090909090909091	22200.0	1180.0	1203.0	429.0	66.0	2676.0	99.0	87.0	132.0	1635.0	43.0	67.0	46.0	131.0	6.0
1	6	2	-99999.9	1.0	-0.125	22200.0	1203.0	1180.0	429.0	66.0	2676.0	132.0	67.0	99.0	1635.0	46.0	87.0	43.0	131.0	6.0
2	1	6	-20.181632723914266	1.0	0.4736842105263158	22200.0	1180.0	2676.0	99.0	87.0	1203.0	429.0	66.0	132.0	1635.0	43.0	67.0	131.0	46.0	6.0
1	2	7	1.1229498269215386	0.13072945237911648	0.04871060171919771	22200.0	1180.0	1190.0	443.0	65.0	2657.0	111.0	94.0	128.0	1637.0	45.0	65.0	54.0	129.0	2.0
1	7	2	-99999.9	1.0	-0.05704697986577182	22200.0	1190.0	1180.0	443.0	65.0	2657.0	128.0	65.0	111.0	1637.0	54.0	94.0	45.0	129.0	2.0
2	1	7	-20.807599734134353	1.0	0.4868624420401855	22200.0	1180.0	2657.0	111.0	94.0	1190.0	443.0	65.0	128.0	1637.0	45.0	65.0	129.0	54.0	2.0
1	2	8	1.1881569035343684	0.11738586282696784	0.05232558139534884	22187.0	1193.0	1198.0	437.0	63.0	2658.0	111.0	93.0	129.0	1634.0	47.0	66.0	52.0	130.0	2.0
1	8	2	-99999.9	1.0	-0.06206896551724138	22187.0	1198.0	1193.0	437.0	63.0	2658.0	129.0	66.0	111.0	1634.0	52.0	93.0	47.0	130.0	2.0
2	1	8	-20.330684793810278	1.0	0.4858044164037855	22187.0	1193.0	2658.0	111.0	93.0	1198.0	437.0	63.0	129.0	1634.0	47.0	66.0	130.0	52.0	2.0
1	2	9	-0.7369881270546063	0.7694352840663804	1.2153846153846153	21966.0	1414.0	1506.0	140.0	52.0	2616.0	154.0	92.0	233.0	1517.0	60.0	95.0	48.0	107.0	0.0
1	9	2	-4.895706844005593	0.999999509536606	0.45930232558139533	21966.0	1506.0	1414.0	140.0	52.0	2616.0	233.0	95.0	154.0	1517.0	48.0	92.0	60.0	107.0	0.0
2	1	9	0.8675936179250431	0.19280837994158584	0.8691588785046729	21966.0	1414.0	2616.0	154.0	92.0	1506.0	140.0	52.0	233.0	1517.0	60.0	95.0	107.0	48.0	0.0
1	3	4	0.14843579742174898	0.4409994067351535	0.0031201248049922	22470.0	939.0	888.0	729.0	52.0	2719.0	90.0	52.0	92.0	1686.0	36.0	44.0	38.0	159.0	6.0
1	4	3	-99999.9	1.0	-0.003149606299212599	22470.0	888.0	939.0	729.0	52.0	2719.0	92.0	44.0	90.0	1686.0	38.0	52.0	36.0	159.0	6.0
3	1	4	-47.276801478827004	1.0	0.49921630094043884	22470.0	939.0	2719.0	90.0	52.0	888.0	729.0	52.0	92.0	1686.0	36.0	44.0	159.0	38.0	6.0
1	3	5	0.9313405742990443	0.17583869280386843	0.039660056657223795	22191.0	1218.0	1162.0	449.0	58.0	2673.0	110.0	78.0	124.0	1633.0	57.0	67.0	49.0	125.0	6.0
1	5	3	-99999.9	1.0	-0.04501607717041801	22191.0	1162.0	1218.0	449.0	58.0	2673.0	124.0	67.0	110.0	1633.0	49.0	78.0	57.0	125.0	6.0
3	1	5	-21.620406189084974	1.0	0.4894578313253012	22191.0	1218.0	2673.0	110.0	78.0	1162.0	449.0	58.0	124.0	1633.0	57.0	67.0	125.0	49.0	6.0
1	3	6	2.6673380982205726	0.003822780605304388	0.10655737704918034	22216.0	1193.0	1187.0	422.0	60.0	2677.0	95.0	89.0	134.0	1638.0	42.0	64.0	47.0	129.0	7.0
1	6	3	-99999.9	1.0	-0.15662650602409636	22216.0	1187.0	1193.0	422.0	60.0	2677.0	134.0	64.0	95.0	1638.0	47.0	89.0	42.0	129.0	7.0
3	1	6	-19.69726595609037	1.0	0.4682926829268293	22216.0	1193.0	2677.0	95.0	89.0	1187.0	422.0	60.0	134.0	1638.0	42.0	64.0	129.0	47.0	7.0
1	3	7	1.268861500860675	0.10224530154430789	0.05571847507331379	22221.0	1188.0	1169.0	430.0	70.0	2657.0	108.0	96.0	127.0	1644.0	43.0	66.0	50.0	123.0	8.0
1	7	3	-99999.9	1.0	-0.06690140845070422	22221.0	1169.0	1188.0	430.0	70.0	2657.0	127.0	66.0	108.0	1644.0	50.0	96.0	43.0	123.0	8.0
3	1	7	-20.235001829514967	1.0	0.4848	22221.0	1188.0	2657.0	108.0	96.0	1169.0	430.0	70.0	127.0	1644.0	43.0	66.0	123.0	50.0	8.0
1	3	8	1.3288017547954587	0.09195675708030404	0.058997050147492625	22214.0	1195.0	1171.0	428.0	70.0	2657.0	109.0	95.0	129.0	1640.0	45.0	67.0	48.0	124.0	8.0
1	8	3	-99999.9	1.0	-0.07168458781362007	22214.0	1171.0	1195.0	428.0	70.0	2657.0	129.0	67.0	109.0	1640.0	48.0	95.0	45.0	124.0	8.0
3	1	8	-19.86558623419209	1.0	0.4838187702265372	22214.0	1195.0	2657.0	109.0	95.0	1171.0	428.0	70.0	129.0	1640.0	45.0	67.0	124.0	48.0	8.0
1	3	9	-0.8091285587402185	0.7907794565470381	1.2173913043478262	21987.0	1422.0	1485.0	132.0	52.0	2624.0	147.0	90.0	231.0	1518.0	65.0	89.0	54.0	101.0	3.0
1	9	3	-5.340248487685447	0.999999953490174	0.4590163934426229	21987.0	1485.0	1422.0	132.0	52.0	2624.0	231.0	89.0	147.0	1518.0	54.0	90.0	65.0	101.0	3.0
3	1	9	0.9536158013724001	0.17013906877909957	0.868421052631579	21987.0	1422.0	2624.0	147.0	90.0	1485.0	132.0	52.0	231.0	1518.0	65.0	89.0	101.0	54.0	3.0
1	4	5	0.7102870190029134	0.23876301463010985	0.032352941176470584	22152.0	1206.0	1201.0	447.0	72.0	2659.0	118.0	78.0	129.0	1630.0	55.0	76.0	44.0	130.0	3.0
1	5	4	-99999.9	1.0	-0.035830618892508145	22152.0	1201.0	1206.0	447.0	72.0	2659.0	129.0	76.0	118.0	1630.0	44.0	78.0	55.0	130.0	3.0
4	1	5	-20.533752003902382	1.0	0.49149922720247297	22152.0	1206.0	2659.0	118.0	78.0	1201.0	447.0	72.0	129.0	1630.0	55.0	76.0	130.0	44.0	3.0
1	4	6	2.32592387457426	0.010011283077210997	0.09999999999999999	22169.0	1189.0	1234.0	419.0	67.0	2666.0	104.0	85.0	139.0	1628.0	47.0	70.0	48.0	129.0	6.0
1	6	4	-99999.9	1.0	-0.14285714285714285	22169.0	1234.0	1189.0	419.0	67.0	2666.0	139.0	70.0	104.0	1628.0	48.0	85.0	47.0	129.0	6.0
4	1	6	-18.607390996594077	1.0	0.47058823529411764	22169.0	1189.0	2666.0	104.0	85.0	1234.0	419.0	67.0	139.0	1628.0	47.0	70.0	129.0	48.0	6.0
1	4	7	1.0218414848554158	0.1534279837754826	0.049079754601226995	22165.0	1193.0	1225.0	430.0	65.0	2643.0	120.0	92.0	136.0	1630.0	48.0	71.0	52.0	125.0	5.0
1	7	4	-99999.9	1.0	-0.05755395683453237	22165.0	1225.0	1193.0	430.0	65.0	2643.0	136.0	71.0	120.0	1630.0	52.0	92.0	48.0	125.0	5.0
4	1	7	-18.776337284218258	1.0	0.48675496688741726	22165.0	1193.0	2643.0	120.0	92.0	1225.0	430.0	65.0	136.0	1630.0	48.0	71.0	125.0	52.0	5.0
1	4	8	1.1433928246510228	0.12643782036562223	0.05521472392638036	22163.0	1195.0	1222.0	429.0	69.0	2642.0	121.0	92.0	139.0	1626.0	49.0	72.0	50.0	126.0	5.0
1	8	4	-99999.9	1.0	-0.0661764705882353	22163.0	1222.0	1195.0	429.0	69.0	2642.0	139.0	72.0	121.0	1626.0	50.0	92.0	49.0	126.0	5.0
4	1	8	-18.4213288415998	1.0	0.48494983277591974	22163.0	1195.0	2642.0	121.0	92.0	1222.0	429.0	69.0	139.0	1626.0	49.0	72.0	126.0	50.0	5.0
1	4	9	-1.3074286916756	0.9044663535109929	1.5490196078431373	21939.0	1419.0	1533.0	133.0	54.0	2604.0	161.0	90.0	240.0	1508.0	66.0	100.0	50.0	101.0	2.0
1	9	4	-4.996245357474617	0.9999997072529494	0.42473118279569894	21939.0	1533.0	1419.0	133.0	54.0	2604.0	240.0	100.0	161.0	1508.0	50.0	90.0	66.0	101.0	2.0
4	1	9	1.7708211393580904	0.03829517824000184	0.7925925925925926	21939.0	1419.0	2604.0	161.0	90.0	1533.0	133.0	54.0	240.0	1508.0	66.0	100.0	101.0	50.0	2.0
1	5	6	1.8934318794707679	0.0291501643093095	0.062355658198614314	22236.0	1117.0	1167.0	499.0	59.0	2687.0	93.0	84.0	120.0	1631.0	41.0	68.0	56.0	137.0	5.0
1	6	5	-99999.9	1.0	-0.07670454545454546	22236.0	1167.0	1117.0	499.0	59.0	2687.0	120.0	68.0	93.0	1631.0	56.0	84.0	41.0	137.0	5.0
5	1	6	-26.578173419237825	1.0	0.4828025477707007	22236.0	1117.0	2687.0	93.0	84.0	1167.0	499.0	59.0	120.0	1631.0	41.0	68.0	137.0	56.0	5.0
1	5	7	0.3367857945488237	0.3681392586407912	0.012626262626262624	22227.0	1126.0	1163.0	500.0	62.0	2668.0	109.0	87.0	114.0	1636.0	42.0	68.0	57.0	138.0	3.0
1	7	5	-99999.9	1.0	-0.013123359580052493	22227.0	1163.0	1126.0	500.0	62.0	2668.0	114.0	68.0	109.0	1636.0	57.0	87.0	42.0	138.0	3.0
5	1	7	-25.99986333916914	1.0	0.4967824967824968	22227.0	1126.0	2668.0	109.0	87.0	1163.0	500.0	62.0	114.0	1636.0	42.0	68.0	138.0	57.0	3.0
1	5	8	0.40551016056232114	0.34255132260060916	0.015113350125944584	22224.0	1129.0	1161.0	499.0	65.0	2670.0	108.0	86.0	114.0	1634.0	44.0	69.0	55.0	139.0	3.0
1	8	5	-99999.9	1.0	-0.0158311345646438	22224.0	1161.0	1129.0	499.0	65.0	2670.0	114.0	69.0	108.0	1634.0	55.0	86.0	44.0	139.0	3.0
5	1	8	-26.020235302748926	1.0	0.4961340206185567	22224.0	1129.0	2670.0	108.0	86.0	1161.0	499.0	65.0	114.0	1634.0	44.0	69.0	139.0	55.0	3.0
1	5	9	-0.5913755824945649	0.7228656462544665	1.180327868852459	21930.0	1423.0	1542.0	140.0	43.0	2623.0	151.0	90.0	223.0	1507.0	62.0	98.0	61.0	103.0	4.0
1	9	5	-4.462197577004441	0.999995940261914	0.46451612903225803	21930.0	1542.0	1423.0	140.0	43.0	2623.0	223.0	98.0	151.0	1507.0	61.0	90.0	62.0	103.0	4.0
5	1	9	0.6817246298201234	0.24770647777387156	0.8829787234042552	21930.0	1423.0	2623.0	151.0	90.0	1542.0	140.0	43.0	223.0	1507.0	62.0	98.0	103.0	61.0	4.0
1	6	7	-99999.9	1.0	-0.022883295194508012	22730.0	673.0	660.0	973.0	42.0	2745.0	79.0	51.0	59.0	1698.0	23.0	46.0	25.0	187.0	9.0
1	7	6	1.7149231839984462	0.04317962238346107	0.021413276231263385	22730.0	660.0	673.0	973.0	42.0	2745.0	59.0	46.0	79.0	1698.0	25.0	51.0	23.0	187.0	9.0
6	1	7	-76.65706632473055	1.0	0.5055309734513274	22730.0	673.0	2745.0	79.0	51.0	660.0	973.0	42.0	59.0	1698.0	23.0	46.0	187.0	25.0	9.0
1	6	8	-99999.9	1.0	-0.021714285714285717	22724.0	679.0	661.0	972.0	42.0	2747.0	78.0	50.0	59.0	1695.0	26.0	47.0	24.0	187.0	9.0
1	8	6	1.6347219336414398	0.051053665287288386	0.020386266094420603	22724.0	661.0	679.0	972.0	42.0	2747.0	59.0	47.0	78.0	1695.0	24.0	50.0	26.0	187.0	9.0
6	1	8	-76.9179688776551	1.0	0.5052573325954621	22724.0	679.0	2747.0	78.0	50.0	661.0	972.0	42.0	59.0	1695.0	26.0	47.0	187.0	24.0	9.0
1	6	9	-1.3263927813839906	0.9076451199306401	2.6500000000000004	21964.0	1439.0	1508.0	124.0	43.0	2627.0	157.0	91.0	210.0	1510.0	60.0	107.0	52.0	104.0	4.0
1	9	6	-3.4566599757279755	0.9997264952942093	0.381294964028777	21964.0	1508.0	1439.0	124.0	43.0	2627.0	210.0	107.0	157.0	1510.0	52.0	91.0	60.0	104.0	4.0
6	1	9	2.15225998488723	0.015688386020348166	0.7226890756302521	21964.0	1439.0	2627.0	157.0	91.0	1508.0	124.0	43.0	210.0	1510.0	60.0	107.0	104.0	52.0	4.0
1	7	8	0.6295482854843482	0.26449502650677403	0.001218026796589525	23344.0	46.0	41.0	1644.0	3.0	2844.0	4.0	2.0	6.0	1792.0	4.0	3.0	1.0	266.0	0.0
1	8	7	-99999.9	1.0	-0.0012224938875305623	23344.0	41.0	46.0	1644.0	3.0	2844.0	6.0	3.0	4.0	1792.0	1.0	2.0	4.0	266.0	0.0
7	1	8	-515.6000458116791	1.0	0.4996949359365467	23344.0	46.0	2844.0	4.0	2.0	41.0	1644.0	3.0	6.0	1792.0	4.0	3.0	266.0	1.0	0.0
1	7	9	-0.9955408995054814	0.8402633605056538	1.4081632653061225	21960.0	1430.0	1512.0	132.0	44.0	2611.0	152.0	87.0	221.0	1516.0	65.0	112.0	51.0	104.0	3.0
1	9	7	-4.430157002799396	0.9999952877917457	0.4367088607594937	21960.0	1512.0	1430.0	132.0	44.0	2611.0	221.0	112.0	152.0	1516.0	51.0	87.0	65.0	104.0	3.0
7	1	9	1.2841034790722874	0.09955294398204317	0.8165137614678899	21960.0	1430.0	2611.0	152.0	87.0	1512.0	132.0	44.0	221.0	1516.0	65.0	112.0	104.0	51.0	3.0
1	8	9	-1.0673604986308307	0.8570954264320803	1.488888888888889	21954.0	1431.0	1518.0	131.0	44.0	2613.0	153.0	87.0	220.0	1513.0	64.0	111.0	53.0	105.0	3.0
1	9	8	-4.317958380824726	0.9999921202704235	0.4294871794871795	21954.0	1518.0	1431.0	131.0	44.0	2613.0	220.0	111.0	153.0	1513.0	53.0	87.0	64.0	105.0	3.0
8	1	9	1.4178370802708047	0.07811921861077975	0.8018018018018018	21954.0	1431.0	2613.0	153.0	87.0	1518.0	131.0	44.0	220.0	1513.0	64.0	111.0	105.0	53.0	3.0
2	3	4	-99999.9	1.0	-0.04375	24064.0	981.0	931.0	246.0	20.0	1125.0	79.0	21.0	72.0	2272.0	54.0	21.0	57.0	56.0	1.0
2	4	3	0.5796861408858694	0.2810631053428445	0.038674033149171276	24064.0	931.0	981.0	246.0	20.0	1125.0	72.0	21.0	79.0	2272.0	57.0	21.0	54.0	56.0	1.0
3	2	4	-13.82965507542004	1.0	0.5102639296187683	24064.0	981.0	1125.0	79.0	21.0	931.0	246.0	20.0	72.0	2272.0	54.0	21.0	56.0	57.0	1.0
2	3	5	0.9528504969014717	0.1703329037117346	0.9333333333333333	23756.0	1289.0	1076.0	90.0	31.0	1108.0	78.0	39.0	246.0	2077.0	75.0	31.0	57.0	40.0	7.0
2	5	3	-12.387056459719144	1.0	0.5185185185185186	23756.0	1076.0	1289.0	90.0	31.0	1108.0	246.0	31.0	78.0	2077.0	57.0	39.0	75.0	40.0	7.0
3	2	5	-0.8847897471227952	0.8118650146425116	1.0833333333333333	23756.0	1289.0	1108.0	78.0	39.0	1076.0	90.0	31.0	246.0	2077.0	75.0	31.0	40.0	57.0	7.0
2	3	6	0.42618761893093443	0.33498560669217703	0.9735449735449735	23775.0	1270.0	1101.0	73.0	23.0	1118.0	68.0	39.0	252.0	2073.0	73.0	32.0	54.0	43.0	6.0
2	6	3	-15.25751675772743	1.0	0.5068870523415977	23775.0	1101.0	1270.0	73.0	23.0	1118.0	252.0	32.0	68.0	2073.0	54.0	39.0	73.0	43.0	6.0
3	2	6	-0.41460643363389815	0.6607849382827631	1.028735632183908	23775.0	1270.0	1118.0	68.0	39.0	1101.0	73.0	23.0	252.0	2073.0	73.0	32.0	43.0	54.0	6.0
2	3	7	0.08001873178042389	0.46811111211193834	0.9940476190476191	23771.0	1274.0	1086.0	79.0	32.0	1107.0	78.0	40.0	245.0	2076.0	77.0	31.0	55.0	42.0	7.0
2	7	3	-13.283109475550443	1.0	0.5015015015015015	23771.0	1086.0	1274.0	79.0	32.0	1107.0	245.0	31.0	78.0	2076.0	55.0	40.0	77.0	42.0	7.0
3	2	7	-0.07953957769790637	0.5316983405812095	1.006060606060606	23771.0	1274.0	1107.0	78.0	40.0	1086.0	79.0	32.0	245.0	2076.0	77.0	31.0	42.0	55.0	7.0
2	3	8	0.32570881398021406	0.3723224060395003	0.9775280898876404	23758.0	1287.0	1087.0	79.0	31.0	1113.0	75.0	37.0	249.0	2071.0	78.0	31.0	55.0	42.0	7.0
2	8	3	-13.84262459415909	1.0	0.5058139534883721	23758.0	1087.0	1287.0	79.0	31.0	1113.0	249.0	31.0	75.0	2071.0	55.0	37.0	78.0	42.0	7.0
3	2	8	-0.3182212550381402	0.6248413756321327	1.0240963855421688	23758.0	1287.0	1113.0	75.0	37.0	1087.0	79.0	31.0	249.0	2071.0	78.0	31.0	42.0	55.0	7.0
2	3	9	0.32118111371058883	0.37403664061790365	0.9932659932659933	23496.0	1549.0	1086.0	80.0	31.0	1115.0	76.0	34.0	666.0	1641.0	91.0	53.0	47.0	30.0	5.0
2	9	3	-47.05303315860125	1.0	0.5017006802721089	23496.0	1086.0	1549.0	80.0	31.0	1115.0	666.0	53.0	76.0	1641.0	47.0	34.0	91.0	30.0	5.0
3	2	9	-0.3190036146345849	0.625138045228156	1.006872852233677	23496.0	1549.0	1115.0	76.0	34.0	1086.0	80.0	31.0	666.0	1641.0	91.0	53.0	30.0	47.0	5.0
2	4	5	0.9520940906529637	0.17052462386245038	0.9351351351351351	23709.0	1286.0	1123.0	90.0	34.0	1102.0	78.0	38.0	251.0	2077.0	80.0	32.0	57.0	40.0	3.0
2	5	4	-12.773929049593937	1.0	0.5179640718562875	23709.0	1123.0	1286.0	90.0	34.0	1102.0	251.0	32.0	78.0	2077.0	57.0	38.0	80.0	40.0	3.0
4	2	5	-0.8860528820527579	0.8122055185549399	1.080536912751678	23709.0	1286.0	1102.0	78.0	38.0	1123.0	90.0	34.0	251.0	2077.0	80.0	32.0	40.0	57.0	3.0
2	4	6	-0.08167704598898405	0.5325483002750773	1.0052910052910053	23729.0	1266.0	1147.0	74.0	26.0	1106.0	75.0	37.0	265.0	2062.0	81.0	31.0	58.0	40.0	3.0
2	6	4	-15.600315783896052	1.0	0.49868766404199477	23729.0	1147.0	1266.0	74.0	26.0	1106.0	265.0	31.0	75.0	2062.0	58.0	37.0	81.0	40.0	3.0
4	2	6	0.08210692517839976	0.4672807769912195	0.9947916666666666	23729.0	1266.0	1106.0	75.0	37.0	1147.0	74.0	26.0	265.0	2062.0	81.0	31.0	40.0	58.0	3.0
2	4	7	-0.3855485160273092	0.6500844107398214	1.0294117647058822	23716.0	1279.0	1141.0	79.0	27.0	1092.0	84.0	42.0	259.0	2067.0	82.0	32.0	58.0	39.0	3.0
2	7	4	-13.879746576983107	1.0	0.4929577464788732	23716.0	1141.0	1279.0	79.0	27.0	1092.0	259.0	32.0	84.0	2067.0	58.0	42.0	82.0	39.0	3.0
4	2	7	0.39656418791380377	0.34584448343406926	0.972972972972973	23716.0	1279.0	1092.0	84.0	42.0	1141.0	79.0	27.0	259.0	2067.0	82.0	32.0	39.0	58.0	3.0
2	4	8	-0.07905941259699173	0.5315073839289395	1.0055248618784531	23706.0	1289.0	1139.0	79.0	29.0	1099.0	80.0	39.0	262.0	2063.0	83.0	32.0	58.0	39.0	3.0
2	8	4	-14.467872505249382	1.0	0.4986301369863014	23706.0	1139.0	1289.0	79.0	29.0	1099.0	262.0	32.0	80.0	2063.0	58.0	39.0	83.0	39.0	3.0
4	2	8	0.07949380497389827	0.4683198624397379	0.9945652173913043	23706.0	1289.0	1099.0	80.0	39.0	1139.0	79.0	29.0	262.0	2063.0	83.0	32.0	39.0	58.0	3.0
2	4	9	-0.7259716479951762	0.7660719935377106	1.0153321976149914	23442.0	1553.0	1140.0	71.0	36.0	1101.0	80.0	37.0	676.0	1641.0	91.0	57.0	43.0	30.0	2.0
2	9	4	-48.801427448564624	1.0	0.4962531223980017	23442.0	1140.0	1553.0	71.0	36.0	1101.0	676.0	57.0	80.0	1641.0	43.0	37.0	91.0	30.0	2.0
4	2	9	0.7369343071091974	0.23058108100868568	0.9853420195439739	23442.0	1553.0	1101.0	80.0	37.0	1140.0	71.0	36.0	676.0	1641.0	91.0	57.0	30.0	43.0	2.0
2	5	6	1.460045687349607	0.07213879961716985	0.1894736842105263	23661.0	1171.0	1215.0	156.0	39.0	1262.0	79.0	44.0	97.0	2056.0	59.0	43.0	60.0	55.0	3.0
2	6	5	-99999.9	1.0	-0.4390243902439025	23661.0	1215.0	1171.0	156.0	39.0	1262.0	97.0	43.0	79.0	2056.0	60.0	44.0	59.0	55.0	3.0
5	2	6	-4.785705308534822	0.9999991469767375	0.43382352941176466	23661.0	1171.0	1262.0	79.0	44.0	1215.0	156.0	39.0	97.0	2056.0	59.0	43.0	55.0	60.0	3.0
2	5	7	0.234376371271554	0.40734644769432116	0.04411764705882353	23641.0	1191.0	1216.0	149.0	45.0	1254.0	84.0	47.0	87.0	2067.0	58.0	42.0	58.0	58.0	3.0
2	7	5	-99999.9	1.0	-0.05084745762711864	23641.0	1216.0	1191.0	149.0	45.0	1254.0	87.0	42.0	84.0	2067.0	58.0	47.0	58.0	58.0	3.0
5	2	7	-4.8437783396121254	0.9999993621735832	0.4881889763779527	23641.0	1191.0	1254.0	84.0	47.0	1216.0	149.0	45.0	87.0	2067.0	58.0	42.0	58.0	58.0	3.0
2	5	8	0.6471673417536675	0.2587617609664462	0.10256410256410256	23632.0	1200.0	1213.0	150.0	47.0	1262.0	80.0	43.0	88.0	2064.0	60.0	43.0	57.0	58.0	3.0
2	8	5	-99999.9	1.0	-0.14814814814814814	23632.0	1213.0	1200.0	150.0	47.0	1262.0	88.0	43.0	80.0	2064.0	57.0	43.0	60.0	58.0	3.0
5	2	8	-5.015546898590922	0.9999997351612577	0.46969696969696967	23632.0	1200.0	1262.0	80.0	43.0	1213.0	150.0	47.0	88.0	2064.0	60.0	43.0	58.0	57.0	3.0
2	5	9	0.22247553031076925	0.41197190029757924	0.9928571428571429	23297.0	1535.0	1285.0	93.0	32.0	1256.0	90.0	39.0	507.0	1622.0	83.0	71.0	52.0	35.0	3.0
2	9	5	-30.701623182886074	1.0	0.5018050541516246	23297.0	1285.0	1535.0	93.0	32.0	1256.0	507.0	71.0	90.0	1622.0	52.0	39.0	83.0	35.0	3.0
5	2	9	-0.22087498692723853	0.5874050736996078	1.0072992700729928	23297.0	1535.0	1256.0	90.0	39.0	1285.0	93.0	32.0	507.0	1622.0	83.0	71.0	35.0	52.0	3.0
2	6	7	-99999.9	1.0	-0.026223776223776224	24162.0	714.0	695.0	649.0	22.0	1313.0	62.0	27.0	47.0	2111.0	37.0	23.0	36.0	98.0	4.0
2	7	6	1.4488359183981119	0.07369174868696027	0.02431118314424635	24162.0	695.0	714.0	649.0	22.0	1313.0	47.0	23.0	62.0	2111.0	36.0	27.0	37.0	98.0	4.0
6	2	7	-56.6977789399795	1.0	0.5063078216989066	24162.0	714.0	1313.0	62.0	27.0	695.0	649.0	22.0	47.0	2111.0	37.0	23.0	98.0	36.0	4.0
2	6	8	-99999.9	1.0	-0.015517241379310346	24150.0	726.0	695.0	647.0	24.0	1321.0	58.0	23.0	49.0	2108.0	38.0	23.0	35.0	99.0	4.0
2	8	6	0.8750606626802534	0.19077041147502294	0.014827018121911038	24150.0	695.0	726.0	647.0	24.0	1321.0	49.0	23.0	58.0	2108.0	35.0	23.0	38.0	99.0	4.0
6	2	8	-57.267858924296604	1.0	0.5037910699241787	24150.0	726.0	1321.0	58.0	23.0	695.0	647.0	24.0	49.0	2108.0	38.0	23.0	99.0	35.0	4.0
2	6	9	-0.937734619265774	0.825809610649628	1.0336787564766838	23331.0	1545.0	1251.0	86.0	29.0	1260.0	99.0	43.0	498.0	1617.0	80.0	76.0	48.0	35.0	2.0
2	9	6	-29.71897408749992	1.0	0.4919852034525277	23331.0	1251.0	1545.0	86.0	29.0	1260.0	498.0	76.0	99.0	1617.0	48.0	43.0	80.0	35.0	2.0
6	2	9	0.9682873762844582	0.1664504312212154	0.9694117647058823	23331.0	1545.0	1260.0	99.0	43.0	1251.0	86.0	29.0	498.0	1617.0	80.0	76.0	35.0	48.0	2.0
2	7	8	1.8871498316784863	0.029570023181580307	0.004447739065974795	24807.0	50.0	38.0	1345.0	2.0	1381.0	2.0	0.0	8.0	2197.0	4.0	4.0	2.0	160.0	0.0
2	8	7	-99999.9	1.0	-0.004507888805409466	24807.0	38.0	50.0	1345.0	2.0	1381.0	8.0	4.0	2.0	2197.0	2.0	0.0	4.0	160.0	0.0
7	2	8	-420.5198874923584	1.0	0.4988805970149254	24807.0	50.0	1381.0	2.0	0.0	38.0	1345.0	2.0	8.0	2197.0	4.0	4.0	160.0	2.0	0.0
2	7	9	0.07358914281105199	0.4706685866283451	0.9975961538461539	23322.0	1535.0	1260.0	93.0	32.0	1249.0	92.0	42.0	507.0	1622.0	80.0	78.0	50.0	37.0	1.0
2	9	7	-30.46590512377532	1.0	0.5006031363088058	23322.0	1260.0	1535.0	93.0	32.0	1249.0	507.0	78.0	92.0	1622.0	50.0	42.0	80.0	37.0	1.0
7	2	9	-0.0734118195753627	0.5292608625000887	1.0024213075060533	23322.0	1535.0	1249.0	92.0	42.0	1260.0	93.0	32.0	507.0	1622.0	80.0	78.0	37.0	50.0	1.0
2	8	9	-0.07341049852954226	0.5292603368975317	1.0024570024570025	23309.0	1536.0	1273.0	92.0	32.0	1258.0	93.0	42.0	501.0	1620.0	80.0	75.0	51.0	37.0	1.0
2	9	8	-30.02489389858259	1.0	0.4993880048959608	23309.0	1273.0	1536.0	92.0	32.0	1258.0	501.0	75.0	93.0	1620.0	51.0	42.0	80.0	37.0	1.0
8	2	9	0.07359042622201663	0.4706680760062212	0.9975609756097561	23309.0	1536.0	1258.0	93.0	42.0	1273.0	92.0	32.0	501.0	1620.0	80.0	75.0	37.0	51.0	1.0
3	4	5	0.0	0.49999999949999996	nan	23894.0	1295.0	970.0	80.0	31.0	917.0	80.0	27.0	406.0	2077.0	91.0	30.0	50.0	50.0	2.0
3	5	4	-25.764512777769113	1.0	0.5	23894.0	970.0	1295.0	80.0	31.0	917.0	406.0	30.0	80.0	2077.0	50.0	27.0	91.0	50.0	2.0
4	3	5	0.0	0.49999999949999996	nan	23894.0	1295.0	917.0	80.0	27.0	970.0	80.0	31.0	406.0	2077.0	91.0	30.0	50.0	50.0	2.0
3	4	6	-0.26285029258556286	0.6036669548478599	1.0086206896551724	23899.0	1290.0	994.0	63.0	24.0	936.0	66.0	22.0	417.0	2069.0	88.0	32.0	54.0	44.0	2.0
3	6	4	-31.016334525096486	1.0	0.4978723404255319	23899.0	994.0	1290.0	63.0	24.0	936.0	417.0	32.0	66.0	2069.0	54.0	22.0	88.0	44.0	2.0
4	3	6	0.26509687628287537	0.39546747766988877	0.9915966386554622	23899.0	1290.0	936.0	66.0	22.0	994.0	63.0	24.0	417.0	2069.0	88.0	32.0	44.0	54.0	2.0
3	4	7	-0.2569120790918478	0.6013766192666631	1.0089020771513353	23886.0	1303.0	992.0	66.0	23.0	922.0	69.0	33.0	409.0	2075.0	90.0	31.0	53.0	44.0	4.0
3	7	4	-29.373614376167854	1.0	0.49780380673499264	23886.0	992.0	1303.0	66.0	23.0	922.0	409.0	31.0	69.0	2075.0	53.0	33.0	90.0	44.0	4.0
4	3	7	0.25917895037795236	0.3977486444943106	0.9913294797687862	23886.0	1303.0	922.0	69.0	33.0	992.0	66.0	23.0	409.0	2075.0	90.0	31.0	44.0	53.0	4.0
3	4	8	-0.17092194039637645	0.5678574265567717	1.0058479532163742	23882.0	1307.0	989.0	67.0	25.0	923.0	69.0	32.0	413.0	2070.0	91.0	31.0	53.0	44.0	4.0
3	8	4	-29.569495688573113	1.0	0.49855072463768113	23882.0	989.0	1307.0	67.0	25.0	923.0	413.0	31.0	69.0	2070.0	53.0	32.0	91.0	44.0	4.0
4	3	8	0.1719156726079833	0.43175191454492956	0.9942528735632183	23882.0	1307.0	923.0	69.0	32.0	989.0	67.0	25.0	413.0	2070.0	91.0	31.0	44.0	53.0	4.0
3	4	9	-1.042197709335759	0.8513399619479856	1.0160857908847185	23620.0	1569.0	991.0	59.0	31.0	923.0	71.0	30.0	829.0	1644.0	101.0	53.0	36.0	39.0	4.0
3	9	4	-66.87435301571115	1.0	0.49607329842931935	23620.0	991.0	1569.0	59.0	31.0	923.0	829.0	53.0	71.0	1644.0	36.0	30.0	101.0	39.0	4.0
4	3	9	1.0586968815152171	0.14486895562694602	0.9846547314578005	23620.0	1569.0	923.0	71.0	30.0	991.0	59.0	31.0	829.0	1644.0	101.0	53.0	39.0	36.0	4.0
3	5	6	1.957635136929585	0.025136351656623868	0.25	23672.0	1192.0	1221.0	148.0	37.0	1251.0	76.0	26.0	100.0	2050.0	57.0	34.0	63.0	69.0	4.0
3	6	5	-99999.9	1.0	-1.0	23672.0	1221.0	1192.0	148.0	37.0	1251.0	100.0	34.0	76.0	2050.0	63.0	26.0	57.0	69.0	4.0
5	3	6	-3.9152702738591714	0.9999548300500092	0.4	23672.0	1192.0	1251.0	76.0	26.0	1221.0	148.0	37.0	100.0	2050.0	57.0	34.0	69.0	63.0	4.0
3	5	7	1.1538251193014555	0.12428599419255815	0.1728395061728395	23658.0	1206.0	1220.0	145.0	41.0	1237.0	78.0	38.0	92.0	2058.0	57.0	33.0	61.0	71.0	5.0
3	7	5	-99999.9	1.0	-0.3589743589743589	23658.0	1220.0	1206.0	145.0	41.0	1237.0	92.0	33.0	78.0	2058.0	61.0	38.0	57.0	71.0	5.0
5	3	7	-4.368052237355514	0.9999937271206909	0.44166666666666665	23658.0	1206.0	1237.0	78.0	38.0	1220.0	145.0	41.0	92.0	2058.0	57.0	33.0	71.0	61.0	5.0
3	5	8	1.3151626886080054	0.09422768269355486	0.18823529411764708	23655.0	1209.0	1216.0	147.0	43.0	1239.0	78.0	36.0	94.0	2054.0	59.0	34.0	60.0	71.0	5.0
3	8	5	-99999.9	1.0	-0.4324324324324324	23655.0	1216.0	1209.0	147.0	43.0	1239.0	94.0	34.0	78.0	2054.0	60.0	36.0	59.0	71.0	5.0
5	3	8	-4.356476406014022	0.9999933862592933	0.43442622950819676	23655.0	1209.0	1239.0	78.0	36.0	1216.0	147.0	43.0	94.0	2054.0	59.0	34.0	71.0	60.0	5.0
3	5	9	0.0	0.49999999949999996	nan	23323.0	1541.0	1288.0	87.0	31.0	1230.0	87.0	36.0	513.0	1613.0	81.0	62.0	51.0	50.0	7.0
3	9	5	-32.28570048891204	1.0	0.5	23323.0	1288.0	1541.0	87.0	31.0	1230.0	513.0	62.0	87.0	1613.0	51.0	36.0	81.0	50.0	7.0
5	3	9	0.0	0.49999999949999996	nan	23323.0	1541.0	1230.0	87.0	36.0	1288.0	87.0	31.0	513.0	1613.0	81.0	62.0	50.0	51.0	7.0
3	6	7	-99999.9	1.0	-0.01381692573402418	24173.0	720.0	705.0	645.0	27.0	1302.0	58.0	25.0	50.0	2104.0	35.0	10.0	35.0	109.0	2.0
3	7	6	0.7738240413665679	0.21951736174830072	0.01326699834162521	24173.0	705.0	720.0	645.0	27.0	1302.0	50.0	10.0	58.0	2104.0	35.0	25.0	35.0	109.0	2.0
6	3	7	-56.77933903527199	1.0	0.5033840947546532	24173.0	720.0	1302.0	58.0	25.0	705.0	645.0	27.0	50.0	2104.0	35.0	10.0	109.0	35.0	2.0
3	6	8	-99999.9	1.0	-0.008605851979345956	24167.0	726.0	704.0	644.0	29.0	1304.0	58.0	23.0	53.0	2100.0	36.0	10.0	34.0	110.0	2.0
3	8	6	0.4761855864638499	0.31697109499239806	0.008389261744966443	24167.0	704.0	726.0	644.0	29.0	1304.0	53.0	10.0	58.0	2100.0	34.0	23.0	36.0	110.0	2.0
6	3	8	-55.80895073356324	1.0	0.502124044180119	24167.0	726.0	1304.0	58.0	23.0	704.0	644.0	29.0	53.0	2100.0	36.0	10.0	110.0	34.0	2.0
3	6	9	-1.1087784081489778	0.866237059645625	1.0387596899224807	23342.0	1551.0	1269.0	80.0	28.0	1249.0	95.0	41.0	497.0	1610.0	82.0	59.0	46.0	48.0	3.0
3	9	6	-30.824039746541583	1.0	0.4908424908424908	23342.0	1269.0	1551.0	80.0	28.0	1249.0	497.0	59.0	95.0	1610.0	46.0	41.0	82.0	48.0	3.0
6	3	9	1.1501507368112531	0.12504095280833516	0.9652777777777778	23342.0	1551.0	1249.0	95.0	41.0	1269.0	80.0	28.0	497.0	1610.0	82.0	59.0	48.0	46.0	3.0
3	7	8	1.3281597984666305	0.09206272663061099	0.002223869532987398	24828.0	50.0	43.0	1347.0	2.0	1360.0	1.0	1.0	4.0	2189.0	4.0	3.0	2.0	166.0	0.0
3	8	7	-99999.9	1.0	-0.002238805970149254	24828.0	43.0	50.0	1347.0	2.0	1360.0	4.0	3.0	1.0	2189.0	2.0	1.0	4.0	166.0	0.0
7	3	8	-594.5728697802352	1.0	0.4994421718110822	24828.0	50.0	1360.0	1.0	1.0	43.0	1347.0	2.0	4.0	2189.0	4.0	3.0	166.0	2.0	0.0
3	7	9	-0.15033652107766682	0.5597504565686025	1.0049019607843137	23339.0	1539.0	1272.0	87.0	33.0	1232.0	89.0	41.0	499.0	1618.0	80.0	74.0	44.0	47.0	6.0
3	9	7	-30.969323341999367	1.0	0.49878345498783455	23339.0	1272.0	1539.0	87.0	33.0	1232.0	499.0	74.0	89.0	1618.0	44.0	41.0	80.0	47.0	6.0
7	3	9	0.1510698699609725	0.4399602836944789	0.9951690821256038	23339.0	1539.0	1232.0	89.0	41.0	1272.0	87.0	33.0	499.0	1618.0	80.0	74.0	47.0	44.0	6.0
3	8	9	-0.2981828422094512	0.6172181236981722	1.0099502487562189	23332.0	1539.0	1279.0	87.0	33.0	1235.0	91.0	41.0	497.0	1615.0	80.0	73.0	45.0	47.0	6.0
3	9	8	-30.56374132646873	1.0	0.49754901960784315	23332.0	1279.0	1539.0	87.0	33.0	1235.0	497.0	73.0	91.0	1615.0	45.0	41.0	80.0	47.0	6.0
8	3	9	0.3011206042016625	0.38166133331765273	0.9903381642512077	23332.0	1539.0	1235.0	91.0	41.0	1279.0	87.0	33.0	497.0	1615.0	80.0	73.0	47.0	45.0	6.0
4	5	6	2.366790979843172	0.008971517558349129	0.28037383177570097	23624.0	1187.0	1211.0	155.0	36.0	1299.0	78.0	29.0	108.0	2037.0	62.0	36.0	61.0	75.0	2.0
4	6	5	-99999.9	1.0	-1.7647058823529413	23624.0	1211.0	1187.0	155.0	36.0	1299.0	108.0	36.0	78.0	2037.0	61.0	29.0	62.0	75.0	2.0
5	4	6	-3.707972535087637	0.9998955074362594	0.37903225806451607	23624.0	1187.0	1299.0	78.0	29.0	1211.0	155.0	36.0	108.0	2037.0	62.0	36.0	75.0	61.0	2.0
4	5	7	1.726345111909193	0.04214263581110733	0.22340425531914893	23597.0	1214.0	1211.0	149.0	42.0	1298.0	76.0	32.0	97.0	2050.0	60.0	37.0	59.0	75.0	3.0
4	7	5	-99999.9	1.0	-0.6774193548387097	23597.0	1211.0	1214.0	149.0	42.0	1298.0	97.0	37.0	76.0	2050.0	59.0	32.0	60.0	75.0	3.0
5	4	7	-4.274759324727524	0.9999904261801011	0.416	23597.0	1214.0	1298.0	76.0	32.0	1211.0	149.0	42.0	97.0	2050.0	60.0	37.0	75.0	59.0	3.0
4	5	8	1.8031267544635163	0.03568410223735563	0.22916666666666666	23597.0	1214.0	1208.0	150.0	44.0	1297.0	76.0	33.0	98.0	2047.0	62.0	38.0	58.0	75.0	3.0
4	8	5	-99999.9	1.0	-0.7333333333333334	23597.0	1208.0	1214.0	150.0	44.0	1297.0	98.0	38.0	76.0	2047.0	58.0	33.0	62.0	75.0	3.0
5	4	8	-4.261935965095585	0.9999898599254566	0.41269841269841273	23597.0	1214.0	1297.0	76.0	33.0	1208.0	150.0	44.0	98.0	2047.0	62.0	38.0	75.0	58.0	3.0
4	5	9	1.0571313380348728	0.1452258561780183	0.968888888888889	23272.0	1539.0	1271.0	97.0	34.0	1281.0	83.0	42.0	519.0	1607.0	81.0	73.0	52.0	46.0	3.0
4	9	5	-31.864958903622576	1.0	0.5081585081585082	23272.0	1271.0	1539.0	97.0	34.0	1281.0	519.0	73.0	83.0	1607.0	52.0	42.0	81.0	46.0	3.0
5	4	9	-1.0231867537860466	0.8468902039545309	1.0343137254901962	23272.0	1539.0	1281.0	83.0	42.0	1271.0	97.0	34.0	519.0	1607.0	81.0	73.0	46.0	52.0	3.0
4	6	7	-99999.9	1.0	-0.013651877133105802	24111.0	724.0	697.0	655.0	26.0	1364.0	61.0	18.0	53.0	2088.0	35.0	15.0	36.0	115.0	2.0
4	7	6	0.7531932236809432	0.22566683779189278	0.013114754098360656	24111.0	697.0	724.0	655.0	26.0	1364.0	53.0	15.0	61.0	2088.0	36.0	18.0	35.0	115.0	2.0
6	4	7	-55.92459685831007	1.0	0.5033444816053512	24111.0	724.0	1364.0	61.0	18.0	697.0	655.0	26.0	53.0	2088.0	35.0	15.0	115.0	36.0	2.0
4	6	8	-99999.9	1.0	-0.010238907849829351	24108.0	727.0	697.0	653.0	28.0	1363.0	61.0	19.0	55.0	2085.0	36.0	15.0	35.0	116.0	2.0
4	8	6	0.5593409374476552	0.28796449946556224	0.009933774834437087	24108.0	697.0	727.0	653.0	28.0	1363.0	55.0	15.0	61.0	2085.0	35.0	19.0	36.0	116.0	2.0
6	4	8	-55.18830582816861	1.0	0.5025210084033613	24108.0	727.0	1363.0	61.0	19.0	697.0	653.0	28.0	55.0	2085.0	36.0	15.0	116.0	35.0	2.0
4	6	9	-0.3670870745023284	0.6432229048789183	1.0125628140703518	23284.0	1551.0	1259.0	89.0	30.0	1307.0	94.0	42.0	497.0	1600.0	79.0	69.0	48.0	49.0	2.0
4	9	6	-29.95430527939004	1.0	0.4969173859432799	23284.0	1259.0	1551.0	89.0	30.0	1307.0	497.0	69.0	94.0	1600.0	48.0	42.0	79.0	49.0	2.0
6	4	9	0.3716415047070719	0.35507995091207034	0.9878934624697336	23284.0	1551.0	1307.0	94.0	42.0	1259.0	89.0	30.0	497.0	1600.0	79.0	69.0	49.0	48.0	2.0
4	7	8	0.6295962982558889	0.2644793157014047	0.0014705882352941176	24764.0	44.0	41.0	1362.0	2.0	1424.0	4.0	4.0	6.0	2175.0	4.0	3.0	2.0	165.0	0.0
4	8	7	-99999.9	1.0	-0.0014771048744460856	24764.0	41.0	44.0	1362.0	2.0	1424.0	6.0	3.0	4.0	2175.0	2.0	4.0	4.0	165.0	0.0
7	4	8	-426.8662902175042	1.0	0.49963154016212236	24764.0	44.0	1424.0	4.0	4.0	41.0	1362.0	2.0	6.0	2175.0	4.0	3.0	165.0	2.0	0.0
4	7	9	0.5185168634512135	0.30204883743473165	0.9833333333333333	23271.0	1537.0	1272.0	96.0	37.0	1300.0	89.0	43.0	502.0	1606.0	77.0	71.0	47.0	50.0	2.0
4	9	7	-30.073978080170388	1.0	0.5042735042735043	23271.0	1272.0	1537.0	96.0	37.0	1300.0	502.0	71.0	89.0	1606.0	47.0	43.0	77.0	50.0	2.0
7	4	9	-0.5097284420367862	0.6948791446102828	1.0175438596491229	23271.0	1537.0	1300.0	89.0	43.0	1272.0	96.0	37.0	502.0	1606.0	77.0	71.0	50.0	47.0	2.0
4	8	9	0.36961930163835366	0.35583314391812637	0.9879518072289156	23267.0	1538.0	1276.0	95.0	37.0	1300.0	90.0	43.0	500.0	1604.0	77.0	73.0	48.0	50.0	2.0
4	9	8	-29.939163432706597	1.0	0.5030674846625767	23267.0	1276.0	1538.0	95.0	37.0	1300.0	500.0	73.0	90.0	1604.0	48.0	43.0	77.0	50.0	2.0
8	4	9	-0.3651117491793493	0.6424859430634671	1.0125	23267.0	1538.0	1300.0	90.0	43.0	1276.0	95.0	37.0	500.0	1604.0	77.0	73.0	50.0	48.0	2.0
5	6	7	-99999.9	1.0	-0.00784313725490196	24198.0	725.0	697.0	572.0	25.0	1277.0	58.0	20.0	54.0	2178.0	35.0	14.0	38.0	108.0	1.0
5	7	6	0.3791467747683775	0.3522894938887777	0.007662835249042146	24198.0	697.0	725.0	572.0	25.0	1277.0	54.0	14.0	58.0	2178.0	38.0	20.0	35.0	108.0	1.0
6	5	7	-48.72036055773649	1.0	0.501937984496124	24198.0	725.0	1277.0	58.0	20.0	697.0	572.0	25.0	54.0	2178.0	35.0	14.0	108.0	38.0	1.0
5	6	8	-99999.9	1.0	-0.009881422924901184	24196.0	727.0	698.0	570.0	26.0	1275.0	59.0	21.0	54.0	2176.0	37.0	15.0	37.0	108.0	1.0
5	8	6	0.4722213959047591	0.3183843982320358	0.009596928982725527	24196.0	698.0	727.0	570.0	26.0	1275.0	54.0	15.0	59.0	2176.0	37.0	21.0	37.0	108.0	1.0
6	5	8	-48.26102666146638	1.0	0.5024342745861734	24196.0	727.0	1275.0	59.0	21.0	698.0	570.0	26.0	54.0	2176.0	37.0	15.0	108.0	37.0	1.0
5	6	9	-1.4689036649487806	0.9290705014637117	1.043196544276458	23365.0	1558.0	1188.0	78.0	28.0	1226.0	98.0	31.0	581.0	1605.0	81.0	56.0	47.0	55.0	3.0
5	9	6	-36.942927173461825	1.0	0.48985801217038544	23365.0	1188.0	1558.0	78.0	28.0	1226.0	581.0	56.0	98.0	1605.0	47.0	31.0	81.0	55.0	3.0
6	5	9	1.529727833269641	0.06304207659941574	0.9617590822179732	23365.0	1558.0	1226.0	98.0	31.0	1188.0	78.0	28.0	581.0	1605.0	81.0	56.0	55.0	47.0	3.0
5	7	8	0.4050221904574611	0.34273064699727185	0.0	24849.0	46.0	45.0	1275.0	2.0	1339.0	3.0	3.0	3.0	2267.0	4.0	2.0	2.0	160.0	0.0
5	8	7	0.4050221904574611	0.34273064699727185	0.0	24849.0	45.0	46.0	1275.0	2.0	1339.0	3.0	2.0	3.0	2267.0	2.0	3.0	4.0	160.0	0.0
7	5	8	-515.0177459937752	1.0	0.5	24849.0	46.0	1339.0	3.0	3.0	45.0	1275.0	2.0	3.0	2267.0	4.0	2.0	160.0	2.0	0.0
5	7	9	-0.3695364888497928	0.6441359994759084	1.0103305785123966	23352.0	1543.0	1201.0	88.0	33.0	1219.0	93.0	33.0	582.0	1610.0	82.0	62.0	47.0	54.0	1.0
5	9	7	-36.51020509835956	1.0	0.4974567650050865	23352.0	1201.0	1543.0	88.0	33.0	1219.0	582.0	62.0	93.0	1610.0	47.0	33.0	82.0	54.0	1.0
7	5	9	0.37331498055582335	0.35445707316199426	0.9899799599198397	23352.0	1543.0	1219.0	93.0	33.0	1201.0	88.0	33.0	582.0	1610.0	82.0	62.0	54.0	47.0	1.0
5	8	9	-0.44415207316930055	0.6715336514629313	1.012448132780083	23350.0	1544.0	1203.0	87.0	33.0	1217.0	93.0	34.0	581.0	1609.0	82.0	65.0	48.0	53.0	1.0
5	9	8	-36.56852069093905	1.0	0.4969450101832994	23350.0	1203.0	1544.0	87.0	33.0	1217.0	581.0	65.0	93.0	1609.0	48.0	34.0	82.0	53.0	1.0
8	5	9	0.4496129593148247	0.32649479665009307	0.988	23350.0	1544.0	1217.0	93.0	34.0	1203.0	87.0	33.0	581.0	1609.0	82.0	65.0	53.0	48.0	1.0
6	7	8	0.9951579264130557	0.15982973858080907	0.003952569169960474	25428.0	47.0	43.0	759.0	1.0	760.0	3.0	2.0	6.0	2848.0	4.0	1.0	3.0	95.0	0.0
6	8	7	-99999.9	1.0	-0.004	25428.0	43.0	47.0	759.0	1.0	760.0	6.0	1.0	3.0	2848.0	3.0	2.0	4.0	95.0	0.0
7	6	8	-249.78463952967596	1.0	0.4990059642147117	25428.0	47.0	760.0	3.0	2.0	43.0	759.0	1.0	6.0	2848.0	4.0	1.0	95.0	3.0	0.0
6	7	9	1.1680495677918115	0.12139344576214195	0.9875598086124402	23880.0	1595.0	711.0	69.0	23.0	691.0	56.0	18.0	1088.0	1658.0	112.0	46.0	24.0	25.0	4.0
6	9	7	-91.55711612152733	1.0	0.5031691857630424	23880.0	711.0	1595.0	69.0	23.0	691.0	1088.0	46.0	56.0	1658.0	24.0	18.0	112.0	25.0	4.0
7	6	9	-1.1533357650967595	0.8756136448617666	1.0129224652087476	23880.0	1595.0	691.0	56.0	18.0	711.0	69.0	23.0	1088.0	1658.0	112.0	46.0	25.0	24.0	4.0
6	8	9	0.9877857438147942	0.1616288006141795	0.989423076923077	23875.0	1596.0	716.0	68.0	23.0	692.0	57.0	18.0	1086.0	1656.0	112.0	47.0	25.0	25.0	4.0
6	9	8	-91.4150806548601	1.0	0.5026868588177821	23875.0	716.0	1596.0	68.0	23.0	692.0	1086.0	47.0	57.0	1656.0	25.0	18.0	112.0	25.0	4.0
8	6	9	-0.9772263238128867	0.8357714397166309	1.0109235352532273	23875.0	1596.0	692.0	57.0	18.0	716.0	68.0	23.0	1086.0	1656.0	112.0	47.0	25.0	25.0	4.0
7	8	9	-0.7021427554084001	0.7587049985774919	1.0011173184357542	24522.0	1666.0	49.0	3.0	0.0	45.0	5.0	0.0	1797.0	1744.0	161.0	3.0	3.0	2.0	0.0
7	9	8	-629.8220516013268	1.0	0.49972113775794763	24522.0	49.0	1666.0	3.0	0.0	45.0	1797.0	3.0	5.0	1744.0	3.0	0.0	161.0	2.0	0.0
8	7	9	0.7029263968764898	0.2410507407968666	0.9988864142538976	24522.0	1666.0	45.0	5.0	0.0	49.0	3.0	0.0	1797.0	1744.0	161.0	3.0	2.0	3.0	0.0
