P1	Hybrid	P2	Zscore	Pvalue	Gamma	AAAA	AAAB	AABA	AABB	AABC	ABAA	ABAB	ABAC	ABBA	BAAA	ABBC	CABC	BACA	BCAA	ABCD
1	2	3	-1.3297896721282854	0.9082061447258845	1.280701754385965	7156.0	401.0	515.0	46.0	18.0	1109.0	62.0	28.0	135.0	408.0	11.0	57.0	19.0	34.0	1.0
1	3	2	-7.39695505121359	0.9999999999999298	0.4506172839506173	7156.0	515.0	401.0	46.0	18.0	1109.0	135.0	57.0	62.0	408.0	19.0	28.0	11.0	34.0	1.0
2	1	3	1.6212504221837996	0.05248196463578303	0.8476190476190476	7156.0	401.0	1109.0	62.0	28.0	515.0	46.0	18.0	135.0	408.0	11.0	57.0	34.0	19.0	1.0
1	2	4	-0.5256657696539421	0.700439789432151	1.0568181818181819	7171.0	386.0	527.0	40.0	12.0	1122.0	45.0	32.0	138.0	405.0	11.0	55.0	19.0	37.0	0.0
1	4	2	-10.303049085217273	1.0	0.4869109947643979	7171.0	527.0	386.0	40.0	12.0	1122.0	138.0	55.0	45.0	405.0	19.0	32.0	11.0	37.0	0.0
2	1	4	0.5539273701729711	0.28981424752419427	0.9514563106796117	7171.0	386.0	1122.0	45.0	32.0	527.0	40.0	12.0	138.0	405.0	11.0	55.0	37.0	19.0	0.0
1	2	5	-1.098149584363265	0.8639303679307082	1.0495049504950495	7262.0	295.0	535.0	34.0	10.0	1140.0	44.0	15.0	256.0	283.0	15.0	70.0	10.0	27.0	4.0
1	5	2	-24.378920772864475	1.0	0.48847926267281105	7262.0	535.0	295.0	34.0	10.0	1140.0	256.0	70.0	44.0	283.0	10.0	15.0	15.0	27.0	4.0
2	1	5	1.1499490930596454	0.12508247614480394	0.9568965517241379	7262.0	295.0	1140.0	44.0	15.0	535.0	34.0	10.0	256.0	283.0	15.0	70.0	27.0	10.0	4.0
1	2	6	-0.5692426723140942	0.7154043030764522	1.0241545893719808	7255.0	302.0	534.0	35.0	10.0	1144.0	40.0	15.0	252.0	286.0	16.0	74.0	10.0	26.0	1.0
1	6	2	-24.705131978431695	1.0	0.49417249417249415	7255.0	534.0	302.0	35.0	10.0	1144.0	252.0	74.0	40.0	286.0	10.0	15.0	16.0	26.0	1.0
2	1	6	0.5826682070384832	0.2800582984519676	0.9774774774774775	7255.0	302.0	1144.0	40.0	15.0	534.0	35.0	10.0	252.0	286.0	16.0	74.0	26.0	10.0	1.0
1	2	7	-1.4387564439469176	0.924890183539243	1.043824701195219	7304.0	253.0	549.0	22.0	8.0	1150.0	33.0	16.0	295.0	251.0	8.0	72.0	10.0	27.0	2.0
1	7	2	-35.7073190179553	1.0	0.4897196261682243	7304.0	549.0	253.0	22.0	8.0	1150.0	295.0	72.0	33.0	251.0	10.0	16.0	8.0	27.0	2.0
2	1	7	1.4991622488454523	0.06691580292116317	0.9612676056338029	7304.0	253.0	1150.0	33.0	16.0	549.0	22.0	8.0	295.0	251.0	8.0	72.0	27.0	10.0	2.0
1	2	8	-0.4901532799551439	0.6879872770306266	1.0083798882681565	7397.0	160.0	560.0	17.0	2.0	1164.0	20.0	15.0	381.0	162.0	11.0	86.0	10.0	15.0	0.0
1	8	2	-59.47193130122415	1.0	0.4979310344827586	7397.0	560.0	160.0	17.0	2.0	1164.0	381.0	86.0	20.0	162.0	10.0	15.0	11.0	15.0	0.0
2	1	8	0.49422657591044983	0.3105730881295642	0.9918256130790191	7397.0	160.0	1164.0	20.0	15.0	560.0	17.0	2.0	381.0	162.0	11.0	86.0	15.0	10.0	0.0
1	2	9	-0.896417850840335	0.8149852120804367	1.005859375	7518.0	39.0	573.0	4.0	2.0	1188.0	7.0	4.0	522.0	31.0	1.0	106.0	3.0	1.0	1.0
1	9	2	-154.7814822450984	1.0	0.4985479186834463	7518.0	573.0	39.0	4.0	2.0	1188.0	522.0	106.0	7.0	31.0	3.0	4.0	1.0	1.0	1.0
2	1	9	0.9016397023986282	0.18362411808891677	0.9942418426103646	7518.0	39.0	1188.0	7.0	4.0	573.0	4.0	2.0	522.0	31.0	1.0	106.0	1.0	3.0	1.0
1	3	4	0.3470724000753062	0.36426852962641787	0.8888888888888888	7283.0	388.0	415.0	43.0	7.0	1225.0	40.0	36.0	64.0	418.0	7.0	26.0	11.0	36.0	1.0
1	4	3	-2.4295068005271454	0.9924403096068812	0.5333333333333333	7283.0	415.0	388.0	43.0	7.0	1225.0	64.0	26.0	40.0	418.0	11.0	36.0	7.0	36.0	1.0
3	1	4	-0.30368835006589295	0.6193172642343125	1.1666666666666667	7283.0	388.0	1225.0	40.0	36.0	415.0	43.0	7.0	64.0	418.0	7.0	26.0	36.0	11.0	1.0
1	3	5	-1.4098903401133736	0.9207139147464793	1.1	7369.0	302.0	428.0	31.0	6.0	1241.0	44.0	16.0	187.0	287.0	15.0	38.0	6.0	27.0	3.0
1	5	3	-16.918684081360478	1.0	0.4782608695652174	7369.0	428.0	302.0	31.0	6.0	1241.0	187.0	38.0	44.0	287.0	6.0	16.0	15.0	27.0	3.0
3	1	5	1.5380621892145894	0.06201672343088149	0.9230769230769231	7369.0	302.0	1241.0	44.0	16.0	428.0	31.0	6.0	187.0	287.0	15.0	38.0	27.0	6.0	3.0
1	3	6	-1.3548308635259116	0.9122642122175668	1.0902255639097744	7359.0	312.0	430.0	29.0	6.0	1243.0	41.0	17.0	186.0	289.0	14.0	41.0	6.0	25.0	2.0
1	6	3	-17.725703797797344	1.0	0.48013245033112584	7359.0	430.0	312.0	29.0	6.0	1243.0	186.0	41.0	41.0	289.0	6.0	17.0	14.0	25.0	2.0
3	1	6	1.4669547970590906	0.07119421502647438	0.9289940828402367	7359.0	312.0	1243.0	41.0	17.0	430.0	29.0	6.0	186.0	289.0	14.0	41.0	25.0	6.0	2.0
1	3	7	-2.059952360614634	0.9802985185102688	1.1028571428571428	7417.0	254.0	436.0	24.0	5.0	1239.0	42.0	20.0	235.0	246.0	8.0	43.0	6.0	23.0	2.0
1	7	3	-24.14721933831598	1.0	0.4777227722772277	7417.0	436.0	254.0	24.0	5.0	1239.0	235.0	43.0	42.0	246.0	6.0	20.0	8.0	23.0	2.0
3	1	7	2.2520722698947555	0.012158814320827993	0.9213973799126638	7417.0	254.0	1239.0	42.0	20.0	436.0	24.0	5.0	235.0	246.0	8.0	43.0	23.0	6.0	2.0
1	3	8	-0.3146587966789292	0.62348956522487	1.0068027210884354	7513.0	158.0	444.0	19.0	2.0	1263.0	21.0	17.0	317.0	165.0	7.0	51.0	6.0	14.0	3.0
1	8	3	-46.88416070516045	1.0	0.4983164983164983	7513.0	444.0	158.0	19.0	2.0	1263.0	317.0	51.0	21.0	165.0	6.0	17.0	7.0	14.0	3.0
3	1	8	0.31678486962946256	0.3757034917597373	0.9933333333333333	7513.0	158.0	1263.0	21.0	17.0	444.0	19.0	2.0	317.0	165.0	7.0	51.0	14.0	6.0	3.0
1	3	9	-0.9889569342408184	0.8386578880638655	1.0067720090293453	7630.0	41.0	461.0	3.0	1.0	1292.0	6.0	3.0	452.0	34.0	3.0	72.0	1.0	1.0	0.0
1	9	3	-148.01388782470923	1.0	0.4983240223463687	7630.0	461.0	41.0	3.0	1.0	1292.0	452.0	72.0	6.0	34.0	1.0	3.0	3.0	1.0	0.0
3	1	9	0.995609110928537	0.1597200613186095	0.9933628318584071	7630.0	41.0	1292.0	6.0	3.0	461.0	3.0	1.0	452.0	34.0	3.0	72.0	1.0	1.0	0.0
1	4	5	-0.8698501808769353	0.8078088980145761	1.0695652173913044	7401.0	297.0	396.0	35.0	7.0	1254.0	43.0	18.0	166.0	289.0	14.0	46.0	5.0	28.0	1.0
1	5	4	-14.243796711859822	1.0	0.48425196850393704	7401.0	396.0	297.0	35.0	7.0	1254.0	166.0	46.0	43.0	289.0	5.0	18.0	14.0	28.0	1.0
4	1	5	0.9264258023973866	0.177112350930269	0.9424460431654677	7401.0	297.0	1254.0	43.0	18.0	396.0	35.0	7.0	166.0	289.0	14.0	46.0	28.0	5.0	1.0
1	4	6	-0.33719069409385083	0.632013356644532	1.024793388429752	7397.0	301.0	392.0	37.0	9.0	1257.0	40.0	18.0	164.0	291.0	14.0	49.0	5.0	26.0	0.0
1	6	4	-14.274406049973003	1.0	0.4940239043824701	7397.0	392.0	301.0	37.0	9.0	1257.0	164.0	49.0	40.0	291.0	5.0	18.0	14.0	26.0	0.0
4	1	6	0.34534853346708916	0.364916248057624	0.9769230769230769	7397.0	301.0	1257.0	40.0	18.0	392.0	37.0	9.0	164.0	291.0	14.0	49.0	26.0	5.0	0.0
1	4	7	-1.3052959579979082	0.904103887543498	1.06875	7449.0	249.0	404.0	27.0	7.0	1259.0	38.0	18.0	209.0	250.0	10.0	49.0	6.0	25.0	0.0
1	7	4	-21.596714941419936	1.0	0.48441926345609065	7449.0	404.0	249.0	27.0	7.0	1259.0	209.0	49.0	38.0	250.0	6.0	18.0	10.0	25.0	0.0
4	1	7	1.3892623646527442	0.08237654851698073	0.9430051813471503	7449.0	249.0	1259.0	38.0	18.0	404.0	27.0	7.0	209.0	250.0	10.0	49.0	25.0	6.0	0.0
1	4	8	0.15625611911652892	0.4379155599378508	0.9963369963369964	7546.0	152.0	411.0	21.0	6.0	1279.0	20.0	16.0	292.0	167.0	10.0	60.0	5.0	15.0	0.0
1	8	4	-42.345408280579456	1.0	0.5009208103130756	7546.0	411.0	152.0	21.0	6.0	1279.0	292.0	60.0	20.0	167.0	5.0	16.0	10.0	15.0	0.0
4	1	8	-0.15568164809036522	0.5618580304676198	1.0037037037037038	7546.0	152.0	1279.0	20.0	16.0	411.0	21.0	6.0	292.0	167.0	10.0	60.0	15.0	5.0	0.0
1	4	9	-1.4841775093298397	0.9311190484588744	1.0118483412322274	7658.0	40.0	433.0	3.0	2.0	1302.0	8.0	5.0	435.0	33.0	1.0	79.0	0.0	1.0	0.0
1	9	4	-128.2329368060981	1.0	0.4970896391152503	7658.0	433.0	40.0	3.0	2.0	1302.0	435.0	79.0	8.0	33.0	0.0	5.0	1.0	1.0	0.0
4	1	9	1.501556637073749	0.06660585391538643	0.988558352402746	7658.0	40.0	1302.0	8.0	5.0	433.0	3.0	2.0	435.0	33.0	1.0	79.0	1.0	0.0	0.0
1	5	6	0.22920774066302807	0.4093537726430163	0.003831417624521073	7722.0	75.0	67.0	269.0	3.0	1450.0	9.0	7.0	10.0	326.0	1.0	10.0	1.0	50.0	0.0
1	6	5	-99999.9	1.0	-0.003875968992248062	7722.0	67.0	75.0	269.0	3.0	1450.0	10.0	10.0	9.0	326.0	1.0	7.0	1.0	50.0	0.0
5	1	6	-59.364804831724186	1.0	0.49903660886319845	7722.0	75.0	1450.0	9.0	7.0	67.0	269.0	3.0	10.0	326.0	1.0	10.0	50.0	1.0	0.0
1	5	7	-1.0469036710926114	0.8524279684403318	1.236842105263158	7542.0	255.0	311.0	24.0	4.0	1412.0	33.0	21.0	80.0	252.0	5.0	25.0	9.0	27.0	0.0
1	7	5	-6.514067286798474	0.999999999963247	0.45631067961165045	7542.0	311.0	255.0	24.0	4.0	1412.0	80.0	25.0	33.0	252.0	9.0	21.0	5.0	27.0	0.0
5	1	7	1.2473745868337496	0.10613015859584418	0.8615384615384616	7542.0	255.0	1412.0	33.0	21.0	311.0	24.0	4.0	80.0	252.0	5.0	25.0	27.0	9.0	0.0
1	5	8	-0.4740780891876895	0.6822778761272461	1.020979020979021	7639.0	158.0	318.0	18.0	3.0	1427.0	21.0	18.0	167.0	166.0	4.0	37.0	5.0	18.0	1.0
1	8	5	-23.545878429655236	1.0	0.4949152542372881	7639.0	318.0	158.0	18.0	3.0	1427.0	167.0	37.0	21.0	166.0	5.0	18.0	4.0	18.0	1.0
5	1	8	0.48381941978743653	0.31425702312684745	0.9802631578947368	7639.0	158.0	1427.0	21.0	18.0	318.0	18.0	3.0	167.0	166.0	4.0	37.0	18.0	5.0	1.0
1	5	9	0.0	0.49999999949999996	nan	7758.0	39.0	333.0	4.0	2.0	1457.0	4.0	5.0	300.0	37.0	0.0	59.0	0.0	2.0	0.0
1	9	5	-104.00379860109395	1.0	0.5	7758.0	333.0	39.0	4.0	2.0	1457.0	300.0	59.0	4.0	37.0	0.0	5.0	0.0	2.0	0.0
5	1	9	0.0	0.49999999949999996	nan	7758.0	39.0	1457.0	4.0	5.0	333.0	4.0	2.0	300.0	37.0	0.0	59.0	2.0	0.0	0.0
1	6	7	-1.1924537183285782	0.8834582422669912	1.3142857142857143	7536.0	253.0	317.0	25.0	5.0	1413.0	36.0	21.0	82.0	249.0	5.0	22.0	9.0	27.0	0.0
1	7	6	-6.179078358611725	0.9999999996763137	0.44660194174757284	7536.0	317.0	253.0	25.0	5.0	1413.0	82.0	22.0	36.0	249.0	9.0	21.0	5.0	27.0	0.0
6	1	7	1.4776056944506293	0.06975671060929689	0.8382352941176471	7536.0	253.0	1413.0	36.0	21.0	317.0	25.0	5.0	82.0	249.0	5.0	22.0	27.0	9.0	0.0
1	6	8	-0.3059082111814645	0.6201626643582496	1.013986013986014	7633.0	156.0	324.0	20.0	3.0	1430.0	22.0	18.0	167.0	165.0	4.0	34.0	5.0	18.0	1.0
1	8	6	-22.484253521837672	1.0	0.4965753424657534	7633.0	324.0	156.0	20.0	3.0	1430.0	167.0	34.0	22.0	165.0	5.0	18.0	4.0	18.0	1.0
6	1	8	0.31012763478396743	0.3782320179123899	0.9865771812080537	7633.0	156.0	1430.0	22.0	18.0	324.0	20.0	3.0	167.0	165.0	4.0	34.0	18.0	5.0	1.0
1	6	9	-0.37447824481746883	0.6459756716841469	1.0034013605442176	7749.0	40.0	342.0	3.0	2.0	1461.0	4.0	5.0	299.0	37.0	0.0	56.0	0.0	2.0	0.0
1	9	6	-110.84556046597113	1.0	0.49915397631133673	7749.0	342.0	40.0	3.0	2.0	1461.0	299.0	56.0	4.0	37.0	0.0	5.0	0.0	2.0	0.0
6	1	9	0.3757476625965111	0.3535523084630585	0.9966329966329966	7749.0	40.0	1461.0	4.0	5.0	342.0	3.0	2.0	299.0	37.0	0.0	56.0	2.0	0.0	0.0
1	7	8	0.48571496959210214	0.31358464056106716	0.9711538461538461	7696.0	157.0	261.0	21.0	1.0	1481.0	18.0	18.0	119.0	170.0	5.0	31.0	4.0	18.0	0.0
1	8	7	-15.866689006675328	1.0	0.507537688442211	7696.0	261.0	157.0	21.0	1.0	1481.0	119.0	31.0	18.0	170.0	4.0	18.0	5.0	18.0	0.0
7	1	8	-0.47128779227748524	0.6812823698431658	1.0315789473684212	7696.0	157.0	1481.0	18.0	18.0	261.0	21.0	1.0	119.0	170.0	5.0	31.0	18.0	4.0	0.0
1	7	9	-0.3743429778719999	0.6459253608284488	1.003968253968254	7812.0	41.0	279.0	3.0	1.0	1509.0	4.0	4.0	257.0	37.0	0.0	50.0	0.0	2.0	1.0
1	9	7	-95.08311637948826	1.0	0.4990138067061144	7812.0	279.0	41.0	3.0	1.0	1509.0	257.0	50.0	4.0	37.0	0.0	4.0	0.0	2.0	1.0
7	1	9	0.375822594385328	0.3535244528824215	0.996078431372549	7812.0	41.0	1509.0	4.0	4.0	279.0	3.0	1.0	257.0	37.0	0.0	50.0	2.0	0.0	1.0
1	8	9	-0.6958032202646626	0.7567240325450194	1.0134228187919463	7915.0	42.0	176.0	3.0	0.0	1621.0	5.0	5.0	156.0	36.0	0.0	39.0	0.0	2.0	0.0
1	9	8	-53.22894635024674	1.0	0.4967105263157895	7915.0	176.0	42.0	3.0	0.0	1621.0	156.0	39.0	5.0	36.0	0.0	5.0	0.0	2.0	0.0
8	1	9	0.7050191569569098	0.2403990880900957	0.9870967741935484	7915.0	42.0	1621.0	5.0	5.0	176.0	3.0	0.0	156.0	36.0	0.0	39.0	2.0	0.0	0.0
2	3	4	1.031692280620654	0.15110816923254944	0.5	7845.0	420.0	448.0	38.0	5.0	663.0	29.0	15.0	38.0	441.0	9.0	19.0	12.0	18.0	0.0
2	4	3	0.0	0.49999999949999996	nan	7845.0	448.0	420.0	38.0	5.0	663.0	38.0	19.0	29.0	441.0	12.0	15.0	9.0	18.0	0.0
3	2	4	-0.10742086017181653	0.5427724991126013	-0.0	7845.0	420.0	663.0	29.0	15.0	448.0	38.0	5.0	38.0	441.0	9.0	19.0	18.0	12.0	0.0
2	3	5	-0.499269500071178	0.6912052316844304	1.0298507462686568	7949.0	316.0	453.0	29.0	9.0	661.0	33.0	13.0	171.0	304.0	13.0	29.0	7.0	12.0	1.0
2	5	3	-17.724067252526833	1.0	0.4928571428571429	7949.0	453.0	316.0	29.0	9.0	661.0	171.0	29.0	33.0	304.0	7.0	13.0	13.0	12.0	1.0
3	2	5	0.513741079783386	0.30371650468255873	0.9726027397260274	7949.0	316.0	661.0	33.0	13.0	453.0	29.0	9.0	171.0	304.0	13.0	29.0	12.0	7.0	1.0
2	3	6	-1.102119771508158	0.8647951526993145	1.0714285714285714	7942.0	323.0	457.0	26.0	8.0	660.0	35.0	12.0	170.0	305.0	13.0	30.0	7.0	12.0	0.0
2	6	3	-17.633916344130537	1.0	0.4838709677419355	7942.0	457.0	323.0	26.0	8.0	660.0	170.0	30.0	35.0	305.0	7.0	12.0	13.0	12.0	0.0
3	2	6	1.1755944229420352	0.11987855397753233	0.9411764705882353	7942.0	323.0	660.0	35.0	12.0	457.0	26.0	8.0	170.0	305.0	13.0	30.0	12.0	7.0	0.0
2	3	7	-1.6040260384884006	0.9456458450252605	1.0611111111111111	7985.0	280.0	469.0	16.0	6.0	671.0	27.0	9.0	218.0	264.0	6.0	27.0	9.0	13.0	0.0
2	7	3	-29.455750888605177	1.0	0.4860050890585242	7985.0	469.0	280.0	16.0	6.0	671.0	218.0	27.0	27.0	264.0	9.0	9.0	6.0	13.0	0.0
3	2	7	1.6964045014379943	0.044904622450024245	0.9483568075117371	7985.0	280.0	671.0	27.0	9.0	469.0	16.0	6.0	218.0	264.0	6.0	27.0	13.0	9.0	0.0
2	3	8	-0.1850365687760765	0.5733998104229603	1.0034364261168385	8087.0	178.0	474.0	14.0	3.0	689.0	15.0	3.0	307.0	173.0	8.0	31.0	6.0	11.0	1.0
2	8	3	-54.21571465139034	1.0	0.49914529914529915	8087.0	474.0	178.0	14.0	3.0	689.0	307.0	31.0	15.0	173.0	6.0	3.0	8.0	11.0	1.0
3	2	8	0.18567025565544662	0.42635169118520255	0.9965986394557823	8087.0	178.0	689.0	15.0	3.0	474.0	14.0	3.0	307.0	173.0	8.0	31.0	11.0	6.0	1.0
2	3	9	0.0	0.49999999949999996	nan	8222.0	43.0	484.0	5.0	2.0	700.0	5.0	2.0	457.0	30.0	1.0	44.0	1.0	3.0	1.0
2	9	3	-142.22559126922755	1.0	0.5	8222.0	484.0	43.0	5.0	2.0	700.0	457.0	44.0	5.0	30.0	1.0	2.0	1.0	3.0	1.0
3	2	9	0.0	0.49999999949999996	nan	8222.0	43.0	700.0	5.0	2.0	484.0	5.0	2.0	457.0	30.0	1.0	44.0	3.0	1.0	1.0
2	4	5	0.5314838343767817	0.2975417523889954	0.9708029197080292	7977.0	316.0	425.0	31.0	7.0	678.0	27.0	15.0	160.0	310.0	12.0	23.0	7.0	11.0	1.0
2	5	4	-17.140353658651204	1.0	0.5076335877862596	7977.0	425.0	316.0	31.0	7.0	678.0	160.0	23.0	27.0	310.0	7.0	15.0	12.0	11.0	1.0
4	2	5	-0.5154993581549236	0.6968979506902248	1.032	7977.0	316.0	678.0	27.0	15.0	425.0	31.0	7.0	160.0	310.0	12.0	23.0	11.0	7.0	1.0
2	4	6	0.2598264419378857	0.39749888575338455	0.9848484848484849	7976.0	317.0	423.0	31.0	9.0	678.0	29.0	13.0	159.0	311.0	12.0	23.0	7.0	12.0	0.0
2	6	4	-16.628892284024683	1.0	0.5038759689922481	7976.0	423.0	317.0	31.0	9.0	678.0	159.0	23.0	29.0	311.0	7.0	13.0	12.0	12.0	0.0
4	2	6	-0.2558291120619182	0.6009585457650419	1.0158730158730158	7976.0	317.0	678.0	29.0	13.0	423.0	31.0	9.0	159.0	311.0	12.0	23.0	12.0	7.0	0.0
2	4	7	0.0	0.49999999949999996	nan	8020.0	273.0	434.0	22.0	7.0	688.0	22.0	10.0	206.0	269.0	7.0	22.0	9.0	11.0	0.0
2	7	4	-27.70757568909437	1.0	0.5	8020.0	434.0	273.0	22.0	7.0	688.0	206.0	22.0	22.0	269.0	9.0	10.0	7.0	11.0	0.0
4	2	7	0.0	0.49999999949999996	nan	8020.0	273.0	688.0	22.0	10.0	434.0	22.0	7.0	206.0	269.0	7.0	22.0	11.0	9.0	0.0
2	4	8	0.5402535749413242	0.2945110626972536	0.9894366197183099	8123.0	170.0	438.0	17.0	8.0	702.0	14.0	4.0	295.0	177.0	10.0	30.0	3.0	9.0	0.0
2	8	4	-50.06349794456268	1.0	0.5026833631484794	8123.0	438.0	170.0	17.0	8.0	702.0	295.0	30.0	14.0	177.0	3.0	4.0	10.0	9.0	0.0
4	2	8	-0.5344857431803848	0.703497264132046	1.010909090909091	8123.0	170.0	702.0	14.0	4.0	438.0	17.0	8.0	295.0	177.0	10.0	30.0	9.0	3.0	0.0
2	4	9	-0.6273442021309122	0.7347832393581619	1.0045146726862302	8249.0	44.0	457.0	4.0	2.0	711.0	6.0	3.0	451.0	30.0	1.0	39.0	0.0	3.0	0.0
2	9	4	-140.21142917625934	1.0	0.4988789237668162	8249.0	457.0	44.0	4.0	2.0	711.0	451.0	39.0	6.0	30.0	0.0	3.0	1.0	3.0	0.0
4	2	9	0.6301637266348714	0.2642936769825699	0.9955456570155902	8249.0	44.0	711.0	6.0	3.0	457.0	4.0	2.0	451.0	30.0	1.0	39.0	3.0	0.0	0.0
2	5	6	-99999.9	1.0	-0.011450381679389313	8320.0	82.0	79.0	272.0	3.0	852.0	7.0	2.0	4.0	339.0	1.0	4.0	1.0	34.0	0.0
2	6	5	0.9027334225608695	0.1833336685358543	0.01107011070110701	8320.0	79.0	82.0	272.0	3.0	852.0	4.0	4.0	7.0	339.0	1.0	2.0	1.0	34.0	0.0
5	2	6	-79.74145232620994	1.0	0.50281425891182	8320.0	82.0	852.0	7.0	2.0	79.0	272.0	3.0	4.0	339.0	1.0	4.0	34.0	1.0	0.0
2	5	7	-0.14412185610180464	0.5572978993202071	1.0212765957446808	8127.0	275.0	327.0	23.0	4.0	827.0	24.0	10.0	72.0	267.0	5.0	17.0	9.0	13.0	0.0
2	7	5	-7.061970948988439	0.9999999999991738	0.4948453608247423	8127.0	327.0	275.0	23.0	4.0	827.0	72.0	17.0	24.0	267.0	9.0	10.0	5.0	13.0	0.0
5	2	7	0.14712439477059222	0.44151689779412373	0.98	8127.0	275.0	827.0	24.0	10.0	327.0	23.0	4.0	72.0	267.0	5.0	17.0	13.0	9.0	0.0
2	5	8	0.17988569614237046	0.4286211612035077	0.9932432432432432	8226.0	176.0	335.0	16.0	3.0	840.0	15.0	6.0	162.0	176.0	6.0	25.0	3.0	10.0	1.0
2	8	5	-26.263311636786046	1.0	0.5017064846416383	8226.0	335.0	176.0	16.0	3.0	840.0	162.0	25.0	15.0	176.0	3.0	6.0	6.0	10.0	1.0
5	2	8	-0.17866198392371485	0.5708984316174917	1.006896551724138	8226.0	176.0	840.0	15.0	6.0	335.0	16.0	3.0	162.0	176.0	6.0	25.0	10.0	3.0	1.0
2	5	9	0.9961177619236959	0.15959647374675612	0.9903225806451613	8359.0	43.0	347.0	6.0	1.0	856.0	3.0	2.0	310.0	33.0	1.0	35.0	0.0	4.0	0.0
2	9	5	-100.93993320826748	1.0	0.502454991816694	8359.0	347.0	43.0	6.0	1.0	856.0	310.0	35.0	3.0	33.0	0.0	2.0	1.0	4.0	0.0
5	2	9	-0.9863837121329107	0.8380275680450316	1.0099667774086378	8359.0	43.0	856.0	3.0	2.0	347.0	6.0	1.0	310.0	33.0	1.0	35.0	4.0	0.0	0.0
2	6	7	-0.42259018336745546	0.6637028157970468	1.0625	8124.0	275.0	330.0	22.0	5.0	825.0	25.0	10.0	76.0	266.0	5.0	15.0	9.0	13.0	0.0
2	7	6	-7.606623300614188	0.9999999999999858	0.4857142857142857	8124.0	330.0	275.0	22.0	5.0	825.0	76.0	15.0	25.0	266.0	9.0	10.0	5.0	13.0	0.0
6	2	7	0.44744842944789404	0.32727568433387644	0.9473684210526315	8124.0	275.0	825.0	25.0	10.0	330.0	22.0	5.0	76.0	266.0	5.0	15.0	13.0	9.0	0.0
2	6	8	0.3444981288078011	0.3652359177236023	0.9868421052631579	8225.0	174.0	336.0	18.0	3.0	838.0	16.0	6.0	166.0	175.0	6.0	23.0	3.0	10.0	1.0
2	8	6	-25.492861531777315	1.0	0.5033557046979866	8225.0	336.0	174.0	18.0	3.0	838.0	166.0	23.0	16.0	175.0	3.0	6.0	6.0	10.0	1.0
6	2	8	-0.3399048204236971	0.6330358298383301	1.0136986301369864	8225.0	174.0	838.0	16.0	6.0	336.0	18.0	3.0	166.0	175.0	6.0	23.0	10.0	3.0	1.0
2	6	9	0.70386754499514	0.24075756322490305	0.9935897435897436	8355.0	44.0	351.0	5.0	1.0	855.0	3.0	2.0	313.0	33.0	1.0	33.0	0.0	4.0	0.0
2	9	6	-108.3956019292522	1.0	0.5016181229773463	8355.0	351.0	44.0	5.0	1.0	855.0	313.0	33.0	3.0	33.0	0.0	2.0	1.0	4.0	0.0
6	2	9	-0.6993264640596876	0.7578260528578615	1.0065359477124183	8355.0	44.0	855.0	3.0	2.0	351.0	5.0	1.0	313.0	33.0	1.0	33.0	4.0	0.0	0.0
2	7	8	1.2773676977180568	0.10073630038318582	0.9351851851851852	8279.0	175.0	282.0	19.0	1.0	898.0	12.0	6.0	113.0	180.0	7.0	16.0	2.0	10.0	0.0
2	8	7	-17.15322336935677	1.0	0.517948717948718	8279.0	282.0	175.0	19.0	1.0	898.0	113.0	16.0	12.0	180.0	2.0	6.0	7.0	10.0	0.0
7	2	8	-1.188837263222746	0.8827480808936525	1.0804597701149425	8279.0	175.0	898.0	12.0	6.0	282.0	19.0	1.0	113.0	180.0	7.0	16.0	10.0	2.0	0.0
2	7	9	0.7040643387743913	0.2406962844242957	0.9924812030075187	8411.0	43.0	295.0	5.0	2.0	910.0	3.0	3.0	267.0	33.0	0.0	24.0	0.0	4.0	0.0
2	9	7	-92.23242837944548	1.0	0.5019011406844106	8411.0	295.0	43.0	5.0	2.0	910.0	267.0	24.0	3.0	33.0	0.0	3.0	0.0	4.0	0.0
7	2	9	-0.6987305180261006	0.7576398398274451	1.0076923076923077	8411.0	43.0	910.0	3.0	3.0	295.0	5.0	2.0	267.0	33.0	0.0	24.0	4.0	0.0	0.0
2	8	9	0.33231234421967376	0.36982677781143725	0.9937106918238994	8516.0	45.0	190.0	5.0	0.0	1020.0	4.0	3.0	162.0	32.0	0.0	19.0	0.0	4.0	0.0
2	9	8	-52.17303804248883	1.0	0.5015873015873016	8516.0	190.0	45.0	5.0	0.0	1020.0	162.0	19.0	4.0	32.0	0.0	3.0	0.0	4.0	0.0
8	2	9	-0.33020910153473915	0.6293789467440067	1.0064102564102564	8516.0	45.0	1020.0	4.0	3.0	190.0	5.0	0.0	162.0	32.0	0.0	19.0	4.0	0.0	0.0
3	4	5	1.036661411306597	0.14994686463690843	0.9539473684210527	8180.0	328.0	430.0	27.0	7.0	475.0	20.0	10.0	165.0	319.0	13.0	13.0	6.0	6.0	1.0
3	5	4	-20.437039251472928	1.0	0.5123674911660778	8180.0	430.0	328.0	27.0	7.0	475.0	165.0	13.0	20.0	319.0	6.0	10.0	13.0	6.0	1.0
4	3	5	-0.9866156880021407	0.8380844570672511	1.0534351145038168	8180.0	328.0	475.0	20.0	10.0	430.0	27.0	7.0	165.0	319.0	13.0	13.0	6.0	6.0	1.0
3	4	6	1.6664470878041386	0.047812179193488014	0.9308176100628931	8175.0	333.0	427.0	28.0	9.0	479.0	17.0	9.0	165.0	320.0	12.0	13.0	6.0	6.0	1.0
3	6	4	-20.75484100265156	1.0	0.519298245614035	8175.0	427.0	333.0	28.0	9.0	479.0	165.0	13.0	17.0	320.0	6.0	9.0	12.0	6.0	1.0
4	3	6	-1.542589533980858	0.9385347833515482	1.0873015873015872	8175.0	333.0	479.0	17.0	9.0	427.0	28.0	9.0	165.0	320.0	12.0	13.0	6.0	6.0	1.0
3	4	7	1.420638259249777	0.07771102515806882	0.957345971563981	8223.0	285.0	433.0	25.0	6.0	485.0	16.0	4.0	218.0	270.0	9.0	11.0	7.0	7.0	1.0
3	7	4	-30.464798226134093	1.0	0.5113924050632911	8223.0	433.0	285.0	25.0	6.0	485.0	218.0	11.0	16.0	270.0	7.0	4.0	9.0	7.0	1.0
4	3	7	-1.3573424952237967	0.9126637326655794	1.048913043478261	8223.0	285.0	485.0	16.0	4.0	433.0	25.0	6.0	218.0	270.0	9.0	11.0	7.0	7.0	1.0
3	4	8	0.5785447591698695	0.2814481541653415	0.9899665551839465	8335.0	173.0	441.0	15.0	8.0	490.0	12.0	3.0	308.0	182.0	7.0	14.0	4.0	6.0	2.0
3	8	4	-56.50453814559068	1.0	0.5025466893039049	8335.0	441.0	173.0	15.0	8.0	490.0	308.0	14.0	12.0	182.0	4.0	3.0	7.0	6.0	2.0
4	3	8	-0.5726811298539587	0.7165697290246452	1.0103448275862068	8335.0	173.0	490.0	12.0	3.0	441.0	15.0	8.0	308.0	182.0	7.0	14.0	6.0	4.0	2.0
3	4	9	-0.7004392078075239	0.7581735400174838	1.0043859649122806	8463.0	45.0	459.0	3.0	2.0	497.0	5.0	3.0	463.0	33.0	1.0	25.0	0.0	1.0	0.0
3	9	4	-161.10101779573083	1.0	0.4989106753812636	8463.0	459.0	45.0	3.0	2.0	497.0	463.0	25.0	5.0	33.0	0.0	3.0	1.0	1.0	0.0
4	3	9	0.7034978943044999	0.2408726901709327	0.9956709956709957	8463.0	45.0	497.0	5.0	3.0	459.0	3.0	2.0	463.0	33.0	1.0	25.0	1.0	0.0	0.0
3	5	6	0.7039976076437667	0.24071706260364822	0.0071428571428571435	8524.0	86.0	78.0	281.0	3.0	648.0	3.0	2.0	5.0	339.0	1.0	4.0	1.0	25.0	0.0
3	6	5	-99999.9	1.0	-0.007299270072992701	8524.0	78.0	86.0	281.0	3.0	648.0	5.0	4.0	3.0	339.0	1.0	2.0	1.0	25.0	0.0
5	3	6	-97.15166985483947	1.0	0.4981949458483755	8524.0	86.0	648.0	3.0	2.0	78.0	281.0	3.0	5.0	339.0	1.0	4.0	25.0	1.0	0.0
3	5	7	1.9021010170109276	0.02857890869758939	0.8333333333333334	8320.0	290.0	336.0	23.0	3.0	634.0	12.0	7.0	67.0	272.0	6.0	13.0	9.0	8.0	0.0
3	7	5	-7.60840406804371	0.999999999999986	0.5555555555555556	8320.0	336.0	290.0	23.0	3.0	634.0	67.0	13.0	12.0	272.0	9.0	7.0	6.0	8.0	0.0
5	3	7	-1.521680813608742	0.9359554379298025	1.3333333333333333	8320.0	290.0	634.0	12.0	7.0	336.0	23.0	3.0	67.0	272.0	6.0	13.0	8.0	9.0	0.0
3	5	8	0.2087073974294757	0.41733836366024635	0.9932432432432432	8430.0	180.0	346.0	12.0	4.0	636.0	11.0	6.0	158.0	183.0	4.0	18.0	4.0	7.0	1.0
3	8	5	-30.471280024703436	1.0	0.5017064846416383	8430.0	346.0	180.0	12.0	4.0	636.0	158.0	18.0	11.0	183.0	4.0	6.0	4.0	7.0	1.0
5	3	8	-0.20728761921566974	0.5821073485437684	1.006896551724138	8430.0	180.0	636.0	11.0	6.0	346.0	12.0	4.0	158.0	183.0	4.0	18.0	7.0	4.0	1.0
3	5	9	1.3272523478263873	0.09221267628064822	0.9903225806451613	8566.0	44.0	356.0	4.0	2.0	649.0	1.0	3.0	308.0	37.0	0.0	28.0	0.0	2.0	0.0
3	9	5	-134.49490457974153	1.0	0.502454991816694	8566.0	356.0	44.0	4.0	2.0	649.0	308.0	28.0	1.0	37.0	0.0	3.0	0.0	2.0	0.0
5	3	9	-1.3142824551766181	0.9056243485145916	1.0099667774086378	8566.0	44.0	649.0	1.0	3.0	356.0	4.0	2.0	308.0	37.0	0.0	28.0	2.0	0.0	0.0
3	6	7	1.5679146750170563	0.05845053268598921	0.8548387096774194	8312.0	290.0	344.0	22.0	4.0	637.0	13.0	7.0	66.0	271.0	6.0	11.0	9.0	8.0	0.0
3	7	6	-7.665360633416721	0.999999999999991	0.5463917525773196	8312.0	344.0	290.0	22.0	4.0	637.0	66.0	11.0	13.0	271.0	9.0	7.0	6.0	8.0	0.0
6	3	7	-1.3016650132217074	0.9034844699374928	1.2571428571428571	8312.0	290.0	637.0	13.0	7.0	344.0	22.0	4.0	66.0	271.0	6.0	11.0	8.0	9.0	0.0
3	6	8	0.3937514664844332	0.34688232164841803	0.9863945578231292	8424.0	178.0	352.0	14.0	4.0	639.0	12.0	6.0	157.0	182.0	4.0	16.0	4.0	7.0	1.0
3	8	6	-28.153229853637008	1.0	0.5034722222222222	8424.0	352.0	178.0	14.0	4.0	639.0	157.0	16.0	12.0	182.0	4.0	6.0	4.0	7.0	1.0
6	3	8	-0.38832041177430315	0.6511104792559655	1.0141843971631206	8424.0	178.0	639.0	12.0	6.0	352.0	14.0	4.0	157.0	182.0	4.0	16.0	7.0	4.0	1.0
3	6	9	0.9877977136011998	0.16162586892346664	0.993485342019544	8557.0	45.0	365.0	3.0	2.0	653.0	1.0	3.0	306.0	37.0	0.0	26.0	0.0	2.0	0.0
3	9	6	-149.65135361058174	1.0	0.5016447368421052	8557.0	365.0	45.0	3.0	2.0	653.0	306.0	26.0	1.0	37.0	0.0	3.0	0.0	2.0	0.0
6	3	9	-0.9813203515447984	0.836782602527099	1.0066445182724253	8557.0	45.0	653.0	1.0	3.0	365.0	3.0	2.0	306.0	37.0	0.0	26.0	2.0	0.0	0.0
3	7	8	1.240488021284774	0.10739753922730733	0.9393939393939394	8477.0	179.0	299.0	15.0	2.0	700.0	9.0	5.0	102.0	186.0	5.0	10.0	3.0	8.0	0.0
3	8	7	-17.987076308629238	1.0	0.5166666666666667	8477.0	299.0	179.0	15.0	2.0	700.0	102.0	10.0	9.0	186.0	3.0	5.0	5.0	8.0	0.0
7	3	8	-1.1604565360405954	0.8770684513186492	1.0740740740740742	8477.0	179.0	700.0	9.0	5.0	299.0	15.0	2.0	102.0	186.0	5.0	10.0	8.0	3.0	0.0
3	7	9	0.9878085199981823	0.1616232222047853	0.9922178988326849	8611.0	45.0	311.0	3.0	2.0	710.0	1.0	3.0	256.0	37.0	0.0	19.0	0.0	2.0	0.0
3	9	7	-124.9577777797694	1.0	0.5019685039370079	8611.0	311.0	45.0	3.0	2.0	710.0	256.0	19.0	1.0	37.0	0.0	3.0	0.0	2.0	0.0
7	3	9	-0.9800610021942748	0.8364719940379759	1.0079681274900398	8611.0	45.0	710.0	1.0	3.0	311.0	3.0	2.0	256.0	37.0	0.0	19.0	2.0	0.0	0.0
3	8	9	0.44364397159990737	0.32865003338807575	0.9937888198757764	8729.0	47.0	193.0	3.0	0.0	807.0	2.0	3.0	162.0	36.0	0.0	16.0	0.0	2.0	0.0
3	9	8	-70.53939148438516	1.0	0.5015673981191223	8729.0	193.0	47.0	3.0	0.0	807.0	162.0	16.0	2.0	36.0	0.0	3.0	0.0	2.0	0.0
8	3	9	-0.44087119677740794	0.6703468464539482	1.0063291139240507	8729.0	47.0	807.0	2.0	3.0	193.0	3.0	0.0	162.0	36.0	0.0	16.0	2.0	0.0	0.0
4	5	6	-99999.9	1.0	-0.00749063670411985	8574.0	81.0	80.0	275.0	3.0	598.0	6.0	4.0	4.0	347.0	1.0	3.0	1.0	23.0	0.0
4	6	5	0.6307101633710743	0.26411496857756434	0.007326007326007327	8574.0	80.0	81.0	275.0	3.0	598.0	4.0	3.0	6.0	347.0	1.0	4.0	1.0	23.0	0.0
5	4	6	-84.8305169734096	1.0	0.5018518518518519	8574.0	81.0	598.0	6.0	4.0	80.0	275.0	3.0	4.0	347.0	1.0	3.0	23.0	1.0	0.0
4	5	7	0.16569003157857667	0.4342004422415702	0.9807692307692307	8372.0	283.0	336.0	19.0	3.0	582.0	18.0	8.0	69.0	276.0	7.0	11.0	8.0	8.0	0.0
4	7	5	-8.284501578928827	1.0	0.504950495049505	8372.0	336.0	283.0	19.0	3.0	582.0	69.0	11.0	18.0	276.0	8.0	8.0	7.0	8.0	0.0
5	4	7	-0.1624412074299771	0.564520794792005	1.0204081632653061	8372.0	283.0	582.0	18.0	8.0	336.0	19.0	3.0	69.0	276.0	7.0	11.0	8.0	8.0	0.0
4	5	8	-0.42206232069970445	0.6635101958272683	1.0136054421768708	8479.0	176.0	346.0	10.0	2.0	587.0	12.0	9.0	161.0	186.0	5.0	15.0	5.0	6.0	1.0
4	8	5	-31.865705212827635	1.0	0.4966666666666667	8479.0	346.0	176.0	10.0	2.0	587.0	161.0	15.0	12.0	186.0	5.0	9.0	5.0	6.0	1.0
5	4	8	0.4277275867493649	0.3344247681168495	0.9869281045751634	8479.0	176.0	587.0	12.0	9.0	346.0	10.0	2.0	161.0	186.0	5.0	15.0	6.0	5.0	1.0
4	5	9	2.1972873199652234	0.013999917799747408	0.9843260188087775	8608.0	47.0	352.0	5.0	1.0	607.0	0.0	1.0	314.0	37.0	1.0	26.0	0.0	1.0	0.0
4	9	5	-135.7923563738513	1.0	0.5040128410914927	8608.0	352.0	47.0	5.0	1.0	607.0	314.0	26.0	0.0	37.0	0.0	1.0	1.0	1.0	0.0
5	4	9	-2.162298668373421	0.9847024730936179	1.0164473684210527	8608.0	47.0	607.0	0.0	1.0	352.0	5.0	1.0	314.0	37.0	1.0	26.0	1.0	0.0	0.0
4	6	7	-0.16253975602002763	0.5645595942928525	1.0192307692307692	8371.0	283.0	337.0	18.0	4.0	578.0	19.0	8.0	72.0	275.0	7.0	12.0	8.0	8.0	0.0
4	7	6	-8.77714682508149	1.0	0.4953271028037384	8371.0	337.0	283.0	18.0	4.0	578.0	72.0	12.0	19.0	275.0	8.0	8.0	7.0	8.0	0.0
6	4	7	0.1656065438694621	0.4342332951077714	0.9818181818181818	8371.0	283.0	578.0	19.0	8.0	337.0	18.0	4.0	72.0	275.0	7.0	12.0	8.0	8.0	0.0
4	6	8	-0.4042527601423482	0.6569865226492673	1.0134228187919463	8479.0	175.0	346.0	11.0	2.0	584.0	13.0	8.0	164.0	185.0	5.0	15.0	5.0	7.0	1.0
4	8	6	-30.925336150889624	1.0	0.4967105263157895	8479.0	346.0	175.0	11.0	2.0	584.0	164.0	15.0	13.0	185.0	5.0	8.0	5.0	7.0	1.0
6	4	8	0.4096071013362865	0.3410471385402881	0.9870967741935484	8479.0	175.0	584.0	13.0	8.0	346.0	11.0	2.0	164.0	185.0	5.0	15.0	7.0	5.0	1.0
4	6	9	1.963668727625482	0.024784191623244745	0.9875	8606.0	48.0	354.0	4.0	1.0	604.0	0.0	1.0	316.0	37.0	1.0	27.0	0.0	1.0	0.0
4	9	6	-153.16616075478734	1.0	0.5031847133757962	8606.0	354.0	48.0	4.0	1.0	604.0	316.0	27.0	0.0	37.0	0.0	1.0	1.0	1.0	0.0
6	4	9	-1.9388121614530074	0.9737379610008517	1.0129870129870129	8606.0	48.0	604.0	0.0	1.0	354.0	4.0	1.0	316.0	37.0	1.0	27.0	1.0	0.0	0.0
4	7	8	0.6057861511016511	0.272328333545639	0.9696969696969697	8535.0	173.0	290.0	14.0	1.0	642.0	11.0	9.0	107.0	189.0	6.0	14.0	3.0	6.0	0.0
4	8	7	-18.779370684151182	1.0	0.5079365079365079	8535.0	290.0	173.0	14.0	1.0	642.0	107.0	14.0	11.0	189.0	3.0	9.0	6.0	6.0	0.0
7	4	8	-0.5868553338797245	0.7213496079584754	1.0333333333333334	8535.0	173.0	642.0	11.0	9.0	290.0	14.0	1.0	107.0	189.0	6.0	14.0	6.0	3.0	0.0
4	7	9	1.961422882021349	0.02491478738353814	0.9851301115241635	8661.0	47.0	299.0	4.0	2.0	660.0	0.0	2.0	265.0	37.0	0.0	22.0	0.0	1.0	0.0
4	9	7	-127.98284305189188	1.0	0.5038022813688212	8661.0	299.0	47.0	4.0	2.0	660.0	265.0	22.0	0.0	37.0	0.0	2.0	0.0	1.0	0.0
7	4	9	-1.9318164988964985	0.9733089885716794	1.0155642023346303	8661.0	47.0	660.0	0.0	2.0	299.0	4.0	2.0	265.0	37.0	0.0	22.0	1.0	0.0	0.0
4	8	9	1.32622016902346	0.09238345603559628	0.9822485207100592	8776.0	49.0	184.0	4.0	0.0	760.0	1.0	2.0	167.0	36.0	0.0	20.0	0.0	1.0	0.0
4	9	8	-72.05796251694109	1.0	0.5045592705167173	8776.0	184.0	49.0	4.0	0.0	760.0	167.0	20.0	1.0	36.0	0.0	2.0	0.0	1.0	0.0
8	4	9	-1.3022523346435182	0.9035848622735743	1.01875	8776.0	49.0	760.0	1.0	2.0	184.0	4.0	0.0	167.0	36.0	0.0	20.0	1.0	0.0	0.0
5	6	7	-0.9817705140221585	0.836893538446	1.0061728395061729	8865.0	307.0	89.0	1.0	1.0	84.0	3.0	0.0	329.0	299.0	17.0	3.0	1.0	1.0	0.0
5	7	6	-161.01036429963418	1.0	0.4984709480122324	8865.0	89.0	307.0	1.0	1.0	84.0	329.0	3.0	3.0	299.0	1.0	0.0	17.0	1.0	0.0
6	5	7	0.9877936460100244	0.16162686517121305	0.9939393939393939	8865.0	307.0	84.0	3.0	0.0	89.0	1.0	1.0	329.0	299.0	17.0	3.0	1.0	1.0	0.0
5	6	8	0.5681942038832841	0.28495151804274244	0.9976905311778291	8977.0	195.0	89.0	2.0	0.0	86.0	1.0	0.0	433.0	200.0	12.0	3.0	1.0	1.0	0.0
5	8	6	-244.89170187369845	1.0	0.5005793742757823	8977.0	89.0	195.0	2.0	0.0	86.0	433.0	3.0	1.0	200.0	1.0	0.0	12.0	1.0	0.0
6	5	8	-0.5668789395224431	0.7146018178882925	1.0023255813953489	8977.0	195.0	86.0	1.0	0.0	89.0	2.0	0.0	433.0	200.0	12.0	3.0	1.0	1.0	0.0
5	6	9	-0.9512287437139909	0.8292558742823621	1.001669449081803	9124.0	48.0	91.0	0.0	0.0	86.0	1.0	0.0	601.0	42.0	2.0	5.0	0.0	0.0	0.0
5	9	6	-571.6884749720547	1.0	0.4995836802664446	9124.0	91.0	48.0	0.0	0.0	86.0	601.0	5.0	1.0	42.0	0.0	0.0	2.0	0.0	0.0
6	5	9	0.9528141249535141	0.1703421194528263	0.9983388704318937	9124.0	48.0	86.0	1.0	0.0	91.0	0.0	0.0	601.0	42.0	2.0	5.0	0.0	0.0	0.0
5	7	8	1.7237148775244544	0.04237962838463516	0.9428571428571428	8767.0	187.0	299.0	9.0	1.0	410.0	3.0	3.0	102.0	196.0	5.0	10.0	3.0	4.0	1.0
5	8	7	-26.71758060162905	1.0	0.515625	8767.0	299.0	187.0	9.0	1.0	410.0	102.0	10.0	3.0	196.0	3.0	3.0	5.0	4.0	1.0
7	5	8	-1.6192473091896389	0.9473029749245354	1.0689655172413792	8767.0	187.0	410.0	3.0	3.0	299.0	9.0	1.0	102.0	196.0	5.0	10.0	4.0	3.0	1.0
5	7	9	-0.9483236065176888	0.828517642107382	1.0038610038610039	8908.0	46.0	307.0	0.0	2.0	413.0	1.0	2.0	261.0	42.0	0.0	18.0	0.0	0.0	0.0
5	9	7	-247.51246130110826	1.0	0.4990403071017274	8908.0	307.0	46.0	0.0	2.0	413.0	261.0	18.0	1.0	42.0	0.0	2.0	0.0	0.0	0.0
7	5	9	0.9519710050042952	0.17055583444927658	0.9961832061068703	8908.0	46.0	413.0	1.0	2.0	307.0	0.0	2.0	261.0	42.0	0.0	18.0	0.0	0.0	0.0
5	8	9	-1.3553861816687485	0.9123526627991009	1.0127388535031847	9018.0	48.0	197.0	0.0	0.0	518.0	2.0	2.0	161.0	41.0	0.0	13.0	0.0	0.0	0.0
5	9	8	-109.10858762433358	1.0	0.496875	9018.0	197.0	48.0	0.0	0.0	518.0	161.0	13.0	2.0	41.0	0.0	2.0	0.0	0.0	0.0
8	5	9	1.3724350644570347	0.0849640799526099	0.9877300613496932	9018.0	48.0	518.0	2.0	2.0	197.0	0.0	0.0	161.0	41.0	0.0	13.0	0.0	0.0	0.0
6	7	8	1.3888613303964745	0.08243751737121685	0.9504950495049505	8763.0	186.0	300.0	9.0	1.0	414.0	4.0	3.0	100.0	196.0	5.0	11.0	3.0	4.0	1.0
6	8	7	-25.277276213215835	1.0	0.5133689839572193	8763.0	300.0	186.0	9.0	1.0	414.0	100.0	11.0	4.0	196.0	3.0	3.0	5.0	4.0	1.0
7	6	8	-1.3165248027716583	0.9060009536993282	1.058139534883721	8763.0	186.0	414.0	4.0	3.0	300.0	9.0	1.0	100.0	196.0	5.0	11.0	4.0	3.0	1.0
6	7	9	0.0	0.49999999949999996	nan	8902.0	47.0	308.0	0.0	2.0	419.0	0.0	2.0	259.0	42.0	0.0	19.0	0.0	0.0	0.0
6	9	7	-819.0299139835172	1.0	0.5	8902.0	308.0	47.0	0.0	2.0	419.0	259.0	19.0	0.0	42.0	0.0	2.0	0.0	0.0	0.0
7	6	9	0.0	0.49999999949999996	nan	8902.0	47.0	419.0	0.0	2.0	308.0	0.0	2.0	259.0	42.0	0.0	19.0	0.0	0.0	0.0
6	8	9	-0.9451915435349275	0.8277194637462701	1.00625	9014.0	49.0	196.0	0.0	0.0	522.0	1.0	2.0	162.0	41.0	0.0	13.0	0.0	0.0	0.0
6	9	8	-153.1210300526568	1.0	0.4984520123839009	9014.0	196.0	49.0	0.0	0.0	522.0	162.0	13.0	1.0	41.0	0.0	2.0	0.0	0.0	0.0
8	6	9	0.9510622984637161	0.1707863665535857	0.9938650306748467	9014.0	49.0	522.0	1.0	2.0	196.0	0.0	0.0	162.0	41.0	0.0	13.0	0.0	0.0	0.0
7	8	9	-0.9454861738036593	0.8277946484933754	1.0060240963855422	9128.0	49.0	193.0	0.0	0.0	408.0	1.0	2.0	168.0	41.0	0.0	10.0	0.0	0.0	0.0
7	9	8	-158.8416771990152	1.0	0.49850746268656715	9128.0	193.0	49.0	0.0	0.0	408.0	168.0	10.0	1.0	41.0	0.0	2.0	0.0	0.0	0.0
8	7	9	0.951147767658771	0.1707646751609293	0.9940828402366864	9128.0	49.0	408.0	1.0	2.0	193.0	0.0	0.0	168.0	41.0	0.0	10.0	0.0	0.0	0.0
