P1	Hybrid	P2	Zscore	Pvalue	Gamma	AAAA	AAAB	AABA	AABB	AABC	ABAA	ABAB	ABAC	ABBA	BAAA	ABBC	CABC	BACA	BCAA	ABCD
1	2	3	-99999.9	1.0	-0.018292682926829267	7424.0	334.0	339.0	208.0	18.0	926.0	41.0	19.0	38.0	541.0	11.0	24.0	19.0	57.0	1.0
1	3	2	0.34004580347625935	0.36691108433627684	0.017341040462427747	7424.0	339.0	334.0	208.0	18.0	926.0	38.0	24.0	41.0	541.0	19.0	19.0	11.0	57.0	1.0
2	1	3	-18.929216393511755	1.0	0.5044510385756678	7424.0	334.0	926.0	41.0	19.0	339.0	208.0	18.0	38.0	541.0	11.0	24.0	57.0	19.0	1.0
1	2	4	0.1224201067560342	0.45128311679808486	0.005747126436781608	7407.0	351.0	343.0	206.0	16.0	930.0	33.0	23.0	34.0	539.0	17.0	27.0	18.0	55.0	1.0
1	4	2	-99999.9	1.0	-0.005847953216374269	7407.0	343.0	351.0	206.0	16.0	930.0	34.0	27.0	33.0	539.0	18.0	23.0	17.0	55.0	1.0
2	1	4	-21.056258362037926	1.0	0.49855072463768113	7407.0	351.0	930.0	33.0	23.0	343.0	206.0	16.0	34.0	539.0	17.0	27.0	55.0	18.0	1.0
1	2	5	0.22807523343982175	0.40979392048878494	0.016260162601626018	7332.0	426.0	389.0	159.0	17.0	925.0	38.0	23.0	40.0	529.0	21.0	29.0	23.0	45.0	4.0
1	5	2	-99999.9	1.0	-0.017094017094017096	7332.0	389.0	426.0	159.0	17.0	925.0	40.0	29.0	38.0	529.0	23.0	23.0	21.0	45.0	4.0
2	1	5	-13.570476389669388	1.0	0.49583333333333335	7332.0	426.0	925.0	38.0	23.0	389.0	159.0	17.0	40.0	529.0	21.0	29.0	45.0	23.0	4.0
1	2	6	-99999.9	1.0	-0.0693069306930693	7336.0	422.0	394.0	159.0	12.0	904.0	51.0	31.0	44.0	528.0	18.0	31.0	22.0	46.0	2.0
1	6	2	0.7358647353841121	0.23090644116052916	0.05737704918032786	7336.0	394.0	422.0	159.0	12.0	904.0	44.0	31.0	51.0	528.0	22.0	31.0	18.0	46.0	2.0
2	1	6	-11.353341631640603	1.0	0.515695067264574	7336.0	422.0	904.0	51.0	31.0	394.0	159.0	12.0	44.0	528.0	18.0	31.0	46.0	22.0	2.0
1	2	7	-99999.9	1.0	-0.008928571428571428	7324.0	434.0	396.0	157.0	12.0	911.0	44.0	31.0	43.0	526.0	21.0	32.0	23.0	44.0	2.0
1	7	2	0.10760769940642793	0.4571533925095088	0.008695652173913044	7324.0	396.0	434.0	157.0	12.0	911.0	43.0	32.0	44.0	526.0	23.0	31.0	21.0	44.0	2.0
2	1	7	-12.159670032926325	1.0	0.5022026431718061	7324.0	434.0	911.0	44.0	31.0	396.0	157.0	12.0	43.0	526.0	21.0	32.0	44.0	23.0	2.0
1	2	8	-99999.9	1.0	-0.027777777777777776	7325.0	433.0	395.0	156.0	14.0	912.0	45.0	29.0	42.0	530.0	18.0	32.0	23.0	44.0	2.0
1	8	2	0.32534969993975904	0.3724582785459869	0.025641025641025637	7325.0	395.0	433.0	156.0	14.0	912.0	42.0	32.0	45.0	530.0	23.0	29.0	18.0	44.0	2.0
2	1	8	-12.037938897771092	1.0	0.5066666666666666	7325.0	433.0	912.0	45.0	29.0	395.0	156.0	14.0	42.0	530.0	18.0	32.0	44.0	23.0	2.0
1	2	9	-0.33926960555248953	0.6327966141916016	1.3636363636363635	7248.0	510.0	499.0	49.0	17.0	904.0	53.0	29.0	68.0	503.0	19.0	41.0	25.0	34.0	1.0
1	9	2	-1.6115306263743243	0.9464679451648168	0.4411764705882353	7248.0	499.0	510.0	49.0	17.0	904.0	68.0	41.0	53.0	503.0	25.0	29.0	19.0	34.0	1.0
2	1	9	0.4297415003664868	0.3336918813583869	0.8260869565217391	7248.0	510.0	904.0	53.0	29.0	499.0	49.0	17.0	68.0	503.0	19.0	41.0	34.0	25.0	1.0
1	3	4	0.9537002821184589	0.1701176803149369	0.030042918454935622	7457.0	306.0	293.0	250.0	17.0	946.0	24.0	18.0	31.0	556.0	14.0	14.0	10.0	63.0	1.0
1	4	3	-99999.9	1.0	-0.0330188679245283	7457.0	293.0	306.0	250.0	17.0	946.0	31.0	14.0	24.0	556.0	10.0	18.0	14.0	63.0	1.0
3	1	4	-29.837194540563207	1.0	0.4921348314606741	7457.0	306.0	946.0	24.0	18.0	293.0	250.0	17.0	31.0	556.0	14.0	14.0	63.0	10.0	1.0
1	3	5	0.5585188505613471	0.28824503700989457	0.04065040650406505	7336.0	427.0	385.0	157.0	18.0	930.0	39.0	19.0	44.0	537.0	20.0	20.0	14.0	50.0	4.0
1	5	3	-99999.9	1.0	-0.046296296296296294	7336.0	385.0	427.0	157.0	18.0	930.0	44.0	20.0	39.0	537.0	14.0	19.0	20.0	50.0	4.0
3	1	5	-12.622526022686436	1.0	0.48917748917748916	7336.0	427.0	930.0	39.0	19.0	385.0	157.0	18.0	44.0	537.0	20.0	20.0	50.0	14.0	4.0
1	3	6	-99999.9	1.0	-0.02586206896551724	7347.0	416.0	383.0	164.0	13.0	914.0	45.0	29.0	42.0	542.0	17.0	23.0	14.0	50.0	1.0
1	6	3	0.32509637065876934	0.37255413643552737	0.024	7347.0	383.0	416.0	164.0	13.0	914.0	42.0	23.0	45.0	542.0	14.0	29.0	17.0	50.0	1.0
3	1	6	-12.895489369464519	1.0	0.5062240663900415	7347.0	416.0	914.0	45.0	29.0	383.0	164.0	13.0	42.0	542.0	17.0	23.0	50.0	14.0	1.0
1	3	7	0.6919832638380342	0.24447385123847654	0.04444444444444444	7344.0	419.0	376.0	165.0	19.0	920.0	36.0	32.0	42.0	543.0	16.0	24.0	14.0	49.0	1.0
1	7	3	-99999.9	1.0	-0.05128205128205129	7344.0	376.0	419.0	165.0	19.0	920.0	42.0	24.0	36.0	543.0	14.0	32.0	16.0	49.0	1.0
3	1	7	-14.185656908679706	1.0	0.48809523809523814	7344.0	419.0	920.0	36.0	32.0	376.0	165.0	19.0	42.0	543.0	16.0	24.0	49.0	14.0	1.0
1	3	8	0.34102044803917964	0.3665441608685658	0.0234375	7343.0	420.0	377.0	163.0	20.0	921.0	38.0	29.0	41.0	546.0	14.0	24.0	14.0	49.0	1.0
1	8	3	-99999.9	1.0	-0.025210084033613446	7343.0	377.0	420.0	163.0	20.0	921.0	41.0	24.0	38.0	546.0	14.0	29.0	14.0	49.0	1.0
3	1	8	-13.868164886926621	1.0	0.4939271255060729	7343.0	420.0	921.0	38.0	29.0	377.0	163.0	20.0	41.0	546.0	14.0	24.0	49.0	14.0	1.0
1	3	9	-0.5291113110075912	0.7016358990188394	1.3529411764705883	7251.0	512.0	496.0	44.0	20.0	909.0	50.0	29.0	73.0	510.0	18.0	31.0	21.0	34.0	2.0
1	9	3	-2.5573713365366917	0.9947266455507324	0.4423076923076923	7251.0	496.0	512.0	44.0	20.0	909.0	73.0	31.0	50.0	510.0	21.0	29.0	18.0	34.0	2.0
3	1	9	0.6671403486617455	0.2523411792152681	0.8285714285714285	7251.0	512.0	909.0	50.0	29.0	496.0	44.0	20.0	73.0	510.0	18.0	31.0	34.0	21.0	2.0
1	4	5	-99999.9	1.0	-0.01652892561983471	7327.0	423.0	394.0	160.0	19.0	931.0	37.0	23.0	35.0	534.0	21.0	28.0	19.0	47.0	2.0
1	5	4	0.23730896548547425	0.40620860250237534	0.015748031496062992	7327.0	394.0	423.0	160.0	19.0	931.0	35.0	28.0	37.0	534.0	19.0	23.0	21.0	47.0	2.0
4	1	5	-14.594501377356695	1.0	0.5040322580645161	7327.0	423.0	931.0	37.0	23.0	394.0	160.0	19.0	35.0	534.0	21.0	28.0	47.0	19.0	2.0
1	4	6	-99999.9	1.0	-0.1	7340.0	410.0	390.0	164.0	19.0	919.0	43.0	29.0	32.0	540.0	18.0	28.0	18.0	49.0	1.0
1	6	4	1.30435674136488	0.0960560561967636	0.07692307692307693	7340.0	390.0	410.0	164.0	19.0	919.0	32.0	28.0	43.0	540.0	18.0	29.0	18.0	49.0	1.0
4	1	6	-14.347924155013676	1.0	0.5217391304347826	7340.0	410.0	919.0	43.0	29.0	390.0	164.0	19.0	32.0	540.0	18.0	28.0	49.0	18.0	1.0
1	4	7	-99999.9	1.0	-0.04918032786885246	7328.0	422.0	392.0	166.0	15.0	922.0	38.0	31.0	32.0	537.0	21.0	32.0	18.0	45.0	1.0
1	7	4	0.7296105748211845	0.2328140590100708	0.04285714285714286	7328.0	392.0	422.0	166.0	15.0	922.0	32.0	32.0	38.0	537.0	18.0	31.0	21.0	45.0	1.0
4	1	7	-15.565025596185263	1.0	0.5114503816793893	7328.0	422.0	922.0	38.0	31.0	392.0	166.0	15.0	32.0	537.0	21.0	32.0	45.0	18.0	1.0
1	4	8	-99999.9	1.0	-0.06722689075630252	7328.0	422.0	392.0	166.0	15.0	923.0	39.0	29.0	31.0	541.0	18.0	32.0	18.0	45.0	1.0
1	8	4	0.9765386055542741	0.1643988139430046	0.055944055944055944	7328.0	392.0	422.0	166.0	15.0	923.0	31.0	32.0	39.0	541.0	18.0	29.0	18.0	45.0	1.0
4	1	8	-15.50255036317412	1.0	0.5152671755725192	7328.0	422.0	923.0	39.0	29.0	392.0	166.0	15.0	31.0	541.0	18.0	32.0	45.0	18.0	1.0
1	4	9	0.6667226797640897	0.2524745792165253	0.6842105263157895	7248.0	502.0	499.0	54.0	20.0	916.0	48.0	27.0	61.0	507.0	22.0	36.0	26.0	32.0	2.0
1	9	4	-0.7778431263914363	0.7816693141647577	0.65	7248.0	499.0	502.0	54.0	20.0	916.0	61.0	36.0	48.0	507.0	26.0	27.0	22.0	32.0	2.0
4	1	9	-0.35900451987297094	0.6402040828809745	6.999999999999997	7248.0	502.0	916.0	48.0	27.0	499.0	54.0	20.0	61.0	507.0	22.0	36.0	32.0	26.0	2.0
1	5	6	-99999.9	1.0	-0.04545454545454545	7348.0	373.0	382.0	205.0	15.0	922.0	44.0	28.0	37.0	533.0	20.0	20.0	24.0	46.0	3.0
1	6	5	0.7904040297158462	0.21464586280052644	0.039999999999999994	7348.0	382.0	373.0	205.0	15.0	922.0	37.0	20.0	44.0	533.0	24.0	28.0	20.0	46.0	3.0
5	1	6	-18.17929268346445	1.0	0.5106382978723404	7348.0	373.0	922.0	44.0	28.0	382.0	205.0	15.0	37.0	533.0	20.0	20.0	46.0	24.0	3.0
1	5	7	-99999.9	1.0	-0.005988023952095808	7339.0	382.0	381.0	205.0	16.0	928.0	37.0	29.0	36.0	532.0	22.0	22.0	24.0	44.0	3.0
1	7	5	0.11729705813657423	0.45331228315554106	0.0058823529411764705	7339.0	381.0	382.0	205.0	16.0	928.0	36.0	22.0	37.0	532.0	24.0	29.0	22.0	44.0	3.0
5	1	7	-19.70590576694451	1.0	0.5014836795252225	7339.0	382.0	928.0	37.0	29.0	381.0	205.0	16.0	36.0	532.0	22.0	22.0	44.0	24.0	3.0
1	5	8	-99999.9	1.0	-0.018292682926829267	7340.0	381.0	380.0	205.0	17.0	929.0	38.0	27.0	35.0	536.0	19.0	22.0	24.0	44.0	3.0
1	8	5	0.3537064194016515	0.3617795199909044	0.017341040462427747	7340.0	380.0	381.0	205.0	17.0	929.0	35.0	22.0	38.0	536.0	24.0	27.0	19.0	44.0	3.0
5	1	8	-19.689657346691945	1.0	0.5044510385756678	7340.0	381.0	929.0	38.0	27.0	380.0	205.0	17.0	35.0	536.0	19.0	22.0	44.0	24.0	3.0
1	5	9	1.0167457508029654	0.1546372139282205	0.5652173913043479	7225.0	496.0	522.0	58.0	22.0	917.0	48.0	29.0	61.0	506.0	23.0	35.0	27.0	27.0	4.0
1	9	5	-0.3050237252408895	0.6198258899899931	0.8125	7225.0	522.0	496.0	58.0	22.0	917.0	61.0	35.0	48.0	506.0	27.0	29.0	23.0	27.0	4.0
5	1	9	-0.23463363480068425	0.5927534018727991	-0.4285714285714286	7225.0	496.0	917.0	48.0	29.0	522.0	58.0	22.0	61.0	506.0	23.0	35.0	27.0	27.0	4.0
1	6	7	0.8368706103959848	0.20133260040430045	0.01744186046511628	7501.0	229.0	219.0	361.0	13.0	941.0	23.0	15.0	29.0	562.0	10.0	16.0	8.0	72.0	1.0
1	7	6	-99999.9	1.0	-0.01840490797546012	7501.0	219.0	229.0	361.0	13.0	941.0	29.0	16.0	23.0	562.0	8.0	15.0	10.0	72.0	1.0
6	1	7	-46.30684044191114	1.0	0.49552238805970145	7501.0	229.0	941.0	23.0	15.0	219.0	361.0	13.0	29.0	562.0	10.0	16.0	72.0	8.0	1.0
1	6	8	0.5569524253531563	0.2887799368879145	0.011799410029498527	7498.0	232.0	222.0	359.0	12.0	942.0	24.0	13.0	28.0	565.0	8.0	16.0	9.0	71.0	1.0
1	8	6	-99999.9	1.0	-0.012232415902140673	7498.0	222.0	232.0	359.0	12.0	942.0	28.0	16.0	24.0	565.0	9.0	13.0	8.0	71.0	1.0
6	1	8	-46.08781319797364	1.0	0.496996996996997	7498.0	232.0	942.0	24.0	13.0	222.0	359.0	12.0	28.0	565.0	8.0	16.0	71.0	9.0	1.0
1	6	9	0.5317825061220751	0.29743830210631916	0.8333333333333334	7228.0	502.0	519.0	54.0	20.0	902.0	49.0	28.0	74.0	508.0	19.0	37.0	24.0	32.0	4.0
1	9	6	-2.1271300244882982	0.9832954186132254	0.5555555555555556	7228.0	519.0	502.0	54.0	20.0	902.0	74.0	37.0	49.0	508.0	24.0	28.0	19.0	32.0	4.0
6	1	9	-0.42542600489766	0.6647368860849052	1.3333333333333333	7228.0	502.0	902.0	49.0	28.0	519.0	54.0	20.0	74.0	508.0	19.0	37.0	32.0	24.0	4.0
1	7	8	-99999.9	1.0	-0.003430531732418525	7706.0	14.0	14.0	588.0	1.0	982.0	3.0	1.0	1.0	592.0	0.0	3.0	3.0	92.0	0.0
1	8	7	0.9877677032005504	0.1616332192632155	0.003395585738539898	7706.0	14.0	14.0	588.0	1.0	982.0	1.0	3.0	3.0	592.0	3.0	1.0	0.0	92.0	0.0
7	1	8	-288.9220531861531	1.0	0.5008532423208191	7706.0	14.0	982.0	3.0	1.0	14.0	588.0	1.0	1.0	592.0	0.0	3.0	92.0	3.0	0.0
1	7	9	1.274047240260349	0.10132340610605806	0.6129032258064516	7216.0	504.0	531.0	57.0	15.0	914.0	45.0	27.0	64.0	508.0	21.0	35.0	28.0	31.0	4.0
1	9	7	-0.7431942234852034	0.771318018406328	0.7307692307692307	7216.0	531.0	504.0	57.0	15.0	914.0	64.0	35.0	45.0	508.0	28.0	27.0	21.0	31.0	4.0
7	1	9	-0.4693858253590759	0.6806030457304518	-1.4000000000000001	7216.0	504.0	914.0	45.0	27.0	531.0	57.0	15.0	64.0	508.0	21.0	35.0	31.0	28.0	4.0
1	8	9	1.382891068369853	0.08334919250205064	0.6176470588235294	7216.0	504.0	531.0	57.0	15.0	914.0	44.0	28.0	65.0	511.0	22.0	34.0	26.0	29.0	4.0
1	9	8	-0.8510098882276015	0.8026181162596633	0.7241379310344828	7216.0	531.0	504.0	57.0	15.0	914.0	65.0	34.0	44.0	511.0	26.0	28.0	22.0	29.0	4.0
8	1	9	-0.5268156450932772	0.7008392069030239	-1.6000000000000003	7216.0	504.0	914.0	44.0	28.0	531.0	57.0	15.0	65.0	511.0	22.0	34.0	29.0	26.0	4.0
2	3	4	0.15727785853911563	0.4375129239068125	0.017241379310344827	8029.0	321.0	308.0	77.0	9.0	374.0	20.0	7.0	21.0	766.0	19.0	9.0	14.0	26.0	0.0
2	4	3	-99999.9	1.0	-0.01818181818181818	8029.0	308.0	321.0	77.0	9.0	374.0	21.0	9.0	20.0	766.0	14.0	7.0	19.0	26.0	0.0
3	2	4	-8.80756007819049	1.0	0.49557522123893805	8029.0	321.0	374.0	20.0	7.0	308.0	77.0	9.0	21.0	766.0	19.0	9.0	26.0	14.0	0.0
2	3	5	0.42918693515463335	0.33389363098413616	0.95	7900.0	450.0	357.0	27.0	10.0	366.0	24.0	11.0	81.0	695.0	30.0	11.0	14.0	22.0	2.0
2	5	3	-7.725364832783403	0.9999999999999944	0.5135135135135136	7900.0	357.0	450.0	27.0	10.0	366.0	81.0	11.0	24.0	695.0	14.0	11.0	30.0	22.0	2.0
3	2	5	-0.40659814909386316	0.657848375095857	1.0588235294117647	7900.0	450.0	366.0	24.0	11.0	357.0	27.0	10.0	81.0	695.0	30.0	11.0	22.0	14.0	2.0
2	3	6	1.8853863923890046	0.029688780359669598	0.8289473684210527	7885.0	465.0	355.0	32.0	7.0	376.0	19.0	6.0	82.0	700.0	24.0	11.0	14.0	24.0	0.0
2	6	3	-7.251486124573098	0.9999999999997924	0.5575221238938054	7885.0	355.0	465.0	32.0	7.0	376.0	82.0	11.0	19.0	700.0	14.0	6.0	24.0	24.0	0.0
3	2	6	-1.4963384066579404	0.9327172235332583	1.3513513513513513	7885.0	465.0	376.0	19.0	6.0	355.0	32.0	7.0	82.0	700.0	24.0	11.0	24.0	14.0	0.0
2	3	7	2.241139382534987	0.012508483451280972	0.8024691358024691	7888.0	462.0	347.0	35.0	12.0	376.0	19.0	6.0	84.0	696.0	26.0	11.0	12.0	26.0	0.0
2	7	3	-6.863489359013398	0.9999999999966198	0.5701754385964912	7888.0	347.0	462.0	35.0	12.0	376.0	84.0	11.0	19.0	696.0	12.0	6.0	26.0	26.0	0.0
3	2	7	-1.6894743037571438	0.9544357405035375	1.4848484848484849	7888.0	462.0	376.0	19.0	6.0	347.0	35.0	12.0	84.0	696.0	26.0	11.0	26.0	12.0	0.0
2	3	8	1.9743735978001788	0.024169569705784877	0.8181818181818182	7889.0	461.0	348.0	34.0	12.0	375.0	20.0	6.0	83.0	698.0	25.0	11.0	12.0	26.0	0.0
2	8	3	-6.910307592300628	0.9999999999975671	0.5625000000000001	7889.0	348.0	461.0	34.0	12.0	375.0	83.0	11.0	20.0	698.0	12.0	6.0	25.0	26.0	0.0
3	2	8	-1.5356239094001394	0.937684657407312	1.4	7889.0	461.0	375.0	20.0	6.0	348.0	34.0	12.0	83.0	698.0	25.0	11.0	26.0	12.0	0.0
2	3	9	0.14605833210559022	0.4419376491508529	0.9950248756218906	7794.0	556.0	358.0	24.0	12.0	366.0	23.0	12.0	223.0	549.0	34.0	19.0	14.0	15.0	1.0
2	9	3	-29.065608089012493	1.0	0.5012531328320802	7794.0	358.0	556.0	24.0	12.0	366.0	223.0	19.0	23.0	549.0	14.0	12.0	34.0	15.0	1.0
3	2	9	-0.14532804044506228	0.5577740830380615	1.005050505050505	7794.0	556.0	366.0	23.0	12.0	358.0	24.0	12.0	223.0	549.0	34.0	19.0	15.0	14.0	1.0
2	4	5	0.7236153099941564	0.2346509003858891	0.9166666666666666	7887.0	450.0	370.0	28.0	9.0	371.0	23.0	10.0	78.0	691.0	31.0	9.0	19.0	22.0	2.0
2	5	4	-7.236153099941564	0.9999999999997675	0.5238095238095238	7887.0	370.0	450.0	28.0	9.0	371.0	78.0	9.0	23.0	691.0	19.0	10.0	31.0	22.0	2.0
4	2	5	-0.6578320999946875	0.7446770512150058	1.1111111111111112	7887.0	450.0	371.0	23.0	10.0	370.0	28.0	9.0	78.0	691.0	31.0	9.0	22.0	19.0	2.0
2	4	6	1.7956689813779758	0.03627353744502326	0.8285714285714285	7878.0	459.0	362.0	30.0	15.0	381.0	18.0	5.0	76.0	699.0	25.0	12.0	16.0	24.0	0.0
2	6	4	-6.883397761948909	0.9999999999970601	0.5576923076923076	7878.0	362.0	459.0	30.0	15.0	381.0	76.0	12.0	18.0	699.0	16.0	5.0	25.0	24.0	0.0
4	2	6	-1.4241512610928773	0.9227986055161408	1.3529411764705883	7878.0	459.0	381.0	18.0	5.0	362.0	30.0	15.0	76.0	699.0	25.0	12.0	24.0	16.0	0.0
2	4	7	1.6033476620395746	0.054428958190396504	0.8428571428571429	7870.0	467.0	365.0	31.0	11.0	380.0	20.0	4.0	79.0	692.0	29.0	12.0	15.0	25.0	0.0
2	7	4	-6.996426161627237	0.9999999999986786	0.5514018691588785	7870.0	365.0	467.0	31.0	11.0	380.0	79.0	12.0	20.0	692.0	15.0	4.0	29.0	25.0	0.0
4	2	7	-1.304418436913552	0.9039544562518256	1.2972972972972974	7870.0	467.0	380.0	20.0	4.0	365.0	31.0	11.0	79.0	692.0	29.0	12.0	25.0	15.0	0.0
2	4	8	1.7320014671676447	0.0416366129953234	0.8285714285714285	7872.0	465.0	365.0	32.0	10.0	379.0	20.0	5.0	78.0	695.0	27.0	12.0	15.0	25.0	0.0
2	8	4	-6.639338957475977	0.9999999999841611	0.5576923076923076	7872.0	365.0	465.0	32.0	10.0	379.0	78.0	12.0	20.0	695.0	15.0	5.0	27.0	25.0	0.0
4	2	8	-1.3736563360295113	0.9152257413685057	1.3529411764705883	7872.0	465.0	379.0	20.0	5.0	365.0	32.0	10.0	78.0	695.0	27.0	12.0	25.0	15.0	0.0
2	4	9	1.8116189431601257	0.03502249352700937	0.9383886255924171	7793.0	544.0	359.0	33.0	15.0	371.0	20.0	13.0	218.0	547.0	35.0	19.0	19.0	13.0	1.0
2	9	4	-25.7807311142018	1.0	0.5169712793733682	7793.0	359.0	544.0	33.0	15.0	371.0	218.0	19.0	20.0	547.0	19.0	13.0	35.0	13.0	1.0
4	2	9	-1.6926742650738549	0.954741284258324	1.0755813953488371	7793.0	544.0	371.0	20.0	13.0	359.0	33.0	15.0	218.0	547.0	35.0	19.0	13.0	19.0	1.0
2	5	6	0.5717959068569316	0.2837300884389238	0.07272727272727272	7841.0	416.0	399.0	75.0	13.0	429.0	24.0	5.0	28.0	683.0	22.0	12.0	26.0	26.0	1.0
2	6	5	-99999.9	1.0	-0.09302325581395349	7841.0	399.0	416.0	75.0	13.0	429.0	28.0	12.0	24.0	683.0	26.0	5.0	22.0	26.0	1.0
5	2	6	-6.718601905568942	0.9999999999907749	0.4795918367346939	7841.0	416.0	429.0	24.0	5.0	399.0	75.0	13.0	28.0	683.0	22.0	12.0	26.0	26.0	1.0
2	5	7	0.8989053157035239	0.18435151854182874	0.1016949152542373	7836.0	421.0	399.0	74.0	14.0	431.0	21.0	6.0	27.0	681.0	25.0	13.0	25.0	26.0	1.0
2	7	5	-99999.9	1.0	-0.14634146341463414	7836.0	399.0	421.0	74.0	14.0	431.0	27.0	13.0	21.0	681.0	25.0	6.0	25.0	26.0	1.0
5	2	7	-7.041424973010939	0.9999999999990423	0.47000000000000003	7836.0	421.0	431.0	21.0	6.0	399.0	74.0	14.0	27.0	681.0	25.0	13.0	26.0	25.0	1.0
2	5	8	0.7535578542271059	0.22555731218106534	0.0847457627118644	7839.0	418.0	398.0	75.0	14.0	430.0	21.0	7.0	26.0	684.0	23.0	13.0	25.0	26.0	1.0
2	8	5	-99999.9	1.0	-0.11363636363636363	7839.0	398.0	418.0	75.0	14.0	430.0	26.0	13.0	21.0	684.0	25.0	7.0	23.0	26.0	1.0
5	2	8	-7.384866971425638	0.9999999999999232	0.47572815533980584	7839.0	418.0	430.0	21.0	7.0	398.0	75.0	14.0	26.0	684.0	23.0	13.0	26.0	25.0	1.0
2	5	9	1.5851758454913396	0.056463197598924375	0.9194630872483222	7720.0	537.0	432.0	36.0	19.0	422.0	24.0	12.0	161.0	539.0	33.0	25.0	23.0	16.0	1.0
2	9	5	-16.512248390534793	1.0	0.5229007633587787	7720.0	432.0	537.0	36.0	19.0	422.0	161.0	25.0	24.0	539.0	23.0	12.0	33.0	16.0	1.0
5	2	9	-1.4463283261782296	0.9259573886648037	1.1061946902654867	7720.0	537.0	422.0	24.0	12.0	432.0	36.0	19.0	161.0	539.0	33.0	25.0	16.0	23.0	1.0
2	6	7	0.32525191054403874	0.3724952803800117	0.008474576271186442	7995.0	245.0	240.0	252.0	12.0	447.0	18.0	4.0	20.0	701.0	12.0	4.0	8.0	42.0	0.0
2	7	6	-99999.9	1.0	-0.008695652173913044	7995.0	240.0	245.0	252.0	12.0	447.0	20.0	4.0	18.0	701.0	8.0	4.0	12.0	42.0	0.0
6	2	7	-37.729221623108415	1.0	0.4978540772532189	7995.0	245.0	447.0	18.0	4.0	240.0	252.0	12.0	20.0	701.0	12.0	4.0	42.0	8.0	0.0
2	6	8	0.16451013325490443	0.4346647806967283	0.004273504273504273	7994.0	246.0	243.0	251.0	10.0	446.0	18.0	5.0	19.0	703.0	11.0	4.0	9.0	41.0	0.0
2	8	6	-99999.9	1.0	-0.004329004329004329	7994.0	243.0	246.0	251.0	10.0	446.0	19.0	4.0	18.0	703.0	9.0	5.0	11.0	41.0	0.0
6	2	8	-38.166350915137805	1.0	0.4989247311827957	7994.0	246.0	446.0	18.0	5.0	243.0	251.0	10.0	19.0	703.0	11.0	4.0	41.0	9.0	0.0
2	6	9	1.3408153446018938	0.08999027064774845	0.9333333333333333	7698.0	542.0	454.0	34.0	16.0	432.0	24.0	13.0	164.0	541.0	28.0	12.0	21.0	19.0	2.0
2	9	6	-17.430599479824618	1.0	0.5185185185185186	7698.0	454.0	542.0	34.0	16.0	432.0	164.0	12.0	24.0	541.0	21.0	13.0	28.0	19.0	2.0
6	2	9	-1.2450428199874728	0.8934419262706	1.0833333333333333	7698.0	542.0	432.0	24.0	13.0	454.0	34.0	16.0	164.0	541.0	28.0	12.0	19.0	21.0	2.0
2	7	8	-99999.9	1.0	-0.002044989775051125	8220.0	15.0	17.0	492.0	0.0	468.0	2.0	1.0	1.0	725.0	1.0	0.0	3.0	55.0	0.0
2	8	7	0.568166375687944	0.2849609650505873	0.002032520325203252	8220.0	17.0	15.0	492.0	0.0	468.0	1.0	0.0	2.0	725.0	3.0	1.0	1.0	55.0	0.0
7	2	8	-278.40152408709326	1.0	0.5005096839959224	8220.0	15.0	468.0	2.0	1.0	17.0	492.0	0.0	1.0	725.0	1.0	0.0	55.0	3.0	0.0
2	7	9	2.0481729703272187	0.02027145996808888	0.8961038961038961	7696.0	539.0	456.0	40.0	13.0	434.0	24.0	13.0	162.0	537.0	28.0	12.0	25.0	19.0	2.0
2	9	7	-15.617318898745044	1.0	0.5307692307692307	7696.0	456.0	539.0	40.0	13.0	434.0	162.0	12.0	24.0	537.0	25.0	13.0	28.0	19.0	2.0
7	2	9	-1.810703640434208	0.9649066847300772	1.150943396226415	7696.0	539.0	434.0	24.0	13.0	456.0	40.0	13.0	162.0	537.0	28.0	12.0	19.0	25.0	2.0
2	8	9	2.0481729703272187	0.02027145996808888	0.8961038961038961	7698.0	539.0	454.0	40.0	13.0	432.0	24.0	13.0	162.0	539.0	29.0	14.0	23.0	18.0	2.0
2	9	8	-15.617318898745044	1.0	0.5307692307692307	7698.0	454.0	539.0	40.0	13.0	432.0	162.0	14.0	24.0	539.0	23.0	13.0	29.0	18.0	2.0
8	2	9	-1.810703640434208	0.9649066847300772	1.150943396226415	7698.0	539.0	432.0	24.0	13.0	454.0	40.0	13.0	162.0	539.0	29.0	14.0	18.0	23.0	2.0
3	4	5	0.15666862105931192	0.43775299786860766	0.9908256880733946	7950.0	453.0	316.0	21.0	11.0	308.0	20.0	10.0	128.0	708.0	33.0	13.0	16.0	12.0	1.0
3	5	4	-16.76354245334641	1.0	0.5023255813953489	7950.0	316.0	453.0	21.0	11.0	308.0	128.0	13.0	20.0	708.0	16.0	10.0	33.0	12.0	1.0
4	3	5	-0.15521798567913317	0.5616752778148322	1.009433962264151	7950.0	453.0	308.0	20.0	10.0	316.0	21.0	11.0	128.0	708.0	33.0	13.0	12.0	16.0	1.0
3	4	6	-0.14814956759357237	0.5588876530117212	1.0098039215686274	7951.0	452.0	310.0	22.0	16.0	308.0	23.0	7.0	126.0	718.0	25.0	14.0	15.0	13.0	0.0
3	6	4	-15.407555029731483	1.0	0.4975845410628019	7951.0	310.0	452.0	22.0	16.0	308.0	126.0	14.0	23.0	718.0	15.0	7.0	25.0	13.0	0.0
4	3	6	0.1495879129100148	0.4405448548844604	0.9904761904761905	7951.0	452.0	308.0	23.0	7.0	310.0	22.0	16.0	126.0	718.0	25.0	14.0	13.0	15.0	0.0
3	4	7	-0.6925296972648535	0.7556976970300512	1.0515463917525774	7951.0	452.0	313.0	22.0	13.0	299.0	27.0	12.0	129.0	714.0	26.0	14.0	16.0	12.0	0.0
3	7	4	-14.820135521467865	1.0	0.48803827751196177	7951.0	313.0	452.0	22.0	13.0	299.0	129.0	14.0	27.0	714.0	16.0	12.0	26.0	12.0	0.0
4	3	7	0.726477231444503	0.23377306095029438	0.9553571428571429	7951.0	452.0	299.0	27.0	12.0	313.0	22.0	13.0	129.0	714.0	26.0	14.0	12.0	16.0	0.0
3	4	8	-0.2853045842406737	0.6122945333098362	1.02	7950.0	453.0	314.0	23.0	11.0	301.0	25.0	12.0	127.0	717.0	25.0	14.0	16.0	12.0	0.0
3	8	4	-14.835838380515025	1.0	0.4951456310679611	7950.0	314.0	453.0	23.0	11.0	301.0	127.0	14.0	25.0	717.0	16.0	12.0	25.0	12.0	0.0
4	3	8	0.29089879177480454	0.38556442984488415	0.9811320754716981	7950.0	453.0	301.0	25.0	12.0	314.0	23.0	11.0	127.0	717.0	25.0	14.0	12.0	16.0	0.0
3	4	9	1.4524556479646313	0.07318751900612008	0.9660377358490566	7851.0	552.0	309.0	24.0	15.0	313.0	15.0	10.0	271.0	558.0	40.0	16.0	15.0	11.0	0.0
3	9	4	-39.86183833858491	1.0	0.5089463220675944	7851.0	309.0	552.0	24.0	15.0	313.0	271.0	16.0	15.0	558.0	15.0	10.0	40.0	11.0	0.0
4	3	9	-1.4013927540908748	0.9194516167806934	1.0378151260504203	7851.0	552.0	313.0	15.0	10.0	309.0	24.0	15.0	271.0	558.0	40.0	16.0	11.0	15.0	0.0
3	5	6	-99999.9	1.0	-0.11764705882352941	7856.0	410.0	405.0	67.0	13.0	414.0	29.0	6.0	25.0	699.0	20.0	9.0	28.0	18.0	1.0
3	6	5	0.5647602831812304	0.286118378610704	0.08695652173913042	7856.0	405.0	410.0	67.0	13.0	414.0	25.0	9.0	29.0	699.0	28.0	6.0	20.0	18.0	1.0
5	3	6	-5.365222690221693	0.9999999594861443	0.525	7856.0	410.0	414.0	29.0	6.0	405.0	67.0	13.0	25.0	699.0	20.0	9.0	18.0	28.0	1.0
3	5	7	-99999.9	1.0	-0.05405405405405406	7855.0	411.0	409.0	64.0	12.0	412.0	25.0	12.0	23.0	701.0	20.0	7.0	31.0	16.0	2.0
3	7	5	0.29469665653141014	0.3841128764422008	0.046511627906976744	7855.0	409.0	411.0	64.0	12.0	412.0	23.0	7.0	25.0	701.0	31.0	12.0	20.0	16.0	2.0
5	3	7	-5.746584802362496	0.9999999954331975	0.5125000000000001	7855.0	411.0	412.0	25.0	12.0	409.0	64.0	12.0	23.0	701.0	20.0	7.0	16.0	31.0	2.0
3	5	8	-99999.9	1.0	-0.05128205128205129	7856.0	410.0	408.0	66.0	11.0	413.0	25.0	11.0	23.0	702.0	19.0	6.0	31.0	17.0	2.0
3	8	5	0.2944088675082641	0.38422281351226784	0.04444444444444444	7856.0	408.0	410.0	66.0	11.0	413.0	23.0	6.0	25.0	702.0	31.0	11.0	19.0	17.0	2.0
5	3	8	-6.035381783919411	0.9999999992041535	0.5119047619047619	7856.0	410.0	413.0	25.0	11.0	408.0	66.0	11.0	23.0	702.0	19.0	6.0	17.0	31.0	2.0
3	5	9	1.4133499472585873	0.0787764791827047	0.934640522875817	7726.0	540.0	434.0	31.0	20.0	416.0	21.0	12.0	164.0	547.0	33.0	20.0	20.0	13.0	3.0
3	9	5	-18.797554298539218	1.0	0.5181159420289855	7726.0	434.0	540.0	31.0	20.0	416.0	164.0	20.0	21.0	547.0	20.0	12.0	33.0	13.0	3.0
5	3	9	-1.3145142866111337	0.9056633363989071	1.08130081300813	7726.0	540.0	416.0	21.0	12.0	434.0	31.0	20.0	164.0	547.0	33.0	20.0	13.0	20.0	3.0
3	6	7	-99999.9	1.0	-0.004651162790697674	8022.0	239.0	242.0	236.0	12.0	420.0	20.0	8.0	19.0	727.0	10.0	3.0	10.0	32.0	0.0
3	7	6	0.16027237884413215	0.43633324988812006	0.004587155963302752	8022.0	242.0	239.0	236.0	12.0	420.0	19.0	3.0	20.0	727.0	10.0	8.0	10.0	32.0	0.0
6	3	7	-34.61883383033246	1.0	0.5011547344110854	8022.0	239.0	420.0	20.0	8.0	242.0	236.0	12.0	19.0	727.0	10.0	3.0	32.0	10.0	0.0
3	6	8	0.1623733179691155	0.4355059342845108	0.0	8020.0	241.0	244.0	234.0	12.0	420.0	19.0	9.0	19.0	729.0	8.0	3.0	10.0	32.0	0.0
3	8	6	0.1623733179691155	0.4355059342845108	0.0	8020.0	244.0	241.0	234.0	12.0	420.0	19.0	3.0	19.0	729.0	10.0	9.0	8.0	32.0	0.0
6	3	8	-34.831804334197976	1.0	0.5	8020.0	241.0	420.0	19.0	9.0	244.0	234.0	12.0	19.0	729.0	8.0	3.0	32.0	10.0	0.0
3	6	9	1.4977972985411614	0.06709299179421702	0.9397590361445782	7714.0	547.0	446.0	28.0	16.0	416.0	18.0	14.0	174.0	551.0	31.0	10.0	19.0	15.0	1.0
3	9	6	-21.86784055870096	1.0	0.5165562913907286	7714.0	446.0	547.0	28.0	16.0	416.0	174.0	10.0	18.0	551.0	19.0	14.0	31.0	15.0	1.0
6	3	9	-1.4017846511987793	0.9195101641821208	1.0735294117647058	7714.0	547.0	416.0	18.0	14.0	446.0	28.0	16.0	174.0	551.0	31.0	10.0	15.0	19.0	1.0
3	7	8	0.4052513117757669	0.3426464426643405	0.0	8250.0	14.0	14.0	472.0	1.0	438.0	3.0	1.0	3.0	753.0	1.0	1.0	2.0	47.0	0.0
3	8	7	0.4052513117757669	0.3426464426643405	0.0	8250.0	14.0	14.0	472.0	1.0	438.0	3.0	1.0	3.0	753.0	2.0	1.0	1.0	47.0	0.0
7	3	8	-189.8925494269555	1.0	0.5	8250.0	14.0	438.0	3.0	1.0	14.0	472.0	1.0	3.0	753.0	1.0	1.0	47.0	2.0	0.0
3	7	9	2.1340577357410404	0.016418969178485288	0.9122807017543859	7720.0	544.0	440.0	33.0	14.0	410.0	18.0	14.0	174.0	550.0	33.0	16.0	20.0	13.0	1.0
3	9	7	-20.06014271596577	1.0	0.5252525252525252	7720.0	440.0	544.0	33.0	14.0	410.0	174.0	16.0	18.0	550.0	20.0	14.0	33.0	13.0	1.0
7	3	9	-1.9288598765351712	0.9731259378393309	1.119047619047619	7720.0	544.0	410.0	18.0	14.0	440.0	33.0	14.0	174.0	550.0	33.0	16.0	13.0	20.0	1.0
3	8	9	2.0123921720228553	0.022089237767035752	0.9171597633136095	7720.0	544.0	440.0	32.0	15.0	410.0	18.0	14.0	173.0	552.0	33.0	17.0	18.0	13.0	1.0
3	9	8	-20.267664018230196	1.0	0.5236486486486487	7720.0	440.0	544.0	32.0	15.0	410.0	173.0	17.0	18.0	552.0	18.0	14.0	33.0	13.0	1.0
8	3	9	-1.83062771777563	0.9664219932990173	1.110236220472441	7720.0	544.0	410.0	18.0	14.0	440.0	32.0	15.0	173.0	552.0	33.0	17.0	13.0	18.0	1.0
4	5	6	-99999.9	1.0	-0.10810810810810811	7858.0	400.0	401.0	70.0	12.0	412.0	29.0	16.0	25.0	695.0	21.0	13.0	29.0	19.0	0.0
4	6	5	0.563446935368888	0.28656525902351726	0.0816326530612245	7858.0	401.0	400.0	70.0	12.0	412.0	25.0	13.0	29.0	695.0	29.0	16.0	21.0	19.0	0.0
5	4	6	-5.7753310875311055	0.9999999961481836	0.5232558139534884	7858.0	400.0	412.0	29.0	16.0	401.0	70.0	12.0	25.0	695.0	21.0	13.0	19.0	29.0	0.0
4	5	7	-99999.9	1.0	-0.048780487804878044	7849.0	409.0	401.0	69.0	13.0	418.0	26.0	13.0	24.0	694.0	23.0	14.0	28.0	18.0	1.0
4	7	5	0.2882367372750382	0.38658283131910043	0.0425531914893617	7849.0	401.0	409.0	69.0	13.0	418.0	24.0	14.0	26.0	694.0	28.0	13.0	23.0	18.0	1.0
5	4	7	-6.197089851413316	0.9999999997112416	0.5113636363636364	7849.0	409.0	418.0	26.0	13.0	401.0	69.0	13.0	24.0	694.0	23.0	14.0	18.0	28.0	1.0
4	5	8	-99999.9	1.0	-0.10256410256410256	7851.0	407.0	400.0	70.0	13.0	418.0	27.0	12.0	23.0	697.0	21.0	14.0	28.0	18.0	1.0
4	8	5	0.5843874658067376	0.2794797867715898	0.0784313725490196	7851.0	400.0	407.0	70.0	13.0	418.0	23.0	14.0	27.0	697.0	28.0	12.0	21.0	18.0	1.0
5	4	8	-6.2821652574224345	0.999999999832335	0.5222222222222221	7851.0	407.0	418.0	27.0	12.0	400.0	70.0	13.0	23.0	697.0	21.0	14.0	18.0	28.0	1.0
4	5	9	0.0	0.49999999949999996	nan	7731.0	527.0	433.0	29.0	21.0	411.0	29.0	17.0	163.0	544.0	34.0	22.0	20.0	18.0	1.0
4	9	5	-17.579913432160925	1.0	0.5	7731.0	433.0	527.0	29.0	21.0	411.0	163.0	22.0	29.0	544.0	20.0	17.0	34.0	18.0	1.0
5	4	9	0.0	0.49999999949999996	nan	7731.0	527.0	411.0	29.0	17.0	433.0	29.0	21.0	163.0	544.0	34.0	22.0	18.0	20.0	1.0
4	6	7	0.4706710335358939	0.31893785082713944	0.013513513513513513	8018.0	241.0	232.0	238.0	12.0	424.0	19.0	7.0	22.0	720.0	11.0	10.0	9.0	37.0	0.0
4	7	6	-99999.9	1.0	-0.01408450704225352	8018.0	232.0	241.0	238.0	12.0	424.0	22.0	10.0	19.0	720.0	9.0	7.0	11.0	37.0	0.0
6	4	7	-33.88831441458439	1.0	0.496551724137931	8018.0	241.0	424.0	19.0	7.0	232.0	238.0	12.0	22.0	720.0	11.0	10.0	37.0	9.0	0.0
4	6	8	0.1563250753463251	0.43788838438442124	0.004587155963302752	8016.0	243.0	235.0	237.0	10.0	424.0	20.0	6.0	21.0	722.0	10.0	10.0	10.0	36.0	0.0
4	8	6	-99999.9	1.0	-0.004651162790697674	8016.0	235.0	243.0	237.0	10.0	424.0	21.0	10.0	20.0	722.0	10.0	6.0	10.0	36.0	0.0
6	4	8	-33.76621627480628	1.0	0.4988452655889145	8016.0	243.0	424.0	20.0	6.0	235.0	237.0	10.0	21.0	722.0	10.0	10.0	36.0	10.0	0.0
4	6	9	-0.14219875358295378	0.5565385159792351	1.0069444444444444	7723.0	536.0	441.0	24.0	17.0	407.0	25.0	18.0	170.0	551.0	32.0	19.0	17.0	19.0	1.0
4	9	6	-20.761018023111202	1.0	0.49828178694158076	7723.0	441.0	536.0	24.0	17.0	407.0	170.0	19.0	25.0	551.0	17.0	18.0	32.0	19.0	1.0
6	4	9	0.14317943464214655	0.443074212363187	0.9931972789115646	7723.0	536.0	407.0	25.0	18.0	441.0	24.0	17.0	170.0	551.0	32.0	19.0	19.0	17.0	1.0
4	7	8	-99999.9	1.0	-0.00425531914893617	8235.0	15.0	16.0	475.0	0.0	453.0	3.0	0.0	1.0	746.0	1.0	1.0	3.0	51.0	0.0
4	8	7	0.9877759212653656	0.16163120642042395	0.004201680672268907	8235.0	16.0	15.0	475.0	0.0	453.0	1.0	1.0	3.0	746.0	3.0	0.0	1.0	51.0	0.0
7	4	8	-233.11511741862816	1.0	0.5010570824524312	8235.0	15.0	453.0	3.0	0.0	16.0	475.0	0.0	1.0	746.0	1.0	1.0	51.0	3.0	0.0
4	7	9	0.6829834440608509	0.2473085845289773	0.9664429530201343	7717.0	533.0	447.0	30.0	14.0	413.0	25.0	18.0	169.0	547.0	32.0	14.0	21.0	19.0	1.0
4	9	7	-18.986939744891682	1.0	0.5088339222614842	7717.0	447.0	533.0	30.0	14.0	413.0	169.0	14.0	25.0	547.0	21.0	18.0	32.0	19.0	1.0
7	4	9	-0.6592687411420712	0.7451384583433571	1.037313432835821	7717.0	533.0	413.0	25.0	18.0	447.0	30.0	14.0	169.0	547.0	32.0	14.0	19.0	21.0	1.0
4	8	9	0.6829199291946647	0.2473286524846171	0.9666666666666667	7718.0	533.0	446.0	30.0	14.0	412.0	25.0	18.0	170.0	549.0	33.0	14.0	19.0	18.0	1.0
4	9	8	-19.121758017450638	1.0	0.5087719298245614	7718.0	446.0	533.0	30.0	14.0	412.0	170.0	14.0	25.0	549.0	19.0	18.0	33.0	18.0	1.0
8	4	9	-0.6593709661189866	0.7451712733765288	1.037037037037037	7718.0	533.0	412.0	25.0	18.0	446.0	30.0	14.0	170.0	549.0	33.0	14.0	18.0	19.0	1.0
5	6	7	0.309800356666949	0.37835645905689674	0.01111111111111111	8031.0	239.0	236.0	198.0	11.0	411.0	20.0	8.0	22.0	751.0	11.0	6.0	10.0	46.0	0.0
5	7	6	-99999.9	1.0	-0.011494252873563218	8031.0	236.0	239.0	198.0	11.0	411.0	22.0	6.0	20.0	751.0	10.0	8.0	11.0	46.0	0.0
6	5	7	-27.262431386691546	1.0	0.4971751412429378	8031.0	239.0	411.0	20.0	8.0	236.0	198.0	11.0	22.0	751.0	11.0	6.0	46.0	10.0	0.0
5	6	8	0.15454453634724555	0.4385901858196253	0.0	8030.0	240.0	239.0	197.0	9.0	410.0	21.0	8.0	21.0	753.0	10.0	6.0	11.0	45.0	0.0
5	8	6	0.15454453634724555	0.4385901858196253	0.0	8030.0	239.0	240.0	197.0	9.0	410.0	21.0	6.0	21.0	753.0	11.0	8.0	10.0	45.0	0.0
6	5	8	-27.12511698585718	1.0	0.5	8030.0	240.0	410.0	21.0	8.0	239.0	197.0	9.0	21.0	753.0	10.0	6.0	45.0	11.0	0.0
5	6	9	-0.2753953581626595	0.6084936811244552	1.0114285714285713	7737.0	533.0	405.0	25.0	15.0	393.0	27.0	19.0	204.0	547.0	33.0	21.0	17.0	22.0	2.0
5	9	6	-24.647884555558047	1.0	0.4971910112359551	7737.0	405.0	533.0	25.0	15.0	393.0	204.0	21.0	27.0	547.0	17.0	19.0	33.0	22.0	2.0
6	5	9	0.2785071701192997	0.3903115955666103	0.988950276243094	7737.0	533.0	393.0	27.0	19.0	405.0	25.0	15.0	204.0	547.0	33.0	21.0	22.0	17.0	2.0
5	7	8	-99999.9	1.0	-0.004694835680751173	8253.0	14.0	16.0	432.0	0.0	435.0	4.0	0.0	2.0	778.0	1.0	0.0	3.0	62.0	0.0
5	8	7	0.8104195234588483	0.20884949276781084	0.004629629629629629	8253.0	16.0	14.0	432.0	0.0	435.0	2.0	0.0	4.0	778.0	3.0	0.0	1.0	62.0	0.0
7	5	8	-173.42977802019308	1.0	0.5011655011655012	8253.0	14.0	435.0	4.0	0.0	16.0	432.0	0.0	2.0	778.0	1.0	0.0	62.0	3.0	0.0
5	7	9	0.3931874441695762	0.34709057330372284	0.9833333333333333	7738.0	529.0	404.0	31.0	13.0	392.0	28.0	19.0	205.0	543.0	33.0	21.0	20.0	22.0	2.0
5	9	7	-22.80487176183543	1.0	0.5042735042735043	7738.0	404.0	529.0	31.0	13.0	392.0	205.0	21.0	28.0	543.0	20.0	19.0	33.0	22.0	2.0
7	5	9	-0.38652325020060024	0.6504453520471075	1.0175438596491229	7738.0	529.0	392.0	28.0	19.0	404.0	31.0	13.0	205.0	543.0	33.0	21.0	22.0	20.0	2.0
5	8	9	0.39317098044774734	0.34709665283052793	0.9834254143646409	7740.0	529.0	402.0	31.0	13.0	390.0	28.0	19.0	206.0	545.0	34.0	22.0	18.0	21.0	2.0
5	9	8	-22.93497385945194	1.0	0.5042492917847026	7740.0	402.0	529.0	31.0	13.0	390.0	206.0	22.0	28.0	545.0	18.0	19.0	34.0	21.0	2.0
8	5	9	-0.38654450324918976	0.650453220477416	1.0174418604651163	7740.0	529.0	390.0	28.0	19.0	402.0	31.0	13.0	206.0	545.0	34.0	22.0	21.0	18.0	2.0
6	7	8	0.49461041124960564	0.310437577264306	0.0	8426.0	16.0	14.0	253.0	0.0	262.0	2.0	0.0	2.0	991.0	2.0	2.0	2.0	28.0	0.0
6	8	7	0.49461041124960564	0.310437577264306	0.0	8426.0	14.0	16.0	253.0	0.0	262.0	2.0	2.0	2.0	991.0	2.0	0.0	2.0	28.0	0.0
7	6	8	-123.960064379524	1.0	0.5	8426.0	16.0	262.0	2.0	0.0	14.0	253.0	0.0	2.0	991.0	2.0	2.0	28.0	2.0	0.0
6	7	9	1.0443217927758601	0.14816829311315816	0.9864130434782609	7885.0	557.0	245.0	14.0	8.0	245.0	9.0	10.0	372.0	574.0	49.0	13.0	11.0	8.0	0.0
6	9	7	-74.77344036275153	1.0	0.5034674063800276	7885.0	245.0	557.0	14.0	8.0	245.0	372.0	13.0	9.0	574.0	11.0	10.0	49.0	8.0	0.0
7	6	9	-1.029937195079223	0.8484802343581207	1.0141643059490084	7885.0	557.0	245.0	9.0	10.0	245.0	14.0	8.0	372.0	574.0	49.0	13.0	8.0	11.0	0.0
6	8	9	1.0443327144426533	0.14816576746221588	0.9863760217983651	7883.0	557.0	247.0	14.0	8.0	247.0	9.0	10.0	371.0	575.0	49.0	12.0	10.0	8.0	0.0
6	9	8	-74.56535581120532	1.0	0.5034770514603616	7883.0	247.0	557.0	14.0	8.0	247.0	371.0	12.0	9.0	575.0	10.0	10.0	49.0	8.0	0.0
8	6	9	-1.0299082294365394	0.8484734351924987	1.0142045454545454	7883.0	557.0	247.0	9.0	10.0	247.0	14.0	8.0	371.0	575.0	49.0	12.0	8.0	10.0	0.0
7	8	9	0.0	0.49999999949999996	nan	8113.0	575.0	17.0	1.0	0.0	17.0	1.0	0.0	612.0	594.0	66.0	1.0	1.0	2.0	0.0
7	9	8	-421.6300567581647	1.0	0.5	8113.0	17.0	575.0	1.0	0.0	17.0	612.0	1.0	1.0	594.0	1.0	0.0	66.0	2.0	0.0
8	7	9	0.0	0.49999999949999996	nan	8113.0	575.0	17.0	1.0	0.0	17.0	1.0	0.0	612.0	594.0	66.0	1.0	2.0	1.0	0.0
