P1	Hybrid	P2	Zscore	Pvalue	Gamma	AAAA	AAAB	AABA	AABB	AABC	ABAA	ABAB	ABAC	ABBA	BAAA	ABBC	CABC	BACA	BCAA	ABCD
1	2	3	-1.6586487732725874	0.9514067241549728	1.1703296703296704	21725.0	1465.0	1754.0	130.0	59.0	2382.0	161.0	67.0	374.0	1506.0	72.0	126.0	81.0	95.0	3.0
1	3	2	-13.055170989629401	1.0	0.4660831509846827	21725.0	1754.0	1465.0	130.0	59.0	2382.0	374.0	126.0	161.0	1506.0	81.0	67.0	72.0	95.0	3.0
2	1	3	1.9000483599930105	0.028713320876954662	0.8872727272727273	21725.0	1465.0	2382.0	161.0	67.0	1754.0	130.0	59.0	374.0	1506.0	72.0	126.0	95.0	81.0	3.0
1	2	4	-1.2473033141301126	0.8938567801850432	1.0611620795107033	21868.0	1322.0	1776.0	110.0	57.0	2405.0	130.0	75.0	477.0	1395.0	80.0	143.0	72.0	80.0	10.0
1	4	2	-22.88801581428756	1.0	0.4859943977591036	21868.0	1776.0	1322.0	110.0	57.0	2405.0	477.0	143.0	130.0	1395.0	72.0	75.0	80.0	80.0	10.0
2	1	4	1.319193995059802	0.09355219910490564	0.9483204134366925	21868.0	1322.0	2405.0	130.0	75.0	1776.0	110.0	57.0	477.0	1395.0	80.0	143.0	80.0	72.0	10.0
1	2	5	-1.1135174876797076	0.8672568310413215	1.0274914089347078	22073.0	1117.0	1798.0	92.0	53.0	2416.0	108.0	86.0	706.0	1193.0	53.0	179.0	64.0	60.0	2.0
1	5	2	-42.73123358970876	1.0	0.4933993399339934	22073.0	1798.0	1117.0	92.0	53.0	2416.0	706.0	179.0	108.0	1193.0	64.0	86.0	53.0	60.0	2.0
2	1	5	1.1433105977179607	0.12645488344023825	0.9746031746031746	22073.0	1117.0	2416.0	108.0	86.0	1798.0	92.0	53.0	706.0	1193.0	53.0	179.0	60.0	64.0	2.0
1	2	6	-0.9355983342334107	0.8252599992396655	1.0129449838187703	22337.0	853.0	1833.0	75.0	35.0	2476.0	87.0	47.0	1026.0	880.0	46.0	205.0	48.0	47.0	5.0
1	6	2	-74.14616798799773	1.0	0.4968253968253968	22337.0	1833.0	853.0	75.0	35.0	2476.0	1026.0	205.0	87.0	880.0	48.0	47.0	46.0	47.0	5.0
2	1	6	0.9475548624664254	0.17167804629126893	0.9875389408099688	22337.0	853.0	2476.0	87.0	47.0	1833.0	75.0	35.0	1026.0	880.0	46.0	205.0	47.0	48.0	5.0
1	2	7	-0.8353386451491424	0.7982365187487744	1.011943539630836	22316.0	874.0	1828.0	80.0	35.0	2466.0	91.0	53.0	1023.0	884.0	45.0	206.0	48.0	46.0	5.0
1	7	2	-71.61130385233099	1.0	0.49706666666666666	22316.0	1828.0	874.0	80.0	35.0	2466.0	1023.0	206.0	91.0	884.0	48.0	53.0	45.0	46.0	5.0
2	1	7	0.8451977922485421	0.19900015936556792	0.9884696016771488	22316.0	874.0	2466.0	91.0	53.0	1828.0	80.0	35.0	1023.0	884.0	45.0	206.0	46.0	48.0	5.0
1	2	8	-2.0877574043775975	0.9815902018783987	1.0247855100095329	22465.0	725.0	1848.0	62.0	33.0	2473.0	88.0	49.0	1163.0	745.0	44.0	224.0	36.0	39.0	6.0
1	8	2	-88.40849623922051	1.0	0.4940257352941177	22465.0	1848.0	725.0	62.0	33.0	2473.0	1163.0	224.0	88.0	745.0	36.0	49.0	44.0	39.0	6.0
2	1	8	2.1382520020648697	0.01624809018863449	0.976929902395741	22465.0	725.0	2473.0	88.0	49.0	1848.0	62.0	33.0	1163.0	745.0	44.0	224.0	39.0	36.0	6.0
1	2	9	-2.9153714965514825	0.9982236055815839	1.023290758827949	22726.0	464.0	1884.0	39.0	20.0	2512.0	70.0	28.0	1432.0	494.0	26.0	252.0	28.0	23.0	2.0
1	9	2	-131.0036288611682	1.0	0.49437386569872954	22726.0	1884.0	464.0	39.0	20.0	2512.0	1432.0	252.0	70.0	494.0	28.0	28.0	26.0	23.0	2.0
2	1	9	2.9817272354597764	0.00143320533898883	0.9782303370786517	22726.0	464.0	2512.0	70.0	28.0	1884.0	39.0	20.0	1432.0	494.0	26.0	252.0	23.0	28.0	2.0
1	3	4	-0.4884324326185555	0.6873782082276785	1.0606060606060606	22158.0	1321.0	1486.0	122.0	46.0	2659.0	130.0	93.0	270.0	1415.0	63.0	96.0	52.0	86.0	3.0
1	4	3	-9.036000003443272	1.0	0.4861111111111111	22158.0	1486.0	1321.0	122.0	46.0	2659.0	270.0	96.0	130.0	1415.0	52.0	93.0	63.0	86.0	3.0
3	1	4	0.5163428573396158	0.3028074740306186	0.9487179487179487	22158.0	1321.0	2659.0	130.0	93.0	1486.0	122.0	46.0	270.0	1415.0	63.0	96.0	86.0	52.0	3.0
1	3	5	-1.1291337787443332	0.8705792461848985	1.0467032967032968	22359.0	1120.0	1512.0	99.0	43.0	2685.0	116.0	81.0	497.0	1201.0	50.0	119.0	48.0	66.0	4.0
1	5	3	-26.435014349426158	1.0	0.4890885750962773	22359.0	1512.0	1120.0	99.0	43.0	2685.0	497.0	119.0	116.0	1201.0	48.0	81.0	50.0	66.0	4.0
3	1	5	1.179515075958647	0.11909663054325215	0.9590361445783132	22359.0	1120.0	2685.0	116.0	81.0	1512.0	99.0	43.0	497.0	1201.0	50.0	119.0	66.0	48.0	4.0
1	3	6	-0.48119032274607176	0.6848093722507068	1.008298755186722	22621.0	858.0	1549.0	74.0	31.0	2753.0	80.0	49.0	809.0	897.0	42.0	145.0	38.0	48.0	6.0
1	6	3	-58.945814536393755	1.0	0.4979508196721312	22621.0	1549.0	858.0	74.0	31.0	2753.0	809.0	145.0	80.0	897.0	38.0	49.0	42.0	48.0	6.0
3	1	6	0.4851507369250518	0.313784718533644	0.9919028340080972	22621.0	858.0	2753.0	80.0	49.0	1549.0	74.0	31.0	809.0	897.0	42.0	145.0	48.0	38.0	6.0
1	3	7	-0.8591402160801269	0.8048684626193363	1.0154711673699015	22598.0	881.0	1546.0	75.0	33.0	2741.0	86.0	55.0	808.0	900.0	40.0	146.0	37.0	49.0	5.0
1	7	3	-57.24997985333933	1.0	0.4962199312714777	22598.0	1546.0	881.0	75.0	33.0	2741.0	808.0	146.0	86.0	900.0	37.0	55.0	40.0	49.0	5.0
3	1	7	0.8722296099539238	0.19154152539099478	0.9852150537634409	22598.0	881.0	2741.0	86.0	55.0	1546.0	75.0	33.0	808.0	900.0	40.0	146.0	49.0	37.0	5.0
1	3	8	-2.454950199389835	0.9929547893723301	1.0360144057623049	22740.0	739.0	1573.0	56.0	25.0	2742.0	86.0	54.0	949.0	755.0	44.0	169.0	28.0	37.0	3.0
1	8	3	-73.07568426850415	1.0	0.49145785876993164	22740.0	1573.0	739.0	56.0	25.0	2742.0	949.0	169.0	86.0	755.0	28.0	54.0	44.0	37.0	3.0
3	1	8	2.540290299021	0.005538047484912267	0.9674972914409534	22740.0	739.0	2742.0	86.0	54.0	1573.0	56.0	25.0	949.0	755.0	44.0	169.0	37.0	28.0	3.0
1	3	9	-1.0284408176868503	0.8481287211457611	1.0096322241681261	23022.0	457.0	1588.0	51.0	15.0	2785.0	62.0	35.0	1215.0	511.0	22.0	196.0	19.0	22.0	0.0
1	9	3	-108.82773743522682	1.0	0.49762624082865775	23022.0	1588.0	457.0	51.0	15.0	2785.0	1215.0	196.0	62.0	511.0	19.0	35.0	22.0	22.0	0.0
3	1	9	1.0382524820359875	0.14957628663446632	0.9906382978723405	23022.0	457.0	2785.0	62.0	35.0	1588.0	51.0	15.0	1215.0	511.0	22.0	196.0	22.0	19.0	0.0
1	4	5	-1.1158797508748615	0.8677631461433561	1.0776255707762556	22513.0	1131.0	1358.0	98.0	33.0	2828.0	115.0	82.0	351.0	1204.0	42.0	122.0	46.0	74.0	3.0
1	5	4	-16.606916292431766	1.0	0.48261758691206547	22513.0	1358.0	1131.0	98.0	33.0	2828.0	351.0	122.0	115.0	1204.0	46.0	82.0	42.0	74.0	3.0
4	1	5	1.1962609193700846	0.11579744154972216	0.937037037037037	22513.0	1131.0	2828.0	115.0	82.0	1358.0	98.0	33.0	351.0	1204.0	42.0	122.0	74.0	46.0	3.0
1	4	6	-0.40760552328596794	0.6582182996515229	1.008635578583765	22771.0	873.0	1399.0	72.0	18.0	2897.0	77.0	51.0	661.0	901.0	35.0	149.0	37.0	54.0	5.0
1	6	4	-48.01593064308706	1.0	0.4978687127024723	22771.0	1399.0	873.0	72.0	18.0	2897.0	661.0	149.0	77.0	901.0	37.0	51.0	35.0	54.0	5.0
4	1	6	0.41109529660177246	0.3405013738107807	0.9915824915824916	22771.0	873.0	2897.0	77.0	51.0	1399.0	72.0	18.0	661.0	901.0	35.0	149.0	54.0	37.0	5.0
1	4	7	-0.6479713919691777	0.7414983350373445	1.0140350877192983	22748.0	896.0	1396.0	71.0	22.0	2888.0	79.0	58.0	657.0	908.0	32.0	150.0	36.0	54.0	5.0
1	7	4	-47.46390446174233	1.0	0.4965635738831615	22748.0	1396.0	896.0	71.0	22.0	2888.0	657.0	150.0	79.0	908.0	36.0	58.0	32.0	54.0	5.0
4	1	7	0.6569398541417616	0.25560973171426915	0.9865319865319865	22748.0	896.0	2888.0	79.0	58.0	1396.0	71.0	22.0	657.0	908.0	32.0	150.0	54.0	36.0	5.0
1	4	8	-1.7596316130594993	0.9607649001459798	1.0298719772403984	22906.0	738.0	1407.0	58.0	24.0	2891.0	79.0	55.0	803.0	760.0	34.0	166.0	30.0	43.0	6.0
1	8	4	-62.4250262728251	1.0	0.49285228046289997	22906.0	1407.0	738.0	58.0	24.0	2891.0	803.0	166.0	79.0	760.0	30.0	55.0	34.0	43.0	6.0
4	1	8	1.8106706515598439	0.03509586998353709	0.9725848563968669	22906.0	738.0	2891.0	79.0	55.0	1407.0	58.0	24.0	803.0	760.0	34.0	166.0	43.0	30.0	6.0
1	4	9	-1.4008897556734887	0.9193764242844135	1.0140845070422535	23174.0	470.0	1436.0	42.0	11.0	2939.0	56.0	30.0	1064.0	514.0	19.0	193.0	22.0	28.0	2.0
1	9	4	-102.26495216416465	1.0	0.496551724137931	23174.0	1436.0	470.0	42.0	11.0	2939.0	1064.0	193.0	56.0	514.0	22.0	30.0	19.0	28.0	2.0
4	1	9	1.4203465578356205	0.07775345680137546	0.9864864864864865	23174.0	470.0	2939.0	56.0	30.0	1436.0	42.0	11.0	1064.0	514.0	19.0	193.0	28.0	22.0	2.0
1	5	6	0.0	0.49999999949999996	nan	23015.0	856.0	1155.0	81.0	26.0	3168.0	81.0	52.0	422.0	913.0	30.0	117.0	21.0	60.0	3.0
1	6	5	-26.783225112742702	1.0	0.5	23015.0	1155.0	856.0	81.0	26.0	3168.0	422.0	117.0	81.0	913.0	21.0	52.0	30.0	60.0	3.0
5	1	6	0.0	0.49999999949999996	nan	23015.0	856.0	3168.0	81.0	52.0	1155.0	81.0	26.0	422.0	913.0	30.0	117.0	60.0	21.0	3.0
1	5	7	-0.15378682016505354	0.5611111007896596	1.0059880239520957	22991.0	880.0	1153.0	83.0	26.0	3155.0	85.0	61.0	421.0	917.0	27.0	119.0	21.0	58.0	3.0
1	7	5	-25.989972607894043	1.0	0.49851632047477745	22991.0	1153.0	880.0	83.0	26.0	3155.0	421.0	119.0	85.0	917.0	21.0	61.0	27.0	58.0	3.0
5	1	7	0.15470221790413125	0.43852802763123977	0.9941176470588236	22991.0	880.0	3155.0	85.0	61.0	1153.0	83.0	26.0	421.0	917.0	27.0	119.0	58.0	21.0	3.0
1	5	8	-2.2723743042755173	0.9884680781044507	1.060475161987041	23126.0	745.0	1187.0	56.0	19.0	3155.0	84.0	62.0	575.0	764.0	26.0	130.0	21.0	49.0	1.0
1	8	5	-42.120080854249785	1.0	0.4861386138613861	23126.0	1187.0	745.0	56.0	19.0	3155.0	575.0	130.0	84.0	764.0	21.0	62.0	26.0	49.0	1.0
5	1	8	2.4019598043156694	0.00815374381613898	0.9488117001828154	23126.0	745.0	3155.0	84.0	62.0	1187.0	56.0	19.0	575.0	764.0	26.0	130.0	49.0	21.0	1.0
1	5	9	-3.84980303575348	0.9999408718849163	1.056551724137931	23394.0	477.0	1216.0	31.0	15.0	3197.0	72.0	32.0	838.0	512.0	15.0	161.0	8.0	31.0	1.0
1	9	5	-75.77539145983066	1.0	0.48696757787666883	23394.0	1216.0	477.0	31.0	15.0	3197.0	838.0	161.0	72.0	512.0	8.0	32.0	15.0	31.0	1.0
5	1	9	4.0558629893643054	2.4987464640635615e-05	0.9516509433962265	23394.0	477.0	3197.0	72.0	32.0	1216.0	31.0	15.0	838.0	512.0	15.0	161.0	31.0	8.0	1.0
1	6	7	-99999.9	1.0	-0.007853403141361256	23976.0	194.0	168.0	791.0	4.0	3665.0	21.0	21.0	15.0	997.0	3.0	15.0	5.0	125.0	0.0
1	7	6	1.001176248929459	0.15837081387182872	0.0076726342710997444	23976.0	168.0	194.0	791.0	4.0	3665.0	15.0	15.0	21.0	997.0	5.0	21.0	3.0	125.0	0.0
6	1	7	-128.48428527928039	1.0	0.5019404915912031	23976.0	194.0	3665.0	21.0	21.0	168.0	791.0	4.0	15.0	997.0	3.0	15.0	125.0	5.0	0.0
1	6	8	-1.4571310611849897	0.927459855720606	1.153225806451613	23426.0	744.0	887.0	62.0	14.0	3559.0	81.0	67.0	224.0	768.0	23.0	77.0	20.0	46.0	2.0
1	8	6	-12.42395957431412	1.0	0.4688524590163935	23426.0	887.0	744.0	62.0	14.0	3559.0	224.0	77.0	81.0	768.0	20.0	67.0	23.0	46.0	2.0
6	1	8	1.6507358874962819	0.049396242614803576	0.8950276243093923	23426.0	744.0	3559.0	81.0	67.0	887.0	62.0	14.0	224.0	768.0	23.0	77.0	46.0	20.0	2.0
1	6	9	-2.2556379592051807	0.9879533806950089	1.0606060606060606	23695.0	475.0	915.0	40.0	8.0	3610.0	64.0	33.0	484.0	518.0	13.0	102.0	10.0	33.0	0.0
1	9	6	-41.72930224529584	1.0	0.4861111111111111	23695.0	915.0	475.0	40.0	8.0	3610.0	484.0	102.0	64.0	518.0	10.0	33.0	13.0	33.0	0.0
6	1	9	2.384531556874048	0.008550430493360572	0.9487179487179487	23695.0	475.0	3610.0	64.0	33.0	915.0	40.0	8.0	484.0	518.0	13.0	102.0	33.0	10.0	0.0
1	7	8	-1.2030310979748593	0.8855177915107907	1.1119402985074627	23398.0	746.0	915.0	61.0	13.0	3551.0	76.0	68.0	225.0	775.0	23.0	84.0	18.0	45.0	2.0
1	8	7	-13.15314000452513	1.0	0.47603833865814693	23398.0	915.0	746.0	61.0	13.0	3551.0	225.0	84.0	76.0	775.0	18.0	68.0	23.0	45.0	2.0
7	1	8	1.3241416111938051	0.09272807507573533	0.9162011173184358	23398.0	746.0	3551.0	76.0	68.0	915.0	61.0	13.0	225.0	775.0	23.0	84.0	45.0	18.0	2.0
1	7	9	-2.139641264397855	0.9838081729839845	1.0541871921182266	23670.0	474.0	940.0	38.0	11.0	3601.0	60.0	34.0	488.0	523.0	12.0	107.0	9.0	33.0	0.0
1	9	7	-43.765389499047046	1.0	0.4874715261958998	23670.0	940.0	474.0	38.0	11.0	3601.0	488.0	107.0	60.0	523.0	9.0	34.0	12.0	33.0	0.0
7	1	9	2.2496228247173704	0.012236410310833001	0.9533898305084746	23670.0	474.0	3601.0	60.0	34.0	940.0	38.0	11.0	488.0	523.0	12.0	107.0	33.0	9.0	0.0
1	8	9	-1.42650728706612	0.9231389686485432	1.0566037735849056	23843.0	470.0	767.0	44.0	9.0	3767.0	59.0	34.0	339.0	522.0	8.0	90.0	11.0	36.0	1.0
1	9	8	-28.05464331230035	1.0	0.4869565217391304	23843.0	767.0	470.0	44.0	9.0	3767.0	339.0	90.0	59.0	522.0	11.0	34.0	8.0	36.0	1.0
8	1	9	1.5029273203018052	0.06642892237001297	0.9516129032258065	23843.0	470.0	3767.0	59.0	34.0	767.0	44.0	9.0	339.0	522.0	8.0	90.0	36.0	11.0	1.0
2	3	4	0.87014049771604	0.19211177430360316	0.9155844155844156	22755.0	1352.0	1518.0	127.0	48.0	2062.0	114.0	78.0	255.0	1418.0	58.0	79.0	53.0	78.0	5.0
2	4	3	-8.56753720828101	1.0	0.5241635687732342	22755.0	1518.0	1352.0	127.0	48.0	2062.0	255.0	79.0	114.0	1418.0	53.0	78.0	58.0	78.0	5.0
3	2	4	-0.7899147780684619	0.7852112919571946	1.1130434782608696	22755.0	1352.0	2062.0	114.0	78.0	1518.0	127.0	48.0	255.0	1418.0	58.0	79.0	78.0	53.0	5.0
2	3	5	0.14103777385641547	0.4439200255421891	0.9948979591836735	22946.0	1161.0	1543.0	102.0	48.0	2098.0	100.0	56.0	490.0	1196.0	45.0	95.0	49.0	68.0	3.0
2	5	3	-27.36132812814459	1.0	0.5012853470437018	22946.0	1543.0	1161.0	102.0	48.0	2098.0	490.0	95.0	100.0	1196.0	49.0	56.0	45.0	68.0	3.0
3	2	5	-0.14031450322125438	0.5557942728837268	1.005181347150259	22946.0	1161.0	2098.0	100.0	56.0	1543.0	102.0	48.0	490.0	1196.0	45.0	95.0	68.0	49.0	3.0
2	3	6	0.5645284288374356	0.2861972454218531	0.990450204638472	23233.0	874.0	1580.0	81.0	32.0	2141.0	74.0	39.0	800.0	890.0	41.0	123.0	38.0	48.0	6.0
2	6	3	-57.98513433344522	1.0	0.5024221453287196	23233.0	1580.0	874.0	81.0	32.0	2141.0	800.0	123.0	74.0	890.0	38.0	39.0	41.0	48.0	6.0
3	2	6	-0.5590853172646228	0.7119482838346112	1.0098314606741574	23233.0	874.0	2141.0	74.0	39.0	1580.0	81.0	32.0	800.0	890.0	41.0	123.0	48.0	38.0	6.0
2	3	7	0.1572989884297389	0.43750459794923535	0.997229916897507	23204.0	903.0	1578.0	82.0	33.0	2135.0	80.0	39.0	800.0	893.0	38.0	122.0	37.0	49.0	7.0
2	7	3	-56.47033684627622	1.0	0.5006954102920723	23204.0	1578.0	903.0	82.0	33.0	2135.0	800.0	122.0	80.0	893.0	37.0	39.0	38.0	49.0	7.0
3	2	7	-0.15686204679521185	0.562323225278186	1.0027932960893855	23204.0	903.0	2135.0	80.0	39.0	1578.0	82.0	33.0	800.0	893.0	38.0	122.0	49.0	37.0	7.0
2	3	8	-0.4257127817222886	0.6648413887351723	1.0057471264367817	23339.0	768.0	1599.0	66.0	28.0	2143.0	71.0	40.0	946.0	746.0	39.0	146.0	29.0	36.0	4.0
2	8	3	-74.92544958312268	1.0	0.4985754985754986	23339.0	1599.0	768.0	66.0	28.0	2143.0	946.0	146.0	71.0	746.0	29.0	40.0	39.0	36.0	4.0
3	2	8	0.4281454261892731	0.33427265944424855	0.9943502824858758	23339.0	768.0	2143.0	71.0	40.0	1599.0	66.0	28.0	946.0	746.0	39.0	146.0	36.0	29.0	4.0
2	3	9	1.8078368321649503	0.03531589596717688	0.984873949579832	23616.0	491.0	1622.0	59.0	12.0	2191.0	41.0	22.0	1213.0	496.0	22.0	164.0	19.0	29.0	3.0
2	9	3	-115.90242801768626	1.0	0.5038693035253654	23616.0	1622.0	491.0	59.0	12.0	2191.0	1213.0	164.0	41.0	496.0	19.0	22.0	22.0	29.0	3.0
3	2	9	-1.780071420066854	0.9624679118504043	1.0158450704225352	23616.0	491.0	2191.0	41.0	22.0	1622.0	59.0	12.0	1213.0	496.0	22.0	164.0	29.0	19.0	3.0
2	4	5	-0.13940766298507581	0.5554360179091459	1.0082644628099173	23103.0	1170.0	1386.0	101.0	40.0	2238.0	103.0	55.0	347.0	1199.0	39.0	98.0	43.0	76.0	2.0
2	5	4	-17.147142547164318	1.0	0.4979591836734694	23103.0	1386.0	1170.0	101.0	40.0	2238.0	347.0	98.0	103.0	1199.0	43.0	55.0	39.0	76.0	2.0
4	2	5	0.14055034874724856	0.44411256178604186	0.9919354838709677	23103.0	1170.0	2238.0	103.0	55.0	1386.0	101.0	40.0	347.0	1199.0	39.0	98.0	76.0	43.0	2.0
2	4	6	0.48878215843610223	0.3124979699127788	0.98989898989899	23385.0	888.0	1428.0	79.0	20.0	2283.0	73.0	40.0	661.0	891.0	33.0	120.0	38.0	57.0	4.0
2	6	4	-47.41186936830202	1.0	0.5025641025641026	23385.0	1428.0	888.0	79.0	20.0	2283.0	661.0	120.0	73.0	891.0	38.0	40.0	33.0	57.0	4.0
4	2	6	-0.483794585390836	0.6857341636075824	1.0104166666666667	23385.0	888.0	2283.0	73.0	40.0	1428.0	79.0	20.0	661.0	891.0	33.0	120.0	57.0	38.0	4.0
2	4	7	0.2399412308611052	0.40518795858006684	0.9948805460750854	23360.0	913.0	1422.0	80.0	25.0	2276.0	77.0	43.0	660.0	896.0	29.0	121.0	37.0	57.0	4.0
2	7	4	-46.3886379664802	1.0	0.5012897678417885	23360.0	1422.0	913.0	80.0	25.0	2276.0	660.0	121.0	77.0	896.0	37.0	43.0	29.0	57.0	4.0
4	2	7	-0.23870654185152831	0.594333378552151	1.0051993067590987	23360.0	913.0	2276.0	77.0	43.0	1422.0	80.0	25.0	660.0	896.0	29.0	121.0	57.0	37.0	4.0
2	4	8	0.2666168772634389	0.39488214120101284	0.9959514170040485	23503.0	770.0	1435.0	65.0	27.0	2294.0	62.0	40.0	800.0	751.0	34.0	141.0	33.0	45.0	0.0
2	8	4	-65.32113492954238	1.0	0.5010183299389002	23503.0	1435.0	770.0	65.0	27.0	2294.0	800.0	141.0	62.0	751.0	33.0	40.0	34.0	45.0	0.0
4	2	8	-0.2655330688192786	0.6047005196995192	1.0040983606557377	23503.0	770.0	2294.0	62.0	40.0	1435.0	65.0	27.0	800.0	751.0	34.0	141.0	45.0	33.0	0.0
2	4	9	2.3149488732081225	0.01030783976220917	0.9801136363636364	23772.0	501.0	1466.0	52.0	9.0	2341.0	31.0	24.0	1066.0	500.0	19.0	161.0	25.0	32.0	1.0
2	9	4	-111.77895987776358	1.0	0.5051244509516838	23772.0	1466.0	501.0	52.0	9.0	2341.0	1066.0	161.0	31.0	500.0	25.0	24.0	19.0	32.0	1.0
4	2	9	-2.2679788960705665	0.9883347886793292	1.0211480362537764	23772.0	501.0	2341.0	31.0	24.0	1466.0	52.0	9.0	1066.0	500.0	19.0	161.0	32.0	25.0	1.0
2	5	6	1.2799898637205063	0.10027441903879264	0.9546742209631728	23621.0	868.0	1192.0	89.0	30.0	2562.0	73.0	48.0	410.0	908.0	27.0	92.0	21.0	57.0	2.0
2	6	5	-25.679796640892665	1.0	0.5121580547112462	23621.0	1192.0	868.0	89.0	30.0	2562.0	410.0	92.0	73.0	908.0	21.0	48.0	27.0	57.0	2.0
5	2	6	-1.2192188316150818	0.8886193600900161	1.0524590163934426	23621.0	868.0	2562.0	73.0	48.0	1192.0	89.0	30.0	410.0	908.0	27.0	92.0	57.0	21.0	2.0
2	5	7	0.8480542005473494	0.1982038460263763	0.967741935483871	23593.0	896.0	1189.0	92.0	30.0	2553.0	81.0	49.0	411.0	909.0	25.0	93.0	20.0	57.0	2.0
2	7	5	-24.593571815873148	1.0	0.5084745762711865	23593.0	1189.0	896.0	92.0	30.0	2553.0	411.0	93.0	81.0	909.0	20.0	49.0	25.0	57.0	2.0
5	2	7	-0.8197857271957711	0.79383092075356	1.0357142857142858	23593.0	896.0	2553.0	81.0	49.0	1189.0	92.0	30.0	411.0	909.0	25.0	93.0	57.0	20.0	2.0
2	5	8	-0.16983196109479348	0.5674288544275923	1.0040983606557377	23715.0	774.0	1223.0	68.0	20.0	2566.0	70.0	47.0	560.0	757.0	28.0	109.0	19.0	44.0	0.0
2	8	5	-41.77866242931914	1.0	0.4989816700610998	23715.0	1223.0	774.0	68.0	20.0	2566.0	560.0	109.0	70.0	757.0	19.0	47.0	28.0	44.0	0.0
5	2	8	0.17052515277273142	0.4322985783068487	0.9959514170040485	23715.0	774.0	2566.0	70.0	47.0	1223.0	68.0	20.0	560.0	757.0	28.0	109.0	44.0	19.0	0.0
2	5	9	-0.8471525186694528	0.801544989903937	1.0103626943005182	23978.0	511.0	1260.0	40.0	11.0	2613.0	48.0	22.0	828.0	499.0	18.0	127.0	9.0	35.0	1.0
2	9	5	-83.4445230889411	1.0	0.4974489795918367	23978.0	1260.0	511.0	40.0	11.0	2613.0	828.0	127.0	48.0	499.0	9.0	22.0	18.0	35.0	1.0
5	2	9	0.8558412624506779	0.19604274939912103	0.9899497487437185	23978.0	511.0	2613.0	48.0	22.0	1260.0	40.0	11.0	828.0	499.0	18.0	127.0	35.0	9.0	1.0
2	6	7	-99999.9	1.0	-0.008974358974358975	24606.0	207.0	176.0	806.0	5.0	3035.0	19.0	10.0	12.0	987.0	3.0	10.0	4.0	120.0	0.0
2	7	6	1.2582295286191962	0.10415444811691432	0.008739076154806492	24606.0	176.0	207.0	806.0	5.0	3035.0	12.0	10.0	19.0	987.0	4.0	10.0	3.0	120.0	0.0
6	2	7	-141.46094843190107	1.0	0.502213788741303	24606.0	207.0	3035.0	19.0	10.0	176.0	806.0	5.0	12.0	987.0	3.0	10.0	120.0	4.0	0.0
2	6	8	0.623526240978403	0.26646932621907915	0.9565217391304348	24036.0	777.0	902.0	69.0	16.0	2949.0	62.0	53.0	216.0	764.0	22.0	70.0	20.0	43.0	1.0
2	8	6	-13.094051060546443	1.0	0.5116279069767442	24036.0	902.0	777.0	69.0	16.0	2949.0	216.0	70.0	62.0	764.0	20.0	53.0	22.0	43.0	1.0
6	2	8	-0.5951841391157483	0.7241398506495069	1.05	24036.0	777.0	2949.0	62.0	53.0	902.0	69.0	16.0	216.0	764.0	22.0	70.0	43.0	20.0	1.0
2	6	9	1.2907402173171068	0.09839695529367298	0.9738562091503268	24308.0	505.0	930.0	50.0	7.0	2997.0	38.0	29.0	485.0	506.0	11.0	86.0	12.0	35.0	1.0
2	9	6	-46.789332877745125	1.0	0.5068027210884354	24308.0	930.0	505.0	50.0	7.0	2997.0	485.0	86.0	38.0	506.0	12.0	29.0	11.0	35.0	1.0
6	2	9	-1.256089473228057	0.8954581651632705	1.0283687943262412	24308.0	505.0	2997.0	38.0	29.0	930.0	50.0	7.0	485.0	506.0	11.0	86.0	35.0	12.0	1.0
2	7	8	0.7986758228779056	0.21223914437176028	0.9464285714285714	24007.0	775.0	931.0	71.0	16.0	2942.0	62.0	53.0	221.0	767.0	22.0	72.0	17.0	43.0	1.0
2	8	7	-13.311263714631746	1.0	0.5145631067961165	24007.0	931.0	775.0	71.0	16.0	2942.0	221.0	72.0	62.0	767.0	17.0	53.0	22.0	43.0	1.0
7	2	8	-0.7534677574319864	0.7744156278643659	1.0638297872340425	24007.0	775.0	2942.0	62.0	53.0	931.0	71.0	16.0	221.0	767.0	22.0	72.0	43.0	17.0	1.0
2	7	9	1.642907756142554	0.05020099670014422	0.9680851063829787	24278.0	504.0	960.0	50.0	8.0	2993.0	35.0	29.0	490.0	509.0	11.0	85.0	12.0	35.0	1.0
2	9	7	-48.19196084684823	1.0	0.5083798882681565	24278.0	960.0	504.0	50.0	8.0	2993.0	490.0	85.0	35.0	509.0	12.0	29.0	11.0	35.0	1.0
7	2	9	-1.5887459619840083	0.9439411181097265	1.035294117647059	24278.0	504.0	2993.0	35.0	29.0	960.0	50.0	8.0	490.0	509.0	11.0	85.0	35.0	12.0	1.0
2	8	9	1.9505994973194642	0.025552284734295494	0.9419354838709677	24440.0	498.0	798.0	53.0	11.0	3170.0	35.0	30.0	327.0	511.0	8.0	71.0	10.0	38.0	0.0
2	9	8	-29.69245901475184	1.0	0.5159010600706714	24440.0	798.0	498.0	53.0	11.0	3170.0	327.0	71.0	35.0	511.0	10.0	30.0	8.0	38.0	0.0
8	2	9	-1.8303570625531957	0.9664017756055001	1.0703125	24440.0	498.0	3170.0	35.0	30.0	798.0	53.0	11.0	327.0	511.0	8.0	71.0	38.0	10.0	0.0
3	4	5	0.07324402470361033	0.47080589820656105	0.9962406015037594	23629.0	1188.0	1415.0	94.0	35.0	1712.0	93.0	47.0	358.0	1226.0	39.0	58.0	47.0	56.0	3.0
3	5	4	-19.33642252175325	1.0	0.500945179584121	23629.0	1415.0	1188.0	94.0	35.0	1712.0	358.0	58.0	93.0	1226.0	47.0	47.0	39.0	56.0	3.0
4	3	5	-0.07296763215755898	0.5290841314366714	1.0038022813688212	23629.0	1188.0	1712.0	93.0	47.0	1415.0	94.0	35.0	358.0	1226.0	39.0	58.0	56.0	47.0	3.0
3	4	6	0.2646603267728289	0.3956356319756389	0.9950331125827815	23914.0	903.0	1460.0	66.0	18.0	1754.0	63.0	35.0	664.0	920.0	39.0	85.0	36.0	41.0	2.0
3	6	4	-52.75562513671733	1.0	0.5012510425354462	23914.0	1460.0	903.0	66.0	18.0	1754.0	664.0	85.0	63.0	920.0	36.0	35.0	39.0	41.0	2.0
4	3	6	-0.2633392269719662	0.6038553759623064	1.0050420168067227	23914.0	903.0	1754.0	63.0	35.0	1460.0	66.0	18.0	664.0	920.0	39.0	85.0	41.0	36.0	2.0
3	4	7	0.4451983075528907	0.32808825276024334	0.9917491749174917	23884.0	933.0	1455.0	66.0	23.0	1752.0	61.0	39.0	662.0	927.0	34.0	86.0	36.0	40.0	2.0
3	7	4	-53.067638260304626	1.0	0.5020885547201337	23884.0	1455.0	933.0	66.0	23.0	1752.0	662.0	86.0	61.0	927.0	36.0	39.0	34.0	40.0	2.0
4	3	7	-0.44149449467807467	0.670572447078856	1.0084602368866329	23884.0	933.0	1752.0	61.0	39.0	1455.0	66.0	23.0	662.0	927.0	34.0	86.0	40.0	36.0	2.0
3	4	8	1.1831367055794677	0.11837754893177166	0.9846153846153847	24018.0	799.0	1464.0	58.0	22.0	1779.0	46.0	27.0	814.0	771.0	38.0	98.0	31.0	32.0	3.0
3	8	4	-74.53761245150649	1.0	0.5039370078740157	24018.0	1464.0	799.0	58.0	22.0	1779.0	814.0	98.0	46.0	771.0	31.0	27.0	38.0	32.0	3.0
4	3	8	-1.1646501945547887	0.8779196320080798	1.0161290322580645	24018.0	799.0	1779.0	46.0	27.0	1464.0	58.0	22.0	814.0	771.0	38.0	98.0	32.0	31.0	3.0
3	4	9	0.1110944929570873	0.45577065823440477	0.9990421455938697	24315.0	502.0	1492.0	41.0	11.0	1798.0	40.0	14.0	1083.0	521.0	19.0	118.0	23.0	22.0	1.0
3	9	4	-115.76046166128477	1.0	0.5002398081534772	24315.0	1492.0	502.0	41.0	11.0	1798.0	1083.0	118.0	40.0	521.0	23.0	14.0	19.0	22.0	1.0
4	3	9	-0.11098797858224832	0.5441871099228313	1.0009606147934678	24315.0	502.0	1798.0	40.0	14.0	1492.0	41.0	11.0	1083.0	521.0	19.0	118.0	22.0	23.0	1.0
3	5	6	0.6688461490520579	0.2517967466374349	0.9766081871345029	24161.0	883.0	1213.0	77.0	27.0	2022.0	69.0	37.0	403.0	932.0	31.0	78.0	18.0	45.0	4.0
3	6	5	-27.255480573871402	1.0	0.5060606060606061	24161.0	1213.0	883.0	77.0	27.0	2022.0	403.0	78.0	69.0	932.0	18.0	37.0	31.0	45.0	4.0
5	3	6	-0.6528258820088947	0.7430657949420778	1.0251572327044025	24161.0	883.0	2022.0	69.0	37.0	1213.0	77.0	27.0	403.0	932.0	31.0	78.0	45.0	18.0	4.0
3	5	7	0.6643264911715571	0.25324061970256606	0.9766081871345029	24128.0	916.0	1211.0	78.0	28.0	2018.0	70.0	40.0	404.0	935.0	27.0	78.0	19.0	45.0	3.0
3	7	5	-27.07130451524095	1.0	0.5060606060606061	24128.0	1211.0	916.0	78.0	28.0	2018.0	404.0	78.0	70.0	935.0	19.0	40.0	27.0	45.0	3.0
5	3	7	-0.648414479406969	0.7416416080826901	1.0251572327044025	24128.0	916.0	2018.0	70.0	40.0	1211.0	78.0	28.0	404.0	935.0	27.0	78.0	45.0	19.0	3.0
3	5	8	0.2828787228013345	0.3886349684074012	0.9941291585127202	24242.0	802.0	1240.0	58.0	19.0	2039.0	55.0	34.0	563.0	775.0	28.0	89.0	18.0	36.0	2.0
3	8	5	-47.617918338224634	1.0	0.5014807502467917	24242.0	1240.0	802.0	58.0	19.0	2039.0	563.0	89.0	55.0	775.0	18.0	34.0	28.0	36.0	2.0
5	3	8	-0.28120817916274393	0.610724568864651	1.0059760956175299	24242.0	802.0	2039.0	55.0	34.0	1240.0	58.0	19.0	563.0	775.0	28.0	89.0	36.0	18.0	2.0
3	5	9	-2.7222701928994257	0.9967581922976712	1.036096256684492	24541.0	503.0	1266.0	33.0	18.0	2050.0	60.0	18.0	835.0	517.0	14.0	114.0	7.0	24.0	0.0
3	9	5	-80.86150721130888	1.0	0.4914394419784401	24541.0	1266.0	503.0	33.0	18.0	2050.0	835.0	114.0	60.0	517.0	7.0	18.0	14.0	24.0	0.0
5	3	9	2.817110573813341	0.0024229538253861538	0.9674306393244874	24541.0	503.0	2050.0	60.0	18.0	1266.0	33.0	18.0	835.0	517.0	14.0	114.0	24.0	7.0	0.0
3	6	7	-99999.9	1.0	-0.002534854245880862	25162.0	212.0	177.0	805.0	5.0	2479.0	14.0	10.0	12.0	1005.0	2.0	9.0	5.0	103.0	0.0
3	7	6	0.39189767528747305	0.34756696287795275	0.0025157232704402514	25162.0	177.0	212.0	805.0	5.0	2479.0	12.0	9.0	14.0	1005.0	5.0	10.0	2.0	103.0	0.0
6	3	7	-154.9955305761951	1.0	0.5006313131313131	25162.0	212.0	2479.0	14.0	10.0	177.0	805.0	5.0	12.0	1005.0	2.0	9.0	103.0	5.0	0.0
3	6	8	1.1847949723654418	0.11804932324490369	0.9333333333333333	24571.0	803.0	911.0	60.0	16.0	2414.0	48.0	41.0	216.0	781.0	22.0	61.0	19.0	35.0	2.0
3	8	6	-15.402334640750741	1.0	0.5185185185185186	24571.0	911.0	803.0	60.0	16.0	2414.0	216.0	61.0	48.0	781.0	19.0	41.0	22.0	35.0	2.0
6	3	8	-1.1001667600536247	0.864370220448271	1.0833333333333333	24571.0	803.0	2414.0	48.0	41.0	911.0	60.0	16.0	216.0	781.0	22.0	61.0	35.0	19.0	2.0
3	6	9	-0.6271590349655857	0.7347225602754319	1.013986013986014	24870.0	504.0	937.0	42.0	8.0	2435.0	48.0	20.0	483.0	525.0	11.0	81.0	11.0	24.0	1.0
3	9	6	-46.09618906997057	1.0	0.4965753424657534	24870.0	937.0	504.0	42.0	8.0	2435.0	483.0	81.0	48.0	525.0	11.0	20.0	11.0	24.0	1.0
6	3	9	0.6358095044133869	0.2624502369326581	0.9865771812080537	24870.0	504.0	2435.0	48.0	20.0	937.0	42.0	8.0	483.0	525.0	11.0	81.0	24.0	11.0	1.0
3	7	8	1.5206236040459788	0.06417718368736902	0.9184782608695652	24534.0	805.0	948.0	59.0	15.0	2415.0	44.0	41.0	213.0	788.0	23.0	63.0	16.0	34.0	2.0
3	8	7	-15.611735668205386	1.0	0.5232198142414861	24534.0	948.0	805.0	59.0	15.0	2415.0	213.0	63.0	44.0	788.0	16.0	41.0	23.0	34.0	2.0
7	3	8	-1.385657011970892	0.9170741124119206	1.1079136690647482	24534.0	805.0	2415.0	44.0	41.0	948.0	59.0	15.0	213.0	788.0	23.0	63.0	34.0	16.0	2.0
3	7	9	-0.4289217433114367	0.6660098758198847	1.0092378752886837	24835.0	504.0	972.0	41.0	9.0	2436.0	45.0	19.0	482.0	530.0	12.0	81.0	9.0	23.0	2.0
3	9	7	-47.28862220008586	1.0	0.4977220956719818	24835.0	972.0	504.0	41.0	9.0	2436.0	482.0	81.0	45.0	530.0	9.0	19.0	12.0	23.0	2.0
7	3	9	0.43284780045845217	0.33256270633553786	0.9910112359550561	24835.0	504.0	2436.0	45.0	19.0	972.0	41.0	9.0	482.0	530.0	12.0	81.0	23.0	9.0	2.0
3	8	9	-0.103441050136523	0.5411935881368442	1.0037593984962405	24985.0	497.0	822.0	46.0	11.0	2625.0	47.0	19.0	314.0	527.0	7.0	60.0	10.0	29.0	1.0
3	9	8	-27.722201436588154	1.0	0.4990654205607477	24985.0	822.0	497.0	46.0	11.0	2625.0	314.0	60.0	47.0	527.0	10.0	19.0	7.0	29.0	1.0
8	3	9	0.10382846979995566	0.45865268180036656	0.9962825278810409	24985.0	497.0	2625.0	47.0	19.0	822.0	46.0	11.0	314.0	527.0	7.0	60.0	29.0	10.0	1.0
4	5	6	0.783215828984343	0.21675012722775588	0.9738372093023255	24439.0	902.0	1229.0	72.0	27.0	1744.0	63.0	24.0	398.0	945.0	33.0	67.0	19.0	37.0	1.0
4	6	5	-28.369817805432874	1.0	0.5068078668683813	24439.0	1229.0	902.0	72.0	27.0	1744.0	398.0	67.0	63.0	945.0	19.0	24.0	33.0	37.0	1.0
5	4	6	-0.7621742096981966	0.7770220483246151	1.028391167192429	24439.0	902.0	1744.0	63.0	24.0	1229.0	72.0	27.0	398.0	945.0	33.0	67.0	37.0	19.0	1.0
4	5	7	0.6879146986041366	0.2457531818672698	0.9765395894428153	24409.0	932.0	1227.0	73.0	28.0	1737.0	65.0	29.0	398.0	949.0	29.0	68.0	19.0	36.0	1.0
4	7	5	-27.94653463079303	1.0	0.5060790273556232	24409.0	1227.0	932.0	73.0	28.0	1737.0	398.0	68.0	65.0	949.0	19.0	29.0	29.0	36.0	1.0
5	4	7	-0.6713882193583915	0.74901344221512	1.025236593059937	24409.0	932.0	1737.0	65.0	29.0	1227.0	73.0	28.0	398.0	949.0	29.0	68.0	36.0	19.0	1.0
4	5	8	-0.6976039781992083	0.7572876222885249	1.0140562248995983	24536.0	805.0	1261.0	46.0	21.0	1745.0	53.0	33.0	558.0	790.0	28.0	73.0	18.0	33.0	0.0
4	8	5	-51.02474811971347	1.0	0.49655850540806296	24536.0	1261.0	805.0	46.0	21.0	1745.0	558.0	73.0	53.0	790.0	18.0	33.0	28.0	33.0	0.0
5	4	8	0.7072737363128606	0.23969812252074818	0.9865125240847784	24536.0	805.0	1745.0	53.0	33.0	1261.0	46.0	21.0	558.0	790.0	28.0	73.0	33.0	18.0	0.0
4	5	9	-3.104747991470413	0.9990477260318414	1.0343915343915344	24822.0	519.0	1291.0	20.0	17.0	1769.0	46.0	16.0	828.0	532.0	16.0	96.0	6.0	22.0	0.0
4	9	5	-96.48601450415738	1.0	0.4918238993710692	24822.0	1291.0	519.0	20.0	17.0	1769.0	828.0	96.0	46.0	532.0	6.0	16.0	16.0	22.0	0.0
5	4	9	3.207974906787844	0.0006684295767651616	0.9688249400479615	24822.0	519.0	1769.0	46.0	16.0	1291.0	20.0	17.0	828.0	532.0	16.0	96.0	22.0	6.0	0.0
4	6	7	-99999.9	1.0	-0.0037641154328732747	25456.0	212.0	180.0	816.0	5.0	2185.0	16.0	8.0	13.0	1012.0	2.0	5.0	5.0	85.0	0.0
4	7	6	0.5569509902177565	0.288780427169403	0.0037220843672456576	25456.0	180.0	212.0	816.0	5.0	2185.0	13.0	5.0	16.0	1012.0	5.0	8.0	2.0	85.0	0.0
6	4	7	-148.5202640580688	1.0	0.5009357454772301	25456.0	212.0	2185.0	16.0	8.0	180.0	816.0	5.0	13.0	1012.0	2.0	5.0	85.0	5.0	0.0
4	6	8	0.49900171582527875	0.3088890867272669	0.9709302325581395	24863.0	805.0	934.0	54.0	13.0	2122.0	49.0	38.0	216.0	789.0	22.0	38.0	23.0	33.0	1.0
4	8	6	-16.16765559273905	1.0	0.5075987841945289	24863.0	934.0	805.0	54.0	13.0	2122.0	216.0	38.0	49.0	789.0	23.0	38.0	22.0	33.0	1.0
6	4	8	-0.4840615446927854	0.6858288969501892	1.0318471337579618	24863.0	805.0	2122.0	49.0	38.0	934.0	54.0	13.0	216.0	789.0	22.0	38.0	33.0	23.0	1.0
4	6	9	-0.846407385019495	0.8013372876032178	1.0160183066361557	25150.0	518.0	963.0	30.0	8.0	2155.0	37.0	17.0	481.0	535.0	11.0	57.0	12.0	26.0	0.0
4	9	6	-54.532818663398906	1.0	0.49608938547486037	25150.0	963.0	518.0	30.0	8.0	2155.0	481.0	57.0	37.0	535.0	12.0	17.0	11.0	26.0	0.0
6	4	9	0.8597516455941266	0.19496293615732063	0.9847161572052402	25150.0	518.0	2155.0	37.0	17.0	963.0	30.0	8.0	481.0	535.0	11.0	57.0	26.0	12.0	0.0
4	7	8	0.8231416903566494	0.20521365720972062	0.9553072625698324	24829.0	807.0	968.0	53.0	12.0	2120.0	45.0	38.0	216.0	795.0	22.0	40.0	21.0	33.0	1.0
4	8	7	-16.77151194101673	1.0	0.5119760479041917	24829.0	968.0	807.0	53.0	12.0	2120.0	216.0	40.0	45.0	795.0	21.0	38.0	22.0	33.0	1.0
7	4	8	-0.784632137591426	0.7836654222153348	1.0516129032258064	24829.0	807.0	2120.0	45.0	38.0	968.0	53.0	12.0	216.0	795.0	22.0	40.0	33.0	21.0	1.0
4	7	9	-0.6355135766690063	0.7374533014899585	1.0112612612612613	25118.0	518.0	995.0	28.0	10.0	2153.0	33.0	17.0	482.0	540.0	11.0	58.0	11.0	26.0	0.0
4	9	7	-57.70463276154585	1.0	0.49723145071982283	25118.0	995.0	518.0	28.0	10.0	2153.0	482.0	58.0	33.0	540.0	11.0	17.0	11.0	26.0	0.0
7	4	9	0.6425905652733382	0.26024484266146286	0.9891067538126361	25118.0	518.0	2153.0	33.0	17.0	995.0	28.0	10.0	482.0	540.0	11.0	58.0	26.0	11.0	0.0
4	8	9	-0.24505711511600825	0.5967938433681315	1.0072463768115942	25283.0	514.0	830.0	32.0	10.0	2327.0	34.0	15.0	312.0	540.0	9.0	54.0	10.0	30.0	0.0
4	9	8	-34.30799611624115	1.0	0.4982078853046595	25283.0	830.0	514.0	32.0	10.0	2327.0	312.0	54.0	34.0	540.0	10.0	15.0	9.0	30.0	0.0
8	4	9	0.24682011594418096	0.4025237744490766	0.9929078014184397	25283.0	514.0	2327.0	34.0	15.0	830.0	32.0	10.0	312.0	540.0	9.0	54.0	30.0	10.0	0.0
5	6	7	-99999.9	1.0	-0.0038071065989847717	25964.0	219.0	182.0	802.0	5.0	1677.0	11.0	6.0	8.0	1043.0	3.0	8.0	4.0	68.0	0.0
5	7	6	0.6873301621405472	0.24593727993909675	0.0037641154328732747	25964.0	182.0	219.0	802.0	5.0	1677.0	8.0	8.0	11.0	1043.0	4.0	6.0	3.0	68.0	0.0
6	5	7	-181.22605275105695	1.0	0.5009463722397477	25964.0	219.0	1677.0	11.0	6.0	182.0	802.0	5.0	8.0	1043.0	3.0	8.0	68.0	4.0	0.0
5	6	8	0.9505570811755499	0.17091462264502788	0.9536082474226805	25358.0	825.0	923.0	51.0	15.0	1627.0	42.0	25.0	227.0	805.0	22.0	38.0	22.0	20.0	0.0
5	8	6	-18.5886718096552	1.0	0.5124653739612188	25358.0	923.0	825.0	51.0	15.0	1627.0	227.0	38.0	42.0	805.0	22.0	25.0	22.0	20.0	0.0
6	5	8	-0.9043137637129557	0.817085502321085	1.0538922155688624	25358.0	825.0	1627.0	42.0	25.0	923.0	51.0	15.0	227.0	805.0	22.0	38.0	20.0	22.0	0.0
5	6	9	2.3773354745218285	0.008719098438051187	0.963855421686747	25647.0	536.0	944.0	38.0	7.0	1658.0	20.0	16.0	500.0	542.0	12.0	57.0	12.0	11.0	0.0
5	9	6	-61.01827717939365	1.0	0.5095541401273885	25647.0	944.0	536.0	38.0	7.0	1658.0	500.0	57.0	20.0	542.0	12.0	16.0	12.0	11.0	0.0
6	5	9	-2.2881853942272596	0.988936667559619	1.0405405405405406	25647.0	536.0	1658.0	20.0	16.0	944.0	38.0	7.0	500.0	542.0	12.0	57.0	11.0	12.0	0.0
5	7	8	1.3069754923060386	0.09561058490891994	0.9396984924623114	25319.0	827.0	962.0	50.0	14.0	1630.0	38.0	25.0	225.0	811.0	22.0	37.0	20.0	20.0	0.0
5	8	7	-19.060059262796404	1.0	0.5165745856353591	25319.0	962.0	827.0	50.0	14.0	1630.0	225.0	37.0	38.0	811.0	20.0	25.0	22.0	20.0	0.0
7	5	8	-1.2231054072382717	0.88935498961651	1.0736196319018405	25319.0	827.0	1630.0	38.0	25.0	962.0	50.0	14.0	225.0	811.0	22.0	37.0	20.0	20.0	0.0
5	7	9	2.7827744065397524	0.0026948721981017165	0.9602385685884692	25610.0	536.0	981.0	36.0	9.0	1661.0	16.0	16.0	499.0	547.0	12.0	55.0	11.0	11.0	0.0
5	9	7	-64.4212275113952	1.0	0.5105708245243129	25610.0	981.0	536.0	36.0	9.0	1661.0	499.0	55.0	16.0	547.0	11.0	16.0	12.0	11.0	0.0
7	5	9	-2.667545652645767	0.9961795797662438	1.0451467268623025	25610.0	536.0	1661.0	16.0	16.0	981.0	36.0	9.0	499.0	547.0	12.0	55.0	11.0	11.0	0.0
5	8	9	3.3745606749306107	0.00036972145559532876	0.9221183800623053	25750.0	531.0	841.0	40.0	10.0	1860.0	15.0	17.0	311.0	549.0	9.0	44.0	10.0	13.0	0.0
5	9	8	-36.58023771624781	1.0	0.5220458553791887	25750.0	841.0	531.0	40.0	10.0	1860.0	311.0	44.0	15.0	549.0	10.0	17.0	9.0	13.0	0.0
8	5	9	-3.089547104412823	0.9989976220903241	1.1016260162601625	25750.0	531.0	1860.0	15.0	17.0	841.0	40.0	10.0	311.0	549.0	9.0	44.0	13.0	10.0	0.0
6	7	8	0.8295490579128488	0.20339684191224816	0.996969696969697	26758.0	883.0	227.0	8.0	1.0	191.0	5.0	2.0	992.0	869.0	52.0	5.0	2.0	4.0	1.0
6	8	7	-272.0920909954123	1.0	0.5007610350076104	26758.0	227.0	883.0	8.0	1.0	191.0	992.0	5.0	5.0	869.0	2.0	2.0	52.0	4.0	1.0
7	6	8	-0.827027632204907	0.7958893533896769	1.003058103975535	26758.0	883.0	191.0	5.0	2.0	227.0	8.0	1.0	992.0	869.0	52.0	5.0	4.0	2.0	1.0
6	7	9	0.7030025715665896	0.24102700435886193	0.9984579799537394	27077.0	564.0	228.0	5.0	3.0	194.0	3.0	1.0	1298.0	587.0	28.0	9.0	1.0	2.0	0.0
6	9	7	-454.4911625177971	1.0	0.5003863987635239	27077.0	228.0	564.0	5.0	3.0	194.0	1298.0	9.0	3.0	587.0	1.0	1.0	28.0	2.0	0.0
7	6	9	-0.701916853309344	0.7586345600476085	1.0015491866769946	27077.0	564.0	194.0	3.0	1.0	228.0	5.0	3.0	1298.0	587.0	28.0	9.0	2.0	1.0	0.0
6	8	9	0.7666328753882288	0.22164984571159996	0.9829351535836177	26449.0	536.0	856.0	24.0	12.0	1161.0	19.0	8.0	307.0	562.0	7.0	33.0	10.0	16.0	0.0
6	9	8	-43.39142074697375	1.0	0.5043782837127845	26449.0	856.0	536.0	24.0	12.0	1161.0	307.0	33.0	19.0	562.0	10.0	8.0	7.0	16.0	0.0
8	6	9	-0.7533232768571831	0.7743722302795256	1.0179856115107915	26449.0	536.0	1161.0	19.0	8.0	856.0	24.0	12.0	307.0	562.0	7.0	33.0	16.0	10.0	0.0
7	8	9	0.4946568492937346	0.3104211843232161	0.9897610921501706	26413.0	536.0	858.0	20.0	12.0	1197.0	17.0	10.0	307.0	567.0	7.0	31.0	10.0	15.0	0.0
7	9	8	-47.32217191576727	1.0	0.5025996533795494	26413.0	858.0	536.0	20.0	12.0	1197.0	307.0	31.0	17.0	567.0	10.0	10.0	7.0	15.0	0.0
8	7	9	-0.4895397094734546	0.6877701715477265	1.0105633802816902	26413.0	536.0	1197.0	17.0	10.0	858.0	20.0	12.0	307.0	567.0	7.0	31.0	15.0	10.0	0.0
