P1	Hybrid	P2	Zscore	Pvalue	Gamma	AAAA	AAAB	AABA	AABB	AABC	ABAA	ABAB	ABAC	ABBA	BAAA	ABBC	CABC	BACA	BCAA	ABCD
1	2	3	2.443028512019782	0.007282295989060383	0.9167591564927858	72126.0	4907.0	5910.0	544.0	222.0	7977.0	469.0	299.0	1295.0	5048.0	255.0	400.0	252.0	277.0	19.0
1	3	2	-24.462858833691463	1.0	0.5237793278376666	72126.0	5910.0	4907.0	544.0	222.0	7977.0	1295.0	400.0	469.0	5048.0	252.0	299.0	255.0	277.0	19.0
2	1	3	-2.221203889257696	0.9868314668047433	1.1109467455621302	72126.0	4907.0	7977.0	469.0	299.0	5910.0	544.0	222.0	1295.0	5048.0	255.0	400.0	277.0	252.0	19.0
1	2	4	2.3518716281898966	0.009339592741832048	0.9459459459459459	72335.0	4698.0	5968.0	499.0	209.0	8038.0	429.0	278.0	1654.0	4684.0	260.0	431.0	238.0	259.0	20.0
1	4	2	-38.80588186513328	1.0	0.5147058823529411	72335.0	5968.0	4698.0	499.0	209.0	8038.0	1654.0	431.0	429.0	4684.0	238.0	278.0	260.0	259.0	20.0
2	1	4	-2.2174789637219026	0.9867048554385901	1.064516129032258	72335.0	4698.0	8038.0	429.0	278.0	5968.0	499.0	209.0	1654.0	4684.0	260.0	431.0	259.0	238.0	20.0
1	2	5	0.856672671802102	0.1958128608624543	0.9876097057305111	73220.0	3813.0	6102.0	409.0	165.0	8118.0	385.0	242.0	2298.0	4075.0	225.0	497.0	194.0	230.0	27.0
1	5	2	-67.42727820975705	1.0	0.5031562335612836	73220.0	6102.0	3813.0	409.0	165.0	8118.0	2298.0	497.0	385.0	4075.0	194.0	242.0	225.0	230.0	27.0
2	1	5	-0.8459250794742137	0.801202777469565	1.0128686327077747	73220.0	3813.0	8118.0	385.0	242.0	6102.0	409.0	165.0	2298.0	4075.0	225.0	497.0	230.0	194.0	27.0
1	2	6	1.3255550094955215	0.09249363434291158	0.9898412698412699	74170.0	2863.0	6248.0	310.0	118.0	8294.0	278.0	173.0	3396.0	3019.0	183.0	623.0	153.0	160.0	12.0
1	6	2	-127.83321122822441	1.0	0.5025789813023855	74170.0	6248.0	2863.0	310.0	118.0	8294.0	3396.0	623.0	278.0	3019.0	153.0	173.0	183.0	160.0	12.0
2	1	6	-1.3119508528874853	0.905231574111321	1.0104780615586118	74170.0	2863.0	8294.0	278.0	173.0	6248.0	310.0	118.0	3396.0	3019.0	183.0	623.0	160.0	153.0	12.0
1	2	7	0.9540703131384823	0.1700240177904927	0.9926868044515104	74129.0	2904.0	6257.0	304.0	115.0	8306.0	281.0	158.0	3403.0	3005.0	190.0	626.0	151.0	158.0	13.0
1	7	2	-128.55060436591975	1.0	0.501848577399132	74129.0	6257.0	2904.0	304.0	115.0	8306.0	3403.0	626.0	281.0	3005.0	151.0	158.0	190.0	158.0	13.0
2	1	7	-0.9470416080769241	0.8281912223469509	1.007477243172952	74129.0	2904.0	8306.0	281.0	158.0	6257.0	304.0	115.0	3403.0	3005.0	190.0	626.0	158.0	151.0	13.0
1	2	8	1.9464539156157252	0.025800050610429448	0.9880597014925373	74579.0	2454.0	6291.0	280.0	105.0	8365.0	236.0	144.0	3877.0	2557.0	164.0	673.0	120.0	141.0	14.0
1	8	2	-159.12260760158557	1.0	0.5030395136778115	74579.0	6291.0	2454.0	280.0	105.0	8365.0	3877.0	673.0	236.0	2557.0	120.0	144.0	164.0	141.0	14.0
2	1	8	-1.9229318139164415	0.9727557606923731	1.0123839009287925	74579.0	2454.0	8365.0	236.0	144.0	6291.0	280.0	105.0	3877.0	2557.0	164.0	673.0	141.0	120.0	14.0
1	2	9	0.7048047626952932	0.24046580295705167	0.997180043383948	75326.0	1707.0	6420.0	177.0	79.0	8509.0	164.0	72.0	4761.0	1720.0	117.0	759.0	76.0	98.0	15.0
1	9	2	-248.52500247655487	1.0	0.5007079838797517	75326.0	6420.0	1707.0	177.0	79.0	8509.0	4761.0	759.0	164.0	1720.0	76.0	72.0	117.0	98.0	15.0
2	1	9	-0.7028116232750107	0.758913492739093	1.0028440166265586	75326.0	1707.0	8509.0	164.0	72.0	6420.0	177.0	79.0	4761.0	1720.0	117.0	759.0	98.0	76.0	15.0
1	3	4	2.1288486905712296	0.016633331505908178	0.8702127659574468	73283.0	4753.0	5020.0	491.0	162.0	8933.0	430.0	309.0	839.0	4728.0	202.0	351.0	193.0	286.0	20.0
1	4	3	-12.14490728391457	1.0	0.5402906208718626	73283.0	5020.0	4753.0	491.0	162.0	8933.0	839.0	351.0	430.0	4728.0	193.0	309.0	202.0	286.0	20.0
3	1	4	-1.8113431401437359	0.9649561785136784	1.2125435540069687	73283.0	4753.0	8933.0	430.0	309.0	5020.0	491.0	162.0	839.0	4728.0	202.0	351.0	286.0	193.0	20.0
1	3	5	0.9697647978396016	0.1660818696634756	0.9756975697569757	74187.0	3849.0	5135.0	410.0	128.0	9024.0	383.0	265.0	1467.0	4113.0	189.0	422.0	158.0	247.0	23.0
1	5	3	-37.96449597468368	1.0	0.5063054647361046	74187.0	5135.0	3849.0	410.0	128.0	9024.0	1467.0	422.0	383.0	4113.0	158.0	265.0	189.0	247.0	23.0
3	1	5	-0.9456101395908293	0.827826276242541	1.0262135922330098	74187.0	3849.0	9024.0	383.0	265.0	5135.0	410.0	128.0	1467.0	4113.0	189.0	422.0	247.0	158.0	23.0
1	3	6	0.08222813127488962	0.4672325857563002	0.9991289198606271	75142.0	2894.0	5276.0	297.0	100.0	9195.0	295.0	182.0	2589.0	3025.0	155.0	529.0	130.0	176.0	15.0
1	6	3	-94.23343844102328	1.0	0.5002180549498474	75142.0	5276.0	2894.0	297.0	100.0	9195.0	2589.0	529.0	295.0	3025.0	130.0	182.0	155.0	176.0	15.0
3	1	6	-0.08215644153532999	0.5327389106440545	1.000873362445415	75142.0	2894.0	9195.0	295.0	182.0	5276.0	297.0	100.0	2589.0	3025.0	155.0	529.0	176.0	130.0	15.0
1	3	7	-0.16507849646388323	0.5655589048625802	1.001744439598779	75110.0	2926.0	5276.0	291.0	106.0	9211.0	295.0	166.0	2592.0	3013.0	164.0	532.0	129.0	172.0	17.0
1	7	3	-94.9614050908496	1.0	0.49956502827316224	75110.0	5276.0	2926.0	291.0	106.0	9211.0	2592.0	532.0	295.0	3013.0	129.0	166.0	164.0	172.0	17.0
3	1	7	0.16536596445946686	0.43432796694952147	0.9982646420824295	75110.0	2926.0	9211.0	295.0	166.0	5276.0	291.0	106.0	2592.0	3013.0	164.0	532.0	172.0	129.0	17.0
1	3	8	0.8832301203916845	0.1885559400179201	0.9929775280898876	75562.0	2474.0	5308.0	268.0	97.0	9259.0	248.0	165.0	3076.0	2565.0	128.0	580.0	100.0	161.0	9.0
1	8	3	-124.0055089029924	1.0	0.5017743080198722	75562.0	5308.0	2474.0	268.0	97.0	9259.0	3076.0	580.0	248.0	2565.0	100.0	165.0	128.0	161.0	9.0
3	1	8	-0.8769837970508664	0.8097523181135471	1.007173601147776	75562.0	2474.0	9259.0	248.0	165.0	5308.0	268.0	97.0	3076.0	2565.0	128.0	580.0	161.0	100.0	9.0
1	3	9	0.8796565139751582	0.18952267020831148	0.9957894736842106	76309.0	1727.0	5437.0	174.0	62.0	9429.0	158.0	85.0	3942.0	1736.0	91.0	658.0	66.0	112.0	14.0
1	9	3	-207.15910904114963	1.0	0.5010593220338984	76309.0	5437.0	1727.0	174.0	62.0	9429.0	3942.0	658.0	158.0	1736.0	66.0	85.0	91.0	112.0	14.0
3	1	9	-0.8759370361147981	0.8094679059145893	1.004264392324094	76309.0	1727.0	9429.0	158.0	85.0	5437.0	174.0	62.0	3942.0	1736.0	91.0	658.0	112.0	66.0	14.0
1	4	5	0.569383502273888	0.28454791930707013	0.9761904761904762	74453.0	3850.0	4869.0	412.0	125.0	9458.0	396.0	269.0	1052.0	4119.0	180.0	403.0	139.0	261.0	14.0
1	5	4	-22.775340090955588	1.0	0.5061728395061729	74453.0	4869.0	3850.0	412.0	125.0	9458.0	1052.0	403.0	396.0	4119.0	139.0	269.0	180.0	261.0	14.0
4	1	5	-0.5554960997794031	0.7107223410286514	1.0256410256410255	74453.0	3850.0	9458.0	396.0	269.0	4869.0	412.0	125.0	1052.0	4119.0	180.0	403.0	261.0	139.0	14.0
1	4	6	1.1375397397871325	0.12765641469412303	0.9852476290832455	75436.0	2867.0	4982.0	321.0	103.0	9635.0	293.0	195.0	2163.0	3052.0	136.0	515.0	105.0	183.0	14.0
1	6	4	-74.83386431028198	1.0	0.5037715517241379	75436.0	4982.0	2867.0	321.0	103.0	9635.0	2163.0	515.0	293.0	3052.0	105.0	195.0	136.0	183.0	14.0
4	1	6	-1.1205070591913893	0.8687510771418526	1.0154355016538037	75436.0	2867.0	9635.0	293.0	195.0	4982.0	321.0	103.0	2163.0	3052.0	136.0	515.0	183.0	105.0	14.0
1	4	7	0.7332273037622162	0.23170983342726648	0.9904761904761905	75398.0	2905.0	4988.0	313.0	105.0	9653.0	295.0	175.0	2167.0	3036.0	148.0	515.0	106.0	184.0	12.0
1	7	4	-75.52241228750826	1.0	0.5024154589371981	75398.0	4988.0	2905.0	313.0	105.0	9653.0	2167.0	515.0	295.0	3036.0	106.0	175.0	148.0	184.0	12.0
4	1	7	-0.7261770412260411	0.7661349469994104	1.0098039215686274	75398.0	2905.0	9653.0	295.0	175.0	4988.0	313.0	105.0	2167.0	3036.0	148.0	515.0	184.0	106.0	12.0
1	4	8	1.8589120052287493	0.03151974451115036	0.982420278004906	75841.0	2462.0	5029.0	293.0	84.0	9705.0	250.0	168.0	2653.0	2577.0	121.0	557.0	86.0	166.0	8.0
1	8	4	-102.02400772883378	1.0	0.5045139617887886	75841.0	5029.0	2462.0	293.0	84.0	9705.0	2653.0	557.0	250.0	2577.0	86.0	168.0	121.0	166.0	8.0
4	1	8	-1.825648078376966	0.966048412365955	1.0185584807941304	75841.0	2462.0	9705.0	250.0	168.0	5029.0	293.0	84.0	2653.0	2577.0	121.0	557.0	166.0	86.0	8.0
1	4	9	0.6950312962481379	0.24351777574277156	0.9961447212336892	76581.0	1722.0	5165.0	182.0	59.0	9864.0	169.0	90.0	3528.0	1737.0	86.0	637.0	54.0	115.0	11.0
1	9	4	-178.89036286509753	1.0	0.5009694258016405	76581.0	5165.0	1722.0	182.0	59.0	9864.0	3528.0	637.0	169.0	1737.0	54.0	90.0	86.0	115.0	11.0
4	1	9	-0.6923413864978474	0.7556385857459242	1.003900390039004	76581.0	1722.0	9864.0	169.0	90.0	5165.0	182.0	59.0	3528.0	1737.0	86.0	637.0	115.0	54.0	11.0
1	5	6	0.7026978914729843	0.241121951918984	0.985996705107084	76414.0	2908.0	4004.0	305.0	78.0	10423.0	288.0	202.0	1485.0	3071.0	98.0	405.0	91.0	218.0	10.0
1	6	5	-48.775500702242425	1.0	0.5035759360538494	76414.0	4004.0	2908.0	305.0	78.0	10423.0	1485.0	405.0	288.0	3071.0	91.0	202.0	98.0	218.0	10.0
5	1	6	-0.6927180550861499	0.755756815373408	1.0146173688736027	76414.0	2908.0	10423.0	288.0	202.0	4004.0	305.0	78.0	1485.0	3071.0	98.0	405.0	218.0	91.0	10.0
1	5	7	1.274681129347821	0.10121113309403906	0.974817221770918	76395.0	2927.0	3991.0	318.0	78.0	10441.0	287.0	185.0	1487.0	3058.0	109.0	407.0	92.0	216.0	9.0
1	7	5	-48.06781420024526	1.0	0.5065428450823132	76395.0	3991.0	2927.0	318.0	78.0	10441.0	1487.0	407.0	287.0	3058.0	92.0	185.0	109.0	216.0	9.0
5	1	7	-1.241751866839669	0.8928358683719472	1.0272407732864675	76395.0	2927.0	10441.0	287.0	185.0	3991.0	318.0	78.0	1487.0	3058.0	109.0	407.0	216.0	92.0	9.0
1	5	8	1.3331567282185501	0.09124025321727847	0.9829835507657402	76817.0	2505.0	4053.0	272.0	62.0	10493.0	242.0	178.0	1975.0	2592.0	87.0	447.0	79.0	187.0	11.0
1	8	5	-75.67886360520629	1.0	0.5043655413271245	76817.0	4053.0	2505.0	272.0	62.0	10493.0	1975.0	447.0	242.0	2592.0	79.0	178.0	87.0	187.0	11.0
5	1	8	-1.3100784236331162	0.9049152794482537	1.017931858936043	76817.0	2505.0	10493.0	242.0	178.0	4053.0	272.0	62.0	1975.0	2592.0	87.0	447.0	187.0	79.0	11.0
1	5	9	2.2643492144865327	0.011776286534834757	0.9845928099779898	77603.0	1719.0	4143.0	195.0	49.0	10665.0	153.0	95.0	2837.0	1754.0	63.0	527.0	53.0	136.0	8.0
1	9	5	-142.4383482065099	1.0	0.503942921517086	77603.0	4143.0	1719.0	195.0	49.0	10665.0	2837.0	527.0	153.0	1754.0	53.0	95.0	63.0	136.0	8.0
5	1	9	-2.2289160300571607	0.9870902966522888	1.0161538461538462	77603.0	1719.0	10665.0	153.0	95.0	4143.0	195.0	49.0	2837.0	1754.0	63.0	527.0	136.0	53.0	8.0
1	6	7	0.43708687492386805	0.33102420481201555	0.0019880715705765406	79697.0	721.0	689.0	2573.0	29.0	12199.0	63.0	51.0	68.0	3362.0	20.0	68.0	12.0	446.0	2.0
1	7	6	-99999.9	1.0	-0.002	79697.0	689.0	721.0	2573.0	29.0	12199.0	68.0	68.0	63.0	3362.0	12.0	51.0	20.0	446.0	2.0
6	1	7	-218.98052433685865	1.0	0.4995014955134596	79697.0	721.0	12199.0	63.0	51.0	689.0	2573.0	29.0	68.0	3362.0	20.0	68.0	446.0	12.0	2.0
1	6	8	1.4757739967412853	0.07000232326747324	0.940754039497307	77902.0	2516.0	2968.0	280.0	43.0	11868.0	247.0	198.0	771.0	2619.0	60.0	276.0	47.0	202.0	3.0
1	8	6	-21.957728254544573	1.0	0.516256157635468	77902.0	2968.0	2516.0	280.0	43.0	11868.0	771.0	276.0	247.0	2619.0	47.0	198.0	60.0	202.0	3.0
6	1	8	-1.3828340312976548	0.9166420613823747	1.0720524017467248	77902.0	2516.0	11868.0	247.0	198.0	2968.0	280.0	43.0	771.0	2619.0	60.0	276.0	202.0	47.0	3.0
1	6	9	0.9306778928751975	0.17601008684160313	0.988628762541806	78664.0	1754.0	3082.0	177.0	32.0	12046.0	160.0	107.0	1638.0	1764.0	48.0	345.0	36.0	139.0	8.0
1	9	6	-79.98355302886249	1.0	0.502892140183736	78664.0	3082.0	1754.0	177.0	32.0	12046.0	1638.0	345.0	160.0	1764.0	36.0	107.0	48.0	139.0	8.0
6	1	9	-0.9199732080451039	0.8212066415446233	1.0117728531855956	78664.0	1754.0	12046.0	160.0	107.0	3082.0	177.0	32.0	1638.0	1764.0	48.0	345.0	139.0	36.0	8.0
1	7	8	2.0123178030074946	0.0220931547196761	0.9199288256227758	77880.0	2506.0	2990.0	290.0	43.0	11893.0	245.0	197.0	762.0	2613.0	62.0	260.0	55.0	201.0	3.0
1	8	7	-21.106977844878596	1.0	0.5227502527805864	77880.0	2990.0	2506.0	290.0	43.0	11893.0	762.0	260.0	245.0	2613.0	55.0	197.0	62.0	201.0	3.0
7	1	8	-1.8371644158985247	0.9669072450263971	1.1053864168618266	77880.0	2506.0	11893.0	245.0	197.0	2990.0	290.0	43.0	762.0	2613.0	62.0	260.0	201.0	55.0	3.0
1	7	9	1.8133964994652945	0.034885289819381216	0.978029294274301	78638.0	1748.0	3108.0	185.0	30.0	12075.0	152.0	108.0	1621.0	1769.0	47.0	333.0	39.0	140.0	7.0
1	9	7	-78.91022343127767	1.0	0.5056798623063683	78638.0	3108.0	1748.0	185.0	30.0	12075.0	1621.0	333.0	152.0	1769.0	39.0	108.0	47.0	140.0	7.0
7	1	9	-1.7726598864752643	0.961857505969774	1.0235210263720598	78638.0	1748.0	12075.0	152.0	108.0	3108.0	185.0	30.0	1621.0	1769.0	47.0	333.0	140.0	39.0	7.0
1	8	9	1.39336460259068	0.08175483791502103	0.9742002063983488	79113.0	1757.0	2633.0	177.0	29.0	12652.0	152.0	111.0	1096.0	1782.0	35.0	281.0	26.0	152.0	4.0
1	9	8	-51.22008279123338	1.0	0.5067096081588834	79113.0	2633.0	1757.0	177.0	29.0	12652.0	1096.0	281.0	152.0	1782.0	26.0	111.0	35.0	152.0	4.0
8	1	9	-1.3564640569712236	0.9125241558957256	1.0279642058165548	79113.0	1757.0	12652.0	152.0	111.0	2633.0	177.0	29.0	1096.0	1782.0	35.0	281.0	152.0	26.0	4.0
2	3	4	-0.38531333081050373	0.6499973019923331	1.0268948655256724	75247.0	4856.0	5126.0	391.0	158.0	6969.0	402.0	234.0	822.0	4841.0	206.0	262.0	199.0	273.0	14.0
2	4	3	-15.09727687084794	1.0	0.49353701527614574	75247.0	5126.0	4856.0	391.0	158.0	6969.0	822.0	262.0	402.0	4841.0	199.0	234.0	206.0	273.0	14.0
3	2	4	0.3954048704269693	0.34627210874558445	0.9751131221719457	75247.0	4856.0	6969.0	402.0	234.0	5126.0	391.0	158.0	822.0	4841.0	206.0	262.0	273.0	199.0	14.0
2	3	5	0.07709819586842714	0.469272646356506	0.9982578397212544	76126.0	3977.0	5212.0	338.0	125.0	7085.0	336.0	184.0	1482.0	4203.0	184.0	330.0	175.0	229.0	14.0
2	5	3	-44.10016803674021	1.0	0.5004366812227073	76126.0	5212.0	3977.0	338.0	125.0	7085.0	1482.0	330.0	336.0	4203.0	175.0	184.0	184.0	229.0	14.0
3	2	5	-0.07696364404317685	0.5306738342905759	1.001751313485114	76126.0	3977.0	7085.0	336.0	184.0	5212.0	338.0	125.0	1482.0	4203.0	184.0	330.0	229.0	175.0	14.0
2	3	6	-1.4742554891431754	0.9297935557977819	1.0142364106988784	77120.0	2983.0	5344.0	230.0	101.0	7217.0	263.0	125.0	2614.0	3095.0	160.0	436.0	131.0	173.0	8.0
2	6	3	-106.50379048840401	1.0	0.49651531151003164	77120.0	5344.0	2983.0	230.0	101.0	7217.0	2614.0	436.0	263.0	3095.0	131.0	125.0	160.0	173.0	8.0
3	2	6	1.4949489945203445	0.0674639082255214	0.9863467107985106	77120.0	2983.0	7217.0	263.0	125.0	5344.0	230.0	101.0	2614.0	3095.0	160.0	436.0	173.0	131.0	8.0
2	3	7	-1.3737553196911216	0.915241112382044	1.0128314798973481	77091.0	3012.0	5344.0	220.0	111.0	7230.0	250.0	125.0	2618.0	3087.0	164.0	438.0	130.0	169.0	11.0
2	7	3	-109.80884188731032	1.0	0.4968527066722619	77091.0	5344.0	3012.0	220.0	111.0	7230.0	2618.0	438.0	250.0	3087.0	130.0	125.0	164.0	169.0	11.0
3	2	7	1.3911593144507222	0.08208861711441251	0.9876441515650741	77091.0	3012.0	7230.0	250.0	125.0	5344.0	220.0	111.0	2618.0	3087.0	164.0	438.0	169.0	130.0	11.0
2	3	8	-1.221052323766756	0.8889668283730102	1.008799718409011	77558.0	2545.0	5386.0	195.0	94.0	7263.0	220.0	122.0	3086.0	2657.0	126.0	492.0	101.0	142.0	13.0
2	8	3	-141.2024907203875	1.0	0.49782873024144525	77558.0	5386.0	2545.0	195.0	94.0	7263.0	3086.0	492.0	220.0	2657.0	101.0	122.0	126.0	142.0	13.0
3	2	8	1.2317035129133607	0.10902999625029897	0.9914266117969822	77558.0	2545.0	7263.0	220.0	122.0	5386.0	195.0	94.0	3086.0	2657.0	126.0	492.0	142.0	101.0	13.0
2	3	9	0.47677486471528824	0.3167612341285895	0.9979274611398964	78361.0	1742.0	5474.0	145.0	56.0	7377.0	137.0	91.0	3989.0	1785.0	95.0	574.0	73.0	92.0	9.0
2	9	3	-229.0903224956962	1.0	0.5005197505197505	78361.0	5474.0	1742.0	145.0	56.0	7377.0	3989.0	574.0	137.0	1785.0	73.0	91.0	95.0	92.0	9.0
3	2	9	-0.4757846780803655	0.6828860950200248	1.0020855057351408	78361.0	1742.0	7377.0	137.0	91.0	5474.0	145.0	56.0	3989.0	1785.0	95.0	574.0	92.0	73.0	9.0
2	4	5	-0.15408090976165265	0.5612270434626193	1.0056657223796035	76390.0	3983.0	4948.0	333.0	124.0	7521.0	337.0	195.0	1047.0	4228.0	167.0	329.0	149.0	231.0	18.0
2	5	4	-27.503442392454925	1.0	0.49859550561797755	76390.0	4948.0	3983.0	333.0	124.0	7521.0	1047.0	329.0	337.0	4228.0	149.0	195.0	167.0	231.0	18.0
4	2	5	0.15494897122509857	0.43843076032990425	0.9944289693593314	76390.0	3983.0	7521.0	337.0	195.0	4948.0	333.0	124.0	1047.0	4228.0	167.0	329.0	231.0	149.0	18.0
2	4	6	-0.13031893867914993	0.5518429858977422	1.001571503404924	77420.0	2953.0	5044.0	263.0	98.0	7651.0	266.0	136.0	2178.0	3119.0	145.0	438.0	104.0	174.0	11.0
2	6	4	-83.18692252352382	1.0	0.49960804807943565	77420.0	5044.0	2953.0	263.0	98.0	7651.0	2178.0	438.0	266.0	3119.0	104.0	136.0	145.0	174.0	11.0
4	2	6	0.13052341400134526	0.4480761312545305	0.9984358706986444	77420.0	2953.0	7651.0	266.0	136.0	5044.0	263.0	98.0	2178.0	3119.0	145.0	438.0	174.0	104.0	11.0
2	4	7	0.044418631606269195	0.48228529053542535	0.9994824016563147	77388.0	2985.0	5047.0	254.0	104.0	7663.0	253.0	137.0	2184.0	3108.0	150.0	439.0	106.0	171.0	11.0
2	7	4	-85.72795900009933	1.0	0.5001295001295001	77388.0	5047.0	2985.0	254.0	104.0	7663.0	2184.0	439.0	253.0	3108.0	106.0	137.0	150.0	171.0	11.0
4	2	7	-0.04439562868984959	0.5177055416599896	1.0005184033177812	77388.0	2985.0	7663.0	253.0	137.0	5047.0	254.0	104.0	2184.0	3108.0	150.0	439.0	171.0	106.0	11.0
2	4	8	-0.09402271993611784	0.5374545062221447	1.000821692686935	77854.0	2519.0	5090.0	225.0	90.0	7692.0	227.0	134.0	2663.0	2665.0	114.0	486.0	86.0	146.0	9.0
2	8	4	-114.61369560212985	1.0	0.4997948297086582	77854.0	5090.0	2519.0	225.0	90.0	7692.0	2663.0	486.0	227.0	2665.0	86.0	134.0	114.0	146.0	9.0
4	2	8	0.09409991428746112	0.4625148336633873	0.9991803278688525	77854.0	2519.0	7692.0	227.0	134.0	5090.0	225.0	90.0	2663.0	2665.0	114.0	486.0	146.0	86.0	9.0
2	4	9	0.058220874799587846	0.4767862773187854	0.9997064004697592	78637.0	1736.0	5198.0	148.0	59.0	7808.0	147.0	98.0	3552.0	1798.0	92.0	580.0	50.0	88.0	9.0
2	9	4	-198.18385781779654	1.0	0.5000734322220589	78637.0	5198.0	1736.0	148.0	59.0	7808.0	3552.0	580.0	147.0	1798.0	50.0	98.0	92.0	88.0	9.0
4	2	9	-0.05820377615794332	0.5232069128556437	1.0002938583602703	78637.0	1736.0	7808.0	147.0	98.0	5198.0	148.0	59.0	3552.0	1798.0	92.0	580.0	88.0	50.0	9.0
2	5	6	-0.7521635367442044	0.7740237084008841	1.014394580863675	78346.0	2992.0	4118.0	243.0	79.0	8491.0	260.0	146.0	1458.0	3148.0	108.0	318.0	81.0	203.0	9.0
2	6	5	-53.757570420247546	1.0	0.4964774140074596	78346.0	4118.0	2992.0	243.0	79.0	8491.0	1458.0	318.0	260.0	3148.0	81.0	146.0	108.0	203.0	9.0
5	2	6	0.7628369759133625	0.22278024668835672	0.9862012987012987	78346.0	2992.0	8491.0	260.0	146.0	4118.0	243.0	79.0	1458.0	3148.0	108.0	318.0	203.0	81.0	9.0
2	5	7	0.403486133211127	0.34329536472931177	0.9926289926289926	78330.0	3008.0	4105.0	255.0	80.0	8506.0	246.0	145.0	1458.0	3140.0	116.0	322.0	81.0	197.0	11.0
2	7	5	-53.93264647255383	1.0	0.5018633540372671	78330.0	4105.0	3008.0	255.0	80.0	8506.0	1458.0	322.0	246.0	3140.0	81.0	145.0	116.0	197.0	11.0
5	2	7	-0.4004899490536186	0.6556021084715777	1.0075376884422111	78330.0	3008.0	8506.0	246.0	145.0	4105.0	255.0	80.0	1458.0	3140.0	116.0	322.0	197.0	81.0	11.0
2	5	8	-0.6236018114897792	0.7335554953364803	1.007620164126612	78783.0	2555.0	4161.0	209.0	70.0	8527.0	222.0	148.0	1941.0	2684.0	89.0	373.0	72.0	158.0	8.0
2	8	5	-83.08294903848426	1.0	0.49811648797450014	78783.0	4161.0	2555.0	209.0	70.0	8527.0	1941.0	373.0	222.0	2684.0	72.0	148.0	89.0	158.0	8.0
5	2	8	0.6283178228623023	0.264897822159856	0.9925501432664756	78783.0	2555.0	8527.0	222.0	148.0	4161.0	209.0	70.0	1941.0	2684.0	89.0	373.0	158.0	72.0	8.0
2	5	9	1.8188803252144805	0.034464789403837015	0.9886405276658117	79604.0	1734.0	4231.0	162.0	47.0	8664.0	131.0	102.0	2829.0	1815.0	70.0	447.0	49.0	108.0	7.0
2	9	5	-156.48238152732318	1.0	0.5028890959925443	79604.0	4231.0	1734.0	162.0	47.0	8664.0	2829.0	447.0	131.0	1815.0	49.0	102.0	70.0	108.0	7.0
5	2	9	-1.7979814037609416	0.9639100745596273	1.0117602427921093	79604.0	1734.0	8664.0	131.0	102.0	4231.0	162.0	47.0	2829.0	1815.0	70.0	447.0	108.0	49.0	7.0
2	6	7	1.823464249059946	0.034116497104679344	0.00745975657636435	81721.0	743.0	714.0	2573.0	27.0	10175.0	45.0	47.0	64.0	3407.0	18.0	47.0	15.0	401.0	3.0
2	7	6	-99999.9	1.0	-0.007630522088353414	81721.0	714.0	743.0	2573.0	27.0	10175.0	64.0	47.0	45.0	3407.0	15.0	47.0	18.0	401.0	3.0
6	2	7	-240.79325267849526	1.0	0.49811395672027003	81721.0	743.0	10175.0	45.0	47.0	714.0	2573.0	27.0	64.0	3407.0	18.0	47.0	401.0	15.0	3.0
2	6	8	-0.3302002227208489	0.6293755925478743	1.0138067061143985	79890.0	2574.0	3054.0	218.0	42.0	9880.0	225.0	162.0	739.0	2698.0	52.0	222.0	55.0	185.0	4.0
2	8	6	-24.576330862508836	1.0	0.4966183574879227	79890.0	3054.0	2574.0	218.0	42.0	9880.0	739.0	222.0	225.0	2698.0	55.0	162.0	52.0	185.0	4.0
6	2	8	0.3346971129135453	0.3689268574479977	0.9867424242424242	79890.0	2574.0	9880.0	225.0	162.0	3054.0	218.0	42.0	739.0	2698.0	52.0	222.0	185.0	55.0	4.0
2	6	9	0.17911030084785934	0.42892555507653807	0.997979797979798	80698.0	1766.0	3137.0	142.0	35.0	10012.0	139.0	116.0	1621.0	1818.0	50.0	307.0	38.0	120.0	1.0
2	9	6	-88.30137831799439	1.0	0.5005065856129686	80698.0	3137.0	1766.0	142.0	35.0	10012.0	1621.0	307.0	139.0	1818.0	38.0	116.0	50.0	120.0	1.0
6	2	9	-0.17874772938865316	0.5709320971590681	1.0020325203252032	80698.0	1766.0	10012.0	139.0	116.0	3137.0	142.0	35.0	1621.0	1818.0	50.0	307.0	120.0	38.0	1.0
2	7	8	0.23762726713460983	0.40608514906384885	0.9900199600798403	79868.0	2567.0	3076.0	226.0	41.0	9905.0	221.0	160.0	717.0	2695.0	55.0	219.0	62.0	183.0	5.0
2	8	7	-23.334997632618823	1.0	0.502532928064843	79868.0	3076.0	2567.0	226.0	41.0	9905.0	717.0	219.0	221.0	2695.0	62.0	160.0	55.0	183.0	5.0
7	2	8	-0.23523183097397865	0.5929855514999594	1.0102880658436213	79868.0	2567.0	9905.0	221.0	160.0	3076.0	226.0	41.0	717.0	2695.0	55.0	219.0	183.0	62.0	5.0
2	7	9	1.0698805817438517	0.14233656739474843	0.9878213802435724	80677.0	1758.0	3158.0	152.0	33.0	10036.0	134.0	116.0	1594.0	1823.0	50.0	310.0	38.0	119.0	2.0
2	9	7	-85.70932215970187	1.0	0.5031013094417643	80677.0	3158.0	1758.0	152.0	33.0	10036.0	1594.0	310.0	134.0	1823.0	38.0	116.0	50.0	119.0	2.0
7	2	9	-1.0566902732018042	0.8546734865267859	1.0126404494382022	80677.0	1758.0	10036.0	134.0	116.0	3158.0	152.0	33.0	1594.0	1823.0	50.0	310.0	119.0	38.0	2.0
2	8	9	0.8637832372050054	0.1938534469153148	0.9856704196519959	81171.0	1773.0	2664.0	140.0	30.0	10594.0	126.0	121.0	1089.0	1848.0	41.0	257.0	21.0	123.0	2.0
2	9	8	-58.55216372196776	1.0	0.5036610878661087	81171.0	2664.0	1773.0	140.0	30.0	10594.0	1089.0	257.0	126.0	1848.0	21.0	121.0	41.0	123.0	2.0
8	2	9	-0.851225640817809	0.8026780351572856	1.0149732620320855	81171.0	1773.0	10594.0	126.0	121.0	2664.0	140.0	30.0	1089.0	1848.0	41.0	257.0	123.0	21.0	2.0
3	4	5	-0.367795765332639	0.6434871758528836	1.0126227208976157	78136.0	4080.0	5075.0	291.0	126.0	5775.0	300.0	135.0	1022.0	4315.0	168.0	227.0	155.0	186.0	9.0
3	5	4	-29.873189384239957	1.0	0.4969029593943565	78136.0	5075.0	4080.0	291.0	126.0	5775.0	1022.0	227.0	300.0	4315.0	155.0	135.0	168.0	186.0	9.0
4	3	5	0.372380477088863	0.35480485309361454	0.9878378378378379	78136.0	4080.0	5775.0	300.0	135.0	5075.0	291.0	126.0	1022.0	4315.0	168.0	227.0	186.0	155.0	9.0
3	4	6	1.2326437300703157	0.10885442479618046	0.9869477911646586	79178.0	3038.0	5159.0	238.0	95.0	5893.0	212.0	105.0	2178.0	3178.0	149.0	323.0	108.0	140.0	6.0
3	6	4	-91.97418601293886	1.0	0.5033282130056324	79178.0	5159.0	3038.0	238.0	95.0	5893.0	2178.0	323.0	212.0	3178.0	108.0	105.0	149.0	140.0	6.0
4	3	6	-1.2163422361833225	0.8880726442438657	1.013584117032393	79178.0	3038.0	5893.0	212.0	105.0	5159.0	238.0	95.0	2178.0	3178.0	149.0	323.0	140.0	108.0	6.0
3	4	7	1.2135600518877505	0.11245795106979084	0.9875435974090683	79159.0	3057.0	5162.0	227.0	103.0	5892.0	202.0	116.0	2184.0	3166.0	155.0	324.0	108.0	140.0	5.0
3	7	4	-94.99748086177324	1.0	0.5031733942625032	79159.0	5162.0	3057.0	227.0	103.0	5892.0	2184.0	324.0	202.0	3166.0	108.0	116.0	155.0	140.0	5.0
4	3	7	-1.198252785844767	0.8845906247960388	1.0129399585921326	79159.0	3057.0	5892.0	202.0	116.0	5162.0	227.0	103.0	2184.0	3166.0	155.0	324.0	140.0	108.0	5.0
3	4	8	0.7605845773898848	0.2234525504359398	0.9940286624203821	79626.0	2590.0	5195.0	203.0	94.0	5920.0	188.0	102.0	2685.0	2712.0	108.0	359.0	94.0	121.0	3.0
3	8	4	-125.85139473877953	1.0	0.5015063265716007	79626.0	5195.0	2590.0	203.0	94.0	5920.0	2685.0	359.0	188.0	2712.0	94.0	102.0	108.0	121.0	3.0
4	3	8	-0.7560155871372425	0.7751801421263254	1.006080259424402	79626.0	2590.0	5920.0	188.0	102.0	5195.0	203.0	94.0	2685.0	2712.0	108.0	359.0	121.0	94.0	3.0
3	4	9	-0.4378032369451669	0.6692355061711781	1.0020272227048943	80431.0	1785.0	5307.0	124.0	61.0	6014.0	131.0	65.0	3591.0	1831.0	83.0	432.0	60.0	79.0	6.0
3	9	4	-216.83768892698512	1.0	0.49949473076367834	80431.0	5307.0	1785.0	124.0	61.0	6014.0	3591.0	432.0	131.0	1831.0	60.0	65.0	83.0	79.0	6.0
4	3	9	0.4386889660372525	0.3304434928560478	0.9979850316637882	80431.0	1785.0	6014.0	131.0	65.0	5307.0	124.0	61.0	3591.0	1831.0	83.0	432.0	79.0	60.0	6.0
3	5	6	0.6277399769196071	0.2650870892996485	0.9896083133493205	80137.0	3074.0	4200.0	223.0	74.0	6700.0	210.0	114.0	1448.0	3209.0	113.0	246.0	79.0	162.0	11.0
3	6	5	-59.15242090203977	1.0	0.5026390580592773	80137.0	4200.0	3074.0	223.0	74.0	6700.0	1448.0	246.0	210.0	3209.0	79.0	114.0	113.0	162.0	11.0
5	3	6	-0.6211482001021962	0.7327489959479261	1.0107260726072607	80137.0	3074.0	6700.0	210.0	114.0	4200.0	223.0	74.0	1448.0	3209.0	113.0	246.0	162.0	79.0	11.0
3	5	7	1.8204027373186922	0.03434879203642205	0.9712732919254659	80126.0	3085.0	4195.0	230.0	72.0	6710.0	193.0	121.0	1444.0	3203.0	123.0	246.0	80.0	159.0	13.0
3	7	5	-59.72888981364577	1.0	0.5075050709939147	80126.0	4195.0	3085.0	230.0	72.0	6710.0	1444.0	246.0	193.0	3203.0	80.0	121.0	123.0	159.0	13.0
5	3	7	-1.7665618889727355	0.96134923144562	1.0314358538657604	80126.0	3085.0	6710.0	193.0	121.0	4195.0	230.0	72.0	1444.0	3203.0	123.0	246.0	159.0	80.0	13.0
3	5	8	0.4734473823194306	0.3179470289890933	0.9949608062709966	80582.0	2629.0	4239.0	186.0	72.0	6728.0	177.0	119.0	1954.0	2736.0	80.0	282.0	81.0	129.0	6.0
3	8	5	-93.00610799341698	1.0	0.5012693935119887	80582.0	4239.0	2629.0	186.0	72.0	6728.0	1954.0	282.0	177.0	2736.0	81.0	119.0	80.0	129.0	6.0
5	3	8	-0.4710495058754942	0.6811972945770801	1.0051165434906197	80582.0	2629.0	6728.0	177.0	119.0	4239.0	186.0	72.0	1954.0	2736.0	80.0	282.0	129.0	81.0	6.0
3	5	9	1.4338024898945345	0.0758143642866127	0.9916485112563544	81430.0	1781.0	4308.0	141.0	48.0	6838.0	118.0	68.0	2849.0	1853.0	68.0	350.0	51.0	91.0	6.0
3	9	5	-168.81465837540844	1.0	0.5021143592572164	81430.0	4308.0	1781.0	141.0	48.0	6838.0	2849.0	350.0	118.0	1853.0	51.0	68.0	68.0	91.0	6.0
5	3	9	-1.421727258379495	0.922447228181648	1.0085661080074488	81430.0	1781.0	6838.0	118.0	68.0	4308.0	141.0	48.0	2849.0	1853.0	68.0	350.0	91.0	51.0	6.0
3	6	7	1.4524585207535536	0.0731871198765559	0.005798221878623889	83596.0	741.0	725.0	2618.0	28.0	8300.0	46.0	48.0	61.0	3416.0	21.0	39.0	14.0	347.0	0.0
3	7	6	-99999.9	1.0	-0.005900865460267506	83596.0	725.0	741.0	2618.0	28.0	8300.0	61.0	39.0	46.0	3416.0	14.0	48.0	21.0	347.0	0.0
6	3	7	-247.59576250445605	1.0	0.4985377266523689	83596.0	741.0	8300.0	46.0	48.0	725.0	2618.0	28.0	61.0	3416.0	21.0	39.0	347.0	14.0	0.0
3	6	8	0.9231648218255143	0.17796063870852363	0.9664179104477612	81697.0	2640.0	3124.0	205.0	42.0	8073.0	187.0	134.0	705.0	2745.0	48.0	186.0	62.0	151.0	1.0
3	8	6	-25.643467272930945	1.0	0.5088408644400786	81697.0	3124.0	2640.0	205.0	42.0	8073.0	705.0	186.0	187.0	2745.0	62.0	134.0	48.0	151.0	1.0
6	3	8	-0.891085735352813	0.8135584440302748	1.037344398340249	81697.0	2640.0	8073.0	187.0	134.0	3124.0	205.0	42.0	705.0	2745.0	48.0	186.0	151.0	62.0	1.0
3	6	9	-0.31497560211596753	0.6236098418570017	1.0034153005464481	82524.0	1813.0	3214.0	123.0	34.0	8186.0	128.0	80.0	1597.0	1854.0	47.0	254.0	40.0	103.0	3.0
3	9	6	-92.85480750378699	1.0	0.49915052667346244	82524.0	3214.0	1813.0	123.0	34.0	8186.0	1597.0	254.0	128.0	1854.0	40.0	80.0	47.0	103.0	3.0
6	3	9	0.31604767700404096	0.3759832290945475	0.9966193373901284	82524.0	1813.0	8186.0	128.0	80.0	3214.0	123.0	34.0	1597.0	1854.0	47.0	254.0	103.0	40.0	3.0
3	7	8	1.3891225693765172	0.08239779760303367	0.9488636363636364	81690.0	2631.0	3131.0	211.0	45.0	8083.0	184.0	133.0	685.0	2742.0	49.0	196.0	68.0	151.0	1.0
3	8	7	-24.386818440165538	1.0	0.5138461538461538	81690.0	3131.0	2631.0	211.0	45.0	8083.0	685.0	196.0	184.0	2742.0	68.0	133.0	49.0	151.0	1.0
7	3	8	-1.314259676416106	0.9056205170916057	1.0604026845637584	81690.0	2631.0	8083.0	184.0	133.0	3131.0	211.0	45.0	685.0	2742.0	49.0	196.0	151.0	68.0	1.0
3	7	9	0.6343315586017129	0.26293217390716483	0.9931459904043866	82514.0	1807.0	3224.0	130.0	33.0	8199.0	120.0	81.0	1569.0	1861.0	46.0	269.0	41.0	103.0	3.0
3	9	7	-91.2803112827864	1.0	0.5017313019390581	82514.0	3224.0	1807.0	130.0	33.0	8199.0	1569.0	269.0	120.0	1861.0	41.0	81.0	46.0	103.0	3.0
7	3	9	-0.6299538390806521	0.7356376643628244	1.006997900629811	82514.0	1807.0	8199.0	120.0	81.0	3224.0	130.0	33.0	1569.0	1861.0	46.0	269.0	103.0	41.0	3.0
3	8	9	0.19764539206943707	0.4216612818044807	0.9968586387434555	82999.0	1822.0	2739.0	117.0	31.0	8766.0	114.0	84.0	1066.0	1887.0	41.0	205.0	21.0	107.0	1.0
3	9	8	-62.5218256912989	1.0	0.5007890583903208	82999.0	2739.0	1822.0	117.0	31.0	8766.0	1066.0	205.0	114.0	1887.0	21.0	84.0	41.0	107.0	1.0
8	3	9	-0.19702255995157122	0.578095035693603	1.0031712473572938	82999.0	1822.0	8766.0	114.0	84.0	2739.0	117.0	31.0	1066.0	1887.0	41.0	205.0	107.0	21.0	1.0
4	5	6	-0.6519305693634477	0.7427770809977852	1.0108243130724397	80828.0	3083.0	4243.0	190.0	82.0	6009.0	203.0	112.0	1417.0	3270.0	105.0	234.0	83.0	134.0	7.0
4	6	5	-61.53221604684229	1.0	0.49733715690290864	80828.0	4243.0	3083.0	190.0	82.0	6009.0	1417.0	234.0	203.0	3270.0	83.0	112.0	105.0	134.0	7.0
5	4	6	0.6589117039612441	0.2549761707907221	0.989516129032258	80828.0	3083.0	6009.0	203.0	112.0	4243.0	190.0	82.0	1417.0	3270.0	105.0	234.0	134.0	83.0	7.0
4	5	7	0.5585707382175733	0.2882273265115881	0.9911075181891673	80819.0	3092.0	4232.0	201.0	82.0	6017.0	190.0	117.0	1416.0	3259.0	117.0	237.0	84.0	132.0	5.0
4	7	5	-61.6966769940319	1.0	0.5022531749283081	80819.0	4232.0	3092.0	201.0	82.0	6017.0	1416.0	237.0	190.0	3259.0	84.0	117.0	117.0	132.0	5.0
5	4	7	-0.5535590921161105	0.7100597142440477	1.0091362126245846	80819.0	3092.0	6017.0	190.0	117.0	4232.0	201.0	82.0	1416.0	3259.0	117.0	237.0	132.0	84.0	5.0
4	5	8	-0.628308245861084	0.7350990415575984	1.0069124423963134	81277.0	2634.0	4269.0	175.0	71.0	6033.0	187.0	104.0	1935.0	2771.0	86.0	271.0	78.0	105.0	4.0
4	8	5	-92.1518760596256	1.0	0.4982896237172178	81277.0	4269.0	2634.0	175.0	71.0	6033.0	1935.0	271.0	187.0	2771.0	78.0	104.0	86.0	105.0	4.0
5	4	8	0.6326215747800389	0.263490339178189	0.9932279909706546	81277.0	2634.0	6033.0	187.0	104.0	4269.0	175.0	71.0	1935.0	2771.0	86.0	271.0	105.0	78.0	4.0
4	5	9	1.9943210046482656	0.02305842345098008	0.9891696750902527	82112.0	1799.0	4333.0	129.0	53.0	6156.0	99.0	69.0	2839.0	1887.0	66.0	335.0	48.0	69.0	6.0
4	9	5	-180.15366408655987	1.0	0.5027522935779817	82112.0	4333.0	1799.0	129.0	53.0	6156.0	2839.0	335.0	99.0	1887.0	48.0	69.0	66.0	69.0	6.0
5	4	9	-1.9724853732105105	0.9757229570042909	1.0111940298507462	82112.0	1799.0	6156.0	99.0	69.0	4333.0	129.0	53.0	2839.0	1887.0	66.0	335.0	69.0	48.0	6.0
4	6	7	1.6706005523167382	0.04740028033356536	0.0062256809338521405	84317.0	754.0	734.0	2592.0	29.0	7579.0	38.0	43.0	54.0	3482.0	20.0	37.0	13.0	307.0	1.0
4	7	6	-99999.9	1.0	-0.006344171292624902	84317.0	734.0	754.0	2592.0	29.0	7579.0	54.0	37.0	38.0	3482.0	13.0	43.0	20.0	307.0	1.0
6	4	7	-264.9990126112435	1.0	0.49842890809112333	84317.0	754.0	7579.0	38.0	43.0	734.0	2592.0	29.0	54.0	3482.0	20.0	37.0	307.0	13.0	1.0
4	6	8	-0.3012151072776512	0.6183746963459145	1.0115830115830116	82427.0	2644.0	3119.0	193.0	43.0	7343.0	199.0	118.0	723.0	2781.0	52.0	173.0	56.0	127.0	2.0
4	8	6	-26.60733447619255	1.0	0.4971537001897533	82427.0	3119.0	2644.0	193.0	43.0	7343.0	723.0	173.0	199.0	2781.0	56.0	118.0	52.0	127.0	2.0
6	4	8	0.30466413522357855	0.3803110524828306	0.9888059701492538	82427.0	2644.0	7343.0	199.0	118.0	3119.0	193.0	43.0	723.0	2781.0	52.0	173.0	127.0	56.0	2.0
4	6	9	0.3945730429429136	0.3465790570831194	0.9960552268244576	83243.0	1828.0	3202.0	119.0	34.0	7467.0	113.0	80.0	1628.0	1882.0	46.0	235.0	39.0	79.0	5.0
4	9	6	-99.2351203001429	1.0	0.5009920634920636	83243.0	3202.0	1828.0	119.0	34.0	7467.0	1628.0	235.0	113.0	1882.0	39.0	80.0	46.0	79.0	5.0
6	4	9	-0.39301037742630807	0.6528440395374169	1.003992015968064	83243.0	1828.0	7467.0	113.0	80.0	3202.0	119.0	34.0	1628.0	1882.0	46.0	235.0	79.0	39.0	5.0
4	7	8	0.25211146878137947	0.40047750862619536	0.9902534113060428	82417.0	2634.0	3129.0	201.0	45.0	7356.0	196.0	118.0	704.0	2776.0	53.0	179.0	64.0	127.0	1.0
4	8	7	-25.36241375940671	1.0	0.5024727992087042	82417.0	3129.0	2634.0	201.0	45.0	7356.0	704.0	179.0	196.0	2776.0	64.0	118.0	53.0	127.0	1.0
7	4	8	-0.24963005668707453	0.5985632189515149	1.0100401606425702	82417.0	2634.0	7356.0	196.0	118.0	3129.0	201.0	45.0	704.0	2776.0	53.0	179.0	127.0	64.0	1.0
4	7	9	1.4464088232002332	0.07403132838898885	0.9854881266490765	83228.0	1823.0	3217.0	128.0	30.0	7485.0	106.0	79.0	1600.0	1887.0	46.0	245.0	41.0	79.0	6.0
4	9	7	-96.77789944321555	1.0	0.5037086985839515	83228.0	3217.0	1823.0	128.0	30.0	7485.0	1600.0	245.0	106.0	1887.0	41.0	79.0	46.0	79.0	6.0
7	4	9	-1.4251096303552497	0.9229371941783032	1.0151724137931035	83228.0	1823.0	7485.0	106.0	79.0	3217.0	128.0	30.0	1600.0	1887.0	46.0	245.0	79.0	41.0	6.0
4	8	9	0.9717500989003361	0.1655874420767004	0.9860418743768694	83709.0	1837.0	2736.0	112.0	32.0	8056.0	98.0	85.0	1087.0	1912.0	37.0	187.0	24.0	87.0	1.0
4	9	8	-67.67545331627348	1.0	0.5035641547861507	83709.0	2736.0	1837.0	112.0	32.0	8056.0	1087.0	187.0	98.0	1912.0	24.0	85.0	37.0	87.0	1.0
8	4	9	-0.9579942835468429	0.8309671860853581	1.0145681581685744	83709.0	1837.0	8056.0	98.0	85.0	2736.0	112.0	32.0	1087.0	1912.0	37.0	187.0	87.0	24.0	1.0
5	6	7	-99999.9	1.0	-0.0031372549019607846	86078.0	759.0	758.0	2609.0	31.0	5818.0	51.0	25.0	43.0	3530.0	21.0	24.0	11.0	242.0	0.0
5	7	6	0.8257638268076292	0.20446898513406075	0.0031080031080031076	86078.0	758.0	759.0	2609.0	31.0	5818.0	43.0	24.0	51.0	3530.0	11.0	25.0	21.0	242.0	0.0
6	5	7	-264.0379836217384	1.0	0.5007806401249024	86078.0	759.0	5818.0	51.0	25.0	758.0	2609.0	31.0	43.0	3530.0	21.0	24.0	242.0	11.0	0.0
5	6	8	0.860950324742188	0.19463265844003852	0.9730700179533214	84118.0	2719.0	3192.0	163.0	43.0	5652.0	148.0	94.0	690.0	2849.0	55.0	133.0	54.0	89.0	1.0
5	8	6	-30.24805474260885	1.0	0.5070159027128158	84118.0	3192.0	2719.0	163.0	43.0	5652.0	690.0	133.0	148.0	2849.0	54.0	94.0	55.0	89.0	1.0
6	5	8	-0.837123286234563	0.7987384142232063	1.029296875	84118.0	2719.0	5652.0	148.0	94.0	3192.0	163.0	43.0	690.0	2849.0	55.0	133.0	89.0	54.0	1.0
5	6	9	-1.8089919812485988	0.9647739293836366	1.01763907734057	84995.0	1842.0	3273.0	88.0	37.0	5715.0	114.0	65.0	1614.0	1934.0	46.0	178.0	37.0	58.0	4.0
5	9	6	-106.17391397636	1.0	0.495703899537343	84995.0	3273.0	1842.0	88.0	37.0	5715.0	1614.0	178.0	114.0	1934.0	37.0	65.0	46.0	58.0	4.0
6	5	9	1.840347842256908	0.03285853381373682	0.9832474226804123	84995.0	1842.0	5715.0	114.0	65.0	3273.0	88.0	37.0	1614.0	1934.0	46.0	178.0	58.0	37.0	4.0
5	7	8	1.509780590682926	0.06554973650225293	0.9546247818499127	84121.0	2715.0	3189.0	167.0	43.0	5652.0	141.0	92.0	688.0	2848.0	56.0	135.0	62.0	89.0	2.0
5	8	7	-30.253680297915547	1.0	0.5121722846441947	84121.0	3189.0	2715.0	167.0	43.0	5652.0	688.0	135.0	141.0	2848.0	62.0	92.0	56.0	89.0	2.0
7	5	8	-1.4380177106870284	0.9247854393162855	1.0525252525252524	84121.0	2715.0	5652.0	141.0	92.0	3189.0	167.0	43.0	688.0	2848.0	56.0	135.0	89.0	62.0	2.0
5	7	9	-0.7803246925138042	0.7824001728046803	1.0073825503355704	84997.0	1839.0	3271.0	93.0	35.0	5716.0	104.0	65.0	1605.0	1942.0	45.0	186.0	39.0	59.0	4.0
5	9	7	-107.25917591644303	1.0	0.4981745768337205	84997.0	3271.0	1839.0	93.0	35.0	5716.0	1605.0	186.0	104.0	1942.0	39.0	65.0	45.0	59.0	4.0
7	5	9	0.7860432612131059	0.21592100864182617	0.9927774130006566	84997.0	1839.0	5716.0	104.0	65.0	3271.0	93.0	35.0	1605.0	1942.0	45.0	186.0	59.0	39.0	4.0
5	8	9	-1.0808361832471816	0.8601149664287068	1.016008537886873	85460.0	1850.0	2808.0	87.0	30.0	6305.0	102.0	68.0	1054.0	1959.0	38.0	148.0	24.0	65.0	2.0
5	9	8	-69.6779059466682	1.0	0.49609171443460137	85460.0	2808.0	1850.0	87.0	30.0	6305.0	1054.0	148.0	102.0	1959.0	24.0	68.0	38.0	65.0	2.0
8	5	9	1.0978661651260762	0.13613151081193342	0.984725050916497	85460.0	1850.0	6305.0	102.0	68.0	2808.0	87.0	30.0	1054.0	1959.0	38.0	148.0	65.0	24.0	2.0
6	7	8	1.571325622320046	0.05805352468453928	0.9965419679346118	88980.0	2916.0	790.0	30.0	15.0	793.0	19.0	13.0	3189.0	3063.0	129.0	33.0	19.0	11.0	0.0
6	8	7	-451.256149173547	1.0	0.5008690156422816	88980.0	790.0	2916.0	30.0	15.0	793.0	3189.0	33.0	19.0	3063.0	19.0	13.0	129.0	11.0	0.0
7	6	8	-1.5658730728419639	0.9413108225053468	1.0034942820838628	88980.0	2916.0	793.0	19.0	13.0	790.0	30.0	15.0	3189.0	3063.0	129.0	33.0	11.0	19.0	0.0
6	7	9	2.532495428691059	0.005662713677647591	0.9964463397299218	89906.0	1990.0	804.0	25.0	6.0	807.0	10.0	8.0	4216.0	2059.0	106.0	42.0	11.0	10.0	0.0
6	9	7	-707.5792227762811	1.0	0.5008931761343337	89906.0	804.0	1990.0	25.0	6.0	807.0	4216.0	42.0	10.0	2059.0	11.0	8.0	106.0	10.0	0.0
7	6	9	-2.5234637046229738	0.9941897276572687	1.0035919540229885	89906.0	1990.0	807.0	10.0	8.0	804.0	25.0	6.0	4216.0	2059.0	106.0	42.0	10.0	11.0	0.0
6	8	9	0.8424633221745638	0.1997642819476675	0.9901283316880553	87853.0	1917.0	2857.0	76.0	28.0	3912.0	66.0	37.0	1069.0	1990.0	42.0	84.0	24.0	45.0	0.0
6	9	8	-83.65660789193412	1.0	0.50250501002004	87853.0	2857.0	1917.0	76.0	28.0	3912.0	1069.0	84.0	66.0	1990.0	24.0	37.0	42.0	45.0	0.0
8	6	9	-0.8340638872575691	0.7978775594991421	1.0101729399796542	87853.0	1917.0	3912.0	66.0	37.0	2857.0	76.0	28.0	1069.0	1990.0	42.0	84.0	45.0	24.0	0.0
7	8	9	-0.3396549839037939	0.63294175002906	1.0040363269424823	87861.0	1912.0	2852.0	67.0	29.0	3904.0	71.0	37.0	1066.0	1998.0	40.0	92.0	25.0	46.0	0.0
7	9	8	-84.82883222997258	1.0	0.4989969909729187	87861.0	2852.0	1912.0	67.0	29.0	3904.0	1066.0	92.0	71.0	1998.0	25.0	37.0	40.0	46.0	0.0
8	7	9	0.3410204310752664	0.36654416725389316	0.996011964107677	87861.0	1912.0	3904.0	71.0	37.0	2852.0	67.0	29.0	1066.0	1998.0	40.0	92.0	46.0	25.0	0.0
