P1	Hybrid	P2	Zscore	Pvalue	Gamma	AAAA	AAAB	AABA	AABB	AABC	ABAA	ABAB	ABAC	ABBA	BAAA	ABBC	CABC	BACA	BCAA	ABCD
1	2	3	-0.6053312774819796	0.7275205982474069	1.0392156862745099	7366.0	383.0	625.0	44.0	24.0	805.0	50.0	26.0	209.0	369.0	22.0	48.0	11.0	15.0	3.0
1	3	2	-16.646610130754443	1.0	0.49074074074074076	7366.0	625.0	383.0	44.0	24.0	805.0	209.0	48.0	50.0	369.0	11.0	26.0	22.0	15.0	3.0
2	1	3	0.6281739671982808	0.264944934092886	0.9649122807017544	7366.0	383.0	805.0	50.0	26.0	625.0	44.0	24.0	209.0	369.0	22.0	48.0	15.0	11.0	3.0
1	2	4	-0.23436415128625807	0.5926488093139685	1.0095238095238095	7412.0	337.0	640.0	35.0	18.0	825.0	37.0	19.0	249.0	336.0	15.0	53.0	10.0	14.0	0.0
1	4	2	-25.076964187629653	1.0	0.49765258215962443	7412.0	640.0	337.0	35.0	18.0	825.0	249.0	53.0	37.0	336.0	10.0	19.0	15.0	14.0	0.0
2	1	4	0.2365751338455624	0.4064932549465876	0.9907407407407407	7412.0	337.0	825.0	37.0	19.0	640.0	35.0	18.0	249.0	336.0	15.0	53.0	14.0	10.0	0.0
1	2	5	1.4036787401053548	0.08020732182392343	0.9583333333333334	7424.0	325.0	640.0	37.0	16.0	841.0	26.0	14.0	279.0	301.0	20.0	55.0	9.0	13.0	0.0
1	5	2	-30.880932282317826	1.0	0.5111111111111111	7424.0	640.0	325.0	37.0	16.0	841.0	279.0	55.0	26.0	301.0	9.0	14.0	20.0	13.0	0.0
2	1	5	-1.3426492296659918	0.910307145268643	1.0476190476190477	7424.0	325.0	841.0	26.0	14.0	640.0	37.0	16.0	279.0	301.0	20.0	55.0	13.0	9.0	0.0
1	2	6	0.3794377156674434	0.35218148092808854	0.9896907216494846	7466.0	283.0	650.0	33.0	10.0	833.0	30.0	18.0	318.0	266.0	16.0	58.0	8.0	10.0	1.0
1	6	2	-36.04658298840717	1.0	0.5026178010471204	7466.0	650.0	283.0	33.0	10.0	833.0	318.0	58.0	30.0	266.0	8.0	18.0	16.0	10.0	1.0
2	1	6	-0.37548523946257417	0.6463501306470226	1.0106382978723405	7466.0	283.0	833.0	30.0	18.0	650.0	33.0	10.0	318.0	266.0	16.0	58.0	10.0	8.0	1.0
1	2	7	-0.2528297250769193	0.5998000455417433	1.0071942446043165	7463.0	286.0	649.0	30.0	14.0	833.0	32.0	16.0	312.0	270.0	18.0	57.0	8.0	11.0	1.0
1	7	2	-35.64899123584568	1.0	0.49822064056939497	7463.0	649.0	286.0	30.0	14.0	833.0	312.0	57.0	32.0	270.0	8.0	16.0	18.0	11.0	1.0
2	1	7	0.25463565168461155	0.39950231723924645	0.9929577464788732	7463.0	286.0	833.0	32.0	16.0	649.0	30.0	14.0	312.0	270.0	18.0	57.0	11.0	8.0	1.0
1	2	8	-0.28747915577919114	0.6131272034552198	1.005763688760807	7534.0	215.0	660.0	23.0	10.0	845.0	25.0	11.0	374.0	217.0	9.0	59.0	8.0	9.0	1.0
1	8	2	-50.45259183924799	1.0	0.4985714285714286	7534.0	660.0	215.0	23.0	10.0	845.0	374.0	59.0	25.0	217.0	8.0	11.0	9.0	9.0	1.0
2	1	8	0.2891266007979831	0.38624231585328916	0.9943342776203966	7534.0	215.0	845.0	25.0	11.0	660.0	23.0	10.0	374.0	217.0	9.0	59.0	9.0	8.0	1.0
1	2	9	-0.3520828817586887	0.6376118823338107	1.0046511627906978	7610.0	139.0	669.0	15.0	9.0	855.0	17.0	9.0	449.0	139.0	12.0	68.0	5.0	3.0	1.0
1	9	2	-76.40198534163545	1.0	0.4988452655889145	7610.0	669.0	139.0	15.0	9.0	855.0	449.0	68.0	17.0	139.0	5.0	9.0	12.0	3.0	1.0
2	1	9	0.35371289510016407	0.36177709321573803	0.9954128440366973	7610.0	139.0	855.0	17.0	9.0	669.0	15.0	9.0	449.0	139.0	12.0	68.0	3.0	5.0	1.0
1	3	4	0.23323511958140156	0.4077894647843441	0.9642857142857143	7643.0	348.0	409.0	39.0	3.0	1002.0	37.0	23.0	91.0	333.0	6.0	34.0	13.0	18.0	1.0
1	4	3	-6.064113109116439	0.9999999993340987	0.509433962264151	7643.0	409.0	348.0	39.0	3.0	1002.0	91.0	34.0	37.0	333.0	13.0	23.0	6.0	18.0	1.0
3	1	4	-0.22459678181912743	0.5888534740388454	1.04	7643.0	348.0	1002.0	37.0	23.0	409.0	39.0	3.0	91.0	333.0	6.0	34.0	18.0	13.0	1.0
1	3	5	-0.4872226127914412	0.6869497034759358	1.0459770114942528	7654.0	337.0	410.0	30.0	11.0	1012.0	34.0	16.0	125.0	292.0	13.0	38.0	10.0	17.0	1.0
1	5	3	-11.571537053796737	1.0	0.489247311827957	7654.0	410.0	337.0	30.0	11.0	1012.0	125.0	38.0	34.0	292.0	10.0	16.0	13.0	17.0	1.0
3	1	5	0.5086389913756804	0.30550264045089914	0.9595959595959596	7654.0	337.0	1012.0	34.0	16.0	410.0	30.0	11.0	125.0	292.0	13.0	38.0	17.0	10.0	1.0
1	3	6	-0.8798571368697936	0.810531682863198	1.0578512396694215	7694.0	297.0	422.0	26.0	3.0	1006.0	33.0	23.0	161.0	262.0	7.0	42.0	9.0	14.0	1.0
1	6	3	-16.968673353917467	1.0	0.4866920152091255	7694.0	422.0	297.0	26.0	3.0	1006.0	161.0	42.0	33.0	262.0	9.0	23.0	7.0	14.0	1.0
3	1	6	0.9279743240423605	0.17671042575213747	0.9507042253521126	7694.0	297.0	1006.0	33.0	23.0	422.0	26.0	3.0	161.0	262.0	7.0	42.0	14.0	9.0	1.0
1	3	7	-1.4187940145176814	0.9220204102914464	1.1121495327102804	7691.0	300.0	421.0	25.0	5.0	1004.0	37.0	21.0	156.0	264.0	10.0	42.0	9.0	14.0	1.0
1	7	3	-15.488501325151363	1.0	0.47600000000000003	7691.0	421.0	300.0	25.0	5.0	1004.0	156.0	42.0	37.0	264.0	9.0	21.0	10.0	14.0	1.0
3	1	7	1.5618656798471953	0.059159828807484605	0.916083916083916	7691.0	300.0	1004.0	37.0	21.0	421.0	25.0	5.0	156.0	264.0	10.0	42.0	14.0	9.0	1.0
1	3	8	0.27847618431488114	0.3903234869162029	0.9891891891891892	7775.0	216.0	419.0	27.0	5.0	1026.0	25.0	11.0	208.0	217.0	5.0	44.0	8.0	13.0	1.0
1	8	3	-25.20209468049678	1.0	0.5027472527472528	7775.0	419.0	216.0	27.0	5.0	1026.0	208.0	44.0	25.0	217.0	8.0	11.0	5.0	13.0	1.0
3	1	8	-0.27543272874859825	0.6085080349753307	1.011173184357542	7775.0	216.0	1026.0	25.0	11.0	419.0	27.0	5.0	208.0	217.0	5.0	44.0	13.0	8.0	1.0
1	3	9	0.0	0.49999999949999996	nan	7848.0	143.0	431.0	17.0	3.0	1035.0	17.0	10.0	282.0	139.0	9.0	55.0	5.0	6.0	0.0
1	9	3	-45.38043812286162	1.0	0.5	7848.0	431.0	143.0	17.0	3.0	1035.0	282.0	55.0	17.0	139.0	5.0	10.0	9.0	6.0	0.0
3	1	9	0.0	0.49999999949999996	nan	7848.0	143.0	1035.0	17.0	10.0	431.0	17.0	3.0	282.0	139.0	9.0	55.0	6.0	5.0	0.0
1	4	5	1.0320733603175496	0.15101889817209968	0.8333333333333334	7723.0	329.0	341.0	38.0	11.0	1079.0	30.0	18.0	70.0	302.0	11.0	26.0	4.0	18.0	0.0
1	5	4	-4.128293441270198	0.9999817163923708	0.5555555555555556	7723.0	341.0	329.0	38.0	11.0	1079.0	70.0	26.0	30.0	302.0	4.0	18.0	11.0	18.0	0.0
4	1	5	-0.8256586882540397	0.7955011870909379	1.3333333333333333	7723.0	329.0	1079.0	30.0	18.0	341.0	38.0	11.0	70.0	302.0	11.0	26.0	18.0	4.0	0.0
1	4	6	0.6096047442229516	0.2710617827682764	0.9367088607594937	7770.0	282.0	346.0	38.0	6.0	1072.0	33.0	22.0	107.0	268.0	8.0	30.0	3.0	14.0	1.0
1	6	4	-8.412545470276731	1.0	0.5174825174825175	7770.0	346.0	282.0	38.0	6.0	1072.0	107.0	30.0	33.0	268.0	3.0	22.0	8.0	14.0	1.0
4	1	6	-0.5684152344781576	0.715123511261145	1.078125	7770.0	282.0	1072.0	33.0	22.0	346.0	38.0	6.0	107.0	268.0	8.0	30.0	14.0	3.0	1.0
1	4	7	-0.11938586046529612	0.5475152118705313	1.0149253731343284	7765.0	287.0	347.0	34.0	9.0	1070.0	35.0	22.0	103.0	271.0	9.0	29.0	4.0	14.0	1.0
1	7	4	-8.237624372105412	0.9999999999999999	0.4963503649635037	7765.0	347.0	287.0	34.0	9.0	1070.0	103.0	29.0	35.0	271.0	4.0	22.0	9.0	14.0	1.0
4	1	7	0.12114153488390345	0.45178942374389064	0.9857142857142858	7765.0	287.0	1070.0	35.0	22.0	347.0	34.0	9.0	103.0	271.0	9.0	29.0	14.0	4.0	1.0
1	4	8	1.5160100835887587	0.06475842641346086	0.9230769230769231	7843.0	209.0	351.0	33.0	6.0	1093.0	22.0	12.0	154.0	224.0	5.0	31.0	4.0	13.0	0.0
1	8	4	-16.676110919476354	1.0	0.5217391304347826	7843.0	351.0	209.0	33.0	6.0	1093.0	154.0	31.0	22.0	224.0	4.0	12.0	5.0	13.0	0.0
4	1	8	-1.3896759099563623	0.9176862868156839	1.1	7843.0	209.0	1093.0	22.0	12.0	351.0	33.0	6.0	154.0	224.0	5.0	31.0	13.0	4.0	0.0
1	4	9	-0.3311656732953257	0.6297402582308645	1.0093023255813953	7910.0	142.0	369.0	17.0	4.0	1097.0	19.0	11.0	236.0	140.0	7.0	39.0	2.0	7.0	0.0
1	9	4	-36.262641225838166	1.0	0.4977064220183486	7910.0	369.0	142.0	17.0	4.0	1097.0	236.0	39.0	19.0	140.0	2.0	11.0	7.0	7.0	0.0
4	1	9	0.33421789148237946	0.36910763976451433	0.9909502262443439	7910.0	142.0	1097.0	19.0	11.0	369.0	17.0	4.0	236.0	140.0	7.0	39.0	7.0	2.0	0.0
1	5	6	0.92683020856987	0.1770073299666851	0.8292682926829268	7780.0	284.0	336.0	36.0	6.0	1122.0	29.0	24.0	63.0	269.0	4.0	24.0	6.0	16.0	1.0
1	6	5	-3.5749165187695007	0.9998247912691143	0.5573770491803278	7780.0	336.0	284.0	36.0	6.0	1122.0	63.0	24.0	29.0	269.0	6.0	24.0	4.0	16.0	1.0
5	1	6	-0.7360122244525439	0.7691384397535758	1.35	7780.0	284.0	1122.0	29.0	24.0	336.0	36.0	6.0	63.0	269.0	4.0	24.0	16.0	6.0	1.0
1	5	7	0.12432779071491777	0.45052783275057884	0.9629629629629629	7775.0	289.0	337.0	34.0	7.0	1119.0	33.0	23.0	59.0	271.0	6.0	24.0	6.0	16.0	1.0
1	7	5	-3.10819476787295	0.9990587623020403	0.5098039215686274	7775.0	337.0	289.0	34.0	7.0	1119.0	59.0	24.0	33.0	271.0	6.0	23.0	6.0	16.0	1.0
5	1	7	-0.11954595261049787	0.5475786251300286	1.0416666666666667	7775.0	289.0	1119.0	33.0	23.0	337.0	34.0	7.0	59.0	271.0	6.0	24.0	16.0	6.0	1.0
1	5	8	0.7150873763228061	0.2372774574892571	0.9456521739130435	7848.0	216.0	346.0	28.0	4.0	1138.0	23.0	14.0	110.0	224.0	2.0	30.0	3.0	14.0	0.0
1	8	5	-11.727432971694022	1.0	0.514792899408284	7848.0	346.0	216.0	28.0	4.0	1138.0	110.0	30.0	23.0	224.0	3.0	14.0	2.0	14.0	0.0
5	1	8	-0.6739904006720701	0.7498413581632263	1.0649350649350648	7848.0	216.0	1138.0	23.0	14.0	346.0	28.0	4.0	110.0	224.0	2.0	30.0	14.0	3.0	0.0
1	5	9	0.483365483556233	0.31441813337236546	0.9824561403508771	7925.0	139.0	354.0	21.0	3.0	1146.0	18.0	11.0	186.0	143.0	7.0	40.0	0.0	7.0	0.0
1	9	5	-26.5851015955928	1.0	0.5045045045045045	7925.0	354.0	139.0	21.0	3.0	1146.0	186.0	40.0	18.0	143.0	0.0	11.0	7.0	7.0	0.0
5	1	9	-0.47473395706415744	0.6825116821462387	1.0185185185185186	7925.0	139.0	1146.0	18.0	11.0	354.0	21.0	3.0	186.0	143.0	7.0	40.0	7.0	0.0	0.0
1	6	7	-99999.9	1.0	-0.043478260869565216	7996.0	120.0	116.0	208.0	2.0	1184.0	16.0	9.0	8.0	294.0	2.0	10.0	0.0	34.0	1.0
1	7	6	1.639779494000135	0.05052549927256611	0.038461538461538464	7996.0	116.0	120.0	208.0	2.0	1184.0	8.0	10.0	16.0	294.0	0.0	9.0	2.0	34.0	1.0
6	1	7	-39.35470785600327	1.0	0.5102040816326531	7996.0	120.0	1184.0	16.0	9.0	116.0	208.0	2.0	8.0	294.0	2.0	10.0	34.0	0.0	1.0
1	6	8	1.447750695808668	0.07384343686490469	0.8484848484848485	7901.0	215.0	293.0	31.0	2.0	1174.0	21.0	14.0	77.0	226.0	1.0	27.0	3.0	14.0	1.0
1	8	6	-6.659653200719873	0.9999999999862021	0.5490196078431373	7901.0	293.0	215.0	31.0	2.0	1174.0	77.0	27.0	21.0	226.0	3.0	14.0	1.0	14.0	1.0
6	1	8	-1.1892237858428343	0.8828241281057914	1.277777777777778	7901.0	215.0	1174.0	21.0	14.0	293.0	31.0	2.0	77.0	226.0	1.0	27.0	14.0	3.0	1.0
1	6	9	0.673073127154169	0.2504503182644181	0.972027972027972	7974.0	142.0	305.0	20.0	1.0	1180.0	16.0	13.0	155.0	144.0	5.0	37.0	1.0	6.0	1.0
1	9	6	-22.716218041453192	1.0	0.5072992700729927	7974.0	305.0	142.0	20.0	1.0	1180.0	155.0	37.0	16.0	144.0	1.0	13.0	5.0	6.0	1.0
6	1	9	-0.6537041163008117	0.7433488376781224	1.0305343511450382	7974.0	142.0	1180.0	16.0	13.0	305.0	20.0	1.0	155.0	144.0	5.0	37.0	6.0	1.0	1.0
1	7	8	1.7595594603959237	0.03924122106569061	0.84	7896.0	216.0	298.0	31.0	1.0	1168.0	19.0	15.0	82.0	227.0	1.0	28.0	4.0	13.0	1.0
1	8	7	-7.478127706682676	0.999999999999962	0.5526315789473685	7896.0	298.0	216.0	31.0	1.0	1168.0	82.0	28.0	19.0	227.0	4.0	15.0	1.0	13.0	1.0
7	1	8	-1.4244052774633666	0.9228353569580623	1.3076923076923077	7896.0	216.0	1168.0	19.0	15.0	298.0	31.0	1.0	82.0	227.0	1.0	28.0	13.0	4.0	1.0
1	7	9	0.9067258941268109	0.18227585664014145	0.9668874172185431	7971.0	141.0	308.0	18.0	4.0	1176.0	13.0	13.0	159.0	146.0	5.0	37.0	2.0	6.0	1.0
1	9	7	-25.569670214376078	1.0	0.5087108013937283	7971.0	308.0	141.0	18.0	4.0	1176.0	159.0	37.0	13.0	146.0	2.0	13.0	5.0	6.0	1.0
7	1	9	-0.8756736374786322	0.809396297592315	1.036764705882353	7971.0	141.0	1176.0	13.0	13.0	308.0	18.0	4.0	159.0	146.0	5.0	37.0	6.0	2.0	1.0
1	8	9	0.8376146766382289	0.2011235233505434	0.945054945054945	8054.0	140.0	225.0	21.0	2.0	1248.0	16.0	14.0	102.0	144.0	4.0	22.0	1.0	7.0	0.0
1	9	8	-13.569357761539305	1.0	0.5149700598802395	8054.0	225.0	140.0	21.0	2.0	1248.0	102.0	22.0	16.0	144.0	1.0	14.0	4.0	7.0	0.0
8	1	9	-0.788916148926704	0.7849195540332612	1.0657894736842106	8054.0	140.0	1248.0	16.0	14.0	225.0	21.0	2.0	102.0	144.0	4.0	22.0	7.0	1.0	0.0
2	3	4	0.5167384743295206	0.3026693568612293	0.9245283018867925	7815.0	356.0	422.0	34.0	3.0	830.0	30.0	22.0	79.0	342.0	7.0	33.0	13.0	14.0	0.0
2	4	3	-5.813307836207111	0.9999999969278743	0.5212765957446809	7815.0	422.0	356.0	34.0	3.0	830.0	79.0	33.0	30.0	342.0	13.0	22.0	7.0	14.0	0.0
3	2	4	-0.47455574173119236	0.6824481585347622	1.0975609756097562	7815.0	356.0	830.0	30.0	22.0	422.0	34.0	3.0	79.0	342.0	7.0	33.0	14.0	13.0	0.0
2	3	5	-1.6531354083466998	0.95084836207615	1.2758620689655173	7842.0	329.0	423.0	26.0	10.0	824.0	42.0	16.0	116.0	298.0	14.0	34.0	11.0	15.0	0.0
2	5	3	-9.29888667195019	1.0	0.45121951219512196	7842.0	423.0	329.0	26.0	10.0	824.0	116.0	34.0	42.0	298.0	11.0	16.0	14.0	15.0	0.0
3	2	5	2.010570091232473	0.022185374122349666	0.8490566037735849	7842.0	329.0	824.0	42.0	16.0	423.0	26.0	10.0	116.0	298.0	14.0	34.0	15.0	11.0	0.0
2	3	6	-1.6376854842491717	0.9492563516688306	1.1111111111111112	7860.0	311.0	439.0	17.0	3.0	840.0	29.0	13.0	149.0	271.0	8.0	37.0	9.0	14.0	0.0
2	6	3	-18.014540326740885	1.0	0.47619047619047616	7860.0	439.0	311.0	17.0	3.0	840.0	149.0	37.0	29.0	271.0	9.0	13.0	8.0	14.0	0.0
3	2	6	1.8014540326740889	0.03581562055335774	0.9166666666666666	7860.0	311.0	840.0	29.0	13.0	439.0	17.0	3.0	149.0	271.0	8.0	37.0	14.0	9.0	0.0
2	3	7	-1.7000861306553883	0.9554426666058287	1.1287128712871286	7859.0	312.0	437.0	18.0	4.0	836.0	31.0	15.0	145.0	271.0	12.0	37.0	9.0	14.0	0.0
2	7	3	-16.608533737941094	1.0	0.4730290456431535	7859.0	437.0	312.0	18.0	4.0	836.0	145.0	37.0	31.0	271.0	9.0	15.0	12.0	14.0	0.0
3	2	7	1.8939556016950378	0.029115386263955156	0.9071428571428571	7859.0	312.0	836.0	31.0	15.0	437.0	18.0	4.0	145.0	271.0	12.0	37.0	14.0	9.0	0.0
2	3	8	0.3345082981399363	0.3689980827986048	0.989010989010989	7944.0	227.0	435.0	19.0	5.0	857.0	17.0	8.0	197.0	225.0	6.0	39.0	7.0	13.0	1.0
2	8	3	-29.77123853445433	1.0	0.5027932960893854	7944.0	435.0	227.0	19.0	5.0	857.0	197.0	39.0	17.0	225.0	7.0	8.0	6.0	13.0	1.0
3	2	8	-0.33079153927171484	0.6295989558139812	1.0113636363636365	7944.0	227.0	857.0	17.0	8.0	435.0	19.0	5.0	197.0	225.0	6.0	39.0	13.0	7.0	1.0
2	3	9	0.40867317773045275	0.3413898056521101	0.9925373134328358	8021.0	150.0	444.0	13.0	2.0	862.0	11.0	9.0	277.0	141.0	10.0	47.0	5.0	8.0	0.0
2	9	3	-53.944859460419806	1.0	0.5018867924528301	8021.0	444.0	150.0	13.0	2.0	862.0	277.0	47.0	11.0	141.0	5.0	9.0	10.0	8.0	0.0
3	2	9	-0.40560044707082527	0.6574818529484543	1.0076335877862594	8021.0	150.0	862.0	11.0	9.0	444.0	13.0	2.0	277.0	141.0	10.0	47.0	8.0	5.0	0.0
2	4	5	-0.11815092691558775	0.5470260082032937	1.0357142857142858	7915.0	322.0	350.0	34.0	9.0	887.0	35.0	20.0	64.0	310.0	11.0	23.0	6.0	14.0	0.0
2	5	4	-3.544527807467624	0.9998033004194317	0.4915254237288135	7915.0	350.0	322.0	34.0	9.0	887.0	64.0	23.0	35.0	310.0	6.0	20.0	11.0	14.0	0.0
4	2	5	0.12222509680922869	0.4513603344889704	0.967741935483871	7915.0	322.0	887.0	35.0	20.0	350.0	34.0	9.0	64.0	310.0	11.0	23.0	14.0	6.0	0.0
2	4	6	0.1356030314963747	0.4460675245425719	0.9864864864864865	7940.0	297.0	359.0	28.0	6.0	902.0	27.0	13.0	100.0	278.0	7.0	24.0	4.0	14.0	1.0
2	6	4	-9.763418267738954	1.0	0.503448275862069	7940.0	359.0	297.0	28.0	6.0	902.0	100.0	24.0	27.0	278.0	4.0	13.0	7.0	14.0	1.0
4	2	6	-0.13374545572245178	0.5531981016702587	1.0140845070422535	7940.0	297.0	902.0	27.0	13.0	359.0	28.0	6.0	100.0	278.0	7.0	24.0	14.0	4.0	1.0
2	4	7	-0.26760228672640507	0.6054972030421782	1.0303030303030303	7937.0	300.0	359.0	26.0	8.0	898.0	28.0	16.0	96.0	279.0	10.0	24.0	4.0	14.0	1.0
2	7	4	-9.366080035424172	1.0	0.49275362318840576	7937.0	359.0	300.0	26.0	8.0	898.0	96.0	24.0	28.0	279.0	4.0	16.0	10.0	14.0	1.0
4	2	7	0.27547294221835816	0.3914765194016827	0.9722222222222222	7937.0	300.0	898.0	28.0	16.0	359.0	26.0	8.0	96.0	279.0	10.0	24.0	14.0	4.0	1.0
2	4	8	1.9244128006852455	0.027151362964858317	0.9178082191780822	8019.0	218.0	360.0	26.0	7.0	917.0	14.0	11.0	148.0	232.0	5.0	28.0	3.0	12.0	0.0
2	8	4	-19.564863473633338	1.0	0.5234375	8019.0	360.0	218.0	26.0	7.0	917.0	148.0	28.0	14.0	232.0	3.0	11.0	5.0	12.0	0.0
4	2	8	-1.7520773259970146	0.9601197861082125	1.1090909090909091	8019.0	218.0	917.0	14.0	11.0	360.0	26.0	7.0	148.0	232.0	5.0	28.0	12.0	3.0	0.0
2	4	9	0.21814127395146884	0.4136595574090163	0.9955357142857143	8087.0	150.0	378.0	11.0	4.0	920.0	10.0	12.0	233.0	145.0	7.0	33.0	2.0	8.0	0.0
2	9	4	-48.427362817226054	1.0	0.5011235955056179	8087.0	378.0	150.0	11.0	4.0	920.0	233.0	33.0	10.0	145.0	2.0	12.0	7.0	8.0	0.0
4	2	9	-0.21716306196065507	0.5859593280641099	1.004524886877828	8087.0	150.0	920.0	10.0	12.0	378.0	11.0	4.0	233.0	145.0	7.0	33.0	8.0	2.0	0.0
2	5	6	0.41604725770587325	0.33868775364519865	0.9361702127659575	7968.0	297.0	331.0	29.0	5.0	934.0	26.0	14.0	70.0	276.0	5.0	22.0	7.0	16.0	0.0
2	6	5	-5.685979188646934	0.9999999934781753	0.5176470588235295	7968.0	331.0	297.0	29.0	5.0	934.0	70.0	22.0	26.0	276.0	7.0	14.0	5.0	16.0	0.0
5	2	6	-0.38768039922592734	0.6508736645302879	1.0789473684210527	7968.0	297.0	934.0	26.0	14.0	331.0	29.0	5.0	70.0	276.0	5.0	22.0	16.0	7.0	0.0
2	5	7	0.1339610713901402	0.4467166474481822	0.975	7965.0	300.0	331.0	29.0	5.0	929.0	28.0	17.0	67.0	276.0	8.0	22.0	7.0	16.0	0.0
2	7	5	-5.090520712825338	0.9999998211512247	0.5064935064935066	7965.0	331.0	300.0	29.0	5.0	929.0	67.0	22.0	28.0	276.0	7.0	17.0	8.0	16.0	0.0
5	2	7	-0.13052617212372639	0.5519249597415585	1.027027027027027	7965.0	300.0	929.0	28.0	17.0	331.0	29.0	5.0	67.0	276.0	8.0	22.0	16.0	7.0	0.0
2	5	8	1.1424489882567004	0.12663377421422806	0.9363636363636364	8041.0	224.0	338.0	23.0	4.0	945.0	16.0	13.0	119.0	230.0	2.0	29.0	3.0	13.0	0.0
2	8	5	-15.667871838949031	1.0	0.5175879396984924	8041.0	338.0	224.0	23.0	4.0	945.0	119.0	29.0	16.0	230.0	3.0	13.0	2.0	13.0	0.0
5	2	8	-1.0648068240062452	0.856518288384289	1.0786516853932584	8041.0	224.0	945.0	16.0	13.0	338.0	23.0	4.0	119.0	230.0	2.0	29.0	13.0	3.0	0.0
2	5	9	1.1418496215095433	0.12675832101704554	0.9692307692307692	8118.0	147.0	347.0	17.0	1.0	953.0	11.0	10.0	200.0	145.0	6.0	33.0	1.0	9.0	2.0
2	9	5	-34.82641345604103	1.0	0.5080645161290323	8118.0	347.0	147.0	17.0	1.0	953.0	200.0	33.0	11.0	145.0	1.0	10.0	6.0	9.0	2.0
5	2	9	-1.105600427175907	0.8655502017337338	1.0338983050847457	8118.0	147.0	953.0	11.0	10.0	347.0	17.0	1.0	200.0	145.0	6.0	33.0	9.0	1.0	2.0
2	6	7	-99999.9	1.0	-0.026737967914438502	8172.0	127.0	124.0	205.0	2.0	1008.0	13.0	5.0	8.0	298.0	3.0	2.0	0.0	33.0	0.0
2	7	6	1.0955683843275021	0.13663389485881294	0.024752475247524754	8172.0	124.0	127.0	205.0	2.0	1008.0	8.0	2.0	13.0	298.0	0.0	5.0	3.0	33.0	0.0
6	2	7	-42.06982595817604	1.0	0.506426735218509	8172.0	127.0	1008.0	13.0	5.0	124.0	205.0	2.0	8.0	298.0	3.0	2.0	33.0	0.0	0.0
2	6	8	1.9907238102590201	0.023255560577197465	0.8356164383561644	8075.0	224.0	304.0	25.0	2.0	1000.0	13.0	13.0	74.0	233.0	2.0	19.0	3.0	13.0	0.0
2	8	6	-8.128788891890999	0.9999999999999998	0.5545454545454545	8075.0	304.0	224.0	25.0	2.0	1000.0	74.0	19.0	13.0	233.0	3.0	13.0	2.0	13.0	0.0
6	2	8	-1.5991060115195408	0.945101475533517	1.3243243243243243	8075.0	224.0	1000.0	13.0	13.0	304.0	25.0	2.0	74.0	233.0	2.0	19.0	13.0	3.0	0.0
2	6	9	1.2339802525810528	0.10860519924091461	0.9612903225806452	8150.0	149.0	315.0	15.0	1.0	1004.0	9.0	13.0	158.0	146.0	5.0	24.0	2.0	9.0	0.0
2	9	6	-29.409862686515076	1.0	0.5102739726027398	8150.0	315.0	149.0	15.0	1.0	1004.0	158.0	24.0	9.0	146.0	2.0	13.0	5.0	9.0	0.0
6	2	9	-1.1842897726113457	0.881850749315868	1.0437956204379562	8150.0	149.0	1004.0	9.0	13.0	315.0	15.0	1.0	158.0	146.0	5.0	24.0	9.0	2.0	0.0
2	7	8	2.3002611532150863	0.010716686063078629	0.8227848101265823	8071.0	225.0	308.0	26.0	0.0	993.0	12.0	13.0	77.0	232.0	2.0	23.0	5.0	13.0	0.0
2	8	7	-8.37952277242639	1.0	0.5603448275862069	8071.0	308.0	225.0	26.0	0.0	993.0	77.0	23.0	12.0	232.0	5.0	13.0	2.0	13.0	0.0
7	2	8	-1.8048202894456835	0.9644486490230236	1.3783783783783783	8071.0	225.0	993.0	12.0	13.0	308.0	26.0	0.0	77.0	232.0	2.0	23.0	13.0	5.0	0.0
2	7	9	1.7126422123404104	0.04338915845811275	0.9503105590062112	8149.0	147.0	316.0	15.0	3.0	998.0	7.0	13.0	160.0	146.0	5.0	28.0	4.0	9.0	0.0
2	9	7	-31.041640098669944	1.0	0.5134228187919463	8149.0	316.0	147.0	15.0	3.0	998.0	160.0	28.0	7.0	146.0	4.0	13.0	5.0	9.0	0.0
7	2	9	-1.6230922927409117	0.9477151689301114	1.0583941605839415	8149.0	147.0	998.0	7.0	13.0	316.0	15.0	3.0	160.0	146.0	5.0	28.0	9.0	4.0	0.0
2	8	9	1.3217179579332012	0.09313110946837688	0.9270833333333334	8234.0	145.0	231.0	18.0	2.0	1068.0	11.0	14.0	100.0	145.0	4.0	18.0	1.0	9.0	0.0
2	9	8	-15.482981792931794	1.0	0.52046783625731	8234.0	231.0	145.0	18.0	2.0	1068.0	100.0	18.0	11.0	145.0	1.0	14.0	4.0	9.0	0.0
8	2	9	-1.2177626129272192	0.8883428355275439	1.0933333333333333	8234.0	145.0	1068.0	11.0	14.0	231.0	18.0	2.0	100.0	145.0	4.0	18.0	9.0	1.0	0.0
3	4	5	1.8373601807367956	0.03307831195361577	0.793103448275862	8298.0	347.0	368.0	29.0	11.0	504.0	17.0	13.0	63.0	317.0	10.0	6.0	5.0	12.0	0.0
3	5	4	-5.205853845420922	0.9999999032614844	0.5750000000000001	8298.0	368.0	347.0	29.0	11.0	504.0	63.0	6.0	17.0	317.0	5.0	13.0	10.0	12.0	0.0
4	3	5	-1.3580488292402404	0.9127758428170838	1.5454545454545454	8298.0	347.0	504.0	17.0	13.0	368.0	29.0	11.0	63.0	317.0	10.0	6.0	12.0	5.0	0.0
3	4	6	1.9827370643329356	0.023698334345018557	0.8762886597938145	8324.0	321.0	376.0	25.0	7.0	518.0	13.0	3.0	98.0	285.0	7.0	9.0	4.0	10.0	0.0
3	6	4	-12.061650474692021	1.0	0.5379746835443039	8324.0	376.0	321.0	25.0	7.0	518.0	98.0	9.0	13.0	285.0	4.0	3.0	7.0	10.0	0.0
4	3	6	-1.702821243485933	0.9556992671397411	1.1967213114754098	8324.0	321.0	518.0	13.0	3.0	376.0	25.0	7.0	98.0	285.0	7.0	9.0	10.0	4.0	0.0
3	4	7	1.7026287331595449	0.04431875458394896	0.8888888888888888	8318.0	327.0	377.0	23.0	8.0	517.0	13.0	4.0	93.0	286.0	11.0	9.0	4.0	10.0	0.0
3	7	4	-11.918401132116811	1.0	0.5333333333333333	8318.0	377.0	327.0	23.0	8.0	517.0	93.0	9.0	13.0	286.0	4.0	4.0	11.0	10.0	0.0
4	3	7	-1.4898001415146018	0.9318615704447242	1.1666666666666667	8318.0	327.0	517.0	13.0	4.0	377.0	23.0	8.0	93.0	286.0	11.0	9.0	10.0	4.0	0.0
3	4	8	1.390539145235729	0.08218266690313492	0.9428571428571428	8421.0	224.0	380.0	21.0	7.0	515.0	13.0	6.0	145.0	241.0	4.0	11.0	3.0	8.0	1.0
3	8	4	-21.553356751153803	1.0	0.515625	8421.0	380.0	224.0	21.0	7.0	515.0	145.0	11.0	13.0	241.0	3.0	6.0	4.0	8.0	1.0
4	3	8	-1.3062640455244725	0.9042685427583744	1.0689655172413792	8421.0	224.0	515.0	13.0	6.0	380.0	21.0	7.0	145.0	241.0	4.0	11.0	8.0	3.0	1.0
3	4	9	-0.4437009520275656	0.671370567786614	1.009049773755656	8488.0	157.0	395.0	9.0	4.0	519.0	11.0	4.0	234.0	149.0	7.0	15.0	2.0	6.0	0.0
3	9	4	-49.91635710310114	1.0	0.4977678571428572	8488.0	395.0	157.0	9.0	4.0	519.0	234.0	15.0	11.0	149.0	2.0	4.0	7.0	6.0	0.0
4	3	9	0.44768033276323876	0.32719198537752714	0.9911894273127754	8488.0	157.0	519.0	11.0	4.0	395.0	9.0	4.0	234.0	149.0	7.0	15.0	6.0	2.0	0.0
3	5	6	2.4961258877952397	0.006277915653831401	0.7222222222222222	8343.0	323.0	357.0	25.0	5.0	559.0	10.0	4.0	49.0	285.0	5.0	17.0	7.0	11.0	0.0
3	6	5	-3.9938014204723826	0.9999674737945137	0.6190476190476191	8343.0	357.0	323.0	25.0	5.0	559.0	49.0	17.0	10.0	285.0	7.0	4.0	5.0	11.0	0.0
5	3	6	-1.536077469412455	0.9377402902014043	2.6666666666666665	8343.0	323.0	559.0	10.0	4.0	357.0	25.0	5.0	49.0	285.0	5.0	17.0	11.0	7.0	0.0
3	5	7	2.316923122018294	0.010253935055371866	0.7083333333333334	8337.0	329.0	358.0	25.0	4.0	557.0	11.0	5.0	45.0	285.0	9.0	17.0	7.0	11.0	0.0
3	7	5	-3.3098901743118474	0.9995332793032896	0.6296296296296295	8337.0	358.0	329.0	25.0	4.0	557.0	45.0	17.0	11.0	285.0	7.0	5.0	9.0	11.0	0.0
5	3	7	-1.3628959541284082	0.9135422868530922	3.333333333333333	8337.0	329.0	557.0	11.0	5.0	358.0	25.0	4.0	45.0	285.0	9.0	17.0	11.0	7.0	0.0
3	5	8	0.7415605963323164	0.22917673384721704	0.9540229885057471	8435.0	231.0	366.0	17.0	4.0	551.0	13.0	9.0	96.0	241.0	2.0	24.0	3.0	8.0	0.0
3	8	5	-14.645821777563254	1.0	0.5123456790123456	8435.0	366.0	231.0	17.0	4.0	551.0	96.0	24.0	13.0	241.0	3.0	9.0	2.0	8.0	0.0
5	3	8	-0.7058227362681084	0.7598508787092706	1.0533333333333332	8435.0	231.0	551.0	13.0	9.0	366.0	17.0	4.0	96.0	241.0	2.0	24.0	8.0	3.0	0.0
3	5	9	0.7891676958568318	0.21500693777895052	0.9772727272727273	8514.0	152.0	369.0	15.0	3.0	557.0	11.0	5.0	183.0	150.0	6.0	28.0	1.0	6.0	0.0
3	9	5	-33.14504322598692	1.0	0.5058823529411764	8514.0	369.0	152.0	15.0	3.0	557.0	183.0	28.0	11.0	150.0	1.0	5.0	6.0	6.0	0.0
5	3	9	-0.7708149587438822	0.779591755676462	1.024390243902439	8514.0	152.0	557.0	11.0	5.0	369.0	15.0	3.0	183.0	150.0	6.0	28.0	6.0	1.0	0.0
3	6	7	-99999.9	1.0	-0.02380952380952381	8565.0	135.0	130.0	222.0	1.0	615.0	7.0	3.0	2.0	296.0	4.0	2.0	0.0	18.0	0.0
3	7	6	1.6554320038543784	0.04891843231346493	0.022222222222222223	8565.0	130.0	135.0	222.0	1.0	615.0	2.0	2.0	7.0	296.0	0.0	3.0	4.0	18.0	0.0
6	3	7	-71.18357616573826	1.0	0.5057471264367817	8565.0	135.0	615.0	7.0	3.0	130.0	222.0	1.0	2.0	296.0	4.0	2.0	18.0	0.0	0.0
3	6	8	1.6603318114233176	0.04842384135100075	0.8363636363636363	8470.0	230.0	331.0	20.0	2.0	605.0	11.0	9.0	57.0	243.0	2.0	9.0	3.0	8.0	0.0
3	8	6	-6.82580855807364	0.9999999999956025	0.5542168674698795	8470.0	331.0	230.0	20.0	2.0	605.0	57.0	9.0	11.0	243.0	3.0	9.0	2.0	8.0	0.0
6	3	8	-1.3354842831013645	0.9091409872434186	1.3214285714285714	8470.0	230.0	605.0	11.0	9.0	331.0	20.0	2.0	57.0	243.0	2.0	9.0	8.0	3.0	0.0
3	6	9	0.85860337948016	0.19527964270348985	0.9716312056737588	8544.0	156.0	339.0	13.0	1.0	610.0	9.0	6.0	146.0	151.0	5.0	12.0	2.0	6.0	0.0
3	9	6	-28.548562367715306	1.0	0.5074074074074073	8544.0	339.0	156.0	13.0	1.0	610.0	146.0	12.0	9.0	151.0	2.0	6.0	5.0	6.0	0.0
6	3	9	-0.8335346676705202	0.7977284242998142	1.0310077519379846	8544.0	156.0	610.0	9.0	6.0	339.0	13.0	1.0	146.0	151.0	5.0	12.0	6.0	2.0	0.0
3	7	8	2.063449096810533	0.019534923780436086	0.8166666666666667	8463.0	232.0	338.0	20.0	0.0	601.0	9.0	9.0	58.0	243.0	2.0	12.0	5.0	8.0	0.0
3	8	7	-7.128278698072745	0.9999999999994883	0.5632183908045977	8463.0	338.0	232.0	20.0	0.0	601.0	58.0	12.0	9.0	243.0	5.0	9.0	2.0	8.0	0.0
7	3	8	-1.6002258301795964	0.9452257535112359	1.4074074074074074	8463.0	232.0	601.0	9.0	9.0	338.0	20.0	0.0	58.0	243.0	2.0	12.0	8.0	5.0	0.0
3	7	9	1.41971393891561	0.0778455396112403	0.958904109589041	8540.0	155.0	343.0	12.0	3.0	607.0	6.0	6.0	146.0	152.0	5.0	15.0	4.0	6.0	0.0
3	9	7	-31.706944635781934	1.0	0.510948905109489	8540.0	343.0	155.0	12.0	3.0	607.0	146.0	15.0	6.0	152.0	4.0	6.0	5.0	6.0	0.0
7	3	9	-1.3588690558192265	0.9129058952481455	1.046875	8540.0	155.0	607.0	6.0	6.0	343.0	12.0	3.0	146.0	152.0	5.0	15.0	6.0	4.0	0.0
3	8	9	1.0134939594586347	0.15541215504008554	0.9484536082474226	8648.0	153.0	235.0	15.0	2.0	654.0	10.0	7.0	102.0	151.0	4.0	12.0	1.0	6.0	0.0
3	9	8	-17.634794894580242	1.0	0.5139664804469274	8648.0	235.0	153.0	15.0	2.0	654.0	102.0	12.0	10.0	151.0	1.0	7.0	4.0	6.0	0.0
8	3	9	-0.9584127660097959	0.8310726762663012	1.0609756097560976	8648.0	153.0	654.0	10.0	7.0	235.0	15.0	2.0	102.0	151.0	4.0	12.0	6.0	1.0	0.0
4	5	6	0.35006557870746235	0.3631448064849887	0.9512195121951219	8489.0	313.0	353.0	18.0	6.0	413.0	16.0	8.0	55.0	298.0	5.0	15.0	6.0	5.0	0.0
4	6	5	-6.4762132060880555	0.9999999999527449	0.513157894736842	8489.0	353.0	313.0	18.0	6.0	413.0	55.0	15.0	16.0	298.0	6.0	8.0	5.0	5.0	0.0
5	4	6	-0.3321134977481053	0.630098152860133	1.0571428571428572	8489.0	313.0	413.0	16.0	8.0	353.0	18.0	6.0	55.0	298.0	5.0	15.0	5.0	6.0	0.0
4	5	7	0.5547040057093591	0.2895485387045116	0.925	8481.0	321.0	354.0	17.0	6.0	413.0	14.0	10.0	51.0	299.0	8.0	15.0	6.0	5.0	0.0
4	7	5	-6.286645398039399	0.9999999998370988	0.5211267605633804	8481.0	354.0	321.0	17.0	6.0	413.0	51.0	15.0	14.0	299.0	6.0	10.0	8.0	5.0	0.0
5	4	7	-0.509728005246438	0.6948789915847366	1.096774193548387	8481.0	321.0	413.0	14.0	10.0	354.0	17.0	6.0	51.0	299.0	8.0	15.0	5.0	6.0	0.0
4	5	8	-0.8250399358051315	0.7953255947551153	1.0470588235294118	8572.0	230.0	364.0	9.0	4.0	414.0	13.0	10.0	102.0	254.0	2.0	20.0	3.0	3.0	0.0
4	8	5	-19.182178507469295	1.0	0.489010989010989	8572.0	364.0	230.0	9.0	4.0	414.0	102.0	20.0	13.0	254.0	3.0	10.0	2.0	3.0	0.0
5	4	8	0.8621203823581711	0.19431059551712493	0.9587628865979382	8572.0	230.0	414.0	13.0	10.0	364.0	9.0	4.0	102.0	254.0	2.0	20.0	3.0	3.0	0.0
4	5	9	1.4174243691393071	0.07817949692782533	0.9692307692307692	8644.0	158.0	363.0	12.0	2.0	427.0	6.0	4.0	195.0	157.0	6.0	22.0	1.0	2.0	1.0
4	9	5	-43.23144325874889	1.0	0.5080645161290323	8644.0	363.0	158.0	12.0	2.0	427.0	195.0	22.0	6.0	157.0	1.0	4.0	6.0	2.0	1.0
5	4	9	-1.3724267701190118	0.9150346297763072	1.0338983050847457	8644.0	158.0	427.0	6.0	4.0	363.0	12.0	2.0	195.0	157.0	6.0	22.0	2.0	1.0	1.0
4	6	7	-99999.9	1.0	-0.010050251256281407	8707.0	135.0	128.0	207.0	2.0	473.0	6.0	4.0	4.0	313.0	3.0	2.0	0.0	16.0	0.0
4	7	6	0.6311727866220277	0.2639637189367392	0.00975609756097561	8707.0	128.0	135.0	207.0	2.0	473.0	4.0	2.0	6.0	313.0	0.0	4.0	3.0	16.0	0.0
6	4	7	-63.43286505551389	1.0	0.5024752475247524	8707.0	135.0	473.0	6.0	4.0	128.0	207.0	2.0	4.0	313.0	3.0	2.0	16.0	0.0	0.0
4	6	8	0.0	0.49999999949999996	nan	8613.0	229.0	323.0	12.0	2.0	462.0	12.0	9.0	63.0	255.0	2.0	11.0	3.0	4.0	0.0
4	8	6	-10.388710757515556	1.0	0.5	8613.0	323.0	229.0	12.0	2.0	462.0	63.0	11.0	12.0	255.0	3.0	9.0	2.0	4.0	0.0
6	4	8	0.0	0.49999999949999996	nan	8613.0	229.0	462.0	12.0	9.0	323.0	12.0	2.0	63.0	255.0	2.0	11.0	4.0	3.0	0.0
4	6	9	1.6018461738946947	0.05459481385631193	0.9622641509433962	8681.0	161.0	326.0	10.0	1.0	473.0	4.0	6.0	157.0	158.0	5.0	14.0	2.0	2.0	0.0
4	9	6	-39.245231260419985	1.0	0.51	8681.0	326.0	161.0	10.0	1.0	473.0	157.0	14.0	4.0	158.0	2.0	6.0	5.0	2.0	0.0
6	4	9	-1.5390286768792165	0.9381013340339099	1.0425531914893618	8681.0	161.0	473.0	4.0	6.0	326.0	10.0	1.0	157.0	158.0	5.0	14.0	2.0	2.0	0.0
4	7	8	0.21961734806040478	0.41308462823389513	0.9807692307692307	8604.0	231.0	332.0	11.0	1.0	460.0	10.0	9.0	61.0	256.0	2.0	15.0	4.0	4.0	0.0
4	8	7	-10.98086740302023	1.0	0.504950495049505	8604.0	332.0	231.0	11.0	1.0	460.0	61.0	15.0	10.0	256.0	4.0	9.0	2.0	4.0	0.0
7	4	8	-0.21531112554941645	0.5852375862534274	1.0204081632653061	8604.0	231.0	460.0	10.0	9.0	332.0	11.0	1.0	61.0	256.0	2.0	15.0	4.0	4.0	0.0
4	7	9	2.2918716838527713	0.010956494082783541	0.95625	8675.0	160.0	332.0	8.0	4.0	472.0	1.0	6.0	154.0	160.0	5.0	18.0	3.0	2.0	0.0
4	9	7	-47.80189512035774	1.0	0.5117056856187291	8675.0	332.0	160.0	8.0	4.0	472.0	154.0	18.0	1.0	160.0	3.0	6.0	5.0	2.0	0.0
7	4	9	-2.1870148094281343	0.9856293288330329	1.0503597122302157	8675.0	160.0	472.0	1.0	6.0	332.0	8.0	4.0	154.0	160.0	5.0	18.0	2.0	3.0	0.0
4	8	9	1.70095572415683	0.04447562109669545	0.9363636363636364	8778.0	158.0	229.0	12.0	2.0	524.0	5.0	7.0	108.0	158.0	4.0	12.0	1.0	2.0	0.0
4	9	8	-23.3273927884365	1.0	0.5175879396984924	8778.0	229.0	158.0	12.0	2.0	524.0	108.0	12.0	5.0	158.0	1.0	7.0	4.0	2.0	0.0
8	4	9	-1.5853567914471427	0.9435573496676413	1.0786516853932584	8778.0	158.0	524.0	5.0	7.0	229.0	12.0	2.0	108.0	158.0	4.0	12.0	2.0	1.0	0.0
5	6	7	-99999.9	1.0	-0.020512820512820513	8765.0	137.0	129.0	207.0	1.0	415.0	8.0	0.0	4.0	313.0	4.0	1.0	0.0	16.0	0.0
5	7	6	1.1536263985991195	0.12432674270189137	0.01932367149758454	8765.0	129.0	137.0	207.0	1.0	415.0	4.0	1.0	8.0	313.0	0.0	0.0	4.0	16.0	0.0
6	5	7	-57.3929133303063	1.0	0.5049751243781094	8765.0	137.0	415.0	8.0	0.0	129.0	207.0	1.0	4.0	313.0	4.0	1.0	16.0	0.0	0.0
5	6	8	1.1656340404227672	0.12188127903278811	0.9180327868852459	8663.0	239.0	323.0	12.0	2.0	412.0	7.0	4.0	63.0	256.0	2.0	11.0	3.0	3.0	0.0
5	8	6	-11.889467212312223	1.0	0.5233644859813085	8663.0	323.0	239.0	12.0	2.0	412.0	63.0	11.0	7.0	256.0	3.0	4.0	2.0	3.0	0.0
6	5	8	-1.0615595725278772	0.8557821302021882	1.108695652173913	8663.0	239.0	412.0	7.0	4.0	323.0	12.0	2.0	63.0	256.0	2.0	11.0	3.0	3.0	0.0
5	6	9	0.0	0.49999999949999996	nan	8743.0	159.0	328.0	8.0	1.0	411.0	8.0	4.0	155.0	161.0	5.0	14.0	2.0	1.0	0.0
5	9	6	-36.63569179152321	1.0	0.5	8743.0	328.0	159.0	8.0	1.0	411.0	155.0	14.0	8.0	161.0	2.0	4.0	5.0	1.0	0.0
6	5	9	0.0	0.49999999949999996	nan	8743.0	159.0	411.0	8.0	4.0	328.0	8.0	1.0	155.0	161.0	5.0	14.0	1.0	2.0	0.0
5	7	8	1.7041278035679253	0.04417857614466203	0.8923076923076924	8653.0	241.0	333.0	12.0	0.0	411.0	5.0	4.0	63.0	256.0	2.0	12.0	5.0	3.0	0.0
5	8	7	-12.415788283137742	1.0	0.5321100917431193	8653.0	333.0	241.0	12.0	0.0	411.0	63.0	12.0	5.0	256.0	5.0	4.0	2.0	3.0	0.0
7	5	8	-1.4984572065855895	0.9329927183809676	1.1590909090909092	8653.0	241.0	411.0	5.0	4.0	333.0	12.0	0.0	63.0	256.0	2.0	12.0	3.0	5.0	0.0
5	7	9	0.5775164516659409	0.28179527484658395	0.9867549668874173	8736.0	158.0	335.0	7.0	3.0	411.0	5.0	4.0	154.0	162.0	5.0	15.0	4.0	1.0	0.0
5	9	7	-42.44745919744672	1.0	0.5033783783783784	8736.0	335.0	158.0	7.0	3.0	411.0	154.0	15.0	5.0	162.0	4.0	4.0	5.0	1.0	0.0
7	5	9	-0.5697645529858612	0.7155813357868878	1.013793103448276	8736.0	158.0	411.0	5.0	4.0	335.0	7.0	3.0	154.0	162.0	5.0	15.0	1.0	4.0	0.0
5	8	9	0.2299229168932277	0.40907587889853303	0.989247311827957	8830.0	156.0	241.0	10.0	2.0	472.0	9.0	5.0	101.0	161.0	4.0	7.0	1.0	1.0	0.0
5	9	8	-20.92298543728373	1.0	0.5027322404371585	8830.0	241.0	156.0	10.0	2.0	472.0	101.0	7.0	9.0	161.0	1.0	5.0	4.0	1.0	0.0
8	5	9	-0.22742375475308393	0.5899528313966451	1.011111111111111	8830.0	156.0	472.0	9.0	5.0	241.0	10.0	2.0	101.0	161.0	4.0	7.0	1.0	1.0	0.0
6	7	8	0.8108265402343309	0.20873258793899374	0.9924242424242424	8934.0	246.0	141.0	4.0	0.0	130.0	2.0	2.0	264.0	267.0	5.0	3.0	2.0	0.0	0.0
6	8	7	-105.40745023046361	1.0	0.5019157088122606	8934.0	141.0	246.0	4.0	0.0	130.0	264.0	3.0	2.0	267.0	2.0	2.0	5.0	0.0	0.0
7	6	8	-0.804637024660023	0.7894854739442557	1.0077519379844961	8934.0	246.0	130.0	2.0	2.0	141.0	4.0	0.0	264.0	267.0	5.0	3.0	0.0	2.0	0.0
6	7	9	0.9877887140485311	0.1616280731287365	0.994475138121547	9014.0	166.0	140.0	3.0	2.0	133.0	1.0	0.0	361.0	167.0	8.0	3.0	2.0	0.0	0.0
6	9	7	-176.81417981468695	1.0	0.5013927576601671	9014.0	140.0	166.0	3.0	2.0	133.0	361.0	3.0	1.0	167.0	2.0	0.0	8.0	0.0	0.0
7	6	9	-0.9823009989704835	0.8370242057382231	1.0056179775280898	9014.0	166.0	133.0	1.0	0.0	140.0	3.0	2.0	361.0	167.0	8.0	3.0	0.0	2.0	0.0
6	8	9	0.3013991011313695	0.38155515822740504	0.98989898989899	8912.0	163.0	242.0	6.0	2.0	390.0	5.0	2.0	103.0	164.0	4.0	4.0	1.0	2.0	0.0
6	9	8	-29.235712809742864	1.0	0.5025641025641026	8912.0	242.0	163.0	6.0	2.0	390.0	103.0	4.0	5.0	164.0	1.0	2.0	4.0	2.0	0.0
8	6	9	-0.29832360009941666	0.6172718350848101	1.0104166666666667	8912.0	163.0	390.0	5.0	2.0	242.0	6.0	2.0	103.0	164.0	4.0	4.0	2.0	1.0	0.0
7	8	9	-0.32943400533440304	0.6290860975689974	1.0103092783505154	8903.0	161.0	244.0	4.0	2.0	399.0	5.0	4.0	103.0	164.0	4.0	2.0	1.0	4.0	0.0
7	9	8	-32.61396652810588	1.0	0.49746192893401014	8903.0	244.0	161.0	4.0	2.0	399.0	103.0	2.0	5.0	164.0	1.0	4.0	4.0	4.0	0.0
8	7	9	0.3327955768174071	0.36964436655529953	0.99	8903.0	161.0	399.0	5.0	4.0	244.0	4.0	2.0	103.0	164.0	4.0	2.0	4.0	1.0	0.0
