P1	Hybrid	P2	Zscore	Pvalue	Gamma	AAAA	AAAB	AABA	AABB	AABC	ABAA	ABAB	ABAC	ABBA	BAAA	ABBC	CABC	BACA	BCAA	ABCD
1	2	3	-0.4514692240554692	0.6741742747029842	1.0104651162790699	37037.0	2095.0	2901.0	192.0	93.0	3762.0	201.0	122.0	1070.0	1992.0	117.0	226.0	83.0	101.0	8.0
1	3	2	-44.04333096896686	1.0	0.49742415569547793	37037.0	2901.0	2095.0	192.0	93.0	3762.0	1070.0	226.0	201.0	1992.0	83.0	122.0	117.0	101.0	8.0
2	1	3	0.45614496975915064	0.32414288936313107	0.9898534385569335	37037.0	2095.0	3762.0	201.0	122.0	2901.0	192.0	93.0	1070.0	1992.0	117.0	226.0	101.0	83.0	8.0
1	2	4	0.8748478543840514	0.19082830927881678	0.9883086515978177	37358.0	1774.0	2950.0	156.0	80.0	3852.0	141.0	92.0	1409.0	1682.0	88.0	260.0	62.0	86.0	10.0
1	4	2	-73.07895743621444	1.0	0.5029750099166997	37358.0	2950.0	1774.0	156.0	80.0	3852.0	1409.0	260.0	141.0	1682.0	62.0	92.0	88.0	86.0	10.0
2	1	4	-0.8644987078416534	0.806343046907267	1.0121163166397416	37358.0	1774.0	3852.0	141.0	92.0	2950.0	156.0	80.0	1409.0	1682.0	88.0	260.0	86.0	62.0	10.0
1	2	5	-0.6964500398182265	0.7569265513783661	1.0087463556851313	37555.0	1577.0	2987.0	141.0	58.0	3845.0	153.0	87.0	1537.0	1539.0	103.0	284.0	47.0	78.0	9.0
1	5	2	-81.02035463218692	1.0	0.497841726618705	37555.0	2987.0	1577.0	141.0	58.0	3845.0	1537.0	284.0	153.0	1539.0	47.0	87.0	103.0	78.0	9.0
2	1	5	0.7024886239785001	0.24118717779645427	0.9914772727272727	37555.0	1577.0	3845.0	153.0	87.0	2987.0	141.0	58.0	1537.0	1539.0	103.0	284.0	78.0	47.0	9.0
1	2	6	-0.3698940429403374	0.6442692197867327	1.003708281829419	37771.0	1361.0	3008.0	128.0	50.0	3872.0	134.0	79.0	1758.0	1339.0	82.0	294.0	48.0	67.0	9.0
1	6	2	-100.48788166545847	1.0	0.4990780577750461	37771.0	3008.0	1361.0	128.0	50.0	3872.0	1758.0	294.0	134.0	1339.0	48.0	79.0	82.0	67.0	9.0
2	1	6	0.3712606465472598	0.3552217627873828	0.9963325183374083	37771.0	1361.0	3872.0	134.0	79.0	3008.0	128.0	50.0	1758.0	1339.0	82.0	294.0	67.0	48.0	9.0
1	2	7	-1.2081911442436213	0.8865130605980616	1.012666244458518	37703.0	1429.0	3010.0	125.0	51.0	3863.0	145.0	77.0	1744.0	1353.0	82.0	294.0	51.0	68.0	5.0
1	7	2	-97.80307312652099	1.0	0.4968924798011187	37703.0	3010.0	1429.0	125.0	51.0	3863.0	1744.0	294.0	145.0	1353.0	51.0	77.0	82.0	68.0	5.0
2	1	7	1.2233029784430414	0.1106077084240551	0.987797437461867	37703.0	1429.0	3863.0	145.0	77.0	3010.0	125.0	51.0	1744.0	1353.0	82.0	294.0	68.0	51.0	5.0
1	2	8	0.4247892699625746	0.33549518830741454	0.9968404423380727	37985.0	1147.0	3039.0	103.0	44.0	3917.0	97.0	71.0	1990.0	1114.0	75.0	320.0	41.0	50.0	7.0
1	8	2	-133.59622540322982	1.0	0.5007936507936508	37985.0	3039.0	1147.0	103.0	44.0	3917.0	1990.0	320.0	97.0	1114.0	41.0	71.0	75.0	50.0	7.0
2	1	8	-0.4234428697408232	0.6640138749396949	1.003189792663477	37985.0	1147.0	3917.0	97.0	71.0	3039.0	103.0	44.0	1990.0	1114.0	75.0	320.0	50.0	41.0	7.0
1	2	9	2.0836091266035828	0.01859780393933841	0.9909278350515464	38462.0	670.0	3097.0	67.0	22.0	4002.0	45.0	38.0	2448.0	686.0	45.0	362.0	22.0	31.0	3.0
1	9	2	-225.50333320196006	1.0	0.502299331103679	38462.0	3097.0	670.0	67.0	22.0	4002.0	2448.0	362.0	45.0	686.0	22.0	38.0	45.0	31.0	3.0
2	1	9	-2.0645332211581904	0.9805164721035429	1.0093259855871133	38462.0	670.0	4002.0	45.0	38.0	3097.0	67.0	22.0	2448.0	686.0	45.0	362.0	31.0	22.0	3.0
1	3	4	1.9110273130201325	0.028000468739125317	0.9232558139534883	38158.0	1780.0	2150.0	175.0	55.0	4807.0	142.0	109.0	539.0	1689.0	48.0	175.0	54.0	114.0	5.0
1	4	3	-21.079210361797823	1.0	0.5216819973718791	38158.0	2150.0	1780.0	175.0	55.0	4807.0	539.0	175.0	142.0	1689.0	54.0	109.0	48.0	114.0	5.0
3	1	4	-1.7521761761695924	0.9601282829568416	1.0996978851963746	38158.0	1780.0	4807.0	142.0	109.0	2150.0	175.0	55.0	539.0	1689.0	48.0	175.0	114.0	54.0	5.0
1	3	5	-0.3992404128611504	0.6551419162981702	1.0136186770428015	38350.0	1588.0	2192.0	148.0	40.0	4795.0	155.0	108.0	676.0	1535.0	65.0	195.0	49.0	98.0	6.0
1	5	3	-30.114133998669637	1.0	0.4966634890371782	38350.0	2192.0	1588.0	148.0	40.0	4795.0	676.0	195.0	155.0	1535.0	49.0	108.0	65.0	98.0	6.0
3	1	5	0.40460448750611794	0.3428841770369919	0.9869158878504672	38350.0	1588.0	4795.0	155.0	108.0	2192.0	148.0	40.0	676.0	1535.0	65.0	195.0	98.0	49.0	6.0
1	3	6	-0.7968433942021194	0.7872290659901693	1.01763907734057	38564.0	1374.0	2215.0	124.0	41.0	4827.0	137.0	94.0	887.0	1338.0	51.0	210.0	46.0	86.0	6.0
1	6	3	-46.768577675093574	1.0	0.495703899537343	38564.0	2215.0	1374.0	124.0	41.0	4827.0	887.0	210.0	137.0	1338.0	46.0	94.0	51.0	86.0	6.0
3	1	6	0.8106553463682895	0.2087817541598166	0.9832474226804123	38564.0	1374.0	4827.0	137.0	94.0	2215.0	124.0	41.0	887.0	1338.0	51.0	210.0	86.0	46.0	6.0
1	3	7	-1.6462990127651569	0.9501489079918475	1.0398293029871977	38501.0	1437.0	2212.0	124.0	44.0	4809.0	152.0	97.0	883.0	1349.0	44.0	209.0	48.0	86.0	5.0
1	7	3	-44.62646252459836	1.0	0.49060402684563764	38501.0	2212.0	1437.0	124.0	44.0	4809.0	883.0	209.0	152.0	1349.0	48.0	97.0	44.0	86.0	5.0
3	1	7	1.7093583456754502	0.043692263989777436	0.9644218551461246	38501.0	1437.0	4809.0	152.0	97.0	2212.0	124.0	44.0	883.0	1349.0	44.0	209.0	86.0	48.0	5.0
1	3	8	0.5893705882117528	0.2778063070161485	0.9911937377690803	38787.0	1151.0	2237.0	122.0	21.0	4865.0	113.0	80.0	1126.0	1101.0	49.0	236.0	38.0	70.0	4.0
1	8	3	-65.74756339606655	1.0	0.502231036192365	38787.0	2237.0	1151.0	122.0	21.0	4865.0	1126.0	236.0	113.0	1101.0	38.0	80.0	49.0	70.0	4.0
3	1	8	-0.5841343243480748	0.7204350703547207	1.0090452261306533	38787.0	1151.0	4865.0	113.0	80.0	2237.0	122.0	21.0	1126.0	1101.0	49.0	236.0	70.0	38.0	4.0
1	3	9	1.530543836242445	0.0629411065352139	0.989501312335958	39263.0	675.0	2296.0	63.0	21.0	4971.0	47.0	40.0	1555.0	687.0	34.0	286.0	19.0	41.0	2.0
1	9	3	-142.72321272960778	1.0	0.5026666666666667	39263.0	2296.0	675.0	63.0	21.0	4971.0	1555.0	286.0	47.0	687.0	19.0	40.0	34.0	41.0	2.0
3	1	9	-1.5143046443459731	0.9350256788416721	1.010840108401084	39263.0	675.0	4971.0	47.0	40.0	2296.0	63.0	21.0	1555.0	687.0	34.0	286.0	41.0	19.0	2.0
1	4	5	-0.16437323751291316	0.5652813393580592	1.0241935483870968	38730.0	1578.0	1812.0	161.0	37.0	5231.0	164.0	126.0	291.0	1550.0	44.0	144.0	25.0	101.0	6.0
1	5	4	-7.122840292226271	0.9999999999994678	0.4941634241245136	38730.0	1812.0	1578.0	161.0	37.0	5231.0	291.0	144.0	164.0	1550.0	25.0	126.0	44.0	101.0	6.0
4	1	5	0.16825606989510794	0.433190914960065	0.9774436090225563	38730.0	1578.0	5231.0	164.0	126.0	1812.0	161.0	37.0	291.0	1550.0	44.0	144.0	101.0	25.0	6.0
1	4	6	0.1173503655065357	0.4532911624961573	0.9943181818181818	38954.0	1354.0	1825.0	147.0	38.0	5274.0	145.0	102.0	495.0	1353.0	37.0	155.0	23.0	94.0	4.0
1	6	4	-20.418963598137385	1.0	0.5014326647564471	38954.0	1825.0	1354.0	147.0	38.0	5274.0	495.0	155.0	145.0	1353.0	23.0	102.0	37.0	94.0	4.0
4	1	6	-0.11667979198935548	0.5464431431570858	1.0057803468208093	38954.0	1354.0	5274.0	145.0	102.0	1825.0	147.0	38.0	495.0	1353.0	37.0	155.0	94.0	23.0	4.0
1	4	7	0.11212295510344222	0.45536290946378066	0.993920972644377	38910.0	1398.0	1803.0	161.0	46.0	5261.0	159.0	101.0	486.0	1369.0	30.0	154.0	21.0	95.0	6.0
1	7	4	-18.219980204309312	1.0	0.5015337423312884	38910.0	1803.0	1398.0	161.0	46.0	5261.0	486.0	154.0	159.0	1369.0	21.0	101.0	30.0	95.0	6.0
4	1	7	-0.11143718779394103	0.5443652133138519	1.0061919504643964	38910.0	1398.0	5261.0	159.0	101.0	1803.0	161.0	46.0	486.0	1369.0	30.0	154.0	95.0	21.0	6.0
1	4	8	0.0	0.49999999949999996	nan	39161.0	1147.0	1863.0	118.0	29.0	5320.0	118.0	83.0	730.0	1112.0	43.0	177.0	22.0	71.0	6.0
1	8	4	-39.82936922815985	1.0	0.5	39161.0	1863.0	1147.0	118.0	29.0	5320.0	730.0	177.0	118.0	1112.0	22.0	83.0	43.0	71.0	6.0
4	1	8	0.0	0.49999999949999996	nan	39161.0	1147.0	5320.0	118.0	83.0	1863.0	118.0	29.0	730.0	1112.0	43.0	177.0	71.0	22.0	6.0
1	4	9	1.5188081273349943	0.06440542402788096	0.9859402460456942	39627.0	681.0	1932.0	64.0	14.0	5429.0	48.0	44.0	1170.0	691.0	24.0	213.0	14.0	47.0	2.0
1	9	4	-104.9876118020313	1.0	0.5035906642728905	39627.0	1932.0	681.0	64.0	14.0	5429.0	1170.0	213.0	48.0	691.0	14.0	44.0	24.0	47.0	2.0
4	1	9	-1.497149544413996	0.932822794174994	1.0146788990825688	39627.0	681.0	5429.0	48.0	44.0	1932.0	64.0	14.0	1170.0	691.0	24.0	213.0	47.0	14.0	2.0
1	5	6	-0.8344388597861857	0.7979831877152623	1.0673076923076923	39165.0	1377.0	1614.0	124.0	38.0	5428.0	138.0	100.0	360.0	1348.0	31.0	136.0	35.0	102.0	4.0
1	6	5	-14.066255064967116	1.0	0.48471615720524014	39165.0	1614.0	1377.0	124.0	38.0	5428.0	360.0	136.0	138.0	1348.0	35.0	100.0	31.0	102.0	4.0
5	1	6	0.8870611302231522	0.1875229608278821	0.944	39165.0	1377.0	5428.0	138.0	100.0	1614.0	124.0	38.0	360.0	1348.0	31.0	136.0	102.0	35.0	4.0
1	5	7	-1.325846394675674	0.9075546432202196	1.1340782122905029	39104.0	1438.0	1609.0	130.0	37.0	5403.0	154.0	109.0	357.0	1360.0	22.0	141.0	35.0	97.0	4.0
1	7	5	-12.540297149640743	1.0	0.4720930232558139	39104.0	1609.0	1438.0	130.0	37.0	5403.0	357.0	141.0	154.0	1360.0	35.0	109.0	22.0	97.0	4.0
5	1	7	1.48259670734669	0.06909083083979262	0.9043824701195219	39104.0	1438.0	5403.0	154.0	109.0	1609.0	130.0	37.0	357.0	1360.0	22.0	141.0	97.0	35.0	4.0
1	5	8	0.0	0.49999999949999996	nan	39389.0	1153.0	1635.0	117.0	24.0	5460.0	117.0	89.0	594.0	1112.0	33.0	173.0	23.0	76.0	5.0
1	8	5	-31.175804701786454	1.0	0.5	39389.0	1635.0	1153.0	117.0	24.0	5460.0	594.0	173.0	117.0	1112.0	23.0	89.0	33.0	76.0	5.0
5	1	8	0.0	0.49999999949999996	nan	39389.0	1153.0	5460.0	117.0	89.0	1635.0	117.0	24.0	594.0	1112.0	33.0	173.0	76.0	23.0	5.0
1	5	9	2.071317304703634	0.019164511328338074	0.9770687936191426	39878.0	664.0	1681.0	74.0	21.0	5573.0	51.0	42.0	1031.0	684.0	24.0	208.0	18.0	51.0	0.0
1	9	5	-86.18481133049463	1.0	0.50593701600413	39878.0	1681.0	664.0	74.0	21.0	5573.0	1031.0	208.0	51.0	684.0	18.0	42.0	24.0	51.0	0.0
5	1	9	-2.022704755715692	0.9784482702171213	1.0246252676659529	39878.0	664.0	5573.0	51.0	42.0	1681.0	74.0	21.0	1031.0	684.0	24.0	208.0	51.0	18.0	0.0
1	6	7	-99999.9	1.0	-0.023142509135200974	40112.0	667.0	601.0	916.0	22.0	5797.0	76.0	51.0	57.0	1455.0	9.0	47.0	18.0	170.0	2.0
1	7	6	1.6597062447648092	0.048486763023975143	0.02164009111617312	40112.0	601.0	667.0	916.0	22.0	5797.0	57.0	47.0	76.0	1455.0	18.0	51.0	9.0	170.0	2.0
6	1	7	-73.37648661065468	1.0	0.505591524426133	40112.0	667.0	5797.0	76.0	51.0	601.0	916.0	22.0	57.0	1455.0	9.0	47.0	170.0	18.0	2.0
1	6	8	-0.7741198911368686	0.7805701170470887	1.048582995951417	39620.0	1159.0	1404.0	108.0	27.0	5715.0	120.0	89.0	379.0	1113.0	29.0	133.0	19.0	81.0	4.0
1	8	6	-17.482207541507606	1.0	0.48867924528301887	39620.0	1404.0	1159.0	108.0	27.0	5715.0	379.0	133.0	120.0	1113.0	19.0	89.0	29.0	81.0	4.0
6	1	8	0.8099864497995808	0.20897392409978455	0.9575971731448764	39620.0	1159.0	5715.0	120.0	89.0	1404.0	108.0	27.0	379.0	1113.0	29.0	133.0	81.0	19.0	4.0
1	6	9	1.655822271606468	0.048878890970602606	0.9769526248399488	40096.0	683.0	1463.0	69.0	7.0	5829.0	51.0	44.0	814.0	688.0	19.0	169.0	14.0	51.0	3.0
1	9	6	-68.53264401926769	1.0	0.5059681697612732	40096.0	1463.0	683.0	69.0	7.0	5829.0	814.0	169.0	51.0	688.0	14.0	44.0	19.0	51.0	3.0
6	1	9	-1.616759622997141	0.9470349163818117	1.0247592847317744	40096.0	683.0	5829.0	51.0	44.0	1463.0	69.0	7.0	814.0	688.0	19.0	169.0	51.0	14.0	3.0
1	7	8	-0.2584085447854218	0.6019541301929464	1.014388489208633	39558.0	1155.0	1466.0	116.0	23.0	5690.0	120.0	91.0	402.0	1117.0	30.0	135.0	15.0	77.0	5.0
1	8	7	-18.476210952157697	1.0	0.4964788732394366	39558.0	1466.0	1155.0	116.0	23.0	5690.0	402.0	135.0	120.0	1117.0	15.0	91.0	30.0	77.0	5.0
7	1	8	0.2620739142150022	0.3966322885680369	0.9862068965517241	39558.0	1155.0	5690.0	120.0	91.0	1466.0	116.0	23.0	402.0	1117.0	30.0	135.0	77.0	15.0	5.0
1	7	9	1.6692672618016835	0.0475321916795417	0.9776674937965261	40031.0	682.0	1528.0	68.0	9.0	5808.0	50.0	43.0	838.0	690.0	21.0	166.0	13.0	51.0	2.0
1	9	7	-71.40754397707202	1.0	0.5057766367137356	40031.0	1528.0	682.0	68.0	9.0	5808.0	838.0	166.0	50.0	690.0	13.0	43.0	21.0	51.0	2.0
7	1	9	-1.6311367913544368	0.9485692803077439	1.023936170212766	40031.0	682.0	5808.0	50.0	43.0	1528.0	68.0	9.0	838.0	690.0	21.0	166.0	51.0	13.0	2.0
1	8	9	1.999858707180898	0.022757692498300397	0.9595375722543352	40341.0	683.0	1218.0	67.0	9.0	6134.0	46.0	47.0	544.0	693.0	15.0	134.0	14.0	55.0	0.0
1	9	8	-45.42536206310894	1.0	0.5107692307692308	40341.0	1218.0	683.0	67.0	9.0	6134.0	544.0	134.0	46.0	693.0	14.0	47.0	15.0	55.0	0.0
8	1	9	-1.9155273159142336	0.9722874225908702	1.0460526315789473	40341.0	683.0	6134.0	46.0	47.0	1218.0	67.0	9.0	544.0	693.0	15.0	134.0	55.0	14.0	0.0
2	3	4	1.2050105330533374	0.11409968323848885	0.9487179487179487	39007.0	1792.0	2203.0	154.0	61.0	3958.0	134.0	105.0	504.0	1736.0	45.0	157.0	54.0	88.0	2.0
2	4	3	-21.08768432843339	1.0	0.513888888888889	39007.0	2203.0	1792.0	154.0	61.0	3958.0	504.0	157.0	134.0	1736.0	54.0	105.0	45.0	88.0	2.0
3	2	4	-1.1398748285639677	0.872830718946824	1.0606060606060606	39007.0	1792.0	3958.0	134.0	105.0	2203.0	154.0	61.0	504.0	1736.0	45.0	157.0	88.0	54.0	2.0
2	3	5	0.3698333536550825	0.3557533910627697	0.9885931558935361	39163.0	1636.0	2237.0	136.0	45.0	3982.0	130.0	85.0	650.0	1575.0	60.0	176.0	53.0	70.0	2.0
2	5	3	-31.6823906297853	1.0	0.5029013539651838	39163.0	2237.0	1636.0	136.0	45.0	3982.0	650.0	176.0	130.0	1575.0	53.0	85.0	60.0	70.0	2.0
3	2	5	-0.36556604572829315	0.6426554809007345	1.0118110236220472	39163.0	1636.0	3982.0	130.0	85.0	2237.0	136.0	45.0	650.0	1575.0	60.0	176.0	70.0	53.0	2.0
2	3	6	-0.5337090646706123	0.703228600707545	1.010854816824966	39376.0	1423.0	2267.0	107.0	44.0	4015.0	115.0	67.0	860.0	1374.0	51.0	185.0	45.0	67.0	4.0
2	6	3	-50.235365712121364	1.0	0.49732977303070763	39376.0	2267.0	1423.0	107.0	44.0	4015.0	860.0	185.0	115.0	1374.0	45.0	67.0	51.0	67.0	4.0
3	2	6	0.5394401687207664	0.2947915633896616	0.9894875164257556	39376.0	1423.0	4015.0	115.0	67.0	2267.0	107.0	44.0	860.0	1374.0	51.0	185.0	67.0	45.0	4.0
2	3	7	-0.5289372853086441	0.7015755386610332	1.010973936899863	39300.0	1499.0	2266.0	109.0	43.0	4010.0	117.0	70.0	854.0	1383.0	48.0	184.0	46.0	67.0	4.0
2	7	3	-49.257284694367485	1.0	0.4973009446693657	39300.0	2266.0	1499.0	109.0	43.0	4010.0	854.0	184.0	117.0	1383.0	46.0	70.0	48.0	67.0	4.0
3	2	7	0.5346788026525644	0.29643597132820676	0.9893758300132802	39300.0	1499.0	4010.0	117.0	70.0	2266.0	109.0	43.0	854.0	1383.0	48.0	184.0	67.0	46.0	4.0
2	3	8	0.21399435149302867	0.4152757658161784	0.9970384995064165	39608.0	1191.0	2294.0	100.0	24.0	4044.0	97.0	56.0	1107.0	1131.0	47.0	198.0	39.0	62.0	2.0
2	8	3	-71.83077065116032	1.0	0.5007436787307883	39608.0	2294.0	1191.0	100.0	24.0	4044.0	1107.0	198.0	97.0	1131.0	39.0	56.0	47.0	62.0	2.0
3	2	8	-0.21335872470641573	0.5844763795398569	1.002988047808765	39608.0	1191.0	4044.0	97.0	56.0	2294.0	100.0	24.0	1107.0	1131.0	47.0	198.0	62.0	39.0	2.0
2	3	9	-0.3010375344385842	0.6183069951668866	1.002016129032258	40117.0	682.0	2347.0	48.0	23.0	4117.0	51.0	29.0	1542.0	712.0	31.0	248.0	21.0	31.0	1.0
2	9	3	-149.91669215041446	1.0	0.4994974874371859	40117.0	2347.0	682.0	48.0	23.0	4117.0	1542.0	248.0	51.0	712.0	21.0	29.0	31.0	31.0	1.0
3	2	9	0.3016432437634104	0.38146208781314717	0.9979959919839679	40117.0	682.0	4117.0	51.0	29.0	2347.0	48.0	23.0	1542.0	712.0	31.0	248.0	31.0	21.0	1.0
2	4	5	0.7440247099552184	0.22843069469138688	0.9285714285714286	39573.0	1637.0	1827.0	145.0	35.0	4388.0	133.0	98.0	289.0	1593.0	42.0	131.0	32.0	74.0	3.0
2	5	4	-8.928296519462613	1.0	0.52	39573.0	1827.0	1637.0	145.0	35.0	4388.0	289.0	131.0	133.0	1593.0	32.0	98.0	42.0	74.0	3.0
4	2	5	-0.6867920399586631	0.7538931746297349	1.0909090909090908	39573.0	1637.0	4388.0	133.0	98.0	1827.0	145.0	35.0	289.0	1593.0	42.0	131.0	74.0	32.0	3.0
2	4	6	0.3838084485785827	0.3505602683910156	0.984251968503937	39803.0	1407.0	1840.0	127.0	40.0	4425.0	121.0	73.0	496.0	1390.0	38.0	139.0	23.0	77.0	1.0
2	6	4	-23.60421958758287	1.0	0.5040322580645161	39803.0	1840.0	1407.0	127.0	40.0	4425.0	496.0	139.0	121.0	1390.0	23.0	73.0	38.0	77.0	1.0
4	2	6	-0.3776675134013254	0.64716114033602	1.0165289256198347	39803.0	1407.0	4425.0	121.0	73.0	1840.0	127.0	40.0	496.0	1390.0	38.0	139.0	77.0	23.0	1.0
2	4	7	1.5207805729132309	0.06415747924941573	0.9383033419023136	39746.0	1464.0	1820.0	143.0	44.0	4425.0	119.0	75.0	484.0	1405.0	35.0	139.0	22.0	77.0	2.0
2	7	4	-21.607757306808796	1.0	0.5169971671388102	39746.0	1820.0	1464.0	143.0	44.0	4425.0	484.0	139.0	119.0	1405.0	22.0	75.0	35.0	77.0	2.0
4	2	7	-1.420784042091539	0.922310174203077	1.0757097791798107	39746.0	1464.0	4425.0	119.0	75.0	1820.0	143.0	44.0	484.0	1405.0	35.0	139.0	77.0	22.0	2.0
2	4	8	-0.2938458647716435	0.6155620892612323	1.0062597809076683	40020.0	1190.0	1882.0	90.0	35.0	4461.0	94.0	64.0	737.0	1149.0	38.0	151.0	24.0	62.0	3.0
2	8	4	-47.52956862681334	1.0	0.49844961240310076	40020.0	1882.0	1190.0	90.0	35.0	4461.0	737.0	151.0	94.0	1149.0	24.0	64.0	38.0	62.0	3.0
4	2	8	0.29567383282621046	0.38373965906976015	0.9938556067588326	40020.0	1190.0	4461.0	94.0	64.0	1882.0	90.0	35.0	737.0	1149.0	38.0	151.0	62.0	24.0	3.0
2	4	9	0.0	0.49999999949999996	nan	40519.0	691.0	1945.0	48.0	14.0	4537.0	48.0	34.0	1178.0	721.0	25.0	192.0	15.0	33.0	0.0
2	9	4	-115.27012116097646	1.0	0.5	40519.0	1945.0	691.0	48.0	14.0	4537.0	1178.0	192.0	48.0	721.0	15.0	34.0	25.0	33.0	0.0
4	2	9	0.0	0.49999999949999996	nan	40519.0	691.0	4537.0	48.0	34.0	1945.0	48.0	14.0	1178.0	721.0	25.0	192.0	33.0	15.0	0.0
2	5	6	-0.13181326987760394	0.5524340379565604	1.0091324200913243	39978.0	1422.0	1665.0	113.0	39.0	4615.0	115.0	78.0	336.0	1387.0	35.0	109.0	32.0	74.0	2.0
2	6	5	-14.697179591352802	1.0	0.4977477477477477	39978.0	1665.0	1422.0	113.0	39.0	4615.0	336.0	109.0	115.0	1387.0	32.0	78.0	35.0	74.0	2.0
5	2	6	0.1330061501479895	0.44709422621366923	0.9911111111111112	39978.0	1422.0	4615.0	115.0	78.0	1665.0	113.0	39.0	336.0	1387.0	35.0	109.0	74.0	32.0	2.0
2	5	7	-0.128449344551372	0.5511033443200892	1.0095693779904307	39903.0	1497.0	1663.0	119.0	35.0	4604.0	121.0	83.0	332.0	1395.0	31.0	112.0	30.0	73.0	2.0
2	7	5	-13.679855194721082	1.0	0.4976415094339623	39903.0	1663.0	1497.0	119.0	35.0	4604.0	332.0	112.0	121.0	1395.0	30.0	83.0	31.0	73.0	2.0
5	2	7	0.12966687388361248	0.4484149611127599	0.9906976744186047	39903.0	1497.0	4604.0	121.0	83.0	1663.0	119.0	35.0	332.0	1395.0	31.0	112.0	73.0	30.0	2.0
2	5	8	-0.14179751794757753	0.5563800521470541	1.004158004158004	40208.0	1192.0	1694.0	98.0	25.0	4641.0	100.0	67.0	583.0	1142.0	33.0	125.0	25.0	65.0	2.0
2	8	5	-34.385898102287825	1.0	0.49896694214876036	40208.0	1694.0	1192.0	98.0	25.0	4641.0	583.0	125.0	100.0	1142.0	25.0	67.0	33.0	65.0	2.0
5	2	8	0.14238467123100434	0.4433880608472215	0.9958932238193019	40208.0	1192.0	4641.0	100.0	67.0	1694.0	98.0	25.0	583.0	1142.0	33.0	125.0	65.0	25.0	2.0
2	5	9	0.6489354435104228	0.2581899899704664	0.9927909371781668	40730.0	670.0	1734.0	62.0	21.0	4721.0	55.0	32.0	1019.0	713.0	26.0	167.0	16.0	34.0	0.0
2	9	5	-88.71874563421058	1.0	0.5018219677251432	40730.0	1734.0	670.0	62.0	21.0	4721.0	1019.0	167.0	55.0	713.0	16.0	32.0	26.0	34.0	0.0
5	2	9	-0.6442232566799528	0.7402847250261259	1.0073684210526315	40730.0	670.0	4721.0	55.0	32.0	1734.0	62.0	21.0	1019.0	713.0	26.0	167.0	34.0	16.0	0.0
2	6	7	-99999.9	1.0	-0.010356731875719219	40949.0	694.0	617.0	935.0	22.0	4960.0	57.0	43.0	48.0	1473.0	13.0	40.0	16.0	133.0	0.0
2	7	6	0.8815647309566534	0.18900608143076592	0.010044642857142858	40949.0	617.0	694.0	935.0	22.0	4960.0	48.0	40.0	57.0	1473.0	16.0	43.0	13.0	133.0	0.0
6	2	7	-86.00153708666016	1.0	0.5025495750708215	40949.0	694.0	4960.0	57.0	43.0	617.0	935.0	22.0	48.0	1473.0	13.0	40.0	133.0	16.0	0.0
2	6	8	-0.8389246011754184	0.7992442390990111	1.0483870967741935	40446.0	1197.0	1456.0	91.0	27.0	4889.0	103.0	68.0	363.0	1142.0	29.0	97.0	22.0	69.0	1.0
2	8	6	-19.01562429330949	1.0	0.48872180451127817	40446.0	1456.0	1197.0	91.0	27.0	4889.0	363.0	97.0	103.0	1142.0	22.0	68.0	29.0	69.0	1.0
6	2	8	0.8776441981527455	0.1900683805873088	0.9577464788732395	40446.0	1197.0	4889.0	103.0	68.0	1456.0	91.0	27.0	363.0	1142.0	29.0	97.0	69.0	22.0	1.0
2	6	9	0.18585475849820451	0.4262793444445836	0.9973333333333333	40959.0	684.0	1505.0	59.0	10.0	4966.0	57.0	37.0	805.0	712.0	17.0	136.0	15.0	37.0	1.0
2	9	6	-69.32382491983009	1.0	0.5006693440428379	40959.0	1505.0	684.0	59.0	10.0	4966.0	805.0	136.0	57.0	712.0	15.0	37.0	17.0	37.0	1.0
6	2	9	-0.18535782064125744	0.5735257920171832	1.0026881720430108	40959.0	684.0	4966.0	57.0	37.0	1505.0	59.0	10.0	805.0	712.0	17.0	136.0	37.0	15.0	1.0
2	7	8	-0.14085496848598444	0.556007766637956	1.0074074074074073	40372.0	1194.0	1530.0	99.0	22.0	4876.0	101.0	71.0	373.0	1144.0	29.0	100.0	22.0	67.0	0.0
2	8	7	-19.29713068258002	1.0	0.4981684981684981	40372.0	1530.0	1194.0	99.0	22.0	4876.0	373.0	100.0	101.0	1144.0	22.0	71.0	29.0	67.0	0.0
7	2	8	0.14189066678367548	0.4435831588864759	0.9927536231884058	40372.0	1194.0	4876.0	101.0	71.0	1530.0	99.0	22.0	373.0	1144.0	29.0	100.0	67.0	22.0	0.0
2	7	9	0.47155882044402303	0.318620876729092	0.9934640522875817	40883.0	683.0	1581.0	59.0	11.0	4956.0	54.0	38.0	814.0	714.0	18.0	137.0	16.0	36.0	0.0
2	9	7	-71.20538188704737	1.0	0.5016501650165017	40883.0	1581.0	683.0	59.0	11.0	4956.0	814.0	137.0	54.0	714.0	16.0	38.0	18.0	36.0	0.0
7	2	9	-0.46845645978320716	0.6802708841284999	1.0066666666666666	40883.0	683.0	4956.0	54.0	38.0	1581.0	59.0	11.0	814.0	714.0	18.0	137.0	36.0	16.0	0.0
2	8	9	0.19098493468925382	0.4242687159844787	0.9958847736625515	41216.0	686.0	1248.0	56.0	11.0	5259.0	54.0	36.0	538.0	716.0	13.0	110.0	14.0	43.0	0.0
2	9	8	-46.02736926011004	1.0	0.5010351966873706	41216.0	1248.0	686.0	56.0	11.0	5259.0	538.0	110.0	54.0	716.0	14.0	36.0	13.0	43.0	0.0
8	2	9	-0.19019574074425694	0.5754221084855193	1.0041666666666667	41216.0	686.0	5259.0	54.0	36.0	1248.0	56.0	11.0	538.0	716.0	13.0	110.0	43.0	14.0	0.0
3	4	5	0.29158521877678906	0.3853019563819502	0.9787234042553191	41248.0	1717.0	1897.0	98.0	36.0	2713.0	94.0	57.0	278.0	1656.0	44.0	72.0	31.0	58.0	1.0
3	5	4	-13.121334844955472	1.0	0.5054945054945055	41248.0	1897.0	1717.0	98.0	36.0	2713.0	278.0	72.0	94.0	1656.0	31.0	57.0	44.0	58.0	1.0
4	3	5	-0.2852464096729458	0.6122722504406364	1.0227272727272727	41248.0	1717.0	2713.0	94.0	57.0	1897.0	98.0	36.0	278.0	1656.0	44.0	72.0	58.0	31.0	1.0
3	4	6	1.5701023785313777	0.058195656429882225	0.9539170506912442	41490.0	1475.0	1901.0	94.0	36.0	2738.0	74.0	52.0	488.0	1450.0	40.0	86.0	24.0	50.0	2.0
3	6	4	-30.931016857068148	1.0	0.5123762376237624	41490.0	1901.0	1475.0	94.0	36.0	2738.0	488.0	86.0	74.0	1450.0	24.0	52.0	40.0	50.0	2.0
4	3	6	-1.4942520220805864	0.9324450886184397	1.053475935828877	41490.0	1475.0	2738.0	74.0	52.0	1901.0	94.0	36.0	488.0	1450.0	40.0	86.0	50.0	24.0	2.0
3	4	7	2.7181403030433438	0.0032825514004296563	0.9157175398633257	41437.0	1528.0	1873.0	116.0	42.0	2734.0	79.0	51.0	481.0	1459.0	38.0	89.0	21.0	50.0	2.0
3	7	4	-26.814086773265405	1.0	0.5241199478487614	41437.0	1873.0	1528.0	116.0	42.0	2734.0	481.0	89.0	79.0	1459.0	21.0	51.0	38.0	50.0	2.0
4	3	7	-2.467963210474678	0.9932057777137603	1.1128048780487805	41437.0	1528.0	2734.0	79.0	51.0	1873.0	116.0	42.0	481.0	1459.0	38.0	89.0	50.0	21.0	2.0
3	4	8	-0.9442807291350002	0.8274869066261311	1.016793893129771	41719.0	1246.0	1933.0	61.0	37.0	2762.0	72.0	30.0	738.0	1200.0	40.0	99.0	21.0	40.0	2.0
3	8	4	-58.116186693126814	1.0	0.4959046909903202	41719.0	1933.0	1246.0	61.0	37.0	2762.0	738.0	99.0	72.0	1200.0	21.0	30.0	40.0	40.0	2.0
4	3	8	0.9598769573939865	0.16855856637549382	0.9840116279069767	41719.0	1246.0	2762.0	72.0	30.0	1933.0	61.0	37.0	738.0	1200.0	40.0	99.0	40.0	21.0	2.0
3	4	9	0.25399814775217017	0.3997485512364829	0.9982964224872232	42250.0	715.0	1984.0	32.0	15.0	2806.0	30.0	28.0	1202.0	749.0	27.0	129.0	12.0	21.0	0.0
3	9	4	-148.58891643501968	1.0	0.5004269854824936	42250.0	1984.0	715.0	32.0	15.0	2806.0	1202.0	129.0	30.0	749.0	12.0	28.0	27.0	21.0	0.0
4	3	9	-0.2535647038140265	0.6000840095558126	1.0017123287671232	42250.0	715.0	2806.0	30.0	28.0	1984.0	32.0	15.0	1202.0	749.0	27.0	129.0	21.0	12.0	0.0
3	5	6	0.41356353441942373	0.3395969351804149	0.9789029535864979	41655.0	1490.0	1736.0	77.0	38.0	2938.0	72.0	53.0	304.0	1443.0	34.0	70.0	33.0	54.0	3.0
3	6	5	-18.775784462641866	1.0	0.5054466230936819	41655.0	1736.0	1490.0	77.0	38.0	2938.0	304.0	70.0	72.0	1443.0	33.0	53.0	34.0	54.0	3.0
5	3	6	-0.40465052721210854	0.6571327464957172	1.0225225225225225	41655.0	1490.0	2938.0	72.0	53.0	1736.0	77.0	38.0	304.0	1443.0	34.0	70.0	54.0	33.0	3.0
3	5	7	0.5524799593493573	0.2903097524166315	0.9696969696969697	41578.0	1567.0	1732.0	86.0	33.0	2929.0	79.0	55.0	303.0	1448.0	30.0	72.0	32.0	53.0	3.0
3	7	5	-17.126878739830087	1.0	0.5079365079365079	41578.0	1732.0	1567.0	86.0	33.0	2929.0	303.0	72.0	79.0	1448.0	32.0	55.0	30.0	53.0	3.0
5	3	7	-0.53521496061969	0.7037494086498158	1.0333333333333334	41578.0	1567.0	2929.0	79.0	55.0	1732.0	86.0	33.0	303.0	1448.0	30.0	72.0	53.0	32.0	3.0
3	5	8	-0.5107883698315635	0.6952503803176884	1.0127118644067796	41890.0	1255.0	1762.0	65.0	24.0	2959.0	71.0	33.0	549.0	1198.0	34.0	91.0	24.0	42.0	3.0
3	8	5	-41.20359516641276	1.0	0.4968814968814969	41890.0	1762.0	1255.0	65.0	24.0	2959.0	549.0	91.0	71.0	1198.0	24.0	33.0	34.0	42.0	3.0
5	3	8	0.5171999393273572	0.30250828661435236	0.9877551020408163	41890.0	1255.0	2959.0	71.0	33.0	1762.0	65.0	24.0	549.0	1198.0	34.0	91.0	42.0	24.0	3.0
3	5	9	1.1358193709705149	0.12801613765310593	0.98989898989899	42448.0	697.0	1786.0	44.0	21.0	3003.0	34.0	26.0	1014.0	741.0	26.0	120.0	16.0	24.0	0.0
3	9	5	-110.17447898413994	1.0	0.5025641025641026	42448.0	1786.0	697.0	44.0	21.0	3003.0	1014.0	120.0	34.0	741.0	16.0	26.0	26.0	24.0	0.0
5	3	9	-1.1242293773891832	0.8695420844031133	1.0104166666666667	42448.0	697.0	3003.0	34.0	26.0	1786.0	44.0	21.0	1014.0	741.0	26.0	120.0	24.0	16.0	0.0
3	6	7	-99999.9	1.0	-0.008958566629339306	42665.0	726.0	645.0	938.0	22.0	3244.0	37.0	31.0	29.0	1506.0	13.0	31.0	16.0	97.0	0.0
3	7	6	0.9872513164631892	0.16175973014489076	0.008724100327153761	42665.0	645.0	726.0	938.0	22.0	3244.0	29.0	31.0	37.0	1506.0	16.0	31.0	13.0	97.0	0.0
6	3	7	-111.1891795166668	1.0	0.5022099447513813	42665.0	726.0	3244.0	37.0	31.0	645.0	938.0	22.0	29.0	1506.0	13.0	31.0	97.0	16.0	0.0
3	6	8	-1.224810509684243	0.8896766206576878	1.0649350649350648	42138.0	1253.0	1514.0	62.0	29.0	3197.0	77.0	38.0	323.0	1196.0	29.0	79.0	20.0	44.0	1.0
3	8	6	-21.311702868505837	1.0	0.48520710059171596	42138.0	1514.0	1253.0	62.0	29.0	3197.0	323.0	79.0	77.0	1196.0	20.0	38.0	29.0	44.0	1.0
6	3	8	1.2994940773479162	0.09688728021469428	0.9456521739130435	42138.0	1253.0	3197.0	77.0	38.0	1514.0	62.0	29.0	323.0	1196.0	29.0	79.0	44.0	20.0	1.0
3	6	9	0.5710826423275912	0.28397177547723307	0.993368700265252	42678.0	713.0	1556.0	41.0	8.0	3247.0	36.0	29.0	785.0	742.0	21.0	105.0	13.0	25.0	1.0
3	9	6	-84.97709717834564	1.0	0.5016744809109176	42678.0	1556.0	713.0	41.0	8.0	3247.0	785.0	105.0	36.0	742.0	13.0	29.0	21.0	25.0	1.0
6	3	9	-0.5672703416444964	0.714734772979248	1.006765899864682	42678.0	713.0	3247.0	36.0	29.0	1556.0	41.0	8.0	785.0	742.0	21.0	105.0	25.0	13.0	1.0
3	7	8	-0.40794057331404515	0.6583413019552653	1.0199203187250996	42059.0	1251.0	1593.0	71.0	22.0	3189.0	76.0	39.0	332.0	1197.0	30.0	78.0	20.0	42.0	1.0
3	8	7	-21.29449792699315	1.0	0.4951644100580271	42059.0	1593.0	1251.0	71.0	22.0	3189.0	332.0	78.0	76.0	1197.0	20.0	39.0	30.0	42.0	1.0
7	3	8	0.4159081626365851	0.3387386454368886	0.981203007518797	42059.0	1251.0	3189.0	76.0	39.0	1593.0	71.0	22.0	332.0	1197.0	30.0	78.0	42.0	20.0	1.0
3	7	9	0.6900762333963645	0.2450730558701033	0.9921568627450981	42598.0	712.0	1636.0	41.0	9.0	3241.0	35.0	28.0	794.0	743.0	22.0	102.0	13.0	25.0	1.0
3	9	7	-86.60456729124371	1.0	0.501984126984127	42598.0	1636.0	712.0	41.0	9.0	3241.0	794.0	102.0	35.0	743.0	13.0	28.0	22.0	25.0	1.0
7	3	9	-0.6846210853062744	0.7532085386957945	1.0080321285140563	42598.0	712.0	3241.0	35.0	28.0	1636.0	41.0	9.0	794.0	743.0	22.0	102.0	25.0	13.0	1.0
3	8	9	1.18608991843797	0.11779345869734803	0.9803921568627451	42941.0	711.0	1293.0	41.0	10.0	3534.0	31.0	34.0	531.0	747.0	15.0	72.0	13.0	27.0	0.0
3	9	8	-58.11840600346064	1.0	0.5050505050505051	42941.0	1293.0	711.0	41.0	10.0	3534.0	531.0	72.0	31.0	747.0	13.0	34.0	15.0	27.0	0.0
8	3	9	-1.1623681200692106	0.877456957395228	1.0208333333333333	42941.0	711.0	3534.0	31.0	34.0	1293.0	41.0	10.0	531.0	747.0	15.0	72.0	27.0	13.0	0.0
4	5	6	-0.9240636708921434	0.8222734367325155	1.058252427184466	42470.0	1491.0	1758.0	73.0	37.0	2123.0	85.0	39.0	303.0	1475.0	34.0	49.0	34.0	26.0	3.0
4	6	5	-17.711220358766067	1.0	0.48660714285714285	42470.0	1758.0	1491.0	73.0	37.0	2123.0	303.0	49.0	85.0	1475.0	34.0	39.0	34.0	26.0	3.0
5	4	6	0.9749295610329954	0.16479760084010475	0.9504132231404959	42470.0	1491.0	2123.0	85.0	39.0	1758.0	73.0	37.0	303.0	1475.0	34.0	49.0	26.0	34.0	3.0
4	5	7	-2.083454363667093	0.9813951504726688	1.19375	42410.0	1551.0	1761.0	73.0	34.0	2097.0	104.0	46.0	295.0	1488.0	29.0	51.0	33.0	26.0	2.0
4	7	5	-14.920221572067573	1.0	0.46246973365617433	42410.0	1761.0	1551.0	73.0	34.0	2097.0	295.0	51.0	104.0	1488.0	33.0	46.0	29.0	26.0	2.0
5	4	7	2.4216066425868834	0.007726031259612354	0.8774703557312253	42410.0	1551.0	2097.0	104.0	46.0	1761.0	73.0	34.0	295.0	1488.0	29.0	51.0	26.0	33.0	2.0
4	5	8	0.3791869462996541	0.35227457933955475	0.9921104536489151	42697.0	1264.0	1784.0	58.0	26.0	2152.0	54.0	41.0	557.0	1222.0	33.0	61.0	25.0	25.0	1.0
4	8	5	-47.30357155088187	1.0	0.501996007984032	42697.0	1784.0	1264.0	58.0	26.0	2152.0	557.0	61.0	54.0	1222.0	25.0	41.0	33.0	25.0	1.0
5	4	8	-0.37617154314816575	0.6466052570337226	1.0080808080808081	42697.0	1264.0	2152.0	54.0	41.0	1784.0	58.0	26.0	557.0	1222.0	33.0	61.0	25.0	25.0	1.0
4	5	9	0.9723826589011834	0.16543010689745663	0.9920634920634921	43249.0	712.0	1807.0	38.0	23.0	2202.0	30.0	15.0	1030.0	757.0	25.0	83.0	15.0	14.0	0.0
4	9	5	-120.57544970374683	1.0	0.5020080321285141	43249.0	1807.0	712.0	38.0	23.0	2202.0	1030.0	83.0	30.0	757.0	15.0	15.0	25.0	14.0	0.0
5	4	9	-0.9646035976299739	0.8326283056310309	1.008130081300813	43249.0	712.0	2202.0	30.0	15.0	1807.0	38.0	23.0	1030.0	757.0	25.0	83.0	14.0	15.0	0.0
4	6	7	-99999.9	1.0	-0.03202846975088968	43507.0	721.0	664.0	915.0	22.0	2402.0	45.0	28.0	18.0	1564.0	12.0	23.0	16.0	62.0	1.0
4	7	6	3.405498863696439	0.0003302676201101251	0.029220779220779224	43507.0	664.0	721.0	915.0	22.0	2402.0	18.0	23.0	45.0	1564.0	16.0	28.0	12.0	62.0	1.0
6	4	7	-109.73274116355195	1.0	0.5076400679117148	43507.0	721.0	2402.0	45.0	28.0	664.0	915.0	22.0	18.0	1564.0	12.0	23.0	62.0	16.0	1.0
4	6	8	-0.46980359289600665	0.6807523115171037	1.017921146953405	42963.0	1265.0	1518.0	53.0	30.0	2372.0	58.0	45.0	342.0	1223.0	29.0	56.0	20.0	26.0	0.0
4	8	6	-27.154647669389156	1.0	0.4956369982547993	42963.0	1518.0	1265.0	53.0	30.0	2372.0	342.0	56.0	58.0	1223.0	20.0	45.0	29.0	26.0	0.0
6	4	8	0.47807478291178146	0.31629850015510397	0.9829931972789115	42963.0	1265.0	2372.0	58.0	45.0	1518.0	53.0	30.0	342.0	1223.0	29.0	56.0	26.0	20.0	0.0
4	6	9	0.5087140835114757	0.3054763185083563	0.9949367088607595	43498.0	730.0	1558.0	33.0	10.0	2427.0	29.0	19.0	815.0	760.0	19.0	73.0	13.0	15.0	1.0
4	9	6	-99.4536033264935	1.0	0.5012755102040817	43498.0	1558.0	730.0	33.0	10.0	2427.0	815.0	73.0	29.0	760.0	13.0	19.0	19.0	15.0	1.0
6	4	9	-0.5061252077684147	0.6936156269794194	1.0051413881748072	43498.0	730.0	2427.0	29.0	19.0	1558.0	33.0	10.0	815.0	760.0	19.0	73.0	15.0	13.0	1.0
4	7	8	0.5568284765763039	0.28882228262340526	0.9811912225705329	42907.0	1264.0	1574.0	62.0	22.0	2341.0	56.0	46.0	369.0	1225.0	31.0	60.0	20.0	23.0	0.0
4	8	7	-28.491057051487566	1.0	0.5048387096774194	42907.0	1574.0	1264.0	62.0	22.0	2341.0	369.0	60.0	56.0	1225.0	20.0	46.0	31.0	23.0	0.0
7	4	8	-0.5461544482713266	0.7075201376466301	1.0199335548172757	42907.0	1264.0	2341.0	56.0	46.0	1574.0	62.0	22.0	369.0	1225.0	31.0	60.0	23.0	20.0	0.0
4	7	9	0.7894474000063036	0.21492521849288937	0.9927007299270073	43442.0	729.0	1614.0	32.0	12.0	2397.0	26.0	20.0	842.0	763.0	20.0	76.0	13.0	14.0	0.0
4	9	7	-106.57539900085119	1.0	0.5018450184501846	43442.0	1614.0	729.0	32.0	12.0	2397.0	842.0	76.0	26.0	763.0	13.0	20.0	20.0	14.0	0.0
7	4	9	-0.7836426397121398	0.7833751489624781	1.007462686567164	43442.0	729.0	2397.0	26.0	20.0	1614.0	32.0	12.0	842.0	763.0	20.0	76.0	14.0	13.0	0.0
4	8	9	0.900345919730796	0.18396806644933372	0.9861111111111112	43752.0	729.0	1304.0	34.0	10.0	2723.0	27.0	20.0	524.0	762.0	15.0	68.0	13.0	19.0	0.0
4	9	8	-63.0242143811557	1.0	0.5035460992907801	43752.0	1304.0	729.0	34.0	10.0	2723.0	524.0	68.0	27.0	762.0	13.0	20.0	15.0	19.0	0.0
8	4	9	-0.8876649912838834	0.8126395423663815	1.0144927536231885	43752.0	729.0	2723.0	27.0	20.0	1304.0	34.0	10.0	524.0	762.0	15.0	68.0	19.0	13.0	0.0
5	6	7	-99999.9	1.0	-0.008938547486033519	43848.0	745.0	659.0	934.0	22.0	2061.0	31.0	18.0	23.0	1539.0	12.0	23.0	17.0	68.0	0.0
5	7	6	1.0909983593626853	0.13763684389446107	0.008705114254624592	43848.0	659.0	745.0	934.0	22.0	2061.0	23.0	23.0	31.0	1539.0	17.0	18.0	12.0	68.0	0.0
6	5	7	-123.1464398130629	1.0	0.5022050716648292	43848.0	745.0	2061.0	31.0	18.0	659.0	934.0	22.0	23.0	1539.0	12.0	23.0	68.0	17.0	0.0
5	6	8	-0.9401325807752081	0.8264252344314011	1.0395256916996047	43314.0	1279.0	1535.0	49.0	31.0	2021.0	59.0	30.0	322.0	1225.0	27.0	59.0	21.0	28.0	0.0
5	8	6	-25.665619455163167	1.0	0.4906716417910448	43314.0	1535.0	1279.0	49.0	31.0	2021.0	322.0	59.0	59.0	1225.0	21.0	30.0	27.0	28.0	0.0
6	5	8	0.9758790667362427	0.16456219885722678	0.9646643109540636	43314.0	1279.0	2021.0	59.0	30.0	1535.0	49.0	31.0	322.0	1225.0	27.0	59.0	28.0	21.0	0.0
5	6	9	-0.5673075059982058	0.7147473957762662	1.0066489361702127	43880.0	713.0	1571.0	36.0	8.0	2045.0	41.0	24.0	798.0	755.0	21.0	77.0	13.0	17.0	1.0
5	9	6	-86.45766391412657	1.0	0.49835418038183016	43880.0	1571.0	713.0	36.0	8.0	2045.0	798.0	77.0	41.0	755.0	13.0	24.0	21.0	17.0	1.0
6	5	9	0.571054583316556	0.28398128518252197	0.9934810951760105	43880.0	713.0	2045.0	41.0	24.0	1571.0	36.0	8.0	798.0	755.0	21.0	77.0	17.0	13.0	1.0
5	7	8	0.09179559520074686	0.4634301601043549	0.9963636363636363	43230.0	1277.0	1619.0	60.0	22.0	2018.0	59.0	30.0	333.0	1225.0	29.0	51.0	21.0	25.0	1.0
5	8	7	-25.060197489803834	1.0	0.5009140767824497	43230.0	1619.0	1277.0	60.0	22.0	2018.0	333.0	51.0	59.0	1225.0	21.0	30.0	29.0	25.0	1.0
7	5	8	-0.09146057478030618	0.5364367461414237	1.0036764705882353	43230.0	1277.0	2018.0	59.0	30.0	1619.0	60.0	22.0	333.0	1225.0	29.0	51.0	25.0	21.0	1.0
5	7	9	-0.4572111835893926	0.6762403480391974	1.0052287581699346	43796.0	711.0	1655.0	36.0	10.0	2043.0	40.0	24.0	809.0	756.0	22.0	68.0	13.0	17.0	0.0
5	9	7	-88.35606122865026	1.0	0.49870298313878086	43796.0	1655.0	711.0	36.0	10.0	2043.0	809.0	68.0	40.0	756.0	13.0	24.0	22.0	17.0	0.0
7	5	9	0.4595893952075429	0.3229055065829436	0.9948519948519948	43796.0	711.0	2043.0	40.0	24.0	1655.0	36.0	10.0	809.0	756.0	22.0	68.0	17.0	13.0	0.0
5	8	9	0.0	0.49999999949999996	nan	44136.0	713.0	1315.0	37.0	7.0	2339.0	37.0	26.0	528.0	759.0	18.0	53.0	13.0	19.0	0.0
5	9	8	-57.03906372674086	1.0	0.5	44136.0	1315.0	713.0	37.0	7.0	2339.0	528.0	53.0	37.0	759.0	13.0	26.0	18.0	19.0	0.0
8	5	9	0.0	0.49999999949999996	nan	44136.0	713.0	2339.0	37.0	26.0	1315.0	37.0	7.0	528.0	759.0	18.0	53.0	19.0	13.0	0.0
6	7	8	1.3431522261155064	0.0896114075953286	0.9925558312655087	44575.0	1334.0	760.0	27.0	7.0	673.0	18.0	14.0	1218.0	1271.0	52.0	25.0	13.0	12.0	1.0
6	8	7	-177.74381125595204	1.0	0.5018820577164367	44575.0	760.0	1334.0	27.0	7.0	673.0	1218.0	25.0	18.0	1271.0	13.0	14.0	52.0	12.0	1.0
7	6	8	-1.33307858441964	0.9087469267180315	1.0076142131979695	44575.0	1334.0	673.0	18.0	14.0	760.0	27.0	7.0	1218.0	1271.0	52.0	25.0	12.0	13.0	1.0
6	7	9	0.0	0.49999999949999996	nan	45148.0	761.0	777.0	11.0	6.0	691.0	11.0	3.0	1720.0	790.0	31.0	35.0	7.0	8.0	1.0
6	9	7	-363.5347456739383	1.0	0.5	45148.0	777.0	761.0	11.0	6.0	691.0	1720.0	35.0	11.0	790.0	7.0	3.0	31.0	8.0	1.0
7	6	9	0.0	0.49999999949999996	nan	45148.0	761.0	691.0	11.0	3.0	777.0	11.0	6.0	1720.0	790.0	31.0	35.0	8.0	7.0	1.0
6	8	9	0.5093826337592422	0.30524201685306573	0.9919354838709677	44599.0	736.0	1326.0	33.0	9.0	1876.0	29.0	11.0	521.0	766.0	15.0	49.0	13.0	16.0	1.0
6	9	8	-62.14468131862762	1.0	0.5020408163265306	44599.0	1326.0	736.0	33.0	9.0	1876.0	521.0	49.0	29.0	766.0	13.0	11.0	15.0	16.0	1.0
8	6	9	-0.5052413115335571	0.6933053253394283	1.0082644628099173	44599.0	736.0	1876.0	29.0	11.0	1326.0	33.0	9.0	521.0	766.0	15.0	49.0	16.0	13.0	1.0
7	8	9	0.38483211422094166	0.3501809573368029	0.9940357852882704	44514.0	734.0	1325.0	32.0	9.0	1961.0	29.0	13.0	529.0	766.0	15.0	42.0	14.0	17.0	0.0
7	9	8	-63.75385358926935	1.0	0.5015045135406219	44514.0	1325.0	734.0	32.0	9.0	1961.0	529.0	42.0	29.0	766.0	14.0	13.0	15.0	17.0	0.0
8	7	9	-0.3825231215356161	0.6489632530000913	1.0060728744939271	44514.0	734.0	1961.0	29.0	13.0	1325.0	32.0	9.0	529.0	766.0	15.0	42.0	17.0	14.0	0.0
