P1	Hybrid	P2	Zscore	Pvalue	Gamma	AAAA	AAAB	AABA	AABB	AABC	ABAA	ABAB	ABAC	ABBA	BAAA	ABBC	CABC	BACA	BCAA	ABCD
1	2	3	0.3684224190046598	0.35627920221922715	0.9939759036144579	36870.0	2057.0	3144.0	185.0	103.0	3494.0	178.0	117.0	1333.0	1925.0	125.0	256.0	99.0	107.0	7.0
1	3	2	-60.42127671676427	1.0	0.5015197568389058	36870.0	3144.0	2057.0	185.0	103.0	3494.0	1333.0	256.0	178.0	1925.0	99.0	117.0	125.0	107.0	7.0
2	1	3	-0.36618955585917706	0.6428881213069189	1.0061349693251533	36870.0	2057.0	3494.0	178.0	117.0	3144.0	185.0	103.0	1333.0	1925.0	125.0	256.0	107.0	99.0	7.0
1	2	4	1.3137274535760726	0.09446903627101955	0.9826546003016591	36978.0	1949.0	3168.0	167.0	97.0	3550.0	144.0	95.0	1447.0	1821.0	115.0	272.0	92.0	99.0	6.0
1	4	2	-73.11178872075534	1.0	0.5044521873790166	36978.0	3168.0	1949.0	167.0	97.0	3550.0	1447.0	272.0	144.0	1821.0	92.0	95.0	115.0	99.0	6.0
2	1	4	-1.290538097143034	0.901567985107763	1.0182975338106603	36978.0	1949.0	3550.0	144.0	95.0	3168.0	167.0	97.0	1447.0	1821.0	115.0	272.0	99.0	92.0	6.0
1	2	5	-0.17626107662087195	0.5699555744803674	1.001990710019907	37242.0	1685.0	3218.0	143.0	71.0	3568.0	146.0	75.0	1656.0	1618.0	109.0	303.0	75.0	81.0	10.0
1	5	2	-88.89433630912619	1.0	0.49950380416804496	37242.0	3218.0	1685.0	143.0	71.0	3568.0	1656.0	303.0	146.0	1618.0	75.0	75.0	109.0	81.0	10.0
2	1	5	0.17661126419031736	0.4299068788376228	0.9980211081794196	37242.0	1685.0	3568.0	146.0	75.0	3218.0	143.0	71.0	1656.0	1618.0	109.0	303.0	81.0	75.0	10.0
1	2	6	-0.9576366052017004	0.8308769897513621	1.0099071207430341	37379.0	1548.0	3231.0	130.0	71.0	3559.0	146.0	84.0	1777.0	1513.0	93.0	301.0	78.0	79.0	11.0
1	6	2	-98.5767180479499	1.0	0.4975594874923734	37379.0	3231.0	1548.0	130.0	71.0	3559.0	1777.0	301.0	146.0	1513.0	78.0	84.0	93.0	79.0	11.0
2	1	6	0.9670309557125694	0.16676427642545155	0.9903788334335538	37379.0	1548.0	3559.0	146.0	84.0	3231.0	130.0	71.0	1777.0	1513.0	93.0	301.0	79.0	78.0	11.0
1	2	7	0.06637563586476732	0.47353931397777094	0.9994553376906318	37467.0	1460.0	3251.0	114.0	67.0	3606.0	113.0	70.0	1948.0	1350.0	85.0	329.0	74.0	58.0	8.0
1	7	2	-121.73291617598294	1.0	0.5001362769146906	37467.0	3251.0	1460.0	114.0	67.0	3606.0	1948.0	329.0	113.0	1350.0	74.0	70.0	85.0	58.0	8.0
2	1	7	-0.06633946385612167	0.5264462872169667	1.0005455537370431	37467.0	1460.0	3606.0	113.0	70.0	3251.0	114.0	67.0	1948.0	1350.0	85.0	329.0	58.0	74.0	8.0
1	2	8	-0.4498976971043051	0.6736078704489461	1.0038631346578366	37487.0	1440.0	3250.0	117.0	65.0	3589.0	124.0	76.0	1943.0	1351.0	89.0	326.0	76.0	60.0	7.0
1	8	2	-117.35902784463698	1.0	0.499039780521262	37487.0	3250.0	1440.0	117.0	65.0	3589.0	1943.0	326.0	124.0	1351.0	76.0	76.0	89.0	60.0	7.0
2	1	8	0.4516290241409902	0.3257681531907023	0.9961811238406983	37487.0	1440.0	3589.0	124.0	76.0	3250.0	117.0	65.0	1943.0	1351.0	89.0	326.0	60.0	76.0	7.0
1	2	9	1.284216781816098	0.09953312596642205	0.9937264742785445	38059.0	868.0	3310.0	76.0	46.0	3692.0	61.0	36.0	2437.0	873.0	73.0	375.0	43.0	42.0	9.0
1	9	2	-202.1357214578535	1.0	0.5015832805573147	38059.0	3310.0	868.0	76.0	46.0	3692.0	2437.0	375.0	61.0	873.0	43.0	36.0	73.0	42.0	9.0
2	1	9	-1.2761093526379663	0.8990414983265612	1.0063938618925832	38059.0	868.0	3692.0	61.0	36.0	3310.0	76.0	46.0	2437.0	873.0	73.0	375.0	42.0	43.0	9.0
1	3	4	1.6709890438494786	0.04736189950456815	0.8370786516853933	38045.0	1969.0	2101.0	187.0	57.0	4806.0	158.0	119.0	307.0	1838.0	57.0	156.0	61.0	133.0	6.0
1	4	3	-6.914437422825427	0.9999999999976368	0.5539033457249071	38045.0	2101.0	1969.0	187.0	57.0	4806.0	307.0	156.0	158.0	1838.0	61.0	119.0	57.0	133.0	6.0
3	1	4	-1.3457629883351503	0.9108104538143031	1.3186813186813187	38045.0	1969.0	4806.0	158.0	119.0	2101.0	187.0	57.0	307.0	1838.0	57.0	156.0	133.0	61.0	6.0
1	3	5	-0.8258708457553671	0.795561373448744	1.0429799426934097	38318.0	1696.0	2142.0	150.0	53.0	4816.0	165.0	102.0	529.0	1615.0	58.0	182.0	59.0	105.0	10.0
1	5	3	-20.86700336941894	1.0	0.4899057873485868	38318.0	2142.0	1696.0	150.0	53.0	4816.0	529.0	182.0	165.0	1615.0	59.0	102.0	58.0	105.0	10.0
3	1	5	0.8599039850035276	0.19492094246904168	0.9619289340101523	38318.0	1696.0	4816.0	165.0	102.0	2142.0	150.0	53.0	529.0	1615.0	58.0	182.0	105.0	59.0	10.0
1	3	6	-0.9034148397476138	0.8168471444611952	1.03470715835141	38456.0	1558.0	2154.0	143.0	48.0	4814.0	159.0	110.0	636.0	1517.0	49.0	187.0	61.0	101.0	7.0
1	6	3	-27.836469749723356	1.0	0.4917525773195876	38456.0	2154.0	1558.0	143.0	48.0	4814.0	636.0	187.0	159.0	1517.0	61.0	110.0	49.0	101.0	7.0
3	1	6	0.933718062883802	0.17522465625997052	0.9685658153241651	38456.0	1558.0	4814.0	159.0	110.0	2154.0	143.0	48.0	636.0	1517.0	49.0	187.0	101.0	61.0	7.0
1	3	7	-0.9675322215616781	0.8333609820792078	1.0247678018575852	38557.0	1457.0	2161.0	125.0	59.0	4861.0	141.0	81.0	803.0	1345.0	54.0	219.0	51.0	77.0	9.0
1	7	3	-40.99917788867605	1.0	0.49402985074626865	38557.0	2161.0	1457.0	125.0	59.0	4861.0	803.0	219.0	141.0	1345.0	51.0	81.0	54.0	77.0	9.0
3	1	7	0.9909166861311445	0.16086313829047583	0.9769452449567724	38557.0	1457.0	4861.0	141.0	81.0	2161.0	125.0	59.0	803.0	1345.0	54.0	219.0	77.0	51.0	9.0
1	3	8	-2.194492642103722	0.9859000428493152	1.0619902120717781	38554.0	1460.0	2183.0	120.0	42.0	4828.0	158.0	97.0	809.0	1345.0	48.0	221.0	48.0	80.0	7.0
1	8	3	-39.789616589722726	1.0	0.48582089552238805	38554.0	2183.0	1460.0	120.0	42.0	4828.0	809.0	221.0	158.0	1345.0	48.0	97.0	48.0	80.0	7.0
3	1	8	2.322588986804093	0.010100597748748497	0.9477303988995873	38554.0	1460.0	4828.0	158.0	97.0	2183.0	120.0	42.0	809.0	1345.0	48.0	221.0	80.0	48.0	7.0
1	3	9	1.2513490250727328	0.10540365175428767	0.9877250409165302	39134.0	880.0	2235.0	80.0	30.0	4965.0	65.0	53.0	1272.0	883.0	47.0	267.0	29.0	56.0	4.0
1	9	3	-99.44053585911317	1.0	0.5031263026260943	39134.0	2235.0	880.0	80.0	30.0	4965.0	1272.0	267.0	65.0	883.0	29.0	53.0	47.0	56.0	4.0
3	1	9	-1.2357978772880676	0.8917330799471608	1.0127442650807137	39134.0	880.0	4965.0	65.0	53.0	2235.0	80.0	30.0	1272.0	883.0	47.0	267.0	56.0	29.0	4.0
1	4	5	-0.11194737461429209	0.5445674824155962	1.0096153846153846	38452.0	1694.0	2008.0	157.0	48.0	5001.0	159.0	109.0	369.0	1637.0	51.0	157.0	43.0	105.0	10.0
1	5	4	-11.866421709114936	1.0	0.49763033175355453	38452.0	2008.0	1694.0	157.0	48.0	5001.0	369.0	157.0	159.0	1637.0	43.0	109.0	51.0	105.0	10.0
4	1	5	0.11301354008680915	0.4550098620749341	0.9906542056074766	38452.0	1694.0	5001.0	159.0	109.0	2008.0	157.0	48.0	369.0	1637.0	51.0	157.0	105.0	43.0	10.0
1	4	6	0.9058773118262303	0.18250037013355214	0.9516616314199395	38616.0	1530.0	1994.0	171.0	48.0	4998.0	155.0	116.0	470.0	1544.0	43.0	169.0	38.0	101.0	7.0
1	6	4	-16.928582264752652	1.0	0.5130293159609121	38616.0	1994.0	1530.0	171.0	48.0	4998.0	470.0	169.0	155.0	1544.0	38.0	116.0	43.0	101.0	7.0
4	1	6	-0.8598644959874376	0.8050681725670197	1.0565371024734982	38616.0	1530.0	4998.0	155.0	116.0	1994.0	171.0	48.0	470.0	1544.0	43.0	169.0	101.0	38.0	7.0
1	4	7	-0.5454669222216044	0.7072838126592617	1.0180360721442885	38682.0	1464.0	2036.0	129.0	48.0	5046.0	138.0	85.0	646.0	1363.0	48.0	191.0	36.0	81.0	7.0
1	7	4	-31.33404430984104	1.0	0.49560975609756097	38682.0	2036.0	1464.0	129.0	48.0	5046.0	646.0	191.0	138.0	1363.0	36.0	85.0	48.0	81.0	7.0
4	1	7	0.5551307062767115	0.2894026011669706	0.9828897338403042	38682.0	1464.0	5046.0	138.0	85.0	2036.0	129.0	48.0	646.0	1363.0	48.0	191.0	81.0	36.0	7.0
1	4	8	-0.9943846503418199	0.8399821732127902	1.0355648535564854	38706.0	1440.0	2031.0	132.0	50.0	5024.0	149.0	96.0	644.0	1364.0	49.0	190.0	38.0	82.0	5.0
1	8	4	-29.948525939706578	1.0	0.4915590863952334	38706.0	2031.0	1440.0	132.0	50.0	5024.0	644.0	190.0	149.0	1364.0	38.0	96.0	49.0	82.0	5.0
4	1	8	1.0285352342929532	0.15184908349856174	0.9678638941398866	38706.0	1440.0	5024.0	149.0	96.0	2031.0	132.0	50.0	644.0	1364.0	49.0	190.0	82.0	38.0	5.0
1	4	9	1.912790705078846	0.027887358893319947	0.9797421731123389	39257.0	889.0	2112.0	78.0	23.0	5160.0	56.0	53.0	1120.0	893.0	44.0	224.0	28.0	59.0	4.0
1	9	4	-90.59672339509821	1.0	0.5052231718898386	39257.0	2112.0	889.0	78.0	23.0	5160.0	1120.0	224.0	56.0	893.0	28.0	53.0	44.0	59.0	4.0
4	1	9	-1.8732405213272159	0.9694824737308974	1.0215686274509803	39257.0	889.0	5160.0	56.0	53.0	2112.0	78.0	23.0	1120.0	893.0	44.0	224.0	59.0	28.0	4.0
1	5	6	-0.9187867724009858	0.8208964658077066	1.2142857142857142	38910.0	1550.0	1700.0	147.0	52.0	5241.0	165.0	121.0	267.0	1535.0	37.0	129.0	37.0	103.0	6.0
1	6	5	-6.125245149339904	0.9999999995455149	0.45945945945945943	38910.0	1700.0	1550.0	147.0	52.0	5241.0	267.0	129.0	165.0	1535.0	37.0	121.0	37.0	103.0	6.0
5	1	6	1.0809256145893948	0.1398651403404939	0.8695652173913043	38910.0	1550.0	5241.0	165.0	121.0	1700.0	147.0	52.0	267.0	1535.0	37.0	129.0	103.0	37.0	6.0
1	5	7	-0.9545077873212139	0.8300866733487698	1.0573476702508962	38983.0	1477.0	1735.0	124.0	40.0	5298.0	140.0	89.0	435.0	1363.0	41.0	150.0	34.0	84.0	7.0
1	7	5	-18.5532451160561	1.0	0.48679867986798675	38983.0	1735.0	1477.0	124.0	40.0	5298.0	435.0	150.0	140.0	1363.0	34.0	89.0	41.0	84.0	7.0
5	1	7	1.006277701209822	0.15714101428455285	0.9510703363914373	38983.0	1477.0	5298.0	140.0	89.0	1735.0	124.0	40.0	435.0	1363.0	41.0	150.0	84.0	34.0	7.0
1	5	8	-1.8555079548453033	0.968238198958002	1.1304347826086956	38994.0	1466.0	1743.0	120.0	36.0	5271.0	153.0	103.0	439.0	1364.0	36.0	148.0	34.0	87.0	6.0
1	8	5	-17.93657689683792	1.0	0.4727272727272727	38994.0	1743.0	1466.0	120.0	36.0	5271.0	439.0	148.0	153.0	1364.0	34.0	103.0	36.0	87.0	6.0
5	1	8	2.069605026558223	0.01924460808390327	0.90625	38994.0	1466.0	5271.0	153.0	103.0	1743.0	120.0	36.0	439.0	1364.0	36.0	148.0	87.0	34.0	6.0
1	5	9	1.7999419349768564	0.03593485129064522	0.9747995418098511	39578.0	882.0	1791.0	87.0	21.0	5405.0	65.0	57.0	916.0	886.0	37.0	183.0	26.0	64.0	2.0
1	9	5	-67.82508473162792	1.0	0.506547619047619	39578.0	1791.0	882.0	87.0	21.0	5405.0	916.0	183.0	65.0	886.0	26.0	57.0	37.0	64.0	2.0
5	1	9	-1.753409946058536	0.9602342101717873	1.0272614622057001	39578.0	882.0	5405.0	65.0	57.0	1791.0	87.0	21.0	916.0	886.0	37.0	183.0	64.0	26.0	2.0
1	6	7	-1.0863257527596657	0.8613325111164557	1.1144578313253013	39122.0	1488.0	1596.0	126.0	27.0	5406.0	145.0	86.0	330.0	1366.0	41.0	147.0	26.0	90.0	4.0
1	7	6	-11.663708082261653	1.0	0.47557840616966585	39122.0	1596.0	1488.0	126.0	27.0	5406.0	330.0	147.0	145.0	1366.0	26.0	86.0	41.0	90.0	4.0
6	1	7	1.1978943435836313	0.11547914061159492	0.9147982062780269	39122.0	1488.0	5406.0	145.0	86.0	1596.0	126.0	27.0	330.0	1366.0	41.0	147.0	90.0	26.0	4.0
1	6	8	-1.9350972174674554	0.9735108847360862	1.2605633802816902	39138.0	1472.0	1599.0	121.0	29.0	5376.0	158.0	103.0	337.0	1366.0	34.0	145.0	27.0	92.0	3.0
1	8	6	-11.296783756026224	1.0	0.45316455696202534	39138.0	1599.0	1472.0	121.0	29.0	5376.0	337.0	145.0	158.0	1366.0	27.0	103.0	34.0	92.0	3.0
6	1	8	2.3350893797372647	0.009769355003370395	0.8537549407114624	39138.0	1472.0	5376.0	158.0	103.0	1599.0	121.0	29.0	337.0	1366.0	34.0	145.0	92.0	27.0	3.0
1	6	9	0.8102575920213944	0.20889601402527924	0.9867021276595744	39724.0	886.0	1645.0	82.0	22.0	5508.0	72.0	57.0	814.0	890.0	33.0	182.0	15.0	68.0	2.0
1	9	6	-59.31085573596612	1.0	0.5033921302578018	39724.0	1645.0	886.0	82.0	22.0	5508.0	814.0	182.0	72.0	890.0	15.0	57.0	33.0	68.0	2.0
6	1	9	-0.7993376783822919	0.7879527417499887	1.0138504155124655	39724.0	886.0	5508.0	72.0	57.0	1645.0	82.0	22.0	814.0	890.0	33.0	182.0	68.0	15.0	2.0
1	7	8	-99999.9	1.0	-0.015060240963855422	39874.0	844.0	863.0	759.0	19.0	5728.0	85.0	70.0	75.0	1446.0	16.0	55.0	20.0	141.0	5.0
1	8	7	0.7953463014824378	0.21320598251283485	0.01440922190201729	39874.0	863.0	844.0	759.0	19.0	5728.0	75.0	55.0	85.0	1446.0	20.0	70.0	16.0	141.0	5.0
7	1	8	-53.60634071991628	1.0	0.5036818851251841	39874.0	844.0	5728.0	85.0	70.0	863.0	759.0	19.0	75.0	1446.0	16.0	55.0	141.0	20.0	5.0
1	7	9	2.019769823017716	0.02170356586151989	0.9601386481802426	39826.0	892.0	1543.0	78.0	20.0	5771.0	55.0	57.0	609.0	896.0	32.0	124.0	26.0	67.0	4.0
1	9	7	-46.63033808793077	1.0	0.5105990783410139	39826.0	1543.0	892.0	78.0	20.0	5771.0	609.0	124.0	55.0	896.0	26.0	57.0	32.0	67.0	4.0
7	1	9	-1.9359165632173412	0.9735611078318707	1.045275590551181	39826.0	892.0	5771.0	55.0	57.0	1543.0	78.0	20.0	609.0	896.0	32.0	124.0	67.0	26.0	4.0
1	8	9	1.8317806379184283	0.03349199678710002	0.9625850340136054	39846.0	891.0	1523.0	85.0	14.0	5737.0	63.0	58.0	629.0	893.0	29.0	138.0	21.0	69.0	4.0
1	9	8	-45.29493941034659	1.0	0.5099099099099099	39846.0	1523.0	891.0	85.0	14.0	5737.0	629.0	138.0	63.0	893.0	21.0	58.0	29.0	69.0	4.0
8	1	9	-1.7605806837943905	0.9608453440959096	1.0421455938697317	39846.0	891.0	5737.0	63.0	58.0	1523.0	85.0	14.0	629.0	893.0	29.0	138.0	69.0	21.0	4.0
2	3	4	0.3952673870813566	0.3463228338025077	0.9507042253521126	38408.0	1956.0	2120.0	168.0	64.0	4443.0	161.0	129.0	296.0	1866.0	55.0	148.0	60.0	124.0	2.0
2	4	3	-7.227746506630523	0.9999999999997526	0.5133079847908745	38408.0	2120.0	1956.0	168.0	64.0	4443.0	296.0	148.0	161.0	1866.0	60.0	129.0	55.0	124.0	2.0
3	2	4	-0.37477204108454554	0.64608493676728	1.0578512396694215	38408.0	1956.0	4443.0	161.0	129.0	2120.0	168.0	64.0	296.0	1866.0	55.0	148.0	124.0	60.0	2.0
2	3	5	-0.8651558894003119	0.8065234254104193	1.0427350427350428	38646.0	1718.0	2164.0	136.0	52.0	4488.0	151.0	94.0	517.0	1632.0	68.0	172.0	59.0	102.0	1.0
2	5	3	-21.974959590767924	1.0	0.4899598393574297	38646.0	2164.0	1718.0	136.0	52.0	4488.0	517.0	172.0	151.0	1632.0	59.0	94.0	68.0	102.0	1.0
3	2	5	0.900613097982292	0.1838970050393367	0.9621212121212122	38646.0	1718.0	4488.0	151.0	94.0	2164.0	136.0	52.0	517.0	1632.0	68.0	172.0	102.0	59.0	1.0
2	3	6	0.0	0.49999999949999996	nan	38762.0	1602.0	2176.0	126.0	50.0	4508.0	126.0	99.0	630.0	1535.0	52.0	171.0	61.0	100.0	2.0
2	6	3	-31.742718199095595	1.0	0.5	38762.0	2176.0	1602.0	126.0	50.0	4508.0	630.0	171.0	126.0	1535.0	61.0	99.0	52.0	100.0	2.0
3	2	6	0.0	0.49999999949999996	nan	38762.0	1602.0	4508.0	126.0	99.0	2176.0	126.0	50.0	630.0	1535.0	52.0	171.0	100.0	61.0	2.0
2	3	7	-0.912255806980849	0.8191829884047939	1.021021021021021	38889.0	1475.0	2184.0	108.0	60.0	4529.0	122.0	82.0	802.0	1353.0	62.0	197.0	47.0	86.0	4.0
2	7	3	-45.22182357462208	1.0	0.4949053857350801	38889.0	2184.0	1475.0	108.0	60.0	4529.0	802.0	197.0	122.0	1353.0	47.0	82.0	62.0	86.0	4.0
3	2	7	0.9310375441833959	0.17591705452915218	0.980225988700565	38889.0	1475.0	4529.0	122.0	82.0	2184.0	108.0	60.0	802.0	1353.0	62.0	197.0	86.0	47.0	4.0
2	3	8	-1.5874714615293057	0.9437970437978536	1.0381679389312977	38875.0	1489.0	2201.0	106.0	45.0	4507.0	131.0	95.0	811.0	1352.0	54.0	201.0	45.0	87.0	1.0
2	8	3	-44.76669521512645	1.0	0.49097472924187724	38875.0	2201.0	1489.0	106.0	45.0	4507.0	811.0	201.0	131.0	1352.0	45.0	95.0	54.0	87.0	1.0
3	2	8	1.6458343829090598	0.049898916487637335	0.9657534246575342	38875.0	1489.0	4507.0	131.0	95.0	2201.0	106.0	45.0	811.0	1352.0	54.0	201.0	87.0	45.0	1.0
2	3	9	-0.17128942978260625	0.5680019028056724	1.0016583747927033	39495.0	869.0	2256.0	67.0	29.0	4604.0	69.0	60.0	1277.0	893.0	47.0	241.0	29.0	59.0	5.0
2	9	3	-103.63010501847708	1.0	0.49958643507030603	39495.0	2256.0	869.0	67.0	29.0	4604.0	1277.0	241.0	69.0	893.0	29.0	60.0	47.0	59.0	5.0
3	2	9	0.17157302155376952	0.43188661100538805	0.9983498349834984	39495.0	869.0	4604.0	69.0	60.0	2256.0	67.0	29.0	1277.0	893.0	47.0	241.0	59.0	29.0	5.0
2	4	5	-0.1173147326746691	0.5466947196037311	1.008695652173913	38812.0	1716.0	1998.0	143.0	47.0	4641.0	145.0	101.0	377.0	1653.0	57.0	159.0	44.0	103.0	4.0
2	5	4	-13.72582372293625	1.0	0.4978540772532189	38812.0	1998.0	1716.0	143.0	47.0	4641.0	377.0	159.0	145.0	1653.0	44.0	101.0	57.0	103.0	4.0
4	2	5	0.11832606657703694	0.4529046080221395	0.9915254237288136	38812.0	1716.0	4641.0	145.0	101.0	1998.0	143.0	47.0	377.0	1653.0	57.0	159.0	103.0	44.0	4.0
2	4	6	1.8815543747416683	0.029948208805240295	0.922879177377892	38946.0	1582.0	1992.0	150.0	46.0	4668.0	120.0	99.0	479.0	1562.0	46.0	162.0	40.0	104.0	4.0
2	6	4	-20.634379643000294	1.0	0.5218023255813954	38946.0	1992.0	1582.0	150.0	46.0	4668.0	479.0	162.0	120.0	1562.0	40.0	99.0	46.0	104.0	4.0
4	2	6	-1.7243214186351223	0.9576751183372103	1.100334448160535	38946.0	1582.0	4668.0	120.0	99.0	1992.0	150.0	46.0	479.0	1562.0	46.0	162.0	104.0	40.0	4.0
2	4	7	-0.27106743628908886	0.6068303541218244	1.007380073800738	39038.0	1490.0	2035.0	106.0	47.0	4690.0	110.0	87.0	656.0	1377.0	54.0	182.0	35.0	90.0	3.0
2	7	4	-37.27177248974985	1.0	0.4981751824817518	39038.0	2035.0	1490.0	106.0	47.0	4690.0	656.0	182.0	110.0	1377.0	35.0	87.0	54.0	90.0	3.0
4	2	7	0.27305327831318477	0.3924061937288893	0.9927797833935018	39038.0	1490.0	4690.0	110.0	87.0	2035.0	106.0	47.0	656.0	1377.0	54.0	182.0	90.0	35.0	3.0
2	4	8	-0.26155992566363806	0.6031695687333671	1.007380073800738	39054.0	1474.0	2022.0	114.0	52.0	4676.0	118.0	93.0	664.0	1373.0	50.0	179.0	37.0	91.0	3.0
2	8	4	-35.96448977875033	1.0	0.4981751824817518	39054.0	2022.0	1474.0	114.0	52.0	4676.0	664.0	179.0	118.0	1373.0	37.0	93.0	50.0	91.0	3.0
4	2	8	0.2634761155952398	0.3960918754819247	0.9927797833935018	39054.0	1474.0	4676.0	118.0	93.0	2022.0	114.0	52.0	664.0	1373.0	50.0	179.0	91.0	37.0	3.0
2	4	9	0.5630996155493525	0.2866834935793938	0.9944700460829493	39645.0	883.0	2106.0	60.0	22.0	4772.0	54.0	61.0	1133.0	910.0	44.0	217.0	27.0	60.0	6.0
2	9	4	-100.70098124740899	1.0	0.5013940520446097	39645.0	2106.0	883.0	60.0	22.0	4772.0	1133.0	217.0	54.0	910.0	27.0	61.0	44.0	60.0	6.0
4	2	9	-0.55996838506437	0.7122495305594623	1.0056232427366447	39645.0	883.0	4772.0	54.0	61.0	2106.0	60.0	22.0	1133.0	910.0	44.0	217.0	60.0	27.0	6.0
2	5	6	0.06189319520449153	0.47532387363289985	0.9921259842519685	39210.0	1600.0	1728.0	132.0	46.0	4941.0	131.0	105.0	257.0	1548.0	37.0	111.0	43.0	105.0	6.0
2	6	5	-7.736649400561423	0.9999999999999949	0.50199203187251	39210.0	1728.0	1600.0	132.0	46.0	4941.0	257.0	111.0	131.0	1548.0	43.0	105.0	37.0	105.0	6.0
5	2	6	-0.061401979369535245	0.5244805316025455	1.0080645161290323	39210.0	1600.0	4941.0	131.0	105.0	1728.0	132.0	46.0	257.0	1548.0	37.0	111.0	105.0	43.0	6.0
2	5	7	-0.5199643011486983	0.6984557835755625	1.026936026936027	39312.0	1498.0	1761.0	111.0	34.0	4969.0	119.0	89.0	424.0	1368.0	50.0	135.0	35.0	92.0	3.0
2	7	5	-20.343603282442828	1.0	0.49352750809061485	39312.0	1761.0	1498.0	111.0	34.0	4969.0	424.0	135.0	119.0	1368.0	35.0	89.0	50.0	92.0	3.0
5	2	7	0.5336027090476805	0.29680819779036893	0.9750778816199377	39312.0	1498.0	4969.0	119.0	89.0	1761.0	111.0	34.0	424.0	1368.0	50.0	135.0	92.0	35.0	3.0
2	5	8	-0.9397579062936192	0.8263291363841314	1.0506756756756757	39317.0	1493.0	1759.0	113.0	34.0	4948.0	128.0	101.0	439.0	1364.0	39.0	132.0	36.0	94.0	3.0
2	8	5	-20.42407183011463	1.0	0.4882260596546311	39317.0	1759.0	1493.0	113.0	34.0	4948.0	439.0	132.0	128.0	1364.0	36.0	101.0	39.0	94.0	3.0
5	2	8	0.9850838503270736	0.16229144677365515	0.9560117302052786	39317.0	1493.0	4948.0	128.0	101.0	1759.0	113.0	34.0	439.0	1364.0	39.0	132.0	94.0	36.0	3.0
2	5	9	0.9246267197546163	0.1775800348532609	0.9870283018867925	39941.0	869.0	1810.0	77.0	19.0	5042.0	66.0	69.0	903.0	900.0	39.0	177.0	25.0	60.0	3.0
2	9	5	-69.43106095611937	1.0	0.5033072760072159	39941.0	1810.0	869.0	77.0	19.0	5042.0	903.0	177.0	66.0	900.0	25.0	69.0	39.0	60.0	3.0
5	2	9	-0.9124751141186537	0.8192406924829394	1.0134969325153373	39941.0	869.0	5042.0	66.0	69.0	1810.0	77.0	19.0	903.0	900.0	39.0	177.0	60.0	25.0	3.0
2	6	7	-0.8134997392569381	0.7920342589811034	1.0783132530120483	39434.0	1504.0	1639.0	111.0	28.0	5094.0	124.0	91.0	303.0	1374.0	45.0	131.0	24.0	97.0	1.0
2	7	6	-12.014765379794763	1.0	0.48247978436657685	39434.0	1639.0	1504.0	111.0	28.0	5094.0	303.0	131.0	124.0	1374.0	24.0	91.0	45.0	97.0	1.0
6	2	7	0.8725807259068832	0.1914457858555615	0.9365853658536586	39434.0	1504.0	5094.0	124.0	91.0	1639.0	111.0	28.0	303.0	1374.0	45.0	131.0	97.0	24.0	1.0
2	6	8	-1.203280840378725	0.8855661044172003	1.123456790123457	39437.0	1501.0	1639.0	111.0	28.0	5077.0	131.0	101.0	313.0	1371.0	38.0	129.0	26.0	97.0	1.0
2	8	6	-12.153136487825115	1.0	0.47395833333333337	39437.0	1639.0	1501.0	111.0	28.0	5077.0	313.0	129.0	131.0	1371.0	26.0	101.0	38.0	97.0	1.0
6	2	8	1.335509504156607	0.09085488817180698	0.9099099099099099	39437.0	1501.0	5077.0	131.0	101.0	1639.0	111.0	28.0	313.0	1371.0	38.0	129.0	97.0	26.0	1.0
2	6	9	-0.08295773713961227	0.5330574934977527	1.0014064697609002	40065.0	873.0	1686.0	72.0	20.0	5167.0	73.0	69.0	785.0	903.0	34.0	170.0	15.0	65.0	3.0
2	9	6	-59.14886658054404	1.0	0.4996491228070175	40065.0	1686.0	873.0	72.0	20.0	5167.0	785.0	170.0	73.0	903.0	15.0	69.0	34.0	65.0	3.0
6	2	9	0.08307425081537015	0.46689618420970813	0.9985994397759104	40065.0	873.0	5167.0	73.0	69.0	1686.0	72.0	20.0	785.0	903.0	34.0	170.0	65.0	15.0	3.0
2	7	8	-99999.9	1.0	-0.0029455081001472753	40206.0	867.0	870.0	754.0	19.0	5396.0	73.0	59.0	71.0	1434.0	17.0	52.0	21.0	158.0	3.0
2	8	7	0.16684579208568753	0.433745691004074	0.00291970802919708	40206.0	870.0	867.0	754.0	19.0	5396.0	71.0	52.0	73.0	1434.0	21.0	59.0	17.0	158.0	3.0
7	2	8	-56.810992205176724	1.0	0.500733137829912	40206.0	867.0	5396.0	73.0	59.0	870.0	754.0	19.0	71.0	1434.0	17.0	52.0	158.0	21.0	3.0
2	7	9	0.8237311366415748	0.20504611750711388	0.9832402234636871	40194.0	879.0	1557.0	65.0	21.0	5403.0	56.0	69.0	584.0	907.0	31.0	135.0	28.0	69.0	2.0
2	9	7	-47.501828879664195	1.0	0.504297994269341	40194.0	1557.0	879.0	65.0	21.0	5403.0	584.0	135.0	56.0	907.0	28.0	69.0	31.0	69.0	2.0
7	2	9	-0.8096902649942752	0.7909409505269542	1.0176470588235293	40194.0	879.0	5403.0	56.0	69.0	1557.0	65.0	21.0	584.0	907.0	31.0	135.0	69.0	28.0	2.0
2	8	9	0.2514637531632197	0.40072784702114816	0.9943714821763602	40203.0	873.0	1548.0	73.0	19.0	5380.0	70.0	69.0	600.0	901.0	27.0	142.0	20.0	73.0	2.0
2	9	8	-44.17379930567231	1.0	0.5014191106906338	40203.0	1548.0	873.0	73.0	19.0	5380.0	600.0	142.0	70.0	901.0	20.0	69.0	27.0	73.0	2.0
8	2	9	-0.2500403734283336	0.5987218817050632	1.0057251908396947	40203.0	873.0	5380.0	70.0	69.0	1548.0	73.0	19.0	600.0	901.0	27.0	142.0	73.0	20.0	2.0
3	4	5	0.7702371691183463	0.22057954418338688	0.9638989169675091	41028.0	1823.0	2106.0	92.0	48.0	2425.0	82.0	57.0	349.0	1747.0	62.0	79.0	41.0	60.0	1.0
3	5	4	-19.79509524634149	1.0	0.5095419847328245	41028.0	2106.0	1823.0	92.0	48.0	2425.0	349.0	79.0	82.0	1747.0	41.0	57.0	62.0	60.0	1.0
4	3	5	-0.7413893350689699	0.770771364069903	1.040485829959514	41028.0	1823.0	2425.0	82.0	57.0	2106.0	92.0	48.0	349.0	1747.0	62.0	79.0	60.0	41.0	1.0
3	4	6	2.2424792342618716	0.012465167734868166	0.926829268292683	41180.0	1671.0	2090.0	109.0	47.0	2434.0	79.0	51.0	459.0	1647.0	52.0	84.0	35.0	60.0	2.0
3	6	4	-26.16225773305517	1.0	0.5205479452054795	41180.0	2090.0	1671.0	109.0	47.0	2434.0	459.0	84.0	79.0	1647.0	35.0	51.0	52.0	60.0	2.0
4	3	6	-2.0654413999780394	0.9805594383519919	1.09375	41180.0	1671.0	2434.0	79.0	51.0	2090.0	109.0	47.0	459.0	1647.0	52.0	84.0	60.0	35.0	2.0
3	4	7	0.7183753098317478	0.23626288370790038	0.9847972972972973	41302.0	1549.0	2116.0	84.0	46.0	2426.0	75.0	63.0	658.0	1441.0	59.0	99.0	31.0	48.0	3.0
3	7	4	-45.81638087149147	1.0	0.5038893690579084	41302.0	2116.0	1549.0	84.0	46.0	2426.0	658.0	99.0	75.0	1441.0	31.0	63.0	59.0	48.0	3.0
4	3	7	-0.7072854679990107	0.7603055220287074	1.015929203539823	41302.0	1549.0	2426.0	75.0	63.0	2116.0	84.0	46.0	658.0	1441.0	59.0	99.0	48.0	31.0	3.0
3	4	8	1.5437666106042276	0.061322458209618014	0.9688524590163934	41278.0	1573.0	2104.0	87.0	55.0	2452.0	68.0	44.0	659.0	1445.0	54.0	102.0	32.0	46.0	1.0
3	8	4	-46.47550006661148	1.0	0.5081685296646603	41278.0	2104.0	1573.0	87.0	55.0	2452.0	659.0	102.0	68.0	1445.0	32.0	44.0	54.0	46.0	1.0
4	3	8	-1.4941362119553605	0.9324299581936994	1.0343580470162748	41278.0	1573.0	2452.0	68.0	44.0	2104.0	87.0	55.0	659.0	1445.0	54.0	102.0	46.0	32.0	1.0
3	4	9	0.8854613774397059	0.1879538862267165	0.9928571428571429	41922.0	929.0	2177.0	45.0	24.0	2495.0	37.0	32.0	1149.0	958.0	51.0	130.0	24.0	27.0	0.0
3	9	4	-122.19367008667957	1.0	0.5018050541516246	41922.0	2177.0	929.0	45.0	24.0	2495.0	1149.0	130.0	37.0	958.0	24.0	32.0	51.0	27.0	0.0
4	3	9	-0.8790911517027297	0.8103241093456959	1.0072992700729928	41922.0	929.0	2495.0	37.0	32.0	2177.0	45.0	24.0	1149.0	958.0	51.0	130.0	27.0	24.0	0.0
3	5	6	-0.14766459692325887	0.5586962828867759	1.018181818181818	41448.0	1686.0	1822.0	89.0	52.0	2703.0	91.0	59.0	203.0	1630.0	37.0	71.0	40.0	66.0	3.0
3	6	5	-8.41688202462578	1.0	0.49557522123893805	41448.0	1822.0	1686.0	89.0	52.0	2703.0	203.0	71.0	91.0	1630.0	40.0	59.0	37.0	66.0	3.0
5	3	6	0.15030146472545994	0.4402633717443283	0.9827586206896551	41448.0	1686.0	2703.0	91.0	59.0	1822.0	89.0	52.0	203.0	1630.0	37.0	71.0	66.0	40.0	3.0
3	5	7	0.5407005943827029	0.2943569618511097	0.9777070063694268	41572.0	1562.0	1846.0	89.0	28.0	2709.0	82.0	62.0	389.0	1428.0	53.0	85.0	37.0	54.0	4.0
3	7	5	-23.17288261640152	1.0	0.5057660626029654	41572.0	1846.0	1562.0	89.0	28.0	2709.0	389.0	85.0	82.0	1428.0	37.0	62.0	53.0	54.0	4.0
5	3	7	-0.5283719163348888	0.7013794035722596	1.023890784982935	41572.0	1562.0	2709.0	82.0	62.0	1846.0	89.0	28.0	389.0	1428.0	53.0	85.0	54.0	37.0	4.0
3	5	8	0.8009785424739242	0.2115719742898874	0.9696969696969697	41531.0	1603.0	1851.0	85.0	27.0	2734.0	75.0	44.0	395.0	1432.0	43.0	84.0	38.0	54.0	4.0
3	8	5	-24.830334816691643	1.0	0.5079365079365079	41531.0	1851.0	1603.0	85.0	27.0	2734.0	395.0	84.0	75.0	1432.0	38.0	44.0	43.0	54.0	4.0
5	3	8	-0.7759479630216143	0.7811102088621122	1.0333333333333334	41531.0	1603.0	2734.0	75.0	44.0	1851.0	85.0	27.0	395.0	1432.0	43.0	84.0	54.0	38.0	4.0
3	5	9	1.1499569165776873	0.125080864913236	0.9859484777517564	42214.0	920.0	1885.0	61.0	17.0	2769.0	49.0	35.0	891.0	941.0	38.0	114.0	29.0	35.0	2.0
3	9	5	-79.5386867299568	1.0	0.5035885167464115	42214.0	1885.0	920.0	61.0	17.0	2769.0	891.0	114.0	49.0	941.0	29.0	35.0	38.0	35.0	2.0
5	3	9	-1.1335679818996207	0.8715120420344133	1.0146699266503667	42214.0	920.0	2769.0	49.0	35.0	1885.0	61.0	17.0	891.0	941.0	38.0	114.0	35.0	29.0	2.0
3	6	7	0.07849905860623042	0.468715472176759	0.9949238578680203	41699.0	1571.0	1719.0	82.0	26.0	2829.0	81.0	67.0	277.0	1439.0	45.0	77.0	27.0	61.0	0.0
3	7	6	-15.307316428215053	1.0	0.5012787723785166	41699.0	1719.0	1571.0	82.0	26.0	2829.0	277.0	77.0	81.0	1439.0	27.0	67.0	45.0	61.0	0.0
6	3	7	-0.07809855320517822	0.5311252384349876	1.0051546391752577	41699.0	1571.0	2829.0	81.0	67.0	1719.0	82.0	26.0	277.0	1439.0	45.0	77.0	61.0	27.0	0.0
3	6	8	0.08101308835773514	0.46771570534233586	0.9951456310679612	41664.0	1606.0	1718.0	77.0	32.0	2850.0	76.0	51.0	281.0	1444.0	36.0	82.0	25.0	58.0	0.0
3	8	6	-16.526670024978106	1.0	0.5012224938875306	41664.0	1718.0	1606.0	77.0	32.0	2850.0	281.0	82.0	76.0	1444.0	25.0	51.0	36.0	58.0	0.0
6	3	8	-0.08061790256086816	0.5321271524713763	1.0049261083743843	41664.0	1606.0	2850.0	76.0	51.0	1718.0	77.0	32.0	281.0	1444.0	36.0	82.0	58.0	25.0	0.0
3	6	9	0.0	0.49999999949999996	nan	42344.0	926.0	1755.0	51.0	21.0	2888.0	51.0	38.0	774.0	952.0	35.0	112.0	16.0	37.0	0.0
3	9	6	-71.55260114528488	1.0	0.5	42344.0	1755.0	926.0	51.0	21.0	2888.0	774.0	112.0	51.0	952.0	16.0	38.0	35.0	37.0	0.0
6	3	9	0.0	0.49999999949999996	nan	42344.0	926.0	2888.0	51.0	38.0	1755.0	51.0	21.0	774.0	952.0	35.0	112.0	37.0	16.0	0.0
3	7	8	1.0151620757737052	0.15501430325582233	0.013661202185792348	42492.0	926.0	890.0	766.0	23.0	3110.0	44.0	29.0	54.0	1479.0	14.0	49.0	22.0	101.0	1.0
3	8	7	-99999.9	1.0	-0.014245014245014244	42492.0	890.0	926.0	766.0	23.0	3110.0	54.0	49.0	44.0	1479.0	22.0	29.0	14.0	101.0	1.0
7	3	8	-72.27953979508784	1.0	0.496513249651325	42492.0	926.0	3110.0	44.0	29.0	890.0	766.0	23.0	54.0	1479.0	14.0	49.0	101.0	22.0	1.0
3	7	9	1.1615210319601383	0.12271509648304668	0.9794776119402985	42492.0	926.0	1607.0	51.0	21.0	3105.0	40.0	38.0	565.0	951.0	31.0	104.0	28.0	39.0	2.0
3	9	7	-54.27471003886463	1.0	0.5052935514918191	42492.0	1607.0	926.0	51.0	21.0	3105.0	565.0	104.0	40.0	951.0	28.0	38.0	31.0	39.0	2.0
7	3	9	-1.1371844008143068	0.8722693428383587	1.021868787276342	42492.0	926.0	3105.0	40.0	38.0	1607.0	51.0	21.0	565.0	951.0	31.0	104.0	39.0	28.0	2.0
3	8	9	0.7891843142948082	0.2150020819772357	0.9847619047619047	42459.0	923.0	1640.0	56.0	19.0	3124.0	48.0	41.0	565.0	952.0	28.0	85.0	19.0	39.0	2.0
3	9	8	-50.211851997007145	1.0	0.503898635477583	42459.0	1640.0	923.0	56.0	19.0	3124.0	565.0	85.0	48.0	952.0	19.0	41.0	28.0	39.0	2.0
8	3	9	-0.7769725647505946	0.7814125859534419	1.0159680638722555	42459.0	923.0	3124.0	48.0	41.0	1640.0	56.0	19.0	565.0	952.0	28.0	85.0	39.0	19.0	2.0
4	5	6	-1.9851787660166436	0.9764377762990557	1.6923076923076923	41778.0	1675.0	1836.0	75.0	51.0	2373.0	111.0	50.0	199.0	1665.0	35.0	61.0	40.0	45.0	6.0
4	6	5	-6.837837971835107	0.9999999999959561	0.41509433962264153	41778.0	1836.0	1675.0	75.0	51.0	2373.0	199.0	61.0	111.0	1665.0	40.0	50.0	35.0	45.0	6.0
5	4	6	2.7972973521143616	0.00257666431201109	0.775	41778.0	1675.0	2373.0	111.0	50.0	1836.0	75.0	51.0	199.0	1665.0	35.0	61.0	45.0	40.0	6.0
4	5	7	-0.4783777715708484	0.6838093139155383	1.0193548387096774	41876.0	1577.0	1852.0	74.0	36.0	2405.0	80.0	49.0	396.0	1457.0	46.0	72.0	36.0	40.0	4.0
4	7	5	-25.672940407635515	1.0	0.49529780564263326	41876.0	1852.0	1577.0	74.0	36.0	2405.0	396.0	72.0	80.0	1457.0	36.0	49.0	46.0	40.0	4.0
5	4	7	0.4874608938158645	0.3129658800347829	0.9817073170731707	41876.0	1577.0	2405.0	80.0	49.0	1852.0	74.0	36.0	396.0	1457.0	46.0	72.0	40.0	36.0	4.0
4	5	8	-1.0984437168386119	0.8639945653264547	1.0460526315789473	41872.0	1581.0	1858.0	70.0	34.0	2393.0	84.0	57.0	402.0	1458.0	39.0	70.0	36.0	43.0	3.0
4	8	5	-26.048808142172795	1.0	0.48923076923076925	41872.0	1858.0	1581.0	70.0	34.0	2393.0	402.0	70.0	84.0	1458.0	36.0	57.0	39.0	43.0	3.0
5	4	8	1.1468028741837082	0.12573160648960657	0.9595375722543352	41872.0	1581.0	2393.0	84.0	57.0	1858.0	70.0	34.0	402.0	1458.0	39.0	70.0	43.0	36.0	3.0
4	5	9	0.2133171335968468	0.4155398395611529	0.9976689976689976	42520.0	933.0	1897.0	45.0	20.0	2463.0	43.0	28.0	899.0	961.0	39.0	94.0	26.0	31.0	1.0
4	9	5	-91.0864160458537	1.0	0.5005847953216374	42520.0	1897.0	933.0	45.0	20.0	2463.0	899.0	94.0	43.0	961.0	26.0	28.0	39.0	31.0	1.0
5	4	9	-0.21281872907909716	0.5842657886479943	1.0023474178403755	42520.0	933.0	2463.0	43.0	28.0	1897.0	45.0	20.0	899.0	961.0	39.0	94.0	31.0	26.0	1.0
4	6	7	-0.7155817522483675	0.762875247201093	1.0420560747663552	42030.0	1584.0	1698.0	71.0	32.0	2498.0	80.0	55.0	303.0	1472.0	41.0	72.0	21.0	39.0	4.0
4	7	6	-18.446107391291246	1.0	0.4901098901098901	42030.0	1698.0	1584.0	71.0	32.0	2498.0	303.0	72.0	80.0	1472.0	21.0	55.0	41.0	39.0	4.0
6	4	7	0.7444617332808128	0.22829852339351708	0.9626556016597511	42030.0	1584.0	2498.0	80.0	55.0	1698.0	71.0	32.0	303.0	1472.0	41.0	72.0	39.0	21.0	4.0
4	6	8	-1.4738892746565706	0.9297442600425538	1.0926829268292684	42028.0	1586.0	1702.0	65.0	34.0	2486.0	84.0	63.0	308.0	1473.0	35.0	71.0	21.0	41.0	3.0
4	8	6	-18.85026809166034	1.0	0.4796573875802998	42028.0	1702.0	1586.0	65.0	34.0	2486.0	308.0	71.0	84.0	1473.0	21.0	63.0	35.0	41.0	3.0
6	4	8	1.5989066684890474	0.05492067099358766	0.9274809160305344	42028.0	1586.0	2486.0	84.0	63.0	1702.0	65.0	34.0	308.0	1473.0	35.0	71.0	41.0	21.0	3.0
4	6	9	-0.7731209548924104	0.78027466468848	1.0092470277410832	42675.0	939.0	1742.0	37.0	22.0	2557.0	44.0	32.0	808.0	973.0	35.0	91.0	13.0	30.0	2.0
4	9	6	-85.15375088886402	1.0	0.4977198697068404	42675.0	1742.0	939.0	37.0	22.0	2557.0	808.0	91.0	44.0	973.0	13.0	32.0	35.0	30.0	2.0
6	4	9	0.7802045238508487	0.21763518611663624	0.9910025706940874	42675.0	939.0	2557.0	44.0	32.0	1742.0	37.0	22.0	808.0	973.0	35.0	91.0	30.0	13.0	2.0
4	7	8	-99999.9	1.0	-0.0014265335235378032	42811.0	917.0	919.0	748.0	20.0	2791.0	46.0	36.0	45.0	1511.0	17.0	29.0	21.0	87.0	2.0
4	8	7	0.10484378519565817	0.4582498289701171	0.0014204545454545455	42811.0	919.0	917.0	748.0	20.0	2791.0	45.0	29.0	46.0	1511.0	21.0	36.0	17.0	87.0	2.0
7	4	8	-73.60033720735186	1.0	0.5003558718861211	42811.0	917.0	2791.0	46.0	36.0	919.0	748.0	20.0	45.0	1511.0	17.0	29.0	87.0	21.0	2.0
4	7	9	0.2502413434013158	0.40120041243953586	0.9962825278810409	42785.0	943.0	1632.0	33.0	22.0	2812.0	31.0	30.0	567.0	974.0	32.0	77.0	25.0	34.0	3.0
4	9	7	-66.8144386881514	1.0	0.5009345794392523	42785.0	1632.0	943.0	33.0	22.0	2812.0	567.0	77.0	31.0	974.0	25.0	30.0	32.0	34.0	3.0
7	4	9	-0.2493076070453408	0.5984385215592525	1.0037593984962405	42785.0	943.0	2812.0	31.0	30.0	1632.0	33.0	22.0	567.0	974.0	32.0	77.0	34.0	25.0	3.0
4	8	9	-0.11233066714619491	0.544719435301469	1.0018587360594795	42790.0	940.0	1627.0	39.0	19.0	2793.0	40.0	32.0	579.0	971.0	28.0	84.0	19.0	37.0	2.0
4	9	8	-60.65856025894508	1.0	0.49953660797034294	42790.0	1627.0	940.0	39.0	19.0	2793.0	579.0	84.0	40.0	971.0	19.0	32.0	28.0	37.0	2.0
8	4	9	0.11253907283663311	0.45519794687685533	0.9981515711645101	42790.0	940.0	2793.0	40.0	32.0	1627.0	39.0	19.0	579.0	971.0	28.0	84.0	37.0	19.0	2.0
5	6	7	-0.4241660348173998	0.6642775968485322	1.0265957446808511	42538.0	1613.0	1743.0	65.0	28.0	1990.0	70.0	36.0	263.0	1477.0	45.0	67.0	24.0	40.0	1.0
5	7	6	-16.796974978769036	1.0	0.4936061381074169	42538.0	1743.0	1613.0	65.0	28.0	1990.0	263.0	67.0	70.0	1477.0	24.0	36.0	45.0	40.0	1.0
6	5	7	0.4351547921960889	0.33172507022086717	0.9753694581280788	42538.0	1613.0	1990.0	70.0	36.0	1743.0	65.0	28.0	263.0	1477.0	45.0	67.0	40.0	24.0	1.0
5	6	8	-0.5256343638126743	0.7004288769983973	1.0304568527918783	42521.0	1630.0	1744.0	60.0	32.0	1993.0	66.0	37.0	269.0	1480.0	36.0	68.0	25.0	39.0	0.0
5	8	6	-18.309597006141505	1.0	0.4927184466019417	42521.0	1744.0	1630.0	60.0	32.0	1993.0	269.0	68.0	66.0	1480.0	25.0	37.0	36.0	39.0	0.0
6	5	8	0.5411703548613247	0.2941950616286796	0.9720930232558139	42521.0	1630.0	1993.0	66.0	37.0	1744.0	60.0	32.0	269.0	1480.0	36.0	68.0	39.0	25.0	0.0
5	6	9	-0.9066558982198156	0.81770563074074	1.0125	43211.0	940.0	1772.0	44.0	20.0	2021.0	53.0	22.0	782.0	968.0	35.0	87.0	16.0	28.0	1.0
5	9	6	-74.34578365402491	1.0	0.49693251533742333	43211.0	1772.0	940.0	44.0	20.0	2021.0	782.0	87.0	53.0	968.0	16.0	22.0	35.0	28.0	1.0
6	5	9	0.9178491809138875	0.17934889268394016	0.9879518072289156	43211.0	940.0	2021.0	53.0	22.0	1772.0	44.0	20.0	782.0	968.0	35.0	87.0	28.0	16.0	1.0
5	7	8	0.6415218635473233	0.26059177990986715	0.00823045267489712	43345.0	936.0	920.0	764.0	22.0	2257.0	41.0	22.0	47.0	1509.0	15.0	26.0	21.0	73.0	2.0
5	8	7	-99999.9	1.0	-0.008438818565400843	43345.0	920.0	936.0	764.0	22.0	2257.0	47.0	26.0	41.0	1509.0	21.0	22.0	15.0	73.0	2.0
7	5	8	-76.66186269390492	1.0	0.4979166666666667	43345.0	936.0	2257.0	41.0	22.0	920.0	764.0	22.0	47.0	1509.0	15.0	26.0	73.0	21.0	2.0
5	7	9	0.0	0.49999999949999996	nan	43339.0	942.0	1644.0	41.0	21.0	2258.0	41.0	21.0	572.0	968.0	31.0	60.0	28.0	32.0	2.0
5	9	7	-58.603417442430725	1.0	0.5	43339.0	1644.0	942.0	41.0	21.0	2258.0	572.0	60.0	41.0	968.0	28.0	21.0	31.0	32.0	2.0
7	5	9	0.0	0.49999999949999996	nan	43339.0	942.0	2258.0	41.0	21.0	1644.0	41.0	21.0	572.0	968.0	31.0	60.0	32.0	28.0	2.0
5	8	9	-0.30352069848448476	0.6192533934954902	1.0057581573896353	43327.0	938.0	1656.0	47.0	19.0	2256.0	50.0	24.0	574.0	968.0	29.0	60.0	19.0	32.0	1.0
5	9	8	-53.318469367107866	1.0	0.49857278782112274	43327.0	1656.0	938.0	47.0	19.0	2256.0	574.0	60.0	50.0	968.0	19.0	24.0	29.0	32.0	1.0
8	5	9	0.3052584124071059	0.38008474232137646	0.9943396226415094	43327.0	938.0	2256.0	50.0	24.0	1656.0	47.0	19.0	574.0	968.0	29.0	60.0	32.0	19.0	1.0
6	7	8	0.6812835741309335	0.2478459700238036	0.008152173913043476	43584.0	944.0	930.0	766.0	23.0	2018.0	36.0	19.0	42.0	1523.0	17.0	21.0	20.0	57.0	0.0
6	8	7	-99999.9	1.0	-0.008356545961002786	43584.0	930.0	944.0	766.0	23.0	2018.0	42.0	21.0	36.0	1523.0	20.0	19.0	17.0	57.0	0.0
7	6	8	-82.20821794513282	1.0	0.49793672627235214	43584.0	944.0	2018.0	36.0	19.0	930.0	766.0	23.0	42.0	1523.0	17.0	21.0	57.0	20.0	0.0
6	7	9	0.9749055484385484	0.16480355688238424	0.9853211009174312	43575.0	953.0	1657.0	38.0	24.0	2022.0	30.0	21.0	567.0	984.0	31.0	52.0	26.0	19.0	1.0
6	9	7	-64.4656293904991	1.0	0.5037523452157597	43575.0	1657.0	953.0	38.0	24.0	2022.0	567.0	52.0	30.0	984.0	26.0	21.0	31.0	19.0	1.0
7	6	9	-0.9603818158733559	0.8315684624227185	1.0153550863723608	43575.0	953.0	2022.0	30.0	21.0	1657.0	38.0	24.0	567.0	984.0	31.0	52.0	19.0	26.0	1.0
6	8	9	0.5644998627303544	0.2862069630892803	0.9906367041198502	43560.0	954.0	1672.0	42.0	19.0	2023.0	37.0	21.0	566.0	984.0	29.0	52.0	19.0	21.0	1.0
6	9	8	-59.159585614141186	1.0	0.5023741690408356	43560.0	1672.0	954.0	42.0	19.0	2023.0	566.0	52.0	37.0	984.0	19.0	21.0	29.0	21.0	1.0
8	6	9	-0.5591643252754361	0.7119752424188649	1.0096339113680155	43560.0	954.0	2023.0	37.0	21.0	1672.0	42.0	19.0	566.0	984.0	29.0	52.0	21.0	19.0	1.0
7	8	9	-0.15591909237204823	0.5619516140843615	1.0007898894154819	44628.0	974.0	969.0	20.0	10.0	955.0	21.0	17.0	1288.0	1010.0	48.0	33.0	10.0	17.0	0.0
7	9	8	-197.70540912775735	1.0	0.49980276134122287	44628.0	969.0	974.0	20.0	10.0	955.0	1288.0	33.0	21.0	1010.0	10.0	17.0	48.0	17.0	0.0
8	7	9	0.156042154007701	0.437999885150413	0.9992119779353822	44628.0	974.0	955.0	21.0	17.0	969.0	20.0	10.0	1288.0	1010.0	48.0	33.0	17.0	10.0	0.0
