P1	Hybrid	P2	Zscore	Pvalue	Gamma	AAAA	AAAB	AABA	AABB	AABC	ABAA	ABAB	ABAC	ABBA	BAAA	ABBC	CABC	BACA	BCAA	ABCD
1	2	3	0.8399577200250586	0.2004659967901955	0.986939239068711	73600.0	4103.0	5989.0	391.0	200.0	7744.0	368.0	242.0	2106.0	4113.0	246.0	453.0	195.0	228.0	22.0
1	3	2	-62.63162999317291	1.0	0.5033304373008978	73600.0	5989.0	4103.0	391.0	200.0	7744.0	2106.0	453.0	368.0	4113.0	195.0	242.0	246.0	228.0	22.0
2	1	3	-0.8288420539948077	0.7964031587512437	1.0135933806146573	73600.0	4103.0	7744.0	368.0	242.0	5989.0	391.0	200.0	2106.0	4113.0	246.0	453.0	228.0	195.0	22.0
1	2	4	0.2706230721606099	0.39334053696841664	0.9968985378821444	73972.0	3731.0	6073.0	339.0	168.0	7815.0	332.0	207.0	2582.0	3652.0	231.0	513.0	171.0	197.0	17.0
1	4	2	-86.71536440803511	1.0	0.5007789895392833	73972.0	6073.0	3731.0	339.0	168.0	7815.0	2582.0	513.0	332.0	3652.0	171.0	207.0	231.0	197.0	17.0
2	1	4	-0.26978113371388796	0.6063356186867722	1.0031305903398926	73972.0	3731.0	7815.0	332.0	207.0	6073.0	339.0	168.0	2582.0	3652.0	231.0	513.0	197.0	171.0	17.0
1	2	5	-1.1074325395742968	0.8659464717170408	1.0069364161849712	75281.0	2422.0	6254.0	221.0	105.0	7972.0	245.0	137.0	3729.0	2581.0	155.0	625.0	121.0	134.0	18.0
1	5	2	-161.86972286777674	1.0	0.49828375286041193	75281.0	6254.0	2422.0	221.0	105.0	7972.0	3729.0	625.0	245.0	2581.0	121.0	137.0	155.0	134.0	18.0
2	1	5	1.1150612367470245	0.1324121389396199	0.9932049830124575	75281.0	2422.0	7972.0	245.0	137.0	6254.0	221.0	105.0	3729.0	2581.0	155.0	625.0	134.0	121.0	18.0
1	2	6	-0.7392992230447909	0.7701374082388426	1.0045805897509303	75262.0	2441.0	6249.0	225.0	106.0	7972.0	241.0	141.0	3750.0	2566.0	149.0	622.0	125.0	133.0	18.0
1	6	2	-162.87686007705557	1.0	0.4988626670457777	75262.0	6249.0	2441.0	225.0	106.0	7972.0	3750.0	622.0	241.0	2566.0	125.0	141.0	149.0	133.0	18.0
2	1	6	0.7426702083878278	0.22884061684917278	0.9954815024004519	75262.0	2441.0	7972.0	241.0	141.0	6249.0	225.0	106.0	3750.0	2566.0	149.0	622.0	133.0	125.0	18.0
1	2	7	-0.9255047117320702	0.8226483024946809	1.0057240984544935	75230.0	2473.0	6257.0	222.0	101.0	7982.0	242.0	130.0	3756.0	2562.0	147.0	626.0	125.0	131.0	16.0
1	7	2	-163.53668256305713	1.0	0.49858115777525536	75230.0	6257.0	2473.0	222.0	101.0	7982.0	3756.0	626.0	242.0	2562.0	125.0	130.0	147.0	131.0	16.0
2	1	7	0.9307722399718658	0.175985678721289	0.9943725379853686	75230.0	2473.0	7982.0	242.0	130.0	6257.0	222.0	101.0	3756.0	2562.0	147.0	626.0	131.0	125.0	16.0
1	2	8	0.5523159495556008	0.2903659243503536	0.9984526112185687	76605.0	1098.0	6428.0	109.0	43.0	8194.0	101.0	59.0	5263.0	1117.0	85.0	779.0	55.0	58.0	6.0
1	8	2	-355.82955050119665	1.0	0.5003877471888329	76605.0	6428.0	1098.0	109.0	43.0	8194.0	5263.0	779.0	101.0	1117.0	55.0	59.0	85.0	58.0	6.0
2	1	8	-0.5514599775299432	0.7093408300877182	1.0015546055188496	76605.0	1098.0	8194.0	101.0	59.0	6428.0	109.0	43.0	5263.0	1117.0	85.0	779.0	58.0	55.0	6.0
1	2	9	-1.1527187874319238	0.8754870290544714	1.0020569077819679	77154.0	549.0	6512.0	48.0	20.0	8268.0	60.0	26.0	5906.0	514.0	45.0	846.0	24.0	25.0	3.0
1	9	2	-562.7188880646818	1.0	0.49948735475051265	77154.0	6512.0	549.0	48.0	20.0	8268.0	5906.0	846.0	60.0	514.0	24.0	26.0	45.0	25.0	3.0
2	1	9	1.1550849566842647	0.1240278766097842	0.9979557069846678	77154.0	549.0	8268.0	60.0	26.0	6512.0	48.0	20.0	5906.0	514.0	45.0	846.0	25.0	24.0	3.0
1	3	4	-0.15210145450267815	0.5604465568638517	1.007920792079208	75810.0	3779.0	4235.0	341.0	118.0	9719.0	345.0	239.0	854.0	3687.0	135.0	337.0	123.0	265.0	13.0
1	4	3	-19.507011539968413	1.0	0.4980430528375734	75810.0	4235.0	3779.0	341.0	118.0	9719.0	854.0	337.0	345.0	3687.0	123.0	239.0	135.0	265.0	13.0
3	1	4	0.1532967508052532	0.4390821171169822	0.9922630560928434	75810.0	3779.0	9719.0	345.0	239.0	4235.0	341.0	118.0	854.0	3687.0	135.0	337.0	265.0	123.0	13.0
1	3	5	-1.137773080163068	0.8723923217726137	1.0146799765120376	77143.0	2446.0	4392.0	225.0	77.0	9885.0	250.0	168.0	1978.0	2608.0	90.0	463.0	89.0	178.0	8.0
1	5	3	-79.78064838103435	1.0	0.49640907785119215	77143.0	4392.0	2446.0	225.0	77.0	9885.0	1978.0	463.0	250.0	2608.0	89.0	168.0	90.0	178.0	8.0
3	1	5	1.1542339175496867	0.12420219778129082	0.9859392575928009	77143.0	2446.0	9885.0	250.0	168.0	4392.0	225.0	77.0	1978.0	2608.0	90.0	463.0	178.0	89.0	8.0
1	3	6	-0.595335125009639	0.7241903056558313	1.00747556066705	77118.0	2471.0	4393.0	230.0	71.0	9884.0	243.0	176.0	1995.0	2592.0	89.0	465.0	97.0	170.0	6.0
1	6	3	-80.82819197246259	1.0	0.49815183394938867	77118.0	4393.0	2471.0	230.0	71.0	9884.0	1995.0	465.0	243.0	2592.0	97.0	176.0	89.0	170.0	6.0
3	1	6	0.5997525660057151	0.2743355270541582	0.9926884139482565	77118.0	2471.0	9884.0	243.0	176.0	4393.0	230.0	71.0	1995.0	2592.0	89.0	465.0	170.0	97.0	6.0
1	3	7	-1.2438433565096774	0.8932213217456462	1.015661252900232	77089.0	2500.0	4398.0	218.0	78.0	9902.0	245.0	156.0	1996.0	2588.0	92.0	466.0	96.0	170.0	6.0
1	7	3	-81.90938843978539	1.0	0.49617455369793145	77089.0	4398.0	2500.0	218.0	78.0	9902.0	1996.0	466.0	245.0	2588.0	96.0	156.0	92.0	170.0	6.0
3	1	7	1.263023122715138	0.10329050377578886	0.9850415512465374	77089.0	2500.0	9902.0	245.0	156.0	4398.0	218.0	78.0	1996.0	2588.0	92.0	466.0	170.0	96.0	6.0
1	3	8	0.6172732391799357	0.26852720368415706	0.9973537194942664	78483.0	1106.0	4550.0	111.0	33.0	10128.0	102.0	73.0	3494.0	1129.0	53.0	614.0	42.0	79.0	3.0
1	8	3	-232.0261520161911	1.0	0.5006642066420665	78483.0	4550.0	1106.0	111.0	33.0	10128.0	3494.0	614.0	102.0	1129.0	42.0	73.0	53.0	79.0	3.0
3	1	8	-0.615635426929753	0.7309324712096658	1.0026674570243035	78483.0	1106.0	10128.0	102.0	73.0	4550.0	111.0	33.0	3494.0	1129.0	53.0	614.0	79.0	42.0	3.0
1	3	9	0.09755533500570497	0.46114263777908526	0.9997541185148758	79042.0	547.0	4624.0	53.0	17.0	10218.0	52.0	33.0	4118.0	526.0	32.0	684.0	20.0	32.0	2.0
1	9	3	-396.5624367981928	1.0	0.5000614930512851	79042.0	4624.0	547.0	53.0	17.0	10218.0	4118.0	684.0	52.0	526.0	20.0	33.0	32.0	32.0	2.0
3	1	9	-0.09753134205562979	0.5388478358611677	1.000246062992126	79042.0	547.0	10218.0	52.0	33.0	4624.0	53.0	17.0	4118.0	526.0	32.0	684.0	32.0	20.0	2.0
1	4	5	0.27564321561990485	0.3914111208541967	0.9950738916256158	77598.0	2447.0	3937.0	241.0	60.0	10501.0	235.0	174.0	1447.0	2630.0	78.0	378.0	82.0	185.0	7.0
1	5	4	-55.40428633960072	1.0	0.501240694789082	77598.0	3937.0	2447.0	241.0	60.0	10501.0	1447.0	378.0	235.0	2630.0	82.0	174.0	78.0	185.0	7.0
4	1	5	-0.27427864524554885	0.6080646893301427	1.005	77598.0	2447.0	10501.0	235.0	174.0	3937.0	241.0	60.0	1447.0	2630.0	78.0	378.0	185.0	82.0	7.0
1	4	6	0.46499034576996207	0.32096920257006456	0.9919289749798225	77588.0	2457.0	3923.0	238.0	77.0	10500.0	228.0	182.0	1457.0	2620.0	78.0	387.0	84.0	172.0	9.0
1	6	4	-56.682323149358226	1.0	0.5020424836601307	77588.0	3923.0	2457.0	238.0	77.0	10500.0	1457.0	387.0	228.0	2620.0	84.0	182.0	78.0	172.0	9.0
4	1	6	-0.4612068604504343	0.6776748804542644	1.0082712985938793	77588.0	2457.0	10500.0	228.0	182.0	3923.0	238.0	77.0	1457.0	2620.0	78.0	387.0	172.0	84.0	9.0
1	4	7	0.3725115753228324	0.35475605695409707	0.9935535858178888	77558.0	2487.0	3929.0	236.0	73.0	10521.0	228.0	161.0	1461.0	2616.0	78.0	382.0	85.0	175.0	10.0
1	7	4	-57.04083497130858	1.0	0.5016273393002442	77558.0	3929.0	2487.0	236.0	73.0	10521.0	1461.0	382.0	228.0	2616.0	85.0	161.0	78.0	175.0	10.0
4	1	7	-0.37009463079519034	0.644343948671745	1.0065735414954806	77558.0	2487.0	10521.0	228.0	161.0	3929.0	236.0	73.0	1461.0	2616.0	78.0	382.0	175.0	85.0	10.0
1	4	8	1.2821526592852	0.09989461825909696	0.9937673130193906	78936.0	1109.0	4097.0	108.0	33.0	10739.0	90.0	81.0	2960.0	1149.0	46.0	537.0	34.0	79.0	2.0
1	8	4	-203.14996579341098	1.0	0.5015728766165677	78936.0	4097.0	1109.0	108.0	33.0	10739.0	2960.0	537.0	90.0	1149.0	34.0	81.0	46.0	79.0	2.0
4	1	8	-1.2741112837217388	0.8986879412468527	1.0063514467184191	78936.0	1109.0	10739.0	90.0	81.0	4097.0	108.0	33.0	2960.0	1149.0	46.0	537.0	79.0	34.0	2.0
1	4	9	0.6707481427215753	0.25119042799676383	0.9980265012686778	79502.0	543.0	4164.0	58.0	16.0	10821.0	51.0	38.0	3591.0	533.0	31.0	608.0	14.0	30.0	0.0
1	9	4	-338.53616974790435	1.0	0.5004948395306095	79502.0	4164.0	543.0	58.0	16.0	10821.0	3591.0	608.0	51.0	533.0	14.0	38.0	31.0	30.0	0.0
4	1	9	-0.6694218045862501	0.748386842671143	1.0019852524106636	79502.0	543.0	10821.0	51.0	38.0	4164.0	58.0	16.0	3591.0	533.0	31.0	608.0	30.0	14.0	0.0
1	5	6	0.6258956506578521	0.2656916374218975	0.7000000000000001	79040.0	2495.0	2471.0	244.0	33.0	11891.0	232.0	203.0	260.0	2643.0	44.0	193.0	57.0	186.0	8.0
1	6	5	-0.8345275342104701	0.7980081621040119	0.6363636363636364	79040.0	2471.0	2495.0	244.0	33.0	11891.0	260.0	193.0	232.0	2643.0	57.0	203.0	44.0	186.0	8.0
5	1	6	-0.3576546575187728	0.639699051827371	4.000000000000001	79040.0	2495.0	11891.0	232.0	203.0	2471.0	244.0	33.0	260.0	2643.0	44.0	193.0	186.0	57.0	8.0
1	5	7	0.999833424507865	0.15869557351749142	0.5918367346938775	79027.0	2508.0	2460.0	253.0	35.0	11909.0	233.0	184.0	262.0	2638.0	47.0	193.0	58.0	187.0	6.0
1	7	5	-0.44992504102853803	0.6736177290783398	0.7631578947368421	79027.0	2460.0	2508.0	253.0	35.0	11909.0	262.0	193.0	233.0	2638.0	58.0	184.0	47.0	187.0	6.0
5	1	7	-0.3102931317438196	0.6218309042836565	-0.8181818181818181	79027.0	2508.0	11909.0	233.0	184.0	2460.0	253.0	35.0	262.0	2638.0	47.0	193.0	187.0	58.0	6.0
1	5	8	1.0363643117287964	0.1500161301977897	0.9910873440285205	80414.0	1121.0	2619.0	113.0	16.0	12137.0	98.0	91.0	1766.0	1144.0	37.0	333.0	31.0	80.0	0.0
1	8	5	-114.20734715251349	1.0	0.5022583559168925	80414.0	2619.0	1121.0	113.0	16.0	12137.0	1766.0	333.0	98.0	1144.0	31.0	91.0	37.0	80.0	0.0
5	1	8	-1.0270444887815948	0.8478002219837913	1.0091575091575091	80414.0	1121.0	12137.0	98.0	91.0	2619.0	113.0	16.0	1766.0	1144.0	37.0	333.0	80.0	31.0	0.0
1	5	9	1.2250140937419949	0.11028502242143157	0.9944515578318395	80992.0	543.0	2674.0	63.0	11.0	12238.0	50.0	38.0	2380.0	539.0	28.0	402.0	9.0	32.0	1.0
1	9	5	-218.33520424616938	1.0	0.5013987518829353	80992.0	2674.0	543.0	63.0	11.0	12238.0	2380.0	402.0	50.0	539.0	9.0	38.0	28.0	32.0	1.0
5	1	9	-1.2181792511588851	0.8884220019865057	1.0056423611111112	80992.0	543.0	12238.0	50.0	38.0	2674.0	63.0	11.0	2380.0	539.0	28.0	402.0	32.0	9.0	1.0
1	6	7	0.45868013887561615	0.3232319601101099	0.0024900398406374506	80807.0	704.0	680.0	2060.0	32.0	12235.0	57.0	52.0	62.0	2859.0	11.0	67.0	13.0	360.0	1.0
1	7	6	-99999.9	1.0	-0.002508780732563974	80807.0	680.0	704.0	2060.0	32.0	12235.0	62.0	67.0	57.0	2859.0	13.0	52.0	11.0	360.0	1.0
6	1	7	-183.28858349469596	1.0	0.4993751562109473	80807.0	704.0	12235.0	57.0	52.0	680.0	2060.0	32.0	62.0	2859.0	11.0	67.0	360.0	13.0	1.0
1	6	8	1.887480704431497	0.029547784852481218	0.9837935174069627	80391.0	1120.0	2642.0	117.0	13.0	12158.0	90.0	96.0	1729.0	1164.0	39.0	349.0	19.0	73.0	0.0
1	8	6	-112.68958872383595	1.0	0.50415256844048	80391.0	2642.0	1120.0	117.0	13.0	12158.0	1729.0	349.0	90.0	1164.0	19.0	96.0	39.0	73.0	0.0
6	1	8	-1.8563873676287814	0.9683008792392489	1.0170347003154574	80391.0	1120.0	12158.0	90.0	96.0	2642.0	117.0	13.0	1729.0	1164.0	39.0	349.0	73.0	19.0	0.0
1	6	9	1.2472574623782466	0.10615162308147796	0.994413407821229	80964.0	547.0	2702.0	61.0	9.0	12256.0	48.0	40.0	2362.0	542.0	28.0	402.0	8.0	30.0	1.0
1	9	6	-220.76457084094997	1.0	0.5014084507042254	80964.0	2702.0	547.0	61.0	9.0	12256.0	2362.0	402.0	48.0	542.0	8.0	40.0	28.0	30.0	1.0
6	1	9	-1.2402503979828632	0.8925585354938936	1.0056818181818181	80964.0	547.0	12256.0	48.0	40.0	2702.0	61.0	9.0	2362.0	542.0	28.0	402.0	30.0	8.0	1.0
1	7	8	2.1376654747629624	0.016271893949207472	0.9814037192561488	80373.0	1114.0	2660.0	122.0	14.0	12179.0	91.0	94.0	1727.0	1162.0	40.0	330.0	20.0	74.0	0.0
1	8	7	-110.67590603208234	1.0	0.5047824745448936	80373.0	2660.0	1114.0	122.0	14.0	12179.0	1727.0	330.0	91.0	1162.0	20.0	94.0	40.0	74.0	0.0
7	1	8	-2.0971595886274783	0.9820103375275944	1.0196950444726811	80373.0	1114.0	12179.0	91.0	94.0	2660.0	122.0	14.0	1727.0	1162.0	40.0	330.0	74.0	20.0	0.0
1	7	9	1.3495355245619358	0.08858257197649377	0.9939836699613236	80942.0	545.0	2724.0	61.0	11.0	12278.0	47.0	39.0	2360.0	541.0	28.0	382.0	10.0	31.0	1.0
1	9	7	-221.61301221199304	1.0	0.5015177797051171	80942.0	2724.0	545.0	61.0	11.0	12278.0	2360.0	382.0	47.0	541.0	10.0	39.0	28.0	31.0	1.0
7	1	9	-1.3413671296878038	0.9100992937600378	1.0061269146608316	80942.0	545.0	12278.0	47.0	39.0	2724.0	61.0	11.0	2360.0	541.0	28.0	382.0	31.0	10.0	1.0
1	8	9	0.47174957933697725	0.3185527857713284	0.9925816023738873	82479.0	554.0	1187.0	59.0	4.0	14137.0	54.0	45.0	723.0	540.0	10.0	160.0	4.0	43.0	1.0
1	9	8	-62.6483441359505	1.0	0.5018754688672169	82479.0	1187.0	554.0	59.0	4.0	14137.0	723.0	160.0	54.0	540.0	4.0	45.0	10.0	43.0	1.0
8	1	9	-0.46822379772758277	0.6801877064746572	1.007587253414264	82479.0	554.0	14137.0	54.0	45.0	1187.0	59.0	4.0	723.0	540.0	10.0	160.0	43.0	4.0	1.0
2	3	4	-0.2724712910285132	0.6073701054158291	1.0134099616858236	77515.0	3829.0	4272.0	322.0	119.0	8014.0	329.0	205.0	858.0	3737.0	137.0	296.0	122.0	234.0	11.0
2	4	3	-20.863515998754792	1.0	0.49671361502347416	77515.0	4272.0	3829.0	322.0	119.0	8014.0	858.0	296.0	329.0	3737.0	122.0	205.0	137.0	234.0	11.0
3	2	4	0.2760767712500625	0.39124461482276207	0.9871086556169429	77515.0	3829.0	8014.0	329.0	205.0	4272.0	322.0	119.0	858.0	3737.0	137.0	296.0	234.0	122.0	11.0
2	3	5	0.143941067465417	0.44277348050719034	0.9983296213808464	78837.0	2507.0	4416.0	219.0	78.0	8191.0	216.0	141.0	2009.0	2632.0	91.0	408.0	88.0	160.0	7.0
2	5	3	-85.88483692103195	1.0	0.500418643594753	78837.0	4416.0	2507.0	219.0	78.0	8191.0	2009.0	408.0	216.0	2632.0	88.0	141.0	91.0	160.0	7.0
3	2	5	-0.14370022909263602	0.5571314276583381	1.0016787912702854	78837.0	2507.0	8191.0	216.0	141.0	4416.0	219.0	78.0	2009.0	2632.0	91.0	408.0	160.0	88.0	7.0
2	3	6	0.09740028947947217	0.4612041987332156	0.9988944168048646	78801.0	2543.0	4433.0	212.0	68.0	8201.0	210.0	137.0	2017.0	2621.0	94.0	403.0	93.0	159.0	8.0
2	6	3	-87.9037612552234	1.0	0.5002768549280178	78801.0	4433.0	2543.0	212.0	68.0	8201.0	2017.0	403.0	210.0	2621.0	93.0	137.0	94.0	159.0	8.0
3	2	6	-0.09729248617069577	0.5387529973258982	1.0011092623405435	78801.0	2543.0	8201.0	210.0	137.0	4433.0	212.0	68.0	2017.0	2621.0	94.0	403.0	159.0	93.0	8.0
2	3	7	-0.2007566334338765	0.5795555376195414	1.0022038567493112	78775.0	2569.0	4437.0	196.0	80.0	8216.0	200.0	132.0	2019.0	2622.0	91.0	404.0	93.0	158.0	8.0
2	7	3	-91.494835687489	1.0	0.49945085118066995	78775.0	4437.0	2569.0	196.0	80.0	8216.0	2019.0	404.0	200.0	2622.0	93.0	132.0	91.0	158.0	8.0
3	2	7	0.20119809936776076	0.42027186450740306	0.9978106185002736	78775.0	2569.0	8216.0	200.0	132.0	4437.0	196.0	80.0	2019.0	2622.0	91.0	404.0	158.0	93.0	8.0
2	3	8	0.21059606561305563	0.41660127380725953	0.9991273996509599	80224.0	1120.0	4575.0	103.0	35.0	8387.0	100.0	61.0	3535.0	1144.0	53.0	548.0	40.0	72.0	3.0
2	8	3	-240.921899061335	1.0	0.5002184359982526	80224.0	4575.0	1120.0	103.0	35.0	8387.0	3535.0	548.0	100.0	1144.0	40.0	61.0	53.0	72.0	3.0
3	2	8	-0.21041213891819704	0.5833269580289617	1.0008748906386702	80224.0	1120.0	8387.0	100.0	61.0	4575.0	103.0	35.0	3535.0	1144.0	53.0	548.0	72.0	40.0	3.0
2	3	9	0.8628397670176278	0.19411274327074468	0.9980680994928761	80775.0	569.0	4647.0	47.0	19.0	8485.0	39.0	24.0	4172.0	529.0	31.0	607.0	19.0	35.0	2.0
2	9	3	-444.90175486846294	1.0	0.5004843787842091	80775.0	4647.0	569.0	47.0	19.0	8485.0	4172.0	607.0	39.0	529.0	19.0	24.0	31.0	35.0	2.0
3	2	9	-0.86116961987605	0.8054277281219052	1.001943162496964	80775.0	569.0	8485.0	39.0	24.0	4647.0	47.0	19.0	4172.0	529.0	31.0	607.0	35.0	19.0	2.0
2	4	5	1.5264312438199088	0.06345127275795304	0.9758378799688231	79270.0	2517.0	3983.0	226.0	61.0	8829.0	195.0	144.0	1447.0	2662.0	79.0	332.0	79.0	168.0	8.0
2	5	4	-60.12169511948743	1.0	0.5062676910634856	79270.0	3983.0	2517.0	226.0	61.0	8829.0	1447.0	332.0	195.0	2662.0	79.0	144.0	79.0	168.0	8.0
4	2	5	-1.4886362210096715	0.9317083729970694	1.0260504201680671	79270.0	2517.0	8829.0	195.0	144.0	3983.0	226.0	61.0	1447.0	2662.0	79.0	332.0	168.0	79.0	8.0
2	4	6	1.074089760377583	0.1413912631329527	0.9827856025039123	79263.0	2524.0	3971.0	224.0	75.0	8825.0	202.0	141.0	1458.0	2643.0	87.0	338.0	79.0	163.0	7.0
2	6	4	-60.246671104815285	1.0	0.5044176706827309	79263.0	3971.0	2524.0	224.0	75.0	8825.0	1458.0	338.0	202.0	2643.0	79.0	141.0	87.0	163.0	7.0
4	2	6	-1.0552760862308417	0.8543504324236177	1.018151815181518	79263.0	2524.0	8825.0	202.0	141.0	3971.0	224.0	75.0	1458.0	2643.0	87.0	338.0	163.0	79.0	7.0
2	4	7	1.4961858147075149	0.06730265083478248	0.9769230769230769	79237.0	2550.0	3975.0	220.0	75.0	8842.0	190.0	136.0	1460.0	2644.0	84.0	337.0	81.0	163.0	6.0
2	7	4	-61.842347007910575	1.0	0.5059760956175299	79237.0	3975.0	2550.0	220.0	75.0	8842.0	1460.0	337.0	190.0	2644.0	81.0	136.0	84.0	163.0	6.0
4	2	7	-1.4608428427065503	0.927970671883841	1.024793388429752	79237.0	2550.0	8842.0	190.0	136.0	3975.0	220.0	75.0	1460.0	2644.0	84.0	337.0	163.0	81.0	6.0
2	4	8	0.7888517126097491	0.21509927818761676	0.996209510682288	80668.0	1119.0	4131.0	103.0	36.0	9007.0	92.0	69.0	2983.0	1161.0	44.0	480.0	31.0	72.0	4.0
2	8	4	-206.53572111964314	1.0	0.500953041067406	80668.0	4131.0	1119.0	103.0	36.0	9007.0	2983.0	480.0	92.0	1161.0	31.0	69.0	44.0	72.0	4.0
4	2	8	-0.7858502014237556	0.7840224368664683	1.0038340885325898	80668.0	1119.0	9007.0	92.0	69.0	4131.0	103.0	36.0	2983.0	1161.0	44.0	480.0	72.0	31.0	4.0
2	4	9	1.4768909002862862	0.06985247844427378	0.9961078676675006	81222.0	565.0	4200.0	52.0	18.0	9101.0	38.0	29.0	3621.0	537.0	30.0	542.0	12.0	32.0	1.0
2	9	4	-376.5016873658389	1.0	0.5009787472035794	81222.0	4200.0	565.0	52.0	18.0	9101.0	3621.0	542.0	38.0	537.0	12.0	29.0	30.0	32.0	1.0
4	2	9	-1.4711201850744502	0.9293706537243471	1.0039381153305205	81222.0	565.0	9101.0	38.0	29.0	4200.0	52.0	18.0	3621.0	537.0	30.0	542.0	32.0	12.0	1.0
2	5	6	0.8268260316052507	0.20416778321746998	0.36585365853658536	80696.0	2557.0	2538.0	228.0	38.0	10235.0	202.0	171.0	217.0	2670.0	49.0	169.0	52.0	175.0	3.0
2	6	5	-99999.9	1.0	3.750000000000001	80696.0	2538.0	2557.0	228.0	38.0	10235.0	217.0	169.0	202.0	2670.0	52.0	171.0	49.0	175.0	3.0
5	2	6	-0.6063390898438499	0.7278552470452796	0.29729729729729726	80696.0	2557.0	10235.0	202.0	171.0	2538.0	228.0	38.0	217.0	2670.0	49.0	169.0	175.0	52.0	3.0
2	5	7	1.4746240583879022	0.07015685833971941	0.38571428571428573	80682.0	2571.0	2530.0	233.0	41.0	10254.0	190.0	164.0	217.0	2671.0	48.0	168.0	54.0	174.0	3.0
2	7	5	-99999.9	1.0	2.4545454545454546	80682.0	2530.0	2571.0	233.0	41.0	10254.0	217.0	168.0	190.0	2671.0	54.0	164.0	48.0	174.0	3.0
5	2	7	-0.8738512938594972	0.8089004175113021	0.2711864406779661	80682.0	2571.0	10254.0	190.0	164.0	2530.0	233.0	41.0	217.0	2671.0	48.0	168.0	174.0	54.0	3.0
2	5	8	0.6209875879645672	0.2673038400154951	0.9945520581113801	82123.0	1130.0	2676.0	110.0	18.0	10428.0	101.0	79.0	1744.0	1156.0	36.0	298.0	27.0	71.0	3.0
2	8	5	-112.7437465260114	1.0	0.5013732072017089	82123.0	2676.0	1130.0	110.0	18.0	10428.0	1744.0	298.0	101.0	1156.0	27.0	79.0	36.0	71.0	3.0
5	2	8	-0.6175859517553882	0.7315759002169353	1.0055384615384615	82123.0	1130.0	10428.0	101.0	79.0	2676.0	110.0	18.0	1744.0	1156.0	36.0	298.0	71.0	27.0	3.0
2	5	9	2.2269308953370417	0.012975903123344845	0.9906462585034014	82688.0	565.0	2734.0	60.0	10.0	10542.0	38.0	28.0	2368.0	540.0	28.0	354.0	9.0	34.0	2.0
2	9	5	-233.62529574717684	1.0	0.5023717119448037	82688.0	2734.0	565.0	60.0	10.0	10542.0	2368.0	354.0	38.0	540.0	9.0	28.0	28.0	34.0	2.0
5	2	9	-2.205904080016263	0.9863046887759065	1.0096237970253719	82688.0	565.0	10542.0	38.0	28.0	2734.0	60.0	10.0	2368.0	540.0	28.0	354.0	34.0	9.0	2.0
2	6	7	1.2833380236420646	0.09968690691699866	0.006316812439261418	82510.0	724.0	702.0	2090.0	31.0	10532.0	45.0	44.0	58.0	2855.0	11.0	49.0	15.0	334.0	0.0
2	7	6	-99999.9	1.0	-0.0064388311045071814	82510.0	702.0	724.0	2090.0	31.0	10532.0	58.0	49.0	45.0	2855.0	15.0	44.0	11.0	334.0	0.0
6	2	7	-200.5956049262058	1.0	0.49840569045867056	82510.0	724.0	10532.0	45.0	44.0	702.0	2090.0	31.0	58.0	2855.0	11.0	49.0	334.0	15.0	0.0
2	6	8	0.9064952602270597	0.182336859470976	0.9920586438607208	82103.0	1131.0	2696.0	110.0	17.0	10446.0	97.0	78.0	1721.0	1169.0	34.0	303.0	18.0	75.0	2.0
2	8	6	-112.33568186352265	1.0	0.5020092735703245	82103.0	2696.0	1131.0	110.0	17.0	10446.0	1721.0	303.0	97.0	1169.0	18.0	78.0	34.0	75.0	2.0
6	2	8	-0.8992388326513506	0.8157372993800085	1.0081351689612015	82103.0	1131.0	10446.0	97.0	78.0	2696.0	110.0	17.0	1721.0	1169.0	34.0	303.0	75.0	18.0	2.0
2	6	9	1.9133990883072203	0.027848423583172854	0.9918664383561644	82669.0	565.0	2753.0	59.0	11.0	10551.0	40.0	30.0	2357.0	540.0	27.0	356.0	7.0	34.0	1.0
2	9	6	-231.4205844699996	1.0	0.5020585048754063	82669.0	2753.0	565.0	59.0	11.0	10551.0	2357.0	356.0	40.0	540.0	7.0	30.0	27.0	34.0	1.0
6	2	9	-1.8977087202977951	0.9711328341047296	1.0083369899078543	82669.0	565.0	10551.0	40.0	30.0	2753.0	59.0	11.0	2357.0	540.0	27.0	356.0	34.0	7.0	1.0
2	7	8	1.406847950775759	0.07973629334107013	0.9877899877899878	82083.0	1129.0	2716.0	112.0	17.0	10469.0	92.0	78.0	1710.0	1171.0	34.0	291.0	21.0	75.0	2.0
2	8	7	-112.40715126698316	1.0	0.5031094527363185	82083.0	2716.0	1129.0	112.0	17.0	10469.0	1710.0	291.0	92.0	1171.0	21.0	78.0	34.0	75.0	2.0
7	2	8	-1.389457988467035	0.9176531796611038	1.0126742712294043	82083.0	1129.0	10469.0	92.0	78.0	2716.0	112.0	17.0	1710.0	1171.0	34.0	291.0	75.0	21.0	2.0
2	7	9	2.045297942582313	0.02041267952972281	0.9914089347079038	82648.0	564.0	2774.0	58.0	13.0	10572.0	38.0	29.0	2346.0	541.0	28.0	346.0	8.0	34.0	1.0
2	9	7	-233.98208463141737	1.0	0.5021758050478677	82648.0	2774.0	564.0	58.0	13.0	10572.0	2346.0	346.0	38.0	541.0	8.0	29.0	28.0	34.0	1.0
7	2	9	-2.0275743902202477	0.9786982156671176	1.0088183421516754	82648.0	564.0	10572.0	38.0	29.0	2774.0	58.0	13.0	2346.0	541.0	28.0	346.0	34.0	8.0	1.0
2	8	9	1.409400147054888	0.07935849293289032	0.9800853485064012	84226.0	573.0	1196.0	57.0	5.0	12390.0	43.0	37.0	732.0	541.0	11.0	142.0	3.0	44.0	0.0
2	9	8	-67.95322137586074	1.0	0.5051319648093842	84226.0	1196.0	573.0	57.0	5.0	12390.0	732.0	142.0	43.0	541.0	3.0	37.0	11.0	44.0	0.0
8	2	9	-1.3807621179420164	0.9163238844511172	1.021180030257186	84226.0	573.0	12390.0	43.0	37.0	1196.0	57.0	5.0	732.0	541.0	11.0	142.0	44.0	3.0	0.0
3	4	5	1.6359307671589711	0.05092702769377566	0.9786422578184591	82886.0	2643.0	4142.0	163.0	58.0	5213.0	135.0	78.0	1418.0	2794.0	81.0	202.0	82.0	99.0	6.0
3	5	4	-73.32475402801815	1.0	0.5055161544523246	82886.0	4142.0	2643.0	163.0	58.0	5213.0	1418.0	202.0	135.0	2794.0	82.0	78.0	81.0	99.0	6.0
4	3	5	-1.6002284589123215	0.9452260449873089	1.0228198859005706	82886.0	2643.0	5213.0	135.0	78.0	4142.0	163.0	58.0	1418.0	2794.0	81.0	202.0	99.0	82.0	6.0
3	4	6	1.2393393740816112	0.10760998960271884	0.9839816933638444	82868.0	2661.0	4134.0	156.0	73.0	5220.0	135.0	71.0	1425.0	2777.0	91.0	208.0	80.0	97.0	4.0
3	6	4	-74.89150789093168	1.0	0.5041031652989448	82868.0	4134.0	2661.0	156.0	73.0	5220.0	1425.0	208.0	135.0	2777.0	80.0	71.0	91.0	97.0	4.0
4	3	6	-1.2191640819453988	0.8886089724311882	1.0168269230769231	82868.0	2661.0	5220.0	135.0	71.0	4134.0	156.0	73.0	1425.0	2777.0	91.0	208.0	97.0	80.0	4.0
3	4	7	2.065864160202742	0.01942058819076964	0.9747211895910781	82858.0	2671.0	4133.0	155.0	75.0	5221.0	121.0	84.0	1432.0	2775.0	86.0	207.0	80.0	97.0	5.0
3	7	4	-77.59142742879123	1.0	0.5065687789799073	82858.0	4133.0	2671.0	155.0	75.0	5221.0	1432.0	207.0	121.0	2775.0	80.0	84.0	86.0	97.0	5.0
4	3	7	-2.0122872102051117	0.9779052338133255	1.0273531777956557	82858.0	2671.0	5221.0	121.0	84.0	4133.0	155.0	75.0	1432.0	2775.0	86.0	207.0	97.0	80.0	5.0
3	4	8	0.5110401634262299	0.30466145945134127	0.9979811574697174	84353.0	1176.0	4258.0	72.0	33.0	5322.0	66.0	38.0	3032.0	1218.0	43.0	304.0	35.0	46.0	4.0
3	8	4	-252.1131472902734	1.0	0.5005062436719542	84353.0	4258.0	1176.0	72.0	33.0	5322.0	3032.0	304.0	66.0	1218.0	35.0	38.0	43.0	46.0	4.0
4	3	8	-0.5100063667368984	0.6949765061055347	1.002031144211239	84353.0	1176.0	5322.0	66.0	38.0	4258.0	72.0	33.0	3032.0	1218.0	43.0	304.0	46.0	35.0	4.0
3	4	9	0.7499125236733912	0.22665362772433673	0.9983669025585193	84948.0	581.0	4312.0	35.0	16.0	5375.0	29.0	22.0	3697.0	567.0	29.0	354.0	15.0	19.0	1.0
3	9	4	-457.6966102819962	1.0	0.5004092769440655	84948.0	4312.0	581.0	35.0	16.0	5375.0	3697.0	354.0	29.0	567.0	15.0	22.0	29.0	19.0	1.0
4	3	9	-0.748685840155932	0.7729767779510597	1.0016411378555798	84948.0	581.0	5375.0	29.0	22.0	4312.0	35.0	16.0	3697.0	567.0	29.0	354.0	19.0	15.0	1.0
3	5	6	1.1837195677115546	0.1182621078459205	0.5116279069767442	84339.0	2689.0	2663.0	164.0	37.0	6592.0	143.0	98.0	165.0	2797.0	49.0	96.0	52.0	112.0	4.0
3	6	5	-0.05636759846245515	0.522475584704523	0.9565217391304348	84339.0	2663.0	2689.0	164.0	37.0	6592.0	165.0	96.0	143.0	2797.0	52.0	98.0	49.0	112.0	4.0
5	3	6	-0.05380543489597991	0.5214549787338083	-0.05	84339.0	2689.0	6592.0	143.0	98.0	2663.0	164.0	37.0	165.0	2797.0	49.0	96.0	112.0	52.0	4.0
3	5	7	2.1532885268966813	0.015647949354456347	0.46835443037974683	84335.0	2693.0	2656.0	168.0	40.0	6601.0	126.0	106.0	163.0	2798.0	50.0	96.0	52.0	112.0	4.0
3	7	5	-99999.9	1.0	1.15625	84335.0	2656.0	2693.0	168.0	40.0	6601.0	163.0	96.0	126.0	2798.0	52.0	106.0	50.0	112.0	4.0
5	3	7	-0.2909849360671183	0.6144685125750304	0.10638297872340424	84335.0	2693.0	6601.0	126.0	106.0	2656.0	168.0	40.0	163.0	2798.0	50.0	96.0	112.0	52.0	4.0
3	5	8	0.16226182028947692	0.4355498331956503	0.9988137603795967	85840.0	1188.0	2771.0	77.0	16.0	6711.0	75.0	47.0	1759.0	1215.0	37.0	188.0	29.0	45.0	2.0
3	8	5	-136.46219086345042	1.0	0.5002970885323826	85840.0	2771.0	1188.0	77.0	16.0	6711.0	1759.0	188.0	75.0	1215.0	29.0	47.0	37.0	45.0	2.0
5	3	8	-0.16206911028913312	0.5643742910734418	1.0011904761904762	85840.0	1188.0	6711.0	75.0	47.0	2771.0	77.0	16.0	1759.0	1215.0	37.0	188.0	45.0	29.0	2.0
3	5	9	1.43561787746577	0.07555559913906729	0.9949832775919732	86447.0	581.0	2813.0	41.0	10.0	6783.0	29.0	21.0	2409.0	573.0	29.0	234.0	9.0	20.0	1.0
3	9	5	-283.2952611532443	1.0	0.5012636899747261	86447.0	2813.0	581.0	41.0	10.0	6783.0	2409.0	234.0	29.0	573.0	9.0	21.0	29.0	20.0	1.0
5	3	9	-1.4283794679995563	0.9234086187570716	1.0050933786078098	86447.0	581.0	6783.0	29.0	21.0	2813.0	41.0	10.0	2409.0	573.0	29.0	234.0	20.0	9.0	1.0
3	6	7	1.7917974106951613	0.036582661116944415	0.007557864903164856	86264.0	738.0	727.0	2133.0	30.0	6778.0	32.0	43.0	48.0	2931.0	13.0	34.0	13.0	215.0	1.0
3	7	6	-99999.9	1.0	-0.007733204446592557	86264.0	727.0	738.0	2133.0	30.0	6778.0	48.0	34.0	32.0	2931.0	13.0	43.0	13.0	215.0	1.0
6	3	7	-233.4936000812127	1.0	0.49808886765408505	86264.0	738.0	6778.0	32.0	43.0	727.0	2133.0	30.0	48.0	2931.0	13.0	34.0	215.0	13.0	1.0
3	6	8	0.7243932036173455	0.23441211621414904	0.9946043165467626	85817.0	1185.0	2794.0	82.0	14.0	6732.0	73.0	48.0	1732.0	1225.0	35.0	194.0	21.0	47.0	1.0
3	8	6	-132.80542066318006	1.0	0.5013599274705349	85817.0	2794.0	1185.0	82.0	14.0	6732.0	1732.0	194.0	73.0	1225.0	21.0	48.0	35.0	47.0	1.0
6	3	8	-0.7204634032360581	0.7643802071006593	1.0054844606946984	85817.0	1185.0	6732.0	73.0	48.0	2794.0	82.0	14.0	1732.0	1225.0	35.0	194.0	47.0	21.0	1.0
3	6	9	1.3066322582231207	0.0956688851575569	0.9953645174884113	86419.0	583.0	2841.0	41.0	8.0	6801.0	30.0	22.0	2392.0	572.0	28.0	233.0	9.0	20.0	1.0
3	9	6	-279.26294900750526	1.0	0.5011669849352853	86419.0	2841.0	583.0	41.0	8.0	6801.0	2392.0	233.0	30.0	572.0	9.0	22.0	28.0	20.0	1.0
6	3	9	-1.3005471799672128	0.9032931837243829	1.0047008547008547	86419.0	583.0	6801.0	30.0	22.0	2841.0	41.0	8.0	2392.0	572.0	28.0	233.0	20.0	9.0	1.0
3	7	8	1.201142690963399	0.11484799263207512	0.9909638554216867	85811.0	1180.0	2800.0	86.0	15.0	6741.0	71.0	48.0	1716.0	1225.0	35.0	201.0	23.0	47.0	1.0
3	8	7	-130.52417241802283	1.0	0.5022900763358777	85811.0	2800.0	1180.0	86.0	15.0	6741.0	1716.0	201.0	71.0	1225.0	23.0	48.0	35.0	47.0	1.0
7	3	8	-1.190190022048839	0.883014079429176	1.0092879256965945	85811.0	1180.0	6741.0	71.0	48.0	2800.0	86.0	15.0	1716.0	1225.0	35.0	201.0	47.0	23.0	1.0
3	7	9	1.456542517224108	0.07262139407075052	0.9949130987706656	86410.0	581.0	2850.0	40.0	11.0	6810.0	28.0	22.0	2375.0	573.0	28.0	241.0	10.0	20.0	1.0
3	9	7	-283.41889814319154	1.0	0.5012815036309269	86410.0	2850.0	581.0	40.0	11.0	6810.0	2375.0	241.0	28.0	573.0	10.0	22.0	28.0	20.0	1.0
7	3	9	-1.4490953462796305	0.9263444778281412	1.0051657339647009	86410.0	581.0	6810.0	28.0	22.0	2850.0	40.0	11.0	2375.0	573.0	28.0	241.0	20.0	10.0	1.0
3	8	9	0.8454302970461679	0.19893526937965034	0.9900990099009901	88020.0	591.0	1240.0	38.0	3.0	8596.0	31.0	31.0	731.0	576.0	12.0	99.0	4.0	28.0	0.0
3	9	8	-83.69759940757059	1.0	0.5025125628140703	88020.0	1240.0	591.0	38.0	3.0	8596.0	731.0	99.0	31.0	576.0	4.0	31.0	12.0	28.0	0.0
8	3	9	-0.8369759940757062	0.7986970195392504	1.010204081632653	88020.0	591.0	8596.0	31.0	31.0	1240.0	38.0	3.0	731.0	576.0	12.0	99.0	28.0	4.0	0.0
4	5	6	-0.06196247833237818	0.524703713389681	1.037037037037037	85396.0	2703.0	2692.0	125.0	39.0	5535.0	126.0	101.0	154.0	2854.0	48.0	78.0	50.0	94.0	5.0
4	6	5	-1.7969118716389645	0.9638252459127659	0.49122807017543857	85396.0	2692.0	2703.0	125.0	39.0	5535.0	154.0	78.0	126.0	2854.0	50.0	101.0	48.0	94.0	5.0
5	4	6	0.06417542398710598	0.47441520324593744	0.9666666666666667	85396.0	2703.0	5535.0	126.0	101.0	2692.0	125.0	39.0	154.0	2854.0	48.0	78.0	94.0	50.0	5.0
4	5	7	0.4086230334138049	0.3414082078702958	0.8333333333333334	85395.0	2704.0	2684.0	130.0	42.0	5541.0	124.0	97.0	154.0	2853.0	49.0	77.0	50.0	95.0	5.0
4	7	5	-1.6344921336552227	0.9489222325026706	0.5555555555555556	85395.0	2684.0	2704.0	130.0	42.0	5541.0	154.0	77.0	124.0	2853.0	50.0	97.0	49.0	95.0	5.0
5	4	7	-0.3268984267310441	0.6281275760111733	1.3333333333333333	85395.0	2704.0	5541.0	124.0	97.0	2684.0	130.0	42.0	154.0	2853.0	49.0	77.0	95.0	50.0	5.0
4	5	8	-0.44632911670675524	0.672320209259154	1.0029308323563892	86898.0	1201.0	2777.0	60.0	19.0	5653.0	65.0	44.0	1776.0	1244.0	36.0	165.0	27.0	33.0	2.0
4	8	5	-153.1801528537586	1.0	0.4992704989786986	86898.0	2777.0	1201.0	60.0	19.0	5653.0	1776.0	165.0	65.0	1244.0	27.0	44.0	36.0	33.0	2.0
5	4	8	0.4476334098590251	0.3272089201743611	0.9970947123765252	86898.0	1201.0	5653.0	65.0	44.0	2777.0	60.0	19.0	1776.0	1244.0	36.0	165.0	33.0	27.0	2.0
4	5	9	0.9440401134363399	0.1725745628983938	0.9971110193974412	87508.0	591.0	2815.0	31.0	10.0	5722.0	24.0	16.0	2440.0	588.0	28.0	201.0	9.0	15.0	2.0
4	9	5	-324.88466189544937	1.0	0.5007253886010363	87508.0	2815.0	591.0	31.0	10.0	5722.0	2440.0	201.0	24.0	588.0	9.0	16.0	28.0	15.0	2.0
5	4	9	-0.941304897875887	0.8267256965073134	1.0029142381348877	87508.0	591.0	5722.0	24.0	16.0	2815.0	31.0	10.0	2440.0	588.0	28.0	201.0	15.0	9.0	2.0
4	6	7	0.24991841163318584	0.4013252772218082	0.0009685230024213076	87336.0	752.0	743.0	2094.0	30.0	5706.0	31.0	30.0	33.0	2983.0	14.0	33.0	13.0	202.0	0.0
4	7	6	-99999.9	1.0	-0.0009713453132588635	87336.0	743.0	752.0	2094.0	30.0	5706.0	33.0	33.0	31.0	2983.0	13.0	30.0	14.0	202.0	0.0
6	4	7	-257.5409231879983	1.0	0.4997575169738118	87336.0	752.0	5706.0	31.0	30.0	743.0	2094.0	30.0	33.0	2983.0	14.0	33.0	202.0	13.0	0.0
4	6	8	0.4549766376584132	0.32456304597416086	0.997036158861885	86884.0	1204.0	2791.0	63.0	13.0	5665.0	58.0	44.0	1740.0	1256.0	34.0	189.0	22.0	35.0	2.0
4	8	6	-152.59916427063152	1.0	0.5007442691277165	86884.0	2791.0	1204.0	63.0	13.0	5665.0	1740.0	189.0	58.0	1256.0	22.0	44.0	34.0	35.0	2.0
6	4	8	-0.45362415062613487	0.6749502924958155	1.0029904306220097	86884.0	1204.0	5665.0	58.0	44.0	2791.0	63.0	13.0	1740.0	1256.0	34.0	189.0	35.0	22.0	2.0
4	6	9	0.6509582521322487	0.2575366557634837	0.9979123173277662	87497.0	591.0	2826.0	32.0	9.0	5723.0	27.0	17.0	2417.0	585.0	28.0	223.0	9.0	16.0	0.0
4	9	6	-310.50708626708246	1.0	0.500523560209424	87497.0	2826.0	591.0	32.0	9.0	5723.0	2417.0	223.0	27.0	585.0	9.0	17.0	28.0	16.0	0.0
6	4	9	-0.6495964147846917	0.7420235874460286	1.0021008403361344	87497.0	591.0	5723.0	27.0	17.0	2826.0	32.0	9.0	2417.0	585.0	28.0	223.0	16.0	9.0	0.0
4	7	8	0.9072311525369767	0.18214226001316425	0.994086339444116	86879.0	1200.0	2796.0	66.0	14.0	5673.0	56.0	43.0	1737.0	1256.0	34.0	184.0	24.0	36.0	2.0
4	8	7	-151.59832558892853	1.0	0.501491646778043	86879.0	2796.0	1200.0	66.0	14.0	5673.0	1737.0	184.0	56.0	1256.0	24.0	43.0	34.0	36.0	2.0
7	4	8	-0.9018341795891066	0.8164275484411541	1.0060204695966286	86879.0	1200.0	5673.0	56.0	43.0	2796.0	66.0	14.0	1737.0	1256.0	34.0	184.0	36.0	24.0	2.0
4	7	9	0.674164383025968	0.2501033389224614	0.9979105725031342	87489.0	590.0	2834.0	30.0	12.0	5731.0	25.0	16.0	2413.0	586.0	28.0	219.0	10.0	17.0	0.0
4	9	7	-321.30674495017615	1.0	0.5005239991616013	87489.0	2834.0	590.0	30.0	12.0	5731.0	2413.0	219.0	25.0	586.0	10.0	16.0	28.0	17.0	0.0
7	4	9	-0.6727528160598333	0.7494477861455617	1.0021026072329688	87489.0	590.0	5731.0	25.0	16.0	2834.0	30.0	12.0	2413.0	586.0	28.0	219.0	17.0	10.0	0.0
4	8	9	-0.3960789838504927	0.6539765683080567	1.004267425320057	89076.0	599.0	1247.0	27.0	6.0	7540.0	30.0	24.0	736.0	589.0	11.0	87.0	2.0	26.0	0.0
4	9	8	-93.60666651666631	1.0	0.4989399293286219	89076.0	1247.0	599.0	27.0	6.0	7540.0	736.0	87.0	30.0	589.0	2.0	24.0	11.0	26.0	0.0
8	4	9	0.3977620390226621	0.34540285109033886	0.9957865168539326	89076.0	599.0	7540.0	30.0	24.0	1247.0	27.0	6.0	736.0	589.0	11.0	87.0	26.0	2.0	0.0
5	6	7	-99999.9	1.0	-0.0028749401054144704	90163.0	768.0	773.0	2126.0	31.0	2879.0	33.0	12.0	27.0	3033.0	13.0	9.0	12.0	120.0	1.0
5	7	6	0.7748359496448235	0.21921823701430754	0.002850356294536817	90163.0	773.0	768.0	2126.0	31.0	2879.0	27.0	9.0	33.0	3033.0	12.0	12.0	13.0	120.0	1.0
6	5	7	-270.2886071011021	1.0	0.5007156488549619	90163.0	768.0	2879.0	33.0	12.0	773.0	2126.0	31.0	27.0	3033.0	13.0	9.0	120.0	12.0	1.0
5	6	8	1.1197643052743205	0.13140715656366608	0.9942196531791907	89677.0	1254.0	2874.0	45.0	11.0	2872.0	35.0	17.0	1755.0	1281.0	37.0	91.0	21.0	28.0	2.0
5	8	6	-191.479696201909	1.0	0.5014577259475218	89677.0	2874.0	1254.0	45.0	11.0	2872.0	1755.0	91.0	35.0	1281.0	21.0	17.0	37.0	28.0	2.0
6	5	8	-1.1132540476855164	0.8672002840548115	1.0058823529411764	89677.0	1254.0	2872.0	35.0	17.0	2874.0	45.0	11.0	1755.0	1281.0	37.0	91.0	28.0	21.0	2.0
5	6	9	-0.323868760226099	0.6269812333143334	1.0008274720728176	90326.0	605.0	2904.0	18.0	8.0	2894.0	20.0	10.0	2439.0	605.0	29.0	123.0	9.0	10.0	0.0
5	9	6	-392.0431342536965	1.0	0.4997933884297521	90326.0	2904.0	605.0	18.0	8.0	2894.0	2439.0	123.0	20.0	605.0	9.0	10.0	29.0	10.0	0.0
6	5	9	0.32413653100760054	0.37291740409597973	0.9991745769706974	90326.0	605.0	2894.0	20.0	10.0	2904.0	18.0	8.0	2439.0	605.0	29.0	123.0	10.0	9.0	0.0
5	7	8	1.6305653873042418	0.05149101915919729	0.9913842619184376	89689.0	1247.0	2862.0	50.0	13.0	2863.0	35.0	17.0	1761.0	1280.0	37.0	94.0	22.0	28.0	2.0
5	8	7	-185.99315851183715	1.0	0.5021821355833576	89689.0	2862.0	1247.0	50.0	13.0	2863.0	1761.0	94.0	35.0	1280.0	22.0	17.0	37.0	28.0	2.0
7	5	8	-1.6163947726984689	0.9469955114694002	1.0088443396226414	89689.0	1247.0	2863.0	35.0	17.0	2862.0	50.0	13.0	1761.0	1280.0	37.0	94.0	28.0	22.0	2.0
5	7	9	-0.1641415825684452	0.5651901609654728	1.0004127115146513	90333.0	603.0	2897.0	18.0	10.0	2887.0	19.0	9.0	2443.0	605.0	30.0	126.0	10.0	10.0	0.0
5	9	7	-398.0433377284794	1.0	0.49989688595586723	90333.0	2897.0	603.0	18.0	10.0	2887.0	2443.0	126.0	19.0	605.0	10.0	9.0	30.0	10.0	0.0
7	5	9	0.16420929774277213	0.43478318627352885	0.9995877988458368	90333.0	603.0	2887.0	19.0	9.0	2897.0	18.0	10.0	2443.0	605.0	30.0	126.0	10.0	10.0	0.0
5	8	9	-1.1952323649900456	0.8840018074372614	1.0116618075801749	91942.0	609.0	1288.0	18.0	4.0	4674.0	26.0	18.0	720.0	605.0	12.0	62.0	3.0	19.0	0.0
5	9	8	-104.88164002787666	1.0	0.497134670487106	91942.0	1288.0	609.0	18.0	4.0	4674.0	720.0	62.0	26.0	605.0	3.0	18.0	12.0	19.0	0.0
8	5	9	1.2090102596873373	0.11332951770999145	0.9887323943661972	91942.0	609.0	4674.0	26.0	18.0	1288.0	18.0	4.0	720.0	605.0	12.0	62.0	19.0	3.0	0.0
6	7	8	1.2226764938124477	0.11072602138864496	0.9984508133230054	91755.0	1287.0	794.0	15.0	4.0	797.0	9.0	3.0	3876.0	1339.0	64.0	47.0	6.0	4.0	0.0
6	8	7	-786.7923237683202	1.0	0.500388198757764	91755.0	794.0	1287.0	15.0	4.0	797.0	3876.0	47.0	9.0	1339.0	6.0	3.0	64.0	4.0	0.0
7	6	8	-1.2207794007266255	0.888915155491115	1.001556420233463	91755.0	1287.0	797.0	9.0	3.0	794.0	15.0	4.0	3876.0	1339.0	64.0	47.0	4.0	6.0	0.0
6	7	9	0.3315248451362345	0.3701241067177585	0.9997829390058607	92416.0	626.0	804.0	5.0	4.0	804.0	4.0	1.0	4610.0	626.0	43.0	52.0	3.0	2.0	0.0
6	9	7	-1526.6719118523843	1.0	0.5000542829225926	92416.0	804.0	626.0	5.0	4.0	804.0	4610.0	52.0	4.0	626.0	3.0	1.0	43.0	2.0	0.0
7	6	9	-0.33145286840042554	0.6298487138026223	1.0002172024326672	92416.0	626.0	804.0	4.0	1.0	804.0	5.0	4.0	4610.0	626.0	43.0	52.0	2.0	3.0	0.0
6	8	9	-0.9423168540257552	0.8269847919694792	1.0084985835694051	91934.0	615.0	1286.0	17.0	3.0	4682.0	23.0	15.0	735.0	607.0	12.0	49.0	3.0	18.0	1.0
6	9	8	-112.76391686508207	1.0	0.4979020979020979	91934.0	1286.0	615.0	17.0	3.0	4682.0	735.0	49.0	23.0	607.0	3.0	15.0	12.0	18.0	1.0
8	6	9	0.9502577263911407	0.17099064688429055	0.9917127071823204	91934.0	615.0	4682.0	23.0	15.0	1286.0	17.0	3.0	735.0	607.0	12.0	49.0	18.0	3.0	1.0
7	8	9	-1.1415165052897869	0.8731724214627058	1.0098730606488011	91939.0	613.0	1281.0	15.0	3.0	4677.0	22.0	18.0	738.0	608.0	12.0	51.0	3.0	19.0	1.0
7	9	8	-117.90234761778828	1.0	0.4975677553856845	91939.0	1281.0	613.0	15.0	3.0	4677.0	738.0	51.0	22.0	608.0	3.0	18.0	12.0	19.0	1.0
8	7	9	1.152676582855469	0.12452163543641359	0.9904109589041096	91939.0	613.0	4677.0	22.0	18.0	1281.0	15.0	3.0	738.0	608.0	12.0	51.0	19.0	3.0	1.0
