P1	Hybrid	P2	Zscore	Pvalue	Gamma	AAAA	AAAB	AABA	AABB	AABC	ABAA	ABAB	ABAC	ABBA	BAAA	ABBC	CABC	BACA	BCAA	ABCD
1	2	3	-1.1931130185708856	0.8835873792532398	1.1277777777777778	21554.0	1596.0	1907.0	151.0	79.0	2037.0	174.0	66.0	377.0	1668.0	92.0	122.0	89.0	84.0	4.0
1	3	2	-11.723632269435663	1.0	0.47319347319347316	21554.0	1907.0	1596.0	151.0	79.0	2037.0	377.0	122.0	174.0	1668.0	89.0	66.0	92.0	84.0	4.0
2	1	3	1.32829331131537	0.09204067984280562	0.9076305220883534	21554.0	1596.0	2037.0	174.0	66.0	1907.0	151.0	79.0	377.0	1668.0	92.0	122.0	84.0	89.0	4.0
1	2	4	-0.1328128607321994	0.5528293407153977	1.0028985507246377	21966.0	1184.0	1974.0	112.0	51.0	2109.0	114.0	54.0	806.0	1253.0	78.0	172.0	71.0	51.0	5.0
1	4	2	-46.08606267407317	1.0	0.49927849927849927	21966.0	1974.0	1184.0	112.0	51.0	2109.0	806.0	172.0	114.0	1253.0	71.0	54.0	78.0	51.0	5.0
2	1	4	0.13319671293084737	0.44701887326788703	0.9971264367816092	21966.0	1184.0	2109.0	114.0	54.0	1974.0	112.0	51.0	806.0	1253.0	78.0	172.0	51.0	71.0	5.0
1	2	5	-0.1412150561132764	0.5561499988787206	1.002375296912114	22092.0	1058.0	1985.0	99.0	53.0	2113.0	101.0	63.0	945.0	1114.0	78.0	186.0	59.0	49.0	5.0
1	5	2	-59.73396873591588	1.0	0.49940828402366866	22092.0	1985.0	1058.0	99.0	53.0	2113.0	945.0	186.0	101.0	1114.0	59.0	63.0	78.0	49.0	5.0
2	1	5	0.14154968894766803	0.4437178298393667	0.9976415094339622	22092.0	1058.0	2113.0	101.0	63.0	1985.0	99.0	53.0	945.0	1114.0	78.0	186.0	49.0	59.0	5.0
1	2	6	-0.30259692279459544	0.6189014015816281	1.0035118525021949	22285.0	865.0	2002.0	85.0	50.0	2147.0	89.0	41.0	1232.0	841.0	64.0	210.0	47.0	37.0	5.0
1	6	2	-86.76966761135021	1.0	0.49912663755458514	22285.0	2002.0	865.0	85.0	50.0	2147.0	1232.0	210.0	89.0	841.0	47.0	41.0	64.0	37.0	5.0
2	1	6	0.303655879654769	0.38069510586427435	0.996524761077324	22285.0	865.0	2147.0	89.0	41.0	2002.0	85.0	50.0	1232.0	841.0	64.0	210.0	37.0	47.0	5.0
1	2	7	0.0	0.49999999949999996	nan	22272.0	878.0	1993.0	93.0	51.0	2143.0	93.0	41.0	1223.0	844.0	70.0	214.0	47.0	33.0	5.0
1	7	2	-82.83335594797197	1.0	0.5	22272.0	1993.0	878.0	93.0	51.0	2143.0	1223.0	214.0	93.0	844.0	47.0	41.0	70.0	33.0	5.0
2	1	7	0.0	0.49999999949999996	nan	22272.0	878.0	2143.0	93.0	41.0	1993.0	93.0	51.0	1223.0	844.0	70.0	214.0	33.0	47.0	5.0
1	2	8	-0.955197991921177	0.8302612171899859	1.0095846645367412	22425.0	725.0	2028.0	72.0	37.0	2146.0	84.0	47.0	1348.0	723.0	66.0	224.0	36.0	34.0	5.0
1	8	2	-101.56938647428497	1.0	0.49763779527559054	22425.0	2028.0	725.0	72.0	37.0	2146.0	1348.0	224.0	84.0	723.0	36.0	47.0	66.0	34.0	5.0
2	1	8	0.9642663272875174	0.16745620499640168	0.9906832298136646	22425.0	725.0	2146.0	84.0	47.0	2028.0	72.0	37.0	1348.0	723.0	66.0	224.0	34.0	36.0	5.0
1	2	9	-1.4691867368175209	0.9291088884058308	1.006806579693704	22863.0	287.0	2099.0	27.0	11.0	2222.0	39.0	16.0	1814.0	293.0	30.0	268.0	21.0	9.0	1.0
1	9	2	-218.78639155774314	1.0	0.4983155530600786	22863.0	2099.0	287.0	27.0	11.0	2222.0	1814.0	268.0	39.0	293.0	21.0	16.0	30.0	9.0	1.0
2	1	9	1.4791192668692452	0.06955425638984458	0.9933296275708727	22863.0	287.0	2222.0	39.0	16.0	2099.0	27.0	11.0	1814.0	293.0	30.0	268.0	9.0	21.0	1.0
1	3	4	-0.3271506040817188	0.628222941977205	1.0103092783505154	22280.0	1181.0	1660.0	113.0	53.0	2355.0	118.0	63.0	608.0	1266.0	57.0	124.0	54.0	61.0	7.0
1	4	3	-32.3879098040901	1.0	0.49746192893401014	22280.0	1660.0	1181.0	113.0	53.0	2355.0	608.0	124.0	118.0	1266.0	54.0	63.0	57.0	61.0	7.0
3	1	4	0.33048887555194045	0.37051536659487605	0.99	22280.0	1181.0	2355.0	118.0	63.0	1660.0	113.0	53.0	608.0	1266.0	57.0	124.0	61.0	54.0	7.0
1	3	5	0.06855628743969318	0.4726713378336367	0.9984251968503937	22396.0	1065.0	1681.0	107.0	38.0	2366.0	106.0	64.0	740.0	1120.0	71.0	138.0	48.0	57.0	3.0
1	5	3	-43.39612994932604	1.0	0.500394632991318	22396.0	1681.0	1065.0	107.0	38.0	2366.0	740.0	138.0	106.0	1120.0	48.0	64.0	71.0	57.0	3.0
3	1	5	-0.06844815449420469	0.5272856244709774	1.0015822784810127	22396.0	1065.0	2366.0	106.0	64.0	1681.0	107.0	38.0	740.0	1120.0	71.0	138.0	57.0	48.0	3.0
1	3	6	0.7076891085743108	0.2395691019677919	0.9905759162303664	22586.0	875.0	1701.0	86.0	39.0	2410.0	77.0	49.0	1023.0	859.0	49.0	156.0	41.0	44.0	5.0
1	6	3	-73.67829941490322	1.0	0.5023898035050453	22586.0	1701.0	875.0	86.0	39.0	2410.0	1023.0	156.0	77.0	859.0	41.0	49.0	49.0	44.0	5.0
3	1	6	-0.7009563369282549	0.7583349367543996	1.009698275862069	22586.0	875.0	2410.0	77.0	49.0	1701.0	86.0	39.0	1023.0	859.0	49.0	156.0	44.0	41.0	5.0
1	3	7	0.5401415480442303	0.29454968752150323	0.9925847457627118	22566.0	895.0	1699.0	88.0	39.0	2410.0	81.0	45.0	1018.0	862.0	51.0	152.0	41.0	44.0	9.0
1	7	3	-71.76166281159043	1.0	0.5018746652383502	22566.0	1699.0	895.0	88.0	39.0	2410.0	1018.0	152.0	81.0	862.0	41.0	45.0	51.0	44.0	9.0
3	1	7	-0.5361063390406982	0.7040574905857112	1.0075839653304441	22566.0	895.0	2410.0	81.0	45.0	1699.0	88.0	39.0	1018.0	862.0	51.0	152.0	44.0	41.0	9.0
1	3	8	-0.743593577599199	0.7714388735294422	1.00853889943074	22722.0	739.0	1731.0	68.0	27.0	2405.0	77.0	54.0	1140.0	734.0	57.0	173.0	32.0	36.0	5.0
1	8	3	-88.57025724292677	1.0	0.49789227166276345	22722.0	1731.0	739.0	68.0	27.0	2405.0	1140.0	173.0	77.0	734.0	32.0	54.0	57.0	36.0	5.0
3	1	8	0.7498892899212994	0.2266606247945917	0.9916743755781684	22722.0	739.0	2405.0	77.0	54.0	1731.0	68.0	27.0	1140.0	734.0	57.0	173.0	36.0	32.0	5.0
1	3	9	-0.12025921024359384	0.5478611350952081	1.000638569604087	23179.0	282.0	1783.0	34.0	9.0	2482.0	35.0	19.0	1602.0	307.0	22.0	220.0	11.0	13.0	2.0
1	9	3	-188.56644166195528	1.0	0.49984051036682614	23179.0	1783.0	282.0	34.0	9.0	2482.0	1602.0	220.0	35.0	307.0	11.0	19.0	22.0	13.0	2.0
3	1	9	0.12033595511292608	0.4521084689284365	0.9993626513702996	23179.0	282.0	2482.0	35.0	19.0	1783.0	34.0	9.0	1602.0	307.0	22.0	220.0	13.0	11.0	2.0
1	4	5	-0.26577191505754255	0.6047925018897216	1.028169014084507	22869.0	1071.0	1208.0	108.0	31.0	2903.0	112.0	72.0	258.0	1134.0	46.0	83.0	28.0	75.0	2.0
1	5	4	-9.966446814657843	1.0	0.49324324324324326	22869.0	1208.0	1071.0	108.0	31.0	2903.0	258.0	83.0	112.0	1134.0	28.0	72.0	46.0	75.0	2.0
4	1	5	0.27305333738788623	0.3924061710239053	0.974025974025974	22869.0	1071.0	2903.0	112.0	72.0	1208.0	108.0	31.0	258.0	1134.0	46.0	83.0	75.0	28.0	2.0
1	4	6	1.2514782447480015	0.1053800915945039	0.9656652360515021	23045.0	895.0	1242.0	92.0	13.0	2958.0	76.0	53.0	526.0	879.0	33.0	105.0	22.0	55.0	6.0
1	6	4	-33.94634738878958	1.0	0.5090497737556562	23045.0	1242.0	895.0	92.0	13.0	2958.0	526.0	105.0	76.0	879.0	22.0	53.0	33.0	55.0	6.0
4	1	6	-1.206981240490295	0.8862802500949823	1.0382775119617225	23045.0	895.0	2958.0	76.0	53.0	1242.0	92.0	13.0	526.0	879.0	33.0	105.0	55.0	22.0	6.0
1	4	7	1.4595067240045507	0.0722128864369026	0.9586056644880174	23036.0	904.0	1229.0	97.0	21.0	2953.0	78.0	56.0	518.0	887.0	33.0	109.0	19.0	54.0	6.0
1	7	4	-32.33959635820609	1.0	0.5110336817653891	23036.0	1229.0	904.0	97.0	21.0	2953.0	518.0	109.0	78.0	887.0	19.0	56.0	33.0	54.0	6.0
4	1	7	-1.396482570013445	0.9187153318515069	1.0472636815920398	23036.0	904.0	2953.0	78.0	56.0	1229.0	97.0	21.0	518.0	887.0	33.0	109.0	54.0	19.0	6.0
1	4	8	-0.7355278048514715	0.7689910126254647	1.0159010600706713	23197.0	743.0	1256.0	69.0	22.0	2942.0	78.0	67.0	653.0	749.0	36.0	123.0	16.0	48.0	1.0
1	8	4	-47.727582003695495	1.0	0.49611734253666956	23197.0	1256.0	743.0	69.0	22.0	2942.0	653.0	123.0	78.0	749.0	16.0	67.0	36.0	48.0	1.0
4	1	8	0.7470404139708857	0.22751951491504874	0.984822934232715	23197.0	743.0	2942.0	78.0	67.0	1256.0	69.0	22.0	653.0	749.0	36.0	123.0	48.0	16.0	1.0
1	4	9	0.5446900542846571	0.29298332869803534	0.9962859795728877	23656.0	284.0	1306.0	29.0	12.0	3042.0	25.0	20.0	1098.0	322.0	18.0	164.0	6.0	16.0	2.0
1	9	4	-145.56841700757414	1.0	0.5009337068160598	23656.0	1306.0	284.0	29.0	12.0	3042.0	1098.0	164.0	25.0	322.0	6.0	20.0	18.0	16.0	2.0
4	1	9	-0.5426595228614152	0.7063178993483357	1.0037558685446009	23656.0	284.0	3042.0	25.0	20.0	1306.0	29.0	12.0	1098.0	322.0	18.0	164.0	16.0	6.0	2.0
1	5	6	1.3439867958881124	0.08947639216116099	0.946031746031746	23191.0	886.0	1096.0	92.0	22.0	3109.0	75.0	60.0	373.0	877.0	24.0	107.0	25.0	59.0	4.0
1	6	5	-22.215311155562333	1.0	0.5146804835924007	23191.0	1096.0	886.0	92.0	22.0	3109.0	373.0	107.0	75.0	877.0	25.0	60.0	24.0	59.0	4.0
5	1	6	-1.2673164082032202	0.8974788433076775	1.0643939393939394	23191.0	886.0	3109.0	75.0	60.0	1096.0	92.0	22.0	373.0	877.0	24.0	107.0	59.0	25.0	4.0
1	5	7	1.4793197308339594	0.06952747645635071	0.9389067524115755	23169.0	908.0	1096.0	96.0	18.0	3104.0	77.0	63.0	369.0	884.0	21.0	107.0	23.0	59.0	6.0
1	7	5	-21.25548876408794	1.0	0.5168141592920354	23169.0	1096.0	908.0	96.0	18.0	3104.0	369.0	107.0	77.0	884.0	23.0	63.0	21.0	59.0	6.0
5	1	7	-1.3830626250605167	0.9166771099963297	1.0748031496062993	23169.0	908.0	3104.0	77.0	63.0	1096.0	96.0	18.0	369.0	884.0	21.0	107.0	59.0	23.0	6.0
1	5	8	-1.2765090391957552	0.8991121145292194	1.038647342995169	23330.0	747.0	1123.0	67.0	20.0	3091.0	83.0	70.0	513.0	734.0	27.0	114.0	26.0	54.0	1.0
1	8	5	-35.58268946758169	1.0	0.49086757990867586	23330.0	1123.0	747.0	67.0	20.0	3091.0	513.0	114.0	83.0	734.0	26.0	70.0	27.0	54.0	1.0
5	1	8	1.3240070499565275	0.0927504176723386	0.9653679653679653	23330.0	747.0	3091.0	83.0	70.0	1123.0	67.0	20.0	513.0	734.0	27.0	114.0	54.0	26.0	1.0
1	5	9	-0.8771132058826197	0.809787461265322	1.0076838638858396	23785.0	292.0	1177.0	28.0	5.0	3186.0	35.0	23.0	953.0	307.0	14.0	165.0	11.0	19.0	0.0
1	9	5	-115.90424506306054	1.0	0.4981009224091155	23785.0	1177.0	292.0	28.0	5.0	3186.0	953.0	165.0	35.0	307.0	11.0	23.0	14.0	19.0	0.0
5	1	9	0.8838014329427268	0.18840167122178253	0.9924892703862661	23785.0	292.0	3186.0	35.0	23.0	1177.0	28.0	5.0	953.0	307.0	14.0	165.0	19.0	11.0	0.0
1	6	7	-99999.9	1.0	-0.017817371937639197	23786.0	501.0	479.0	506.0	15.0	3497.0	49.0	43.0	41.0	926.0	10.0	42.0	9.0	96.0	0.0
1	7	6	0.8487163839000126	0.19801951669037798	0.016913319238900635	23786.0	479.0	501.0	506.0	15.0	3497.0	41.0	42.0	49.0	926.0	9.0	43.0	10.0	96.0	0.0
6	1	7	-48.482923430288196	1.0	0.5043383947939263	23786.0	501.0	3497.0	49.0	43.0	479.0	506.0	15.0	41.0	926.0	10.0	42.0	96.0	9.0	0.0
1	6	8	-1.4886932153820343	0.9317158808895611	1.1944444444444444	23537.0	750.0	916.0	70.0	14.0	3422.0	91.0	76.0	220.0	735.0	22.0	76.0	17.0	51.0	3.0
1	8	6	-10.63352296701453	1.0	0.4623655913978495	23537.0	916.0	750.0	70.0	14.0	3422.0	220.0	76.0	91.0	735.0	17.0	76.0	22.0	51.0	3.0
6	1	8	1.7310386225372492	0.041722400684847116	0.8771929824561404	23537.0	750.0	3422.0	91.0	76.0	916.0	70.0	14.0	220.0	735.0	22.0	76.0	51.0	17.0	3.0
1	6	9	-0.6265092523861282	0.7345095714702271	1.0081037277147489	23998.0	289.0	964.0	29.0	7.0	3532.0	34.0	23.0	656.0	312.0	9.0	116.0	7.0	22.0	2.0
1	9	6	-78.5642602492205	1.0	0.49799839871897517	23998.0	964.0	289.0	29.0	7.0	3532.0	656.0	116.0	34.0	312.0	7.0	23.0	9.0	22.0	2.0
6	1	9	0.6315455003956633	0.2638418963400442	0.9920886075949367	23998.0	289.0	3532.0	34.0	23.0	964.0	29.0	7.0	656.0	312.0	9.0	116.0	22.0	7.0	2.0
1	7	8	-0.8420947992127029	0.8001326028944038	1.0887096774193548	23516.0	749.0	937.0	72.0	13.0	3419.0	83.0	78.0	218.0	746.0	20.0	81.0	14.0	50.0	4.0
1	8	7	-11.176894607732242	1.0	0.48042704626334526	23516.0	937.0	749.0	72.0	13.0	3419.0	218.0	81.0	83.0	746.0	14.0	78.0	20.0	50.0	4.0
7	1	8	0.9107099310004045	0.1812240898731905	0.9299363057324841	23516.0	749.0	3419.0	83.0	78.0	937.0	72.0	13.0	218.0	746.0	20.0	81.0	50.0	14.0	4.0
1	7	9	0.1348207104081945	0.44637678486642995	0.9984126984126984	23975.0	290.0	987.0	28.0	7.0	3527.0	27.0	26.0	656.0	320.0	8.0	121.0	6.0	20.0	2.0
1	9	7	-84.66740613634602	1.0	0.5003977724741447	23975.0	987.0	290.0	28.0	7.0	3527.0	656.0	121.0	27.0	320.0	6.0	26.0	8.0	20.0	2.0
7	1	9	-0.1346063690561942	0.5535384778855148	1.0015948963317385	23975.0	290.0	3527.0	27.0	26.0	987.0	28.0	7.0	656.0	320.0	8.0	121.0	20.0	6.0	2.0
1	8	9	0.9154423053519413	0.1799797154770233	0.986	24168.0	285.0	794.0	33.0	7.0	3666.0	26.0	26.0	519.0	319.0	5.0	119.0	8.0	24.0	1.0
1	9	8	-63.557851485863424	1.0	0.5035750766087844	24168.0	794.0	285.0	33.0	7.0	3666.0	519.0	119.0	26.0	319.0	8.0	26.0	5.0	24.0	1.0
8	1	9	-0.90244413874451	0.8165895368070614	1.0146137787056368	24168.0	285.0	3666.0	26.0	26.0	794.0	33.0	7.0	519.0	319.0	5.0	119.0	24.0	8.0	1.0
2	3	4	0.06613547685318796	0.4736349134859901	0.9979253112033195	22412.0	1179.0	1663.0	115.0	58.0	2223.0	114.0	69.0	595.0	1251.0	57.0	134.0	51.0	74.0	5.0
2	4	3	-31.74502888953039	1.0	0.5005202913631634	22412.0	1663.0	1179.0	115.0	58.0	2223.0	595.0	134.0	114.0	1251.0	51.0	69.0	57.0	74.0	5.0
3	2	4	-0.06599798105931438	0.5263103532163932	1.0020876826722338	22412.0	1179.0	2223.0	114.0	69.0	1663.0	115.0	58.0	595.0	1251.0	57.0	134.0	74.0	51.0	5.0
2	3	5	0.40626349625512087	0.3422745485417693	0.9904610492845787	22524.0	1067.0	1681.0	113.0	42.0	2238.0	107.0	61.0	730.0	1107.0	66.0	148.0	48.0	64.0	4.0
2	5	3	-41.77742953156826	1.0	0.5024193548387097	22524.0	1681.0	1067.0	113.0	42.0	2238.0	730.0	148.0	107.0	1107.0	48.0	61.0	66.0	64.0	4.0
3	2	5	-0.40235084621093037	0.6562870320785994	1.0098199672667758	22524.0	1067.0	2238.0	107.0	61.0	1681.0	113.0	42.0	730.0	1107.0	66.0	148.0	64.0	48.0	4.0
2	3	6	0.5752447196475369	0.28256286281868315	0.9924324324324324	22714.0	877.0	1718.0	78.0	40.0	2282.0	71.0	53.0	989.0	857.0	57.0	173.0	35.0	54.0	2.0
2	6	3	-74.86399137127235	1.0	0.5019136139967195	22714.0	1718.0	877.0	78.0	40.0	2282.0	989.0	173.0	71.0	857.0	35.0	53.0	57.0	54.0	2.0
3	2	6	-0.5708583220031657	0.7159521940558153	1.0077433628318584	22714.0	877.0	2282.0	71.0	53.0	1718.0	78.0	40.0	989.0	857.0	57.0	173.0	54.0	35.0	2.0
2	3	7	0.6308236168984029	0.2640778720948872	0.9912948857453754	22708.0	883.0	1707.0	85.0	44.0	2268.0	77.0	61.0	988.0	857.0	58.0	174.0	36.0	52.0	2.0
2	7	3	-71.20421575740721	1.0	0.5022050716648292	22708.0	1707.0	883.0	85.0	44.0	2268.0	988.0	174.0	77.0	857.0	36.0	61.0	58.0	52.0	2.0
3	2	7	-0.6252840022604367	0.7341077172897847	1.0089385474860335	22708.0	883.0	2268.0	77.0	61.0	1707.0	85.0	44.0	988.0	857.0	58.0	174.0	52.0	36.0	2.0
2	3	8	-0.08414460136595564	0.5335293335349576	1.0009551098376313	22835.0	756.0	1736.0	70.0	30.0	2292.0	71.0	43.0	1119.0	728.0	56.0	189.0	30.0	40.0	5.0
2	8	3	-88.26768683288677	1.0	0.49976156413924655	22835.0	1736.0	756.0	70.0	30.0	2292.0	1119.0	189.0	71.0	728.0	30.0	43.0	56.0	40.0	5.0
3	2	8	0.08422489201611401	0.4664387484657241	0.9990476190476191	22835.0	756.0	2292.0	71.0	43.0	1736.0	70.0	30.0	1119.0	728.0	56.0	189.0	40.0	30.0	5.0
2	3	9	1.2926668933850045	0.09806321459742917	0.9936265137029955	23294.0	297.0	1791.0	35.0	10.0	2367.0	25.0	14.0	1584.0	295.0	24.0	230.0	9.0	24.0	1.0
2	9	3	-200.23410178533746	1.0	0.5016087516087516	23294.0	1791.0	297.0	35.0	10.0	2367.0	1584.0	230.0	25.0	295.0	9.0	14.0	24.0	24.0	1.0
3	2	9	-1.284375251990617	0.9004945875406317	1.0064977257959715	23294.0	297.0	2367.0	25.0	14.0	1791.0	35.0	10.0	1584.0	295.0	24.0	230.0	24.0	9.0	1.0
2	4	5	-0.26206198038573525	0.6033631112406053	1.0294117647058822	23001.0	1074.0	1204.0	111.0	37.0	2771.0	115.0	66.0	255.0	1121.0	40.0	90.0	26.0	85.0	4.0
2	5	4	-9.434231293886466	1.0	0.4929577464788732	23001.0	1204.0	1074.0	111.0	37.0	2771.0	255.0	90.0	115.0	1121.0	26.0	66.0	40.0	85.0	4.0
4	2	5	0.26954946553961334	0.39375350338800696	0.972972972972973	23001.0	1074.0	2771.0	115.0	66.0	1204.0	111.0	37.0	255.0	1121.0	40.0	90.0	85.0	26.0	4.0
2	4	6	1.359328435207917	0.08702133036021875	0.962800875273523	23181.0	894.0	1251.0	89.0	12.0	2822.0	72.0	58.0	512.0	868.0	36.0	110.0	23.0	69.0	3.0
2	6	4	-33.8232898878205	1.0	0.5098493626882967	23181.0	1251.0	894.0	89.0	12.0	2822.0	512.0	110.0	72.0	868.0	23.0	58.0	36.0	69.0	3.0
4	2	6	-1.3068089274839745	0.9043611263806618	1.041871921182266	23181.0	894.0	2822.0	72.0	58.0	1251.0	89.0	12.0	512.0	868.0	36.0	110.0	69.0	23.0	3.0
2	4	7	1.494235651837772	0.06755704997113199	0.9576837416481069	23178.0	897.0	1237.0	93.0	22.0	2811.0	74.0	67.0	504.0	877.0	35.0	115.0	19.0	68.0	3.0
2	7	4	-32.32267646870128	1.0	0.511296076099881	23178.0	1237.0	897.0	93.0	22.0	2811.0	504.0	115.0	74.0	877.0	19.0	67.0	35.0	68.0	3.0
4	2	7	-1.4282112858263356	0.923384424942858	1.0484693877551021	23178.0	897.0	2811.0	74.0	67.0	1237.0	93.0	22.0	504.0	877.0	35.0	115.0	68.0	19.0	3.0
2	4	8	0.1692566940392692	0.43279736851582684	0.9965217391304347	23311.0	764.0	1260.0	71.0	21.0	2828.0	69.0	55.0	642.0	740.0	34.0	130.0	20.0	55.0	0.0
2	8	4	-48.32278614821135	1.0	0.5008741258741258	23311.0	1260.0	764.0	71.0	21.0	2828.0	642.0	130.0	69.0	740.0	20.0	55.0	34.0	55.0	0.0
4	2	8	-0.168665920238085	0.566970287610111	1.0035149384885764	23311.0	764.0	2828.0	69.0	55.0	1260.0	71.0	21.0	642.0	740.0	34.0	130.0	55.0	20.0	0.0
2	4	9	2.5361205068162374	0.00560442983800824	0.9845031905195989	23775.0	300.0	1310.0	31.0	11.0	2923.0	14.0	15.0	1094.0	305.0	17.0	164.0	10.0	31.0	0.0
2	9	4	-158.58212345562654	1.0	0.5039664022398506	23775.0	1310.0	300.0	31.0	11.0	2923.0	1094.0	164.0	14.0	305.0	10.0	15.0	17.0	31.0	0.0
4	2	9	-2.4962000914311675	0.9937233975214417	1.0162523900573615	23775.0	300.0	2923.0	14.0	15.0	1310.0	31.0	11.0	1094.0	305.0	17.0	164.0	31.0	10.0	0.0
2	5	6	1.5996178014812528	0.05484169816394169	0.9363057324840764	23324.0	881.0	1108.0	92.0	22.0	2976.0	72.0	68.0	366.0	868.0	28.0	102.0	23.0	68.0	2.0
2	6	5	-21.91476388029317	1.0	0.517605633802817	23324.0	1108.0	881.0	92.0	22.0	2976.0	366.0	102.0	72.0	868.0	23.0	68.0	28.0	68.0	2.0
5	2	6	-1.4908002639655211	0.9319929964541298	1.078740157480315	23324.0	881.0	2976.0	72.0	68.0	1108.0	92.0	22.0	366.0	868.0	28.0	102.0	68.0	23.0	2.0
2	5	7	1.4719110959362565	0.07052248092755276	0.9372937293729373	23310.0	895.0	1105.0	97.0	20.0	2963.0	78.0	75.0	362.0	873.0	27.0	105.0	19.0	69.0	2.0
2	7	5	-20.529286338058313	1.0	0.5173041894353371	23310.0	1105.0	895.0	97.0	20.0	2963.0	362.0	105.0	78.0	873.0	19.0	75.0	27.0	69.0	2.0
5	2	7	-1.3734381705039014	0.9151918554147755	1.0772357723577235	23310.0	895.0	2963.0	78.0	75.0	1105.0	97.0	20.0	362.0	873.0	27.0	105.0	69.0	19.0	2.0
2	5	8	-0.557026892580997	0.7112455026152755	1.0167064439140812	23444.0	761.0	1127.0	74.0	21.0	2977.0	81.0	58.0	507.0	725.0	30.0	116.0	23.0	56.0	0.0
2	8	5	-34.45609206965311	1.0	0.4959254947613504	23444.0	1127.0	761.0	74.0	21.0	2977.0	507.0	116.0	81.0	725.0	23.0	58.0	30.0	56.0	0.0
5	2	8	0.5661799166374922	0.2856357060556567	0.9840909090909091	23444.0	761.0	2977.0	81.0	58.0	1127.0	74.0	21.0	507.0	725.0	30.0	116.0	56.0	23.0	0.0
2	5	9	0.39758516898838403	0.34546804757919214	0.9967776584317938	23898.0	307.0	1187.0	30.0	5.0	3073.0	27.0	16.0	955.0	292.0	15.0	153.0	10.0	32.0	0.0
2	9	5	-122.58876043808479	1.0	0.500809498111171	23898.0	1187.0	307.0	30.0	5.0	3073.0	955.0	153.0	27.0	292.0	10.0	16.0	15.0	32.0	0.0
5	2	9	-0.3962998721058785	0.6540580384393488	1.0032537960954446	23898.0	307.0	3073.0	27.0	16.0	1187.0	30.0	5.0	955.0	292.0	15.0	153.0	32.0	10.0	0.0
2	6	7	-99999.9	1.0	-0.006726457399103139	23928.0	504.0	487.0	492.0	16.0	3355.0	43.0	46.0	40.0	916.0	7.0	35.0	11.0	120.0	0.0
2	7	6	0.3301055160929532	0.3706601858839015	0.006593406593406593	23928.0	487.0	504.0	492.0	16.0	3355.0	40.0	35.0	43.0	916.0	11.0	46.0	7.0	120.0	0.0
6	2	7	-49.40579224191197	1.0	0.5016648168701444	23928.0	504.0	3355.0	43.0	46.0	487.0	492.0	16.0	40.0	916.0	7.0	35.0	120.0	11.0	0.0
2	6	8	-0.695870707395202	0.7567451669876768	1.0708661417322836	23664.0	768.0	907.0	73.0	15.0	3295.0	82.0	67.0	218.0	726.0	19.0	87.0	21.0	57.0	1.0
2	8	6	-11.211250285811591	1.0	0.48398576512455516	23664.0	907.0	768.0	73.0	15.0	3295.0	218.0	87.0	82.0	726.0	21.0	67.0	19.0	57.0	1.0
6	2	8	0.741920974796355	0.22906753982662997	0.9415584415584416	23664.0	768.0	3295.0	82.0	67.0	907.0	73.0	15.0	218.0	726.0	19.0	87.0	57.0	21.0	1.0
2	6	9	1.0728975540932508	0.14165857783383407	0.987460815047022	24128.0	304.0	957.0	32.0	6.0	3402.0	24.0	18.0	654.0	298.0	11.0	125.0	7.0	33.0	1.0
2	9	6	-83.41778483075025	1.0	0.5031948881789138	24128.0	957.0	304.0	32.0	6.0	3402.0	654.0	125.0	24.0	298.0	7.0	18.0	11.0	33.0	1.0
6	2	9	-1.0592734581682572	0.8552623389507805	1.013029315960912	24128.0	304.0	3402.0	24.0	18.0	957.0	32.0	6.0	654.0	298.0	11.0	125.0	33.0	7.0	1.0
2	7	8	-0.23362447602928985	0.5923616909326728	1.0227272727272727	23653.0	762.0	918.0	79.0	15.0	3282.0	82.0	66.0	217.0	733.0	20.0	101.0	14.0	56.0	2.0
2	8	7	-10.746725897347309	1.0	0.4945054945054945	23653.0	918.0	762.0	79.0	15.0	3282.0	217.0	101.0	82.0	733.0	14.0	66.0	20.0	56.0	2.0
7	2	8	0.23881613105216296	0.40562413031226185	0.9787234042553191	23653.0	762.0	3282.0	82.0	66.0	918.0	79.0	15.0	217.0	733.0	20.0	101.0	56.0	14.0	2.0
2	7	9	1.6707957908300561	0.047380988727129814	0.9814814814814815	24112.0	303.0	973.0	32.0	7.0	3390.0	20.0	20.0	656.0	304.0	10.0	135.0	5.0	32.0	1.0
2	9	7	-86.88138112316308	1.0	0.5047619047619047	24112.0	973.0	303.0	32.0	7.0	3390.0	656.0	135.0	20.0	304.0	5.0	20.0	10.0	32.0	1.0
7	2	9	-1.6392713419464702	0.9494216314049237	1.0196078431372548	24112.0	303.0	3390.0	20.0	20.0	973.0	32.0	7.0	656.0	304.0	10.0	135.0	32.0	5.0	1.0
2	8	9	2.5066912797889866	0.00609337113845454	0.965183752417795	24272.0	299.0	813.0	35.0	8.0	3562.0	17.0	21.0	516.0	306.0	7.0	103.0	6.0	35.0	0.0
2	9	8	-66.98436142102794	1.0	0.5091836734693878	24272.0	813.0	299.0	35.0	8.0	3562.0	516.0	103.0	17.0	306.0	6.0	21.0	7.0	35.0	0.0
8	2	9	-2.41626955025752	0.9921597788822106	1.038876889848812	24272.0	299.0	3562.0	17.0	21.0	813.0	35.0	8.0	516.0	306.0	7.0	103.0	35.0	6.0	0.0
3	4	5	-0.20719104496996557	0.5820696395862118	1.0215827338129497	23536.0	1099.0	1226.0	101.0	35.0	2236.0	104.0	52.0	246.0	1152.0	42.0	77.0	28.0	64.0	2.0
3	5	4	-10.01423384021502	1.0	0.49477351916376305	23536.0	1226.0	1099.0	101.0	35.0	2236.0	246.0	77.0	104.0	1152.0	28.0	52.0	42.0	64.0	2.0
4	3	5	0.21156832056792255	0.4162219463333473	0.9797297297297297	23536.0	1099.0	2236.0	104.0	52.0	1226.0	101.0	35.0	246.0	1152.0	42.0	77.0	64.0	28.0	2.0
3	4	6	0.8654545615951614	0.19339463106305188	0.9776286353467561	23722.0	913.0	1274.0	73.0	15.0	2281.0	63.0	48.0	500.0	904.0	36.0	99.0	22.0	49.0	1.0
3	6	4	-36.95490978011339	1.0	0.5057870370370371	23722.0	1274.0	913.0	73.0	15.0	2281.0	500.0	99.0	63.0	904.0	22.0	48.0	36.0	49.0	1.0
4	3	6	-0.8456501093847459	0.8011260665270838	1.023980815347722	23722.0	913.0	2281.0	63.0	48.0	1274.0	73.0	15.0	500.0	904.0	36.0	99.0	49.0	22.0	1.0
3	4	7	1.1235779070731748	0.13059611705058993	0.9707865168539326	23713.0	922.0	1263.0	75.0	24.0	2276.0	62.0	54.0	494.0	912.0	34.0	99.0	20.0	51.0	1.0
3	7	4	-36.21378023566621	1.0	0.5076380728554641	23713.0	1263.0	922.0	75.0	24.0	2276.0	494.0	99.0	62.0	912.0	20.0	54.0	34.0	51.0	1.0
4	3	7	-1.089766534869584	0.8620919592779295	1.0320197044334976	23713.0	922.0	2276.0	62.0	54.0	1263.0	75.0	24.0	494.0	912.0	34.0	99.0	51.0	20.0	1.0
3	4	8	0.09671007148649607	0.4614782616212205	0.9982817869415808	23838.0	797.0	1289.0	54.0	19.0	2301.0	53.0	38.0	634.0	768.0	38.0	109.0	17.0	44.0	1.0
3	8	4	-56.091841462168055	1.0	0.5004306632213609	23838.0	1289.0	797.0	54.0	19.0	2301.0	634.0	109.0	53.0	768.0	17.0	38.0	38.0	44.0	1.0
4	3	8	-0.09654361697447113	0.5384556420171416	1.001727115716753	23838.0	797.0	2301.0	53.0	38.0	1289.0	54.0	19.0	634.0	768.0	38.0	109.0	44.0	17.0	1.0
3	4	9	0.4575108254816721	0.3236519829867306	0.9972273567467652	24335.0	300.0	1326.0	23.0	13.0	2363.0	20.0	9.0	1099.0	325.0	16.0	143.0	9.0	19.0	0.0
3	9	4	-164.09388273942628	1.0	0.5006960556844547	24335.0	1326.0	300.0	23.0	13.0	2363.0	1099.0	143.0	20.0	325.0	9.0	9.0	16.0	19.0	0.0
4	3	9	-0.4562387842616118	0.6758908385871703	1.0027958993476236	24335.0	300.0	2363.0	20.0	9.0	1326.0	23.0	13.0	1099.0	325.0	16.0	143.0	19.0	9.0	0.0
3	5	6	1.0984673849996318	0.13600026975889024	0.9573770491803278	23865.0	897.0	1131.0	79.0	25.0	2435.0	66.0	58.0	358.0	900.0	26.0	87.0	23.0	49.0	1.0
3	6	5	-23.574800031915174	1.0	0.51138353765324	23865.0	1131.0	897.0	79.0	25.0	2435.0	358.0	87.0	66.0	900.0	23.0	58.0	26.0	49.0	1.0
5	3	6	-1.0495630151195112	0.8530404373450692	1.0488721804511278	23865.0	897.0	2435.0	66.0	58.0	1131.0	79.0	25.0	358.0	900.0	26.0	87.0	49.0	23.0	1.0
3	5	7	1.3336445254330127	0.09116025668357008	0.9471947194719472	23844.0	918.0	1132.0	83.0	20.0	2429.0	67.0	63.0	354.0	905.0	25.0	86.0	22.0	51.0	1.0
3	7	5	-22.588604149521654	1.0	0.514336917562724	23844.0	1132.0	918.0	83.0	20.0	2429.0	354.0	86.0	67.0	905.0	22.0	63.0	25.0	51.0	1.0
5	3	7	-1.2592950048513813	0.896038032862182	1.0627450980392157	23844.0	918.0	2429.0	67.0	63.0	1132.0	83.0	20.0	354.0	905.0	25.0	86.0	51.0	22.0	1.0
3	5	8	-0.36023482130442935	0.6406641688767734	1.0091954022988505	23970.0	792.0	1157.0	59.0	19.0	2451.0	63.0	45.0	502.0	751.0	31.0	91.0	24.0	45.0	0.0
3	8	5	-39.89600645946553	1.0	0.49773242630385484	23970.0	1157.0	792.0	59.0	19.0	2451.0	502.0	91.0	63.0	751.0	24.0	45.0	31.0	45.0	0.0
5	3	8	0.36351714313863825	0.35810936652823744	0.9910514541387024	23970.0	792.0	2451.0	63.0	45.0	1157.0	59.0	19.0	502.0	751.0	31.0	91.0	45.0	24.0	0.0
3	5	9	-1.2046673780888215	0.8858340674828142	1.0097932535364527	24457.0	305.0	1204.0	23.0	8.0	2514.0	32.0	13.0	960.0	312.0	12.0	131.0	10.0	19.0	0.0
3	9	5	-125.4192592521363	1.0	0.4975871313672922	24457.0	1204.0	305.0	23.0	8.0	2514.0	960.0	131.0	32.0	312.0	10.0	13.0	12.0	19.0	0.0
5	3	9	1.2163505746435623	0.11192576820878075	0.9904862579281184	24457.0	305.0	2514.0	32.0	13.0	1204.0	23.0	8.0	960.0	312.0	12.0	131.0	19.0	10.0	0.0
3	6	7	0.12130933153052621	0.4517229727691726	0.0	24480.0	516.0	496.0	490.0	15.0	2803.0	34.0	43.0	34.0	949.0	6.0	32.0	11.0	89.0	2.0
3	7	6	0.12130933153052621	0.4517229727691726	0.0	24480.0	496.0	516.0	490.0	15.0	2803.0	34.0	32.0	34.0	949.0	11.0	43.0	6.0	89.0	2.0
6	3	7	-55.25750691521094	1.0	0.5	24480.0	516.0	2803.0	34.0	43.0	496.0	490.0	15.0	34.0	949.0	6.0	32.0	89.0	11.0	2.0
3	6	8	-0.869144758101259	0.8076160611454697	1.072992700729927	24197.0	799.0	930.0	56.0	15.0	2762.0	66.0	52.0	213.0	754.0	22.0	69.0	18.0	46.0	1.0
3	8	6	-13.645572702189767	1.0	0.48355263157894735	24197.0	930.0	799.0	56.0	15.0	2762.0	213.0	69.0	66.0	754.0	18.0	52.0	22.0	46.0	1.0
6	3	8	0.9282702518496441	0.1766336821518758	0.9401197604790419	24197.0	799.0	2762.0	66.0	52.0	930.0	56.0	15.0	213.0	754.0	22.0	69.0	46.0	18.0	1.0
3	6	9	-0.4106088180360857	0.6593202569440543	1.0047543581616483	24692.0	304.0	969.0	25.0	7.0	2838.0	28.0	14.0	662.0	318.0	9.0	105.0	8.0	20.0	1.0
3	9	6	-87.18593902966225	1.0	0.49881982690794646	24692.0	969.0	304.0	25.0	7.0	2838.0	662.0	105.0	28.0	318.0	8.0	14.0	9.0	20.0	1.0
6	3	9	0.4125517619700103	0.3399675685414252	0.9953125	24692.0	304.0	2838.0	28.0	14.0	969.0	25.0	7.0	662.0	318.0	9.0	105.0	20.0	8.0	1.0
3	7	8	-0.35092392951347395	0.6371772257302434	1.0285714285714285	24180.0	796.0	947.0	61.0	13.0	2755.0	65.0	49.0	209.0	761.0	24.0	80.0	12.0	46.0	2.0
3	8	7	-12.984185391998528	1.0	0.4931506849315069	24180.0	947.0	796.0	61.0	13.0	2755.0	209.0	80.0	65.0	761.0	12.0	49.0	24.0	46.0	2.0
7	3	8	0.3606718164444038	0.35917246057486696	0.9736842105263158	24180.0	796.0	2755.0	65.0	49.0	947.0	61.0	13.0	209.0	761.0	24.0	80.0	46.0	12.0	2.0
3	7	9	0.0	0.49999999949999996	nan	24670.0	306.0	991.0	24.0	6.0	2832.0	24.0	13.0	658.0	325.0	11.0	115.0	5.0	19.0	1.0
3	9	7	-91.41484341546297	1.0	0.5	24670.0	991.0	306.0	24.0	6.0	2832.0	658.0	115.0	24.0	325.0	5.0	13.0	11.0	19.0	1.0
7	3	9	0.0	0.49999999949999996	nan	24670.0	306.0	2832.0	24.0	13.0	991.0	24.0	6.0	658.0	325.0	11.0	115.0	19.0	5.0	1.0
3	8	9	0.7164587743962837	0.2368539878203707	0.9898373983739838	24826.0	301.0	835.0	27.0	8.0	3008.0	22.0	14.0	509.0	324.0	5.0	88.0	8.0	25.0	0.0
3	9	8	-69.06662585180169	1.0	0.5025799793601651	24826.0	835.0	301.0	27.0	8.0	3008.0	509.0	88.0	22.0	324.0	8.0	14.0	5.0	25.0	0.0
8	3	9	-0.7091029348234267	0.7608697683720703	1.0104821802935011	24826.0	301.0	3008.0	22.0	14.0	835.0	27.0	8.0	509.0	324.0	5.0	88.0	25.0	8.0	0.0
4	5	6	0.1912445537812871	0.42416701748568064	0.9930795847750865	24829.0	943.0	1174.0	56.0	25.0	1471.0	54.0	24.0	341.0	949.0	27.0	61.0	23.0	23.0	0.0
4	6	5	-27.252348913833416	1.0	0.5017482517482518	24829.0	1174.0	943.0	56.0	25.0	1471.0	341.0	61.0	54.0	949.0	23.0	24.0	27.0	23.0	0.0
5	4	6	-0.18991183912079032	0.5753108754981378	1.0070671378091873	24829.0	943.0	1471.0	54.0	24.0	1174.0	56.0	25.0	341.0	949.0	27.0	61.0	23.0	23.0	0.0
4	5	7	0.27864587721907125	0.3902583655257226	0.9893238434163701	24815.0	957.0	1174.0	60.0	21.0	1458.0	57.0	34.0	335.0	958.0	24.0	63.0	23.0	21.0	0.0
4	7	5	-25.54253874508145	1.0	0.5027124773960218	24815.0	1174.0	957.0	60.0	21.0	1458.0	335.0	63.0	57.0	958.0	23.0	34.0	24.0	21.0	0.0
5	4	7	-0.2756389073210237	0.6085872244537407	1.0110294117647058	24815.0	957.0	1458.0	57.0	34.0	1174.0	60.0	21.0	335.0	958.0	24.0	63.0	21.0	23.0	0.0
4	5	8	-0.3166761636513183	0.6242552624446084	1.006787330316742	24947.0	825.0	1192.0	43.0	20.0	1474.0	46.0	29.0	491.0	796.0	30.0	67.0	24.0	16.0	0.0
4	8	5	-47.29030710526351	1.0	0.49832026875699886	24947.0	1192.0	825.0	43.0	20.0	1474.0	491.0	67.0	46.0	796.0	24.0	29.0	30.0	16.0	0.0
5	4	8	0.3188110591366081	0.3749349646689062	0.9933481152993349	24947.0	825.0	1474.0	46.0	29.0	1192.0	43.0	20.0	491.0	796.0	30.0	67.0	16.0	24.0	0.0
4	5	9	-2.171862618992122	0.9850670393729464	1.0117521367521367	25457.0	315.0	1241.0	7.0	7.0	1514.0	18.0	17.0	965.0	339.0	13.0	89.0	10.0	8.0	0.0
4	9	5	-189.14948990858633	1.0	0.49711286089238843	25457.0	1241.0	315.0	7.0	7.0	1514.0	965.0	89.0	18.0	339.0	10.0	17.0	13.0	8.0	0.0
5	4	9	2.19709016789277	0.014006955016978795	0.9886480908152735	25457.0	315.0	1514.0	18.0	17.0	1241.0	7.0	7.0	965.0	339.0	13.0	89.0	8.0	10.0	0.0
4	6	7	-99999.9	1.0	-0.013333333333333332	25470.0	533.0	519.0	487.0	18.0	1813.0	31.0	29.0	25.0	996.0	5.0	18.0	11.0	45.0	0.0
4	7	6	0.8051281965126816	0.21037279422851907	0.012820512820512824	25470.0	519.0	533.0	487.0	18.0	1813.0	25.0	18.0	31.0	996.0	11.0	29.0	5.0	45.0	0.0
6	4	7	-61.189742934963775	1.0	0.5032679738562091	25470.0	533.0	1813.0	31.0	29.0	519.0	487.0	18.0	25.0	996.0	5.0	18.0	45.0	11.0	0.0
4	6	8	-1.226161380118735	0.8899309570177805	1.0902777777777777	25176.0	827.0	963.0	44.0	17.0	1783.0	57.0	33.0	214.0	791.0	21.0	35.0	18.0	21.0	0.0
4	8	6	-16.034418047706538	1.0	0.4801223241590214	25176.0	963.0	827.0	44.0	17.0	1783.0	214.0	35.0	57.0	791.0	18.0	33.0	21.0	21.0	0.0
6	4	8	1.327690666370605	0.09214022475704065	0.9289617486338798	25176.0	827.0	1783.0	57.0	33.0	963.0	44.0	17.0	214.0	791.0	21.0	35.0	21.0	18.0	0.0
4	6	9	-1.1666422775198286	0.8783225089447939	1.00920245398773	25690.0	313.0	1008.0	10.0	6.0	1840.0	16.0	17.0	674.0	342.0	10.0	54.0	9.0	11.0	0.0
4	9	6	-129.10841204552742	1.0	0.49773071104387295	25690.0	1008.0	313.0	10.0	6.0	1840.0	674.0	54.0	16.0	342.0	9.0	17.0	10.0	11.0	0.0
6	4	9	1.1772803529987328	0.11954187466147603	0.991044776119403	25690.0	313.0	1840.0	16.0	17.0	1008.0	10.0	6.0	674.0	342.0	10.0	54.0	11.0	9.0	0.0
4	7	8	-0.39847839422057973	0.6548611593988656	1.0251572327044025	25164.0	825.0	975.0	47.0	16.0	1771.0	51.0	34.0	214.0	802.0	22.0	47.0	13.0	19.0	0.0
4	8	7	-16.636472958709202	1.0	0.49393939393939396	25164.0	975.0	825.0	47.0	16.0	1771.0	214.0	47.0	51.0	802.0	13.0	34.0	22.0	19.0	0.0
7	4	8	0.40825700512169827	0.34154254622699765	0.9766081871345029	25164.0	825.0	1771.0	51.0	34.0	975.0	47.0	16.0	214.0	802.0	22.0	47.0	19.0	13.0	0.0
4	7	9	-0.68441849777666	0.7531445983752237	1.0045112781954888	25674.0	315.0	1024.0	8.0	6.0	1828.0	11.0	17.0	679.0	349.0	10.0	61.0	7.0	11.0	0.0
4	9	7	-153.0816040027128	1.0	0.4988797610156833	25674.0	1024.0	315.0	8.0	6.0	1828.0	679.0	61.0	11.0	349.0	7.0	17.0	10.0	11.0	0.0
7	4	9	0.6874922335451181	0.2458862286041813	0.9955489614243324	25674.0	315.0	1828.0	11.0	17.0	1024.0	8.0	6.0	679.0	349.0	10.0	61.0	11.0	7.0	0.0
4	8	9	0.4261311034066705	0.33500619600734527	0.9960159362549801	25830.0	309.0	868.0	12.0	8.0	2004.0	10.0	18.0	510.0	350.0	6.0	54.0	7.0	14.0	0.0
4	9	8	-106.106644748261	1.0	0.5010020040080161	25830.0	868.0	309.0	12.0	8.0	2004.0	510.0	54.0	10.0	350.0	7.0	18.0	6.0	14.0	0.0
8	4	9	-0.42442657899304376	0.6643725915892533	1.0040322580645162	25830.0	309.0	2004.0	10.0	18.0	868.0	12.0	8.0	510.0	350.0	6.0	54.0	14.0	7.0	0.0
5	6	7	-99999.9	1.0	-0.01797752808988764	25747.0	553.0	526.0	478.0	17.0	1536.0	25.0	15.0	17.0	1004.0	7.0	19.0	10.0	46.0	0.0
5	7	6	1.239493392441132	0.10758148525770217	0.01705756929637527	25747.0	526.0	553.0	478.0	17.0	1536.0	17.0	19.0	25.0	1004.0	10.0	15.0	7.0	46.0	0.0
6	5	7	-70.18631334697913	1.0	0.5043763676148797	25747.0	553.0	1536.0	25.0	15.0	526.0	478.0	17.0	17.0	1004.0	7.0	19.0	46.0	10.0	0.0
5	6	8	-0.954272642787529	0.830027182058648	1.0636942675159236	25463.0	837.0	958.0	46.0	17.0	1496.0	56.0	24.0	223.0	783.0	22.0	31.0	16.0	27.0	1.0
5	8	6	-16.890625777339267	1.0	0.4854651162790698	25463.0	958.0	837.0	46.0	17.0	1496.0	223.0	31.0	56.0	783.0	16.0	24.0	22.0	27.0	1.0
6	5	8	1.011414717205944	0.15590900435687716	0.946524064171123	25463.0	837.0	1496.0	56.0	24.0	958.0	46.0	17.0	223.0	783.0	22.0	31.0	27.0	16.0	1.0
5	6	9	1.185188823158902	0.11797146187230212	0.9897058823529412	25977.0	323.0	994.0	21.0	6.0	1553.0	14.0	9.0	687.0	331.0	10.0	55.0	9.0	11.0	0.0
5	9	6	-112.76225088911828	1.0	0.5026138909634056	25977.0	994.0	323.0	21.0	6.0	1553.0	687.0	55.0	14.0	331.0	9.0	9.0	10.0	11.0	0.0
6	5	9	-1.1728614505554662	0.8795742537646616	1.0106221547799696	25977.0	323.0	1553.0	14.0	9.0	994.0	21.0	6.0	687.0	331.0	10.0	55.0	11.0	9.0	0.0
5	7	8	0.0	0.49999999949999996	nan	25438.0	835.0	983.0	49.0	16.0	1497.0	49.0	26.0	223.0	794.0	22.0	30.0	12.0	25.0	1.0
5	8	7	-17.5676934516461	1.0	0.5	25438.0	983.0	835.0	49.0	16.0	1497.0	223.0	30.0	49.0	794.0	12.0	26.0	22.0	25.0	1.0
7	5	8	0.0	0.49999999949999996	nan	25438.0	835.0	1497.0	49.0	26.0	983.0	49.0	16.0	223.0	794.0	22.0	30.0	25.0	12.0	1.0
5	7	9	2.2664506110673006	0.011711868431426797	0.9827586206896551	25949.0	324.0	1022.0	20.0	6.0	1553.0	8.0	11.0	692.0	338.0	9.0	50.0	8.0	10.0	0.0
5	9	7	-126.9212342197686	1.0	0.504424778761062	25949.0	1022.0	324.0	20.0	6.0	1553.0	692.0	50.0	8.0	338.0	8.0	11.0	9.0	10.0	0.0
7	5	9	-2.2266883196450675	0.9870159874338715	1.018181818181818	25949.0	324.0	1553.0	8.0	11.0	1022.0	20.0	6.0	692.0	338.0	9.0	50.0	10.0	8.0	0.0
5	8	9	2.9127267404693726	0.0017915073396732595	0.9692307692307692	26100.0	321.0	871.0	23.0	6.0	1734.0	7.0	9.0	511.0	338.0	6.0	50.0	9.0	15.0	0.0
5	9	8	-88.83816558431587	1.0	0.5080645161290323	26100.0	871.0	321.0	23.0	6.0	1734.0	511.0	50.0	7.0	338.0	9.0	9.0	6.0	15.0	0.0
8	5	9	-2.820259224898917	0.9976006944683576	1.0338983050847457	26100.0	321.0	1734.0	7.0	9.0	871.0	23.0	6.0	511.0	338.0	6.0	50.0	15.0	9.0	0.0
6	7	8	1.1531179372468834	0.12443104735976018	0.9891808346213292	26394.0	889.0	565.0	22.0	6.0	541.0	15.0	6.0	655.0	835.0	38.0	16.0	6.0	11.0	1.0
6	8	7	-104.27480775389652	1.0	0.5027494108405341	26394.0	565.0	889.0	22.0	6.0	541.0	655.0	16.0	15.0	835.0	6.0	6.0	38.0	11.0	1.0
7	6	8	-1.1405057098082454	0.8729621077797511	1.011182108626198	26394.0	889.0	541.0	15.0	6.0	565.0	22.0	6.0	655.0	835.0	38.0	16.0	11.0	6.0	1.0
6	7	9	0.7260887068389437	0.23389212652733282	0.9974003466204506	26952.0	331.0	578.0	10.0	5.0	550.0	7.0	5.0	1158.0	354.0	16.0	28.0	2.0	4.0	0.0
6	9	7	-277.8499451503702	1.0	0.5006524575902567	26952.0	578.0	331.0	10.0	5.0	550.0	1158.0	28.0	7.0	354.0	2.0	5.0	16.0	4.0	0.0
7	6	9	-0.7241962080374521	0.7655274262468217	1.0026200873362445	26952.0	331.0	550.0	7.0	5.0	578.0	10.0	5.0	1158.0	354.0	16.0	28.0	4.0	2.0	0.0
6	8	9	1.6740182690406198	0.04706348217782308	0.9821073558648111	26639.0	320.0	891.0	19.0	7.0	1195.0	10.0	7.0	504.0	346.0	6.0	37.0	7.0	11.0	1.0
6	9	8	-90.21098449829985	1.0	0.5045965270684372	26639.0	891.0	320.0	19.0	7.0	1195.0	504.0	37.0	10.0	346.0	7.0	7.0	6.0	11.0	1.0
8	6	9	-1.6435199604953454	0.9498623140150133	1.01890756302521	26639.0	320.0	1195.0	10.0	7.0	891.0	19.0	7.0	504.0	346.0	6.0	37.0	11.0	7.0	1.0
7	8	9	1.2797468201396611	0.10031716483617215	0.9881656804733728	26613.0	322.0	889.0	14.0	7.0	1221.0	8.0	7.0	509.0	353.0	6.0	34.0	7.0	9.0	1.0
7	9	8	-105.57911266152189	1.0	0.5030120481927711	26613.0	889.0	322.0	14.0	7.0	1221.0	509.0	34.0	8.0	353.0	7.0	7.0	6.0	9.0	1.0
8	7	9	-1.2644205109164317	0.8969603638149996	1.0122699386503067	26613.0	322.0	1221.0	8.0	7.0	889.0	14.0	7.0	509.0	353.0	6.0	34.0	9.0	7.0	1.0
