P1	Hybrid	P2	Zscore	Pvalue	Gamma	AAAA	AAAB	AABA	AABB	AABC	ABAA	ABAB	ABAC	ABBA	BAAA	ABBC	CABC	BACA	BCAA	ABCD
1	2	3	-0.0853860294401475	0.5340228150754889	1.0004288164665522	79238.0	3005.0	601.0	68.0	9.0	582.0	69.0	16.0	2402.0	13418.0	461.0	18.0	55.0	55.0	3.0
1	3	2	-199.290992713306	1.0	0.4998928647953717	79238.0	601.0	3005.0	68.0	9.0	582.0	2402.0	18.0	69.0	13418.0	55.0	16.0	461.0	55.0	3.0
2	1	3	0.08542262868122773	0.46596263710738484	0.9995717344753747	79238.0	3005.0	582.0	69.0	16.0	601.0	68.0	9.0	2402.0	13418.0	461.0	18.0	55.0	55.0	3.0
1	2	4	0.1781785581671874	0.4292913815321413	0.9991300565463245	79276.0	2967.0	606.0	64.0	8.0	587.0	62.0	18.0	2359.0	13468.0	454.0	20.0	52.0	55.0	4.0
1	4	2	-204.45989549684737	1.0	0.5002177700348432	79276.0	606.0	2967.0	64.0	8.0	587.0	2359.0	20.0	62.0	13468.0	52.0	18.0	454.0	55.0	4.0
2	1	4	-0.178023417933694	0.5706477004629513	1.0008722197993893	79276.0	2967.0	587.0	62.0	18.0	606.0	64.0	8.0	2359.0	13468.0	454.0	20.0	55.0	52.0	4.0
1	2	5	0.17678177188010732	0.4298399099012571	0.9991349480968859	79279.0	2964.0	608.0	65.0	5.0	587.0	63.0	17.0	2373.0	13472.0	436.0	21.0	51.0	56.0	3.0
1	5	2	-204.00616474964437	1.0	0.5002165439584236	79279.0	608.0	2964.0	65.0	5.0	587.0	2373.0	21.0	63.0	13472.0	51.0	17.0	436.0	56.0	3.0
2	1	5	-0.1766287140689557	0.5700999749037727	1.0008673026886383	79279.0	2964.0	587.0	63.0	17.0	608.0	65.0	5.0	2373.0	13472.0	436.0	21.0	56.0	51.0	3.0
1	2	6	-1.0070932663414183	0.843055008975897	1.001428385923906	74864.0	7379.0	600.0	54.0	24.0	582.0	65.0	20.0	7777.0	7479.0	1025.0	71.0	23.0	30.0	7.0
1	6	2	-707.0710269049772	1.0	0.4996436669906058	74864.0	600.0	7379.0	54.0	24.0	582.0	7777.0	71.0	65.0	7479.0	23.0	20.0	1025.0	30.0	7.0
2	1	6	1.0085297323592808	0.15660012393686507	0.9985777088182053	74864.0	7379.0	582.0	65.0	20.0	600.0	54.0	24.0	7777.0	7479.0	1025.0	71.0	30.0	23.0	7.0
1	2	7	0.7681216502777387	0.221207391994229	0.9992664780467359	76379.0	5864.0	609.0	45.0	24.0	600.0	38.0	29.0	9574.0	5825.0	882.0	88.0	21.0	20.0	2.0
1	7	2	-1045.6330293566514	1.0	0.5001835824809862	76379.0	609.0	5864.0	45.0	24.0	600.0	9574.0	88.0	38.0	5825.0	21.0	29.0	882.0	20.0	2.0
2	1	7	-0.7675578025898251	0.7786250957994777	1.0007351396765385	76379.0	5864.0	600.0	38.0	29.0	609.0	45.0	24.0	9574.0	5825.0	882.0	88.0	20.0	21.0	2.0
1	2	8	0.5486181938997619	0.29163372231397355	0.9994728518713759	76419.0	5824.0	609.0	44.0	25.0	611.0	39.0	17.0	9519.0	5858.0	904.0	83.0	23.0	19.0	6.0
1	8	2	-1039.631477440037	1.0	0.500131891321551	76419.0	609.0	5824.0	44.0	25.0	611.0	9519.0	83.0	39.0	5858.0	23.0	17.0	904.0	19.0	6.0
2	1	8	-0.548328838312262	0.7082669615958002	1.0005279831045406	76419.0	5824.0	611.0	39.0	17.0	609.0	44.0	25.0	9519.0	5858.0	904.0	83.0	19.0	23.0	6.0
1	2	9	0.0	0.49999999949999996	nan	76683.0	5560.0	615.0	46.0	17.0	599.0	46.0	22.0	9895.0	5552.0	834.0	83.0	17.0	23.0	8.0
1	9	2	-1026.2716271868303	1.0	0.5	76683.0	615.0	5560.0	46.0	17.0	599.0	9895.0	83.0	46.0	5552.0	17.0	22.0	834.0	23.0	8.0
2	1	9	0.0	0.49999999949999996	nan	76683.0	5560.0	599.0	46.0	22.0	615.0	46.0	17.0	9895.0	5552.0	834.0	83.0	23.0	17.0	8.0
1	3	4	-99999.9	1.0	-0.03177966101694915	78020.0	1819.0	1862.0	1175.0	45.0	2760.0	201.0	41.0	171.0	13212.0	159.0	35.0	169.0	324.0	7.0
1	4	3	1.5744187174416386	0.05769534714090718	0.029013539651837526	78020.0	1862.0	1819.0	1175.0	45.0	2760.0	171.0	35.0	201.0	13212.0	169.0	41.0	159.0	324.0	7.0
3	1	4	-51.11612769293855	1.0	0.5075834175935288	78020.0	1819.0	2760.0	201.0	41.0	1862.0	1175.0	45.0	171.0	13212.0	159.0	35.0	324.0	169.0	7.0
1	3	5	-99999.9	1.0	-0.01783840503672613	78017.0	1822.0	1870.0	1171.0	41.0	2762.0	201.0	39.0	184.0	13214.0	144.0	35.0	171.0	322.0	7.0
1	5	3	0.8730449078859981	0.19131926138119515	0.01693227091633466	78017.0	1870.0	1822.0	1171.0	41.0	2762.0	184.0	35.0	201.0	13214.0	171.0	39.0	144.0	322.0	7.0
3	1	5	-49.81491533231874	1.0	0.5043433827286663	78017.0	1822.0	2762.0	201.0	39.0	1870.0	1171.0	41.0	184.0	13214.0	144.0	35.0	322.0	171.0	7.0
1	3	6	0.43720685912382945	0.3309806998833956	0.998114985862394	72786.0	7053.0	2678.0	267.0	137.0	2626.0	257.0	119.0	5552.0	7172.0	818.0	252.0	138.0	117.0	28.0
1	6	3	-231.06382504694415	1.0	0.5004725897920604	72786.0	2678.0	7053.0	267.0	137.0	2626.0	5552.0	252.0	257.0	7172.0	138.0	119.0	818.0	117.0	28.0
3	1	6	-0.4363811615617448	0.6687198652594346	1.0018957345971564	72786.0	7053.0	2626.0	257.0	119.0	2678.0	267.0	137.0	5552.0	7172.0	818.0	252.0	117.0	138.0	28.0
1	3	7	1.3963726938969447	0.08130120202211288	0.9961794254987972	74218.0	5621.0	2770.0	201.0	111.0	2737.0	174.0	91.0	7214.0	5602.0	726.0	311.0	108.0	96.0	20.0
1	7	3	-362.6948778629355	1.0	0.5009606489717497	74218.0	2770.0	5621.0	201.0	111.0	2737.0	7214.0	311.0	174.0	5602.0	108.0	91.0	726.0	96.0	20.0
3	1	7	-1.3910172872584194	0.917889851365259	1.0038648726023476	74218.0	5621.0	2737.0	174.0	91.0	2770.0	201.0	111.0	7214.0	5602.0	726.0	311.0	96.0	108.0	20.0
1	3	8	0.5624169165839102	0.28691596524471064	0.99842902027992	74263.0	5576.0	2765.0	197.0	120.0	2721.0	186.0	95.0	7177.0	5626.0	739.0	315.0	108.0	98.0	14.0
1	8	3	-356.8790979777903	1.0	0.5003936726075442	74263.0	2765.0	5576.0	197.0	120.0	2721.0	7177.0	315.0	186.0	5626.0	108.0	95.0	739.0	98.0	14.0
3	1	8	-0.5615319807975531	0.7127825648449502	1.0015784187114363	74263.0	5576.0	2721.0	186.0	95.0	2765.0	197.0	120.0	7177.0	5626.0	739.0	315.0	98.0	108.0	14.0
1	3	9	0.9242833595065334	0.1776693822041323	0.9975526852481306	74518.0	5321.0	2780.0	199.0	103.0	2731.0	181.0	90.0	7518.0	5333.0	691.0	328.0	101.0	89.0	17.0
1	9	3	-375.82388379046245	1.0	0.5006140829694323	74518.0	2780.0	5321.0	199.0	103.0	2731.0	7518.0	328.0	181.0	5333.0	101.0	90.0	691.0	89.0	17.0
3	1	9	-0.9220157977686136	0.8217398531070683	1.0024654156964798	74518.0	5321.0	2731.0	181.0	90.0	2780.0	199.0	103.0	7518.0	5333.0	691.0	328.0	89.0	101.0	17.0
1	4	5	1.349779955330886	0.08854335120807155	0.005072181037846274	79449.0	433.0	438.0	2590.0	11.0	2917.0	40.0	9.0	53.0	13502.0	27.0	11.0	44.0	469.0	7.0
1	5	4	-99999.9	1.0	-0.005150554675118859	79449.0	438.0	433.0	2590.0	11.0	2917.0	53.0	11.0	40.0	13502.0	44.0	9.0	27.0	469.0	7.0
4	1	5	-263.41474974418924	1.0	0.49872223314330644	79449.0	433.0	2917.0	40.0	9.0	438.0	2590.0	11.0	53.0	13502.0	27.0	11.0	469.0	44.0	7.0
1	4	6	0.8353024305739931	0.2017736736467397	0.9964492618202205	72836.0	7046.0	2628.0	269.0	142.0	2597.0	250.0	119.0	5582.0	7175.0	825.0	251.0	142.0	116.0	22.0
1	6	4	-233.5769375599805	1.0	0.5008924377642084	72836.0	2628.0	7046.0	269.0	142.0	2597.0	5582.0	251.0	250.0	7175.0	142.0	119.0	825.0	116.0	22.0
4	1	6	-0.8323259215378143	0.7973875503205626	1.0035889686437476	72836.0	7046.0	2597.0	250.0	119.0	2628.0	269.0	142.0	5582.0	7175.0	825.0	251.0	116.0	142.0	22.0
1	4	7	2.153574208698855	0.015636733784253787	0.9941110487941671	74262.0	5620.0	2726.0	212.0	101.0	2703.0	170.0	93.0	7260.0	5600.0	722.0	299.0	114.0	93.0	25.0
1	7	4	-361.39026245022677	1.0	0.5014853586080068	74262.0	2726.0	5620.0	212.0	101.0	2703.0	7260.0	299.0	170.0	5600.0	114.0	93.0	722.0	93.0	25.0
4	1	7	-2.1408167874343484	0.983855649565313	1.0059948615472452	74262.0	5620.0	2703.0	170.0	93.0	2726.0	212.0	101.0	7260.0	5600.0	722.0	299.0	93.0	114.0	25.0
1	4	8	1.6068678214394567	0.054041680813920356	0.9954725523486134	74327.0	5555.0	2701.0	215.0	123.0	2688.0	183.0	95.0	7219.0	5628.0	735.0	306.0	109.0	96.0	20.0
1	8	4	-351.7031944175618	1.0	0.5011396011396011	74327.0	2701.0	5555.0	215.0	123.0	2688.0	7219.0	306.0	183.0	5628.0	109.0	95.0	735.0	96.0	20.0
4	1	8	-1.5995597244687259	0.9451518556280887	1.0045897877223178	74327.0	5555.0	2688.0	183.0	95.0	2701.0	215.0	123.0	7219.0	5628.0	735.0	306.0	96.0	109.0	20.0
1	4	9	0.5173495395033907	0.3024560782546897	0.9986486486486487	74559.0	5323.0	2739.0	192.0	108.0	2697.0	182.0	87.0	7572.0	5324.0	686.0	308.0	109.0	88.0	26.0
1	9	4	-381.80396015350306	1.0	0.5003385240352065	74559.0	2739.0	5323.0	192.0	108.0	2697.0	7572.0	308.0	182.0	5324.0	109.0	87.0	686.0	88.0	26.0
4	1	9	-0.5166494724675268	0.6972995734121016	1.0013568521031209	74559.0	5323.0	2697.0	182.0	87.0	2739.0	192.0	108.0	7572.0	5324.0	686.0	308.0	88.0	109.0	26.0
1	5	6	0.30802654566005955	0.3790311354228866	0.9986879100281162	72833.0	7054.0	2631.0	262.0	141.0	2607.0	255.0	119.0	5583.0	7175.0	828.0	240.0	137.0	114.0	21.0
1	6	5	-234.14417849388298	1.0	0.5003286693586252	72833.0	2631.0	7054.0	262.0	141.0	2607.0	5583.0	240.0	255.0	7175.0	137.0	119.0	828.0	114.0	21.0
5	1	6	-0.30762185612935	0.6208148875120774	1.0013172751223185	72833.0	7054.0	2607.0	255.0	119.0	2631.0	262.0	141.0	5583.0	7175.0	828.0	240.0	114.0	137.0	21.0
1	5	7	2.2504274208260022	0.012210874309277697	0.9938288920056101	74271.0	5616.0	2717.0	214.0	103.0	2720.0	170.0	91.0	7256.0	5606.0	724.0	286.0	108.0	92.0	26.0
1	7	5	-360.17067948765276	1.0	0.5015571913929786	74271.0	2717.0	5616.0	214.0	103.0	2720.0	7256.0	286.0	170.0	5606.0	108.0	91.0	724.0	92.0	26.0
5	1	7	-2.2364535559492955	0.9873390032144653	1.006287510717348	74271.0	5616.0	2720.0	170.0	91.0	2717.0	214.0	103.0	7256.0	5606.0	724.0	286.0	92.0	108.0	26.0
1	5	8	1.667660888107377	0.047691511382516705	0.9953284258210645	74326.0	5561.0	2702.0	213.0	119.0	2707.0	180.0	94.0	7211.0	5636.0	739.0	295.0	104.0	92.0	21.0
1	8	5	-353.64517863561866	1.0	0.5011761351486207	74326.0	2702.0	5561.0	213.0	119.0	2707.0	7211.0	295.0	180.0	5636.0	104.0	94.0	739.0	92.0	21.0
5	1	8	-1.6598337213732646	0.9515260643184522	1.004737975592247	74326.0	5561.0	2707.0	180.0	94.0	2702.0	213.0	119.0	7211.0	5636.0	739.0	295.0	92.0	104.0	21.0
1	5	9	0.4138292948149954	0.3394996073011267	0.9989176024895142	74561.0	5326.0	2737.0	191.0	106.0	2711.0	183.0	87.0	7566.0	5332.0	688.0	300.0	100.0	87.0	25.0
1	9	5	-381.4988811575734	1.0	0.5002710394362381	74561.0	2737.0	5326.0	191.0	106.0	2711.0	7566.0	300.0	183.0	5332.0	100.0	87.0	688.0	87.0	25.0
5	1	9	-0.41338088165523373	0.6603361667602798	1.0010859237138592	74561.0	5326.0	2711.0	183.0	87.0	2737.0	191.0	106.0	7566.0	5332.0	688.0	300.0	87.0	100.0	25.0
1	6	7	1.3331625546533976	0.09123929740130854	0.9746376811594203	70337.0	5127.0	6651.0	529.0	277.0	7652.0	487.0	291.0	2101.0	5140.0	326.0	509.0	257.0	283.0	33.0
1	7	6	-49.89836990274155	1.0	0.5065913370998117	70337.0	6651.0	5127.0	529.0	277.0	7652.0	2101.0	509.0	487.0	5140.0	257.0	291.0	326.0	283.0	33.0
6	1	7	-1.2984705922646478	0.9029370944243273	1.0274509803921568	70337.0	5127.0	7652.0	487.0	291.0	6651.0	529.0	277.0	2101.0	5140.0	326.0	509.0	283.0	257.0	33.0
1	6	8	1.9258272974245245	0.027062903175228747	0.9628953771289538	70401.0	5063.0	6627.0	549.0	281.0	7644.0	488.0	298.0	2071.0	5152.0	344.0	498.0	280.0	275.0	29.0
1	8	6	-48.05096961770704	1.0	0.5098228663446055	70401.0	6627.0	5063.0	549.0	281.0	7644.0	2071.0	498.0	488.0	5152.0	280.0	298.0	344.0	275.0	29.0
6	1	8	-1.8516166435123982	0.9679596149269581	1.0417522245037645	70401.0	5063.0	7644.0	488.0	298.0	6627.0	549.0	281.0	2071.0	5152.0	344.0	498.0	275.0	280.0	29.0
1	6	9	1.9589036751598121	0.025061965264197683	0.9685729005667182	70637.0	4827.0	6661.0	529.0	267.0	7685.0	468.0	277.0	2348.0	4907.0	312.0	544.0	240.0	271.0	27.0
1	9	6	-58.41386532976559	1.0	0.5082454717491214	70637.0	6661.0	4827.0	529.0	267.0	7685.0	2348.0	544.0	468.0	4907.0	240.0	277.0	312.0	271.0	27.0
6	1	9	-1.8953435027211158	0.9709766113273812	1.034698521046644	70637.0	4827.0	7685.0	468.0	277.0	6661.0	529.0	267.0	2348.0	4907.0	312.0	544.0	271.0	240.0	27.0
1	7	8	-99999.9	1.0	-0.01911111111111111	73892.0	3096.0	3136.0	2628.0	169.0	9703.0	335.0	224.0	292.0	5451.0	141.0	218.0	134.0	566.0	15.0
1	8	7	1.7306414121345177	0.041757833088834184	0.01807482135350988	73892.0	3136.0	3096.0	2628.0	169.0	9703.0	292.0	218.0	335.0	5451.0	134.0	224.0	141.0	566.0	15.0
7	1	8	-92.2874594889406	1.0	0.504644631669907	73892.0	3096.0	9703.0	335.0	224.0	3136.0	2628.0	169.0	292.0	5451.0	141.0	218.0	566.0	134.0	15.0
1	7	9	0.2854450029143786	0.38765168301083297	0.9672727272727273	72097.0	4891.0	5201.0	518.0	214.0	9418.0	509.0	335.0	775.0	4895.0	214.0	384.0	211.0	318.0	20.0
1	9	7	-8.151040638777351	0.9999999999999998	0.5086042065009561	72097.0	5201.0	4891.0	518.0	214.0	9418.0	775.0	384.0	509.0	4895.0	211.0	335.0	214.0	318.0	20.0
7	1	9	-0.2757870892819373	0.6086441356985068	1.0362903225806452	72097.0	4891.0	9418.0	509.0	335.0	5201.0	518.0	214.0	775.0	4895.0	214.0	384.0	318.0	211.0	20.0
1	8	9	2.0156457744265595	0.0219184461733839	0.835195530726257	72132.0	4896.0	5166.0	526.0	201.0	9420.0	467.0	326.0	766.0	4934.0	220.0	391.0	214.0	325.0	16.0
1	9	8	-8.19923704851483	0.9999999999999999	0.5547309833024118	72132.0	5166.0	4896.0	526.0	201.0	9420.0	766.0	391.0	467.0	4934.0	214.0	326.0	220.0	325.0	16.0
8	1	9	-1.6179096517136269	0.9471589708697331	1.3259668508287292	72132.0	4896.0	9420.0	467.0	326.0	5166.0	526.0	201.0	766.0	4934.0	220.0	391.0	325.0	214.0	16.0
2	3	4	-99999.9	1.0	-0.03389830508474576	77996.0	1824.0	1867.0	1177.0	46.0	2784.0	201.0	36.0	169.0	13215.0	157.0	32.0	171.0	319.0	6.0
2	4	3	1.6848564018430525	0.04600811463628718	0.03076923076923077	77996.0	1867.0	1824.0	1177.0	46.0	2784.0	169.0	32.0	201.0	13215.0	171.0	36.0	157.0	319.0	6.0
3	2	4	-51.388120256213114	1.0	0.5080645161290323	77996.0	1824.0	2784.0	201.0	36.0	1867.0	1177.0	46.0	169.0	13215.0	157.0	32.0	319.0	171.0	6.0
2	3	5	-99999.9	1.0	-0.018867924528301886	77991.0	1829.0	1875.0	1171.0	44.0	2788.0	199.0	34.0	181.0	13221.0	139.0	33.0	173.0	315.0	7.0
2	5	3	0.9308034638737139	0.17597760139570595	0.01785714285714286	77991.0	1875.0	1829.0	1171.0	44.0	2788.0	181.0	33.0	199.0	13221.0	173.0	34.0	139.0	315.0	7.0
3	2	5	-50.26338704918056	1.0	0.5045871559633027	77991.0	1829.0	2788.0	199.0	34.0	1875.0	1171.0	44.0	181.0	13221.0	139.0	33.0	315.0	173.0	7.0
2	3	6	0.7487055518885383	0.22701728030567403	0.9968033095148552	72762.0	7058.0	2684.0	267.0	139.0	2650.0	250.0	121.0	5551.0	7173.0	817.0	247.0	140.0	116.0	25.0
2	6	3	-232.7153021281785	1.0	0.5008030231459613	72762.0	2684.0	7058.0	267.0	139.0	2650.0	5551.0	247.0	250.0	7173.0	140.0	121.0	817.0	116.0	25.0
3	2	6	-0.7463044965438665	0.7722583203352926	1.0032276438200114	72762.0	7058.0	2650.0	250.0	121.0	2684.0	267.0	139.0	5551.0	7173.0	817.0	247.0	116.0	140.0	25.0
2	3	7	0.9901642611231051	0.161046925016056	0.9973041997729852	74196.0	5624.0	2783.0	194.0	113.0	2759.0	175.0	87.0	7204.0	5610.0	727.0	308.0	105.0	95.0	20.0
2	7	3	-365.31849844594586	1.0	0.5006766863736734	74196.0	2783.0	5624.0	194.0	113.0	2759.0	7204.0	308.0	175.0	5610.0	105.0	87.0	727.0	95.0	20.0
3	2	7	-0.9874877607729359	0.83829820494631	1.0027177800028608	74196.0	5624.0	2759.0	175.0	87.0	2783.0	194.0	113.0	7204.0	5610.0	727.0	308.0	95.0	105.0	20.0
2	3	8	0.2562134212805573	0.3988930804786627	0.9992844876931883	74252.0	5568.0	2778.0	193.0	119.0	2732.0	188.0	101.0	7171.0	5627.0	743.0	308.0	106.0	101.0	13.0
2	8	3	-357.57145073914506	1.0	0.5001790702671729	74252.0	2778.0	5568.0	193.0	119.0	2732.0	7171.0	308.0	188.0	5627.0	106.0	101.0	743.0	101.0	13.0
3	2	8	-0.25602996616006424	0.6010360931549726	1.0007170514842967	74252.0	5568.0	2732.0	188.0	101.0	2778.0	193.0	119.0	7171.0	5627.0	743.0	308.0	101.0	106.0	13.0
2	3	9	0.9291852857234589	0.17639651779161536	0.997550353837779	74492.0	5328.0	2790.0	197.0	103.0	2757.0	179.0	85.0	7509.0	5340.0	692.0	327.0	102.0	84.0	15.0
2	9	3	-377.45571162277463	1.0	0.5006146701270319	74492.0	2790.0	5328.0	197.0	103.0	2757.0	7509.0	327.0	179.0	5340.0	102.0	85.0	692.0	84.0	15.0
3	2	9	-0.9269035210381897	0.823011704465613	1.002467781738415	74492.0	5328.0	2757.0	179.0	85.0	2790.0	197.0	103.0	7509.0	5340.0	692.0	327.0	84.0	102.0	15.0
2	4	5	1.4615706298415574	0.07192949405330429	0.00543267365153279	79431.0	432.0	435.0	2602.0	10.0	2935.0	39.0	11.0	53.0	13508.0	26.0	14.0	46.0	451.0	7.0
2	5	4	-99999.9	1.0	-0.00552268244575937	79431.0	435.0	432.0	2602.0	10.0	2935.0	53.0	14.0	39.0	13508.0	46.0	11.0	26.0	451.0	7.0
4	2	5	-266.11025253329547	1.0	0.4986306729264476	79431.0	432.0	2935.0	39.0	11.0	435.0	2602.0	10.0	53.0	13508.0	26.0	14.0	451.0	46.0	7.0
2	4	6	1.0173629331837892	0.15449042074327268	0.9957121551081283	72814.0	7049.0	2632.0	268.0	147.0	2619.0	245.0	121.0	5586.0	7177.0	824.0	243.0	141.0	115.0	19.0
2	6	4	-235.23200342049515	1.0	0.5010789004597054	72814.0	2632.0	7049.0	268.0	147.0	2619.0	5586.0	243.0	245.0	7177.0	141.0	121.0	824.0	115.0	19.0
4	2	6	-1.012981853336714	0.844465570740128	1.0043437204910293	72814.0	7049.0	2619.0	245.0	121.0	2632.0	268.0	147.0	5586.0	7177.0	824.0	243.0	115.0	141.0	19.0
2	4	7	1.6444252364291307	0.050044184134929504	0.995503723478994	74241.0	5622.0	2738.0	206.0	103.0	2724.0	174.0	87.0	7259.0	5605.0	723.0	288.0	111.0	94.0	25.0
2	7	4	-362.44159976670824	1.0	0.5011317017965765	74241.0	2738.0	5622.0	206.0	103.0	2724.0	7259.0	288.0	174.0	5605.0	111.0	87.0	723.0	94.0	25.0
4	2	7	-1.636998051169324	0.9491845731824193	1.004557755305512	74241.0	5622.0	2724.0	174.0	87.0	2738.0	206.0	103.0	7259.0	5605.0	723.0	288.0	94.0	111.0	25.0
2	4	8	1.253350979220716	0.10503907021998138	0.9964584218727865	74317.0	5546.0	2713.0	212.0	122.0	2698.0	187.0	100.0	7221.0	5627.0	739.0	292.0	107.0	100.0	19.0
2	8	4	-351.3894805343204	1.0	0.50089012319305	74317.0	2713.0	5546.0	212.0	122.0	2698.0	7221.0	292.0	187.0	5627.0	107.0	100.0	739.0	100.0	19.0
4	2	8	-1.248896362433608	0.8941484403698855	1.0035796105383734	74317.0	5546.0	2698.0	187.0	100.0	2713.0	212.0	122.0	7221.0	5627.0	739.0	292.0	100.0	107.0	19.0
2	4	9	0.46496529631488404	0.3209781719168524	0.9987837837837837	74535.0	5328.0	2747.0	192.0	108.0	2721.0	183.0	81.0	7574.0	5327.0	686.0	298.0	111.0	85.0	24.0
2	9	4	-381.3748685996085	1.0	0.5003046097610506	74535.0	2747.0	5328.0	192.0	108.0	2721.0	7574.0	298.0	183.0	5327.0	111.0	81.0	686.0	85.0	24.0
4	2	9	-0.4643991093757914	0.6788190681906461	1.0012206700122066	74535.0	5328.0	2721.0	183.0	81.0	2747.0	192.0	108.0	7574.0	5327.0	686.0	298.0	85.0	111.0	24.0
2	5	6	0.4860931320986262	0.31345057410316834	0.9979435408487568	72809.0	7057.0	2637.0	262.0	145.0	2631.0	251.0	120.0	5589.0	7176.0	828.0	228.0	136.0	113.0	18.0
2	6	5	-235.4016467899441	1.0	0.5005157055789967	72809.0	2637.0	7057.0	262.0	145.0	2631.0	5589.0	228.0	251.0	7176.0	136.0	120.0	828.0	113.0	18.0
5	2	6	-0.4850914414929527	0.6861942520122555	1.0020692249811889	72809.0	7057.0	2631.0	251.0	120.0	2637.0	262.0	145.0	5589.0	7176.0	828.0	228.0	113.0	136.0	18.0
2	5	7	1.6936678680215473	0.04516417905884573	0.9953625632377741	74247.0	5619.0	2732.0	207.0	105.0	2744.0	174.0	84.0	7257.0	5611.0	725.0	270.0	105.0	94.0	26.0
2	7	5	-361.82904453187643	1.0	0.5011674803651031	74247.0	2732.0	5619.0	207.0	105.0	2744.0	7257.0	270.0	174.0	5611.0	105.0	84.0	725.0	94.0	26.0
5	2	7	-1.6857769969718919	0.9540806455804072	1.0047028644719966	74247.0	5619.0	2744.0	174.0	84.0	2732.0	207.0	105.0	7257.0	5611.0	725.0	270.0	94.0	105.0	26.0
2	5	8	1.2169478567717562	0.11181209441089646	0.9965976750779699	74310.0	5556.0	2720.0	207.0	117.0	2723.0	183.0	96.0	7213.0	5636.0	744.0	275.0	102.0	98.0	20.0
2	8	5	-355.24736185595503	1.0	0.5008549444286121	74310.0	2720.0	5556.0	207.0	117.0	2723.0	7213.0	275.0	183.0	5636.0	102.0	96.0	744.0	98.0	20.0
5	2	8	-1.2127932694940147	0.8873954991419684	1.003437410484102	74310.0	5556.0	2723.0	183.0	96.0	2720.0	207.0	117.0	7213.0	5636.0	744.0	275.0	98.0	102.0	20.0
2	5	9	0.36159508992160816	0.358827379658728	0.9990531583930745	74536.0	5330.0	2746.0	191.0	107.0	2736.0	184.0	82.0	7570.0	5335.0	688.0	287.0	102.0	84.0	22.0
2	9	5	-381.1728812187929	1.0	0.5002370470707754	74536.0	2746.0	5330.0	191.0	107.0	2736.0	7570.0	287.0	184.0	5335.0	102.0	82.0	688.0	84.0	22.0
5	2	9	-0.361252392165116	0.64104454771642	1.0009495387954421	74536.0	5330.0	2736.0	184.0	82.0	2746.0	191.0	107.0	7570.0	5335.0	688.0	287.0	84.0	102.0	22.0
2	6	7	1.045675151169203	0.14785554643559817	0.9797917942437232	70317.0	5129.0	6662.0	524.0	278.0	7672.0	491.0	285.0	2091.0	5144.0	328.0	508.0	255.0	284.0	32.0
2	7	6	-49.6537261176407	1.0	0.5052099778970635	70317.0	6662.0	5129.0	524.0	278.0	7672.0	2091.0	508.0	491.0	5144.0	255.0	285.0	328.0	284.0	32.0
6	2	7	-1.0241081011763384	0.8471078717489512	1.0215123859191655	70317.0	5129.0	7672.0	491.0	285.0	6662.0	524.0	278.0	2091.0	5144.0	328.0	508.0	284.0	255.0	32.0
2	6	8	1.8309163952599006	0.033556453798479824	0.964438994481913	70395.0	5051.0	6635.0	547.0	282.0	7650.0	489.0	309.0	2062.0	5154.0	347.0	499.0	278.0	275.0	27.0
2	8	6	-47.82479894515088	1.0	0.5093911917098445	70395.0	6635.0	5051.0	547.0	282.0	7650.0	2062.0	499.0	489.0	5154.0	278.0	309.0	347.0	275.0	27.0
6	2	8	-1.7634064455300378	0.9610840631515225	1.0398078242964996	70395.0	5051.0	7650.0	489.0	309.0	6635.0	547.0	282.0	2062.0	5154.0	347.0	499.0	275.0	278.0	27.0
2	6	9	1.9216841666083877	0.027322687897205822	0.96900826446281	70620.0	4826.0	6662.0	531.0	271.0	7702.0	471.0	275.0	2347.0	4908.0	308.0	544.0	242.0	268.0	25.0
2	9	6	-58.16297410934731	1.0	0.5081256771397616	70620.0	6662.0	4826.0	531.0	271.0	7702.0	2347.0	544.0	471.0	4908.0	242.0	275.0	308.0	268.0	25.0
6	2	9	-1.8602230525377574	0.9685730742976797	1.0341685649202734	70620.0	4826.0	7702.0	471.0	275.0	6662.0	531.0	271.0	2347.0	4908.0	308.0	544.0	268.0	242.0	25.0
2	7	8	-99999.9	1.0	-0.016873889875666074	73885.0	3094.0	3145.0	2615.0	171.0	9710.0	325.0	236.0	287.0	5463.0	140.0	214.0	133.0	567.0	15.0
2	8	7	1.546835644494382	0.06095145718450157	0.01606086221470837	73885.0	3145.0	3094.0	2615.0	171.0	9710.0	287.0	214.0	325.0	5463.0	133.0	236.0	140.0	567.0	15.0
7	2	8	-93.21720068137209	1.0	0.5041143352100477	73885.0	3094.0	9710.0	325.0	236.0	3145.0	2615.0	171.0	287.0	5463.0	140.0	214.0	567.0	133.0	15.0
2	7	9	0.18991535731521264	0.4246877460324656	0.9781818181818182	72081.0	4898.0	5201.0	513.0	217.0	9434.0	507.0	330.0	776.0	4903.0	211.0	383.0	211.0	315.0	20.0
2	9	7	-8.324623162316918	1.0	0.5056390977443609	72081.0	5201.0	4898.0	513.0	217.0	9434.0	776.0	383.0	507.0	4903.0	211.0	330.0	211.0	315.0	20.0
7	2	9	-0.18567932704052392	0.5736518659189865	1.0233463035019454	72081.0	4898.0	9434.0	507.0	330.0	5201.0	513.0	217.0	776.0	4903.0	211.0	383.0	315.0	211.0	20.0
2	8	9	1.8732346598182341	0.030517930795062376	0.8441926345609065	72129.0	4901.0	5153.0	524.0	203.0	9423.0	469.0	319.0	767.0	4937.0	217.0	403.0	215.0	324.0	16.0
2	9	8	-8.276291315196934	1.0	0.5508317929759704	72129.0	5153.0	4901.0	524.0	203.0	9423.0	767.0	403.0	469.0	4937.0	215.0	319.0	217.0	324.0	16.0
8	2	9	-1.5275034306571504	0.9366820409309027	1.2925531914893618	72129.0	4901.0	9423.0	469.0	319.0	5153.0	524.0	203.0	767.0	4937.0	217.0	403.0	324.0	215.0	16.0
3	4	5	1.6376269143451667	0.05074976077325455	0.010050251256281405	80340.0	440.0	439.0	1616.0	6.0	2026.0	40.0	2.0	56.0	14622.0	33.0	7.0	45.0	323.0	5.0
3	5	4	-99999.9	1.0	-0.010362694300518135	80340.0	439.0	440.0	1616.0	6.0	2026.0	56.0	7.0	40.0	14622.0	45.0	2.0	33.0	323.0	5.0
4	3	5	-159.6686241486539	1.0	0.4974489795918367	80340.0	440.0	2026.0	40.0	2.0	439.0	1616.0	6.0	56.0	14622.0	33.0	7.0	323.0	45.0	5.0
3	4	6	0.27656416998146544	0.3910574542681631	0.9992108585858586	73610.0	7170.0	1802.0	166.0	93.0	1823.0	161.0	84.0	6492.0	7296.0	923.0	167.0	99.0	98.0	16.0
3	6	4	-349.9089878605502	1.0	0.5001975191593585	73610.0	1802.0	7170.0	166.0	93.0	1823.0	6492.0	167.0	161.0	7296.0	99.0	84.0	923.0	98.0	16.0
4	3	6	-0.27634574937652034	0.6088586755865035	1.0007910140800507	73610.0	7170.0	1823.0	161.0	84.0	1802.0	166.0	93.0	6492.0	7296.0	923.0	167.0	98.0	99.0	16.0
3	4	7	0.7990109730099468	0.2121419644699113	0.9983964475144936	75102.0	5678.0	1853.0	139.0	69.0	1863.0	126.0	79.0	8220.0	5691.0	800.0	212.0	82.0	75.0	11.0
3	7	4	-496.6775132994903	1.0	0.500401854714065	75102.0	1853.0	5678.0	139.0	69.0	1863.0	8220.0	212.0	126.0	5691.0	82.0	79.0	800.0	75.0	11.0
4	3	7	-0.7977276591170473	0.7874857858143693	1.001611303916708	75102.0	5678.0	1863.0	126.0	79.0	1853.0	139.0	69.0	8220.0	5691.0	800.0	212.0	75.0	82.0	11.0
3	4	8	1.3010382765304316	0.0966227444309451	0.9973997028231798	75142.0	5638.0	1842.0	141.0	78.0	1873.0	120.0	75.0	8175.0	5719.0	817.0	209.0	82.0	79.0	10.0
3	8	4	-497.74007207835666	1.0	0.5006526198023494	75142.0	1842.0	5638.0	141.0	78.0	1873.0	8175.0	209.0	120.0	5719.0	82.0	75.0	817.0	79.0	10.0
4	3	8	-1.2976463704091232	0.9027954919545307	1.002620741295395	75142.0	5638.0	1873.0	120.0	75.0	1842.0	141.0	78.0	8175.0	5719.0	817.0	209.0	79.0	82.0	10.0
3	4	9	-0.2559583178530312	0.6010084310490271	1.000476587632551	75379.0	5401.0	1870.0	120.0	71.0	1877.0	124.0	67.0	8521.0	5420.0	770.0	228.0	77.0	64.0	11.0
3	9	4	-537.5764570708266	1.0	0.4998809382069294	75379.0	1870.0	5401.0	120.0	71.0	1877.0	8521.0	228.0	124.0	5420.0	77.0	67.0	770.0	64.0	11.0
4	3	9	0.25608024631217285	0.39894449489734707	0.9995240928019036	75379.0	5401.0	1877.0	124.0	67.0	1870.0	120.0	71.0	8521.0	5420.0	770.0	228.0	64.0	77.0	11.0
3	5	6	-0.219424299674502	0.586840190206485	1.0006335128286348	73603.0	7176.0	1809.0	164.0	89.0	1837.0	168.0	84.0	6486.0	7293.0	928.0	159.0	95.0	94.0	15.0
3	6	5	-346.80010563555066	1.0	0.49984177215189873	73603.0	1809.0	7176.0	164.0	89.0	1837.0	6486.0	159.0	168.0	7293.0	95.0	84.0	928.0	94.0	15.0
5	3	6	0.21956321977559382	0.4131057078549578	0.9993676889029403	73603.0	7176.0	1837.0	168.0	84.0	1809.0	164.0	89.0	6486.0	7293.0	928.0	159.0	94.0	95.0	15.0
3	5	7	0.9185688229809645	0.17916055057029256	0.998147233201581	75105.0	5674.0	1850.0	141.0	71.0	1886.0	126.0	77.0	8207.0	5697.0	803.0	202.0	76.0	74.0	11.0
3	7	5	-493.94507507763063	1.0	0.5004644825664211	75105.0	1850.0	5674.0	141.0	71.0	1886.0	8207.0	202.0	126.0	5697.0	76.0	77.0	803.0	74.0	11.0
5	3	7	-0.9168637700983121	0.8203930073015087	1.0018631225934667	75105.0	5674.0	1886.0	126.0	77.0	1850.0	141.0	71.0	8207.0	5697.0	803.0	202.0	74.0	76.0	11.0
3	5	8	1.4305530000073683	0.07627923081588162	0.9971478174603174	75138.0	5641.0	1846.0	141.0	75.0	1895.0	118.0	76.0	8159.0	5726.0	822.0	203.0	77.0	74.0	9.0
3	8	5	-498.7032153938744	1.0	0.5007161093467838	75138.0	1846.0	5641.0	141.0	75.0	1895.0	8159.0	203.0	118.0	5726.0	77.0	76.0	822.0	74.0	9.0
5	3	8	-1.4264611309612087	0.9231323116834155	1.0028767979987492	75138.0	5641.0	1895.0	118.0	76.0	1846.0	141.0	75.0	8159.0	5726.0	822.0	203.0	74.0	77.0	9.0
3	5	9	-0.3205845789922548	0.6257373184490614	1.0005968723886833	75375.0	5404.0	1874.0	119.0	69.0	1897.0	124.0	68.0	8506.0	5429.0	772.0	223.0	68.0	62.0	10.0
3	9	5	-537.7485728016045	1.0	0.49985091537956944	75375.0	1874.0	5404.0	119.0	69.0	1897.0	8506.0	223.0	124.0	5429.0	68.0	68.0	772.0	62.0	10.0
5	3	9	0.32077581293343366	0.37419021383423234	0.9994041944709247	75375.0	5404.0	1897.0	124.0	68.0	1874.0	119.0	69.0	8506.0	5429.0	772.0	223.0	62.0	68.0	10.0
3	6	7	0.0	0.49999999949999996	nan	70306.0	5106.0	6649.0	502.0	278.0	7683.0	502.0	297.0	2085.0	5140.0	331.0	527.0	257.0	310.0	27.0
3	7	6	-49.956549191181395	1.0	0.5	70306.0	6649.0	5106.0	502.0	278.0	7683.0	2085.0	527.0	502.0	5140.0	257.0	297.0	331.0	310.0	27.0
6	3	7	0.0	0.49999999949999996	nan	70306.0	5106.0	7683.0	502.0	297.0	6649.0	502.0	278.0	2085.0	5140.0	331.0	527.0	310.0	257.0	27.0
3	6	8	0.9800810761975163	0.16352305186035143	0.980503144654088	70355.0	5057.0	6629.0	525.0	275.0	7690.0	494.0	298.0	2053.0	5147.0	356.0	514.0	280.0	304.0	23.0
3	8	6	-48.30851240096152	1.0	0.5050210560414641	70355.0	6629.0	5057.0	525.0	275.0	7690.0	2053.0	514.0	494.0	5147.0	280.0	298.0	356.0	304.0	23.0
6	3	8	-0.960592613489291	0.8316214835546154	1.0207080828323314	70355.0	5057.0	7690.0	494.0	298.0	6629.0	525.0	275.0	2053.0	5147.0	356.0	514.0	304.0	280.0	23.0
3	6	9	1.387109741044561	0.08270420811886647	0.9774869109947644	70602.0	4810.0	6647.0	512.0	270.0	7720.0	469.0	293.0	2336.0	4910.0	310.0	570.0	242.0	285.0	24.0
3	9	6	-58.8392597131462	1.0	0.5058249796803035	70602.0	6647.0	4810.0	512.0	270.0	7720.0	2336.0	570.0	469.0	4910.0	242.0	293.0	310.0	285.0	24.0
6	3	9	-1.3551623822524261	0.9123170242333072	1.0241437394722066	70602.0	4810.0	7720.0	469.0	293.0	6647.0	512.0	270.0	2336.0	4910.0	310.0	570.0	285.0	242.0	24.0
3	7	8	-99999.9	1.0	-0.015336039693279206	73854.0	3101.0	3130.0	2586.0	170.0	9741.0	335.0	219.0	301.0	5455.0	143.0	215.0	131.0	604.0	15.0
3	8	7	1.3569852203110992	0.0873930153713729	0.014661492022423459	73854.0	3130.0	3101.0	2586.0	170.0	9741.0	301.0	215.0	335.0	5455.0	131.0	219.0	143.0	604.0	15.0
7	3	8	-89.8404038505966	1.0	0.503747795414462	73854.0	3101.0	9741.0	335.0	219.0	3130.0	2586.0	170.0	301.0	5455.0	143.0	215.0	604.0	131.0	15.0
3	7	9	-0.24768624792659424	0.5978113595618098	1.0303030303030303	72076.0	4879.0	5173.0	502.0	211.0	9439.0	510.0	346.0	782.0	4897.0	220.0	405.0	214.0	332.0	14.0
3	9	7	-8.669018677430774	1.0	0.49275362318840576	72076.0	5173.0	4879.0	502.0	211.0	9439.0	782.0	405.0	510.0	4897.0	214.0	346.0	220.0	332.0	14.0
7	3	9	0.2549711375714941	0.3993727528574842	0.9722222222222222	72076.0	4879.0	9439.0	510.0	346.0	5173.0	502.0	211.0	782.0	4897.0	220.0	405.0	332.0	214.0	14.0
3	8	9	1.4291737118741235	0.07647720395535784	0.8786127167630059	72094.0	4890.0	5155.0	505.0	197.0	9458.0	463.0	336.0	767.0	4936.0	218.0	401.0	222.0	344.0	14.0
3	9	8	-8.915321726452857	1.0	0.5371024734982331	72094.0	5155.0	4890.0	505.0	197.0	9458.0	767.0	401.0	463.0	4936.0	222.0	336.0	218.0	344.0	14.0
8	3	9	-1.2317220806283562	0.8909734729608918	1.190909090909091	72094.0	4890.0	9458.0	463.0	336.0	5155.0	505.0	197.0	767.0	4936.0	218.0	401.0	344.0	222.0	14.0
4	5	6	-1.0895904102773692	0.8620531541587739	1.0012613521695257	75004.0	7362.0	429.0	37.0	16.0	436.0	47.0	19.0	7985.0	7492.0	1084.0	40.0	21.0	22.0	6.0
4	6	5	-866.0064580884535	1.0	0.4996852574593982	75004.0	429.0	7362.0	37.0	16.0	436.0	7985.0	40.0	47.0	7492.0	21.0	19.0	1084.0	22.0	6.0
5	4	6	1.0909630361406564	0.13764461553489993	0.9987434028650415	75004.0	7362.0	436.0	47.0	19.0	429.0	37.0	16.0	7985.0	7492.0	1084.0	40.0	22.0	21.0	6.0
4	5	7	0.2263324194540619	0.4104714853944813	0.9997947665469471	76539.0	5827.0	426.0	40.0	16.0	452.0	38.0	12.0	9781.0	5853.0	927.0	52.0	14.0	19.0	4.0
4	7	5	-1102.3520489510022	1.0	0.5000513241634161	76539.0	426.0	5827.0	40.0	16.0	452.0	9781.0	52.0	38.0	5853.0	14.0	12.0	927.0	19.0	4.0
5	4	7	-0.22628595893482675	0.5895104481866416	1.0002053598932128	76539.0	5827.0	452.0	38.0	12.0	426.0	40.0	16.0	9781.0	5853.0	927.0	52.0	19.0	14.0	4.0
4	5	8	0.11860062065957819	0.4527958428721658	0.9998968859558672	76588.0	5778.0	427.0	36.0	19.0	445.0	35.0	22.0	9732.0	5887.0	942.0	49.0	17.0	18.0	5.0
4	8	5	-1149.9516179152636	1.0	0.5000257824988399	76588.0	427.0	5778.0	36.0	19.0	445.0	9732.0	49.0	35.0	5887.0	17.0	22.0	942.0	18.0	5.0
5	4	8	-0.11858839000879345	0.5471993120063378	1.0001031459515215	76588.0	5778.0	445.0	35.0	22.0	427.0	36.0	19.0	9732.0	5887.0	942.0	49.0	18.0	17.0	5.0
4	5	9	-0.11858862834953439	0.5471994064240991	1.0000992358836955	76823.0	5543.0	433.0	35.0	14.0	449.0	36.0	17.0	10114.0	5556.0	891.0	56.0	12.0	19.0	2.0
4	9	5	-1195.2547851349343	1.0	0.4999751947214367	76823.0	433.0	5543.0	35.0	14.0	449.0	10114.0	56.0	36.0	5556.0	12.0	17.0	891.0	19.0	2.0
5	4	9	0.11860039542914837	0.4527959320962014	0.9999007936507937	76823.0	5543.0	449.0	36.0	17.0	433.0	35.0	14.0	10114.0	5556.0	891.0	56.0	19.0	12.0	2.0
4	6	7	-0.031438775993518325	0.5125402458685911	1.0006313131313131	70328.0	5105.0	6637.0	505.0	273.0	7661.0	506.0	294.0	2091.0	5136.0	333.0	533.0	263.0	311.0	24.0
4	7	6	-49.8618987257221	1.0	0.49984232103437404	70328.0	6637.0	5105.0	505.0	273.0	7661.0	2091.0	533.0	506.0	5136.0	263.0	294.0	333.0	311.0	24.0
6	4	7	0.031458611183419596	0.4874518449276479	0.9993698802772527	70328.0	5105.0	7661.0	506.0	294.0	6637.0	505.0	273.0	2091.0	5136.0	333.0	533.0	311.0	263.0	24.0
4	6	8	0.6901061368870953	0.24506365385502038	0.9859783301465902	70401.0	5032.0	6614.0	526.0	275.0	7644.0	504.0	313.0	2051.0	5152.0	357.0	531.0	283.0	298.0	19.0
4	8	6	-47.8369026705828	1.0	0.5035807291666666	70401.0	6614.0	5032.0	526.0	275.0	7644.0	2051.0	531.0	504.0	5152.0	283.0	313.0	357.0	298.0	19.0
6	4	8	-0.6802920871058955	0.7518403003245046	1.0146373918829008	70401.0	5032.0	7644.0	504.0	313.0	6614.0	526.0	275.0	2051.0	5152.0	357.0	531.0	298.0	283.0	19.0
4	6	9	1.6743868067955034	0.047027279596100424	0.9732234809474768	70627.0	4806.0	6629.0	520.0	266.0	7695.0	468.0	298.0	2358.0	4893.0	309.0	566.0	243.0	294.0	28.0
4	9	6	-59.1831336709642	1.0	0.5069742489270386	70627.0	6629.0	4806.0	520.0	266.0	7695.0	2358.0	566.0	468.0	4893.0	243.0	298.0	309.0	294.0	28.0
6	4	9	-1.6283190216349923	0.9482713798806652	1.0291153415453527	70627.0	4806.0	7695.0	468.0	298.0	6629.0	520.0	266.0	2358.0	4893.0	309.0	566.0	294.0	243.0	28.0
4	7	8	-99999.9	1.0	-0.01818181818181818	73882.0	3083.0	3133.0	2580.0	170.0	9713.0	340.0	232.0	300.0	5465.0	140.0	213.0	134.0	600.0	15.0
4	8	7	1.5930586974238221	0.055573513622351634	0.017241379310344827	73882.0	3133.0	3083.0	2580.0	170.0	9713.0	300.0	213.0	340.0	5465.0	134.0	232.0	140.0	600.0	15.0
7	4	8	-89.21128705573395	1.0	0.504424778761062	73882.0	3083.0	9713.0	340.0	232.0	3133.0	2580.0	170.0	300.0	5465.0	140.0	213.0	600.0	134.0	15.0
4	7	9	-0.1558927482588181	0.5619412312828542	1.0172413793103448	72085.0	4880.0	5171.0	503.0	209.0	9430.0	508.0	347.0	803.0	4884.0	218.0	386.0	212.0	344.0	20.0
4	9	7	-9.353564895529143	1.0	0.49579831932773105	72085.0	5171.0	4880.0	503.0	209.0	9430.0	803.0	386.0	508.0	4884.0	212.0	347.0	218.0	344.0	20.0
7	4	9	0.15853499822930656	0.4370176126972214	0.9836065573770492	72085.0	4880.0	9430.0	508.0	347.0	5171.0	503.0	209.0	803.0	4884.0	218.0	386.0	344.0	212.0	20.0
4	8	9	1.7788060927105327	0.037635730819497115	0.865979381443299	72127.0	4888.0	5129.0	509.0	195.0	9425.0	457.0	344.0	793.0	4929.0	217.0	401.0	218.0	347.0	21.0
4	9	8	-9.715017890957515	1.0	0.5419354838709677	72127.0	5129.0	4888.0	509.0	195.0	9425.0	793.0	401.0	457.0	4929.0	218.0	344.0	217.0	347.0	21.0
8	4	9	-1.5035146736005691	0.9336467833366784	1.2241379310344827	72127.0	4888.0	9425.0	457.0	344.0	5129.0	509.0	195.0	793.0	4929.0	217.0	401.0	347.0	218.0	21.0
5	6	7	-0.12532398122909214	0.5498665047426139	1.0025510204081634	70342.0	5098.0	6649.0	506.0	273.0	7647.0	510.0	297.0	2082.0	5138.0	331.0	530.0	264.0	308.0	25.0
5	7	6	-49.37764860426217	1.0	0.49936467598475226	70342.0	6649.0	5098.0	506.0	273.0	7647.0	2082.0	530.0	510.0	5138.0	264.0	297.0	331.0	308.0	25.0
6	5	7	0.12564287176657074	0.4500072742697647	0.9974683544303797	70342.0	5098.0	7647.0	510.0	297.0	6649.0	506.0	273.0	2082.0	5138.0	331.0	530.0	308.0	264.0	25.0
5	6	8	0.627022781020081	0.2653220944980361	0.9871712636305324	70407.0	5033.0	6626.0	525.0	277.0	7638.0	505.0	311.0	2044.0	5153.0	354.0	526.0	283.0	298.0	20.0
5	8	6	-47.622380218475236	1.0	0.5032701111837803	70407.0	6626.0	5033.0	525.0	277.0	7638.0	2044.0	526.0	505.0	5153.0	283.0	311.0	354.0	298.0	20.0
6	5	8	-0.6188743368222893	0.7320004812703578	1.0133422281521014	70407.0	5033.0	7638.0	505.0	311.0	6626.0	525.0	277.0	2044.0	5153.0	354.0	526.0	298.0	283.0	20.0
5	6	9	1.6762061021674237	0.046848891762298006	0.9730569948186528	70628.0	4812.0	6644.0	519.0	265.0	7694.0	467.0	293.0	2345.0	4898.0	308.0	564.0	245.0	290.0	28.0
5	9	6	-58.860621972263814	1.0	0.5070194384449244	70628.0	6644.0	4812.0	519.0	265.0	7694.0	2345.0	564.0	467.0	4898.0	245.0	293.0	308.0	290.0	28.0
6	5	9	-1.6297935796366965	0.9484274438208037	1.0293122886133033	70628.0	4812.0	7694.0	467.0	293.0	6644.0	519.0	265.0	2345.0	4898.0	308.0	564.0	290.0	245.0	28.0
5	7	8	-99999.9	1.0	-0.016326530612244896	73904.0	3087.0	3129.0	2578.0	170.0	9691.0	337.0	231.0	301.0	5470.0	141.0	216.0	134.0	597.0	14.0
5	8	7	1.4350714657645431	0.07563341371084231	0.01556420233463035	73904.0	3129.0	3087.0	2578.0	170.0	9691.0	301.0	216.0	337.0	5470.0	134.0	231.0	141.0	597.0	14.0
7	5	8	-89.3331987438428	1.0	0.5039840637450198	73904.0	3087.0	9691.0	337.0	231.0	3129.0	2578.0	170.0	301.0	5470.0	141.0	216.0	597.0	134.0	14.0
5	7	9	-0.03145844429813734	0.5125480885275246	1.0033444816053512	72105.0	4886.0	5167.0	503.0	207.0	9410.0	504.0	345.0	804.0	4891.0	217.0	389.0	215.0	337.0	20.0
5	9	7	-9.46899173373972	1.0	0.49916805324459235	72105.0	5167.0	4886.0	503.0	207.0	9410.0	804.0	389.0	504.0	4891.0	215.0	345.0	217.0	337.0	20.0
7	5	9	0.03156330577913113	0.4874100984525286	0.9966887417218543	72105.0	4886.0	9410.0	504.0	345.0	5167.0	503.0	207.0	804.0	4891.0	217.0	389.0	337.0	215.0	20.0
5	8	9	1.7460567155511693	0.04040050759405722	0.8678756476683938	72142.0	4891.0	5130.0	507.0	198.0	9410.0	456.0	342.0	791.0	4935.0	215.0	402.0	219.0	343.0	19.0
5	9	8	-9.723139357186897	1.0	0.5411954765751212	72142.0	5130.0	4891.0	507.0	198.0	9410.0	791.0	402.0	456.0	4935.0	219.0	342.0	215.0	343.0	19.0
8	5	9	-1.4802391260194983	0.930595243628504	1.2188841201716738	72142.0	4891.0	9410.0	456.0	342.0	5130.0	507.0	198.0	791.0	4935.0	215.0	402.0	343.0	219.0	19.0
6	7	8	-99999.9	1.0	-0.024085224641037517	74870.0	3119.0	3175.0	2546.0	184.0	8725.0	335.0	201.0	283.0	5525.0	144.0	188.0	116.0	574.0	15.0
6	8	7	2.1113354865575285	0.017371681780227077	0.0224622030237581	74870.0	3175.0	3119.0	2546.0	184.0	8725.0	283.0	188.0	335.0	5525.0	116.0	201.0	144.0	574.0	15.0
7	6	8	-89.77236078420573	1.0	0.505811354492624	74870.0	3119.0	8725.0	335.0	201.0	3175.0	2546.0	184.0	283.0	5525.0	144.0	188.0	574.0	116.0	15.0
6	7	9	-1.4511033568688256	0.9266244161066235	1.251231527093596	73089.0	4900.0	5233.0	463.0	209.0	8426.0	514.0	321.0	768.0	4975.0	209.0	359.0	218.0	293.0	23.0
6	9	7	-8.678167134215542	1.0	0.45438282647584977	73089.0	5233.0	4900.0	463.0	209.0	8426.0	768.0	359.0	514.0	4975.0	218.0	321.0	209.0	293.0	23.0
7	6	9	1.742466629310991	0.04071337277659781	0.8567415730337079	73089.0	4900.0	8426.0	514.0	321.0	5233.0	463.0	209.0	768.0	4975.0	209.0	359.0	293.0	218.0	23.0
6	8	9	-0.19748074246398958	0.5782743020992753	1.0207612456747406	73129.0	4916.0	5193.0	449.0	207.0	8423.0	455.0	318.0	750.0	5026.0	200.0	380.0	226.0	310.0	18.0
6	9	8	-9.906950580276778	1.0	0.4949664429530201	73129.0	5193.0	4916.0	449.0	207.0	8423.0	750.0	380.0	455.0	5026.0	226.0	318.0	200.0	310.0	18.0
8	6	9	0.20149729993783344	0.4201548961718755	0.9804560260586319	73129.0	4916.0	8423.0	455.0	318.0	5193.0	449.0	207.0	750.0	5026.0	200.0	380.0	310.0	226.0	18.0
7	8	9	2.105313530174358	0.01763195068612544	0.9832589285714286	78244.0	5351.0	3271.0	254.0	130.0	3308.0	209.0	129.0	2852.0	5402.0	391.0	200.0	120.0	129.0	10.0
7	9	8	-121.54676780873281	1.0	0.5042930738408701	78244.0	3271.0	5351.0	254.0	130.0	3308.0	2852.0	200.0	209.0	5402.0	120.0	129.0	391.0	129.0	10.0
8	7	9	-2.0694682373791085	0.9807489809521335	1.0176263219741482	78244.0	5351.0	3308.0	209.0	129.0	3271.0	254.0	130.0	2852.0	5402.0	391.0	200.0	129.0	120.0	10.0
