P1	Hybrid	P2	Zscore	Pvalue	Gamma	AAAA	AAAB	AABA	AABB	AABC	ABAA	ABAB	ABAC	ABBA	BAAA	ABBC	CABC	BACA	BCAA	ABCD
1	2	3	-0.060554236907692634	0.5241429594286029	1.0025316455696203	71625.0	5386.0	6440.0	543.0	280.0	6751.0	545.0	276.0	1337.0	5572.0	294.0	369.0	301.0	260.0	21.0
1	3	2	-24.040032052353915	1.0	0.49936948297604034	71625.0	6440.0	5386.0	543.0	280.0	6751.0	1337.0	369.0	545.0	5572.0	301.0	276.0	294.0	260.0	21.0
2	1	3	0.06070715164735852	0.4757961484296459	0.9974874371859297	71625.0	5386.0	6751.0	545.0	276.0	6440.0	543.0	280.0	1337.0	5572.0	294.0	369.0	260.0	301.0	21.0
1	2	4	0.7072315759193991	0.23971122026011027	0.9916666666666667	72811.0	4200.0	6639.0	413.0	211.0	6975.0	393.0	204.0	2773.0	4160.0	270.0	507.0	227.0	196.0	21.0
1	4	2	-83.45332595848889	1.0	0.5021097046413502	72811.0	6639.0	4200.0	413.0	211.0	6975.0	2773.0	507.0	393.0	4160.0	227.0	204.0	270.0	196.0	21.0
2	1	4	-0.7012884534326814	0.758438559944355	1.0085470085470085	72811.0	4200.0	6975.0	393.0	204.0	6639.0	413.0	211.0	2773.0	4160.0	270.0	507.0	196.0	227.0	21.0
1	2	5	0.2241387588679906	0.4113247085372074	0.9978563772775991	73384.0	3627.0	6716.0	362.0	185.0	7020.0	356.0	196.0	3149.0	3825.0	229.0	539.0	202.0	186.0	24.0
1	5	2	-104.11245349418208	1.0	0.5005376344086021	73384.0	6716.0	3627.0	362.0	185.0	7020.0	3149.0	539.0	356.0	3825.0	202.0	196.0	229.0	186.0	24.0
2	1	5	-0.22365725777482623	0.5884879555705828	1.0021574973031284	73384.0	3627.0	7020.0	356.0	196.0	6716.0	362.0	185.0	3149.0	3825.0	229.0	539.0	186.0	202.0	24.0
1	2	6	-1.473854362448955	0.9297395591567545	1.0098495212038303	74160.0	2851.0	6853.0	277.0	133.0	7120.0	313.0	139.0	4004.0	2978.0	221.0	618.0	165.0	148.0	20.0
1	6	2	-152.58486691242382	1.0	0.4975734699379887	74160.0	6853.0	2851.0	277.0	133.0	7120.0	4004.0	618.0	313.0	2978.0	165.0	139.0	221.0	148.0	20.0
2	1	6	1.4882295336893137	0.06834521858556619	0.9904331650279032	74160.0	2851.0	7120.0	313.0	139.0	6853.0	277.0	133.0	4004.0	2978.0	221.0	618.0	148.0	165.0	20.0
1	2	7	-0.535542868712172	0.7038627587182235	1.0035040431266846	74067.0	2944.0	6849.0	287.0	127.0	7135.0	300.0	137.0	4023.0	2966.0	214.0	629.0	161.0	139.0	22.0
1	7	2	-153.90678134682113	1.0	0.4991285695133396	74067.0	6849.0	2944.0	287.0	127.0	7135.0	4023.0	629.0	300.0	2966.0	161.0	137.0	214.0	139.0	22.0
2	1	7	0.5374128814151691	0.2954912028129164	0.9965324086423046	74067.0	2944.0	7135.0	300.0	137.0	6849.0	287.0	127.0	4023.0	2966.0	214.0	629.0	139.0	161.0	22.0
1	2	8	1.2556951650730386	0.1046133251047704	0.9935095039406583	74548.0	2463.0	6890.0	264.0	109.0	7216.0	236.0	120.0	4522.0	2492.0	189.0	683.0	135.0	113.0	20.0
1	8	2	-190.95535760289263	1.0	0.5016385767790261	74548.0	6890.0	2463.0	264.0	109.0	7216.0	4522.0	683.0	236.0	2492.0	135.0	120.0	189.0	113.0	20.0
2	1	8	-1.2474918368831074	0.8938913257656836	1.0066193853427896	74548.0	2463.0	7216.0	236.0	120.0	6890.0	264.0	109.0	4522.0	2492.0	189.0	683.0	113.0	135.0	20.0
1	2	9	-0.7936615288467394	0.7863038101798988	1.002016129032258	75967.0	1044.0	7106.0	108.0	49.0	7414.0	120.0	38.0	6084.0	1026.0	93.0	840.0	49.0	53.0	9.0
1	9	2	-395.24344136567703	1.0	0.4994974874371859	75967.0	7106.0	1044.0	108.0	49.0	7414.0	6084.0	840.0	120.0	1026.0	49.0	38.0	93.0	53.0	9.0
2	1	9	0.7952584333313405	0.21323153271504247	0.9979959919839679	75967.0	1044.0	7414.0	120.0	38.0	7106.0	108.0	49.0	6084.0	1026.0	93.0	840.0	53.0	49.0	9.0
1	3	4	0.7259040183375833	0.23394873715056863	0.9876390605686032	73813.0	4252.0	5637.0	394.0	178.0	7868.0	374.0	215.0	1972.0	4225.0	221.0	415.0	181.0	227.0	28.0
1	4	3	-57.27382704683516	1.0	0.5031486146095718	73813.0	5637.0	4252.0	394.0	178.0	7868.0	1972.0	415.0	374.0	4225.0	181.0	215.0	221.0	227.0	28.0
3	1	4	-0.7168188616625197	0.7632571334673268	1.012836970474968	73813.0	4252.0	7868.0	374.0	215.0	5637.0	394.0	178.0	1972.0	4225.0	221.0	415.0	227.0	181.0	28.0
1	3	5	0.569345942632885	0.28456066132142444	0.992544731610338	74391.0	3674.0	5709.0	357.0	143.0	7912.0	342.0	203.0	2339.0	3882.0	197.0	457.0	159.0	206.0	29.0
1	5	3	-75.2295772198917	1.0	0.5018848957024378	74391.0	5709.0	3674.0	357.0	143.0	7912.0	2339.0	457.0	342.0	3882.0	159.0	203.0	197.0	206.0	29.0
3	1	5	-0.5650694332991378	0.7139867648120778	1.0076258261311641	74391.0	3674.0	7912.0	342.0	203.0	5709.0	357.0	143.0	2339.0	3882.0	197.0	457.0	206.0	159.0	29.0
1	3	6	-0.5818101053973466	0.7196527427864957	1.0048342541436464	75197.0	2868.0	5816.0	281.0	112.0	8005.0	295.0	157.0	3205.0	3024.0	189.0	532.0	137.0	163.0	19.0
1	6	3	-121.51519629870302	1.0	0.49880013712718546	75197.0	5816.0	2868.0	281.0	112.0	8005.0	3205.0	532.0	295.0	3024.0	137.0	157.0	189.0	163.0	19.0
3	1	6	0.5846091918150658	0.27940522067571527	0.9952348536419333	75197.0	2868.0	8005.0	295.0	157.0	5816.0	281.0	112.0	3205.0	3024.0	189.0	532.0	163.0	137.0	19.0
1	3	7	-0.1688990656201268	0.567061983513937	1.0013628620102215	75114.0	2951.0	5802.0	278.0	129.0	8032.0	282.0	143.0	3221.0	3006.0	191.0	534.0	139.0	158.0	20.0
1	7	3	-124.26748753000805	1.0	0.49965997959877595	75114.0	5802.0	2951.0	278.0	129.0	8032.0	3221.0	534.0	282.0	3006.0	139.0	143.0	191.0	158.0	20.0
3	1	7	0.16912893845526816	0.4328476112074142	0.998642687478792	75114.0	2951.0	8032.0	282.0	143.0	5802.0	278.0	129.0	3221.0	3006.0	191.0	534.0	158.0	139.0	20.0
1	3	8	1.523287492321937	0.06384342041932078	0.9906937394247038	75584.0	2481.0	5854.0	253.0	102.0	8098.0	220.0	139.0	3733.0	2532.0	153.0	590.0	111.0	135.0	15.0
1	8	3	-160.63759009940435	1.0	0.5023595023595023	75584.0	5854.0	2481.0	253.0	102.0	8098.0	3733.0	590.0	220.0	2532.0	111.0	139.0	153.0	135.0	15.0
3	1	8	-1.5089782161344552	0.934347797993212	1.009573542210618	75584.0	2481.0	8098.0	220.0	139.0	5854.0	253.0	102.0	3733.0	2532.0	153.0	590.0	135.0	111.0	15.0
1	3	9	0.7005757364249133	0.24178384352434046	0.9980787704130644	77015.0	1050.0	6058.0	107.0	44.0	8316.0	97.0	44.0	5292.0	1048.0	78.0	730.0	50.0	59.0	12.0
1	9	3	-363.24851933631834	1.0	0.5004816955684008	77015.0	6058.0	1050.0	107.0	44.0	8316.0	5292.0	730.0	97.0	1048.0	50.0	44.0	78.0	59.0	12.0
3	1	9	-0.6992271787032099	0.757795034919168	1.0019323671497584	77015.0	1050.0	8316.0	97.0	44.0	6058.0	107.0	44.0	5292.0	1048.0	78.0	730.0	59.0	50.0	12.0
1	4	5	0.764115211548858	0.22239922773241871	0.9511002444987775	75749.0	3701.0	4351.0	369.0	104.0	9665.0	349.0	241.0	738.0	3915.0	127.0	305.0	119.0	254.0	13.0
1	5	4	-14.097925653076423	1.0	0.5131926121372032	75749.0	4351.0	3701.0	369.0	104.0	9665.0	738.0	305.0	349.0	3915.0	119.0	241.0	127.0	254.0	13.0
4	1	5	-0.724829082420382	0.7657216234323083	1.0573065902578798	75749.0	3701.0	9665.0	349.0	241.0	4351.0	369.0	104.0	738.0	3915.0	127.0	305.0	254.0	119.0	13.0
1	4	6	-0.6657397348059585	0.7472113296870632	1.0124707716289945	76570.0	2880.0	4443.0	277.0	104.0	9765.0	293.0	197.0	1592.0	3068.0	120.0	385.0	95.0	202.0	9.0
1	6	4	-54.71548445436473	1.0	0.4969395562356541	76570.0	4443.0	2880.0	277.0	104.0	9765.0	1592.0	385.0	293.0	3068.0	95.0	197.0	120.0	202.0	9.0
4	1	6	0.6739397623324369	0.2501747392150444	0.9879789631855748	76570.0	2880.0	9765.0	293.0	197.0	4443.0	277.0	104.0	1592.0	3068.0	120.0	385.0	202.0	95.0	9.0
1	4	7	0.0859633721686202	0.4657477025163329	0.998501872659176	76475.0	2975.0	4441.0	272.0	111.0	9809.0	270.0	176.0	1603.0	3057.0	120.0	375.0	100.0	202.0	14.0
1	7	4	-57.20862417821659	1.0	0.5003753753753755	76475.0	4441.0	2975.0	272.0	111.0	9809.0	1603.0	375.0	270.0	3057.0	100.0	176.0	120.0	202.0	14.0
4	1	7	-0.08583439486604161	0.5342010325219022	1.00150489089541	76475.0	2975.0	9809.0	270.0	176.0	4441.0	272.0	111.0	1603.0	3057.0	120.0	375.0	202.0	100.0	14.0
1	4	8	1.5854458820968222	0.056432535834205266	0.9817136886102403	76956.0	2494.0	4482.0	265.0	77.0	9872.0	230.0	153.0	2109.0	2556.0	115.0	440.0	77.0	163.0	11.0
1	8	4	-83.5303487596154	1.0	0.5047005103411227	76956.0	4482.0	2494.0	265.0	77.0	9872.0	2109.0	440.0	230.0	2556.0	77.0	153.0	115.0	163.0	11.0
4	1	8	-1.55591389387256	0.9401357023602646	1.0193477059148701	76956.0	2494.0	9872.0	230.0	153.0	4482.0	265.0	77.0	2109.0	2556.0	115.0	440.0	163.0	77.0	11.0
1	4	9	0.13935129030978557	0.4445862540957024	0.9994366197183099	78395.0	1055.0	4678.0	104.0	42.0	10099.0	102.0	54.0	3650.0	1066.0	64.0	589.0	27.0	67.0	8.0
1	9	4	-247.06983771924956	1.0	0.5001409641950945	78395.0	4678.0	1055.0	104.0	42.0	10099.0	3650.0	589.0	102.0	1066.0	27.0	54.0	64.0	67.0	8.0
4	1	9	-0.13927273828593564	0.5553827108772388	1.0005643340857788	78395.0	1055.0	10099.0	102.0	54.0	4678.0	104.0	42.0	3650.0	1066.0	64.0	589.0	67.0	27.0	8.0
1	5	6	-0.8649019025334505	0.8064537250625318	1.0234113712374582	77194.0	2906.0	3819.0	277.0	78.0	10203.0	298.0	207.0	1216.0	3070.0	97.0	323.0	88.0	219.0	5.0
1	6	5	-38.67347078470998	1.0	0.49434571890145396	77194.0	3819.0	2906.0	277.0	78.0	10203.0	1216.0	323.0	298.0	3070.0	88.0	207.0	97.0	219.0	5.0
5	1	6	0.8846872401731045	0.18816263491247065	0.978125	77194.0	2906.0	10203.0	298.0	207.0	3819.0	277.0	78.0	1216.0	3070.0	97.0	323.0	219.0	88.0	5.0
1	5	7	0.41731031515385775	0.3382257639085652	0.9895068205666316	77115.0	2985.0	3801.0	295.0	78.0	10234.0	285.0	189.0	1228.0	3059.0	96.0	325.0	83.0	218.0	9.0
1	7	5	-38.93505240385501	1.0	0.5026652452025587	77115.0	3801.0	2985.0	295.0	78.0	10234.0	1228.0	325.0	285.0	3059.0	83.0	189.0	96.0	218.0	9.0
5	1	7	-0.41288496716707246	0.6601545085789399	1.010834236186349	77115.0	2985.0	10234.0	285.0	189.0	3801.0	295.0	78.0	1228.0	3059.0	96.0	325.0	218.0	83.0	9.0
1	5	8	0.9595309707965838	0.16864565655056474	0.9861842105263158	77576.0	2524.0	3862.0	253.0	59.0	10318.0	232.0	158.0	1731.0	2557.0	95.0	372.0	74.0	178.0	11.0
1	8	5	-67.53270356368334	1.0	0.5035270406449447	77576.0	3862.0	2524.0	253.0	59.0	10318.0	1731.0	372.0	232.0	2557.0	74.0	158.0	95.0	178.0	11.0
5	1	8	-0.9460885756086398	0.8279483062401746	1.0144131777625258	77576.0	2524.0	10318.0	232.0	158.0	3862.0	253.0	59.0	1731.0	2557.0	95.0	372.0	178.0	74.0	11.0
1	5	9	0.668964617226522	0.251758958731932	0.9968484084462653	79053.0	1047.0	4020.0	117.0	37.0	10542.0	107.0	59.0	3270.0	1062.0	51.0	526.0	26.0	75.0	8.0
1	9	5	-210.9245438115225	1.0	0.5007916402786574	79053.0	4020.0	1047.0	117.0	37.0	10542.0	3270.0	526.0	107.0	1062.0	26.0	59.0	51.0	75.0	8.0
5	1	9	-0.6668496484714587	0.7475659774725479	1.0031816735602928	79053.0	1047.0	10542.0	107.0	59.0	4020.0	117.0	37.0	3270.0	1062.0	51.0	526.0	75.0	26.0	8.0
1	6	7	1.7237275306357502	0.042378485723372106	0.021276595744680847	79282.0	1731.0	1634.0	1575.0	52.0	11467.0	149.0	126.0	180.0	3243.0	33.0	140.0	35.0	349.0	4.0
1	7	6	-99999.9	1.0	-0.022727272727272728	79282.0	1634.0	1731.0	1575.0	52.0	11467.0	180.0	140.0	149.0	3243.0	35.0	126.0	33.0	349.0	4.0
6	1	7	-77.56773887860876	1.0	0.4945054945054945	79282.0	1731.0	11467.0	149.0	126.0	1634.0	1575.0	52.0	180.0	3243.0	33.0	140.0	349.0	35.0	4.0
1	6	8	2.0463189013297503	0.020362435502038423	0.9299363057324841	78488.0	2525.0	2950.0	267.0	44.0	11338.0	223.0	181.0	807.0	2584.0	65.0	276.0	56.0	195.0	1.0
1	8	6	-25.113913789046926	1.0	0.5195729537366548	78488.0	2950.0	2525.0	267.0	44.0	11338.0	807.0	276.0	223.0	2584.0	56.0	181.0	65.0	195.0	1.0
6	1	8	-1.8921441895857276	0.9707641792126728	1.0887096774193548	78488.0	2525.0	11338.0	223.0	181.0	2950.0	267.0	44.0	807.0	2584.0	65.0	276.0	195.0	56.0	1.0
1	6	9	0.0708859886373995	0.4717441782636874	0.9995533720410897	79935.0	1078.0	3138.0	100.0	23.0	11579.0	99.0	64.0	2337.0	1077.0	42.0	422.0	19.0	81.0	6.0
1	9	6	-158.5719565818658	1.0	0.5001117318435755	79935.0	3138.0	1078.0	100.0	23.0	11579.0	2337.0	422.0	99.0	1077.0	19.0	64.0	42.0	81.0	6.0
6	1	9	-0.07085431482656958	0.5282432174118659	1.0004472271914133	79935.0	1078.0	11579.0	99.0	64.0	3138.0	100.0	23.0	2337.0	1077.0	42.0	422.0	81.0	19.0	6.0
1	7	8	1.5530572443446764	0.060204743643786474	0.9425675675675675	78404.0	2512.0	3034.0	269.0	55.0	11371.0	235.0	181.0	793.0	2574.0	60.0	257.0	54.0	196.0	5.0
1	8	7	-23.935352824606188	1.0	0.5157116451016637	78404.0	3034.0	2512.0	269.0	55.0	11371.0	793.0	257.0	235.0	2574.0	54.0	181.0	60.0	196.0	5.0
7	1	8	-1.4584265161946424	0.9276384508126823	1.0693877551020408	78404.0	2512.0	11371.0	235.0	181.0	3034.0	269.0	55.0	793.0	2574.0	60.0	257.0	196.0	54.0	5.0
1	7	9	0.35296317519387055	0.36205808848504706	0.9977467327625056	79844.0	1072.0	3229.0	103.0	26.0	11622.0	98.0	67.0	2312.0	1074.0	41.0	404.0	23.0	81.0	4.0
1	9	7	-155.9391308006525	1.0	0.500565227221343	79844.0	3229.0	1072.0	103.0	26.0	11622.0	2312.0	404.0	98.0	1074.0	23.0	67.0	41.0	81.0	4.0
7	1	9	-0.3521660587187263	0.6376430704336994	1.002268602540835	79844.0	1072.0	11622.0	98.0	67.0	3229.0	103.0	26.0	2312.0	1074.0	41.0	404.0	81.0	23.0	4.0
1	8	9	-0.4171342214517051	0.6617098407190043	1.003647416413374	80358.0	1080.0	2715.0	100.0	21.0	12245.0	106.0	70.0	1757.0	1073.0	33.0	336.0	16.0	85.0	5.0
1	9	8	-115.19856749091211	1.0	0.499093107617896	80358.0	2715.0	1080.0	100.0	21.0	12245.0	1757.0	336.0	106.0	1073.0	16.0	70.0	33.0	85.0	5.0
8	1	9	0.41865015441882214	0.3377359557147859	0.9963920625375827	80358.0	1080.0	12245.0	106.0	70.0	2715.0	100.0	21.0	1757.0	1073.0	33.0	336.0	85.0	16.0	5.0
2	3	4	0.0719298749941096	0.47132878846188575	0.9987146529562982	74132.0	4244.0	5654.0	388.0	165.0	7549.0	386.0	211.0	1940.0	4201.0	234.0	430.0	182.0	257.0	27.0
2	4	3	-55.817582995428914	1.0	0.5003219575016098	74132.0	5654.0	4244.0	388.0	165.0	7549.0	1940.0	430.0	386.0	4201.0	182.0	211.0	234.0	257.0	27.0
3	2	4	-0.07183730115241833	0.5286343752294242	1.001290322580645	74132.0	4244.0	7549.0	386.0	211.0	5654.0	388.0	165.0	1940.0	4201.0	234.0	430.0	257.0	182.0	27.0
2	3	5	0.42139032954470207	0.3367350795042027	0.994452849218356	74685.0	3691.0	5719.0	348.0	140.0	7618.0	337.0	191.0	2309.0	3866.0	200.0	477.0	170.0	231.0	18.0
2	5	3	-75.12240329428745	1.0	0.5013984235952199	74685.0	5719.0	3691.0	348.0	140.0	7618.0	2309.0	477.0	337.0	3866.0	170.0	191.0	200.0	231.0	18.0
3	2	5	-0.41903977496813427	0.6624064272699792	1.0056410256410255	74685.0	3691.0	7618.0	337.0	191.0	5719.0	348.0	140.0	2309.0	3866.0	200.0	477.0	231.0	170.0	18.0
2	3	6	0.990478574203502	0.1609701344978779	0.9921901528013582	75461.0	2915.0	5819.0	283.0	105.0	7741.0	260.0	145.0	3182.0	3003.0	190.0	552.0	140.0	182.0	22.0
2	6	3	-124.84336463547606	1.0	0.5019756055660539	75461.0	5819.0	2915.0	283.0	105.0	7741.0	3182.0	552.0	260.0	3003.0	140.0	145.0	190.0	182.0	22.0
3	2	6	-0.982682199389443	0.8371180597272738	1.0079972183588317	75461.0	2915.0	7741.0	260.0	145.0	5819.0	283.0	105.0	3182.0	3003.0	190.0	552.0	182.0	140.0	22.0
2	3	7	0.47727431798998415	0.31658340897253945	0.9962610469068661	75395.0	2981.0	5807.0	272.0	128.0	7751.0	261.0	134.0	3192.0	2992.0	191.0	558.0	139.0	178.0	21.0
2	7	3	-126.69463713915914	1.0	0.5009400102546573	75395.0	5807.0	2981.0	272.0	128.0	7751.0	3192.0	558.0	261.0	2992.0	139.0	134.0	191.0	178.0	21.0
3	2	7	-0.4754831144765451	0.6827786552800055	1.0037813681677552	75395.0	2981.0	7751.0	261.0	134.0	5807.0	272.0	128.0	3192.0	2992.0	191.0	558.0	178.0	139.0	21.0
2	3	8	0.23250918449974703	0.4080713234852118	0.9985536592421175	75889.0	2487.0	5875.0	234.0	98.0	7793.0	229.0	124.0	3681.0	2534.0	160.0	621.0	106.0	152.0	17.0
2	8	3	-160.29183179412536	1.0	0.5003623713581679	75889.0	5875.0	2487.0	234.0	98.0	7793.0	3681.0	621.0	229.0	2534.0	106.0	124.0	160.0	152.0	17.0
3	2	8	-0.2321724098987914	0.591797900929641	1.0014526438117373	75889.0	2487.0	7793.0	229.0	124.0	5875.0	234.0	98.0	3681.0	2534.0	160.0	621.0	152.0	106.0	17.0
2	3	9	1.6579517901190617	0.048663581040156334	0.9955598455598456	77325.0	1051.0	6056.0	108.0	43.0	8006.0	85.0	55.0	5242.0	1052.0	81.0	782.0	50.0	54.0	10.0
2	9	3	-370.08367349875	1.0	0.5011174812943349	77325.0	6056.0	1051.0	108.0	43.0	8006.0	5242.0	782.0	85.0	1052.0	50.0	55.0	81.0	54.0	10.0
3	2	9	-1.650557395864119	0.950585523368789	1.0045000978282137	77325.0	1051.0	8006.0	85.0	55.0	6056.0	108.0	43.0	5242.0	1052.0	81.0	782.0	54.0	50.0	10.0
2	4	5	0.700210936723961	0.24189772231698736	0.958041958041958	76061.0	3725.0	4343.0	353.0	101.0	9353.0	335.0	231.0	746.0	3905.0	118.0	305.0	133.0	280.0	11.0
2	5	4	-15.287938785139808	1.0	0.5111940298507462	76061.0	4343.0	3725.0	353.0	101.0	9353.0	746.0	305.0	335.0	3905.0	133.0	231.0	118.0	280.0	11.0
4	2	5	-0.6695447643126926	0.7484260480862309	1.048	76061.0	3725.0	9353.0	335.0	231.0	4343.0	353.0	101.0	746.0	3905.0	118.0	305.0	280.0	133.0	11.0
2	4	6	0.8361505548712166	0.2015350546215069	0.9860601614086574	76857.0	2929.0	4423.0	271.0	103.0	9478.0	252.0	189.0	1596.0	3053.0	120.0	401.0	98.0	223.0	7.0
2	6	4	-58.31049922128217	1.0	0.5035593855376544	76857.0	4423.0	2929.0	271.0	103.0	9478.0	1596.0	401.0	252.0	3053.0	98.0	189.0	120.0	223.0	7.0
4	2	6	-0.8243299741103883	0.7951240081906006	1.0145482388973965	76857.0	2929.0	9478.0	252.0	189.0	4423.0	271.0	103.0	1596.0	3053.0	120.0	401.0	223.0	98.0	7.0
2	4	7	1.011400760400372	0.15591234296608236	0.9833694866232827	76790.0	2996.0	4412.0	274.0	111.0	9494.0	251.0	174.0	1611.0	3037.0	121.0	396.0	104.0	220.0	9.0
2	7	4	-58.79316594153463	1.0	0.5042639970337413	76790.0	4412.0	2996.0	274.0	111.0	9494.0	1611.0	396.0	251.0	3037.0	104.0	174.0	121.0	220.0	9.0
4	2	7	-0.9942961887171304	0.8399606469810953	1.017503805175038	76790.0	2996.0	9494.0	251.0	174.0	4412.0	274.0	111.0	1611.0	3037.0	121.0	396.0	220.0	104.0	9.0
2	4	8	0.31905655006859845	0.3748418844060034	0.996268656716418	77297.0	2489.0	4467.0	245.0	85.0	9531.0	238.0	150.0	2107.0	2551.0	111.0	457.0	80.0	188.0	4.0
2	8	4	-84.86904231824751	1.0	0.50093808630394	77297.0	4467.0	2489.0	245.0	85.0	9531.0	2107.0	457.0	238.0	2551.0	80.0	150.0	111.0	188.0	4.0
4	2	8	-0.31786158171628165	0.6247049632485213	1.0037735849056604	77297.0	2489.0	9531.0	238.0	150.0	4467.0	245.0	85.0	2107.0	2551.0	111.0	457.0	188.0	80.0	4.0
2	4	9	1.0224969964399717	0.15327288519922444	0.9960640989597975	78730.0	1056.0	4651.0	101.0	45.0	9764.0	87.0	68.0	3630.0	1075.0	64.0	636.0	25.0	61.0	7.0
2	9	4	-257.7422786026185	1.0	0.5009898190045249	78730.0	4651.0	1056.0	101.0	45.0	9764.0	3630.0	636.0	87.0	1075.0	25.0	68.0	64.0	61.0	7.0
4	2	9	-1.0184566470326448	0.8457694863157662	1.0039829302987198	78730.0	1056.0	9764.0	87.0	68.0	4651.0	101.0	45.0	3630.0	1075.0	64.0	636.0	61.0	25.0	7.0
2	5	6	0.47550292549476425	0.3172142860656004	0.9885416666666667	77455.0	2949.0	3825.0	276.0	78.0	9942.0	265.0	197.0	1214.0	3057.0	102.0	319.0	81.0	233.0	7.0
2	6	5	-40.54743128309904	1.0	0.5029146793852676	77455.0	3825.0	2949.0	276.0	78.0	9942.0	1214.0	319.0	265.0	3057.0	81.0	197.0	102.0	233.0	7.0
5	2	6	-0.46999130043634235	0.6808193687370669	1.011866235167206	77455.0	2949.0	9942.0	265.0	197.0	3825.0	276.0	78.0	1214.0	3057.0	102.0	319.0	233.0	81.0	7.0
2	5	7	1.0833050680859597	0.13933655756117758	0.9746450304259635	77385.0	3019.0	3817.0	285.0	77.0	9964.0	260.0	180.0	1221.0	3052.0	100.0	316.0	80.0	235.0	9.0
2	7	5	-40.55894174913829	1.0	0.5065893516078017	77385.0	3817.0	3019.0	285.0	77.0	9964.0	1221.0	316.0	260.0	3052.0	80.0	180.0	100.0	235.0	9.0
5	2	7	-1.0551233545561483	0.8543155138330741	1.0274423710208562	77385.0	3019.0	9964.0	260.0	180.0	3817.0	285.0	77.0	1221.0	3052.0	100.0	316.0	235.0	80.0	9.0
2	5	8	-0.2721294398430177	0.6072386901218394	1.0040899795501022	77895.0	2509.0	3869.0	239.0	71.0	9999.0	245.0	160.0	1718.0	2558.0	97.0	378.0	66.0	191.0	5.0
2	8	5	-67.07990692130413	1.0	0.4989837398373984	77895.0	3869.0	2509.0	239.0	71.0	9999.0	1718.0	378.0	245.0	2558.0	66.0	160.0	97.0	191.0	5.0
5	2	8	0.2732379100664108	0.39233523348300836	0.9959595959595959	77895.0	2509.0	9999.0	245.0	160.0	3869.0	239.0	71.0	1718.0	2558.0	97.0	378.0	191.0	66.0	5.0
2	5	9	1.6930933983859617	0.045218817768309494	0.9924457034938622	79348.0	1056.0	4033.0	113.0	33.0	10247.0	89.0	68.0	3242.0	1073.0	58.0	541.0	25.0	68.0	6.0
2	9	5	-220.7370518145692	1.0	0.5019102196752626	79348.0	4033.0	1056.0	113.0	33.0	10247.0	3242.0	541.0	89.0	1073.0	25.0	68.0	58.0	68.0	6.0
5	2	9	-1.6802059129558118	0.9535413943822643	1.007729468599034	79348.0	1056.0	10247.0	89.0	68.0	4033.0	113.0	33.0	3242.0	1073.0	58.0	541.0	68.0	25.0	6.0
2	6	7	0.6885063537474639	0.24556691715955015	0.008258774948382657	79537.0	1743.0	1665.0	1588.0	50.0	11212.0	147.0	116.0	159.0	3209.0	35.0	130.0	36.0	370.0	3.0
2	7	6	-99999.9	1.0	-0.008468595624558928	79537.0	1665.0	1743.0	1588.0	50.0	11212.0	159.0	130.0	147.0	3209.0	36.0	116.0	35.0	370.0	3.0
6	2	7	-81.98963162542707	1.0	0.49790940766550523	79537.0	1743.0	11212.0	147.0	116.0	1665.0	1588.0	50.0	159.0	3209.0	35.0	130.0	370.0	36.0	3.0
2	6	8	1.0558876996378979	0.14550979260212682	0.9581818181818181	78761.0	2519.0	3003.0	258.0	42.0	11065.0	235.0	175.0	762.0	2577.0	64.0	268.0	57.0	211.0	3.0
2	8	6	-23.137713070326086	1.0	0.5111542192046556	78761.0	3003.0	2519.0	258.0	42.0	11065.0	762.0	268.0	235.0	2577.0	57.0	175.0	64.0	211.0	3.0
6	2	8	-1.0098053142647068	0.843705699545837	1.0478170478170479	78761.0	2519.0	11065.0	235.0	175.0	3003.0	258.0	42.0	762.0	2577.0	64.0	268.0	211.0	57.0	3.0
2	6	9	1.0181578342822357	0.15430149397138448	0.9936507936507937	80201.0	1079.0	3180.0	102.0	21.0	11313.0	88.0	74.0	2279.0	1080.0	44.0	438.0	19.0	76.0	6.0
2	9	6	-158.32354323088782	1.0	0.5016025641025641	80201.0	3180.0	1079.0	102.0	21.0	11313.0	2279.0	438.0	88.0	1080.0	19.0	74.0	44.0	76.0	6.0
6	2	9	-1.0116520334242023	0.8441477568718238	1.006472491909385	80201.0	1079.0	11313.0	88.0	74.0	3180.0	102.0	21.0	2279.0	1080.0	44.0	438.0	76.0	19.0	6.0
2	7	8	0.9081156879840847	0.18190852522331435	0.9629629629629629	78693.0	2509.0	3071.0	261.0	49.0	11082.0	241.0	178.0	761.0	2569.0	62.0	252.0	59.0	209.0	4.0
2	8	7	-22.702892199602164	1.0	0.5098039215686274	78693.0	3071.0	2509.0	261.0	49.0	11082.0	761.0	252.0	241.0	2569.0	59.0	178.0	62.0	209.0	4.0
7	2	8	-0.8731881615231585	0.8087197756495488	1.0416666666666667	78693.0	2509.0	11082.0	241.0	178.0	3071.0	261.0	49.0	761.0	2569.0	62.0	252.0	209.0	59.0	4.0
2	7	9	1.5247737847177947	0.06365778785821719	0.9904805077062556	80126.0	1076.0	3255.0	106.0	20.0	11340.0	85.0	76.0	2270.0	1077.0	45.0	420.0	25.0	75.0	4.0
2	9	7	-157.12430810139546	1.0	0.502414348126006	80126.0	3255.0	1076.0	106.0	20.0	11340.0	2270.0	420.0	85.0	1077.0	25.0	76.0	45.0	75.0	4.0
7	2	9	-1.510119208297166	0.9344934686991624	1.0097993467102193	80126.0	1076.0	11340.0	85.0	76.0	3255.0	106.0	20.0	2270.0	1077.0	45.0	420.0	75.0	25.0	4.0
2	8	9	0.6704083900084744	0.251298677887449	0.9946107784431137	80678.0	1086.0	2703.0	95.0	21.0	11925.0	86.0	84.0	1747.0	1086.0	36.0	358.0	15.0	77.0	3.0
2	9	8	-123.05718447711105	1.0	0.501358285541805	80678.0	2703.0	1086.0	95.0	21.0	11925.0	1747.0	358.0	86.0	1086.0	15.0	84.0	36.0	77.0	3.0
8	2	9	-0.6667758340120408	0.7475423998754411	1.0054777845404748	80678.0	1086.0	11925.0	86.0	84.0	2703.0	95.0	21.0	1747.0	1086.0	36.0	358.0	77.0	15.0	3.0
3	4	5	0.12553591316638102	0.4500496093001478	0.9929577464788732	77857.0	3824.0	4446.0	289.0	106.0	7557.0	286.0	181.0	709.0	4024.0	113.0	239.0	135.0	225.0	9.0
3	5	4	-17.575027843293295	1.0	0.5017793594306049	77857.0	4446.0	3824.0	289.0	106.0	7557.0	709.0	239.0	286.0	4024.0	135.0	181.0	113.0	225.0	9.0
4	3	5	-0.12464558754108754	0.5495979710049472	1.0071942446043165	77857.0	3824.0	7557.0	286.0	181.0	4446.0	289.0	106.0	709.0	4024.0	113.0	239.0	225.0	135.0	9.0
3	4	6	-0.3324017422090485	0.6302069704648741	1.0052199850857568	78677.0	3004.0	4525.0	217.0	99.0	7658.0	224.0	142.0	1572.0	3146.0	128.0	323.0	98.0	184.0	3.0
3	6	4	-64.34348009903708	1.0	0.4987051424343322	78677.0	4525.0	3004.0	217.0	99.0	7658.0	1572.0	323.0	224.0	3146.0	98.0	142.0	128.0	184.0	3.0
4	3	6	0.33412786401577205	0.3691416051127079	0.9948604992657856	78677.0	3004.0	7658.0	224.0	142.0	4525.0	217.0	99.0	1572.0	3146.0	128.0	323.0	184.0	98.0	3.0
3	4	7	0.5342660977775753	0.29657870283047516	0.9921146953405018	78634.0	3047.0	4512.0	219.0	110.0	7650.0	208.0	166.0	1592.0	3130.0	124.0	315.0	104.0	182.0	7.0
3	7	4	-66.68612293169197	1.0	0.5019949220166848	78634.0	4512.0	3047.0	219.0	110.0	7650.0	1592.0	315.0	208.0	3130.0	104.0	166.0	124.0	182.0	7.0
4	3	7	-0.5300197631854126	0.701950903015196	1.0080763582966226	78634.0	3047.0	7650.0	208.0	166.0	4512.0	219.0	110.0	1592.0	3130.0	124.0	315.0	182.0	104.0	7.0
3	4	8	-0.2505725545433199	0.5989276431643062	1.0026385224274406	79119.0	2562.0	4563.0	196.0	82.0	7709.0	201.0	114.0	2101.0	2636.0	109.0	367.0	83.0	152.0	6.0
3	8	4	-95.46814328100464	1.0	0.4993429697766097	79119.0	4563.0	2562.0	196.0	82.0	7709.0	2101.0	367.0	201.0	2636.0	83.0	114.0	109.0	152.0	6.0
4	3	8	0.2512319560026444	0.40081744521479745	0.9973821989528796	79119.0	2562.0	7709.0	201.0	114.0	4563.0	196.0	82.0	2101.0	2636.0	109.0	367.0	152.0	83.0	6.0
3	4	9	-0.4993754106707301	0.6912425318167019	1.0016685205784204	80600.0	1081.0	4731.0	69.0	41.0	7894.0	75.0	55.0	3677.0	1107.0	62.0	509.0	32.0	61.0	6.0
3	9	4	-300.2910802833321	1.0	0.49958391123439666	80600.0	4731.0	1081.0	69.0	41.0	7894.0	3677.0	509.0	75.0	1107.0	32.0	55.0	62.0	61.0	6.0
4	3	9	0.5002072408939462	0.3084645786122727	0.9983397897066962	80600.0	1081.0	7894.0	75.0	55.0	4731.0	69.0	41.0	3677.0	1107.0	62.0	509.0	61.0	32.0	6.0
3	5	6	-0.8286710873844128	0.796354777612827	1.019543973941368	79284.0	3019.0	3918.0	222.0	79.0	8113.0	240.0	152.0	1179.0	3157.0	109.0	261.0	71.0	187.0	9.0
3	6	5	-44.05767947927127	1.0	0.495253164556962	79284.0	3918.0	3019.0	222.0	79.0	8113.0	1179.0	261.0	240.0	3157.0	71.0	152.0	109.0	187.0	9.0
5	3	6	0.8445561561521652	0.19917930035239217	0.9815384615384616	79284.0	3019.0	8113.0	240.0	152.0	3918.0	222.0	79.0	1179.0	3157.0	109.0	261.0	187.0	71.0	9.0
3	5	7	0.5172773036313225	0.30248128705475696	0.9887525562372188	79240.0	3063.0	3906.0	234.0	79.0	8109.0	223.0	173.0	1190.0	3149.0	106.0	258.0	70.0	189.0	11.0
3	7	5	-44.956100206504104	1.0	0.5028601144045762	79240.0	3906.0	3063.0	234.0	79.0	8109.0	1190.0	258.0	223.0	3149.0	70.0	173.0	106.0	189.0	11.0
5	3	7	-0.5113930737037687	0.6954620855671083	1.0116402116402117	79240.0	3063.0	8109.0	223.0	173.0	3906.0	234.0	79.0	1190.0	3149.0	106.0	258.0	189.0	70.0	11.0
3	5	8	-0.8499581790201003	0.8023258776242255	1.0115176151761518	79723.0	2580.0	3959.0	189.0	71.0	8171.0	206.0	128.0	1699.0	2649.0	97.0	307.0	65.0	150.0	6.0
3	8	5	-75.49628531296172	1.0	0.49716949716949715	79723.0	3959.0	2580.0	189.0	71.0	8171.0	1699.0	307.0	206.0	2649.0	65.0	128.0	97.0	150.0	6.0
5	3	8	0.859636202491863	0.19499476271991134	0.9888670595939751	79723.0	2580.0	8171.0	206.0	128.0	3959.0	189.0	71.0	1699.0	2649.0	97.0	307.0	150.0	65.0	6.0
3	5	9	-0.15607613725002742	0.56201350808183	1.000625978090767	81229.0	1074.0	4102.0	81.0	36.0	8366.0	83.0	56.0	3280.0	1110.0	55.0	434.0	21.0	63.0	10.0
3	9	5	-249.64378153141922	1.0	0.49984365228267663	81229.0	4102.0	1074.0	81.0	36.0	8366.0	3280.0	434.0	83.0	1110.0	21.0	56.0	55.0	63.0	10.0
5	3	9	0.156173776372486	0.4379480114813503	0.9993751952514839	81229.0	1074.0	8366.0	83.0	56.0	4102.0	81.0	36.0	3280.0	1110.0	55.0	434.0	63.0	21.0	10.0
3	6	7	1.7433750747333063	0.04063401928083854	0.01976823449216087	81441.0	1761.0	1705.0	1564.0	51.0	9308.0	126.0	119.0	155.0	3279.0	34.0	94.0	37.0	324.0	2.0
3	7	6	-99999.9	1.0	-0.02101449275362319	81441.0	1705.0	1761.0	1564.0	51.0	9308.0	155.0	94.0	126.0	3279.0	37.0	119.0	34.0	324.0	2.0
6	3	7	-84.70398207928368	1.0	0.4949069195644538	81441.0	1761.0	9308.0	126.0	119.0	1705.0	1564.0	51.0	155.0	3279.0	34.0	94.0	324.0	37.0	2.0
3	6	8	0.29712590075290035	0.3831852634127888	0.9891891891891892	80618.0	2584.0	3064.0	209.0	47.0	9208.0	203.0	142.0	752.0	2658.0	58.0	217.0	59.0	179.0	2.0
3	8	6	-26.889894018137593	1.0	0.5027472527472528	80618.0	3064.0	2584.0	209.0	47.0	9208.0	752.0	217.0	203.0	2658.0	59.0	142.0	58.0	179.0	2.0
6	3	8	-0.2938786231490435	0.6155746056931319	1.011173184357542	80618.0	2584.0	9208.0	203.0	142.0	3064.0	209.0	47.0	752.0	2658.0	58.0	217.0	179.0	59.0	2.0
3	6	9	-0.808785279217258	0.7906807254424636	1.0044984255510572	82104.0	1098.0	3227.0	71.0	22.0	9410.0	81.0	62.0	2314.0	1111.0	43.0	356.0	22.0	76.0	3.0
3	9	6	-181.41053812843083	1.0	0.4988829311885612	82104.0	3227.0	1098.0	71.0	22.0	9410.0	2314.0	356.0	81.0	1111.0	22.0	62.0	43.0	76.0	3.0
6	3	9	0.8124072464327408	0.20827893766567362	0.9955614735907679	82104.0	1098.0	9410.0	81.0	62.0	3227.0	71.0	22.0	2314.0	1111.0	43.0	356.0	76.0	22.0	3.0
3	7	8	-0.09670249574553898	0.538518730199175	1.0038240917782026	80574.0	2572.0	3108.0	212.0	56.0	9201.0	214.0	142.0	739.0	2648.0	55.0	237.0	58.0	179.0	5.0
3	8	7	-25.481107628949452	1.0	0.4990494296577947	80574.0	3108.0	2572.0	212.0	56.0	9201.0	739.0	237.0	214.0	2648.0	58.0	142.0	55.0	179.0	5.0
7	3	8	0.09707088620552198	0.4613349916598066	0.996219281663516	80574.0	2572.0	9201.0	214.0	142.0	3108.0	212.0	56.0	739.0	2648.0	55.0	237.0	179.0	58.0	5.0
3	7	9	-0.5611017506831971	0.7126359447737843	1.0031760435571688	82052.0	1094.0	3279.0	74.0	23.0	9414.0	81.0	62.0	2292.0	1108.0	42.0	374.0	25.0	76.0	4.0
3	9	7	-177.78909757361885	1.0	0.4992097538947844	82052.0	3279.0	1094.0	74.0	23.0	9414.0	2292.0	374.0	81.0	1108.0	25.0	62.0	42.0	76.0	4.0
7	3	9	0.5628781922276487	0.2867588825421513	0.9968539325842697	82052.0	1094.0	9414.0	81.0	62.0	3279.0	74.0	23.0	2292.0	1108.0	42.0	374.0	76.0	25.0	4.0
3	8	9	-1.4894920303599497	0.9318210421048362	1.0107784431137725	82576.0	1106.0	2755.0	63.0	22.0	10027.0	81.0	69.0	1769.0	1117.0	34.0	284.0	16.0	78.0	3.0
3	9	8	-141.1707446552266	1.0	0.4973482616381851	82576.0	2755.0	1106.0	63.0	22.0	10027.0	1769.0	284.0	81.0	1117.0	16.0	69.0	34.0	78.0	3.0
8	3	9	1.505375239214499	0.0661138438107367	0.9895591647331786	82576.0	1106.0	10027.0	81.0	69.0	2755.0	63.0	22.0	1769.0	1117.0	34.0	284.0	78.0	16.0	3.0
4	5	6	-0.5558759780344481	0.7108522092366374	1.0103734439834025	82281.0	3133.0	4054.0	155.0	82.0	5116.0	165.0	113.0	1139.0	3299.0	100.0	165.0	83.0	112.0	3.0
4	6	5	-54.69819623858967	1.0	0.49744637385086826	82281.0	4054.0	3133.0	155.0	82.0	5116.0	1139.0	165.0	165.0	3299.0	83.0	113.0	100.0	112.0	3.0
5	4	6	0.5615831235994835	0.2872000083227033	0.9899396378269618	82281.0	3133.0	5116.0	165.0	113.0	4054.0	155.0	82.0	1139.0	3299.0	100.0	165.0	112.0	83.0	3.0
4	5	7	0.2690366203709545	0.39395081322638403	0.9949443882709808	82255.0	3159.0	4029.0	176.0	86.0	5094.0	171.0	129.0	1155.0	3282.0	101.0	170.0	78.0	114.0	1.0
4	7	5	-52.677370268633	1.0	0.5012735608762099	82255.0	4029.0	3159.0	176.0	86.0	5094.0	1155.0	170.0	171.0	3282.0	78.0	129.0	101.0	114.0	1.0
5	4	7	-0.26766956437313455	0.6055230986711202	1.0051334702258727	82255.0	3159.0	5094.0	171.0	129.0	4029.0	176.0	86.0	1155.0	3282.0	101.0	170.0	114.0	78.0	1.0
4	5	8	-0.7266689266086896	0.7662856727448812	1.0085922009253139	82755.0	2659.0	4073.0	152.0	66.0	5139.0	165.0	90.0	1691.0	2747.0	100.0	201.0	72.0	89.0	1.0
4	8	5	-86.02642138852102	1.0	0.497879282218597	82755.0	4073.0	2659.0	152.0	66.0	5139.0	1691.0	201.0	165.0	2747.0	72.0	90.0	100.0	89.0	1.0
5	4	8	0.7328594220516209	0.23182201811141023	0.9916237113402062	82755.0	2659.0	5139.0	165.0	90.0	4073.0	152.0	66.0	1691.0	2747.0	100.0	201.0	89.0	72.0	1.0
4	5	9	0.35927159709465983	0.3596960230915882	0.9987760097919217	84308.0	1106.0	4186.0	64.0	41.0	5287.0	60.0	47.0	3324.0	1157.0	57.0	306.0	20.0	33.0	4.0
4	9	5	-292.8063516321481	1.0	0.5003065603923973	84308.0	4186.0	1106.0	64.0	41.0	5287.0	3324.0	306.0	60.0	1157.0	20.0	47.0	57.0	33.0	4.0
5	4	9	-0.35883131327469087	0.6401392938580637	1.0012285012285012	84308.0	1106.0	5287.0	60.0	47.0	4186.0	64.0	41.0	3324.0	1157.0	57.0	306.0	33.0	20.0	4.0
4	6	7	1.1478057052433785	0.1255244469480843	0.010899182561307902	84506.0	1829.0	1778.0	1542.0	50.0	6243.0	90.0	87.0	106.0	3405.0	36.0	70.0	36.0	220.0	2.0
4	7	6	-99999.9	1.0	-0.011267605633802818	84506.0	1778.0	1829.0	1542.0	50.0	6243.0	106.0	70.0	90.0	3405.0	36.0	87.0	36.0	220.0	2.0
6	4	7	-103.01556204559309	1.0	0.49722991689750695	84506.0	1829.0	6243.0	90.0	87.0	1778.0	1542.0	50.0	106.0	3405.0	36.0	70.0	220.0	36.0	2.0
4	6	8	0.28112042083984934	0.38930908476489345	0.9910714285714286	83665.0	2670.0	3163.0	162.0	45.0	6161.0	157.0	102.0	712.0	2771.0	64.0	158.0	56.0	113.0	1.0
4	8	6	-30.92324629238334	1.0	0.502262443438914	83665.0	3163.0	2670.0	162.0	45.0	6161.0	712.0	158.0	157.0	2771.0	56.0	102.0	64.0	113.0	1.0
6	4	8	-0.27858780443588677	0.6097193487952346	1.0091743119266054	83665.0	2670.0	6161.0	157.0	102.0	3163.0	162.0	45.0	712.0	2771.0	64.0	158.0	113.0	56.0	1.0
4	6	9	-0.28701694257830646	0.6129502597687181	1.001316366827556	85199.0	1136.0	3295.0	53.0	22.0	6315.0	56.0	49.0	2338.0	1163.0	46.0	264.0	18.0	42.0	4.0
4	9	6	-218.61123793047605	1.0	0.49967155682067	85199.0	3295.0	1136.0	53.0	22.0	6315.0	2338.0	264.0	56.0	1163.0	18.0	49.0	46.0	42.0	4.0
6	4	9	0.2873942654651316	0.38690529235190163	0.9986888111888111	85199.0	1136.0	6315.0	56.0	49.0	3295.0	53.0	22.0	2338.0	1163.0	46.0	264.0	42.0	18.0	4.0
4	7	8	0.0	0.49999999949999996	nan	83631.0	2653.0	3197.0	171.0	53.0	6144.0	171.0	104.0	715.0	2755.0	61.0	172.0	58.0	113.0	2.0
4	8	7	-29.411851367721418	1.0	0.5	83631.0	3197.0	2653.0	171.0	53.0	6144.0	715.0	172.0	171.0	2755.0	58.0	104.0	61.0	113.0	2.0
7	4	8	0.0	0.49999999949999996	nan	83631.0	2653.0	6144.0	171.0	104.0	3197.0	171.0	53.0	715.0	2755.0	61.0	172.0	113.0	58.0	2.0
4	7	9	0.0	0.49999999949999996	nan	85154.0	1130.0	3340.0	59.0	22.0	6312.0	59.0	48.0	2328.0	1156.0	47.0	277.0	22.0	43.0	3.0
4	9	7	-208.78992922790584	1.0	0.5	85154.0	3340.0	1130.0	59.0	22.0	6312.0	2328.0	277.0	59.0	1156.0	22.0	48.0	47.0	43.0	3.0
7	4	9	0.0	0.49999999949999996	nan	85154.0	1130.0	6312.0	59.0	48.0	3340.0	59.0	22.0	2328.0	1156.0	47.0	277.0	43.0	22.0	3.0
4	8	9	-0.8836543676784488	0.8115586248907823	1.0052356020942408	85684.0	1144.0	2810.0	47.0	20.0	6919.0	56.0	56.0	1784.0	1165.0	35.0	214.0	16.0	46.0	4.0
4	9	8	-170.54529296194065	1.0	0.4987012987012987	85684.0	2810.0	1144.0	47.0	20.0	6919.0	1784.0	214.0	56.0	1165.0	16.0	56.0	35.0	46.0	4.0
8	4	9	0.888256734176774	0.18720130000149326	0.9948453608247423	85684.0	1144.0	6919.0	56.0	56.0	2810.0	47.0	20.0	1784.0	1165.0	35.0	214.0	46.0	16.0	4.0
5	6	7	0.14592366593380454	0.4419908035813247	0.001364256480218281	85546.0	1851.0	1803.0	1557.0	51.0	5203.0	93.0	62.0	95.0	3439.0	32.0	56.0	40.0	171.0	1.0
5	7	6	-99999.9	1.0	-0.0013698630136986301	85546.0	1803.0	1851.0	1557.0	51.0	5203.0	95.0	56.0	93.0	3439.0	40.0	62.0	32.0	171.0	1.0
6	5	7	-106.67019979761147	1.0	0.49965823650034175	85546.0	1851.0	5203.0	93.0	62.0	1803.0	1557.0	51.0	95.0	3439.0	32.0	56.0	171.0	40.0	1.0
5	6	8	1.5282795905327666	0.0632215889496448	0.9578414839797639	84682.0	2715.0	3212.0	151.0	48.0	5144.0	126.0	88.0	694.0	2808.0	64.0	127.0	54.0	87.0	0.0
5	8	6	-33.19423270637165	1.0	0.5112511251125113	84682.0	3212.0	2715.0	151.0	48.0	5144.0	694.0	127.0	126.0	2808.0	54.0	88.0	64.0	87.0	0.0
6	5	8	-1.4610137634846696	0.9279941274487131	1.0482625482625483	84682.0	2715.0	5144.0	126.0	88.0	3212.0	151.0	48.0	694.0	2808.0	64.0	127.0	87.0	54.0	0.0
5	6	9	-0.9256966883938376	0.8226982047126811	1.0043936731107206	86262.0	1135.0	3333.0	53.0	25.0	5252.0	63.0	43.0	2349.0	1173.0	44.0	215.0	18.0	32.0	3.0
5	9	6	-212.53995965522444	1.0	0.4989087734613705	86262.0	3333.0	1135.0	53.0	25.0	5252.0	2349.0	215.0	63.0	1173.0	18.0	43.0	44.0	32.0	3.0
6	5	9	0.9297461052284561	0.17625126061109053	0.9956634865568084	86262.0	1135.0	5252.0	63.0	43.0	3333.0	53.0	25.0	2349.0	1173.0	44.0	215.0	32.0	18.0	3.0
5	7	8	1.0058584298522377	0.15724184991182621	0.9711375212224108	84645.0	2704.0	3249.0	155.0	55.0	5130.0	138.0	86.0	710.0	2798.0	64.0	125.0	52.0	86.0	3.0
5	8	7	-32.83831932752897	1.0	0.5075421472937001	84645.0	3249.0	2704.0	155.0	55.0	5130.0	710.0	125.0	138.0	2798.0	52.0	86.0	64.0	86.0	3.0
7	5	8	-0.9759640359580279	0.835458856131532	1.0315985130111525	84645.0	2704.0	5130.0	138.0	86.0	3249.0	155.0	55.0	710.0	2798.0	64.0	125.0	86.0	52.0	3.0
5	7	9	-0.6457685505012452	0.7407854322747802	1.0030607783121994	86215.0	1134.0	3380.0	55.0	24.0	5251.0	62.0	41.0	2356.0	1170.0	46.0	209.0	22.0	33.0	2.0
5	9	7	-212.2733478147666	1.0	0.4992383025027204	86215.0	3380.0	1134.0	55.0	24.0	5251.0	2356.0	209.0	62.0	1170.0	22.0	41.0	46.0	33.0	2.0
7	5	9	0.6477390735411357	0.25857680194673704	0.9969670710571924	86215.0	1134.0	5251.0	62.0	41.0	3380.0	55.0	24.0	2356.0	1170.0	46.0	209.0	33.0	22.0	2.0
5	8	9	-1.2275826361391173	0.8901980908961347	1.0076380728554641	86750.0	1144.0	2845.0	49.0	20.0	5853.0	62.0	50.0	1777.0	1175.0	36.0	186.0	17.0	34.0	2.0
5	9	8	-163.17406117295346	1.0	0.4981121115306419	86750.0	2845.0	1144.0	49.0	20.0	5853.0	1777.0	186.0	62.0	1175.0	17.0	50.0	36.0	34.0	2.0
8	5	9	1.2368879272585394	0.1080644143325431	0.9925330269959793	86750.0	1144.0	5853.0	62.0	50.0	2845.0	49.0	20.0	1777.0	1175.0	36.0	186.0	34.0	17.0	2.0
6	7	8	-0.6569457838169738	0.7443921747389509	1.0034381139489195	87906.0	2843.0	1920.0	53.0	33.0	1869.0	60.0	25.0	2103.0	2956.0	108.0	61.0	30.0	30.0	3.0
6	8	7	-192.39126526068532	1.0	0.4991448815050086	87906.0	1920.0	2843.0	53.0	33.0	1869.0	2103.0	61.0	60.0	2956.0	30.0	25.0	108.0	30.0	3.0
7	6	8	0.659196699375818	0.2548846689669121	0.9965969859017987	87906.0	2843.0	1869.0	60.0	25.0	1920.0	53.0	33.0	2103.0	2956.0	108.0	61.0	30.0	30.0	3.0
6	7	9	0.2946336395164971	0.38413694850917546	0.9994817310183985	89545.0	1204.0	1969.0	24.0	13.0	1921.0	22.0	11.0	3879.0	1222.0	66.0	97.0	14.0	12.0	1.0
6	9	7	-567.9063401680414	1.0	0.5001296680497925	89545.0	1969.0	1204.0	24.0	13.0	1921.0	3879.0	97.0	22.0	1222.0	14.0	11.0	66.0	12.0	1.0
7	6	9	-0.2944808608597605	0.6158046892380131	1.0005190760446405	89545.0	1204.0	1921.0	22.0	11.0	1969.0	24.0	13.0	3879.0	1222.0	66.0	97.0	12.0	14.0	1.0
6	8	9	-0.6529925449238912	0.7431195205722072	1.0034129692832765	88642.0	1184.0	2872.0	39.0	18.0	3961.0	45.0	27.0	1809.0	1197.0	40.0	127.0	16.0	22.0	1.0
6	9	8	-192.63280075254775	1.0	0.499151103565365	88642.0	2872.0	1184.0	39.0	18.0	3961.0	1809.0	127.0	45.0	1197.0	16.0	27.0	40.0	22.0	1.0
8	6	9	0.6552136080018637	0.25616505371274	0.9966216216216216	88642.0	1184.0	3961.0	45.0	27.0	2872.0	39.0	18.0	1809.0	1197.0	40.0	127.0	22.0	16.0	1.0
7	8	9	-0.84054480057887	0.7996985526954777	1.0045766590389016	88595.0	1180.0	2871.0	41.0	16.0	4008.0	49.0	27.0	1805.0	1192.0	42.0	132.0	17.0	25.0	0.0
7	9	8	-185.34012852764081	1.0	0.49886363636363634	88595.0	2871.0	1180.0	41.0	16.0	4008.0	1805.0	132.0	49.0	1192.0	17.0	27.0	42.0	25.0	0.0
8	7	9	0.8443741618571337	0.19923012975675047	0.9954853273137697	88595.0	1180.0	4008.0	49.0	27.0	2871.0	41.0	16.0	1805.0	1192.0	42.0	132.0	25.0	17.0	0.0
