P1	Hybrid	P2	Zscore	Pvalue	Gamma	AAAA	AAAB	AABA	AABB	AABC	ABAA	ABAB	ABAC	ABBA	BAAA	ABBC	CABC	BACA	BCAA	ABCD
1	2	3	0.5856383724056057	0.27905923550337186	0.9487870619946092	71813.0	5467.0	6008.0	563.0	270.0	7298.0	544.0	300.0	896.0	5623.0	272.0	349.0	283.0	297.0	17.0
1	3	2	-10.264083053214035	1.0	0.513868613138686	71813.0	6008.0	5467.0	563.0	270.0	7298.0	896.0	349.0	544.0	5623.0	283.0	300.0	272.0	297.0	17.0
2	1	3	-0.5540272102587123	0.7102199169786081	1.0605095541401275	71813.0	5467.0	7298.0	544.0	300.0	6008.0	563.0	270.0	896.0	5623.0	272.0	349.0	297.0	283.0	17.0
1	2	4	1.2946091426772355	0.09772761653929207	0.9811128126595202	72997.0	4283.0	6204.0	434.0	203.0	7524.0	397.0	221.0	2319.0	4235.0	237.0	488.0	206.0	227.0	25.0
1	4	2	-65.95508740396197	1.0	0.5048594693984765	72997.0	6204.0	4283.0	434.0	203.0	7524.0	2319.0	488.0	397.0	4235.0	206.0	221.0	237.0	227.0	25.0
2	1	4	-1.2696869063197656	0.8979018418728281	1.020021645021645	72997.0	4283.0	7524.0	397.0	221.0	6204.0	434.0	203.0	2319.0	4235.0	237.0	488.0	227.0	206.0	25.0
1	2	5	0.11569547175970941	0.453946901403006	0.9989090909090909	73966.0	3314.0	6350.0	338.0	153.0	7619.0	335.0	188.0	3082.0	3511.0	198.0	564.0	174.0	183.0	25.0
1	5	2	-105.82279150288056	1.0	0.5002731742851939	73966.0	6350.0	3314.0	338.0	153.0	7619.0	3082.0	564.0	335.0	3511.0	174.0	188.0	198.0	183.0	25.0
2	1	5	-0.1155691206802485	0.546003027771957	1.0010944910616564	73966.0	3314.0	7619.0	335.0	188.0	6350.0	338.0	153.0	3082.0	3511.0	198.0	564.0	183.0	174.0	25.0
1	2	6	-0.08835613826593386	0.5352032527508672	1.0005296610169492	74792.0	2488.0	6478.0	255.0	108.0	7755.0	257.0	130.0	4035.0	2584.0	172.0	674.0	126.0	133.0	13.0
1	6	2	-166.99310132261496	1.0	0.49986768986504365	74792.0	6478.0	2488.0	255.0	108.0	7755.0	4035.0	674.0	257.0	2584.0	126.0	130.0	172.0	133.0	13.0
2	1	6	0.08840291229360243	0.4647781598682881	0.9994711792702274	74792.0	2488.0	7755.0	257.0	130.0	6478.0	255.0	108.0	4035.0	2584.0	172.0	674.0	133.0	126.0	13.0
1	2	7	0.3632068938896579	0.3582252311219195	0.997969027671998	74814.0	2466.0	6495.0	247.0	99.0	7771.0	239.0	132.0	4170.0	2449.0	172.0	696.0	114.0	124.0	12.0
1	7	2	-178.10758059114124	1.0	0.5005092946269417	74814.0	6495.0	2466.0	247.0	99.0	7771.0	4170.0	696.0	239.0	2449.0	114.0	132.0	172.0	124.0	12.0
2	1	7	-0.3624677295164405	0.641498670559038	1.002043422733078	74814.0	2466.0	7771.0	239.0	132.0	6495.0	247.0	99.0	4170.0	2449.0	172.0	696.0	124.0	114.0	12.0
1	2	8	0.6454084920565222	0.2593311895289211	0.9964628600303184	74800.0	2480.0	6496.0	243.0	102.0	7778.0	229.0	135.0	4173.0	2453.0	165.0	697.0	115.0	122.0	12.0
1	8	2	-181.17538384158067	1.0	0.5008890017780037	74800.0	6496.0	2480.0	243.0	102.0	7778.0	4173.0	697.0	229.0	2453.0	115.0	135.0	165.0	122.0	12.0
2	1	8	-0.6431174882814736	0.7399261269741617	1.0035750766087845	74800.0	2480.0	7778.0	229.0	135.0	6496.0	243.0	102.0	4173.0	2453.0	165.0	697.0	122.0	115.0	12.0
1	2	9	-0.06360973338190133	0.5253595790260573	1.0001829826166515	76135.0	1145.0	6666.0	123.0	52.0	7966.0	124.0	52.0	5590.0	1119.0	82.0	831.0	47.0	60.0	8.0
1	9	2	-347.7544123988531	1.0	0.499954266898381	76135.0	6666.0	1145.0	123.0	52.0	7966.0	5590.0	831.0	124.0	1119.0	47.0	52.0	82.0	60.0	8.0
2	1	9	0.06362137072792802	0.47463578772923887	0.9998171177761521	76135.0	1145.0	7966.0	124.0	52.0	6666.0	123.0	52.0	5590.0	1119.0	82.0	831.0	60.0	47.0	8.0
1	3	4	0.9356175177030585	0.17473506045175302	0.98378041172801	73488.0	4333.0	5713.0	405.0	182.0	7939.0	379.0	225.0	1956.0	4271.0	223.0	436.0	188.0	241.0	21.0
1	4	3	-55.81318345990164	1.0	0.504156010230179	73488.0	5713.0	4333.0	405.0	182.0	7939.0	1956.0	436.0	379.0	4271.0	188.0	225.0	223.0	241.0	21.0
3	1	4	-0.9201919910953985	0.8212638021298417	1.017049180327869	73488.0	4333.0	7939.0	379.0	225.0	5713.0	405.0	182.0	1956.0	4271.0	223.0	436.0	241.0	188.0	21.0
1	3	5	-0.2769128350837965	0.6090764172571873	1.0029387069689337	74474.0	3347.0	5842.0	315.0	143.0	8033.0	322.0	188.0	2711.0	3546.0	193.0	521.0	152.0	188.0	25.0
1	5	3	-94.78330755153918	1.0	0.49926854754440964	74474.0	5842.0	3347.0	315.0	143.0	8033.0	2711.0	521.0	322.0	3546.0	152.0	188.0	193.0	188.0	25.0
3	1	5	0.2777242163502622	0.39061209933414354	0.9970869746150645	74474.0	3347.0	8033.0	322.0	188.0	5842.0	315.0	143.0	2711.0	3546.0	193.0	521.0	188.0	152.0	25.0
1	3	6	-0.8709188224838603	0.8081008003288949	1.0055571804621235	75307.0	2514.0	5963.0	227.0	110.0	8169.0	246.0	128.0	3684.0	2602.0	164.0	611.0	119.0	143.0	13.0
1	6	3	-158.46138785930023	1.0	0.4986221899927483	75307.0	5963.0	2514.0	227.0	110.0	8169.0	3684.0	611.0	246.0	2602.0	119.0	128.0	164.0	143.0	13.0
3	1	6	0.8757319282509323	0.1905878538847926	0.9945339470655926	75307.0	2514.0	8169.0	246.0	128.0	5963.0	227.0	110.0	3684.0	2602.0	164.0	611.0	143.0	119.0	13.0
1	3	7	0.9228132600206461	0.17805224419060273	0.9944736114948881	75370.0	2451.0	5939.0	246.0	115.0	8183.0	226.0	134.0	3825.0	2458.0	167.0	629.0	118.0	127.0	12.0
1	7	3	-165.13743288069446	1.0	0.5013931457230426	75370.0	5939.0	2451.0	246.0	115.0	8183.0	3825.0	629.0	226.0	2458.0	118.0	134.0	167.0	127.0	12.0
3	1	7	-0.9176850951969693	0.8206081459740134	1.0056195560550716	75370.0	2451.0	8183.0	226.0	134.0	5939.0	246.0	115.0	3825.0	2458.0	167.0	629.0	127.0	118.0	12.0
1	3	8	0.9327309371006798	0.17547943702415436	0.9944949077897055	75353.0	2468.0	5943.0	241.0	116.0	8185.0	221.0	137.0	3834.0	2458.0	158.0	629.0	118.0	127.0	12.0
1	8	3	-167.56511285013704	1.0	0.5013877324451845	75353.0	5943.0	2468.0	241.0	116.0	8185.0	3834.0	629.0	221.0	2458.0	118.0	137.0	158.0	127.0	12.0
3	1	8	-0.9275677434272743	0.8231841004417574	1.0055975370836832	75353.0	2468.0	8185.0	221.0	137.0	5943.0	241.0	116.0	3834.0	2458.0	158.0	629.0	127.0	118.0	12.0
1	3	9	0.6685958668037129	0.25187658924762457	0.998056743101438	76666.0	1155.0	6135.0	117.0	48.0	8385.0	107.0	51.0	5243.0	1127.0	80.0	759.0	56.0	60.0	11.0
1	9	3	-342.7222413235837	1.0	0.5004872344572208	76666.0	6135.0	1155.0	117.0	48.0	8385.0	5243.0	759.0	107.0	1127.0	56.0	51.0	80.0	60.0	11.0
3	1	9	-0.6672940835739548	0.7477079130907067	1.0019546520719311	76666.0	1155.0	8385.0	107.0	51.0	6135.0	117.0	48.0	5243.0	1127.0	80.0	759.0	60.0	56.0	11.0
1	4	5	-0.22918084426147067	0.590635775418445	1.0076628352490422	75831.0	3370.0	4485.0	337.0	98.0	9772.0	343.0	216.0	1132.0	3566.0	140.0	361.0	111.0	224.0	14.0
1	5	4	-30.366461864645004	1.0	0.4981060606060606	75831.0	4485.0	3370.0	337.0	98.0	9772.0	1132.0	361.0	343.0	3566.0	111.0	216.0	140.0	224.0	14.0
4	1	5	0.2309236643699229	0.4086870983727615	0.9925093632958801	75831.0	3370.0	9772.0	343.0	216.0	4485.0	337.0	98.0	1132.0	3566.0	140.0	361.0	224.0	111.0	14.0
1	4	6	0.1805095620904275	0.42837628341915535	0.9978165938864629	76680.0	2521.0	4590.0	248.0	82.0	9932.0	244.0	155.0	2072.0	2645.0	121.0	460.0	78.0	163.0	9.0
1	6	4	-82.31236031323475	1.0	0.5005476451259584	76680.0	4590.0	2521.0	248.0	82.0	9932.0	2072.0	460.0	244.0	2645.0	78.0	155.0	121.0	163.0	9.0
4	1	6	-0.1801145739895732	0.5714686803634168	1.0021978021978022	76680.0	2521.0	9932.0	244.0	155.0	4590.0	248.0	82.0	2072.0	2645.0	121.0	460.0	163.0	78.0	9.0
1	4	7	0.8481772304104396	0.19816959086219055	0.9910802775024777	76721.0	2480.0	4588.0	236.0	96.0	9948.0	218.0	165.0	2218.0	2504.0	116.0	471.0	80.0	152.0	7.0
1	7	4	-93.39373725963843	1.0	0.5022601707684581	76721.0	4588.0	2480.0	236.0	96.0	9948.0	2218.0	471.0	218.0	2504.0	80.0	165.0	116.0	152.0	7.0
4	1	7	-0.8405436353367457	0.799698226176756	1.009164969450102	76721.0	2480.0	9948.0	218.0	165.0	4588.0	236.0	96.0	2218.0	2504.0	116.0	471.0	152.0	80.0	7.0
1	4	8	1.4294910392922575	0.07643162246716573	0.9853013228809407	76709.0	2492.0	4587.0	238.0	95.0	9956.0	208.0	167.0	2219.0	2510.0	109.0	473.0	79.0	151.0	7.0
1	8	4	-94.39405829459882	1.0	0.5037575150300602	76709.0	4587.0	2492.0	238.0	95.0	9956.0	2219.0	473.0	208.0	2510.0	79.0	167.0	109.0	151.0	7.0
4	1	8	-1.408165961630016	0.9204589807142055	1.0153767298821117	76709.0	2492.0	9956.0	208.0	167.0	4587.0	238.0	95.0	2219.0	2510.0	109.0	473.0	151.0	79.0	7.0
1	4	9	0.2018400336720135	0.42002091781162787	0.9991462720546386	78037.0	1164.0	4764.0	112.0	44.0	10159.0	109.0	63.0	3620.0	1152.0	66.0	608.0	29.0	66.0	7.0
1	9	4	-236.01827937380708	1.0	0.5002137056560765	78037.0	4764.0	1164.0	112.0	44.0	10159.0	3620.0	608.0	109.0	1152.0	29.0	63.0	66.0	66.0	7.0
4	1	9	-0.20166756995768256	0.5799116653961089	1.0008559201141227	78037.0	1164.0	10159.0	109.0	63.0	4764.0	112.0	44.0	3620.0	1152.0	66.0	608.0	66.0	29.0	7.0
1	5	6	0.491926810154467	0.31138554519286576	0.9894736842105263	77771.0	2545.0	3499.0	258.0	48.0	10853.0	247.0	165.0	1281.0	2657.0	82.0	330.0	63.0	194.0	7.0
1	6	5	-45.749193344365324	1.0	0.5026737967914439	77771.0	3499.0	2545.0	258.0	48.0	10853.0	1281.0	330.0	247.0	2657.0	63.0	165.0	82.0	194.0	7.0
5	1	6	-0.4866935462166535	0.6867622345366029	1.0108695652173914	77771.0	2545.0	10853.0	247.0	165.0	3499.0	258.0	48.0	1281.0	2657.0	82.0	330.0	194.0	63.0	7.0
1	5	7	1.8278827475203139	0.03378351829893389	0.967767929089444	77819.0	2497.0	3490.0	266.0	49.0	10868.0	226.0	171.0	1427.0	2509.0	84.0	342.0	67.0	177.0	8.0
1	7	5	-53.0542967467771	1.0	0.5084674005080441	77819.0	3490.0	2497.0	266.0	49.0	10868.0	1427.0	342.0	226.0	2509.0	67.0	171.0	84.0	177.0	8.0
5	1	7	-1.7670040548468646	0.9613862710645414	1.0356824264049955	77819.0	2497.0	10868.0	226.0	171.0	3490.0	266.0	49.0	1427.0	2509.0	84.0	342.0	177.0	67.0	8.0
1	5	8	2.20651418165175	0.013673962272175655	0.9618138424821002	77804.0	2512.0	3492.0	268.0	45.0	10878.0	220.0	167.0	1429.0	2511.0	80.0	341.0	66.0	177.0	10.0
1	8	5	-53.3700617687017	1.0	0.510126582278481	77804.0	3492.0	2512.0	268.0	45.0	10878.0	1429.0	341.0	220.0	2511.0	66.0	167.0	80.0	177.0	10.0
5	1	8	-2.1189106409410106	0.9829510505124792	1.0431266846361187	77804.0	2512.0	10878.0	220.0	167.0	3492.0	268.0	45.0	1429.0	2511.0	80.0	341.0	177.0	66.0	10.0
1	5	9	1.5415787391244065	0.06158801511840961	0.9912023460410557	79158.0	1158.0	3643.0	134.0	28.0	11089.0	110.0	66.0	2814.0	1156.0	50.0	484.0	24.0	79.0	7.0
1	9	5	-172.14295920222528	1.0	0.5022288261515602	79158.0	3643.0	1158.0	134.0	28.0	11089.0	2814.0	484.0	110.0	1156.0	24.0	66.0	50.0	79.0	7.0
5	1	9	-1.5278960875937169	0.936730808566689	1.0090361445783131	79158.0	1158.0	11089.0	110.0	66.0	3643.0	134.0	28.0	2814.0	1156.0	50.0	484.0	79.0	24.0	7.0
1	6	7	1.6452996847450547	0.04995399839594983	0.8324873096446701	78762.0	2508.0	2547.0	249.0	55.0	12053.0	216.0	195.0	380.0	2536.0	51.0	204.0	50.0	193.0	1.0
1	7	6	-6.531341172775822	0.9999999999672446	0.5559322033898306	78762.0	2547.0	2508.0	249.0	55.0	12053.0	380.0	204.0	216.0	2536.0	50.0	195.0	51.0	193.0	1.0
6	1	7	-1.3142332847658669	0.9056160778315073	1.336734693877551	78762.0	2508.0	12053.0	216.0	195.0	2547.0	249.0	55.0	380.0	2536.0	51.0	204.0	193.0	50.0	1.0
1	6	8	2.017025332817727	0.021846366273883033	0.8130841121495327	78747.0	2523.0	2549.0	249.0	53.0	12061.0	209.0	194.0	383.0	2538.0	46.0	204.0	50.0	193.0	1.0
1	8	6	-6.757034864939382	0.9999999999929177	0.564935064935065	78747.0	2549.0	2523.0	249.0	53.0	12061.0	383.0	204.0	209.0	2538.0	50.0	194.0	46.0	193.0	1.0
6	1	8	-1.5533413482619276	0.9398291826407776	1.425531914893617	78747.0	2523.0	12061.0	209.0	194.0	2549.0	249.0	53.0	383.0	2538.0	46.0	204.0	193.0	50.0	1.0
1	6	9	1.021963407657314	0.15339912812993362	0.9910820451843044	80091.0	1179.0	2710.0	116.0	25.0	12285.0	101.0	78.0	1768.0	1165.0	34.0	334.0	24.0	86.0	4.0
1	9	6	-112.55223662999192	1.0	0.5022597167821634	80091.0	2710.0	1179.0	116.0	25.0	12285.0	1768.0	334.0	101.0	1165.0	24.0	78.0	34.0	86.0	4.0
6	1	9	-1.0127675761546988	0.8444143895181992	1.0091631032376298	80091.0	1179.0	12285.0	101.0	78.0	2710.0	116.0	25.0	1768.0	1165.0	34.0	334.0	86.0	24.0	4.0
1	7	8	0.9042847023783439	0.1829222005265052	0.0023603461841070024	81045.0	264.0	251.0	2555.0	6.0	12601.0	19.0	17.0	25.0	2773.0	4.0	22.0	5.0	412.0	1.0
1	8	7	-99999.9	1.0	-0.002377179080824089	81045.0	251.0	264.0	2555.0	6.0	12601.0	25.0	22.0	19.0	2773.0	5.0	17.0	4.0	412.0	1.0
7	1	8	-381.30671616953646	1.0	0.4994078168180024	81045.0	264.0	12601.0	19.0	17.0	251.0	2555.0	6.0	25.0	2773.0	4.0	22.0	412.0	5.0	1.0
1	7	9	0.7388895105938968	0.22998697738267193	0.9926813040585496	80129.0	1180.0	2672.0	117.0	23.0	12458.0	106.0	73.0	1598.0	1167.0	37.0	331.0	17.0	88.0	4.0
1	9	7	-99.48139683541476	1.0	0.501849983181971	80129.0	2672.0	1180.0	117.0	23.0	12458.0	1598.0	331.0	106.0	1167.0	17.0	73.0	37.0	88.0	4.0
7	1	9	-0.7334419337731642	0.7683556035271184	1.0074829931972789	80129.0	1180.0	12458.0	106.0	73.0	2672.0	117.0	23.0	1598.0	1167.0	37.0	331.0	88.0	17.0	4.0
1	8	9	0.6042244207707347	0.2728471739929812	0.9939759036144579	80115.0	1181.0	2686.0	116.0	23.0	12467.0	107.0	74.0	1592.0	1169.0	36.0	328.0	14.0	88.0	4.0
1	9	8	-99.09280500640044	1.0	0.5015197568389058	80115.0	2686.0	1181.0	116.0	23.0	12467.0	1592.0	328.0	107.0	1169.0	14.0	74.0	36.0	88.0	4.0
8	1	9	-0.6005624545842454	0.7259343225237035	1.0061349693251533	80115.0	1181.0	12467.0	107.0	74.0	2686.0	116.0	23.0	1592.0	1169.0	36.0	328.0	88.0	14.0	4.0
2	3	4	-0.10994416100749904	0.5437732207500872	1.0019455252918288	74747.0	4364.0	5774.0	370.0	167.0	6680.0	373.0	200.0	1918.0	4331.0	234.0	413.0	192.0	216.0	21.0
2	4	3	-56.73118707986934	1.0	0.49951503394762364	74747.0	5774.0	4364.0	370.0	167.0	6680.0	1918.0	413.0	373.0	4331.0	192.0	200.0	234.0	216.0	21.0
3	2	4	0.11015764481528059	0.45614212586977176	0.9980657640232108	74747.0	4364.0	6680.0	373.0	200.0	5774.0	370.0	167.0	1918.0	4331.0	234.0	413.0	216.0	192.0	21.0
2	3	5	-0.2492289093883836	0.5984080861604222	1.0024906600249066	75700.0	3411.0	5885.0	286.0	140.0	6807.0	292.0	154.0	2707.0	3580.0	196.0	482.0	160.0	183.0	17.0
2	5	3	-100.56386493821326	1.0	0.4993796526054591	75700.0	5885.0	3411.0	286.0	140.0	6807.0	2707.0	482.0	292.0	3580.0	160.0	154.0	196.0	183.0	17.0
3	2	5	0.24984811164773368	0.40135246074693376	0.9975278121137207	75700.0	3411.0	6807.0	292.0	154.0	5885.0	286.0	140.0	2707.0	3580.0	196.0	482.0	183.0	160.0	17.0
2	3	6	-0.7327578613769397	0.7681470058651174	1.0043528728961115	76544.0	2567.0	6003.0	201.0	107.0	6932.0	216.0	105.0	3677.0	2637.0	169.0	578.0	119.0	134.0	11.0
2	6	3	-169.80442174308288	1.0	0.4989188409975494	76544.0	6003.0	2567.0	201.0	107.0	6932.0	3677.0	578.0	216.0	2637.0	119.0	105.0	169.0	134.0	11.0
3	2	6	0.7359336394528294	0.230885473050497	0.9957032368948725	76544.0	2567.0	6932.0	216.0	105.0	6003.0	201.0	107.0	3677.0	2637.0	169.0	578.0	134.0	119.0	11.0
2	3	7	0.442264896509968	0.32914879429511934	0.9975172413793103	76601.0	2510.0	5984.0	212.0	115.0	6952.0	203.0	98.0	3819.0	2497.0	167.0	590.0	120.0	122.0	10.0
2	7	3	-177.2499424123841	1.0	0.5006230098297106	76601.0	5984.0	2510.0	212.0	115.0	6952.0	3819.0	590.0	203.0	2497.0	120.0	98.0	167.0	122.0	10.0
3	2	7	-0.44116412657949516	0.6704528791588111	1.0025013896609227	76601.0	2510.0	6952.0	203.0	98.0	5984.0	212.0	115.0	3819.0	2497.0	167.0	590.0	122.0	120.0	10.0
2	3	8	0.1473065372788405	0.4414450167618432	0.9991726420297848	76591.0	2520.0	5987.0	209.0	115.0	6947.0	206.0	100.0	3829.0	2494.0	160.0	590.0	118.0	123.0	11.0
2	8	3	-177.74988831646965	1.0	0.5002070965069723	76591.0	5987.0	2520.0	209.0	115.0	6947.0	3829.0	590.0	206.0	2494.0	118.0	100.0	160.0	123.0	11.0
3	2	8	-0.14718456112321351	0.5585068465717822	1.0008294166436273	76591.0	2520.0	6947.0	206.0	100.0	5987.0	209.0	115.0	3829.0	2494.0	160.0	590.0	123.0	118.0	11.0
2	3	9	0.917724728355919	0.17938147657833492	0.9974893781382773	77941.0	1170.0	6160.0	107.0	44.0	7110.0	94.0	49.0	5259.0	1145.0	79.0	718.0	63.0	52.0	9.0
2	9	3	-363.7013692684372	1.0	0.5006300281089463	77941.0	6160.0	1170.0	107.0	44.0	7110.0	5259.0	718.0	94.0	1145.0	63.0	49.0	79.0	52.0	9.0
3	2	9	-0.9154148694074918	0.8200130857596739	1.0025296750340533	77941.0	1170.0	7110.0	94.0	49.0	6160.0	107.0	44.0	5259.0	1145.0	79.0	718.0	52.0	63.0	9.0
2	4	5	-0.3662968606611082	0.6429281528846071	1.0107270560190704	77077.0	3444.0	4508.0	294.0	99.0	8526.0	303.0	182.0	1151.0	3612.0	133.0	319.0	117.0	221.0	14.0
2	5	4	-34.87960106517433	1.0	0.49736070381231673	77077.0	4508.0	3444.0	294.0	99.0	8526.0	1151.0	319.0	303.0	3612.0	117.0	182.0	133.0	221.0	14.0
4	2	5	0.3701844452671813	0.355622592798402	0.9896073903002309	77077.0	3444.0	8526.0	303.0	182.0	4508.0	294.0	99.0	1151.0	3612.0	133.0	319.0	221.0	117.0	14.0
2	4	6	0.33541630744284406	0.3686556016842355	0.9963119072708114	77950.0	2571.0	4597.0	222.0	82.0	8662.0	215.0	134.0	2106.0	2673.0	117.0	419.0	84.0	161.0	7.0
2	6	4	-90.27490331747379	1.0	0.5009271523178808	77950.0	4597.0	2571.0	222.0	82.0	8662.0	2106.0	419.0	215.0	2673.0	84.0	134.0	117.0	161.0	7.0
4	2	6	-0.3341746817674871	0.6308760583046777	1.0037293553542888	77950.0	2571.0	8662.0	215.0	134.0	4597.0	222.0	82.0	2106.0	2673.0	117.0	419.0	161.0	84.0	7.0
2	4	7	0.14699896650016	0.44156639814231147	0.9985380116959064	77994.0	2527.0	4591.0	210.0	100.0	8675.0	207.0	129.0	2256.0	2532.0	108.0	430.0	81.0	150.0	10.0
2	7	4	-100.25329515311024	1.0	0.5003663003663004	77994.0	4591.0	2527.0	210.0	100.0	8675.0	2256.0	430.0	207.0	2532.0	81.0	129.0	108.0	150.0	10.0
4	2	7	-0.14678374107336623	0.5583486608772437	1.0014684287812041	77994.0	2527.0	8675.0	207.0	129.0	4591.0	210.0	100.0	2256.0	2532.0	108.0	430.0	150.0	81.0	10.0
2	4	8	0.4469909566352095	0.3274408216966238	0.9956395348837209	77981.0	2540.0	4597.0	208.0	96.0	8684.0	199.0	128.0	2254.0	2539.0	103.0	428.0	80.0	152.0	11.0
2	8	4	-101.61594414173736	1.0	0.5010972933430871	77981.0	4597.0	2540.0	208.0	96.0	8684.0	2254.0	428.0	199.0	2539.0	80.0	128.0	103.0	152.0	11.0
4	2	8	-0.44503333200761	0.6718521388637129	1.004418262150221	77981.0	2540.0	8684.0	199.0	128.0	4597.0	208.0	96.0	2254.0	2539.0	103.0	428.0	152.0	80.0	11.0
2	4	9	0.21824914155904918	0.4136175368145182	0.9991582491582491	79343.0	1178.0	4758.0	96.0	47.0	8853.0	93.0	65.0	3654.0	1179.0	63.0	580.0	30.0	55.0	6.0
2	9	4	-258.84348188903226	1.0	0.5002107037505268	79343.0	4758.0	1178.0	96.0	47.0	8853.0	3654.0	580.0	93.0	1179.0	30.0	65.0	63.0	55.0	6.0
4	2	9	-0.2180652753909287	0.5863108362169334	1.0008438818565402	79343.0	1178.0	8853.0	93.0	65.0	4758.0	96.0	47.0	3654.0	1179.0	63.0	580.0	55.0	30.0	6.0
2	5	6	0.912144629563824	0.18084626899926537	0.9820923656927427	78991.0	2594.0	3556.0	230.0	51.0	9633.0	211.0	152.0	1253.0	2698.0	81.0	301.0	63.0	181.0	5.0
2	6	5	-49.111787160199555	1.0	0.5046004842615012	78991.0	3556.0	2594.0	230.0	51.0	9633.0	1253.0	301.0	211.0	2698.0	63.0	152.0	81.0	181.0	5.0
5	2	6	-0.8955124338232169	0.8147434198181496	1.0189243027888446	78991.0	2594.0	9633.0	211.0	152.0	3556.0	230.0	51.0	1253.0	2698.0	81.0	301.0	181.0	63.0	5.0
2	5	7	1.5059078224058169	0.06604544710694238	0.9747762408462164	79034.0	2551.0	3551.0	232.0	54.0	9653.0	201.0	142.0	1399.0	2551.0	82.0	309.0	68.0	169.0	4.0
2	7	5	-56.69014286282544	1.0	0.5065539112050741	79034.0	3551.0	2551.0	232.0	54.0	9653.0	1399.0	309.0	201.0	2551.0	68.0	142.0	82.0	169.0	4.0
5	2	7	-1.4669402577191888	0.9288038072351401	1.0272887323943662	79034.0	2551.0	9653.0	201.0	142.0	3551.0	232.0	54.0	1399.0	2551.0	82.0	309.0	169.0	68.0	4.0
2	5	8	1.7099237765426794	0.043639952498542356	0.9716828478964401	79024.0	2561.0	3554.0	232.0	51.0	9658.0	197.0	141.0	1398.0	2555.0	79.0	310.0	66.0	169.0	5.0
2	8	5	-56.96488924139326	1.0	0.5073933248838192	79024.0	3554.0	2561.0	232.0	51.0	9658.0	1398.0	310.0	197.0	2555.0	66.0	141.0	79.0	169.0	5.0
5	2	8	-1.6600925257691623	0.9515520981810857	1.030946065428824	79024.0	2561.0	9658.0	197.0	141.0	3554.0	232.0	51.0	1398.0	2555.0	79.0	310.0	169.0	66.0	5.0
2	5	9	1.775088866462372	0.037941560115842154	0.9904727006229388	80411.0	1174.0	3690.0	121.0	26.0	9836.0	95.0	65.0	2798.0	1182.0	52.0	453.0	25.0	66.0	6.0
2	9	5	-182.7658805969141	1.0	0.5024163568773233	80411.0	3690.0	1174.0	121.0	26.0	9836.0	2798.0	453.0	95.0	1182.0	25.0	65.0	52.0	66.0	6.0
5	2	9	-1.7580143897594416	0.960627513238315	1.009807619766126	80411.0	1174.0	9836.0	95.0	65.0	3690.0	121.0	26.0	2798.0	1182.0	52.0	453.0	66.0	25.0	6.0
2	6	7	0.9572228654731836	0.16922738221762446	0.8895348837209303	79997.0	2550.0	2588.0	228.0	59.0	10818.0	209.0	160.0	362.0	2562.0	48.0	181.0	49.0	188.0	1.0
2	7	6	-6.750940209126661	0.9999999999926137	0.5331010452961673	79997.0	2588.0	2550.0	228.0	59.0	10818.0	362.0	181.0	209.0	2562.0	49.0	160.0	48.0	188.0	1.0
6	2	7	-0.8383520521137685	0.7990835451338225	1.1652173913043478	79997.0	2550.0	10818.0	209.0	160.0	2588.0	228.0	59.0	362.0	2562.0	48.0	181.0	188.0	49.0	1.0
2	6	8	1.1734466635856882	0.12030842786509022	0.8743169398907104	79987.0	2560.0	2591.0	227.0	57.0	10821.0	204.0	162.0	364.0	2565.0	43.0	181.0	49.0	188.0	1.0
2	8	6	-6.989660561358237	0.9999999999986133	0.5387205387205387	79987.0	2591.0	2560.0	227.0	57.0	10821.0	364.0	181.0	204.0	2565.0	49.0	162.0	43.0	188.0	1.0
6	2	8	-1.0047637056952456	0.8424946661526735	1.2017543859649122	79987.0	2560.0	10821.0	204.0	162.0	2591.0	227.0	57.0	364.0	2565.0	43.0	181.0	188.0	49.0	1.0
2	6	9	1.1979234914700434	0.11547346629377009	0.9898809523809524	81359.0	1188.0	2742.0	110.0	23.0	11017.0	93.0	77.0	1756.0	1182.0	34.0	314.0	27.0	75.0	3.0
2	9	6	-115.98718040939374	1.0	0.502568751888788	81359.0	2742.0	1188.0	110.0	23.0	11017.0	1756.0	314.0	93.0	1182.0	27.0	77.0	34.0	75.0	3.0
6	2	9	-1.1856777311844207	0.8821251410596115	1.0104358502148558	81359.0	1188.0	11017.0	93.0	77.0	2742.0	110.0	23.0	1756.0	1182.0	34.0	314.0	75.0	27.0	3.0
2	7	8	0.884457512641117	0.18822460922314066	0.0023410066328521262	82326.0	259.0	252.0	2577.0	8.0	11320.0	20.0	21.0	26.0	2792.0	2.0	20.0	6.0	371.0	0.0
2	8	7	-99999.9	1.0	-0.002357563850687623	82326.0	252.0	259.0	2577.0	8.0	11320.0	26.0	20.0	20.0	2792.0	6.0	21.0	2.0	371.0	0.0
7	2	8	-376.0418524579157	1.0	0.49941268598277216	82326.0	259.0	11320.0	20.0	21.0	252.0	2577.0	8.0	26.0	2792.0	2.0	20.0	371.0	6.0	0.0
2	7	9	1.192626400532683	0.11650792469343918	0.9887862796833773	81396.0	1189.0	2705.0	111.0	21.0	11191.0	94.0	76.0	1593.0	1189.0	38.0	303.0	19.0	72.0	3.0
2	9	7	-103.96896032879043	1.0	0.5028513921502852	81396.0	2705.0	1189.0	111.0	21.0	11191.0	1593.0	303.0	94.0	1189.0	19.0	76.0	38.0	72.0	3.0
7	2	9	-1.1791009510269754	0.8808209480920086	1.01160409556314	81396.0	1189.0	11191.0	94.0	76.0	2705.0	111.0	21.0	1593.0	1189.0	38.0	303.0	72.0	19.0	3.0
2	8	9	1.0622523846667893	0.14406059466330623	0.9900596421471173	81385.0	1193.0	2716.0	108.0	20.0	11197.0	93.0	76.0	1587.0	1193.0	38.0	303.0	16.0	72.0	3.0
2	9	8	-104.73808512814551	1.0	0.5025227043390514	81385.0	2716.0	1193.0	108.0	20.0	11197.0	1587.0	303.0	93.0	1193.0	16.0	76.0	38.0	72.0	3.0
8	2	9	-1.0515872000817816	0.8535054796393887	1.0102459016393444	81385.0	1193.0	11197.0	93.0	76.0	2716.0	108.0	20.0	1587.0	1193.0	38.0	303.0	72.0	16.0	3.0
3	4	5	-0.1723493819644983	0.5684185656432946	1.0046728971962617	77940.0	3487.0	4567.0	266.0	104.0	7663.0	270.0	172.0	1130.0	3658.0	129.0	281.0	121.0	203.0	9.0
3	5	4	-37.22746650433155	1.0	0.4988399071925754	77940.0	4567.0	3487.0	266.0	104.0	7663.0	1130.0	281.0	270.0	3658.0	121.0	172.0	129.0	203.0	9.0
4	3	5	0.17315100699689134	0.4312663693778862	0.9953917050691244	77940.0	3487.0	7663.0	270.0	172.0	4567.0	266.0	104.0	1130.0	3658.0	129.0	281.0	203.0	121.0	9.0
3	4	6	0.8326170751622974	0.20253031115804565	0.9916883116883117	78812.0	2615.0	4664.0	194.0	79.0	7800.0	178.0	127.0	2087.0	2708.0	122.0	371.0	86.0	154.0	3.0
3	6	4	-98.5090077051393	1.0	0.5021041557075224	78812.0	4664.0	2615.0	194.0	79.0	7800.0	2087.0	371.0	178.0	2708.0	86.0	127.0	122.0	154.0	3.0
4	3	6	-0.8256386187963483	0.7954954930977002	1.008524240809803	78812.0	2615.0	7800.0	178.0	127.0	4664.0	194.0	79.0	2087.0	2708.0	122.0	371.0	154.0	86.0	3.0
3	4	7	-0.4161283362193225	0.6613419098207134	1.0038910505836576	78892.0	2535.0	4661.0	180.0	96.0	7777.0	188.0	140.0	2252.0	2557.0	108.0	364.0	86.0	155.0	9.0
3	7	4	-107.77723908080466	1.0	0.4990328820116054	78892.0	4661.0	2535.0	180.0	96.0	7777.0	2252.0	364.0	188.0	2557.0	86.0	140.0	108.0	155.0	9.0
4	3	7	0.41774123674730435	0.3380682009684254	0.9961538461538462	78892.0	2535.0	7777.0	188.0	140.0	4661.0	180.0	96.0	2252.0	2557.0	108.0	364.0	155.0	86.0	9.0
3	4	8	0.20925197124854333	0.41712580310718805	0.9980741454020221	78878.0	2549.0	4660.0	185.0	92.0	7787.0	181.0	137.0	2254.0	2559.0	104.0	365.0	86.0	155.0	8.0
3	8	4	-108.23558212830875	1.0	0.500482858522453	78878.0	4660.0	2549.0	185.0	92.0	7787.0	2254.0	365.0	181.0	2559.0	86.0	137.0	104.0	155.0	8.0
4	3	8	-0.20884820478207244	0.5827165992301686	1.0019370460048427	78878.0	2549.0	7787.0	181.0	137.0	4660.0	185.0	92.0	2254.0	2559.0	104.0	365.0	155.0	86.0	8.0
3	4	9	-0.7842005354231595	0.7835388376476762	1.0027979854504756	80233.0	1194.0	4818.0	76.0	43.0	7963.0	86.0	56.0	3670.0	1184.0	63.0	504.0	34.0	70.0	6.0
3	9	4	-281.841672431084	1.0	0.4993034271384787	80233.0	4818.0	1194.0	76.0	43.0	7963.0	3670.0	504.0	86.0	1184.0	34.0	56.0	63.0	70.0	6.0
4	3	9	0.7863885949528	0.21581986877340453	0.9972253052164262	80233.0	1194.0	7963.0	86.0	56.0	4818.0	76.0	43.0	3670.0	1184.0	63.0	504.0	70.0	34.0	6.0
3	5	6	1.4018637062895518	0.08047802929375658	0.9748603351955307	79866.0	2641.0	3610.0	203.0	44.0	8758.0	176.0	140.0	1223.0	2736.0	90.0	277.0	60.0	170.0	6.0
3	6	5	-52.95929557093859	1.0	0.5065312046444121	79866.0	3610.0	2641.0	203.0	44.0	8758.0	1223.0	277.0	176.0	2736.0	60.0	140.0	90.0	170.0	6.0
5	3	6	-1.3657124932333742	0.9139853285419881	1.027190332326284	79866.0	2641.0	8758.0	176.0	140.0	3610.0	203.0	44.0	1223.0	2736.0	90.0	277.0	170.0	60.0	6.0
3	5	7	0.810895072612653	0.20871290761589123	0.9867986798679867	79959.0	2548.0	3594.0	205.0	58.0	8728.0	189.0	157.0	1385.0	2582.0	82.0	280.0	60.0	165.0	8.0
3	7	5	-59.803511605183054	1.0	0.5033670033670035	79959.0	3594.0	2548.0	205.0	58.0	8728.0	1385.0	280.0	189.0	2582.0	60.0	157.0	82.0	165.0	8.0
5	3	7	-0.8000469779957614	0.7881582702724796	1.013745704467354	79959.0	2548.0	8728.0	189.0	157.0	3594.0	205.0	58.0	1385.0	2582.0	82.0	280.0	165.0	60.0	8.0
3	5	8	1.2755036577868255	0.10106558387295395	0.9796251018744906	79943.0	2564.0	3595.0	208.0	54.0	8739.0	183.0	152.0	1385.0	2584.0	80.0	282.0	59.0	164.0	8.0
3	8	5	-60.050712208603706	1.0	0.5052543085329971	79943.0	3595.0	2564.0	208.0	54.0	8739.0	1385.0	282.0	183.0	2584.0	59.0	152.0	80.0	164.0	8.0
5	3	8	-1.248974879546667	0.8941628005312929	1.0217013888888888	79943.0	2564.0	8739.0	183.0	152.0	3595.0	208.0	54.0	1385.0	2584.0	80.0	282.0	164.0	59.0	8.0
3	5	9	0.8674699576471909	0.1928422419144188	0.9956027849028949	81320.0	1187.0	3731.0	102.0	24.0	8927.0	90.0	57.0	2807.0	1189.0	53.0	403.0	25.0	78.0	7.0
3	9	5	-195.5421862863041	1.0	0.50110660272962	81320.0	3731.0	1187.0	102.0	24.0	8927.0	2807.0	403.0	90.0	1189.0	25.0	57.0	53.0	78.0	7.0
5	3	9	-0.863638658607159	0.8061068318771091	1.0044559970293354	81320.0	1187.0	8927.0	90.0	57.0	3731.0	102.0	24.0	2807.0	1189.0	53.0	403.0	78.0	25.0	7.0
3	6	7	0.573292959552141	0.2832231382834891	0.9271523178807947	80920.0	2556.0	2633.0	203.0	52.0	9895.0	192.0	171.0	332.0	2587.0	53.0	166.0	52.0	188.0	0.0
3	7	6	-6.723162889293285	0.9999999999910592	0.520446096654275	80920.0	2633.0	2556.0	203.0	52.0	9895.0	332.0	166.0	192.0	2587.0	52.0	171.0	53.0	188.0	0.0
6	3	7	-0.528248512730187	0.7013365851936904	1.0932203389830508	80920.0	2556.0	9895.0	192.0	171.0	2633.0	203.0	52.0	332.0	2587.0	53.0	166.0	188.0	52.0	0.0
3	6	8	0.9583783845135364	0.1689359889542077	0.8922155688622755	80903.0	2573.0	2635.0	204.0	49.0	9905.0	186.0	167.0	335.0	2588.0	49.0	166.0	52.0	188.0	0.0
3	8	6	-6.974864909515179	0.9999999999984593	0.5321428571428571	80903.0	2635.0	2573.0	204.0	49.0	9905.0	335.0	166.0	186.0	2588.0	52.0	167.0	49.0	188.0	0.0
6	3	8	-0.8426011300085454	0.8002742693715167	1.1592920353982301	80903.0	2573.0	9905.0	186.0	167.0	2635.0	204.0	49.0	335.0	2588.0	49.0	166.0	188.0	52.0	0.0
3	6	9	-0.07469986484039542	0.5297733107631035	1.0006031363088057	82276.0	1200.0	2775.0	89.0	24.0	10100.0	90.0	68.0	1749.0	1189.0	34.0	288.0	25.0	89.0	4.0
3	9	6	-124.00177563505726	1.0	0.4998493522145225	82276.0	2775.0	1200.0	89.0	24.0	10100.0	1749.0	288.0	90.0	1189.0	25.0	68.0	34.0	89.0	4.0
6	3	9	0.07474489188369886	0.4702087761343632	0.9993979530403372	82276.0	1200.0	10100.0	90.0	68.0	2775.0	89.0	24.0	1749.0	1189.0	34.0	288.0	89.0	25.0	4.0
3	7	8	1.2972531733846948	0.09727211322781892	0.0031545741324921135	83281.0	272.0	257.0	2543.0	11.0	10365.0	15.0	13.0	23.0	2807.0	1.0	18.0	4.0	390.0	0.0
3	8	7	-99999.9	1.0	-0.0031847133757961785	83281.0	257.0	272.0	2543.0	11.0	10365.0	23.0	18.0	15.0	2807.0	4.0	13.0	1.0	390.0	0.0
7	3	8	-408.63474961618016	1.0	0.49920760697305866	83281.0	272.0	10365.0	15.0	13.0	257.0	2543.0	11.0	23.0	2807.0	1.0	18.0	390.0	4.0	0.0
3	7	9	-0.22147826574692434	0.587639931389906	1.001990710019907	82353.0	1200.0	2698.0	90.0	23.0	10234.0	93.0	66.0	1603.0	1193.0	35.0	300.0	18.0	89.0	5.0
3	9	7	-111.69887202503195	1.0	0.49950380416804496	82353.0	2698.0	1200.0	90.0	23.0	10234.0	1603.0	300.0	93.0	1193.0	18.0	66.0	35.0	89.0	5.0
7	3	9	0.22191828879145467	0.4121887865141046	0.9980211081794196	82353.0	1200.0	10234.0	93.0	66.0	2698.0	90.0	23.0	1603.0	1193.0	35.0	300.0	89.0	18.0	5.0
3	8	9	-0.3729562278717528	0.6454094296430231	1.0033400133600534	82334.0	1204.0	2717.0	87.0	22.0	10248.0	92.0	66.0	1594.0	1197.0	35.0	295.0	15.0	89.0	5.0
3	9	8	-112.40900708054632	1.0	0.4991691591890994	82334.0	2717.0	1204.0	87.0	22.0	10248.0	1594.0	295.0	92.0	1197.0	15.0	66.0	35.0	89.0	5.0
8	3	9	0.37419775992192517	0.35412865401500504	0.9966931216931217	82334.0	1204.0	10248.0	92.0	66.0	2717.0	87.0	22.0	1594.0	1197.0	35.0	295.0	89.0	15.0	5.0
4	5	6	0.9207226293548864	0.1785976079028989	0.9849624060150376	82889.0	2714.0	3723.0	161.0	45.0	5735.0	145.0	98.0	1193.0	2847.0	87.0	194.0	64.0	101.0	4.0
4	6	5	-59.38660959339019	1.0	0.5038461538461538	82889.0	3723.0	2714.0	161.0	45.0	5735.0	1193.0	194.0	145.0	2847.0	64.0	98.0	87.0	101.0	4.0
5	4	6	-0.9066657953189341	0.8177082484112039	1.015748031496063	82889.0	2714.0	5735.0	145.0	98.0	3723.0	161.0	45.0	1193.0	2847.0	87.0	194.0	101.0	64.0	4.0
4	5	7	1.4481770709291941	0.07378381138015033	0.9798549556809025	82967.0	2636.0	3702.0	164.0	63.0	5720.0	139.0	119.0	1355.0	2691.0	81.0	202.0	62.0	97.0	2.0
4	7	5	-68.99115565906682	1.0	0.5051931865392605	82967.0	3702.0	2636.0	164.0	63.0	5720.0	1355.0	202.0	139.0	2691.0	62.0	119.0	81.0	97.0	2.0
5	4	7	-1.4184036936485775	0.921963480386256	1.0214408233276158	82967.0	2636.0	5720.0	139.0	119.0	3702.0	164.0	63.0	1355.0	2691.0	81.0	202.0	97.0	62.0	2.0
4	5	8	1.331643801524497	0.09148869740672083	0.9813614262560778	82958.0	2645.0	3707.0	163.0	59.0	5724.0	140.0	114.0	1351.0	2697.0	79.0	204.0	62.0	96.0	1.0
4	8	5	-68.78229722656958	1.0	0.5047936640266778	82958.0	3707.0	2645.0	163.0	59.0	5724.0	1351.0	204.0	140.0	2697.0	62.0	114.0	79.0	96.0	1.0
5	4	8	-1.3063524659051216	0.9042835711881573	1.0197424892703864	82958.0	2645.0	5724.0	140.0	114.0	3707.0	163.0	59.0	1351.0	2697.0	79.0	204.0	96.0	62.0	1.0
4	5	9	1.6267006567859228	0.05190033611120981	0.9931728350700683	84376.0	1227.0	3820.0	78.0	31.0	5871.0	59.0	48.0	2823.0	1250.0	54.0	298.0	21.0	41.0	3.0
4	9	5	-235.01543699354522	1.0	0.5017244508985298	84376.0	3820.0	1227.0	78.0	31.0	5871.0	2823.0	298.0	59.0	1250.0	21.0	48.0	54.0	41.0	3.0
5	4	9	-1.6155185610988994	0.9469007830590737	1.0069699192956714	84376.0	1227.0	5871.0	59.0	48.0	3820.0	78.0	31.0	2823.0	1250.0	54.0	298.0	41.0	21.0	3.0
4	6	7	1.291684748961853	0.09823323882425816	0.8894736842105263	83965.0	2647.0	2704.0	156.0	60.0	6850.0	135.0	137.0	304.0	2706.0	46.0	123.0	51.0	116.0	0.0
4	7	6	-9.10330204030259	1.0	0.5331230283911671	83965.0	2704.0	2647.0	156.0	60.0	6850.0	304.0	123.0	135.0	2706.0	51.0	137.0	46.0	116.0	0.0
6	4	7	-1.131179543469552	0.8710101824860398	1.1653543307086613	83965.0	2647.0	6850.0	135.0	137.0	2704.0	156.0	60.0	304.0	2706.0	46.0	123.0	116.0	51.0	0.0
4	6	8	1.035620646420938	0.15018960125891545	0.907103825136612	83957.0	2655.0	2708.0	155.0	57.0	6851.0	138.0	133.0	304.0	2710.0	42.0	124.0	51.0	115.0	0.0
4	8	6	-9.076910371571765	1.0	0.526984126984127	83957.0	2708.0	2655.0	155.0	57.0	6851.0	304.0	124.0	138.0	2710.0	51.0	133.0	42.0	115.0	0.0
6	4	8	-0.9295631103416856	0.8237013504274329	1.1287878787878787	83957.0	2655.0	6851.0	138.0	133.0	2708.0	155.0	57.0	304.0	2710.0	42.0	124.0	115.0	51.0	0.0
4	6	9	0.9706899606976102	0.16585134471930985	0.9936231884057971	85370.0	1242.0	2826.0	70.0	24.0	7006.0	59.0	57.0	1773.0	1247.0	36.0	213.0	24.0	50.0	3.0
4	9	6	-150.28045482436633	1.0	0.5016095990635061	85370.0	2826.0	1242.0	70.0	24.0	7006.0	1773.0	213.0	59.0	1247.0	24.0	57.0	36.0	50.0	3.0
6	4	9	-0.9644603285111026	0.8325924097074627	1.006501182033097	85370.0	1242.0	7006.0	59.0	57.0	2826.0	70.0	24.0	1773.0	1247.0	36.0	213.0	50.0	24.0	3.0
4	7	8	-99999.9	1.0	-0.0015594541910331384	86396.0	273.0	269.0	2585.0	9.0	7250.0	16.0	11.0	12.0	2878.0	2.0	17.0	5.0	277.0	0.0
4	8	7	0.755001797746455	0.22512388436997166	0.0015521924718665116	86396.0	269.0	273.0	2585.0	9.0	7250.0	12.0	17.0	16.0	2878.0	5.0	11.0	2.0	277.0	0.0
7	4	8	-484.8999046026595	1.0	0.500388953714508	86396.0	273.0	7250.0	16.0	11.0	269.0	2585.0	9.0	12.0	2878.0	2.0	17.0	277.0	5.0	0.0
4	7	9	0.8791194584947217	0.18966821733817685	0.9935567010309279	85427.0	1242.0	2769.0	70.0	24.0	7160.0	60.0	57.0	1602.0	1253.0	37.0	230.0	17.0	49.0	3.0
4	9	7	-134.68110104139157	1.0	0.5016265452179571	85427.0	2769.0	1242.0	70.0	24.0	7160.0	1602.0	230.0	60.0	1253.0	17.0	57.0	37.0	49.0	3.0
7	4	9	-0.873418294691254	0.8087824773812142	1.0065703022339028	85427.0	1242.0	7160.0	60.0	57.0	2769.0	70.0	24.0	1602.0	1253.0	37.0	230.0	49.0	17.0	3.0
4	8	9	0.8066626087440436	0.2099303875243017	0.9942122186495177	85419.0	1246.0	2777.0	67.0	23.0	7163.0	58.0	58.0	1604.0	1258.0	37.0	225.0	14.0	48.0	3.0
4	9	8	-137.76004773773263	1.0	0.5014596172559196	85419.0	2777.0	1246.0	67.0	23.0	7163.0	1604.0	225.0	58.0	1258.0	14.0	58.0	37.0	48.0	3.0
8	4	9	-0.8019666427164263	0.7887139324516378	1.005890052356021	85419.0	1246.0	7163.0	58.0	58.0	2777.0	67.0	23.0	1604.0	1258.0	37.0	225.0	48.0	14.0	3.0
5	6	7	-0.4309378097364992	0.6667431696278718	1.0482758620689656	85911.0	2713.0	2776.0	122.0	59.0	4904.0	129.0	77.0	281.0	2778.0	50.0	74.0	45.0	78.0	3.0
5	7	6	-9.788444535443313	1.0	0.4887459807073955	85911.0	2776.0	2713.0	122.0	59.0	4904.0	281.0	74.0	129.0	2778.0	45.0	77.0	50.0	78.0	3.0
6	5	7	0.45078362992173276	0.32607277540692525	0.9578313253012049	85911.0	2713.0	4904.0	129.0	77.0	2776.0	122.0	59.0	281.0	2778.0	50.0	74.0	78.0	45.0	3.0
5	6	8	-0.49366792966581946	0.6892296390831414	1.0551724137931036	85902.0	2722.0	2780.0	120.0	57.0	4906.0	128.0	76.0	281.0	2783.0	45.0	75.0	45.0	77.0	3.0
5	8	6	-9.93506708452459	1.0	0.48726114649681534	85902.0	2780.0	2722.0	120.0	57.0	4906.0	281.0	75.0	128.0	2783.0	45.0	76.0	45.0	77.0	3.0
6	5	8	0.5194806318705683	0.301712796117668	0.9526627218934911	85902.0	2722.0	4906.0	128.0	76.0	2780.0	120.0	57.0	281.0	2783.0	45.0	75.0	77.0	45.0	3.0
5	6	9	-0.9094027814649296	0.818431248603782	1.0058343057176196	87369.0	1255.0	2878.0	55.0	24.0	5007.0	65.0	38.0	1789.0	1282.0	38.0	145.0	22.0	30.0	3.0
5	9	6	-157.690442306019	1.0	0.4985540775014459	87369.0	2878.0	1255.0	55.0	24.0	5007.0	1789.0	145.0	65.0	1282.0	22.0	38.0	38.0	30.0	3.0
6	5	9	0.9146777395940765	0.18018039327225466	0.9942660550458715	87369.0	1255.0	5007.0	65.0	38.0	2878.0	55.0	24.0	1789.0	1282.0	38.0	145.0	30.0	22.0	3.0
5	7	8	0.21275694507540593	0.41575830781045364	0.0	88405.0	282.0	277.0	2608.0	9.0	5241.0	11.0	7.0	11.0	2940.0	1.0	10.0	5.0	192.0	1.0
5	8	7	0.21275694507540593	0.41575830781045364	0.0	88405.0	277.0	282.0	2608.0	9.0	5241.0	11.0	10.0	11.0	2940.0	5.0	7.0	1.0	192.0	1.0
7	5	8	-552.4281653102504	1.0	0.5	88405.0	282.0	5241.0	11.0	7.0	277.0	2608.0	9.0	11.0	2940.0	1.0	10.0	192.0	5.0	1.0
5	7	9	-0.9167394305309391	0.8203604235521105	1.0064432989690721	87429.0	1258.0	2818.0	54.0	22.0	5158.0	64.0	37.0	1626.0	1287.0	39.0	157.0	18.0	31.0	2.0
5	9	7	-144.1114384794632	1.0	0.49840459476707083	87429.0	2818.0	1258.0	54.0	22.0	5158.0	1626.0	157.0	64.0	1287.0	18.0	37.0	39.0	31.0	2.0
7	5	9	0.9226084409696774	0.17810562702445987	0.9936788874841972	87429.0	1258.0	5158.0	64.0	37.0	2818.0	54.0	22.0	1626.0	1287.0	39.0	157.0	31.0	18.0	2.0
5	8	9	-1.1085329749939874	0.8661841002176013	1.0077369439071566	87421.0	1261.0	2826.0	52.0	21.0	5161.0	64.0	37.0	1627.0	1290.0	39.0	153.0	15.0	31.0	2.0
5	9	8	-145.49495296796104	1.0	0.4980879541108987	87421.0	2826.0	1261.0	52.0	21.0	5161.0	1627.0	153.0	64.0	1290.0	15.0	37.0	39.0	31.0	2.0
8	5	9	1.1170437847828087	0.1319878511964987	0.9924385633270322	87421.0	1261.0	5161.0	64.0	37.0	2826.0	52.0	21.0	1627.0	1290.0	39.0	153.0	31.0	15.0	2.0
6	7	8	0.4985877005242588	0.3090349351437751	0.0007627765064836002	90526.0	289.0	282.0	2627.0	10.0	3120.0	7.0	4.0	9.0	2968.0	1.0	7.0	5.0	145.0	0.0
6	8	7	-99999.9	1.0	-0.0007645259938837921	90526.0	282.0	289.0	2627.0	10.0	3120.0	9.0	7.0	7.0	2968.0	5.0	4.0	1.0	145.0	0.0
7	6	8	-652.651299986266	1.0	0.4998090874379534	90526.0	289.0	3120.0	7.0	4.0	282.0	2627.0	10.0	9.0	2968.0	1.0	7.0	145.0	5.0	0.0
6	7	9	0.0	0.49999999949999996	nan	89527.0	1288.0	2849.0	46.0	24.0	3060.0	46.0	25.0	1639.0	1302.0	37.0	113.0	19.0	24.0	1.0
6	9	7	-165.99154250265377	1.0	0.5	89527.0	2849.0	1288.0	46.0	24.0	3060.0	1639.0	113.0	46.0	1302.0	19.0	25.0	37.0	24.0	1.0
7	6	9	0.0	0.49999999949999996	nan	89527.0	1288.0	3060.0	46.0	25.0	2849.0	46.0	24.0	1639.0	1302.0	37.0	113.0	24.0	19.0	1.0
6	8	9	-0.21293972783903892	0.5843129786115373	1.0012578616352201	89516.0	1292.0	2860.0	43.0	23.0	3066.0	45.0	25.0	1637.0	1306.0	37.0	109.0	16.0	24.0	1.0
6	9	8	-169.71296308771412	1.0	0.49968612680477087	89516.0	2860.0	1292.0	43.0	23.0	3066.0	1637.0	109.0	45.0	1306.0	16.0	25.0	37.0	24.0	1.0
8	6	9	0.21320724005994224	0.4155826949498912	0.9987468671679198	89516.0	1292.0	3066.0	45.0	25.0	2860.0	43.0	23.0	1637.0	1306.0	37.0	109.0	24.0	16.0	1.0
7	8	9	-0.7024837604789912	0.7588113062018066	1.000466309162975	92290.0	1356.0	297.0	3.0	0.0	292.0	5.0	1.0	4296.0	1367.0	77.0	13.0	0.0	3.0	0.0
7	9	8	-1507.8813918682572	1.0	0.49988350419384897	92290.0	297.0	1356.0	3.0	0.0	292.0	4296.0	13.0	5.0	1367.0	0.0	1.0	77.0	3.0	0.0
8	7	9	0.7028111824134955	0.24108664465047902	0.9995343422584401	92290.0	1356.0	292.0	5.0	1.0	297.0	3.0	0.0	4296.0	1367.0	77.0	13.0	3.0	0.0	0.0
