P1	Hybrid	P2	Zscore	Pvalue	Gamma	AAAA	AAAB	AABA	AABB	AABC	ABAA	ABAB	ABAC	ABBA	BAAA	ABBC	CABC	BACA	BCAA	ABCD
1	2	3	1.4252196044129855	0.07704691470187852	0.8926701570680629	73987.0	4869.0	5254.0	478.0	193.0	7855.0	437.0	269.0	778.0	4878.0	177.0	328.0	219.0	262.0	16.0
1	3	2	-10.428436129851118	1.0	0.53198127925117	73987.0	5254.0	4869.0	478.0	193.0	7855.0	778.0	328.0	437.0	4878.0	219.0	269.0	177.0	262.0	16.0
2	1	3	-1.2538588895128904	0.8950532814252132	1.1583011583011582	73987.0	4869.0	7855.0	437.0	269.0	5254.0	478.0	193.0	778.0	4878.0	177.0	328.0	262.0	219.0	16.0
1	2	4	1.6033406140451762	0.05442973578583876	0.969525159461375	74742.0	4114.0	5377.0	391.0	157.0	8000.0	348.0	213.0	1716.0	3935.0	182.0	408.0	193.0	213.0	11.0
1	4	2	-49.405263107206	1.0	0.5079836613442258	74742.0	5377.0	4114.0	391.0	157.0	8000.0	1716.0	408.0	348.0	3935.0	193.0	213.0	182.0	213.0	11.0
2	1	4	-1.5529432117031128	0.9397816349315303	1.033541341653666	74742.0	4114.0	8000.0	348.0	213.0	5377.0	391.0	157.0	1716.0	3935.0	182.0	408.0	213.0	193.0	11.0
1	2	5	0.8853596649806629	0.1879813051674033	0.9870641169853769	75329.0	3527.0	5445.0	353.0	127.0	8018.0	330.0	213.0	2085.0	3591.0	157.0	442.0	170.0	201.0	12.0
1	5	2	-66.6714321628916	1.0	0.5032979638657872	75329.0	5445.0	3527.0	353.0	127.0	8018.0	2085.0	442.0	330.0	3591.0	170.0	213.0	157.0	201.0	12.0
2	1	5	-0.8737566608242211	0.8088746452151103	1.013458162668227	75329.0	3527.0	8018.0	330.0	213.0	5445.0	353.0	127.0	2085.0	3591.0	157.0	442.0	201.0	170.0	12.0
1	2	6	0.7541582830569133	0.225377024421749	0.9937683284457478	76132.0	2724.0	5562.0	264.0	99.0	8152.0	247.0	162.0	2958.0	2736.0	139.0	536.0	128.0	152.0	9.0
1	6	2	-119.51190673854855	1.0	0.501572617946346	76132.0	5562.0	2724.0	264.0	99.0	8152.0	2958.0	536.0	247.0	2736.0	128.0	162.0	139.0	152.0	9.0
2	1	6	-0.749429145907534	0.7732007732493946	1.0063503922301082	76132.0	2724.0	8152.0	247.0	162.0	5562.0	264.0	99.0	2958.0	2736.0	139.0	536.0	152.0	128.0	9.0
1	2	7	0.442678592128965	0.32899914377043904	0.9963356540857456	76081.0	2775.0	5566.0	261.0	98.0	8163.0	251.0	147.0	2970.0	2712.0	151.0	541.0	129.0	145.0	10.0
1	7	2	-119.92163060773683	1.0	0.5009211495946941	76081.0	5566.0	2775.0	261.0	98.0	8163.0	2970.0	541.0	251.0	2712.0	129.0	147.0	151.0	145.0	10.0
2	1	7	-0.44105049874121594	0.6704117505655784	1.0037050759540571	76081.0	2775.0	8163.0	251.0	147.0	5566.0	261.0	98.0	2970.0	2712.0	151.0	541.0	145.0	129.0	10.0
1	2	8	1.2649715479211265	0.10294083245108032	0.9905277401894452	76283.0	2573.0	5564.0	261.0	100.0	8189.0	233.0	139.0	3161.0	2512.0	160.0	567.0	117.0	135.0	6.0
1	8	2	-131.01491032040232	1.0	0.5024021962937544	76283.0	5564.0	2573.0	261.0	100.0	8189.0	3161.0	567.0	233.0	2512.0	117.0	139.0	160.0	135.0	6.0
2	1	8	-1.2528748254683288	0.8948742989135308	1.00974930362117	76283.0	2573.0	8189.0	233.0	139.0	5564.0	261.0	100.0	3161.0	2512.0	160.0	567.0	135.0	117.0	6.0
1	2	9	0.4926410079069341	0.31113313610286963	0.9994712724709199	78696.0	160.0	5901.0	20.0	4.0	8539.0	17.0	5.0	5688.0	136.0	9.0	818.0	4.0	3.0	0.0
1	9	2	-930.763077605495	1.0	0.5001322867977775	78696.0	5901.0	160.0	20.0	4.0	8539.0	5688.0	818.0	17.0	136.0	4.0	5.0	9.0	3.0	0.0
2	1	9	-0.49238039725207233	0.6887747701409386	1.0005295675198589	78696.0	160.0	8539.0	17.0	5.0	5901.0	20.0	4.0	5688.0	136.0	9.0	818.0	3.0	4.0	0.0
1	3	4	0.5172910596911584	0.3024764864065814	0.9864995178399228	75098.0	4143.0	5021.0	378.0	141.0	8388.0	364.0	209.0	1387.0	3977.0	170.0	349.0	135.0	222.0	18.0
1	4	3	-37.28190565916993	1.0	0.5034448818897638	75098.0	5021.0	4143.0	378.0	141.0	8388.0	1387.0	349.0	364.0	3977.0	135.0	209.0	170.0	222.0	18.0
3	1	4	-0.5102118076523742	0.6950484664945016	1.014070351758794	75098.0	4143.0	8388.0	364.0	209.0	5021.0	378.0	141.0	1387.0	3977.0	170.0	349.0	222.0	135.0	18.0
1	3	5	0.38252946869494747	0.35103439349280974	0.992952783650458	75707.0	3534.0	5067.0	349.0	124.0	8407.0	339.0	215.0	1748.0	3638.0	148.0	390.0	114.0	204.0	16.0
1	5	3	-53.51587267042327	1.0	0.5017806267806267	75707.0	5067.0	3534.0	349.0	124.0	8407.0	1748.0	390.0	339.0	3638.0	114.0	215.0	148.0	204.0	16.0
3	1	5	-0.3798145682783758	0.6479584093707628	1.0071994240460762	75707.0	3534.0	8407.0	339.0	215.0	5067.0	349.0	124.0	1748.0	3638.0	148.0	390.0	204.0	114.0	16.0
1	3	6	0.3473754803390309	0.3641546915102074	0.9966541196152238	76504.0	2737.0	5190.0	270.0	80.0	8535.0	262.0	164.0	2645.0	2755.0	134.0	466.0	94.0	153.0	11.0
1	6	3	-103.12709572564945	1.0	0.5008406893652795	76504.0	5190.0	2737.0	270.0	80.0	8535.0	2645.0	466.0	262.0	2755.0	94.0	164.0	134.0	153.0	11.0
3	1	6	-0.346209301638774	0.635407221695331	1.0033798056611745	76504.0	2737.0	8535.0	262.0	164.0	5190.0	270.0	80.0	2645.0	2755.0	134.0	466.0	153.0	94.0	11.0
1	3	7	-0.25977422221816465	0.6024809729434029	1.0025188916876575	76461.0	2780.0	5186.0	263.0	91.0	8544.0	269.0	148.0	2657.0	2732.0	145.0	473.0	91.0	149.0	11.0
1	7	3	-103.64991466504749	1.0	0.4993726474278544	76461.0	5186.0	2780.0	263.0	91.0	8544.0	2657.0	473.0	269.0	2732.0	91.0	148.0	145.0	149.0	11.0
3	1	7	0.26042692126896405	0.39726729871669264	0.9975	76461.0	2780.0	8544.0	269.0	148.0	5186.0	263.0	91.0	2657.0	2732.0	145.0	473.0	149.0	91.0	11.0
1	3	8	0.13490264453507256	0.4463443938520799	0.9988553987027852	76656.0	2585.0	5191.0	249.0	100.0	8565.0	246.0	150.0	2864.0	2532.0	138.0	488.0	84.0	144.0	8.0
1	8	3	-117.59013848640451	1.0	0.5002866424613032	76656.0	5191.0	2585.0	249.0	100.0	8565.0	2864.0	488.0	246.0	2532.0	84.0	150.0	138.0	144.0	8.0
3	1	8	-0.1347480578530232	0.5535944931031784	1.0011485451761102	76656.0	2585.0	8565.0	246.0	150.0	5191.0	249.0	100.0	2864.0	2532.0	138.0	488.0	144.0	84.0	8.0
1	3	9	0.5562511832589367	0.2890195470318966	0.9994420680676958	79079.0	162.0	5518.0	16.0	6.0	8944.0	13.0	4.0	5387.0	140.0	7.0	714.0	4.0	5.0	1.0
1	9	3	-995.8750350945745	1.0	0.5001395998138669	79079.0	5518.0	162.0	16.0	6.0	8944.0	5387.0	714.0	13.0	140.0	4.0	4.0	7.0	5.0	1.0
3	1	9	-0.5559406597104111	0.7108743190982959	1.000558867362146	79079.0	162.0	8944.0	13.0	4.0	5518.0	16.0	6.0	5387.0	140.0	7.0	714.0	5.0	4.0	1.0
1	4	5	0.6993861479107263	0.242155302226139	0.9545454545454546	76574.0	3545.0	4200.0	355.0	107.0	9552.0	337.0	235.0	715.0	3648.0	113.0	278.0	106.0	228.0	7.0
1	5	4	-13.987722958214519	1.0	0.5121951219512195	76574.0	4200.0	3545.0	355.0	107.0	9552.0	715.0	278.0	337.0	3648.0	106.0	235.0	113.0	228.0	7.0
4	1	5	-0.6660820456292631	0.7473207353307183	1.0526315789473684	76574.0	3545.0	9552.0	337.0	235.0	4200.0	355.0	107.0	715.0	3648.0	113.0	278.0	228.0	106.0	7.0
1	4	6	0.5666834554526117	0.28546459699587146	0.9904270986745214	77390.0	2729.0	4304.0	272.0	86.0	9678.0	259.0	187.0	1604.0	2773.0	99.0	364.0	79.0	168.0	8.0
1	6	4	-58.063258666375134	1.0	0.5024280911468062	77390.0	4304.0	2729.0	272.0	86.0	9678.0	1604.0	364.0	259.0	2773.0	79.0	187.0	99.0	168.0	8.0
4	1	6	-0.5612062175932184	0.7126715497805511	1.0098559514783927	77390.0	2729.0	9678.0	259.0	187.0	4304.0	272.0	86.0	1604.0	2773.0	99.0	364.0	168.0	79.0	8.0
1	4	7	0.3062433913428867	0.37970973718113665	0.9948567229977957	77342.0	2777.0	4305.0	266.0	91.0	9702.0	259.0	163.0	1613.0	2751.0	112.0	359.0	82.0	168.0	10.0
1	7	4	-58.92997830555246	1.0	0.5012958163643095	77342.0	4305.0	2777.0	266.0	91.0	9702.0	1613.0	359.0	259.0	2751.0	82.0	163.0	112.0	168.0	10.0
4	1	7	-0.30466015372146854	0.619687431159857	1.0052238805970148	77342.0	2777.0	9702.0	259.0	163.0	4305.0	266.0	91.0	1613.0	2751.0	112.0	359.0	168.0	82.0	10.0
1	4	8	1.1642027996521136	0.122170977367549	0.9838107098381071	77537.0	2582.0	4310.0	266.0	86.0	9720.0	240.0	164.0	1820.0	2547.0	109.0	377.0	75.0	159.0	8.0
1	8	4	-69.58350579459172	1.0	0.5041480536056158	77537.0	4310.0	2582.0	266.0	86.0	9720.0	1820.0	377.0	240.0	2547.0	75.0	164.0	109.0	159.0	8.0
4	1	8	-1.1450450320629013	0.8739046925877925	1.0170157068062826	77537.0	2582.0	9720.0	240.0	164.0	4310.0	266.0	86.0	1820.0	2547.0	109.0	377.0	159.0	75.0	8.0
1	4	9	1.8575677638526868	0.03161514854090508	0.997459584295612	79966.0	153.0	4631.0	23.0	8.0	10105.0	12.0	7.0	4331.0	138.0	7.0	609.0	7.0	3.0	0.0
1	9	4	-727.4910842434065	1.0	0.5006375333256057	79966.0	4631.0	153.0	23.0	8.0	10105.0	4331.0	609.0	12.0	138.0	7.0	7.0	7.0	3.0	0.0
4	1	9	-1.8528367507935575	0.9680471803044115	1.002559925529439	79966.0	153.0	10105.0	12.0	7.0	4631.0	23.0	8.0	4331.0	138.0	7.0	609.0	3.0	7.0	0.0
1	5	6	0.8333965981637678	0.20231049480286567	0.9809619238476954	78028.0	2746.0	3666.0	274.0	67.0	10097.0	255.0	193.0	1234.0	2784.0	73.0	315.0	72.0	188.0	8.0
1	6	5	-42.108459696695625	1.0	0.5048994326972667	78028.0	3666.0	2746.0	274.0	67.0	10097.0	1234.0	315.0	255.0	2784.0	72.0	193.0	73.0	188.0	8.0
5	1	6	-0.8172224047366875	0.7930993853984776	1.0201912858661	78028.0	2746.0	10097.0	255.0	193.0	3666.0	274.0	67.0	1234.0	2784.0	73.0	315.0	188.0	72.0	8.0
1	5	7	1.353409086513787	0.08796255063085012	0.9696078431372548	77984.0	2790.0	3663.0	285.0	59.0	10115.0	254.0	176.0	1243.0	2764.0	84.0	316.0	74.0	184.0	9.0
1	7	5	-41.824706609038984	1.0	0.5079609655880841	77984.0	3663.0	2790.0	285.0	59.0	10115.0	1243.0	316.0	254.0	2764.0	74.0	176.0	84.0	184.0	9.0
5	1	7	-1.3109867592317574	0.9050688143639897	1.0334412081984898	77984.0	2790.0	10115.0	254.0	176.0	3663.0	285.0	59.0	1243.0	2764.0	84.0	316.0	184.0	74.0	9.0
1	5	8	0.9102249812572402	0.18135191073774792	0.983753046303818	78158.0	2616.0	3689.0	255.0	63.0	10145.0	235.0	165.0	1446.0	2556.0	89.0	326.0	71.0	171.0	15.0
1	8	5	-54.20389763386862	1.0	0.5041631973355537	78158.0	3689.0	2616.0	255.0	63.0	10145.0	1446.0	326.0	235.0	2556.0	71.0	165.0	89.0	171.0	15.0
5	1	8	-0.895192363895436	0.8146578979918918	1.0170794192997439	78158.0	2616.0	10145.0	235.0	165.0	3689.0	255.0	63.0	1446.0	2556.0	89.0	326.0	171.0	71.0	15.0
1	5	9	1.6652974591864473	0.04792669277631778	0.9974632166412988	80617.0	157.0	3980.0	23.0	4.0	10525.0	13.0	7.0	3945.0	141.0	5.0	575.0	3.0	5.0	0.0
1	9	5	-653.1296634929334	1.0	0.5006366182836771	80617.0	3980.0	157.0	23.0	4.0	10525.0	3945.0	575.0	13.0	141.0	3.0	7.0	5.0	5.0	0.0
5	1	9	-1.6610622164113036	0.9516495426721723	1.002556237218814	80617.0	157.0	10525.0	13.0	7.0	3980.0	23.0	4.0	3945.0	141.0	5.0	575.0	5.0	3.0	0.0
1	6	7	0.6268023118214707	0.2653943573829709	0.004923413566739606	80511.0	1183.0	1136.0	1918.0	33.0	11469.0	99.0	78.0	108.0	2974.0	29.0	97.0	19.0	345.0	1.0
1	7	6	-99999.9	1.0	-0.004997223764575236	80511.0	1136.0	1183.0	1918.0	33.0	11469.0	108.0	97.0	99.0	2974.0	19.0	78.0	29.0	345.0	1.0
6	1	7	-126.0569093774294	1.0	0.4987599889776798	80511.0	1183.0	11469.0	99.0	78.0	1136.0	1918.0	33.0	108.0	2974.0	29.0	97.0	345.0	19.0	1.0
1	6	8	3.4097868485610427	0.00032511921651390274	0.7687296416938111	79082.0	2612.0	2765.0	287.0	35.0	11241.0	216.0	189.0	452.0	2601.0	58.0	224.0	45.0	188.0	5.0
1	8	6	-7.924152535388337	0.9999999999999989	0.5885286783042394	79082.0	2765.0	2612.0	287.0	35.0	11241.0	452.0	224.0	216.0	2601.0	45.0	189.0	58.0	188.0	5.0
6	1	8	-2.3839611441210677	0.9914363049318444	1.7553191489361701	79082.0	2612.0	11241.0	216.0	189.0	2765.0	287.0	35.0	452.0	2601.0	58.0	224.0	188.0	45.0	5.0
1	6	9	2.0805242525479217	0.018738672319376093	0.9956155143338955	81541.0	153.0	3056.0	26.0	5.0	11626.0	13.0	7.0	2965.0	142.0	4.0	454.0	2.0	5.0	1.0
1	9	6	-470.35852140294935	1.0	0.5011033780342896	81541.0	3056.0	153.0	26.0	5.0	11626.0	2965.0	454.0	13.0	142.0	2.0	7.0	4.0	5.0	1.0
6	1	9	-2.071362052248761	0.9808375780617287	1.0044429254955571	81541.0	153.0	11626.0	13.0	7.0	3056.0	26.0	5.0	2965.0	142.0	4.0	454.0	5.0	2.0	1.0
1	7	8	2.7747251691322785	0.0027624767620210156	0.7950530035335689	79044.0	2603.0	2803.0	283.0	48.0	11259.0	225.0	190.0	450.0	2584.0	58.0	208.0	53.0	186.0	6.0
1	8	7	-7.989294883536046	0.9999999999999993	0.5739795918367347	79044.0	2803.0	2603.0	283.0	48.0	11259.0	450.0	208.0	225.0	2584.0	53.0	190.0	58.0	186.0	6.0
7	1	8	-2.059462681089291	0.9802750979675048	1.5321100917431192	79044.0	2603.0	11259.0	225.0	190.0	2803.0	283.0	48.0	450.0	2584.0	58.0	208.0	186.0	53.0	6.0
1	7	9	1.94556252461922	0.025853587519932608	0.9959266802443992	81495.0	152.0	3102.0	25.0	7.0	11654.0	13.0	7.0	2947.0	141.0	4.0	444.0	3.0	5.0	1.0
1	9	7	-473.7444747447802	1.0	0.5010245901639344	81495.0	3102.0	152.0	25.0	7.0	11654.0	2947.0	444.0	13.0	141.0	3.0	7.0	4.0	5.0	1.0
7	1	9	-1.9376052136800823	0.9736643653566863	1.0041237113402062	81495.0	152.0	11654.0	13.0	7.0	3102.0	25.0	7.0	2947.0	141.0	4.0	444.0	5.0	3.0	1.0
1	8	9	1.478857324126494	0.06958926122738784	0.9966814159292036	81692.0	155.0	2905.0	23.0	6.0	11896.0	14.0	7.0	2717.0	140.0	5.0	432.0	3.0	5.0	0.0
1	9	8	-442.6712923551949	1.0	0.5008337965536409	81692.0	2905.0	155.0	23.0	6.0	11896.0	2717.0	432.0	14.0	140.0	3.0	7.0	5.0	5.0	0.0
8	1	9	-1.4739332708830093	0.9297501837358325	1.0033519553072625	81692.0	155.0	11896.0	14.0	7.0	2905.0	23.0	6.0	2717.0	140.0	5.0	432.0	5.0	3.0	0.0
2	3	4	-0.9207914475325467	0.8214203607932609	1.0226600985221674	77601.0	4241.0	5141.0	293.0	141.0	5885.0	316.0	159.0	1354.0	4089.0	175.0	262.0	134.0	195.0	14.0
2	4	3	-42.476509818783946	1.0	0.4945212005717008	77601.0	5141.0	4241.0	293.0	141.0	5885.0	1354.0	262.0	316.0	4089.0	134.0	159.0	175.0	195.0	14.0
3	2	4	0.9411943408786437	0.17330262483600078	0.9787822878228782	77601.0	4241.0	5885.0	316.0	159.0	5141.0	293.0	141.0	1354.0	4089.0	175.0	262.0	195.0	134.0	14.0
2	3	5	-0.29583675706439067	0.6163225568458981	1.0048611111111112	78165.0	3677.0	5182.0	275.0	118.0	5949.0	282.0	129.0	1729.0	3739.0	150.0	294.0	124.0	177.0	10.0
2	5	3	-61.449520681660445	1.0	0.4987935194760427	78165.0	5182.0	3677.0	275.0	118.0	5949.0	1729.0	294.0	282.0	3739.0	124.0	129.0	150.0	177.0	10.0
3	2	5	0.2972678954883373	0.3831310630199385	0.9952087611225188	78165.0	3677.0	5949.0	282.0	129.0	5182.0	275.0	118.0	1729.0	3739.0	150.0	294.0	177.0	124.0	10.0
2	3	6	-0.5360357622681728	0.7040331029099618	1.0045624222314393	78992.0	2850.0	5292.0	204.0	79.0	6047.0	215.0	98.0	2637.0	2842.0	139.0	372.0	95.0	132.0	6.0
2	6	3	-118.56136450895147	1.0	0.4988671472708548	78992.0	5292.0	2850.0	204.0	79.0	6047.0	2637.0	372.0	215.0	2842.0	95.0	98.0	139.0	132.0	6.0
3	2	6	0.5384702764650968	0.2951261887212856	0.9954991816693944	78992.0	2850.0	6047.0	215.0	98.0	5292.0	204.0	79.0	2637.0	2842.0	139.0	372.0	132.0	95.0	6.0
2	3	7	-0.7066523700504527	0.7601088014802293	1.0057518488085455	78950.0	2892.0	5294.0	188.0	93.0	6055.0	202.0	103.0	2650.0	2823.0	145.0	372.0	93.0	133.0	7.0
2	7	3	-124.26986679030084	1.0	0.4985743380855397	78950.0	5294.0	2892.0	188.0	93.0	6055.0	2650.0	372.0	202.0	2823.0	93.0	103.0	145.0	133.0	7.0
3	2	7	0.7106936826242707	0.23863696828889247	0.994345718901454	78950.0	2892.0	6055.0	202.0	103.0	5294.0	188.0	93.0	2650.0	2823.0	145.0	372.0	133.0	93.0	7.0
2	3	8	-0.7466906082910533	0.7723748981186033	1.0056925996204933	79182.0	2660.0	5290.0	193.0	92.0	6039.0	208.0	113.0	2858.0	2613.0	147.0	395.0	87.0	119.0	4.0
2	8	3	-132.66203140637694	1.0	0.4985888993414863	79182.0	5290.0	2660.0	193.0	92.0	6039.0	2858.0	395.0	208.0	2613.0	87.0	113.0	147.0	119.0	4.0
3	2	8	0.7509171589040216	0.22635118868984583	0.9944029850746269	79182.0	2660.0	6039.0	208.0	113.0	5290.0	193.0	92.0	2858.0	2613.0	147.0	395.0	119.0	87.0	4.0
2	3	9	0.4701675894625387	0.31911765861483343	0.9996336325334311	81675.0	167.0	5560.0	10.0	5.0	6348.0	8.0	4.0	5465.0	146.0	7.0	594.0	5.0	5.0	1.0
2	9	3	-1282.382100259065	1.0	0.5000916422287389	81675.0	5560.0	167.0	10.0	5.0	6348.0	5465.0	594.0	8.0	146.0	5.0	4.0	7.0	5.0	1.0
3	2	9	-0.4699952722224938	0.6808207875662846	1.000366770584999	81675.0	167.0	6348.0	8.0	4.0	5560.0	10.0	5.0	5465.0	146.0	7.0	594.0	5.0	5.0	1.0
2	4	5	-0.08429748309976762	0.5335901085335675	1.0049627791563276	79055.0	3687.0	4292.0	279.0	104.0	7071.0	281.0	149.0	686.0	3748.0	105.0	215.0	116.0	204.0	8.0
2	5	4	-17.154537810802662	1.0	0.49876847290640397	79055.0	4292.0	3687.0	279.0	104.0	7071.0	686.0	215.0	281.0	3748.0	116.0	149.0	105.0	204.0	8.0
4	2	5	0.08471376696692698	0.46624441032638986	0.9951100244498777	79055.0	3687.0	7071.0	281.0	149.0	4292.0	279.0	104.0	686.0	3748.0	105.0	215.0	204.0	116.0	8.0
2	4	6	-0.38913607631137676	0.6514122026850513	1.005839416058394	79905.0	2837.0	4379.0	206.0	90.0	7163.0	214.0	124.0	1592.0	2854.0	93.0	301.0	84.0	153.0	5.0
2	6	4	-67.41782522094626	1.0	0.49855282199710566	79905.0	4379.0	2837.0	206.0	90.0	7163.0	1592.0	301.0	214.0	2854.0	84.0	124.0	93.0	153.0	5.0
4	2	6	0.391395211732633	0.34775261825532966	0.994261119081779	79905.0	2837.0	7163.0	214.0	124.0	4379.0	206.0	90.0	1592.0	2854.0	93.0	301.0	153.0	84.0	5.0
2	4	7	-0.049789540186756645	0.5198550161116227	1.000712758374911	79872.0	2870.0	4372.0	201.0	102.0	7172.0	202.0	127.0	1606.0	2832.0	101.0	299.0	84.0	152.0	8.0
2	7	4	-69.9543039623929	1.0	0.4998220007119971	79872.0	4372.0	2870.0	201.0	102.0	7172.0	1606.0	299.0	202.0	2832.0	84.0	127.0	101.0	152.0	8.0
4	2	7	0.0498250028222173	0.48013085386787413	0.9992887624466572	79872.0	2870.0	7172.0	202.0	127.0	4372.0	201.0	102.0	1606.0	2832.0	101.0	299.0	152.0	84.0	8.0
2	4	8	0.1446214094888108	0.4425048743175939	0.99813200498132	80101.0	2641.0	4371.0	217.0	87.0	7156.0	214.0	131.0	1817.0	2614.0	108.0	319.0	80.0	141.0	3.0
2	8	4	-77.13141839403224	1.0	0.5004683109584764	80101.0	4371.0	2641.0	217.0	87.0	7156.0	1817.0	319.0	214.0	2614.0	80.0	131.0	108.0	141.0	3.0
4	2	8	-0.14435075182913118	0.5573882703491932	1.0018785222291797	80101.0	2641.0	7156.0	214.0	131.0	4371.0	217.0	87.0	1817.0	2614.0	108.0	319.0	141.0	80.0	3.0
2	4	9	1.7969308635459276	0.0361732463446065	0.9979484841577387	82584.0	158.0	4651.0	17.0	7.0	7487.0	8.0	6.0	4386.0	145.0	8.0	534.0	6.0	2.0	1.0
2	9	4	-872.3101047591426	1.0	0.5005144621012919	82584.0	4651.0	158.0	17.0	7.0	7487.0	4386.0	534.0	8.0	145.0	6.0	6.0	8.0	2.0	1.0
4	2	9	-1.793236853090945	0.9635325212103355	1.0020642201834862	82584.0	158.0	7487.0	8.0	6.0	4651.0	17.0	7.0	4386.0	145.0	8.0	534.0	2.0	6.0	1.0
2	5	6	0.0	0.49999999949999996	nan	80494.0	2853.0	3790.0	212.0	68.0	7631.0	212.0	129.0	1198.0	2871.0	76.0	227.0	69.0	163.0	7.0
2	6	5	-47.87874726839216	1.0	0.5	80494.0	3790.0	2853.0	212.0	68.0	7631.0	1198.0	227.0	212.0	2871.0	69.0	129.0	76.0	163.0	7.0
5	2	6	0.0	0.49999999949999996	nan	80494.0	2853.0	7631.0	212.0	129.0	3790.0	212.0	68.0	1198.0	2871.0	76.0	227.0	163.0	69.0	7.0
2	5	7	1.1945126304187703	0.11613881564946649	0.9768339768339769	80457.0	2890.0	3787.0	218.0	65.0	7642.0	194.0	136.0	1206.0	2854.0	85.0	229.0	70.0	161.0	6.0
2	7	5	-49.17410328557269	1.0	0.506	80457.0	3787.0	2890.0	218.0	65.0	7642.0	1206.0	229.0	194.0	2854.0	70.0	136.0	85.0	161.0	6.0
5	2	7	-1.1661842676420404	0.8782299642815148	1.0248962655601659	80457.0	2890.0	7642.0	194.0	136.0	3787.0	218.0	65.0	1206.0	2854.0	85.0	229.0	161.0	70.0	6.0
2	5	8	-0.1948272791151292	0.577235896219904	1.0033222591362125	80682.0	2665.0	3790.0	208.0	72.0	7621.0	212.0	139.0	1420.0	2631.0	94.0	251.0	65.0	143.0	7.0
2	8	5	-59.032665571884635	1.0	0.4991735537190083	80682.0	3790.0	2665.0	208.0	72.0	7621.0	1420.0	251.0	212.0	2631.0	65.0	139.0	94.0	143.0	7.0
5	2	8	0.19547240255590778	0.4225115916168044	0.9967105263157895	80682.0	2665.0	7621.0	212.0	139.0	3790.0	208.0	72.0	1420.0	2631.0	94.0	251.0	143.0	65.0	7.0
2	5	9	1.3452329582318083	0.08927507160864956	0.9982451742291301	83187.0	160.0	4048.0	17.0	5.0	7955.0	10.0	7.0	3992.0	148.0	5.0	460.0	1.0	4.0	1.0
2	9	5	-763.9001441387708	1.0	0.5004398642704537	83187.0	4048.0	160.0	17.0	5.0	7955.0	3992.0	460.0	10.0	148.0	1.0	7.0	5.0	4.0	1.0
5	2	9	-1.3428681589581715	0.9103426019103684	1.0017641129032258	83187.0	160.0	7955.0	10.0	7.0	4048.0	17.0	5.0	3992.0	148.0	5.0	460.0	4.0	1.0	1.0
2	6	7	2.0165534918366994	0.02187099671359438	0.013412017167381973	83047.0	1237.0	1197.0	1904.0	32.0	8933.0	65.0	58.0	90.0	3033.0	29.0	54.0	20.0	300.0	1.0
2	7	6	-99999.9	1.0	-0.01397428731134712	83047.0	1197.0	1237.0	1904.0	32.0	8933.0	90.0	54.0	65.0	3033.0	20.0	58.0	29.0	300.0	1.0
6	2	7	-146.32112136767094	1.0	0.4965781549411442	83047.0	1237.0	8933.0	65.0	58.0	1197.0	1904.0	32.0	90.0	3033.0	29.0	54.0	300.0	20.0	1.0
2	6	8	2.6716072772807338	0.003774492378001315	0.8149466192170819	81616.0	2668.0	2856.0	243.0	34.0	8707.0	191.0	158.0	420.0	2671.0	61.0	165.0	46.0	162.0	2.0
2	8	6	-9.093740155359422	1.0	0.5640394088669951	81616.0	2856.0	2668.0	243.0	34.0	8707.0	420.0	165.0	191.0	2671.0	46.0	158.0	61.0	162.0	2.0
6	2	8	-2.0649540964134925	0.9805363938734661	1.416	81616.0	2668.0	8707.0	191.0	158.0	2856.0	243.0	34.0	420.0	2671.0	61.0	165.0	162.0	46.0	2.0
2	6	9	2.1137646770302037	0.017267624765736178	0.9963357761492339	84126.0	158.0	3109.0	19.0	5.0	9041.0	8.0	7.0	2999.0	149.0	4.0	367.0	2.0	5.0	1.0
2	9	6	-572.6380670500013	1.0	0.5009211187405795	84126.0	3109.0	158.0	19.0	5.0	9041.0	2999.0	367.0	8.0	149.0	2.0	7.0	4.0	5.0	1.0
6	2	9	-2.105990885172185	0.9823974897414455	1.0037049511620073	84126.0	158.0	9041.0	8.0	7.0	3109.0	19.0	5.0	2999.0	149.0	4.0	367.0	5.0	2.0	1.0
2	7	8	1.8937712915904006	0.029127621538624138	0.8432203389830508	81581.0	2663.0	2891.0	236.0	46.0	8722.0	199.0	156.0	398.0	2657.0	63.0	172.0	52.0	160.0	4.0
2	8	7	-8.291647276693105	1.0	0.551246537396122	81581.0	2891.0	2663.0	236.0	46.0	8722.0	398.0	172.0	199.0	2657.0	52.0	156.0	63.0	160.0	4.0
7	2	8	-1.541663061495703	0.938422236275188	1.296	81581.0	2663.0	8722.0	199.0	156.0	2891.0	236.0	46.0	398.0	2657.0	63.0	172.0	160.0	52.0	4.0
2	7	9	1.958167569627981	0.025105107588415	0.9966307277628033	84087.0	157.0	3148.0	18.0	7.0	9062.0	8.0	7.0	2966.0	148.0	4.0	379.0	3.0	5.0	1.0
2	9	7	-577.2677995263349	1.0	0.5008465966813411	84087.0	3148.0	157.0	18.0	7.0	9062.0	2966.0	379.0	8.0	148.0	3.0	7.0	4.0	5.0	1.0
7	2	9	-1.9515476657414768	0.9745041029158825	1.0034036759700478	84087.0	157.0	9062.0	8.0	7.0	3148.0	18.0	7.0	2966.0	148.0	4.0	379.0	5.0	3.0	1.0
2	8	9	1.3979933090749725	0.08105759318600236	0.9974573192880494	84311.0	161.0	2924.0	16.0	5.0	9277.0	9.0	6.0	2755.0	147.0	6.0	375.0	3.0	5.0	0.0
2	9	8	-547.0148105080411	1.0	0.5006381039197813	84311.0	2924.0	161.0	16.0	5.0	9277.0	2755.0	375.0	9.0	147.0	3.0	6.0	6.0	5.0	0.0
8	2	9	-1.3944295970707756	0.9184059864908947	1.002562225475842	84311.0	161.0	9277.0	9.0	6.0	2924.0	16.0	5.0	2755.0	147.0	6.0	375.0	5.0	3.0	0.0
3	4	5	0.04328393705218909	0.4827375337568235	0.9974874371859297	79769.0	3717.0	4345.0	268.0	103.0	6357.0	267.0	133.0	664.0	3807.0	106.0	184.0	117.0	156.0	7.0
3	5	4	-17.14043907266683	1.0	0.5006305170239597	79769.0	4345.0	3717.0	268.0	103.0	6357.0	664.0	184.0	267.0	3807.0	117.0	133.0	106.0	156.0	7.0
4	3	5	-0.04317490950293924	0.5172190111035372	1.0025316455696203	79769.0	3717.0	6357.0	267.0	133.0	4345.0	268.0	103.0	664.0	3807.0	106.0	184.0	156.0	117.0	7.0
3	4	6	-0.049789269420572366	0.519854908225249	1.0007235890014472	80607.0	2879.0	4432.0	201.0	83.0	6461.0	202.0	94.0	1585.0	2891.0	101.0	255.0	85.0	121.0	3.0
3	6	4	-68.90834887807195	1.0	0.4998192988796531	80607.0	4432.0	2879.0	201.0	83.0	6461.0	1585.0	255.0	202.0	2891.0	85.0	94.0	101.0	121.0	3.0
4	3	6	0.04982527033844697	0.48013074727662985	0.9992779783393502	80607.0	2879.0	6461.0	202.0	94.0	4432.0	201.0	83.0	1585.0	2891.0	101.0	255.0	121.0	85.0	3.0
3	4	7	0.40823940277770643	0.3415490070805659	0.9943701618578465	80585.0	2901.0	4420.0	197.0	99.0	6459.0	189.0	109.0	1602.0	2870.0	105.0	255.0	85.0	118.0	6.0
3	7	4	-71.6970451128347	1.0	0.5014194464158978	80585.0	4420.0	2901.0	197.0	99.0	6459.0	1602.0	255.0	189.0	2870.0	85.0	109.0	105.0	118.0	6.0
4	3	7	-0.40592806857938973	0.6576022264386692	1.0057265569076592	80585.0	2901.0	6459.0	189.0	109.0	4420.0	197.0	99.0	1602.0	2870.0	105.0	255.0	118.0	85.0	6.0
3	4	8	0.6597901298044627	0.2546941948670769	0.9921020656136087	80796.0	2690.0	4425.0	202.0	89.0	6461.0	189.0	107.0	1822.0	2653.0	102.0	260.0	83.0	117.0	4.0
3	8	4	-82.22000079101757	1.0	0.5019981555487242	80796.0	4425.0	2690.0	202.0	89.0	6461.0	1822.0	260.0	189.0	2653.0	83.0	107.0	102.0	117.0	4.0
4	3	8	-0.6545376670442312	0.7436173292637409	1.0080896079651525	80796.0	2690.0	6461.0	189.0	107.0	4425.0	202.0	89.0	1822.0	2653.0	102.0	260.0	117.0	83.0	4.0
3	4	9	1.6020381610237322	0.05457358453707506	0.9984187937655297	83327.0	159.0	4696.0	13.0	7.0	6744.0	6.0	7.0	4426.0	146.0	5.0	449.0	9.0	5.0	1.0
3	9	4	-1009.9706292282714	1.0	0.5003962413675987	83327.0	4696.0	159.0	13.0	7.0	6744.0	4426.0	449.0	6.0	146.0	9.0	7.0	5.0	5.0	1.0
4	3	9	-1.5995009965153233	0.9451453365605271	1.001588742623695	83327.0	159.0	6744.0	6.0	7.0	4696.0	13.0	7.0	4426.0	146.0	5.0	449.0	5.0	9.0	1.0
3	5	6	0.2964257212959386	0.38345256027258734	0.9940119760479041	81226.0	2888.0	3813.0	209.0	66.0	6899.0	203.0	103.0	1199.0	2909.0	83.0	203.0	66.0	128.0	5.0
3	6	5	-48.91024401383009	1.0	0.5015105740181269	81226.0	3813.0	2888.0	209.0	66.0	6899.0	1199.0	203.0	203.0	2909.0	66.0	103.0	83.0	128.0	5.0
5	3	6	-0.29464002417969803	0.6158654904086734	1.0060975609756098	81226.0	2888.0	6899.0	203.0	103.0	3813.0	209.0	66.0	1199.0	2909.0	83.0	203.0	128.0	66.0	5.0
3	5	7	1.6124540874513729	0.05343157738898885	0.9697256385998108	81198.0	2916.0	3807.0	218.0	63.0	6901.0	186.0	118.0	1211.0	2891.0	89.0	204.0	67.0	124.0	7.0
3	7	5	-50.03646590122541	1.0	0.5079286422200199	81198.0	3807.0	2916.0	218.0	63.0	6901.0	1211.0	204.0	186.0	2891.0	67.0	118.0	89.0	124.0	7.0
5	3	7	-1.5621140574041106	0.9408694278713894	1.0332986472424557	81198.0	2916.0	6901.0	186.0	118.0	3807.0	218.0	63.0	1211.0	2891.0	89.0	204.0	124.0	67.0	7.0
3	5	8	0.512182903530842	0.3042614956629591	0.9920255183413078	81402.0	2712.0	3819.0	197.0	72.0	6901.0	187.0	117.0	1431.0	2668.0	92.0	211.0	70.0	117.0	4.0
3	8	5	-63.20337029570603	1.0	0.5020177562550444	81402.0	3819.0	2712.0	197.0	72.0	6901.0	1431.0	211.0	187.0	2668.0	70.0	117.0	92.0	117.0	4.0
5	3	8	-0.5080656776182146	0.6942963635383791	1.0081699346405228	81402.0	2712.0	6901.0	187.0	117.0	3819.0	197.0	72.0	1431.0	2668.0	92.0	211.0	117.0	70.0	4.0
3	5	9	1.1444097952310237	0.12622691937239894	0.9987599206349206	83951.0	163.0	4072.0	12.0	4.0	7191.0	7.0	7.0	4034.0	152.0	5.0	394.0	2.0	5.0	1.0
3	9	5	-920.5632392838481	1.0	0.5003105975897626	83951.0	4072.0	163.0	12.0	4.0	7191.0	4034.0	394.0	7.0	152.0	2.0	7.0	5.0	5.0	1.0
5	3	9	-1.1429888742039178	0.8734783396551695	1.001244709982574	83951.0	163.0	7191.0	7.0	7.0	4072.0	12.0	4.0	4034.0	152.0	5.0	394.0	5.0	2.0	1.0
3	6	7	1.9665522512617033	0.02461735727041159	0.01321353065539112	83810.0	1229.0	1195.0	1936.0	32.0	8170.0	69.0	62.0	94.0	3055.0	29.0	52.0	20.0	246.0	1.0
3	7	6	-99999.9	1.0	-0.013758943313153551	83810.0	1195.0	1229.0	1936.0	32.0	8170.0	94.0	52.0	69.0	3055.0	20.0	62.0	29.0	246.0	1.0
6	3	7	-144.89556987296237	1.0	0.49662981935831757	83810.0	1229.0	8170.0	69.0	62.0	1195.0	1936.0	32.0	94.0	3055.0	29.0	52.0	246.0	20.0	1.0
3	6	8	3.4658945328881496	0.0002642820650897715	0.7936507936507936	82326.0	2713.0	2895.0	232.0	36.0	7997.0	167.0	137.0	417.0	2707.0	54.0	129.0	51.0	137.0	2.0
3	8	6	-9.864469055143196	1.0	0.5747126436781609	82326.0	2895.0	2713.0	232.0	36.0	7997.0	417.0	129.0	167.0	2707.0	51.0	137.0	54.0	137.0	2.0
6	3	8	-2.5647619543372304	0.9948376418641209	1.5416666666666667	82326.0	2713.0	7997.0	167.0	137.0	2895.0	232.0	36.0	417.0	2707.0	54.0	129.0	137.0	51.0	2.0
3	6	9	2.0595015583143588	0.01972304173726891	0.9970247933884298	84879.0	160.0	3144.0	14.0	5.0	8288.0	5.0	8.0	3021.0	154.0	3.0	310.0	2.0	5.0	2.0
3	9	6	-688.1023539834597	1.0	0.5007471359787481	84879.0	3144.0	160.0	14.0	5.0	8288.0	3021.0	310.0	5.0	154.0	2.0	8.0	3.0	5.0	2.0
6	3	9	-2.053355830852545	0.9799810267797179	1.003002001334223	84879.0	160.0	8288.0	5.0	8.0	3144.0	14.0	5.0	3021.0	154.0	3.0	310.0	5.0	2.0	2.0
3	7	8	2.5517850198918888	0.005358656351585944	0.8208955223880597	82302.0	2703.0	2919.0	226.0	52.0	8001.0	178.0	137.0	398.0	2692.0	54.0	144.0	55.0	135.0	4.0
3	8	7	-9.143896321279275	1.0	0.5612244897959183	82302.0	2919.0	2703.0	226.0	52.0	8001.0	398.0	144.0	178.0	2692.0	55.0	137.0	54.0	135.0	4.0
7	3	8	-1.99503192464275	0.9769803701017661	1.3870967741935483	82302.0	2703.0	8001.0	178.0	137.0	2919.0	226.0	52.0	398.0	2692.0	54.0	144.0	135.0	55.0	4.0
3	7	9	1.8806908206813007	0.03000693045395031	0.9973253092611167	84846.0	159.0	3177.0	13.0	7.0	8303.0	5.0	8.0	2988.0	153.0	3.0	328.0	3.0	5.0	2.0
3	9	7	-699.3818989408425	1.0	0.5006713662302786	84846.0	3177.0	159.0	13.0	7.0	8303.0	2988.0	328.0	5.0	153.0	3.0	8.0	3.0	5.0	2.0
7	3	9	-1.8756470638708918	0.9696481838987213	1.0026963262554769	84846.0	159.0	8303.0	5.0	8.0	3177.0	13.0	7.0	2988.0	153.0	3.0	328.0	5.0	3.0	2.0
3	8	9	1.209580349104984	0.11322004704731359	0.9981929887965305	85058.0	163.0	2965.0	11.0	5.0	8530.0	6.0	7.0	2768.0	152.0	5.0	321.0	3.0	5.0	1.0
3	9	8	-666.962604496497	1.0	0.5004529806124298	85058.0	2965.0	163.0	11.0	5.0	8530.0	2768.0	321.0	6.0	152.0	3.0	7.0	5.0	5.0	1.0
8	3	9	-1.2073906670827086	0.8863590703162022	1.0018168604651163	85058.0	163.0	8530.0	6.0	7.0	2965.0	11.0	5.0	2768.0	152.0	5.0	321.0	5.0	3.0	1.0
4	5	6	0.3994673414708947	0.3447744909932233	0.9931102362204725	83176.0	2950.0	3892.0	158.0	67.0	4949.0	151.0	93.0	1160.0	2993.0	78.0	163.0	69.0	95.0	6.0
4	6	5	-57.180896593405244	1.0	0.5017404276479364	83176.0	3892.0	2950.0	158.0	67.0	4949.0	1160.0	163.0	151.0	2993.0	69.0	93.0	78.0	95.0	6.0
5	4	6	-0.3966960120454276	0.6542041287179208	1.007035175879397	83176.0	2950.0	4949.0	151.0	93.0	3892.0	158.0	67.0	1160.0	2993.0	78.0	163.0	95.0	69.0	6.0
4	5	7	1.4137351431765492	0.07871989306069893	0.9761904761904762	83161.0	2965.0	3883.0	172.0	62.0	4938.0	147.0	108.0	1172.0	2969.0	90.0	167.0	69.0	92.0	5.0
4	7	5	-56.54940572706202	1.0	0.5061728395061729	83161.0	3883.0	2965.0	172.0	62.0	4938.0	1172.0	167.0	147.0	2969.0	69.0	108.0	90.0	92.0	5.0
5	4	7	-1.3792537982210236	0.9160916834791373	1.0256410256410255	83161.0	2965.0	4938.0	147.0	108.0	3883.0	172.0	62.0	1172.0	2969.0	90.0	167.0	92.0	69.0	5.0
4	5	8	-0.3324401564194073	0.6302214717512946	1.0048899755501222	83369.0	2757.0	3888.0	159.0	70.0	4934.0	165.0	94.0	1398.0	2738.0	95.0	175.0	69.0	85.0	4.0
4	8	5	-68.64889230060761	1.0	0.4987864077669903	83369.0	3888.0	2757.0	159.0	70.0	4934.0	1398.0	175.0	165.0	2738.0	69.0	94.0	95.0	85.0	4.0
5	4	8	0.3340578700759494	0.3691680129655821	0.9951807228915662	83369.0	2757.0	4934.0	165.0	94.0	3888.0	159.0	70.0	1398.0	2738.0	95.0	175.0	85.0	69.0	4.0
4	5	9	-0.6861100523241348	0.7536782116619133	1.000739098300074	85967.0	159.0	4104.0	8.0	5.0	5175.0	11.0	7.0	4073.0	152.0	6.0	323.0	1.0	9.0	0.0
4	9	5	-929.67912089922	1.0	0.4998154300479882	85967.0	4104.0	159.0	8.0	5.0	5175.0	4073.0	323.0	11.0	152.0	1.0	7.0	6.0	9.0	0.0
5	4	9	0.686616780575482	0.24616205763912213	0.9992625368731564	85967.0	159.0	5175.0	11.0	7.0	4104.0	8.0	5.0	4073.0	152.0	6.0	323.0	9.0	1.0	0.0
4	6	7	1.4673375091058476	0.07114217113778964	0.007982969664715274	85811.0	1257.0	1233.0	1909.0	33.0	6169.0	45.0	58.0	60.0	3122.0	31.0	48.0	18.0	206.0	0.0
4	7	6	-99999.9	1.0	-0.008178844056706653	85811.0	1233.0	1257.0	1909.0	33.0	6169.0	60.0	48.0	45.0	3122.0	18.0	58.0	31.0	206.0	0.0
6	4	7	-180.87380362244687	1.0	0.49798007002423916	85811.0	1257.0	6169.0	45.0	58.0	1233.0	1909.0	33.0	60.0	3122.0	31.0	48.0	206.0	18.0	0.0
4	6	8	2.6911907462495943	0.0035599219055346687	0.8333333333333334	84304.0	2764.0	2953.0	187.0	35.0	6019.0	141.0	112.0	371.0	2784.0	58.0	117.0	47.0	105.0	3.0
4	8	6	-10.764762984998372	1.0	0.5555555555555556	84304.0	2953.0	2764.0	187.0	35.0	6019.0	371.0	117.0	141.0	2784.0	47.0	112.0	58.0	105.0	3.0
6	4	8	-2.152952596999675	0.9843388535580697	1.3333333333333333	84304.0	2764.0	6019.0	141.0	112.0	2953.0	187.0	35.0	371.0	2784.0	58.0	117.0	105.0	47.0	3.0
4	6	9	0.0	0.49999999949999996	nan	86911.0	157.0	3160.0	9.0	6.0	6256.0	9.0	7.0	3055.0	154.0	4.0	260.0	1.0	10.0	1.0
4	9	6	-715.9630534620077	1.0	0.5	86911.0	3160.0	157.0	9.0	6.0	6256.0	3055.0	260.0	9.0	154.0	1.0	7.0	4.0	10.0	1.0
6	4	9	0.0	0.49999999949999996	nan	86911.0	157.0	6256.0	9.0	7.0	3160.0	9.0	6.0	3055.0	154.0	4.0	260.0	10.0	1.0	1.0
4	7	8	1.853041963289526	0.03193811131840185	0.8677685950413223	84287.0	2757.0	2970.0	182.0	47.0	6016.0	150.0	111.0	360.0	2767.0	58.0	131.0	55.0	104.0	5.0
4	8	7	-10.307545920797992	1.0	0.5412371134020618	84287.0	2970.0	2757.0	182.0	47.0	6016.0	360.0	131.0	150.0	2767.0	55.0	111.0	58.0	104.0	5.0
7	4	8	-1.5706736641215981	0.9418707566547994	1.2191780821917808	84287.0	2757.0	6016.0	150.0	111.0	2970.0	182.0	47.0	360.0	2767.0	58.0	131.0	104.0	55.0	5.0
4	7	9	-0.22877250152632383	0.5904770855692917	1.0003314550878355	86888.0	156.0	3183.0	9.0	7.0	6261.0	10.0	6.0	3028.0	152.0	5.0	282.0	2.0	10.0	1.0
4	9	7	-690.6641821079722	1.0	0.4999171774059964	86888.0	3183.0	156.0	9.0	7.0	6261.0	3028.0	282.0	10.0	152.0	2.0	6.0	5.0	10.0	1.0
7	4	9	0.22884830421072622	0.4094934549267768	0.9996688741721854	86888.0	156.0	6261.0	10.0	6.0	3183.0	9.0	7.0	3028.0	152.0	5.0	282.0	10.0	2.0	1.0
4	8	9	-0.49822294461290056	0.6908365444814726	1.0007135212272564	87097.0	160.0	2974.0	7.0	5.0	6491.0	9.0	7.0	2814.0	152.0	6.0	266.0	3.0	9.0	0.0
4	9	8	-699.2559027641911	1.0	0.49982181040627227	87097.0	2974.0	160.0	7.0	5.0	6491.0	2814.0	266.0	9.0	152.0	3.0	7.0	6.0	9.0	0.0
8	4	9	0.4985781837890951	0.30903828803277755	0.9992880028479886	87097.0	160.0	6491.0	9.0	7.0	2974.0	7.0	5.0	2814.0	152.0	6.0	266.0	9.0	3.0	0.0
5	6	7	0.2848360111814373	0.38788495686049307	0.00160857908847185	86855.0	1270.0	1244.0	1916.0	34.0	5125.0	54.0	36.0	57.0	3161.0	28.0	40.0	18.0	160.0	2.0
5	7	6	-99999.9	1.0	-0.0016163793103448276	86855.0	1244.0	1270.0	1916.0	34.0	5125.0	57.0	40.0	54.0	3161.0	18.0	36.0	28.0	160.0	2.0
6	5	7	-176.50338159543097	1.0	0.499596882558452	86855.0	1270.0	5125.0	54.0	36.0	1244.0	1916.0	34.0	57.0	3161.0	28.0	40.0	160.0	18.0	2.0
5	6	8	3.482471852361682	0.0002484493079898398	0.819672131147541	85313.0	2812.0	2990.0	165.0	39.0	5010.0	110.0	95.0	360.0	2828.0	58.0	91.0	44.0	83.0	2.0
5	8	6	-12.346945658373235	1.0	0.5617977528089888	85313.0	2990.0	2812.0	165.0	39.0	5010.0	360.0	91.0	110.0	2828.0	44.0	95.0	58.0	83.0	2.0
6	5	8	-2.7163280448421117	0.9966994247123855	1.3928571428571428	85313.0	2812.0	5010.0	110.0	95.0	2990.0	165.0	39.0	360.0	2828.0	58.0	91.0	83.0	44.0	2.0
5	6	9	0.772254281320504	0.21998185367661138	0.9990253411306043	87964.0	161.0	3178.0	9.0	7.0	5203.0	6.0	6.0	3081.0	162.0	3.0	216.0	1.0	2.0	1.0
5	9	6	-790.788384072197	1.0	0.5002440214738897	87964.0	3178.0	161.0	9.0	7.0	5203.0	3081.0	216.0	6.0	162.0	1.0	6.0	3.0	2.0	1.0
6	5	9	-0.7715008625094597	0.7797950095948514	1.0009775171065494	87964.0	161.0	5203.0	6.0	6.0	3178.0	9.0	7.0	3081.0	162.0	3.0	216.0	2.0	1.0	1.0
5	7	8	2.6469902071956164	0.00406062696609899	0.8536585365853658	85293.0	2806.0	3010.0	160.0	50.0	5010.0	118.0	94.0	363.0	2812.0	58.0	88.0	52.0	81.0	5.0
5	8	7	-12.793786001445474	1.0	0.546875	85293.0	3010.0	2806.0	160.0	50.0	5010.0	363.0	88.0	118.0	2812.0	52.0	94.0	58.0	81.0	5.0
7	5	8	-2.1932204573906535	0.9858542995814239	1.2608695652173914	85293.0	2806.0	5010.0	118.0	94.0	3010.0	160.0	50.0	363.0	2812.0	58.0	88.0	81.0	52.0	5.0
5	7	9	0.5327481466667139	0.2971039477546148	0.999347471451876	87939.0	160.0	3203.0	8.0	9.0	5210.0	6.0	6.0	3069.0	161.0	3.0	221.0	2.0	2.0	1.0
5	9	7	-815.3710384734128	1.0	0.5001632919660352	87939.0	3203.0	160.0	8.0	9.0	5210.0	3069.0	221.0	6.0	161.0	2.0	6.0	3.0	2.0	1.0
7	5	9	-0.5324002863032358	0.7027756249257111	1.0006538084341288	87939.0	160.0	5210.0	6.0	6.0	3203.0	8.0	9.0	3069.0	161.0	3.0	221.0	2.0	2.0	1.0
5	8	9	0.3001938427181095	0.38201471900202777	0.9996446339729922	88138.0	165.0	3004.0	6.0	6.0	5450.0	5.0	6.0	2818.0	160.0	4.0	232.0	4.0	2.0	0.0
5	9	8	-844.1450857233357	1.0	0.5000888888888888	88138.0	3004.0	165.0	6.0	6.0	5450.0	2818.0	232.0	5.0	160.0	4.0	6.0	4.0	2.0	0.0
8	5	9	-0.3000871261014305	0.617944582306251	1.000355745286375	88138.0	165.0	5450.0	5.0	6.0	3004.0	6.0	6.0	2818.0	160.0	4.0	232.0	2.0	4.0	0.0
6	7	8	-1.6642614234248378	0.9519699205513468	1.0067763794772506	89020.0	2960.0	1303.0	28.0	29.0	1283.0	42.0	16.0	2122.0	3007.0	108.0	36.0	27.0	18.0	1.0
6	8	7	-248.92595861797392	1.0	0.49832295160517487	89020.0	1303.0	2960.0	28.0	29.0	1283.0	2122.0	36.0	42.0	3007.0	27.0	16.0	108.0	18.0	1.0
7	6	8	1.675463183005582	0.04692167172914519	0.9933586337760911	89020.0	2960.0	1283.0	42.0	16.0	1303.0	28.0	29.0	2122.0	3007.0	108.0	36.0	18.0	27.0	1.0
6	7	9	-0.44274645792184897	0.6710254034300998	1.0001979022362952	91812.0	168.0	1355.0	2.0	3.0	1337.0	3.0	1.0	5057.0	169.0	11.0	81.0	1.0	0.0	0.0
6	9	7	-2238.083344794795	1.0	0.49995053912355325	91812.0	1355.0	168.0	2.0	3.0	1337.0	5057.0	81.0	3.0	169.0	1.0	1.0	11.0	0.0	0.0
7	6	9	0.4428340610991188	0.3289429114062874	0.9998022151898734	91812.0	168.0	1337.0	3.0	1.0	1355.0	2.0	3.0	5057.0	169.0	11.0	81.0	0.0	1.0	0.0
6	8	9	-0.8093144519525688	0.7908329101100101	1.0006896551724138	90156.0	167.0	3011.0	2.0	4.0	3432.0	4.0	5.0	2906.0	165.0	5.0	137.0	4.0	1.0	1.0
6	9	8	-1175.1245842351461	1.0	0.49982776438167414	90156.0	3011.0	167.0	2.0	4.0	3432.0	2906.0	137.0	4.0	165.0	4.0	5.0	5.0	1.0	1.0
8	6	9	0.8098722151861681	0.2090067534262221	0.9993117687543015	90156.0	167.0	3432.0	4.0	5.0	3011.0	2.0	4.0	2906.0	165.0	5.0	137.0	1.0	4.0	1.0
7	8	9	-0.44270046293666365	0.6710087670274107	1.0003472222222223	90137.0	166.0	3012.0	2.0	4.0	3451.0	3.0	7.0	2884.0	164.0	5.0	158.0	4.0	2.0	1.0
7	9	8	-1275.862734183485	1.0	0.499913239632136	90137.0	3012.0	166.0	2.0	4.0	3451.0	2884.0	158.0	3.0	164.0	4.0	7.0	5.0	2.0	1.0
8	7	9	0.4428541250202932	0.32893565466639885	0.9996531390912244	90137.0	166.0	3451.0	3.0	7.0	3012.0	2.0	4.0	2884.0	164.0	5.0	158.0	2.0	4.0	1.0
