P1	Hybrid	P2	Zscore	Pvalue	Gamma	AAAA	AAAB	AABA	AABB	AABC	ABAA	ABAB	ABAC	ABBA	BAAA	ABBC	CABC	BACA	BCAA	ABCD
1	2	3	2.0914794345000045	0.01824249067295236	0.7916666666666666	7180.0	454.0	584.0	61.0	18.0	916.0	41.0	37.0	117.0	484.0	23.0	35.0	18.0	28.0	4.0
1	3	2	-5.856142416600014	0.9999999976236212	0.5757575757575758	7180.0	584.0	454.0	61.0	18.0	916.0	117.0	35.0	41.0	484.0	18.0	37.0	23.0	28.0	4.0
2	1	3	-1.5410901096315825	0.9383525540835905	1.5555555555555556	7180.0	454.0	916.0	41.0	37.0	584.0	61.0	18.0	117.0	484.0	23.0	35.0	28.0	18.0	4.0
1	2	4	2.6439033799460545	0.004097843590375239	0.7572815533980582	7170.0	464.0	584.0	61.0	18.0	924.0	36.0	34.0	114.0	486.0	24.0	36.0	19.0	26.0	4.0
1	4	2	-5.605075165485638	0.9999999895638578	0.5954198473282442	7170.0	584.0	464.0	61.0	18.0	924.0	114.0	36.0	36.0	486.0	19.0	34.0	24.0	26.0	4.0
2	1	4	-1.7964984504761654	0.9637924121945142	1.8928571428571428	7170.0	464.0	924.0	36.0	34.0	584.0	61.0	18.0	114.0	486.0	24.0	36.0	26.0	19.0	4.0
1	2	5	0.8195473374411897	0.20623704751109984	0.8974358974358975	7158.0	476.0	586.0	56.0	21.0	918.0	48.0	28.0	118.0	484.0	22.0	36.0	22.0	21.0	6.0
1	5	2	-6.3514918651692165	0.9999999998929014	0.5303030303030304	7158.0	586.0	476.0	56.0	21.0	918.0	118.0	36.0	48.0	484.0	22.0	28.0	22.0	21.0	6.0
2	1	5	-0.7258847845907679	0.7660453668949745	1.1481481481481481	7158.0	476.0	918.0	48.0	28.0	586.0	56.0	21.0	118.0	484.0	22.0	36.0	21.0	22.0	6.0
1	2	6	1.2422843953334468	0.107065893626481	0.8571428571428571	7156.0	478.0	585.0	58.0	20.0	920.0	46.0	28.0	118.0	485.0	21.0	36.0	22.0	21.0	6.0
1	6	2	-6.211421976667235	0.9999999997363811	0.5454545454545454	7156.0	585.0	478.0	58.0	20.0	920.0	118.0	36.0	46.0	485.0	22.0	28.0	21.0	21.0	6.0
2	1	6	-1.0352369961112056	0.8497208543061262	1.25	7156.0	478.0	920.0	46.0	28.0	585.0	58.0	20.0	118.0	485.0	21.0	36.0	21.0	22.0	6.0
1	2	7	0.8327331753276378	0.2024975632252881	0.8823529411764706	7144.0	490.0	586.0	55.0	22.0	924.0	47.0	23.0	107.0	489.0	28.0	37.0	21.0	23.0	4.0
1	7	2	-5.412765639629649	0.9999999688994243	0.5357142857142857	7144.0	586.0	490.0	55.0	22.0	924.0	107.0	37.0	47.0	489.0	21.0	23.0	28.0	23.0	4.0
2	1	7	-0.7217020852839529	0.7647612395237635	1.1818181818181819	7144.0	490.0	924.0	47.0	23.0	586.0	55.0	22.0	107.0	489.0	28.0	37.0	23.0	21.0	4.0
1	2	8	0.9464627657634394	0.17195629122076161	0.8656716417910448	7160.0	474.0	586.0	55.0	22.0	918.0	46.0	30.0	104.0	493.0	27.0	36.0	21.0	22.0	6.0
1	8	2	-5.152963946934282	0.9999998715649889	0.5420560747663551	7160.0	586.0	474.0	55.0	22.0	918.0	104.0	36.0	46.0	493.0	21.0	30.0	27.0	22.0	6.0
2	1	8	-0.7995978538346299	0.788028144412069	1.225	7160.0	474.0	918.0	46.0	30.0	586.0	55.0	22.0	104.0	493.0	27.0	36.0	22.0	21.0	6.0
1	2	9	0.197055299915461	0.42189215407976444	0.9696969696969697	7155.0	479.0	592.0	54.0	17.0	912.0	52.0	30.0	116.0	492.0	16.0	36.0	19.0	26.0	4.0
1	9	2	-6.108714297379274	0.9999999994958791	0.5079365079365079	7155.0	592.0	479.0	54.0	17.0	912.0	116.0	36.0	52.0	492.0	19.0	30.0	16.0	26.0	4.0
2	1	9	-0.19089732179310284	0.575696962982112	1.0333333333333334	7155.0	479.0	912.0	52.0	30.0	592.0	54.0	17.0	116.0	492.0	16.0	36.0	26.0	19.0	4.0
1	3	4	0.28428518358056626	0.388095985835625	0.013157894736842105	7410.0	354.0	344.0	174.0	15.0	1021.0	24.0	23.0	26.0	501.0	16.0	27.0	16.0	48.0	1.0
1	4	3	-99999.9	1.0	-0.013698630136986302	7410.0	344.0	354.0	174.0	15.0	1021.0	26.0	27.0	24.0	501.0	16.0	23.0	16.0	48.0	1.0
3	1	4	-21.03710358496188	1.0	0.4966442953020134	7410.0	354.0	1021.0	24.0	23.0	344.0	174.0	15.0	26.0	501.0	16.0	27.0	48.0	16.0	1.0
1	3	5	-99999.9	1.0	-0.0410958904109589	7413.0	351.0	331.0	188.0	14.0	1013.0	36.0	19.0	30.0	501.0	12.0	29.0	17.0	45.0	1.0
1	5	3	0.7492263641615804	0.22686032268834366	0.03658536585365854	7413.0	331.0	351.0	188.0	14.0	1013.0	30.0	29.0	36.0	501.0	17.0	19.0	12.0	45.0	1.0
3	1	5	-18.980401225426718	1.0	0.5096774193548387	7413.0	351.0	1013.0	36.0	19.0	331.0	188.0	14.0	30.0	501.0	12.0	29.0	45.0	17.0	1.0
1	3	6	-99999.9	1.0	-0.02684563758389262	7409.0	355.0	332.0	188.0	13.0	1014.0	35.0	19.0	31.0	501.0	11.0	29.0	17.0	45.0	1.0
1	6	3	0.49744143312222855	0.3094388967757469	0.02484472049689441	7409.0	332.0	355.0	188.0	13.0	1014.0	31.0	29.0	35.0	501.0	17.0	19.0	11.0	45.0	1.0
3	1	6	-19.02713481692525	1.0	0.5064516129032258	7409.0	355.0	1014.0	35.0	19.0	332.0	188.0	13.0	31.0	501.0	11.0	29.0	45.0	17.0	1.0
1	3	7	-99999.9	1.0	-0.09923664122137404	7395.0	369.0	335.0	180.0	18.0	1016.0	36.0	16.0	23.0	505.0	15.0	29.0	16.0	46.0	1.0
1	7	3	1.7268173466145817	0.042100199728805854	0.07647058823529411	7395.0	335.0	369.0	180.0	18.0	1016.0	23.0	29.0	36.0	505.0	16.0	16.0	15.0	46.0	1.0
3	1	7	-19.127822916346144	1.0	0.521594684385382	7395.0	369.0	1016.0	36.0	16.0	335.0	180.0	18.0	23.0	505.0	15.0	29.0	46.0	16.0	1.0
1	3	8	-99999.9	1.0	-0.12977099236641224	7413.0	351.0	333.0	184.0	16.0	1009.0	36.0	23.0	19.0	509.0	15.0	30.0	15.0	45.0	2.0
1	8	3	2.327882674540491	0.009959144666858766	0.09340659340659341	7413.0	333.0	351.0	184.0	16.0	1009.0	19.0	30.0	36.0	509.0	15.0	23.0	15.0	45.0	2.0
3	1	8	-20.266272695999564	1.0	0.5271565495207667	7413.0	351.0	1009.0	36.0	23.0	333.0	184.0	16.0	19.0	509.0	15.0	30.0	45.0	15.0	2.0
1	3	9	-0.3182068023413359	0.6248358944956173	0.8333333333333334	7280.0	484.0	467.0	52.0	14.0	984.0	55.0	29.0	40.0	490.0	13.0	40.0	18.0	32.0	2.0
1	9	3	1.2728272093653439	0.10153975056381981	0.5555555555555556	7280.0	467.0	484.0	52.0	14.0	984.0	40.0	40.0	55.0	490.0	18.0	29.0	13.0	32.0	2.0
3	1	9	-99999.9	1.0	1.3333333333333333	7280.0	484.0	984.0	55.0	29.0	467.0	52.0	14.0	40.0	490.0	13.0	40.0	32.0	18.0	2.0
1	4	5	-99999.9	1.0	-0.046511627906976744	7428.0	326.0	316.0	213.0	14.0	1024.0	33.0	17.0	25.0	503.0	13.0	23.0	18.0	46.0	1.0
1	5	4	1.0652545503159727	0.14338041054782502	0.04081632653061224	7428.0	316.0	326.0	213.0	14.0	1024.0	25.0	23.0	33.0	503.0	18.0	17.0	13.0	46.0	1.0
4	1	5	-23.96822738210941	1.0	0.5108695652173914	7428.0	326.0	1024.0	33.0	17.0	316.0	213.0	14.0	25.0	503.0	13.0	23.0	46.0	18.0	1.0
1	4	6	-99999.9	1.0	-0.03428571428571429	7424.0	330.0	317.0	213.0	13.0	1025.0	32.0	17.0	26.0	503.0	12.0	23.0	18.0	46.0	1.0
1	6	4	0.7969983706537124	0.21272592816031488	0.03108808290155441	7424.0	317.0	330.0	213.0	13.0	1025.0	26.0	23.0	32.0	503.0	18.0	17.0	12.0	46.0	1.0
4	1	6	-24.04278418138701	1.0	0.5081521739130433	7424.0	330.0	1025.0	32.0	17.0	317.0	213.0	13.0	26.0	503.0	12.0	23.0	46.0	18.0	1.0
1	4	7	-99999.9	1.0	-0.0975609756097561	7414.0	340.0	316.0	214.0	13.0	1025.0	34.0	15.0	18.0	506.0	17.0	25.0	17.0	45.0	1.0
1	7	4	2.2470724404041276	0.012317659611775778	0.07547169811320753	7414.0	316.0	340.0	214.0	13.0	1025.0	18.0	25.0	34.0	506.0	17.0	15.0	17.0	45.0	1.0
4	1	7	-25.279564954546455	1.0	0.5212765957446809	7414.0	340.0	1025.0	34.0	15.0	316.0	214.0	13.0	18.0	506.0	17.0	25.0	45.0	17.0	1.0
1	4	8	-99999.9	1.0	-0.11949685534591195	7425.0	329.0	321.0	212.0	10.0	1019.0	34.0	21.0	15.0	510.0	16.0	24.0	16.0	46.0	2.0
1	8	4	2.733616836832257	0.0031321983235440554	0.08796296296296297	7425.0	321.0	329.0	212.0	10.0	1019.0	15.0	24.0	34.0	510.0	16.0	21.0	16.0	46.0	2.0
4	1	8	-25.609673524007476	1.0	0.5253333333333332	7425.0	329.0	1019.0	34.0	21.0	321.0	212.0	10.0	15.0	510.0	16.0	24.0	46.0	16.0	2.0
1	4	9	-99999.9	1.0	1.5	7281.0	473.0	466.0	60.0	17.0	992.0	54.0	28.0	36.0	489.0	16.0	36.0	20.0	30.0	2.0
1	9	4	1.8965107253536408	0.028946205958186533	0.42857142857142855	7281.0	466.0	473.0	60.0	17.0	992.0	36.0	36.0	54.0	489.0	20.0	28.0	16.0	30.0	2.0
4	1	9	-0.6321702417845466	0.7363622379116572	0.8	7281.0	473.0	992.0	54.0	28.0	466.0	60.0	17.0	36.0	489.0	16.0	36.0	30.0	20.0	2.0
1	5	6	0.8102931390192122	0.20888580121086398	0.0037174721189591076	7726.0	18.0	15.0	538.0	0.0	1070.0	2.0	0.0	4.0	549.0	1.0	0.0	2.0	75.0	0.0
1	6	5	-99999.9	1.0	-0.0037593984962406017	7726.0	15.0	18.0	538.0	0.0	1070.0	4.0	0.0	2.0	549.0	2.0	0.0	1.0	75.0	0.0
5	1	6	-216.34826811812806	1.0	0.4990654205607477	7726.0	18.0	1070.0	2.0	0.0	15.0	538.0	0.0	4.0	549.0	1.0	0.0	75.0	2.0	0.0
1	5	7	-99999.9	1.0	-0.03398058252427185	7440.0	304.0	290.0	248.0	15.0	1022.0	35.0	15.0	28.0	509.0	17.0	18.0	13.0	44.0	2.0
1	7	5	0.8919222393174464	0.18621727453299952	0.030837004405286344	7440.0	290.0	304.0	248.0	15.0	1022.0	28.0	18.0	35.0	509.0	13.0	15.0	17.0	44.0	2.0
5	1	7	-27.139919567802316	1.0	0.5080831408775982	7440.0	304.0	1022.0	35.0	15.0	290.0	248.0	15.0	28.0	509.0	17.0	18.0	44.0	13.0	2.0
1	5	8	-99999.9	1.0	-0.04807692307692308	7457.0	287.0	289.0	251.0	13.0	1017.0	33.0	22.0	23.0	514.0	17.0	18.0	13.0	43.0	3.0
1	8	5	1.3532636337925164	0.08798577387740592	0.04201680672268908	7457.0	289.0	287.0	251.0	13.0	1017.0	23.0	18.0	33.0	514.0	13.0	22.0	17.0	43.0	3.0
5	1	8	-29.50114721667688	1.0	0.5112107623318386	7457.0	287.0	1017.0	33.0	22.0	289.0	251.0	13.0	23.0	514.0	17.0	18.0	43.0	13.0	3.0
1	5	9	-0.10045762221352095	0.5400095442530469	0.9090909090909091	7263.0	481.0	484.0	54.0	15.0	987.0	55.0	30.0	45.0	492.0	17.0	32.0	16.0	27.0	2.0
1	9	5	0.9041185999216946	0.1829662306726788	0.5263157894736842	7263.0	484.0	481.0	54.0	15.0	987.0	45.0	32.0	55.0	492.0	16.0	30.0	17.0	27.0	2.0
5	1	9	-99999.9	1.0	1.125	7263.0	481.0	987.0	55.0	30.0	484.0	54.0	15.0	45.0	492.0	17.0	32.0	27.0	16.0	2.0
1	6	7	-99999.9	1.0	-0.044117647058823525	7438.0	303.0	292.0	249.0	15.0	1023.0	36.0	15.0	27.0	509.0	17.0	18.0	12.0	44.0	2.0
1	7	6	1.1489415461752066	0.12529009874888541	0.03896103896103896	7438.0	292.0	303.0	249.0	15.0	1023.0	27.0	18.0	36.0	509.0	12.0	15.0	17.0	44.0	2.0
6	1	7	-27.19161659281324	1.0	0.5103448275862069	7438.0	303.0	1023.0	36.0	15.0	292.0	249.0	15.0	27.0	509.0	17.0	18.0	44.0	12.0	2.0
1	6	8	-99999.9	1.0	-0.05797101449275362	7456.0	285.0	290.0	253.0	13.0	1018.0	34.0	22.0	22.0	514.0	17.0	18.0	12.0	43.0	3.0
1	8	6	1.6247180074079641	0.05211132140693098	0.04938271604938272	7456.0	290.0	285.0	253.0	13.0	1018.0	22.0	18.0	34.0	514.0	12.0	22.0	17.0	43.0	3.0
6	1	8	-29.651103635195355	1.0	0.5133333333333333	7456.0	285.0	1018.0	34.0	22.0	290.0	253.0	13.0	22.0	514.0	17.0	18.0	43.0	12.0	3.0
1	6	9	-0.0987953852820234	0.5393496915682371	0.9230769230769231	7261.0	480.0	486.0	55.0	15.0	988.0	56.0	30.0	44.0	492.0	17.0	32.0	15.0	27.0	2.0
1	9	6	1.086749238102254	0.13857386391253013	0.5217391304347826	7261.0	486.0	480.0	55.0	15.0	988.0	44.0	32.0	56.0	492.0	15.0	30.0	17.0	27.0	2.0
6	1	9	-99999.9	1.0	1.1	7261.0	480.0	988.0	56.0	30.0	486.0	55.0	15.0	44.0	492.0	17.0	32.0	27.0	15.0	2.0
1	7	8	-99999.9	1.0	-0.007058823529411764	7623.0	107.0	123.0	439.0	5.0	1046.0	11.0	11.0	8.0	543.0	6.0	4.0	6.0	66.0	2.0
1	8	7	0.6880734534969293	0.2457031952511557	0.006912442396313363	7623.0	123.0	107.0	439.0	5.0	1046.0	8.0	4.0	11.0	543.0	6.0	11.0	6.0	66.0	2.0
7	1	8	-98.16514603222859	1.0	0.5017462165308498	7623.0	107.0	1046.0	11.0	11.0	123.0	439.0	5.0	8.0	543.0	6.0	4.0	66.0	6.0	2.0
1	7	9	-99999.9	1.0	1.25	7248.0	482.0	499.0	52.0	16.0	990.0	51.0	27.0	46.0	493.0	18.0	28.0	19.0	30.0	1.0
1	9	7	0.5315690891355908	0.2975122212084882	0.45454545454545453	7248.0	499.0	482.0	52.0	16.0	990.0	46.0	28.0	51.0	493.0	19.0	27.0	18.0	30.0	1.0
7	1	9	-0.10631381782711852	0.5423333686523797	0.8571428571428571	7248.0	482.0	990.0	51.0	27.0	499.0	52.0	16.0	46.0	493.0	18.0	28.0	30.0	19.0	1.0
1	8	9	0.11034015587503329	0.4560697557857458	0.0	7262.0	484.0	485.0	53.0	13.0	984.0	46.0	28.0	46.0	496.0	18.0	34.0	21.0	28.0	2.0
1	9	8	0.11034015587503329	0.4560697557857458	0.0	7262.0	485.0	484.0	53.0	13.0	984.0	46.0	34.0	46.0	496.0	21.0	28.0	18.0	28.0	2.0
8	1	9	-0.729404141568474	0.7671228266507708	0.5	7262.0	484.0	984.0	46.0	28.0	485.0	53.0	13.0	46.0	496.0	18.0	34.0	28.0	21.0	2.0
2	3	4	-99999.9	1.0	-0.0078125	7739.0	357.0	355.0	159.0	18.0	692.0	30.0	14.0	29.0	529.0	15.0	13.0	14.0	35.0	1.0
2	4	3	0.1305609788422283	0.4480612722324451	0.0076335877862595426	7739.0	355.0	357.0	159.0	18.0	692.0	29.0	13.0	30.0	529.0	14.0	14.0	15.0	35.0	1.0
3	2	4	-16.842366270647474	1.0	0.5019305019305019	7739.0	357.0	692.0	30.0	14.0	355.0	159.0	18.0	29.0	529.0	15.0	13.0	35.0	14.0	1.0
2	3	5	0.977027633287925	0.1642777369751507	0.0457516339869281	7727.0	369.0	349.0	169.0	14.0	699.0	23.0	14.0	30.0	526.0	17.0	11.0	12.0	39.0	1.0
2	5	3	-99999.9	1.0	-0.05303030303030303	7727.0	349.0	369.0	169.0	14.0	699.0	30.0	11.0	23.0	526.0	12.0	14.0	17.0	39.0	1.0
3	2	5	-19.400977289574524	1.0	0.48771929824561405	7727.0	369.0	699.0	23.0	14.0	349.0	169.0	14.0	30.0	526.0	17.0	11.0	39.0	12.0	1.0
2	3	6	0.813954304170245	0.20783550797490313	0.04026845637583893	7726.0	370.0	350.0	168.0	14.0	697.0	25.0	14.0	31.0	527.0	15.0	11.0	12.0	39.0	1.0
2	6	3	-99999.9	1.0	-0.04580152671755725	7726.0	350.0	370.0	168.0	14.0	697.0	31.0	11.0	25.0	527.0	12.0	14.0	15.0	39.0	1.0
3	2	6	-18.585289945220598	1.0	0.4892857142857143	7726.0	370.0	697.0	25.0	14.0	350.0	168.0	14.0	31.0	527.0	15.0	11.0	39.0	12.0	1.0
2	3	7	-99999.9	1.0	-0.007246376811594203	7718.0	378.0	350.0	165.0	17.0	693.0	26.0	17.0	25.0	528.0	20.0	12.0	13.0	38.0	0.0
2	7	3	0.14036993411447865	0.44418383014424356	0.0070921985815602835	7718.0	350.0	378.0	165.0	17.0	693.0	25.0	12.0	26.0	528.0	13.0	17.0	20.0	38.0	0.0
3	2	7	-19.511420841912567	1.0	0.5017921146953405	7718.0	378.0	693.0	26.0	17.0	350.0	165.0	17.0	25.0	528.0	20.0	12.0	38.0	13.0	0.0
2	3	8	-99999.9	1.0	-0.0364963503649635	7730.0	366.0	348.0	168.0	16.0	692.0	26.0	18.0	21.0	532.0	20.0	13.0	12.0	38.0	0.0
2	8	3	0.7381185325001964	0.23022114264634463	0.03289473684210527	7730.0	348.0	366.0	168.0	16.0	692.0	21.0	13.0	26.0	532.0	12.0	18.0	20.0	38.0	0.0
3	2	8	-20.962566323005575	1.0	0.5086505190311418	7730.0	366.0	692.0	26.0	18.0	348.0	168.0	16.0	21.0	532.0	20.0	13.0	38.0	12.0	0.0
2	3	9	-0.1662774096151742	0.5660306813422301	-1.0	7587.0	509.0	480.0	37.0	15.0	677.0	41.0	18.0	43.0	515.0	15.0	24.0	16.0	22.0	1.0
2	9	3	-0.24941611442276101	0.5984804845397667	0.25	7587.0	480.0	509.0	37.0	15.0	677.0	43.0	24.0	41.0	515.0	16.0	18.0	15.0	22.0	1.0
3	2	9	0.4988322288455237	0.30894878959336514	0.6	7587.0	509.0	677.0	41.0	18.0	480.0	37.0	15.0	43.0	515.0	15.0	24.0	22.0	16.0	1.0
2	4	5	1.2790871896282245	0.10043324575384549	0.04891304347826087	7753.0	341.0	323.0	196.0	15.0	699.0	21.0	14.0	30.0	528.0	15.0	11.0	12.0	38.0	4.0
2	5	4	-99999.9	1.0	-0.05732484076433121	7753.0	323.0	341.0	196.0	15.0	699.0	30.0	11.0	21.0	528.0	12.0	14.0	15.0	38.0	4.0
4	2	5	-23.592052608698374	1.0	0.4868035190615836	7753.0	341.0	699.0	21.0	14.0	323.0	196.0	15.0	30.0	528.0	15.0	11.0	38.0	12.0	4.0
2	4	6	0.9746215300273589	0.1648740148943042	0.03910614525139665	7751.0	343.0	325.0	195.0	14.0	698.0	23.0	13.0	30.0	529.0	14.0	11.0	12.0	38.0	4.0
2	6	4	-99999.9	1.0	-0.04430379746835444	7751.0	325.0	343.0	195.0	14.0	698.0	30.0	11.0	23.0	529.0	12.0	13.0	14.0	38.0	4.0
4	2	6	-22.97322177921634	1.0	0.48961424332344217	7751.0	343.0	698.0	23.0	13.0	325.0	195.0	14.0	30.0	529.0	14.0	11.0	38.0	12.0	4.0
2	4	7	0.1389318953008384	0.4447519563089868	0.0	7747.0	347.0	321.0	199.0	14.0	692.0	26.0	16.0	26.0	528.0	19.0	12.0	13.0	38.0	2.0
2	7	4	0.1389318953008384	0.4447519563089868	0.0	7747.0	321.0	347.0	199.0	14.0	692.0	26.0	12.0	26.0	528.0	13.0	16.0	19.0	38.0	2.0
4	2	7	-23.967748643708372	1.0	0.5	7747.0	347.0	692.0	26.0	16.0	321.0	199.0	14.0	26.0	528.0	19.0	12.0	38.0	13.0	2.0
2	4	8	-99999.9	1.0	-0.017857142857142856	7752.0	342.0	326.0	196.0	12.0	692.0	25.0	17.0	22.0	533.0	18.0	12.0	12.0	39.0	2.0
2	8	4	0.44039386345222703	0.32982596469899184	0.01694915254237288	7752.0	326.0	342.0	196.0	12.0	692.0	22.0	12.0	25.0	533.0	12.0	17.0	18.0	39.0	2.0
4	2	8	-25.1024502167769	1.0	0.5043478260869565	7752.0	342.0	692.0	25.0	17.0	326.0	196.0	12.0	22.0	533.0	18.0	12.0	39.0	12.0	2.0
2	4	9	0.532699206822126	0.2971208891074337	0.5	7596.0	498.0	471.0	44.0	19.0	677.0	39.0	18.0	44.0	514.0	15.0	23.0	19.0	21.0	2.0
2	9	4	0.0	0.49999999949999996	nan	7596.0	471.0	498.0	44.0	19.0	677.0	44.0	23.0	39.0	514.0	19.0	18.0	15.0	21.0	2.0
4	2	9	-0.0931215789389251	0.5370965738973131	-0.0	7596.0	498.0	677.0	39.0	18.0	471.0	44.0	19.0	44.0	514.0	15.0	23.0	21.0	19.0	2.0
2	5	6	-99999.9	1.0	-0.0037735849056603774	8058.0	18.0	18.0	534.0	0.0	738.0	2.0	0.0	0.0	560.0	1.0	1.0	2.0	68.0	0.0
2	6	5	1.3777982153331398	0.08413285731632625	0.0037313432835820895	8058.0	18.0	18.0	534.0	0.0	738.0	0.0	1.0	2.0	560.0	2.0	0.0	1.0	68.0	0.0
5	2	6	-366.49432527862007	1.0	0.50093808630394	8058.0	18.0	738.0	2.0	0.0	18.0	534.0	0.0	0.0	560.0	1.0	1.0	68.0	2.0	0.0
2	5	7	-99999.9	1.0	-0.04060913705583757	7764.0	312.0	304.0	232.0	16.0	698.0	27.0	15.0	19.0	526.0	16.0	13.0	14.0	43.0	1.0
2	7	5	1.1922618980456487	0.11657934860006969	0.03619909502262443	7764.0	304.0	312.0	232.0	16.0	698.0	19.0	13.0	27.0	526.0	14.0	15.0	16.0	43.0	1.0
5	2	7	-30.551711137419744	1.0	0.5095693779904307	7764.0	312.0	698.0	27.0	15.0	304.0	232.0	16.0	19.0	526.0	16.0	13.0	43.0	14.0	1.0
2	5	8	-99999.9	1.0	-0.05555555555555555	7776.0	300.0	302.0	235.0	15.0	698.0	26.0	16.0	15.0	530.0	16.0	13.0	14.0	43.0	1.0
2	8	5	1.734484017179255	0.041416081380737046	0.047619047619047616	7776.0	302.0	300.0	235.0	15.0	698.0	15.0	13.0	26.0	530.0	14.0	16.0	16.0	43.0	1.0
5	2	8	-32.95519632640586	1.0	0.5128205128205129	7776.0	300.0	698.0	26.0	16.0	302.0	235.0	15.0	15.0	530.0	16.0	13.0	43.0	14.0	1.0
2	5	9	-0.2556782070497923	0.6009002805044352	0.75	7569.0	507.0	498.0	39.0	15.0	681.0	41.0	18.0	35.0	512.0	14.0	28.0	19.0	22.0	2.0
2	9	5	0.511356414099583	0.30455074700145435	0.6	7569.0	498.0	507.0	39.0	15.0	681.0	35.0	28.0	41.0	512.0	19.0	18.0	14.0	22.0	2.0
5	2	9	-99999.9	1.0	2.0	7569.0	507.0	681.0	41.0	18.0	498.0	39.0	15.0	35.0	512.0	14.0	28.0	22.0	19.0	2.0
2	6	7	-99999.9	1.0	-0.030150753768844223	7763.0	313.0	305.0	231.0	16.0	698.0	26.0	15.0	20.0	528.0	16.0	12.0	13.0	43.0	1.0
2	7	6	0.8928140743590868	0.18597834209805741	0.027649769585253454	7763.0	305.0	313.0	231.0	16.0	698.0	20.0	12.0	26.0	528.0	13.0	15.0	16.0	43.0	1.0
6	2	7	-30.50448087393547	1.0	0.5072115384615384	7763.0	313.0	698.0	26.0	15.0	305.0	231.0	16.0	20.0	528.0	16.0	12.0	43.0	13.0	1.0
2	6	8	-99999.9	1.0	-0.04477611940298507	7776.0	300.0	302.0	235.0	15.0	698.0	25.0	16.0	16.0	532.0	16.0	12.0	13.0	43.0	1.0
2	8	6	1.419394207572661	0.07789211057274292	0.039473684210526314	7776.0	302.0	300.0	235.0	15.0	698.0	16.0	12.0	25.0	532.0	13.0	16.0	16.0	43.0	1.0
6	2	8	-33.11919817669542	1.0	0.5104895104895105	7776.0	300.0	698.0	25.0	16.0	302.0	235.0	15.0	16.0	532.0	16.0	12.0	43.0	13.0	1.0
2	6	9	-0.26132072055760275	0.6030773460266121	0.6666666666666666	7569.0	507.0	498.0	39.0	15.0	680.0	41.0	18.0	37.0	513.0	14.0	27.0	18.0	22.0	2.0
2	9	6	0.2613207205576022	0.39692265397338833	0.6666666666666666	7569.0	498.0	507.0	39.0	15.0	680.0	37.0	27.0	41.0	513.0	18.0	18.0	14.0	22.0	2.0
6	2	9	-99999.9	1.0	-inf	7569.0	507.0	680.0	41.0	18.0	498.0	39.0	15.0	37.0	513.0	14.0	27.0	22.0	18.0	2.0
2	7	8	-99999.9	1.0	-0.007177033492822967	7952.0	116.0	126.0	430.0	4.0	717.0	9.0	4.0	6.0	554.0	7.0	3.0	7.0	64.0	1.0
2	8	7	0.7736631898230306	0.21956493179045777	0.00702576112412178	7952.0	126.0	116.0	430.0	4.0	717.0	6.0	3.0	9.0	554.0	7.0	4.0	7.0	64.0	1.0
7	2	8	-108.57073430516498	1.0	0.5017751479289941	7952.0	116.0	717.0	9.0	4.0	126.0	430.0	4.0	6.0	554.0	7.0	3.0	64.0	7.0	1.0
2	7	9	0.12431595893177635	0.4505325166025249	0.8	7566.0	502.0	501.0	40.0	19.0	672.0	39.0	19.0	43.0	511.0	13.0	29.0	22.0	24.0	0.0
2	9	7	-0.372947876795328	0.6454063218708184	0.5714285714285715	7566.0	501.0	502.0	40.0	19.0	672.0	43.0	29.0	39.0	511.0	22.0	19.0	13.0	24.0	0.0
7	2	9	-0.0932369691988322	0.5371424084794854	1.5	7566.0	502.0	672.0	39.0	19.0	501.0	40.0	19.0	43.0	511.0	13.0	29.0	24.0	22.0	0.0
2	8	9	0.7305335286913281	0.23253199388441637	0.5714285714285715	7574.0	504.0	493.0	41.0	16.0	672.0	35.0	19.0	43.0	513.0	14.0	29.0	24.0	23.0	0.0
2	9	8	-0.24351117623044222	0.5961952338713461	0.8	7574.0	493.0	504.0	41.0	16.0	672.0	43.0	29.0	35.0	513.0	24.0	19.0	14.0	23.0	0.0
8	2	9	-0.18263338217283173	0.5724571440998882	-0.49999999999999994	7574.0	504.0	672.0	35.0	19.0	493.0	41.0	16.0	43.0	513.0	14.0	29.0	23.0	24.0	0.0
3	4	5	-99999.9	1.0	-0.2608695652173913	8090.0	341.0	336.0	55.0	10.0	362.0	26.0	9.0	20.0	688.0	15.0	8.0	20.0	19.0	1.0
3	5	4	0.9321363641669712	0.17563301172177082	0.14634146341463414	8090.0	336.0	341.0	55.0	10.0	362.0	20.0	8.0	26.0	688.0	20.0	9.0	15.0	19.0	1.0
4	3	5	-4.5053257601403605	0.999996683367913	0.546875	8090.0	341.0	362.0	26.0	9.0	336.0	55.0	10.0	20.0	688.0	15.0	8.0	19.0	20.0	1.0
3	4	6	-99999.9	1.0	-0.20833333333333334	8086.0	345.0	337.0	55.0	9.0	363.0	26.0	8.0	21.0	688.0	14.0	8.0	20.0	19.0	1.0
3	6	4	0.7664729379298215	0.22169740809470262	0.12820512820512822	8086.0	337.0	345.0	55.0	9.0	363.0	21.0	8.0	26.0	688.0	20.0	8.0	14.0	19.0	1.0
4	3	6	-4.445543039992964	0.9999956127143077	0.5396825396825397	8086.0	345.0	363.0	26.0	8.0	337.0	55.0	9.0	21.0	688.0	14.0	8.0	19.0	20.0	1.0
3	4	7	-99999.9	1.0	-0.1515151515151515	8078.0	353.0	333.0	62.0	6.0	361.0	24.0	12.0	19.0	685.0	19.0	7.0	22.0	18.0	1.0
3	7	4	0.7928889742677397	0.21392119436578638	0.10416666666666667	8078.0	333.0	353.0	62.0	6.0	361.0	19.0	7.0	24.0	685.0	22.0	12.0	19.0	18.0	1.0
4	3	7	-6.025956204434821	0.9999999991563713	0.5308641975308641	8078.0	353.0	361.0	24.0	12.0	333.0	62.0	6.0	19.0	685.0	19.0	7.0	18.0	22.0	1.0
3	4	8	-99999.9	1.0	-0.7222222222222223	8084.0	347.0	338.0	58.0	5.0	360.0	27.0	10.0	14.0	691.0	18.0	8.0	20.0	19.0	1.0
3	8	4	2.0792261907050733	0.018798218178126103	0.2280701754385965	8084.0	338.0	347.0	58.0	5.0	360.0	14.0	8.0	27.0	691.0	20.0	10.0	18.0	19.0	1.0
4	3	8	-4.958154762450558	0.999999643630477	0.5866666666666667	8084.0	347.0	360.0	27.0	10.0	338.0	58.0	5.0	14.0	691.0	18.0	8.0	19.0	20.0	1.0
3	4	9	1.5998499189959152	0.05481594045950744	0.9299363057324841	7908.0	523.0	356.0	30.0	15.0	365.0	19.0	13.0	165.0	538.0	20.0	17.0	17.0	11.0	3.0
3	9	4	-19.6345217331317	1.0	0.5195729537366548	7908.0	356.0	523.0	30.0	15.0	365.0	165.0	17.0	19.0	538.0	17.0	13.0	20.0	11.0	3.0
4	3	9	-1.4793132812633463	0.9304716620706721	1.0887096774193548	7908.0	523.0	365.0	19.0	13.0	356.0	30.0	15.0	165.0	538.0	20.0	17.0	11.0	17.0	3.0
3	5	6	0.9524611760891115	0.1704315644463863	0.002564102564102564	8406.0	20.0	17.0	389.0	0.0	390.0	0.0	0.0	1.0	732.0	1.0	1.0	2.0	41.0	0.0
3	6	5	-99999.9	1.0	-0.002583979328165375	8406.0	17.0	20.0	389.0	0.0	390.0	1.0	1.0	0.0	732.0	2.0	0.0	1.0	41.0	0.0
5	3	6	-369.5549363225714	1.0	0.49935649935649934	8406.0	20.0	390.0	0.0	0.0	17.0	389.0	0.0	1.0	732.0	1.0	1.0	41.0	2.0	0.0
3	5	7	0.2985321375333854	0.3826485938789038	0.02898550724637681	8106.0	320.0	305.0	89.0	12.0	356.0	22.0	12.0	24.0	692.0	18.0	7.0	17.0	20.0	0.0
3	7	5	-99999.9	1.0	-0.03174603174603175	8106.0	305.0	320.0	89.0	12.0	356.0	24.0	7.0	22.0	692.0	17.0	12.0	18.0	20.0	0.0
5	3	7	-9.702294469835023	1.0	0.49242424242424243	8106.0	320.0	356.0	22.0	12.0	305.0	89.0	12.0	24.0	692.0	18.0	7.0	20.0	17.0	0.0
3	5	8	-99999.9	1.0	-0.08064516129032258	8117.0	309.0	305.0	90.0	11.0	357.0	23.0	10.0	18.0	698.0	18.0	7.0	17.0	20.0	0.0
3	8	5	0.7994693679179798	0.21200909073086815	0.06493506493506494	8117.0	305.0	309.0	90.0	11.0	357.0	18.0	7.0	23.0	698.0	17.0	10.0	18.0	20.0	0.0
5	3	8	-10.712889530100925	1.0	0.5179856115107914	8117.0	309.0	357.0	23.0	10.0	305.0	90.0	11.0	18.0	698.0	18.0	7.0	20.0	17.0	0.0
3	5	9	0.29630219876064695	0.38349972135233446	0.9871794871794872	7895.0	531.0	369.0	24.0	13.0	355.0	22.0	13.0	176.0	537.0	21.0	16.0	15.0	12.0	1.0
3	9	5	-22.518967105809146	1.0	0.5032679738562091	7895.0	369.0	531.0	24.0	13.0	355.0	176.0	16.0	22.0	537.0	15.0	13.0	21.0	12.0	1.0
5	3	9	-0.2924541182572619	0.6150302149034238	1.0133333333333334	7895.0	531.0	355.0	22.0	13.0	369.0	24.0	13.0	176.0	537.0	21.0	16.0	12.0	15.0	1.0
3	6	7	0.14674634401894832	0.44166609853773386	0.014705882352941176	8104.0	319.0	307.0	90.0	12.0	357.0	23.0	12.0	24.0	692.0	18.0	6.0	16.0	20.0	0.0
3	7	6	-99999.9	1.0	-0.015384615384615385	8104.0	307.0	319.0	90.0	12.0	357.0	24.0	6.0	23.0	692.0	16.0	12.0	18.0	20.0	0.0
6	3	7	-9.685258705250602	1.0	0.49624060150375937	8104.0	319.0	357.0	23.0	12.0	307.0	90.0	12.0	24.0	692.0	18.0	6.0	20.0	16.0	0.0
3	6	8	-99999.9	1.0	-0.09677419354838711	8116.0	307.0	306.0	92.0	11.0	358.0	24.0	10.0	18.0	698.0	18.0	6.0	16.0	20.0	0.0
3	8	6	0.949909639623507	0.17107907431139657	0.075	8116.0	306.0	307.0	92.0	11.0	358.0	18.0	6.0	24.0	698.0	16.0	10.0	18.0	20.0	0.0
6	3	8	-10.765642582399744	1.0	0.5211267605633804	8116.0	307.0	358.0	24.0	10.0	306.0	92.0	11.0	18.0	698.0	18.0	6.0	20.0	16.0	0.0
3	6	9	0.29009461145615967	0.3858719960558934	0.9870967741935484	7893.0	530.0	371.0	25.0	13.0	356.0	23.0	13.0	176.0	537.0	21.0	15.0	14.0	12.0	1.0
3	9	6	-21.902143164940053	1.0	0.5032894736842105	7893.0	371.0	530.0	25.0	13.0	356.0	176.0	15.0	23.0	537.0	14.0	13.0	21.0	12.0	1.0
6	3	9	-0.2863025250318961	0.6126767214666906	1.0134228187919463	7893.0	530.0	356.0	23.0	13.0	371.0	25.0	13.0	176.0	537.0	21.0	15.0	12.0	14.0	1.0
3	7	8	-99999.9	1.0	-0.025925925925925925	8293.0	118.0	129.0	287.0	5.0	376.0	10.0	1.0	3.0	721.0	7.0	3.0	7.0	40.0	0.0
3	8	7	1.9321181357712467	0.02667239513233799	0.024054982817869414	8293.0	129.0	118.0	287.0	5.0	376.0	3.0	3.0	10.0	721.0	7.0	1.0	7.0	40.0	0.0
7	3	8	-76.4566748012333	1.0	0.5062388591800356	8293.0	118.0	376.0	10.0	1.0	129.0	287.0	5.0	3.0	721.0	7.0	3.0	40.0	7.0	0.0
3	7	9	0.6229576210135737	0.26665613011956446	0.9743589743589743	7884.0	527.0	380.0	23.0	18.0	354.0	19.0	14.0	171.0	540.0	20.0	22.0	15.0	12.0	1.0
3	9	7	-23.049431977502206	1.0	0.5066666666666666	7884.0	380.0	527.0	23.0	18.0	354.0	171.0	22.0	19.0	540.0	15.0	14.0	20.0	12.0	1.0
7	3	9	-0.6065639994079532	0.727929901420842	1.0277777777777777	7884.0	527.0	354.0	19.0	14.0	380.0	23.0	18.0	171.0	540.0	20.0	22.0	12.0	15.0	1.0
3	8	9	1.4598321544505268	0.07216814524139248	0.9467455621301775	7893.0	529.0	371.0	24.0	15.0	353.0	15.0	14.0	175.0	542.0	21.0	19.0	17.0	11.0	1.0
3	9	8	-24.492739480225485	1.0	0.5144694533762058	7893.0	371.0	529.0	24.0	15.0	353.0	175.0	19.0	15.0	542.0	17.0	14.0	21.0	11.0	1.0
8	3	9	-1.3777165957626847	0.915854538561466	1.0633802816901408	7893.0	529.0	353.0	15.0	14.0	371.0	24.0	15.0	175.0	542.0	21.0	19.0	11.0	17.0	1.0
4	5	6	0.44318140604135325	0.32881729243182134	0.002777777777777778	8434.0	18.0	15.0	361.0	0.0	362.0	2.0	0.0	3.0	758.0	1.0	1.0	2.0	43.0	0.0
4	6	5	-99999.9	1.0	-0.0028011204481792717	8434.0	15.0	18.0	361.0	0.0	362.0	3.0	1.0	2.0	758.0	2.0	0.0	1.0	43.0	0.0
5	4	6	-158.65894336280485	1.0	0.499302649930265	8434.0	18.0	362.0	2.0	0.0	15.0	361.0	0.0	3.0	758.0	1.0	1.0	43.0	2.0	0.0
4	5	7	-99999.9	1.0	-0.34782608695652173	8133.0	319.0	306.0	60.0	10.0	329.0	29.0	6.0	21.0	720.0	21.0	9.0	16.0	21.0	0.0
4	7	5	1.1942081792967159	0.11619833627931331	0.1702127659574468	8133.0	306.0	319.0	60.0	10.0	329.0	21.0	9.0	29.0	720.0	16.0	6.0	21.0	21.0	0.0
5	4	7	-4.627556694774774	0.9999981479970261	0.5571428571428572	8133.0	319.0	329.0	29.0	6.0	306.0	60.0	10.0	21.0	720.0	21.0	9.0	21.0	16.0	0.0
4	5	8	-99999.9	1.0	-0.32142857142857145	8139.0	313.0	305.0	62.0	9.0	335.0	25.0	4.0	16.0	726.0	20.0	9.0	17.0	20.0	0.0
4	8	5	1.4636717014077438	0.07164187524722121	0.16363636363636364	8139.0	305.0	313.0	62.0	9.0	335.0	16.0	9.0	25.0	726.0	17.0	4.0	20.0	20.0	0.0
5	4	8	-6.017316994676279	0.9999999991101277	0.5542168674698795	8139.0	313.0	335.0	25.0	4.0	305.0	62.0	9.0	16.0	726.0	20.0	9.0	20.0	17.0	0.0
4	5	9	-1.0959841144920424	0.8634570936980515	1.0484848484848486	7929.0	523.0	344.0	21.0	11.0	321.0	29.0	14.0	202.0	536.0	24.0	15.0	14.0	16.0	1.0
4	9	5	-24.796640590382452	1.0	0.4887005649717514	7929.0	344.0	523.0	21.0	11.0	321.0	202.0	15.0	29.0	536.0	14.0	14.0	24.0	16.0	1.0
5	4	9	1.1466654608269344	0.1257600111832251	0.9576719576719577	7929.0	523.0	321.0	29.0	14.0	344.0	21.0	11.0	202.0	536.0	24.0	15.0	16.0	14.0	1.0
4	6	7	-99999.9	1.0	-0.4090909090909091	8130.0	319.0	309.0	60.0	10.0	331.0	29.0	6.0	20.0	721.0	21.0	8.0	15.0	21.0	0.0
4	7	6	1.3547617830395495	0.08774679551636821	0.18367346938775508	8130.0	309.0	319.0	60.0	10.0	331.0	20.0	8.0	29.0	721.0	15.0	6.0	21.0	21.0	0.0
6	4	7	-4.666401697136227	0.9999984656870281	0.5633802816901409	8130.0	319.0	331.0	29.0	6.0	309.0	60.0	10.0	20.0	721.0	21.0	8.0	21.0	15.0	0.0
4	6	8	-99999.9	1.0	-0.3571428571428571	8137.0	312.0	307.0	63.0	9.0	337.0	25.0	4.0	15.0	727.0	20.0	8.0	16.0	20.0	0.0
4	8	6	1.6391477258800766	0.0505912365600959	0.1724137931034483	8137.0	307.0	312.0	63.0	9.0	337.0	15.0	8.0	25.0	727.0	16.0	4.0	20.0	20.0	0.0
6	4	8	-6.228761358344288	0.9999999997639512	0.5581395348837209	8137.0	312.0	337.0	25.0	4.0	307.0	63.0	9.0	15.0	727.0	20.0	8.0	20.0	16.0	0.0
4	6	9	-1.0957864902685586	0.863413845948216	1.048780487804878	7926.0	523.0	347.0	21.0	11.0	323.0	29.0	14.0	201.0	537.0	24.0	14.0	13.0	16.0	1.0
4	9	6	-24.65519603104256	1.0	0.48863636363636365	7926.0	347.0	523.0	21.0	11.0	323.0	201.0	14.0	29.0	537.0	13.0	14.0	24.0	16.0	1.0
6	4	9	1.1467533037694218	0.12574185266615467	0.9574468085106383	7926.0	523.0	323.0	29.0	14.0	347.0	21.0	11.0	201.0	537.0	24.0	14.0	16.0	13.0	1.0
4	7	8	-99999.9	1.0	-0.004	8321.0	118.0	123.0	261.0	5.0	348.0	10.0	1.0	9.0	750.0	6.0	3.0	8.0	37.0	0.0
4	8	7	0.22922020870715137	0.4093489275843655	0.003952569169960474	8321.0	123.0	118.0	261.0	5.0	348.0	9.0	3.0	10.0	750.0	8.0	1.0	6.0	37.0	0.0
7	4	8	-57.534272385494845	1.0	0.5009940357852882	8321.0	118.0	348.0	10.0	1.0	123.0	261.0	5.0	9.0	750.0	6.0	3.0	37.0	8.0	0.0
4	7	9	-1.0154660824897233	0.845058130927708	1.0411764705882354	7918.0	521.0	355.0	19.0	15.0	320.0	26.0	13.0	203.0	538.0	24.0	15.0	15.0	18.0	0.0
4	9	7	-26.692251311158437	1.0	0.4903047091412743	7918.0	355.0	521.0	19.0	15.0	320.0	203.0	15.0	26.0	538.0	15.0	13.0	24.0	18.0	0.0
7	4	9	1.0556257580684127	0.14556964432986996	0.9633507853403142	7918.0	521.0	320.0	26.0	13.0	355.0	19.0	15.0	203.0	538.0	24.0	15.0	18.0	15.0	0.0
4	8	9	-0.30635168318555067	0.6203314852300216	1.0112994350282485	7921.0	523.0	352.0	20.0	12.0	325.0	22.0	13.0	201.0	541.0	26.0	12.0	16.0	16.0	0.0
4	9	8	-27.724827328292402	1.0	0.49722222222222223	7921.0	352.0	523.0	20.0	12.0	325.0	201.0	12.0	22.0	541.0	16.0	13.0	26.0	16.0	0.0
8	4	9	0.30977460702002607	0.3783662503953418	0.9890710382513661	7921.0	523.0	325.0	22.0	13.0	352.0	20.0	12.0	201.0	541.0	26.0	12.0	16.0	16.0	0.0
5	6	7	0.0	0.49999999949999996	nan	8444.0	352.0	18.0	2.0	0.0	17.0	2.0	0.0	319.0	798.0	45.0	0.0	1.0	2.0	0.0
5	7	6	-156.55514106895956	1.0	0.5	8444.0	18.0	352.0	2.0	0.0	17.0	319.0	0.0	2.0	798.0	1.0	0.0	45.0	2.0	0.0
6	5	7	0.0	0.49999999949999996	nan	8444.0	352.0	17.0	2.0	0.0	18.0	2.0	0.0	319.0	798.0	45.0	0.0	2.0	1.0	0.0
5	6	8	0.4432389615177566	0.328796479083143	0.9967948717948718	8457.0	339.0	17.0	3.0	0.0	17.0	2.0	0.0	313.0	805.0	44.0	0.0	1.0	2.0	0.0
5	8	6	-137.4040780705044	1.0	0.500805152979066	8457.0	17.0	339.0	3.0	0.0	17.0	313.0	0.0	2.0	805.0	1.0	0.0	44.0	2.0	0.0
6	5	8	-0.4418137558537124	0.6706879785759017	1.0032362459546926	8457.0	339.0	17.0	2.0	0.0	17.0	3.0	0.0	313.0	805.0	44.0	0.0	2.0	1.0	0.0
5	6	9	0.0	0.49999999949999996	nan	8231.0	565.0	19.0	1.0	0.0	18.0	1.0	0.0	543.0	571.0	48.0	0.0	1.0	2.0	0.0
5	9	6	-374.01553316354375	1.0	0.5	8231.0	19.0	565.0	1.0	0.0	18.0	543.0	0.0	1.0	571.0	1.0	0.0	48.0	2.0	0.0
6	5	9	0.0	0.49999999949999996	nan	8231.0	565.0	18.0	1.0	0.0	19.0	1.0	0.0	543.0	571.0	48.0	0.0	2.0	1.0	0.0
5	7	8	-99999.9	1.0	-0.02415458937198068	8346.0	116.0	128.0	223.0	3.0	323.0	11.0	2.0	6.0	788.0	7.0	1.0	9.0	37.0	0.0
5	8	7	1.2147223818728767	0.11223606291874089	0.02252252252252252	8346.0	128.0	116.0	223.0	3.0	323.0	6.0	1.0	11.0	788.0	9.0	2.0	7.0	37.0	0.0
7	5	8	-51.504228991409974	1.0	0.5058275058275058	8346.0	116.0	323.0	11.0	2.0	128.0	223.0	3.0	6.0	788.0	7.0	1.0	37.0	9.0	0.0
5	7	9	0.0	0.49999999949999996	nan	7931.0	531.0	319.0	18.0	17.0	307.0	18.0	11.0	235.0	542.0	24.0	19.0	13.0	15.0	0.0
5	9	7	-36.11653959244937	1.0	0.5	7931.0	319.0	531.0	18.0	17.0	307.0	235.0	19.0	18.0	542.0	13.0	11.0	24.0	15.0	0.0
7	5	9	0.0	0.49999999949999996	nan	7931.0	531.0	307.0	18.0	11.0	319.0	18.0	17.0	235.0	542.0	24.0	19.0	15.0	13.0	0.0
5	8	9	0.8757045092810428	0.19059530865474794	0.9782608695652174	7941.0	533.0	309.0	19.0	14.0	305.0	14.0	11.0	239.0	544.0	25.0	17.0	15.0	14.0	0.0
5	9	8	-38.5309984083659	1.0	0.5056179775280899	7941.0	309.0	533.0	19.0	14.0	305.0	239.0	17.0	14.0	544.0	15.0	11.0	25.0	14.0	0.0
8	5	9	-0.8562444090747975	0.804068742948441	1.0232558139534884	7941.0	533.0	305.0	14.0	11.0	309.0	19.0	14.0	239.0	544.0	25.0	17.0	14.0	15.0	0.0
6	7	8	-99999.9	1.0	-0.029268292682926828	8346.0	115.0	128.0	223.0	3.0	323.0	12.0	2.0	6.0	789.0	7.0	1.0	9.0	36.0	0.0
6	8	7	1.4165533202427074	0.07830683333004584	0.026905829596412554	8346.0	128.0	115.0	223.0	3.0	323.0	6.0	1.0	12.0	789.0	9.0	2.0	7.0	36.0	0.0
7	6	8	-49.81545842853522	1.0	0.5070093457943925	8346.0	115.0	323.0	12.0	2.0	128.0	223.0	3.0	6.0	789.0	7.0	1.0	36.0	9.0	0.0
6	7	9	0.0	0.49999999949999996	nan	7930.0	531.0	319.0	18.0	17.0	308.0	18.0	11.0	235.0	543.0	24.0	19.0	13.0	14.0	0.0
6	9	7	-36.11653959244937	1.0	0.5	7930.0	319.0	531.0	18.0	17.0	308.0	235.0	19.0	18.0	543.0	13.0	11.0	24.0	14.0	0.0
7	6	9	0.0	0.49999999949999996	nan	7930.0	531.0	308.0	18.0	11.0	319.0	18.0	17.0	235.0	543.0	24.0	19.0	14.0	13.0	0.0
6	8	9	0.8756756497832546	0.19060315527405658	0.9783549783549783	7941.0	533.0	308.0	19.0	14.0	305.0	14.0	11.0	240.0	545.0	25.0	17.0	15.0	13.0	0.0
6	9	8	-38.70486372041984	1.0	0.5055928411633109	7941.0	308.0	533.0	19.0	14.0	305.0	240.0	17.0	14.0	545.0	15.0	11.0	25.0	13.0	0.0
8	6	9	-0.8563022946995542	0.8040847483673742	1.0231481481481481	7941.0	533.0	305.0	14.0	11.0	308.0	19.0	14.0	240.0	545.0	25.0	17.0	13.0	15.0	0.0
7	8	9	1.501546333727813	0.06660718527933795	0.9887133182844243	8120.0	549.0	118.0	8.0	3.0	126.0	3.0	6.0	441.0	564.0	43.0	6.0	8.0	5.0	0.0
7	9	8	-130.03391250082862	1.0	0.5028702640642938	8120.0	118.0	549.0	8.0	3.0	126.0	441.0	6.0	3.0	564.0	8.0	6.0	43.0	5.0	0.0
8	7	9	-1.4844053938450752	0.9311492635645995	1.0116822429906542	8120.0	549.0	126.0	3.0	6.0	118.0	8.0	3.0	441.0	564.0	43.0	6.0	5.0	8.0	0.0
