P1	Hybrid	P2	Zscore	Pvalue	Gamma	AAAA	AAAB	AABA	AABB	AABC	ABAA	ABAB	ABAC	ABBA	BAAA	ABBC	CABC	BACA	BCAA	ABCD
1	2	3	-99999.9	1.0	-0.002116402116402116	36652.0	2255.0	2182.0	1153.0	154.0	3340.0	206.0	118.0	204.0	3176.0	116.0	97.0	91.0	243.0	13.0
1	3	2	0.09886391237880485	0.4606231033025445	0.002103049421661409	36652.0	2182.0	2255.0	1153.0	154.0	3340.0	204.0	97.0	206.0	3176.0	91.0	118.0	116.0	243.0	13.0
2	1	3	-46.81206251136394	1.0	0.5005274261603376	36652.0	2255.0	3340.0	206.0	118.0	2182.0	1153.0	154.0	204.0	3176.0	116.0	97.0	243.0	91.0	13.0
1	2	4	1.0643236204891326	0.14359109383780244	0.02198952879581152	36658.0	2249.0	2239.0	1122.0	128.0	3381.0	188.0	95.0	209.0	3182.0	105.0	97.0	96.0	244.0	7.0
1	4	2	-99999.9	1.0	-0.023542600896860985	36658.0	2239.0	2249.0	1122.0	128.0	3381.0	209.0	97.0	188.0	3182.0	96.0	95.0	105.0	244.0	7.0
2	1	4	-46.2727364526942	1.0	0.49431510557661074	36658.0	2249.0	3381.0	188.0	95.0	2239.0	1122.0	128.0	209.0	3182.0	105.0	97.0	244.0	96.0	7.0
1	2	5	-0.256034757045993	0.6010379428106454	1.046875	35833.0	3074.0	3096.0	259.0	134.0	3270.0	265.0	129.0	399.0	2951.0	146.0	163.0	119.0	153.0	9.0
1	5	2	-5.9741443310731555	0.9999999988394255	0.4890510948905109	35833.0	3096.0	3074.0	259.0	134.0	3270.0	399.0	163.0	265.0	2951.0	119.0	129.0	146.0	153.0	9.0
2	1	5	0.2674989998987987	0.3945425536753485	0.958904109589041	35833.0	3074.0	3270.0	265.0	129.0	3096.0	259.0	134.0	399.0	2951.0	146.0	163.0	153.0	119.0	9.0
1	2	6	1.6210744230753256	0.05250083248571957	0.9862361037586025	37534.0	1373.0	3278.0	143.0	68.0	3478.0	117.0	69.0	1980.0	1409.0	107.0	319.0	55.0	61.0	9.0
1	6	2	-114.53514289189881	1.0	0.5035135135135136	37534.0	3278.0	1373.0	143.0	68.0	3478.0	1980.0	319.0	117.0	1409.0	55.0	69.0	107.0	61.0	9.0
2	1	6	-1.5984507327908606	0.9450286491145035	1.014356709000552	37534.0	1373.0	3478.0	117.0	69.0	3278.0	143.0	68.0	1980.0	1409.0	107.0	319.0	61.0	55.0	9.0
1	2	7	0.0607508048154911	0.4757787654158119	0.9994582881906826	37433.0	1474.0	3290.0	136.0	63.0	3453.0	135.0	76.0	1980.0	1420.0	96.0	307.0	59.0	69.0	9.0
1	7	2	-112.02448407976529	1.0	0.5001355380862023	37433.0	3290.0	1474.0	136.0	63.0	3453.0	1980.0	307.0	135.0	1420.0	59.0	76.0	96.0	69.0	9.0
2	1	7	-0.06071787755000844	0.524208122708251	1.0005425935973955	37433.0	1474.0	3453.0	135.0	76.0	3290.0	136.0	63.0	1980.0	1420.0	96.0	307.0	69.0	59.0	9.0
1	2	8	1.1270629842368503	0.1298579775393799	0.9918465227817745	37666.0	1241.0	3317.0	123.0	49.0	3483.0	106.0	75.0	2174.0	1230.0	92.0	343.0	49.0	48.0	4.0
1	8	2	-135.97683415704552	1.0	0.5020636076717649	37666.0	3317.0	1241.0	123.0	49.0	3483.0	2174.0	343.0	106.0	1230.0	49.0	75.0	92.0	48.0	4.0
2	1	8	-1.1177979597049226	0.8681733043279038	1.0083579154375615	37666.0	1241.0	3483.0	106.0	75.0	3317.0	123.0	49.0	2174.0	1230.0	92.0	343.0	48.0	49.0	4.0
1	2	9	1.0791453607874277	0.14026150433873352	0.996514464970373	38328.0	579.0	3418.0	48.0	23.0	3606.0	38.0	20.0	2897.0	557.0	42.0	394.0	21.0	23.0	6.0
1	9	2	-307.4485132883388	1.0	0.5008759635599159	38328.0	3418.0	579.0	48.0	23.0	3606.0	2897.0	394.0	38.0	557.0	21.0	20.0	42.0	23.0	6.0
2	1	9	-1.0753708054856177	0.8588955896049821	1.0035223670306446	38328.0	579.0	3606.0	38.0	20.0	3418.0	48.0	23.0	2897.0	557.0	42.0	394.0	23.0	21.0	6.0
1	3	4	1.1338271098328807	0.1284335915185707	0.022426095820591234	36609.0	2225.0	2288.0	1140.0	134.0	3361.0	181.0	99.0	203.0	3166.0	104.0	123.0	119.0	243.0	5.0
1	4	3	-99999.9	1.0	-0.024043715846994537	36609.0	2288.0	2225.0	1140.0	134.0	3361.0	203.0	123.0	181.0	3166.0	119.0	99.0	104.0	243.0	5.0
3	1	4	-48.29072735970041	1.0	0.4941983122362869	36609.0	2225.0	3361.0	181.0	99.0	2288.0	1140.0	134.0	203.0	3166.0	104.0	123.0	243.0	119.0	5.0
1	3	5	0.497918074224554	0.30927089337535585	0.9219858156028369	35781.0	3053.0	3148.0	269.0	145.0	3249.0	258.0	134.0	388.0	2935.0	150.0	195.0	142.0	144.0	9.0
1	5	3	-5.386568257520183	0.9999999640115329	0.5220883534136547	35781.0	3148.0	3053.0	269.0	145.0	3249.0	388.0	195.0	258.0	2935.0	142.0	134.0	150.0	144.0	9.0
3	1	5	-0.45578654486709175	0.6757282373459681	1.1018518518518519	35781.0	3053.0	3249.0	258.0	134.0	3148.0	269.0	145.0	388.0	2935.0	150.0	195.0	144.0	142.0	9.0
1	3	6	1.6253664790938147	0.05204223890201498	0.9866452991452992	37443.0	1391.0	3369.0	132.0	61.0	3466.0	107.0	68.0	1954.0	1412.0	107.0	357.0	62.0	60.0	11.0
1	6	3	-118.45670899635729	1.0	0.5034069228672663	37443.0	3369.0	1391.0	132.0	61.0	3466.0	1954.0	357.0	107.0	1412.0	62.0	68.0	107.0	60.0	11.0
3	1	6	-1.6033663913962806	0.9455731081508392	1.0139120756816917	37443.0	1391.0	3466.0	107.0	68.0	3369.0	132.0	61.0	1954.0	1412.0	107.0	357.0	60.0	62.0	11.0
1	3	7	0.9425390099281528	0.17295836156103617	0.9918655097613883	37355.0	1479.0	3368.0	135.0	59.0	3442.0	120.0	79.0	1949.0	1430.0	94.0	349.0	64.0	63.0	14.0
1	7	3	-113.98438426731111	1.0	0.5020587427944002	37355.0	3368.0	1479.0	135.0	59.0	3442.0	1949.0	349.0	120.0	1430.0	64.0	79.0	94.0	63.0	14.0
3	1	7	-0.9348090563202127	0.8250566600532199	1.008337965536409	37355.0	1479.0	3442.0	120.0	79.0	3368.0	135.0	59.0	1949.0	1430.0	94.0	349.0	63.0	64.0	14.0
1	3	8	0.41650016278068036	0.3385220661633941	0.9970717423133236	37582.0	1252.0	3401.0	107.0	54.0	3470.0	101.0	70.0	2144.0	1234.0	95.0	386.0	50.0	46.0	8.0
1	8	3	-141.40180526404043	1.0	0.5007352941176471	37582.0	3401.0	1252.0	107.0	54.0	3470.0	2144.0	386.0	101.0	1234.0	50.0	70.0	95.0	46.0	8.0
3	1	8	-0.41527696112787366	0.6610303749899378	1.0029542097488922	37582.0	1252.0	3470.0	101.0	70.0	3401.0	107.0	54.0	2144.0	1234.0	95.0	386.0	46.0	50.0	8.0
1	3	9	1.0668479375735125	0.143020287859273	0.9964850615114236	38257.0	577.0	3489.0	49.0	24.0	3585.0	39.0	17.0	2874.0	554.0	45.0	438.0	23.0	21.0	8.0
1	9	3	-301.3845423645154	1.0	0.5008833922261484	38257.0	3489.0	577.0	49.0	24.0	3585.0	2874.0	438.0	39.0	554.0	23.0	17.0	45.0	21.0	8.0
3	1	9	-1.0630848055185793	0.8561282199916899	1.0035523978685612	38257.0	577.0	3585.0	39.0	17.0	3489.0	49.0	24.0	2874.0	554.0	45.0	438.0	21.0	23.0	8.0
1	4	5	-0.6405786122958154	0.7391018106764395	1.1666666666666667	35844.0	3053.0	3085.0	258.0	156.0	3274.0	274.0	139.0	386.0	2928.0	152.0	172.0	133.0	139.0	7.0
1	5	4	-5.124628898366524	0.9999998506723572	0.4666666666666667	35844.0	3085.0	3053.0	258.0	156.0	3274.0	386.0	172.0	274.0	2928.0	133.0	139.0	152.0	139.0	7.0
4	1	5	0.7320898426237892	0.2320567974147193	0.8888888888888888	35844.0	3053.0	3274.0	274.0	139.0	3085.0	258.0	156.0	386.0	2928.0	152.0	172.0	139.0	133.0	7.0
1	4	6	0.755015018634119	0.22511991804391374	0.9935240151106314	37513.0	1384.0	3299.0	133.0	67.0	3494.0	121.0	72.0	1962.0	1400.0	104.0	321.0	60.0	59.0	11.0
1	6	4	-115.07687242348352	1.0	0.5016348773841962	37513.0	3299.0	1384.0	133.0	67.0	3494.0	1962.0	321.0	121.0	1400.0	60.0	72.0	104.0	59.0	11.0
4	1	6	-0.7500936822823485	0.7734009257701147	1.0066042927903136	37513.0	1384.0	3494.0	121.0	72.0	3299.0	133.0	67.0	1962.0	1400.0	104.0	321.0	59.0	60.0	11.0
1	4	7	1.3598669019675254	0.08693608486513726	0.9874932028276238	37446.0	1451.0	3277.0	156.0	66.0	3475.0	133.0	79.0	1949.0	1422.0	95.0	316.0	59.0	70.0	6.0
1	7	4	-106.01049370555532	1.0	0.5031864782488223	37446.0	3277.0	1451.0	156.0	66.0	3475.0	1949.0	316.0	133.0	1422.0	59.0	79.0	95.0	70.0	6.0
4	1	7	-1.3426439180769676	0.9103062849019878	1.0129943502824859	37446.0	1451.0	3475.0	133.0	79.0	3277.0	156.0	66.0	1949.0	1422.0	95.0	316.0	70.0	59.0	6.0
1	4	8	0.6607163704001211	0.2543970473070061	0.9951004409603136	37669.0	1228.0	3314.0	120.0	65.0	3507.0	110.0	70.0	2141.0	1227.0	98.0	352.0	48.0	46.0	5.0
1	8	4	-133.5307784578643	1.0	0.5012339585389931	37669.0	3314.0	1228.0	120.0	65.0	3507.0	2141.0	352.0	110.0	1227.0	48.0	70.0	98.0	46.0	5.0
4	1	8	-0.6574632124956399	0.7445585049219763	1.0049726504226753	37669.0	1228.0	3507.0	110.0	70.0	3314.0	120.0	65.0	2141.0	1227.0	98.0	352.0	46.0	48.0	5.0
1	4	9	0.8839172659370501	0.1883704028870563	0.9971811134601832	38318.0	579.0	3428.0	45.0	26.0	3631.0	37.0	19.0	2867.0	555.0	44.0	399.0	24.0	23.0	5.0
1	9	4	-311.8018155592941	1.0	0.5007077140835102	38318.0	3428.0	579.0	45.0	26.0	3631.0	2867.0	399.0	37.0	555.0	24.0	19.0	44.0	23.0	5.0
4	1	9	-0.881418559884931	0.8109543781250244	1.0028429282160625	38318.0	579.0	3631.0	37.0	19.0	3428.0	45.0	26.0	2867.0	555.0	44.0	399.0	23.0	24.0	5.0
1	5	6	-0.5006264271594378	0.6916829717934581	1.00466472303207	37538.0	1391.0	3274.0	123.0	70.0	3627.0	131.0	74.0	1854.0	1384.0	97.0	296.0	66.0	70.0	5.0
1	6	5	-108.32304317662332	1.0	0.49884192240880143	37538.0	3274.0	1391.0	123.0	70.0	3627.0	1854.0	296.0	131.0	1384.0	66.0	74.0	97.0	70.0	5.0
5	1	6	0.5029508679123545	0.30749940496033046	0.9953996549741231	37538.0	1391.0	3627.0	131.0	74.0	3274.0	123.0	70.0	1854.0	1384.0	97.0	296.0	70.0	66.0	5.0
1	5	7	-1.1382342189295311	0.8724885991371062	1.01131625967838	37442.0	1487.0	3281.0	128.0	58.0	3601.0	147.0	84.0	1845.0	1403.0	87.0	294.0	64.0	70.0	9.0
1	7	5	-102.86042915273707	1.0	0.49721815519765744	37442.0	3281.0	1487.0	128.0	58.0	3601.0	1845.0	294.0	147.0	1403.0	64.0	84.0	87.0	70.0	9.0
5	1	7	1.150970644229685	0.12487221316534436	0.9890552995391705	37442.0	1487.0	3601.0	147.0	84.0	3281.0	128.0	58.0	1845.0	1403.0	87.0	294.0	70.0	64.0	9.0
1	5	8	-0.6382456805565447	0.7383431769039301	1.0052438384897746	37710.0	1219.0	3273.0	117.0	77.0	3635.0	127.0	70.0	2044.0	1202.0	89.0	321.0	56.0	55.0	5.0
1	8	5	-122.98994264324601	1.0	0.4986992715920916	37710.0	3273.0	1219.0	117.0	77.0	3635.0	2044.0	321.0	127.0	1202.0	56.0	70.0	89.0	55.0	5.0
5	1	8	0.6415750789945027	0.2605744987187639	0.9948373773877129	37710.0	1219.0	3635.0	127.0	70.0	3273.0	117.0	77.0	2044.0	1202.0	89.0	321.0	55.0	56.0	5.0
1	5	9	0.19242944514932941	0.42370293372609125	0.9992619926199262	38369.0	560.0	3377.0	55.0	35.0	3758.0	53.0	21.0	2761.0	535.0	39.0	378.0	28.0	28.0	3.0
1	9	5	-260.35703928704237	1.0	0.500184706316956	38369.0	3377.0	560.0	55.0	35.0	3758.0	2761.0	378.0	53.0	535.0	28.0	21.0	39.0	28.0	3.0
5	1	9	-0.1922873259136209	0.576241408321218	1.0007396449704142	38369.0	560.0	3758.0	53.0	21.0	3377.0	55.0	35.0	2761.0	535.0	39.0	378.0	28.0	28.0	3.0
1	6	7	-99999.9	1.0	-0.1016949152542373	39556.0	1256.0	1167.0	386.0	31.0	5550.0	126.0	101.0	102.0	1456.0	23.0	88.0	32.0	123.0	3.0
1	7	6	1.6393127136938979	0.05057406253497265	0.07792207792207793	39556.0	1167.0	1256.0	386.0	31.0	5550.0	102.0	88.0	126.0	1456.0	32.0	101.0	23.0	123.0	3.0
6	1	7	-17.75922106501723	1.0	0.5220588235294118	39556.0	1256.0	5550.0	126.0	101.0	1167.0	386.0	31.0	102.0	1456.0	23.0	88.0	123.0	32.0	3.0
1	6	8	-0.5747485651850287	0.7172693595580313	1.0483870967741935	39537.0	1275.0	1446.0	112.0	26.0	5549.0	121.0	107.0	316.0	1234.0	31.0	135.0	30.0	77.0	4.0
1	8	6	-13.02763414419398	1.0	0.48872180451127817	39537.0	1446.0	1275.0	112.0	26.0	5549.0	316.0	135.0	121.0	1234.0	30.0	107.0	31.0	77.0	4.0
6	1	8	0.6012754220397223	0.2738282299848547	0.9577464788732395	39537.0	1275.0	5549.0	121.0	107.0	1446.0	112.0	26.0	316.0	1234.0	31.0	135.0	77.0	30.0	4.0
1	6	9	0.9749049517175916	0.16480370489379093	0.9897013388259526	40230.0	582.0	1516.0	58.0	10.0	5698.0	48.0	31.0	1009.0	554.0	18.0	190.0	14.0	38.0	4.0
1	9	6	-92.71346090834295	1.0	0.5026150627615062	40230.0	1516.0	582.0	58.0	10.0	5698.0	1009.0	190.0	48.0	554.0	14.0	31.0	18.0	38.0	4.0
6	1	9	-0.9647602591919143	0.8326675513391903	1.010626992561105	40230.0	582.0	5698.0	48.0	31.0	1516.0	58.0	10.0	1009.0	554.0	18.0	190.0	38.0	14.0	4.0
1	7	8	-0.3263856857667658	0.627933648407252	1.0233644859813085	39448.0	1275.0	1535.0	112.0	26.0	5516.0	117.0	107.0	336.0	1245.0	33.0	148.0	23.0	78.0	1.0
1	8	7	-14.622078722351137	1.0	0.49435665914221216	39448.0	1535.0	1275.0	112.0	26.0	5516.0	336.0	148.0	117.0	1245.0	23.0	107.0	33.0	78.0	1.0
7	1	8	0.3338374137523084	0.36925119246030413	0.9781659388646288	39448.0	1275.0	5516.0	117.0	107.0	1535.0	112.0	26.0	336.0	1245.0	33.0	148.0	78.0	23.0	1.0
1	7	9	0.6982995521212487	0.24249487080370025	0.992964824120603	40135.0	588.0	1611.0	54.0	8.0	5661.0	47.0	32.0	1035.0	560.0	19.0	201.0	9.0	37.0	3.0
1	9	7	-97.86169437584942	1.0	0.5017775520568817	40135.0	1611.0	588.0	54.0	8.0	5661.0	1035.0	201.0	47.0	560.0	9.0	32.0	19.0	37.0	3.0
7	1	9	-0.6933520856588513	0.7559557567262059	1.0071868583162218	40135.0	588.0	5661.0	47.0	32.0	1611.0	54.0	8.0	1035.0	560.0	19.0	201.0	37.0	9.0	3.0
1	8	9	0.19441190928121288	0.4229267033203288	0.9973684210526316	40394.0	589.0	1352.0	54.0	7.0	5914.0	52.0	34.0	810.0	560.0	15.0	173.0	4.0	40.0	2.0
1	9	8	-73.48770170829867	1.0	0.500660501981506	40394.0	1352.0	589.0	54.0	7.0	5914.0	810.0	173.0	52.0	560.0	4.0	34.0	15.0	40.0	2.0
8	1	9	-0.19389894909841285	0.5768724765711614	1.0026525198938991	40394.0	589.0	5914.0	52.0	34.0	1352.0	54.0	7.0	810.0	560.0	15.0	173.0	40.0	4.0	2.0
2	3	4	1.2293170850609538	0.1094765395405296	0.6071428571428571	37736.0	2256.0	2303.0	206.0	70.0	2234.0	184.0	65.0	218.0	4215.0	139.0	93.0	149.0	128.0	4.0
2	4	3	-0.6705365918514282	0.7487421718815674	0.7391304347826088	37736.0	2303.0	2256.0	206.0	70.0	2234.0	218.0	93.0	184.0	4215.0	149.0	65.0	139.0	128.0	4.0
3	2	4	-0.4338766182568068	0.6678109464753593	-1.1999999999999997	37736.0	2256.0	2234.0	184.0	65.0	2303.0	206.0	70.0	218.0	4215.0	139.0	93.0	128.0	149.0	4.0
2	3	5	0.7222440618825406	0.23507214948757105	0.9876106194690265	36826.0	3166.0	2277.0	197.0	105.0	2204.0	183.0	96.0	1299.0	3062.0	211.0	155.0	118.0	89.0	12.0
2	5	3	-56.850925442468565	1.0	0.5031559963931469	36826.0	2277.0	3166.0	197.0	105.0	2204.0	1299.0	155.0	183.0	3062.0	118.0	96.0	211.0	89.0	12.0
3	2	5	-0.7131836525040859	0.7621340090313504	1.0128676470588236	36826.0	3166.0	2204.0	183.0	96.0	2277.0	197.0	105.0	1299.0	3062.0	211.0	155.0	89.0	118.0	12.0
2	3	6	0.07737252651170132	0.4691635302832805	0.999650471862985	38555.0	1437.0	2457.0	84.0	38.0	2354.0	83.0	46.0	2943.0	1481.0	148.0	280.0	49.0	39.0	6.0
2	6	3	-221.20805329695352	1.0	0.5000874278720057	38555.0	2457.0	1437.0	84.0	38.0	2354.0	2943.0	280.0	83.0	1481.0	49.0	46.0	148.0	39.0	6.0
3	2	6	-0.07734547318075316	0.5308257092526822	1.0003498950314906	38555.0	1437.0	2354.0	83.0	46.0	2457.0	84.0	38.0	2943.0	1481.0	148.0	280.0	39.0	49.0	6.0
2	3	7	1.075625007753537	0.141047536158586	0.9951287404314544	38441.0	1551.0	2445.0	92.0	42.0	2356.0	78.0	49.0	2938.0	1499.0	135.0	283.0	48.0	37.0	6.0
2	7	3	-218.65919800475436	1.0	0.5012267788293024	38441.0	2445.0	1551.0	92.0	42.0	2356.0	2938.0	283.0	78.0	1499.0	48.0	49.0	135.0	37.0	6.0
3	2	7	-1.0703597105127853	0.8577712512770177	1.0049435028248588	38441.0	1551.0	2356.0	78.0	49.0	2445.0	92.0	42.0	2938.0	1499.0	135.0	283.0	37.0	48.0	6.0
2	3	8	-0.08243707252262539	0.5328504876224489	1.0003231017770597	38679.0	1313.0	2470.0	73.0	36.0	2373.0	74.0	36.0	3170.0	1281.0	121.0	291.0	46.0	33.0	4.0
2	8	3	-255.30761360256975	1.0	0.49991926368480544	38679.0	2470.0	1313.0	73.0	36.0	2373.0	3170.0	291.0	74.0	1281.0	46.0	36.0	121.0	33.0	4.0
3	2	8	0.08246369948403451	0.4671389258121842	0.999677211103938	38679.0	1313.0	2373.0	74.0	36.0	2470.0	73.0	36.0	3170.0	1281.0	121.0	291.0	33.0	46.0	4.0
2	3	9	-0.360745143255472	0.6408549501174415	1.0007704160246533	39405.0	587.0	2529.0	33.0	17.0	2437.0	36.0	10.0	3933.0	575.0	64.0	339.0	17.0	16.0	2.0
2	9	3	-468.96868623211236	1.0	0.49980761831473647	39405.0	2529.0	587.0	33.0	17.0	2437.0	3933.0	339.0	36.0	575.0	17.0	10.0	64.0	16.0	2.0
3	2	9	0.36102285314250476	0.35904124421977046	0.9992313604919293	39405.0	587.0	2437.0	36.0	10.0	2529.0	33.0	17.0	3933.0	575.0	64.0	339.0	16.0	17.0	2.0
2	4	5	-0.8850105212220013	0.8119245562893401	1.017126546146527	36880.0	3159.0	2223.0	194.0	115.0	2238.0	212.0	95.0	1281.0	3048.0	219.0	139.0	103.0	83.0	11.0
2	5	4	-53.44480203157315	1.0	0.4958256029684601	36880.0	2223.0	3159.0	194.0	115.0	2238.0	1281.0	139.0	212.0	3048.0	103.0	95.0	219.0	83.0	11.0
4	2	5	0.8999124757421099	0.1840833859285087	0.983710407239819	36880.0	3159.0	2238.0	212.0	95.0	2223.0	194.0	115.0	1281.0	3048.0	219.0	139.0	83.0	103.0	11.0
2	4	6	-1.023336748746734	0.8469256541684134	1.0049645390070923	38612.0	1427.0	2400.0	86.0	46.0	2395.0	100.0	50.0	2934.0	1470.0	144.0	248.0	43.0	36.0	9.0
2	6	4	-208.1759328879075	1.0	0.4987680394227385	38612.0	2400.0	1427.0	86.0	46.0	2395.0	2934.0	248.0	100.0	1470.0	43.0	50.0	144.0	36.0	9.0
4	2	6	1.028392046729251	0.1518827447234602	0.9951083158630328	38612.0	1427.0	2395.0	100.0	50.0	2400.0	86.0	46.0	2934.0	1470.0	144.0	248.0	36.0	43.0	9.0
2	4	7	1.6690956429109525	0.04754919242581579	0.991599579978999	38516.0	1523.0	2370.0	116.0	46.0	2405.0	92.0	48.0	2925.0	1491.0	132.0	247.0	42.0	41.0	6.0
2	7	4	-195.35373587236958	1.0	0.5021269053527118	38516.0	2370.0	1523.0	116.0	46.0	2405.0	2925.0	247.0	92.0	1491.0	42.0	48.0	132.0	41.0	6.0
4	2	7	-1.6549557574785971	0.9510332804982846	1.0086175942549371	38516.0	1523.0	2405.0	92.0	48.0	2370.0	116.0	46.0	2925.0	1491.0	132.0	247.0	41.0	42.0	6.0
2	4	8	-0.1590079645132349	0.5631687098186815	1.000652315720809	38749.0	1290.0	2400.0	78.0	54.0	2427.0	80.0	38.0	3148.0	1282.0	118.0	259.0	39.0	33.0	5.0
2	8	4	-244.07722552781502	1.0	0.49983708048224174	38749.0	2400.0	1290.0	78.0	54.0	2427.0	3148.0	259.0	80.0	1282.0	39.0	38.0	118.0	33.0	5.0
4	2	8	0.15911162029192671	0.4367904574170327	0.9993489583333334	38749.0	1290.0	2427.0	80.0	38.0	2400.0	78.0	54.0	3148.0	1282.0	118.0	259.0	33.0	39.0	5.0
2	4	9	-0.25372592401422933	0.6001462910011116	1.00051652892562	39447.0	592.0	2487.0	30.0	15.0	2502.0	32.0	11.0	3906.0	578.0	64.0	301.0	18.0	15.0	2.0
2	9	4	-491.7208407395785	1.0	0.49987096774193546	39447.0	2487.0	592.0	30.0	15.0	2502.0	3906.0	301.0	32.0	578.0	18.0	11.0	64.0	15.0	2.0
4	2	9	0.2538569131334932	0.39980310808618613	0.999484270242393	39447.0	592.0	2502.0	32.0	11.0	2487.0	30.0	15.0	3906.0	578.0	64.0	301.0	15.0	18.0	2.0
2	5	6	-1.4121670559012316	0.9210495588463499	1.0135853514471354	37723.0	1380.0	3289.0	119.0	60.0	3442.0	142.0	74.0	1858.0	1402.0	103.0	277.0	69.0	56.0	6.0
2	6	5	-106.77210913966263	1.0	0.496671490593343	37723.0	3289.0	1380.0	119.0	60.0	3442.0	1858.0	277.0	142.0	1402.0	69.0	74.0	103.0	56.0	6.0
5	2	6	1.4310947029208867	0.07620158540995203	0.9869466515323496	37723.0	1380.0	3442.0	142.0	74.0	3289.0	119.0	60.0	1858.0	1402.0	103.0	277.0	56.0	69.0	6.0
2	5	7	-1.0729631968235	0.8583561493805156	1.0106194690265486	37603.0	1500.0	3283.0	130.0	55.0	3440.0	148.0	70.0	1861.0	1410.0	92.0	276.0	67.0	61.0	4.0
2	7	5	-103.18329409452664	1.0	0.4973867595818815	37603.0	3283.0	1500.0	130.0	55.0	3440.0	1861.0	276.0	148.0	1410.0	67.0	70.0	92.0	61.0	4.0
5	2	7	1.084237766317267	0.13912973493387282	0.9897084048027445	37603.0	1500.0	3440.0	148.0	70.0	3283.0	130.0	55.0	1861.0	1410.0	92.0	276.0	61.0	67.0	4.0
2	5	8	-1.1751684376572262	0.8800362713002161	1.0093652445369408	37867.0	1236.0	3282.0	107.0	79.0	3478.0	125.0	55.0	2065.0	1215.0	83.0	291.0	61.0	52.0	4.0
2	8	5	-127.83221116293618	1.0	0.4976911236531555	37867.0	3282.0	1236.0	107.0	79.0	3478.0	2065.0	291.0	125.0	1215.0	61.0	55.0	83.0	52.0	4.0
5	2	8	1.18607206233652	0.11779698416094797	0.9908906882591093	37867.0	1236.0	3478.0	125.0	55.0	3282.0	107.0	79.0	2065.0	1215.0	83.0	291.0	52.0	61.0	4.0
2	5	9	-0.41646932553731114	0.6614666535560603	1.0014722119985278	38542.0	561.0	3392.0	44.0	32.0	3585.0	48.0	25.0	2769.0	551.0	43.0	355.0	29.0	23.0	1.0
2	9	5	-283.7197280222939	1.0	0.4996327579875138	38542.0	3392.0	561.0	44.0	32.0	3585.0	2769.0	355.0	48.0	551.0	29.0	25.0	43.0	23.0	1.0
5	2	9	0.4170815553433196	0.33830941956941607	0.9985342616342983	38542.0	561.0	3585.0	48.0	25.0	3392.0	44.0	32.0	2769.0	551.0	43.0	355.0	23.0	29.0	1.0
2	6	7	-99999.9	1.0	-0.0038167938931297713	39739.0	1273.0	1147.0	382.0	30.0	5367.0	119.0	91.0	118.0	1472.0	23.0	92.0	34.0	111.0	2.0
2	7	6	0.06506511976575635	0.474061006307964	0.003773584905660377	39739.0	1147.0	1273.0	382.0	30.0	5367.0	118.0	92.0	119.0	1472.0	34.0	91.0	23.0	111.0	2.0
6	2	7	-17.112126498393874	1.0	0.5009487666034156	39739.0	1273.0	5367.0	119.0	91.0	1147.0	382.0	30.0	118.0	1472.0	23.0	92.0	111.0	34.0	2.0
2	6	8	-1.318486417502672	0.9063294990337656	1.1088082901554404	39719.0	1293.0	1430.0	102.0	27.0	5367.0	123.0	87.0	337.0	1247.0	29.0	130.0	31.0	74.0	4.0
2	8	6	-14.7544908625299	1.0	0.4766146993318485	39719.0	1430.0	1293.0	102.0	27.0	5367.0	337.0	130.0	123.0	1247.0	31.0	87.0	29.0	74.0	4.0
6	2	8	1.4478705986594764	0.0738266655957378	0.91796875	39719.0	1293.0	5367.0	123.0	87.0	1430.0	102.0	27.0	337.0	1247.0	29.0	130.0	74.0	31.0	4.0
2	6	9	0.3080696642458144	0.37901473070990266	0.9969666329625885	40432.0	580.0	1502.0	49.0	8.0	5496.0	46.0	35.0	1032.0	563.0	18.0	181.0	19.0	38.0	1.0
2	9	6	-100.94415998454524	1.0	0.5007618080243779	40432.0	1502.0	580.0	49.0	8.0	5496.0	1032.0	181.0	46.0	563.0	19.0	35.0	18.0	38.0	1.0
6	2	9	-0.3071323326101781	0.6206286070295123	1.0030612244897958	40432.0	580.0	5496.0	46.0	35.0	1502.0	49.0	8.0	1032.0	563.0	18.0	181.0	38.0	19.0	1.0
2	7	8	-1.1555388960710635	0.8760650352554885	1.0891089108910892	39593.0	1293.0	1556.0	101.0	28.0	5371.0	119.0	87.0	339.0	1257.0	29.0	124.0	25.0	77.0	1.0
2	8	7	-15.278792070272953	1.0	0.48034934497816595	39593.0	1556.0	1293.0	101.0	28.0	5371.0	339.0	124.0	119.0	1257.0	25.0	87.0	29.0	77.0	1.0
7	2	8	1.2500829875677868	0.10563468539064735	0.9296875	39593.0	1293.0	5371.0	119.0	87.0	1556.0	101.0	28.0	339.0	1257.0	29.0	124.0	77.0	25.0	1.0
2	7	9	0.20637369145972506	0.41824953933511555	0.9979859013091642	40304.0	582.0	1630.0	48.0	7.0	5492.0	46.0	39.0	1037.0	570.0	18.0	180.0	12.0	33.0	2.0
2	9	7	-102.05179042683403	1.0	0.5005050505050505	40304.0	1630.0	582.0	48.0	7.0	5492.0	1037.0	180.0	46.0	570.0	12.0	39.0	18.0	33.0	2.0
7	2	9	-0.20595719561419581	0.5815877971062698	1.0020263424518743	40304.0	582.0	5492.0	46.0	39.0	1630.0	48.0	7.0	1037.0	570.0	18.0	180.0	33.0	12.0	2.0
2	8	9	-0.8110917981037102	0.7913435796232142	1.010568031704095	40564.0	585.0	1370.0	44.0	8.0	5744.0	52.0	38.0	817.0	571.0	13.0	148.0	5.0	39.0	2.0
2	9	8	-78.37174499177095	1.0	0.4973992197659298	40564.0	1370.0	585.0	44.0	8.0	5744.0	817.0	148.0	52.0	571.0	5.0	38.0	13.0	39.0	2.0
8	2	9	0.8195738038355139	0.20622950091525383	0.9897567221510883	40564.0	585.0	5744.0	52.0	38.0	1370.0	44.0	8.0	817.0	571.0	13.0	148.0	39.0	5.0	2.0
3	4	5	-1.470214663873346	0.9292481498277236	1.027592768791627	36815.0	3155.0	2215.0	174.0	116.0	2303.0	203.0	108.0	1283.0	3043.0	223.0	145.0	102.0	108.0	7.0
3	5	4	-56.22303662881177	1.0	0.4933759707629054	36815.0	2215.0	3155.0	174.0	116.0	2303.0	1283.0	145.0	203.0	3043.0	102.0	108.0	223.0	108.0	7.0
4	3	5	1.5096926502180932	0.0655609606944032	0.9745166959578208	36815.0	3155.0	2303.0	203.0	108.0	2215.0	174.0	116.0	1283.0	3043.0	223.0	145.0	108.0	102.0	7.0
3	4	6	-1.5639548479226058	0.9410859031399097	1.0071073205401564	38520.0	1450.0	2389.0	71.0	45.0	2487.0	91.0	36.0	2925.0	1473.0	151.0	268.0	40.0	48.0	6.0
3	6	4	-223.17635679855596	1.0	0.49824191279887486	38520.0	2389.0	1450.0	71.0	45.0	2487.0	2925.0	268.0	91.0	1473.0	40.0	36.0	151.0	48.0	6.0
4	3	6	1.5749919322410435	0.057629160659993905	0.9930410577592206	38520.0	1450.0	2487.0	91.0	36.0	2389.0	71.0	45.0	2925.0	1473.0	151.0	268.0	48.0	40.0	6.0
3	4	7	0.7226412233330762	0.23495009804605949	0.9964763918252291	38443.0	1527.0	2354.0	101.0	50.0	2478.0	91.0	45.0	2919.0	1498.0	132.0	269.0	39.0	49.0	5.0
3	7	4	-203.6402967352614	1.0	0.5008855827134254	38443.0	2354.0	1527.0	101.0	50.0	2478.0	2919.0	269.0	91.0	1498.0	39.0	45.0	132.0	49.0	5.0
4	3	7	-0.7200859149054488	0.7642640198285393	1.0035612535612535	38443.0	1527.0	2478.0	91.0	45.0	2354.0	101.0	50.0	2919.0	1498.0	132.0	269.0	49.0	39.0	5.0
3	4	8	0.0841988379081598	0.46644910575014975	0.9996749024707412	38670.0	1300.0	2382.0	71.0	52.0	2506.0	70.0	38.0	3145.0	1281.0	123.0	280.0	36.0	41.0	5.0
3	8	4	-258.82722772968253	1.0	0.5000813140348024	38670.0	2382.0	1300.0	71.0	52.0	2506.0	3145.0	280.0	70.0	1281.0	36.0	38.0	123.0	41.0	5.0
4	3	8	-0.0841714561722547	0.5335400091692464	1.0003254149040026	38670.0	1300.0	2506.0	70.0	38.0	2382.0	71.0	52.0	3145.0	1281.0	123.0	280.0	41.0	36.0	5.0
3	4	9	0.0	0.49999999949999996	nan	39382.0	588.0	2460.0	30.0	15.0	2567.0	30.0	17.0	3906.0	577.0	66.0	328.0	17.0	16.0	1.0
3	9	4	-499.9729776391787	1.0	0.5	39382.0	2460.0	588.0	30.0	15.0	2567.0	3906.0	328.0	30.0	577.0	17.0	17.0	66.0	16.0	1.0
4	3	9	0.0	0.49999999949999996	nan	39382.0	588.0	2567.0	30.0	17.0	2460.0	30.0	15.0	3906.0	577.0	66.0	328.0	16.0	17.0	1.0
3	5	6	-2.0578323293257976	0.980196950584322	1.0190816935002982	37629.0	1401.0	3280.0	102.0	63.0	3536.0	134.0	61.0	1843.0	1403.0	102.0	301.0	67.0	72.0	6.0
3	6	5	-111.95894016738157	1.0	0.4953623188405797	37629.0	3280.0	1401.0	102.0	63.0	3536.0	1843.0	301.0	134.0	1403.0	67.0	61.0	102.0	72.0	6.0
5	3	6	2.0963640054746717	0.018024893582666235	0.9819514946418499	37629.0	1401.0	3536.0	134.0	61.0	3280.0	102.0	63.0	1843.0	1403.0	102.0	301.0	72.0	67.0	6.0
3	5	7	-2.1215787931538217	0.9830634975325232	1.0211097708082026	37525.0	1505.0	3272.0	115.0	58.0	3518.0	150.0	63.0	1843.0	1414.0	91.0	305.0	64.0	72.0	5.0
3	7	5	-104.74537584485154	1.0	0.4948845366851798	37525.0	3272.0	1505.0	115.0	58.0	3518.0	1843.0	305.0	150.0	1414.0	64.0	63.0	91.0	72.0	5.0
5	3	7	2.16543895721784	0.01517698892359265	0.9801474758933636	37525.0	1505.0	3518.0	150.0	63.0	3272.0	115.0	58.0	1843.0	1414.0	91.0	305.0	72.0	64.0	5.0
3	5	8	-1.1478922649302483	0.8744934229209114	1.008881922675026	37786.0	1244.0	3266.0	100.0	79.0	3559.0	117.0	55.0	2048.0	1212.0	88.0	324.0	58.0	62.0	2.0
3	8	5	-131.53494894612493	1.0	0.4978087135859758	37786.0	3266.0	1244.0	100.0	79.0	3559.0	2048.0	324.0	117.0	1212.0	58.0	55.0	88.0	62.0	2.0
5	3	8	1.1579979969363667	0.1234324851476083	0.9913486005089058	37786.0	1244.0	3559.0	117.0	55.0	3266.0	100.0	79.0	2048.0	1212.0	88.0	324.0	62.0	58.0	2.0
3	5	9	-0.5989557678458132	0.7253988570625897	1.0022213994816735	38476.0	554.0	3366.0	47.0	32.0	3651.0	53.0	27.0	2760.0	543.0	45.0	390.0	28.0	28.0	0.0
3	9	5	-270.8278330276159	1.0	0.4994464944649446	38476.0	3366.0	554.0	47.0	32.0	3651.0	2760.0	390.0	53.0	543.0	28.0	27.0	45.0	28.0	0.0
5	3	9	0.6002833388125938	0.2741586622128269	0.9977933063626333	38476.0	554.0	3651.0	53.0	27.0	3366.0	47.0	32.0	2760.0	543.0	45.0	390.0	28.0	28.0	0.0
3	6	7	-99999.9	1.0	-0.058091286307053944	39634.0	1275.0	1163.0	376.0	27.0	5472.0	121.0	87.0	107.0	1473.0	24.0	87.0	34.0	116.0	4.0
3	7	6	0.9476221339274428	0.17166091624489765	0.04946996466431096	39634.0	1163.0	1275.0	376.0	27.0	5472.0	107.0	87.0	121.0	1473.0	34.0	87.0	24.0	116.0	4.0
6	3	7	-17.260260296535577	1.0	0.5133587786259542	39634.0	1275.0	5472.0	121.0	87.0	1163.0	376.0	27.0	107.0	1473.0	24.0	87.0	116.0	34.0	4.0
3	6	8	-1.1328439649873823	0.8713600546959702	1.085	39608.0	1301.0	1444.0	94.0	28.0	5478.0	111.0	91.0	328.0	1246.0	30.0	125.0	30.0	83.0	3.0
3	8	6	-15.593263988649847	1.0	0.4811529933481153	39608.0	1444.0	1301.0	94.0	28.0	5478.0	328.0	125.0	111.0	1246.0	30.0	91.0	30.0	83.0	3.0
6	3	8	1.221592109709896	0.11093102393518417	0.9322709163346613	39608.0	1301.0	5478.0	111.0	91.0	1444.0	94.0	28.0	328.0	1246.0	30.0	125.0	83.0	30.0	3.0
3	6	9	0.10153311906354187	0.45956357793527924	0.9989785495403473	40335.0	574.0	1507.0	49.0	10.0	5593.0	48.0	39.0	1026.0	560.0	18.0	182.0	16.0	41.0	2.0
3	9	6	-99.19785732508066	1.0	0.5002557544757033	40335.0	1507.0	574.0	49.0	10.0	5593.0	1026.0	182.0	48.0	560.0	16.0	39.0	18.0	41.0	2.0
6	3	9	-0.10142930196838484	0.5403952178192819	1.0010245901639345	40335.0	574.0	5593.0	48.0	39.0	1507.0	49.0	10.0	1026.0	560.0	18.0	182.0	41.0	16.0	2.0
3	7	8	-0.6901750843195472	0.7549580233028242	1.0448430493273542	39496.0	1301.0	1556.0	95.0	27.0	5468.0	105.0	93.0	338.0	1259.0	31.0	125.0	23.0	81.0	2.0
3	8	7	-16.77125454896499	1.0	0.4894957983193277	39496.0	1556.0	1301.0	95.0	27.0	5468.0	338.0	125.0	105.0	1259.0	23.0	93.0	31.0	81.0	2.0
7	3	8	0.719796332573605	0.23582513223438117	0.9604743083003953	39496.0	1301.0	5468.0	105.0	93.0	1556.0	95.0	27.0	338.0	1259.0	31.0	125.0	81.0	23.0	2.0
3	7	9	0.0	0.49999999949999996	nan	40218.0	579.0	1624.0	46.0	8.0	5578.0	46.0	42.0	1040.0	568.0	20.0	183.0	10.0	37.0	1.0
3	9	7	-103.57538810272334	1.0	0.5	40218.0	1624.0	579.0	46.0	8.0	5578.0	1040.0	183.0	46.0	568.0	10.0	42.0	20.0	37.0	1.0
7	3	9	0.0	0.49999999949999996	nan	40218.0	579.0	5578.0	46.0	42.0	1624.0	46.0	8.0	1040.0	568.0	20.0	183.0	37.0	10.0	1.0
3	8	9	-0.40686250384952405	0.6579454652374872	1.0053333333333334	40471.0	581.0	1371.0	46.0	6.0	5837.0	50.0	44.0	804.0	568.0	15.0	160.0	6.0	40.0	1.0
3	9	8	-77.10044447948479	1.0	0.49867724867724866	40471.0	1371.0	581.0	46.0	6.0	5837.0	804.0	160.0	50.0	568.0	6.0	44.0	15.0	40.0	1.0
8	3	9	0.409020925620609	0.3412621977277124	0.994750656167979	40471.0	581.0	5837.0	50.0	44.0	1371.0	46.0	6.0	804.0	568.0	15.0	160.0	40.0	6.0	1.0
4	5	6	-0.6836231474420571	0.7528934855777624	1.0064935064935066	37728.0	1390.0	3279.0	123.0	64.0	3437.0	134.0	72.0	1839.0	1389.0	97.0	306.0	69.0	65.0	8.0
4	6	5	-106.64521100096083	1.0	0.4983922829581994	37728.0	3279.0	1390.0	123.0	64.0	3437.0	1839.0	306.0	134.0	1389.0	69.0	72.0	97.0	65.0	8.0
5	4	6	0.688033619361038	0.2457157371776837	0.9936305732484076	37728.0	1390.0	3437.0	134.0	72.0	3279.0	123.0	64.0	1839.0	1389.0	97.0	306.0	65.0	69.0	8.0
4	5	7	-2.40124142755643	0.9918302303330804	1.0259579728059331	37641.0	1477.0	3280.0	127.0	59.0	3402.0	169.0	72.0	1829.0	1410.0	86.0	311.0	69.0	64.0	4.0
4	7	5	-97.30745023097718	1.0	0.49375371802498513	37641.0	3280.0	1477.0	127.0	59.0	3402.0	1829.0	311.0	169.0	1410.0	69.0	72.0	86.0	64.0	4.0
5	4	7	2.4619957287355687	0.006908322397782496	0.9759174311926605	37641.0	1477.0	3402.0	169.0	72.0	3280.0	127.0	59.0	1829.0	1410.0	86.0	311.0	64.0	69.0	4.0
4	5	8	-0.7213065533441356	0.7646396064733367	1.0057925223802	37893.0	1225.0	3283.0	110.0	73.0	3452.0	121.0	70.0	2031.0	1208.0	86.0	324.0	64.0	56.0	4.0
4	8	5	-125.9663535430986	1.0	0.498564343513443	37893.0	3283.0	1225.0	110.0	73.0	3452.0	2031.0	324.0	121.0	1208.0	64.0	70.0	86.0	56.0	4.0
5	4	8	0.7254606748555417	0.23408466154079144	0.9943064182194618	37893.0	1225.0	3452.0	121.0	70.0	3283.0	110.0	73.0	2031.0	1208.0	86.0	324.0	56.0	64.0	4.0
4	5	9	-0.6244141122217617	0.7338222261592587	1.0022388059701492	38558.0	560.0	3391.0	43.0	32.0	3569.0	49.0	25.0	2735.0	546.0	44.0	390.0	28.0	29.0	1.0
4	9	5	-280.153798350164	1.0	0.4994421718110822	38558.0	3391.0	560.0	43.0	32.0	3569.0	2735.0	390.0	49.0	546.0	28.0	25.0	44.0	29.0	1.0
5	4	9	0.6258089315342453	0.2657200801128773	0.9977761304670126	38558.0	560.0	3569.0	49.0	25.0	3391.0	43.0	32.0	2735.0	546.0	44.0	390.0	29.0	28.0	1.0
4	6	7	-99999.9	1.0	-0.1902439024390244	39750.0	1257.0	1171.0	376.0	30.0	5356.0	132.0	94.0	93.0	1479.0	20.0	93.0	37.0	110.0	2.0
4	7	6	2.7018097319165086	0.00344821035000753	0.12111801242236024	39750.0	1171.0	1257.0	376.0	30.0	5356.0	93.0	93.0	132.0	1479.0	37.0	94.0	20.0	110.0	2.0
6	4	7	-16.903630117631486	1.0	0.5370018975332068	39750.0	1257.0	5356.0	132.0	94.0	1171.0	376.0	30.0	93.0	1479.0	20.0	93.0	110.0	37.0	2.0
4	6	8	-1.2356203169077928	0.8917000675419662	1.111731843575419	39729.0	1278.0	1447.0	106.0	24.0	5357.0	126.0	99.0	325.0	1237.0	30.0	125.0	30.0	80.0	7.0
4	8	6	-13.530042470140335	1.0	0.47607655502392343	39729.0	1447.0	1278.0	106.0	24.0	5357.0	325.0	125.0	126.0	1237.0	30.0	99.0	30.0	80.0	7.0
6	4	8	1.3598032633306865	0.08694615634309222	0.9163179916317992	39729.0	1278.0	5357.0	126.0	99.0	1447.0	106.0	24.0	325.0	1237.0	30.0	125.0	80.0	30.0	7.0
4	6	9	0.10259587814830026	0.45914180169550023	0.9989648033126294	40431.0	576.0	1518.0	48.0	11.0	5497.0	47.0	38.0	1012.0	562.0	18.0	185.0	14.0	40.0	3.0
4	9	6	-98.90242653496168	1.0	0.5002592016588906	40431.0	1518.0	576.0	48.0	11.0	5497.0	1012.0	185.0	47.0	562.0	14.0	38.0	18.0	40.0	3.0
6	4	9	-0.10248956117612584	0.5408160064464425	1.0010384215991692	40431.0	576.0	5497.0	47.0	38.0	1518.0	48.0	11.0	1012.0	562.0	18.0	185.0	40.0	14.0	3.0
4	7	8	-1.0422648720755685	0.8513555274262277	1.0707964601769913	39641.0	1280.0	1535.0	101.0	27.0	5323.0	117.0	102.0	359.0	1255.0	34.0	125.0	21.0	79.0	1.0
4	8	7	-16.806521062218554	1.0	0.48400000000000004	39641.0	1535.0	1280.0	101.0	27.0	5323.0	359.0	125.0	117.0	1255.0	21.0	102.0	34.0	79.0	1.0
7	4	8	1.111174946262383	0.13324657391044792	0.9416058394160584	39641.0	1280.0	5323.0	117.0	102.0	1535.0	101.0	27.0	359.0	1255.0	34.0	125.0	79.0	21.0	1.0
4	7	9	0.10975107622303999	0.45630334545529905	0.9990128331688055	40336.0	585.0	1613.0	42.0	8.0	5460.0	41.0	41.0	1053.0	574.0	21.0	181.0	8.0	35.0	2.0
4	9	7	-110.95833806149324	1.0	0.5002471576866041	40336.0	1613.0	585.0	42.0	8.0	5460.0	1053.0	181.0	41.0	574.0	8.0	41.0	21.0	35.0	2.0
7	4	9	-0.1096426265429777	0.5436536489916582	1.000990099009901	40336.0	585.0	5460.0	41.0	41.0	1613.0	42.0	8.0	1053.0	574.0	21.0	181.0	35.0	8.0	2.0
4	8	9	-0.7294978159297687	0.7671514675722224	1.0092961487383798	40590.0	586.0	1359.0	42.0	7.0	5718.0	49.0	40.0	809.0	569.0	15.0	167.0	5.0	43.0	1.0
4	9	8	-79.9321178311619	1.0	0.4977079240340537	40590.0	1359.0	586.0	42.0	7.0	5718.0	809.0	167.0	49.0	569.0	5.0	40.0	15.0	43.0	1.0
8	4	9	0.7362168747607007	0.23079929324067683	0.9909560723514211	40590.0	586.0	5718.0	49.0	40.0	1359.0	42.0	7.0	809.0	569.0	15.0	167.0	43.0	5.0	1.0
5	6	7	-99999.9	1.0	-0.04119850187265917	39876.0	1289.0	1167.0	394.0	35.0	5230.0	116.0	78.0	105.0	1452.0	20.0	85.0	33.0	119.0	1.0
5	7	6	0.7522500883987085	0.22595027083107888	0.03666666666666667	39876.0	1167.0	1289.0	394.0	35.0	5230.0	105.0	85.0	116.0	1452.0	33.0	78.0	20.0	119.0	1.0
6	5	7	-19.01141132498553	1.0	0.509700176366843	39876.0	1289.0	5230.0	116.0	78.0	1167.0	394.0	35.0	105.0	1452.0	20.0	85.0	119.0	33.0	1.0
5	6	8	-0.19758085053951757	0.5783134677718691	1.0147783251231528	39887.0	1278.0	1458.0	112.0	26.0	5199.0	115.0	110.0	321.0	1227.0	29.0	118.0	32.0	84.0	4.0
5	8	6	-13.764799254253019	1.0	0.4963855421686747	39887.0	1458.0	1278.0	112.0	26.0	5199.0	321.0	118.0	115.0	1227.0	32.0	110.0	29.0	84.0	4.0
6	5	8	0.20045824156679207	0.4205611319199618	0.9858490566037735	39887.0	1278.0	5199.0	115.0	110.0	1458.0	112.0	26.0	321.0	1227.0	29.0	118.0	84.0	32.0	4.0
5	6	9	0.7651454268568008	0.22209240985551482	0.9916839916839917	40601.0	564.0	1526.0	59.0	11.0	5327.0	51.0	46.0	1005.0	553.0	19.0	184.0	14.0	38.0	2.0
5	9	6	-90.4784467258166	1.0	0.5021052631578947	40601.0	1526.0	564.0	59.0	11.0	5327.0	1005.0	184.0	51.0	553.0	14.0	46.0	19.0	38.0	2.0
6	5	9	-0.7587291130047521	0.7759927581039351	1.0085287846481876	40601.0	564.0	5327.0	51.0	46.0	1526.0	59.0	11.0	1005.0	553.0	19.0	184.0	38.0	14.0	2.0
5	7	8	0.33388455289325275	0.36923340606470023	0.9778761061946902	39772.0	1271.0	1573.0	117.0	28.0	5192.0	112.0	116.0	333.0	1238.0	30.0	113.0	24.0	80.0	1.0
5	8	7	-14.423812684988551	1.0	0.505720823798627	39772.0	1573.0	1271.0	117.0	28.0	5192.0	333.0	113.0	112.0	1238.0	24.0	116.0	30.0	80.0	1.0
7	5	8	-0.32633060373277195	0.6279128134868905	1.0236966824644549	39772.0	1271.0	5192.0	112.0	116.0	1573.0	117.0	28.0	333.0	1238.0	30.0	113.0	80.0	24.0	1.0
5	7	9	0.6849360373912676	0.24669207428984807	0.992827868852459	40474.0	569.0	1653.0	56.0	9.0	5322.0	49.0	49.0	1018.0	561.0	22.0	176.0	8.0	34.0	0.0
5	9	7	-94.12978113862833	1.0	0.5018125323666495	40474.0	1653.0	569.0	56.0	9.0	5322.0	1018.0	176.0	49.0	561.0	8.0	49.0	22.0	34.0	0.0
7	5	9	-0.6799880990406599	0.7517440689924897	1.0073298429319373	40474.0	569.0	5322.0	49.0	49.0	1653.0	56.0	9.0	1018.0	561.0	22.0	176.0	34.0	8.0	0.0
5	8	9	-0.0965621562816399	0.5384630037251181	1.001349527665317	40772.0	573.0	1355.0	53.0	8.0	5536.0	54.0	48.0	796.0	561.0	17.0	184.0	3.0	40.0	0.0
5	9	8	-71.74568211725821	1.0	0.49966329966329964	40772.0	1355.0	573.0	53.0	8.0	5536.0	796.0	184.0	54.0	561.0	3.0	48.0	17.0	40.0	0.0
8	5	9	0.09669229395856935	0.46148532073578385	0.9986559139784946	40772.0	573.0	5536.0	54.0	48.0	1355.0	53.0	8.0	796.0	561.0	17.0	184.0	40.0	3.0	0.0
6	7	8	-0.10353782233567231	0.5412319884084262	1.001923076923077	43674.0	1432.0	1412.0	46.0	25.0	1290.0	47.0	20.0	568.0	1358.0	39.0	39.0	18.0	31.0	1.0
6	8	7	-54.0467432592208	1.0	0.49952061361457334	43674.0	1412.0	1432.0	46.0	25.0	1290.0	568.0	39.0	47.0	1358.0	18.0	20.0	39.0	31.0	1.0
7	6	8	0.10373655136126862	0.45868915493838924	0.9980879541108987	43674.0	1432.0	1290.0	47.0	20.0	1412.0	46.0	25.0	568.0	1358.0	39.0	39.0	31.0	18.0	1.0
6	7	9	-0.7780551709179441	0.7817318196767498	1.003858024691358	44471.0	635.0	1457.0	18.0	8.0	1325.0	23.0	9.0	1324.0	619.0	22.0	66.0	8.0	14.0	1.0
6	9	7	-203.22801064376665	1.0	0.49904104334484084	44471.0	1457.0	635.0	18.0	8.0	1325.0	1324.0	66.0	23.0	619.0	8.0	9.0	22.0	14.0	1.0
7	6	9	0.7810453906370753	0.21738783559362163	0.996186117467582	44471.0	635.0	1325.0	23.0	9.0	1457.0	18.0	8.0	1324.0	619.0	22.0	66.0	14.0	8.0	1.0
6	8	9	-0.7459112653222181	0.7721395584534352	1.007936507936508	44460.0	626.0	1468.0	29.0	6.0	1848.0	35.0	14.0	797.0	610.0	16.0	70.0	5.0	15.0	1.0
6	9	8	-95.47664196124411	1.0	0.4980392156862745	44460.0	1468.0	626.0	29.0	6.0	1848.0	797.0	70.0	35.0	610.0	5.0	14.0	16.0	15.0	1.0
8	6	9	0.7517845823719993	0.2260902398551744	0.9922480620155039	44460.0	626.0	1848.0	35.0	14.0	1468.0	29.0	6.0	797.0	610.0	16.0	70.0	15.0	5.0	1.0
7	8	9	-0.5422099335462975	0.7061630767872848	1.0052083333333333	44328.0	636.0	1468.0	25.0	6.0	1980.0	29.0	10.0	801.0	617.0	17.0	66.0	5.0	12.0	0.0
7	9	8	-105.18872710798166	1.0	0.49870801033591733	44328.0	1468.0	636.0	25.0	6.0	1980.0	801.0	66.0	29.0	617.0	5.0	10.0	17.0	12.0	0.0
8	7	9	0.5450193114403198	0.29287009332140856	0.9948717948717949	44328.0	636.0	1980.0	29.0	10.0	1468.0	25.0	6.0	801.0	617.0	17.0	66.0	12.0	5.0	0.0
