P1	Hybrid	P2	Zscore	Pvalue	Gamma	AAAA	AAAB	AABA	AABB	AABC	ABAA	ABAB	ABAC	ABBA	BAAA	ABBC	CABC	BACA	BCAA	ABCD
1	2	3	-0.577225615578467	0.7181065116342129	4.333333333333333	7049.0	527.0	598.0	54.0	29.0	916.0	64.0	36.0	77.0	523.0	22.0	46.0	29.0	30.0	0.0
1	3	2	-1.327618915830474	0.9078479181785839	0.3611111111111111	7049.0	598.0	527.0	54.0	29.0	916.0	77.0	46.0	64.0	523.0	29.0	36.0	22.0	30.0	0.0
2	1	3	1.0212453198695957	0.15356913077273082	0.6969696969696969	7049.0	527.0	916.0	64.0	36.0	598.0	54.0	29.0	77.0	523.0	22.0	46.0	30.0	29.0	0.0
1	2	4	-0.6004294398456185	0.7258900118856684	1.096774193548387	7119.0	457.0	618.0	42.0	21.0	937.0	48.0	31.0	116.0	479.0	27.0	46.0	26.0	33.0	0.0
1	4	2	-7.4052964247626285	0.999999999999934	0.47887323943661975	7119.0	618.0	457.0	42.0	21.0	937.0	116.0	46.0	48.0	479.0	26.0	31.0	27.0	33.0	0.0
2	1	4	0.6534085080672906	0.2567464146256744	0.925	7119.0	457.0	937.0	48.0	31.0	618.0	42.0	21.0	116.0	479.0	27.0	46.0	33.0	26.0	0.0
1	2	5	0.9675938283989023	0.16662362752549753	0.9676113360323887	7233.0	343.0	627.0	39.0	15.0	961.0	31.0	24.0	270.0	330.0	22.0	64.0	18.0	23.0	0.0
1	5	2	-27.93927179501834	1.0	0.5085106382978724	7233.0	627.0	343.0	39.0	15.0	961.0	270.0	64.0	31.0	330.0	18.0	24.0	22.0	23.0	0.0
2	1	5	-0.9352057504608637	0.8251588778780798	1.0358744394618835	7233.0	343.0	961.0	31.0	24.0	627.0	39.0	15.0	270.0	330.0	22.0	64.0	23.0	18.0	0.0
1	2	6	0.6544935223441785	0.25639688633155056	0.9849397590361446	7318.0	258.0	640.0	32.0	9.0	964.0	27.0	25.0	354.0	249.0	19.0	72.0	16.0	15.0	2.0
1	6	2	-42.14938283896511	1.0	0.5038520801232667	7318.0	640.0	258.0	32.0	9.0	964.0	354.0	72.0	27.0	249.0	16.0	25.0	19.0	15.0	2.0
2	1	6	-0.6444859761309648	0.7403698867830155	1.0157728706624605	7318.0	258.0	964.0	27.0	25.0	640.0	32.0	9.0	354.0	249.0	19.0	72.0	15.0	16.0	2.0
1	2	7	-0.26151493012842264	0.6031522216759838	1.00625	7312.0	264.0	645.0	28.0	8.0	965.0	30.0	21.0	352.0	254.0	16.0	71.0	16.0	17.0	1.0
1	7	2	-42.36541868080455	1.0	0.4984520123839009	7312.0	645.0	264.0	28.0	8.0	965.0	352.0	71.0	30.0	254.0	16.0	21.0	16.0	17.0	1.0
2	1	7	0.263139246464624	0.3962216877886827	0.9938650306748467	7312.0	264.0	965.0	30.0	21.0	645.0	28.0	8.0	352.0	254.0	16.0	71.0	17.0	16.0	1.0
1	2	8	-0.43506374003131	0.668241885931619	1.008450704225352	7356.0	220.0	652.0	22.0	7.0	976.0	25.0	15.0	383.0	225.0	14.0	74.0	15.0	15.0	1.0
1	8	2	-52.35267005043422	1.0	0.49791376912378305	7356.0	652.0	220.0	22.0	7.0	976.0	383.0	74.0	25.0	225.0	15.0	15.0	14.0	15.0	1.0
2	1	8	0.43870952556229853	0.330436043268325	0.9917582417582418	7356.0	220.0	976.0	25.0	15.0	652.0	22.0	7.0	383.0	225.0	14.0	74.0	15.0	15.0	1.0
1	2	9	-1.6426470015419736	0.9497720181879502	1.0086655112651646	7543.0	33.0	676.0	2.0	3.0	1006.0	7.0	3.0	589.0	29.0	4.0	103.0	2.0	0.0	0.0
1	9	2	-192.846757981025	1.0	0.4978614200171086	7543.0	676.0	33.0	2.0	3.0	1006.0	589.0	103.0	7.0	29.0	2.0	3.0	4.0	0.0	0.0
2	1	9	1.6567590891840869	0.04878407825215059	0.9915540540540541	7543.0	33.0	1006.0	7.0	3.0	676.0	2.0	3.0	589.0	29.0	4.0	103.0	0.0	2.0	0.0
1	3	4	-0.20062628552615924	0.5795045731807502	1.0327868852459017	7188.0	459.0	549.0	47.0	14.0	953.0	49.0	37.0	112.0	482.0	22.0	34.0	22.0	31.0	1.0
1	4	3	-6.520354279600184	0.9999999999647543	0.49218749999999994	7188.0	549.0	459.0	47.0	14.0	953.0	112.0	34.0	49.0	482.0	22.0	37.0	22.0	31.0	1.0
3	1	4	0.20699537395556108	0.41800676560095396	0.9701492537313433	7188.0	459.0	953.0	49.0	37.0	549.0	47.0	14.0	112.0	482.0	22.0	34.0	31.0	22.0	1.0
1	3	5	0.36840871310773615	0.3562843113199903	0.9870689655172413	7302.0	345.0	558.0	35.0	17.0	984.0	32.0	23.0	261.0	330.0	25.0	50.0	17.0	20.0	1.0
1	5	3	-27.7534563874494	1.0	0.5032967032967033	7302.0	558.0	345.0	35.0	17.0	984.0	261.0	50.0	32.0	330.0	17.0	23.0	25.0	20.0	1.0
3	1	5	-0.36358239808885756	0.6419150016932385	1.0134529147982063	7302.0	345.0	984.0	32.0	23.0	558.0	35.0	17.0	261.0	330.0	25.0	50.0	20.0	17.0	1.0
1	3	6	0.14592583757812597	0.4419899463977288	0.9969135802469136	7379.0	268.0	579.0	24.0	7.0	988.0	23.0	28.0	346.0	254.0	16.0	56.0	15.0	17.0	0.0
1	6	3	-46.98811970015673	1.0	0.5007751937984496	7379.0	579.0	268.0	24.0	7.0	988.0	346.0	56.0	23.0	254.0	15.0	28.0	16.0	17.0	0.0
3	1	6	-0.1454740547992463	0.5578317216928836	1.0031152647975077	7379.0	268.0	988.0	23.0	28.0	579.0	24.0	7.0	346.0	254.0	16.0	56.0	17.0	15.0	0.0
1	3	7	-0.13700852197373353	0.554487999107733	1.0031347962382444	7378.0	269.0	579.0	26.0	5.0	985.0	27.0	27.0	347.0	257.0	12.0	56.0	16.0	16.0	0.0
1	7	3	-43.97973555356852	1.0	0.4992199687987519	7378.0	579.0	269.0	26.0	5.0	985.0	347.0	56.0	27.0	257.0	16.0	27.0	12.0	16.0	0.0
3	1	7	0.13743667360490142	0.4453427940885165	0.9968944099378882	7378.0	269.0	985.0	27.0	27.0	579.0	26.0	5.0	347.0	257.0	12.0	56.0	16.0	16.0	0.0
1	3	8	0.14910665614029853	0.4407347188530333	0.9971830985915493	7430.0	217.0	578.0	23.0	9.0	1000.0	22.0	17.0	376.0	227.0	13.0	57.0	16.0	15.0	0.0
1	8	3	-52.634649617525234	1.0	0.5007072135785007	7430.0	578.0	217.0	23.0	9.0	1000.0	376.0	57.0	22.0	227.0	16.0	17.0	13.0	15.0	0.0
3	1	8	-0.14868545089696433	0.5590990973430221	1.0028409090909092	7430.0	217.0	1000.0	22.0	17.0	578.0	23.0	9.0	376.0	227.0	13.0	57.0	15.0	16.0	0.0
1	3	9	-0.37487726620742445	0.6461240678714175	1.001733102253033	7614.0	33.0	605.0	3.0	2.0	1033.0	4.0	2.0	582.0	30.0	4.0	83.0	4.0	1.0	0.0
1	9	3	-217.0539371340981	1.0	0.4995678478824546	7614.0	605.0	33.0	3.0	2.0	1033.0	582.0	83.0	4.0	30.0	4.0	2.0	4.0	1.0	0.0
3	1	9	0.37552584279255835	0.3536347736487343	0.9982758620689656	7614.0	33.0	1033.0	4.0	2.0	605.0	3.0	2.0	582.0	30.0	4.0	83.0	1.0	4.0	0.0
1	4	5	-0.11209615161209283	0.5446264644973405	1.005952380952381	7393.0	344.0	467.0	39.0	14.0	1036.0	40.0	23.0	209.0	326.0	18.0	50.0	13.0	26.0	2.0
1	5	4	-19.056345774055714	1.0	0.49852507374631266	7393.0	467.0	344.0	39.0	14.0	1036.0	209.0	50.0	40.0	326.0	13.0	23.0	18.0	26.0	2.0
4	1	5	0.11275944245003422	0.4551105883309907	0.9941520467836257	7393.0	344.0	1036.0	40.0	23.0	467.0	39.0	14.0	209.0	326.0	18.0	50.0	26.0	13.0	2.0
1	4	6	-0.3877040934789428	0.6508824328251928	1.0119047619047619	7472.0	265.0	486.0	28.0	6.0	1045.0	31.0	23.0	286.0	250.0	17.0	59.0	11.0	17.0	4.0
1	6	4	-33.34255203918912	1.0	0.49707602339181284	7472.0	486.0	265.0	28.0	6.0	1045.0	286.0	59.0	31.0	250.0	11.0	23.0	17.0	17.0	4.0
4	1	6	0.3922653181081069	0.3474311456006346	0.9885057471264368	7472.0	265.0	1045.0	31.0	23.0	486.0	28.0	6.0	286.0	250.0	17.0	59.0	17.0	11.0	4.0
1	4	7	-0.7759006199202595	0.7810962313077896	1.0242914979757085	7473.0	264.0	484.0	26.0	10.0	1045.0	32.0	22.0	285.0	254.0	14.0	58.0	14.0	17.0	2.0
1	7	4	-33.493043426557875	1.0	0.494140625	7473.0	484.0	264.0	26.0	10.0	1045.0	285.0	58.0	32.0	254.0	14.0	22.0	14.0	17.0	2.0
4	1	7	0.7943014251357597	0.21350992608919062	0.9773584905660377	7473.0	264.0	1045.0	32.0	22.0	484.0	26.0	10.0	285.0	254.0	14.0	58.0	17.0	14.0	2.0
1	4	8	0.2727891052372482	0.39250773062366284	0.9930795847750865	7523.0	214.0	485.0	28.0	7.0	1057.0	26.0	16.0	313.0	228.0	12.0	63.0	11.0	16.0	1.0
1	8	4	-38.87244749630787	1.0	0.5017482517482518	7523.0	485.0	214.0	28.0	7.0	1057.0	313.0	63.0	26.0	228.0	11.0	16.0	12.0	16.0	1.0
4	1	8	-0.2708881358627726	0.6067614022341324	1.0070671378091873	7523.0	214.0	1057.0	26.0	16.0	485.0	28.0	7.0	313.0	228.0	12.0	63.0	16.0	11.0	1.0
1	4	9	-1.640732399091257	0.9495735244955975	1.0098039215686274	7703.0	34.0	516.0	2.0	2.0	1089.0	7.0	3.0	522.0	29.0	2.0	87.0	2.0	2.0	0.0
1	9	4	-170.63616950549033	1.0	0.4975845410628019	7703.0	516.0	34.0	2.0	2.0	1089.0	522.0	87.0	7.0	29.0	2.0	3.0	2.0	2.0	0.0
4	1	9	1.6566618398591333	0.048793913745283524	0.9904761904761905	7703.0	34.0	1089.0	7.0	3.0	516.0	2.0	2.0	522.0	29.0	2.0	87.0	2.0	2.0	0.0
1	5	6	-0.2547733834341738	0.6005508759924953	1.0238095238095237	7593.0	267.0	365.0	29.0	3.0	1235.0	31.0	29.0	117.0	249.0	13.0	38.0	12.0	19.0	0.0
1	6	5	-11.210028871103642	1.0	0.4942528735632184	7593.0	365.0	267.0	29.0	3.0	1235.0	117.0	38.0	31.0	249.0	12.0	29.0	13.0	19.0	0.0
5	1	6	0.2606983458396197	0.397162630202625	0.9777777777777777	7593.0	267.0	1235.0	31.0	29.0	365.0	29.0	3.0	117.0	249.0	13.0	38.0	19.0	12.0	0.0
1	5	7	-0.7065057332537673	0.7600632249289848	1.077922077922078	7593.0	267.0	364.0	30.0	3.0	1232.0	36.0	27.0	119.0	251.0	9.0	37.0	13.0	19.0	0.0
1	7	5	-10.479835043264217	1.0	0.48255813953488375	7593.0	364.0	267.0	30.0	3.0	1232.0	119.0	37.0	36.0	251.0	13.0	27.0	9.0	19.0	0.0
5	1	7	0.7575784368624732	0.22435162939813902	0.9368421052631579	7593.0	267.0	1232.0	36.0	27.0	364.0	30.0	3.0	119.0	251.0	9.0	37.0	19.0	13.0	0.0
1	5	8	-0.2694330081091783	0.6062016936740527	1.0172413793103448	7641.0	219.0	367.0	26.0	4.0	1248.0	28.0	19.0	146.0	225.0	8.0	39.0	12.0	18.0	0.0
1	8	5	-16.165980486550694	1.0	0.49579831932773105	7641.0	367.0	219.0	26.0	4.0	1248.0	146.0	39.0	28.0	225.0	12.0	19.0	8.0	18.0	0.0
5	1	8	0.27399966926357117	0.3920425014578576	0.9836065573770492	7641.0	219.0	1248.0	28.0	19.0	367.0	26.0	4.0	146.0	225.0	8.0	39.0	18.0	12.0	0.0
1	5	9	-0.8058431076388767	0.7898333993289643	1.0059171597633136	7825.0	35.0	394.0	2.0	1.0	1288.0	4.0	3.0	344.0	34.0	1.0	66.0	0.0	3.0	0.0
1	9	5	-137.79917140624684	1.0	0.49853372434017595	7825.0	394.0	35.0	2.0	1.0	1288.0	344.0	66.0	4.0	34.0	0.0	3.0	1.0	3.0	0.0
5	1	9	0.8105833612132232	0.2088024300578324	0.9941860465116279	7825.0	35.0	1288.0	4.0	3.0	394.0	2.0	1.0	344.0	34.0	1.0	66.0	3.0	0.0	0.0
1	6	7	-99999.9	1.0	-0.036231884057971016	7818.0	140.0	139.0	159.0	1.0	1366.0	16.0	8.0	11.0	280.0	1.0	11.0	4.0	45.0	1.0
1	7	6	0.9704161549726871	0.1659195479597546	0.032679738562091505	7818.0	139.0	140.0	159.0	1.0	1366.0	11.0	11.0	16.0	280.0	4.0	8.0	1.0	45.0	1.0
6	1	7	-27.75390203221884	1.0	0.5085910652920962	7818.0	140.0	1366.0	16.0	8.0	139.0	159.0	1.0	11.0	280.0	1.0	11.0	45.0	4.0	1.0
1	6	8	0.29126722047806464	0.38542354489252606	0.9354838709677419	7738.0	220.0	270.0	26.0	3.0	1347.0	24.0	19.0	53.0	232.0	7.0	33.0	9.0	19.0	0.0
1	8	6	-3.9321074764538704	0.9999578801196406	0.5178571428571428	7738.0	270.0	220.0	26.0	3.0	1347.0	53.0	33.0	24.0	232.0	9.0	19.0	7.0	19.0	0.0
6	1	8	-0.27117982596233603	0.6068735730587291	1.08	7738.0	220.0	1347.0	24.0	19.0	270.0	26.0	3.0	53.0	232.0	7.0	33.0	19.0	9.0	0.0
1	6	9	-0.6986048924834801	0.7576005761846392	1.007936507936508	7923.0	35.0	296.0	3.0	0.0	1382.0	5.0	3.0	259.0	32.0	1.0	57.0	1.0	3.0	0.0
1	9	6	-89.42142623788577	1.0	0.4980392156862745	7923.0	296.0	35.0	3.0	0.0	1382.0	259.0	57.0	5.0	32.0	1.0	3.0	1.0	3.0	0.0
6	1	9	0.7041057184085467	0.24068340047148284	0.9922480620155039	7923.0	35.0	1382.0	5.0	3.0	296.0	3.0	0.0	259.0	32.0	1.0	57.0	3.0	1.0	0.0
1	7	8	0.13910031540089776	0.44468541266874095	0.9722222222222222	7735.0	222.0	273.0	27.0	0.0	1342.0	26.0	20.0	61.0	232.0	7.0	30.0	7.0	18.0	0.0
1	8	7	-4.72941072363053	0.9999988727896829	0.5072463768115941	7735.0	273.0	222.0	27.0	0.0	1342.0	61.0	30.0	26.0	232.0	7.0	20.0	7.0	18.0	0.0
7	1	8	-0.13512602067515783	0.553743911607113	1.0303030303030303	7735.0	222.0	1342.0	26.0	20.0	273.0	27.0	0.0	61.0	232.0	7.0	30.0	18.0	7.0	0.0
1	7	9	-0.6987305180261006	0.7576398398274451	1.0076923076923077	7923.0	34.0	296.0	3.0	1.0	1381.0	5.0	2.0	267.0	32.0	1.0	50.0	1.0	4.0	0.0
1	9	7	-92.23242837944564	1.0	0.49809885931558934	7923.0	296.0	34.0	3.0	1.0	1381.0	267.0	50.0	5.0	32.0	1.0	2.0	1.0	4.0	0.0
7	1	9	0.7040643387743913	0.2406962844242957	0.9924812030075187	7923.0	34.0	1381.0	5.0	2.0	296.0	3.0	1.0	267.0	32.0	1.0	50.0	4.0	1.0	0.0
1	8	9	-0.6980953489207687	0.7574412855289648	1.0089285714285714	7974.0	34.0	245.0	3.0	1.0	1425.0	5.0	3.0	231.0	33.0	1.0	42.0	0.0	3.0	0.0
1	9	8	-79.58286977696751	1.0	0.4977973568281938	7974.0	245.0	34.0	3.0	1.0	1425.0	231.0	42.0	5.0	33.0	0.0	3.0	1.0	3.0	0.0
8	1	9	0.7042731838669702	0.24063126230096166	0.991304347826087	7974.0	34.0	1425.0	5.0	3.0	245.0	3.0	1.0	231.0	33.0	1.0	42.0	3.0	0.0	0.0
2	3	4	0.4737522344477625	0.31783831272313845	0.9285714285714286	7483.0	482.0	573.0	40.0	14.0	658.0	36.0	27.0	88.0	496.0	23.0	34.0	22.0	24.0	0.0
2	4	3	-5.685026813373147	0.9999999934417398	0.52	7483.0	573.0	482.0	40.0	14.0	658.0	88.0	34.0	36.0	496.0	22.0	27.0	23.0	24.0	0.0
3	2	4	-0.4373097548748576	0.6690566071471281	1.0909090909090908	7483.0	482.0	658.0	36.0	27.0	573.0	40.0	14.0	88.0	496.0	23.0	34.0	24.0	22.0	0.0
2	3	5	-0.5104444505833823	0.6951299459061797	1.0192307692307692	7614.0	351.0	580.0	28.0	19.0	672.0	32.0	17.0	244.0	341.0	22.0	45.0	19.0	16.0	0.0
2	5	3	-27.564000331502683	1.0	0.4953271028037384	7614.0	580.0	351.0	28.0	19.0	672.0	244.0	45.0	32.0	341.0	19.0	17.0	22.0	16.0	0.0
3	2	5	0.52007547795288	0.30150547248351667	0.9818181818181818	7614.0	351.0	672.0	32.0	17.0	580.0	28.0	19.0	244.0	341.0	22.0	45.0	16.0	19.0	0.0
2	3	6	-0.7370756547341392	0.7694618972936427	1.0166666666666666	7682.0	283.0	600.0	20.0	7.0	685.0	25.0	11.0	330.0	259.0	18.0	51.0	12.0	16.0	1.0
2	6	3	-45.69869059351661	1.0	0.4959349593495935	7682.0	600.0	283.0	20.0	7.0	685.0	330.0	51.0	25.0	259.0	12.0	11.0	18.0	16.0	1.0
3	2	6	0.7491588621887972	0.22688066235909332	0.9841269841269841	7682.0	283.0	685.0	25.0	11.0	600.0	20.0	7.0	330.0	259.0	18.0	51.0	16.0	12.0	1.0
2	3	7	-0.307146727655002	0.6206340852374947	1.006514657980456	7676.0	289.0	601.0	20.0	6.0	687.0	22.0	12.0	331.0	263.0	13.0	50.0	14.0	16.0	0.0
2	7	3	-47.76131615035283	1.0	0.4983870967741935	7676.0	601.0	289.0	20.0	6.0	687.0	331.0	50.0	22.0	263.0	14.0	12.0	13.0	16.0	0.0
3	2	7	0.30913473236474315	0.3786095886763443	0.9936102236421726	7676.0	289.0	687.0	22.0	12.0	601.0	20.0	6.0	331.0	263.0	13.0	50.0	16.0	14.0	0.0
2	3	8	0.7090466517751952	0.23914769422728366	0.9885714285714285	7732.0	233.0	600.0	18.0	9.0	698.0	14.0	9.0	360.0	233.0	14.0	51.0	15.0	14.0	0.0
2	8	3	-60.62348872677925	1.0	0.502906976744186	7732.0	600.0	233.0	18.0	9.0	698.0	360.0	51.0	14.0	233.0	15.0	9.0	14.0	14.0	0.0
3	2	8	-0.7008495806564069	0.7583016227601405	1.0118343195266273	7732.0	233.0	698.0	14.0	9.0	600.0	18.0	9.0	360.0	233.0	14.0	51.0	14.0	15.0	0.0
2	3	9	1.6567447307799352	0.04878553031661359	0.9913941480206541	7931.0	34.0	618.0	7.0	2.0	716.0	2.0	3.0	578.0	25.0	4.0	74.0	4.0	2.0	0.0
2	9	3	-189.20024825506692	1.0	0.5021795989537925	7931.0	618.0	34.0	7.0	2.0	716.0	578.0	74.0	2.0	25.0	4.0	3.0	4.0	2.0	0.0
3	2	9	-1.642363266103026	0.9497426416884466	1.0088339222614842	7931.0	34.0	716.0	2.0	3.0	618.0	7.0	2.0	578.0	25.0	4.0	74.0	2.0	4.0	0.0
2	4	5	-0.4779713252218588	0.6836646823659454	1.0254777070063694	7704.0	352.0	490.0	32.0	14.0	725.0	36.0	19.0	197.0	340.0	17.0	39.0	16.0	19.0	0.0
2	5	4	-19.716317165401662	1.0	0.49386503067484666	7704.0	490.0	352.0	32.0	14.0	725.0	197.0	39.0	36.0	340.0	16.0	19.0	17.0	19.0	0.0
4	2	5	0.4898463892025262	0.3121213048885345	0.9763313609467456	7704.0	352.0	725.0	36.0	19.0	490.0	32.0	14.0	197.0	340.0	17.0	39.0	19.0	16.0	0.0
2	4	6	-0.8191339268894826	0.7936450518543128	1.0242914979757085	7776.0	280.0	506.0	23.0	7.0	741.0	29.0	10.0	282.0	256.0	16.0	43.0	11.0	16.0	4.0
2	6	4	-35.359281177396014	1.0	0.494140625	7776.0	506.0	280.0	23.0	7.0	741.0	282.0	43.0	29.0	256.0	11.0	10.0	16.0	16.0	4.0
4	2	6	0.8385600279224348	0.20085807460034066	0.9773584905660377	7776.0	280.0	741.0	29.0	10.0	506.0	23.0	7.0	282.0	256.0	16.0	43.0	16.0	11.0	4.0
2	4	7	-0.7356151126671383	0.7690175875635623	1.02	7772.0	284.0	505.0	20.0	11.0	746.0	25.0	9.0	280.0	261.0	13.0	42.0	13.0	16.0	3.0
2	7	4	-38.25198585869118	1.0	0.4951456310679611	7772.0	505.0	284.0	20.0	11.0	746.0	280.0	42.0	25.0	261.0	13.0	9.0	13.0	16.0	3.0
4	2	7	0.7500389384057097	0.22661555883533202	0.9811320754716981	7772.0	284.0	746.0	25.0	9.0	505.0	20.0	11.0	280.0	261.0	13.0	42.0	16.0	13.0	3.0
2	4	8	0.9542675787895194	0.1699740992737424	0.9797297297297297	7827.0	229.0	505.0	23.0	8.0	753.0	17.0	10.0	307.0	235.0	12.0	49.0	10.0	14.0	1.0
2	8	4	-45.16866539603725	1.0	0.505226480836237	7827.0	505.0	229.0	23.0	8.0	753.0	307.0	49.0	17.0	235.0	10.0	10.0	12.0	14.0	1.0
4	2	8	-0.9345241116421501	0.8249832137788339	1.0215827338129497	7827.0	229.0	753.0	17.0	10.0	505.0	23.0	8.0	307.0	235.0	12.0	49.0	14.0	10.0	1.0
2	4	9	0.3317437745837156	0.37004143970830805	0.9980916030534351	8020.0	36.0	529.0	5.0	2.0	772.0	4.0	4.0	527.0	25.0	2.0	69.0	2.0	3.0	0.0
2	9	4	-173.17025033269857	1.0	0.5004784688995215	8020.0	529.0	36.0	5.0	2.0	772.0	527.0	69.0	4.0	25.0	2.0	4.0	2.0	3.0	0.0
4	2	9	-0.3311094652632879	0.6297190307766051	1.0019193857965452	8020.0	36.0	772.0	4.0	4.0	529.0	5.0	2.0	527.0	25.0	2.0	69.0	3.0	2.0	0.0
2	5	6	-0.7833506086874359	0.7832894374272732	1.069767441860465	7911.0	283.0	371.0	24.0	3.0	917.0	30.0	14.0	122.0	256.0	14.0	27.0	10.0	17.0	1.0
2	6	5	-12.794726608561453	1.0	0.4842105263157895	7911.0	371.0	283.0	24.0	3.0	917.0	122.0	27.0	30.0	256.0	10.0	14.0	14.0	17.0	1.0
5	2	6	0.8344386918627034	0.20201685958069493	0.9423076923076923	7911.0	283.0	917.0	30.0	14.0	371.0	24.0	3.0	122.0	256.0	14.0	27.0	17.0	10.0	1.0
2	5	7	-0.6644803294004015	0.7468085977175065	1.0561797752808988	7906.0	288.0	371.0	24.0	3.0	919.0	29.0	13.0	123.0	259.0	10.0	26.0	11.0	17.0	1.0
2	7	5	-13.15671052212794	1.0	0.48704663212435234	7906.0	371.0	288.0	24.0	3.0	919.0	123.0	26.0	29.0	259.0	11.0	13.0	10.0	17.0	1.0
5	2	7	0.6998250277727632	0.24201822240874504	0.9519230769230769	7906.0	288.0	919.0	29.0	13.0	371.0	24.0	3.0	123.0	259.0	10.0	26.0	17.0	11.0	1.0
2	5	8	0.31797435945661895	0.3752522621463479	0.9850746268656716	7961.0	233.0	371.0	21.0	6.0	928.0	19.0	14.0	151.0	233.0	8.0	30.0	10.0	15.0	0.0
2	8	5	-20.66833336468021	1.0	0.5038167938931297	7961.0	371.0	233.0	21.0	6.0	928.0	151.0	30.0	19.0	233.0	10.0	14.0	8.0	15.0	0.0
5	2	8	-0.3131565661315187	0.6229190734957067	1.015625	7961.0	233.0	928.0	19.0	14.0	371.0	21.0	6.0	151.0	233.0	8.0	30.0	15.0	10.0	0.0
2	5	9	1.4055092231733337	0.0799350077614207	0.989010989010989	8158.0	36.0	391.0	6.0	1.0	955.0	2.0	4.0	362.0	29.0	1.0	51.0	0.0	4.0	0.0
2	9	5	-125.09032086242678	1.0	0.5027932960893854	8158.0	391.0	36.0	6.0	1.0	955.0	362.0	51.0	2.0	29.0	0.0	4.0	1.0	4.0	0.0
5	2	9	-1.389892454026963	0.917719174779763	1.0113636363636365	8158.0	36.0	955.0	2.0	4.0	391.0	6.0	1.0	362.0	29.0	1.0	51.0	4.0	0.0	0.0
2	6	7	0.2043375010600183	0.4190449112942001	0.0	8133.0	149.0	144.0	164.0	2.0	1051.0	12.0	3.0	12.0	283.0	1.0	5.0	4.0	37.0	0.0
2	7	6	0.2043375010600183	0.4190449112942001	0.0	8133.0	144.0	149.0	164.0	2.0	1051.0	12.0	5.0	12.0	283.0	4.0	3.0	1.0	37.0	0.0
6	2	7	-30.962432061614987	1.0	0.5	8133.0	149.0	1051.0	12.0	3.0	144.0	164.0	2.0	12.0	283.0	1.0	5.0	37.0	4.0	0.0
2	6	8	1.3250949431361172	0.0925698974772573	0.8260869565217391	8049.0	233.0	283.0	24.0	3.0	1036.0	16.0	14.0	54.0	236.0	6.0	19.0	10.0	17.0	0.0
2	8	6	-4.96910603676044	0.9999996631724637	0.5588235294117647	8049.0	283.0	233.0	24.0	3.0	1036.0	54.0	19.0	16.0	236.0	10.0	14.0	6.0	17.0	0.0
6	2	8	-1.0461275866864084	0.852248907937733	1.3636363636363635	8049.0	233.0	1036.0	16.0	14.0	283.0	24.0	3.0	54.0	236.0	6.0	19.0	17.0	10.0	0.0
2	6	9	1.2605262790876657	0.10373985577270006	0.9851301115241635	8246.0	36.0	303.0	7.0	0.0	1059.0	3.0	4.0	268.0	27.0	1.0	41.0	1.0	4.0	0.0
2	9	6	-82.24933971047034	1.0	0.5038022813688212	8246.0	303.0	36.0	7.0	0.0	1059.0	268.0	41.0	3.0	27.0	1.0	4.0	1.0	4.0	0.0
6	2	9	-1.2414994673278519	0.8927892843654262	1.0155642023346303	8246.0	36.0	1059.0	3.0	4.0	303.0	7.0	0.0	268.0	27.0	1.0	41.0	4.0	1.0	0.0
2	7	8	0.991985937769629	0.16060219938721565	0.8666666666666667	8040.0	237.0	292.0	23.0	0.0	1037.0	17.0	14.0	56.0	237.0	6.0	16.0	8.0	17.0	0.0
2	8	7	-5.455922657732956	0.9999999755824442	0.5416666666666667	8040.0	292.0	237.0	23.0	0.0	1037.0	56.0	16.0	17.0	237.0	8.0	14.0	6.0	17.0	0.0
7	2	8	-0.8393727165743012	0.7993699551700132	1.2222222222222223	8040.0	237.0	1037.0	17.0	14.0	292.0	23.0	0.0	56.0	237.0	6.0	16.0	17.0	8.0	0.0
2	7	9	1.5019959187441911	0.06654911056202406	0.9816849816849816	8243.0	34.0	306.0	8.0	1.0	1061.0	3.0	4.0	271.0	27.0	1.0	36.0	1.0	4.0	0.0
2	9	7	-79.00498532594456	1.0	0.5047080979284368	8243.0	306.0	34.0	8.0	1.0	1061.0	271.0	36.0	3.0	27.0	1.0	4.0	1.0	4.0	0.0
7	2	9	-1.4739736068273217	0.9297556142677694	1.0193798449612403	8243.0	34.0	1061.0	3.0	4.0	306.0	8.0	1.0	271.0	27.0	1.0	36.0	4.0	1.0	0.0
2	8	9	1.2607997900992083	0.10369056348423	0.9829059829059829	8297.0	35.0	252.0	7.0	1.0	1102.0	3.0	4.0	233.0	28.0	1.0	33.0	0.0	4.0	0.0
2	9	8	-71.23518814060529	1.0	0.5043859649122807	8297.0	252.0	35.0	7.0	1.0	1102.0	233.0	33.0	3.0	28.0	0.0	4.0	1.0	4.0	0.0
8	2	9	-1.2388728372279176	0.892303634708755	1.018018018018018	8297.0	35.0	1102.0	3.0	4.0	252.0	7.0	1.0	233.0	28.0	1.0	33.0	4.0	0.0	0.0
3	4	5	0.1242860447081397	0.45054435878696353	0.9942528735632183	7789.0	352.0	497.0	33.0	15.0	640.0	32.0	23.0	205.0	338.0	17.0	24.0	15.0	20.0	0.0
3	5	4	-21.377199689799976	1.0	0.5014492753623189	7789.0	497.0	352.0	33.0	15.0	640.0	205.0	24.0	32.0	338.0	15.0	23.0	17.0	20.0	0.0
4	3	5	-0.12356762826474006	0.5491712275144418	1.0058479532163742	7789.0	352.0	640.0	32.0	23.0	497.0	33.0	15.0	205.0	338.0	17.0	24.0	20.0	15.0	0.0
3	4	6	-0.30696503923399465	0.6205649397408458	1.0076045627376427	7853.0	288.0	514.0	20.0	11.0	664.0	22.0	9.0	287.0	261.0	12.0	30.0	12.0	14.0	3.0
3	6	4	-40.97983273773834	1.0	0.4981203007518797	7853.0	514.0	288.0	20.0	11.0	664.0	287.0	30.0	22.0	261.0	12.0	9.0	12.0	14.0	3.0
4	3	6	0.30928175651123235	0.37855367252088945	0.9925650557620818	7853.0	288.0	664.0	22.0	9.0	514.0	20.0	11.0	287.0	261.0	12.0	30.0	14.0	12.0	3.0
3	4	7	-0.6420938688628819	0.7395939422516743	1.0153846153846153	7851.0	290.0	512.0	17.0	16.0	667.0	21.0	7.0	285.0	265.0	10.0	30.0	13.0	15.0	1.0
3	7	4	-43.02028921381314	1.0	0.49624060150375937	7851.0	512.0	290.0	17.0	16.0	667.0	285.0	30.0	21.0	265.0	13.0	7.0	10.0	15.0	1.0
4	3	7	0.6518225638456528	0.2572577592369565	0.9852941176470589	7851.0	290.0	667.0	21.0	7.0	512.0	17.0	16.0	285.0	265.0	10.0	30.0	15.0	13.0	1.0
3	4	8	0.3338719496814897	0.36923816144236543	0.9932659932659933	7912.0	229.0	518.0	19.0	8.0	668.0	17.0	10.0	312.0	237.0	11.0	31.0	11.0	16.0	1.0
3	8	4	-48.91224062833829	1.0	0.5017006802721089	7912.0	518.0	229.0	19.0	8.0	668.0	312.0	31.0	17.0	237.0	11.0	10.0	11.0	16.0	1.0
4	3	8	-0.33160841103958133	0.6299074481893028	1.006872852233677	7912.0	229.0	668.0	17.0	10.0	518.0	19.0	8.0	312.0	237.0	11.0	31.0	16.0	11.0	1.0
3	4	9	-1.6054280208873561	0.9458001810892291	1.0076628352490422	8105.0	36.0	542.0	1.0	2.0	687.0	5.0	3.0	531.0	27.0	2.0	52.0	2.0	5.0	0.0
3	9	4	-212.71921276757607	1.0	0.4981060606060606	8105.0	542.0	36.0	1.0	2.0	687.0	531.0	52.0	5.0	27.0	2.0	3.0	2.0	5.0	0.0
4	3	9	1.6176365989929635	0.0528704626522275	0.9925093632958801	8105.0	36.0	687.0	5.0	3.0	542.0	1.0	2.0	531.0	27.0	2.0	52.0	5.0	2.0	0.0
3	5	6	-0.3201161100450794	0.6255597743181747	1.0222222222222221	7989.0	297.0	378.0	18.0	4.0	839.0	20.0	10.0	112.0	262.0	11.0	30.0	13.0	17.0	0.0
3	6	5	-15.045457172118706	1.0	0.4946236559139785	7989.0	378.0	297.0	18.0	4.0	839.0	112.0	30.0	20.0	262.0	13.0	10.0	11.0	17.0	0.0
5	3	6	0.32707515591562464	0.3718055894484127	0.9791666666666666	7989.0	297.0	839.0	20.0	10.0	378.0	18.0	4.0	112.0	262.0	11.0	30.0	17.0	13.0	0.0
3	5	7	-0.6152050367635651	0.7307903921664154	1.0454545454545454	7986.0	300.0	377.0	18.0	5.0	839.0	22.0	8.0	114.0	264.0	7.0	29.0	13.0	18.0	0.0
3	7	5	-14.764920882325558	1.0	0.48936170212765956	7986.0	377.0	300.0	18.0	5.0	839.0	114.0	29.0	22.0	264.0	13.0	8.0	7.0	18.0	0.0
5	3	7	0.6419530818402419	0.26045176300838113	0.96	7986.0	300.0	839.0	22.0	8.0	377.0	18.0	5.0	114.0	264.0	7.0	29.0	18.0	13.0	0.0
3	5	8	-0.5300575528266033	0.7019640032147466	1.0252100840336134	8050.0	236.0	380.0	14.0	6.0	839.0	17.0	13.0	139.0	238.0	8.0	33.0	10.0	17.0	0.0
3	8	5	-22.08573136777513	1.0	0.4939271255060729	8050.0	380.0	236.0	14.0	6.0	839.0	139.0	33.0	17.0	238.0	10.0	13.0	8.0	17.0	0.0
5	3	8	0.5430917549452903	0.29353329091243263	0.9765625	8050.0	236.0	839.0	17.0	13.0	380.0	14.0	6.0	139.0	238.0	8.0	33.0	17.0	10.0	0.0
3	5	9	-0.5666286359830659	0.7145167770006532	1.002865329512894	8249.0	37.0	398.0	1.0	1.0	864.0	2.0	3.0	352.0	32.0	1.0	54.0	0.0	6.0	0.0
3	9	5	-198.88665123005296	1.0	0.4992867332382311	8249.0	398.0	37.0	1.0	1.0	864.0	352.0	54.0	2.0	32.0	0.0	3.0	1.0	6.0	0.0
5	3	9	0.5682475749430175	0.2849334002603052	0.9971590909090909	8249.0	37.0	864.0	2.0	3.0	398.0	1.0	1.0	352.0	32.0	1.0	54.0	6.0	0.0	0.0
3	6	7	-99999.9	1.0	-0.006211180124223602	8217.0	150.0	146.0	171.0	2.0	967.0	9.0	5.0	8.0	286.0	1.0	7.0	4.0	27.0	0.0
3	7	6	0.2424788065528115	0.4042046399208026	0.006097560975609756	8217.0	146.0	150.0	171.0	2.0	967.0	8.0	7.0	9.0	286.0	4.0	5.0	1.0	27.0	0.0
6	3	7	-39.28156666155553	1.0	0.5015384615384616	8217.0	150.0	967.0	9.0	5.0	146.0	171.0	2.0	8.0	286.0	1.0	7.0	27.0	4.0	0.0
3	6	8	0.5768057651947438	0.2820352982845816	0.9090909090909091	8130.0	237.0	300.0	16.0	3.0	955.0	13.0	13.0	43.0	244.0	8.0	13.0	8.0	17.0	0.0
3	8	6	-5.191251886752695	0.999999895359869	0.5263157894736842	8130.0	300.0	237.0	16.0	3.0	955.0	43.0	13.0	13.0	244.0	8.0	13.0	8.0	17.0	0.0
6	3	8	-0.5191251886752695	0.6981632895264378	1.125	8130.0	237.0	955.0	13.0	13.0	300.0	16.0	3.0	43.0	244.0	8.0	13.0	17.0	8.0	0.0
3	6	9	0.0	0.49999999949999996	nan	8330.0	37.0	317.0	2.0	0.0	975.0	2.0	4.0	263.0	31.0	1.0	32.0	1.0	5.0	0.0
3	9	6	-128.8987123627711	1.0	0.5	8330.0	317.0	37.0	2.0	0.0	975.0	263.0	32.0	2.0	31.0	1.0	4.0	1.0	5.0	0.0
6	3	9	0.0	0.49999999949999996	nan	8330.0	37.0	975.0	2.0	4.0	317.0	2.0	0.0	263.0	31.0	1.0	32.0	5.0	1.0	0.0
3	7	8	0.18190834792539645	0.42782733702049147	0.9696969696969697	8123.0	240.0	307.0	16.0	0.0	954.0	15.0	13.0	47.0	244.0	8.0	10.0	6.0	17.0	0.0
3	8	7	-5.639158785687287	0.9999999914323265	0.5079365079365079	8123.0	307.0	240.0	16.0	0.0	954.0	47.0	10.0	15.0	244.0	6.0	13.0	8.0	17.0	0.0
7	3	8	-0.17622371205272783	0.5699408979228413	1.0333333333333334	8123.0	240.0	954.0	15.0	13.0	307.0	16.0	0.0	47.0	244.0	8.0	10.0	17.0	6.0	0.0
3	7	9	0.4433136190586435	0.3287694820361613	0.9962406015037594	8328.0	35.0	319.0	3.0	1.0	976.0	2.0	4.0	267.0	31.0	1.0	27.0	1.0	5.0	0.0
3	9	7	-117.03479543148154	1.0	0.500945179584121	8328.0	319.0	35.0	3.0	1.0	976.0	267.0	27.0	2.0	31.0	1.0	4.0	1.0	5.0	0.0
7	3	9	-0.44164073747729016	0.6706253701911447	1.0038022813688212	8328.0	35.0	976.0	2.0	4.0	319.0	3.0	1.0	267.0	31.0	1.0	27.0	5.0	1.0	0.0
3	8	9	0.0	0.49999999949999996	nan	8394.0	36.0	253.0	2.0	1.0	1005.0	2.0	4.0	232.0	32.0	1.0	33.0	0.0	5.0	0.0
3	9	8	-113.5889036147025	1.0	0.5	8394.0	253.0	36.0	2.0	1.0	1005.0	232.0	33.0	2.0	32.0	0.0	4.0	1.0	5.0	0.0
8	3	9	0.0	0.49999999949999996	nan	8394.0	36.0	1005.0	2.0	4.0	253.0	2.0	1.0	232.0	32.0	1.0	33.0	5.0	0.0	0.0
4	5	6	0.14644197038698348	0.4417862280346243	0.9895833333333334	8137.0	292.0	380.0	24.0	3.0	691.0	23.0	12.0	118.0	261.0	12.0	22.0	11.0	12.0	2.0
4	6	5	-13.765545216376468	1.0	0.5026455026455027	8137.0	380.0	292.0	24.0	3.0	691.0	118.0	22.0	23.0	261.0	11.0	12.0	12.0	12.0	2.0
5	4	6	-0.14490047596185734	0.5576052964258085	1.010752688172043	8137.0	292.0	691.0	23.0	12.0	380.0	24.0	3.0	118.0	261.0	12.0	22.0	12.0	11.0	2.0
4	5	7	0.29731533658976467	0.38311295492642605	0.9797979797979798	8138.0	291.0	380.0	24.0	3.0	687.0	22.0	17.0	119.0	263.0	9.0	21.0	12.0	13.0	1.0
4	7	5	-14.122478488013806	1.0	0.5052083333333334	8138.0	380.0	291.0	24.0	3.0	687.0	119.0	21.0	22.0	263.0	12.0	17.0	9.0	13.0	1.0
5	4	7	-0.2911851234642025	0.614545063004305	1.021505376344086	8138.0	291.0	687.0	22.0	17.0	380.0	24.0	3.0	119.0	263.0	9.0	21.0	13.0	12.0	1.0
4	5	8	-0.6524234420246096	0.7429360398722187	1.0338983050847457	8194.0	235.0	386.0	16.0	5.0	695.0	20.0	11.0	142.0	242.0	7.0	24.0	10.0	11.0	2.0
4	8	5	-20.551338423775185	1.0	0.4919354838709677	8194.0	386.0	235.0	16.0	5.0	695.0	142.0	24.0	20.0	242.0	10.0	11.0	7.0	11.0	2.0
5	4	8	0.6738143745500067	0.25021460099375825	0.9692307692307692	8194.0	235.0	695.0	20.0	11.0	386.0	16.0	5.0	142.0	242.0	7.0	24.0	11.0	10.0	2.0
4	5	9	1.69722551444347	0.044826987887248926	0.9916666666666667	8389.0	40.0	403.0	3.0	1.0	724.0	0.0	2.0	357.0	33.0	1.0	44.0	0.0	3.0	0.0
4	9	5	-200.27261070433107	1.0	0.5021097046413502	8389.0	403.0	40.0	3.0	1.0	724.0	357.0	44.0	0.0	33.0	0.0	2.0	1.0	3.0	0.0
5	4	9	-1.6829631151624327	0.953808908787938	1.0085470085470085	8389.0	40.0	724.0	0.0	2.0	403.0	3.0	1.0	357.0	33.0	1.0	44.0	3.0	0.0	0.0
4	6	7	0.26707496299869454	0.3947057836258563	0.0	8369.0	148.0	149.0	168.0	2.0	815.0	7.0	9.0	7.0	287.0	1.0	5.0	3.0	29.0	1.0
4	7	6	0.26707496299869454	0.3947057836258563	0.0	8369.0	149.0	148.0	168.0	2.0	815.0	7.0	5.0	7.0	287.0	3.0	9.0	1.0	29.0	1.0
6	4	7	-42.87620312395022	1.0	0.5	8369.0	148.0	815.0	7.0	9.0	149.0	168.0	2.0	7.0	287.0	1.0	5.0	29.0	3.0	1.0
4	6	8	0.1672396075344089	0.4335907584311758	0.9615384615384616	8283.0	234.0	297.0	19.0	3.0	802.0	18.0	11.0	43.0	245.0	7.0	16.0	9.0	13.0	0.0
4	8	6	-4.013750580825811	0.9999701049968994	0.5102040816326531	8283.0	297.0	234.0	19.0	3.0	802.0	43.0	16.0	18.0	245.0	9.0	11.0	7.0	13.0	0.0
6	4	8	-0.16055002323303255	0.5637760980035763	1.0434782608695652	8283.0	234.0	802.0	18.0	11.0	297.0	19.0	3.0	43.0	245.0	7.0	16.0	13.0	9.0	0.0
4	6	9	1.3270464679963017	0.09224672157924119	0.9886792452830189	8477.0	40.0	315.0	4.0	0.0	828.0	1.0	2.0	263.0	31.0	1.0	34.0	1.0	3.0	0.0
4	9	6	-114.56834507034696	1.0	0.5028790786948176	8477.0	315.0	40.0	4.0	0.0	828.0	263.0	34.0	1.0	31.0	1.0	2.0	1.0	3.0	0.0
6	4	9	-1.3118512794314583	0.9052147734989121	1.01171875	8477.0	40.0	828.0	1.0	2.0	315.0	4.0	0.0	263.0	31.0	1.0	34.0	3.0	1.0	0.0
4	7	8	-0.1606957944636682	0.5638335068177062	1.0416666666666667	8280.0	238.0	300.0	18.0	0.0	797.0	19.0	11.0	44.0	246.0	7.0	20.0	7.0	13.0	0.0
4	8	7	-4.178090656055371	0.9999852927570205	0.49019607843137253	8280.0	300.0	238.0	18.0	0.0	797.0	44.0	20.0	19.0	246.0	7.0	11.0	7.0	13.0	0.0
7	4	8	0.16712362624221494	0.43363638605455446	0.9629629629629629	8280.0	238.0	797.0	19.0	11.0	300.0	18.0	0.0	44.0	246.0	7.0	20.0	13.0	7.0	0.0
4	7	9	1.6156809928039615	0.053081646103100955	0.9850746268656716	8480.0	38.0	312.0	5.0	1.0	824.0	1.0	2.0	265.0	31.0	1.0	36.0	1.0	3.0	0.0
4	9	7	-105.01926453225771	1.0	0.5038167938931297	8480.0	312.0	38.0	5.0	1.0	824.0	265.0	36.0	1.0	31.0	1.0	2.0	1.0	3.0	0.0
7	4	9	-1.5912009777614773	0.9442178212450991	1.015625	8480.0	38.0	824.0	1.0	2.0	312.0	5.0	1.0	265.0	31.0	1.0	36.0	3.0	1.0	0.0
4	8	9	1.3268974169677112	0.09227137519382445	0.9875	8540.0	40.0	252.0	4.0	0.0	859.0	1.0	1.0	238.0	32.0	2.0	28.0	0.0	3.0	0.0
4	9	8	-103.49799852348134	1.0	0.5031847133757962	8540.0	252.0	40.0	4.0	0.0	859.0	238.0	28.0	1.0	32.0	0.0	1.0	2.0	3.0	0.0
8	4	9	-1.3101012471326767	0.9049191395166386	1.0129870129870129	8540.0	40.0	859.0	1.0	1.0	252.0	4.0	0.0	238.0	32.0	2.0	28.0	3.0	0.0	0.0
5	6	7	0.3155020477077623	0.37619031721328566	0.0	8672.0	156.0	153.0	172.0	2.0	512.0	5.0	3.0	5.0	291.0	1.0	3.0	4.0	21.0	0.0
5	7	6	0.3155020477077623	0.37619031721328566	0.0	8672.0	153.0	156.0	172.0	2.0	512.0	5.0	3.0	5.0	291.0	4.0	3.0	1.0	21.0	0.0
6	5	7	-52.54795075655074	1.0	0.5	8672.0	156.0	512.0	5.0	3.0	153.0	172.0	2.0	5.0	291.0	1.0	3.0	21.0	4.0	0.0
5	6	8	1.2667108406435308	0.10262941995189678	0.8378378378378378	8581.0	247.0	308.0	15.0	4.0	504.0	9.0	7.0	40.0	251.0	6.0	8.0	9.0	11.0	0.0
5	8	6	-5.277961836014713	0.9999999345520816	0.5535714285714285	8581.0	308.0	247.0	15.0	4.0	504.0	40.0	8.0	9.0	251.0	9.0	7.0	6.0	11.0	0.0
6	5	8	-1.0215410005189764	0.8465008848137976	1.3157894736842104	8581.0	247.0	504.0	9.0	7.0	308.0	15.0	4.0	40.0	251.0	6.0	8.0	11.0	9.0	0.0
5	6	9	0.0	0.49999999949999996	nan	8787.0	41.0	326.0	1.0	0.0	518.0	1.0	1.0	259.0	37.0	1.0	27.0	1.0	0.0	0.0
5	9	6	-178.0369143103264	1.0	0.5	8787.0	326.0	41.0	1.0	0.0	518.0	259.0	27.0	1.0	37.0	1.0	1.0	1.0	0.0	0.0
6	5	9	0.0	0.49999999949999996	nan	8787.0	41.0	518.0	1.0	1.0	326.0	1.0	0.0	259.0	37.0	1.0	27.0	0.0	1.0	0.0
5	7	8	0.8451247796293836	0.19902053915839546	0.8888888888888888	8574.0	251.0	315.0	14.0	1.0	503.0	10.0	7.0	42.0	252.0	6.0	7.0	7.0	11.0	0.0
5	8	7	-5.915873457405686	0.999999998343829	0.5333333333333333	8574.0	315.0	251.0	14.0	1.0	503.0	42.0	7.0	10.0	252.0	7.0	7.0	6.0	11.0	0.0
7	5	8	-0.7394841821757105	0.7701935481001007	1.1666666666666667	8574.0	251.0	503.0	10.0	7.0	315.0	14.0	1.0	42.0	252.0	6.0	7.0	11.0	7.0	0.0
5	7	9	0.5683454806856618	0.284900165793711	0.9961832061068703	8786.0	39.0	327.0	2.0	1.0	518.0	1.0	1.0	262.0	37.0	1.0	24.0	1.0	0.0	0.0
5	9	7	-147.76982497827288	1.0	0.5009596928982726	8786.0	327.0	39.0	2.0	1.0	518.0	262.0	24.0	1.0	37.0	1.0	1.0	1.0	0.0	0.0
7	5	9	-0.5661679117941459	0.7143602139463523	1.0038610038610039	8786.0	39.0	518.0	1.0	1.0	327.0	2.0	1.0	262.0	37.0	1.0	24.0	0.0	1.0	0.0
5	8	9	0.0	0.49999999949999996	nan	8849.0	40.0	264.0	1.0	1.0	550.0	1.0	1.0	230.0	38.0	1.0	24.0	0.0	0.0	0.0
5	9	8	-158.02501308939827	1.0	0.5	8849.0	264.0	40.0	1.0	1.0	550.0	230.0	24.0	1.0	38.0	0.0	1.0	1.0	0.0	0.0
8	5	9	0.0	0.49999999949999996	nan	8849.0	40.0	550.0	1.0	1.0	264.0	1.0	1.0	230.0	38.0	1.0	24.0	0.0	0.0	0.0
6	7	8	-0.8029317615257627	0.7889929708856689	1.0103626943005182	8923.0	261.0	162.0	2.0	0.0	154.0	4.0	3.0	199.0	272.0	13.0	3.0	1.0	3.0	0.0
6	8	7	-79.08877851028761	1.0	0.4974489795918367	8923.0	162.0	261.0	2.0	0.0	154.0	199.0	3.0	4.0	272.0	1.0	3.0	13.0	3.0	0.0
7	6	8	0.8111669590798732	0.2086348412315734	0.9899497487437185	8923.0	261.0	154.0	4.0	3.0	162.0	2.0	0.0	199.0	272.0	13.0	3.0	3.0	1.0	0.0
6	7	9	0.9525850848142353	0.17040015982845724	0.9977528089887641	9143.0	41.0	162.0	1.0	1.0	161.0	0.0	0.0	444.0	38.0	2.0	7.0	0.0	0.0	0.0
6	9	7	-421.99519257272965	1.0	0.5005636978579481	9143.0	162.0	41.0	1.0	1.0	161.0	444.0	7.0	0.0	38.0	0.0	0.0	2.0	0.0	0.0
7	6	9	-0.9504396229115004	0.8290555501941258	1.002262443438914	9143.0	41.0	161.0	0.0	0.0	162.0	1.0	1.0	444.0	38.0	2.0	7.0	0.0	0.0	0.0
6	8	9	0.0	0.49999999949999996	nan	9043.0	42.0	262.0	0.0	1.0	356.0	0.0	0.0	238.0	38.0	1.0	18.0	0.0	1.0	0.0
6	9	8	-752.6220831199887	1.0	0.5	9043.0	262.0	42.0	0.0	1.0	356.0	238.0	18.0	0.0	38.0	0.0	0.0	1.0	1.0	0.0
8	6	9	0.0	0.49999999949999996	nan	9043.0	42.0	356.0	0.0	0.0	262.0	0.0	1.0	238.0	38.0	1.0	18.0	1.0	0.0	0.0
7	8	9	-0.9478278900813231	0.8283914708514861	1.0042372881355932	9037.0	40.0	267.0	0.0	1.0	362.0	1.0	1.0	238.0	38.0	1.0	13.0	0.0	1.0	0.0
7	9	8	-225.5830378393567	1.0	0.49894736842105264	9037.0	267.0	40.0	0.0	1.0	362.0	238.0	13.0	1.0	38.0	0.0	1.0	1.0	1.0	0.0
8	7	9	0.9518271638791347	0.17059231259597651	0.99581589958159	9037.0	40.0	362.0	1.0	1.0	267.0	0.0	1.0	238.0	38.0	1.0	13.0	1.0	0.0	0.0
