P1	Hybrid	P2	Zscore	Pvalue	Gamma	AAAA	AAAB	AABA	AABB	AABC	ABAA	ABAB	ABAC	ABBA	BAAA	ABBC	CABC	BACA	BCAA	ABCD
1	2	3	-99999.9	1.0	-0.036585365853658534	7019.0	392.0	402.0	136.0	19.0	1309.0	51.0	23.0	48.0	466.0	14.0	37.0	18.0	66.0	0.0
1	3	2	0.3061259188451004	0.3797544558494934	0.03296703296703296	7019.0	402.0	392.0	136.0	19.0	1309.0	48.0	37.0	51.0	466.0	18.0	23.0	14.0	66.0	0.0
2	1	3	-8.673567700611178	1.0	0.508670520231214	7019.0	392.0	1309.0	51.0	23.0	402.0	136.0	19.0	48.0	466.0	14.0	37.0	66.0	18.0	0.0
1	2	4	-99999.9	1.0	-0.07692307692307691	7024.0	387.0	402.0	136.0	19.0	1306.0	52.0	25.0	46.0	467.0	15.0	37.0	19.0	65.0	0.0
1	4	2	0.6229440363794541	0.2666605937739548	0.0625	7024.0	402.0	387.0	136.0	19.0	1306.0	46.0	37.0	52.0	467.0	19.0	25.0	15.0	65.0	0.0
2	1	4	-8.721216509312365	1.0	0.5172413793103449	7024.0	387.0	1306.0	52.0	25.0	402.0	136.0	19.0	46.0	467.0	15.0	37.0	65.0	19.0	0.0
1	2	5	-99999.9	1.0	-0.11842105263157894	7020.0	391.0	406.0	136.0	15.0	1293.0	51.0	39.0	42.0	468.0	18.0	36.0	22.0	62.0	1.0
1	5	2	0.9666778072210499	0.1668525591819483	0.08737864077669903	7020.0	406.0	391.0	136.0	15.0	1293.0	42.0	36.0	51.0	468.0	22.0	39.0	18.0	62.0	1.0
2	1	5	-9.129734845976584	1.0	0.5251396648044693	7020.0	391.0	1293.0	51.0	39.0	406.0	136.0	15.0	42.0	468.0	18.0	36.0	62.0	22.0	1.0
1	2	6	-99999.9	1.0	-0.08139534883720931	7009.0	402.0	403.0	139.0	15.0	1298.0	46.0	39.0	39.0	471.0	18.0	36.0	20.0	65.0	0.0
1	6	2	0.7801619259103492	0.217647721105662	0.06542056074766356	7009.0	403.0	402.0	139.0	15.0	1298.0	39.0	36.0	46.0	471.0	20.0	39.0	18.0	65.0	0.0
2	1	6	-10.365008444237493	1.0	0.5181347150259067	7009.0	402.0	1298.0	46.0	39.0	403.0	139.0	15.0	39.0	471.0	18.0	36.0	65.0	20.0	0.0
1	2	7	-99999.9	1.0	-0.1097560975609756	7007.0	404.0	406.0	138.0	13.0	1302.0	47.0	34.0	38.0	472.0	18.0	37.0	20.0	64.0	0.0
1	7	2	1.0082654956117536	0.15666352448284682	0.08256880733944953	7007.0	406.0	404.0	138.0	13.0	1302.0	38.0	37.0	47.0	472.0	20.0	34.0	18.0	64.0	0.0
2	1	7	-10.19468445562995	1.0	0.5235602094240838	7007.0	404.0	1302.0	47.0	34.0	406.0	138.0	13.0	38.0	472.0	18.0	37.0	64.0	20.0	0.0
1	2	8	-99999.9	1.0	-0.15584415584415584	7009.0	402.0	406.0	138.0	13.0	1300.0	49.0	34.0	37.0	475.0	16.0	36.0	21.0	64.0	0.0
1	8	2	1.3435921144187433	0.08954022426329	0.10619469026548671	7009.0	406.0	402.0	138.0	13.0	1300.0	37.0	36.0	49.0	475.0	21.0	34.0	16.0	64.0	0.0
2	1	8	-9.964974848605676	1.0	0.531578947368421	7009.0	402.0	1300.0	49.0	34.0	406.0	138.0	13.0	37.0	475.0	16.0	36.0	64.0	21.0	0.0
1	2	9	-99999.9	1.0	1.0476190476190477	6937.0	474.0	470.0	70.0	17.0	1270.0	69.0	44.0	47.0	463.0	18.0	49.0	19.0	51.0	2.0
1	9	2	1.9059941987355755	0.0283254127775191	0.4888888888888889	6937.0	470.0	474.0	70.0	17.0	1270.0	47.0	49.0	69.0	463.0	19.0	44.0	18.0	51.0	2.0
2	1	9	-0.0866360999425264	0.5345196791974167	0.9583333333333334	6937.0	474.0	1270.0	69.0	44.0	470.0	70.0	17.0	47.0	463.0	18.0	49.0	51.0	19.0	2.0
1	3	4	-99999.9	1.0	-0.005917159763313609	7396.0	25.0	30.0	515.0	2.0	1386.0	5.0	3.0	2.0	531.0	2.0	1.0	2.0	100.0	0.0
1	4	3	1.1263791876295068	0.1300025774405773	0.005813953488372093	7396.0	30.0	25.0	515.0	2.0	1386.0	2.0	1.0	5.0	531.0	2.0	3.0	2.0	100.0	0.0
3	1	4	-191.4844618970165	1.0	0.501466275659824	7396.0	25.0	1386.0	5.0	3.0	30.0	515.0	2.0	2.0	531.0	2.0	1.0	100.0	2.0	0.0
1	3	5	-99999.9	1.0	-0.02074688796680498	7175.0	246.0	251.0	283.0	13.0	1330.0	37.0	27.0	32.0	492.0	11.0	9.0	12.0	81.0	1.0
1	5	3	0.6065703827642577	0.2720679798962242	0.01953125	7175.0	251.0	246.0	283.0	13.0	1330.0	32.0	9.0	37.0	492.0	12.0	27.0	11.0	81.0	1.0
3	1	5	-29.843262832001482	1.0	0.5050301810865191	7175.0	246.0	1330.0	37.0	27.0	251.0	283.0	13.0	32.0	492.0	11.0	9.0	81.0	12.0	1.0
1	3	6	-99999.9	1.0	-0.028340080971659916	7162.0	259.0	250.0	287.0	10.0	1337.0	33.0	24.0	26.0	496.0	13.0	10.0	8.0	85.0	0.0
1	6	3	0.9197168798822115	0.1788603429415887	0.026119402985074626	7162.0	250.0	259.0	287.0	10.0	1337.0	26.0	10.0	33.0	496.0	8.0	24.0	13.0	85.0	0.0
3	1	6	-33.37258392715457	1.0	0.5067961165048543	7162.0	259.0	1337.0	33.0	24.0	250.0	287.0	10.0	26.0	496.0	13.0	10.0	85.0	8.0	0.0
1	3	7	-99999.9	1.0	-0.036585365853658534	7167.0	254.0	246.0	288.0	13.0	1340.0	33.0	21.0	24.0	498.0	13.0	13.0	8.0	82.0	0.0
1	7	3	1.204581337055619	0.11418254783919535	0.03296703296703296	7167.0	246.0	254.0	288.0	13.0	1340.0	24.0	13.0	33.0	498.0	8.0	21.0	13.0	82.0	0.0
3	1	7	-34.12980454990924	1.0	0.508670520231214	7167.0	254.0	1340.0	33.0	21.0	246.0	288.0	13.0	24.0	498.0	13.0	13.0	82.0	8.0	0.0
1	3	8	-99999.9	1.0	-0.04938271604938272	7171.0	250.0	244.0	290.0	13.0	1338.0	35.0	21.0	23.0	501.0	11.0	12.0	9.0	82.0	0.0
1	8	3	1.5941930428154305	0.055446403528694344	0.04301075268817204	7171.0	244.0	250.0	290.0	13.0	1338.0	23.0	12.0	35.0	501.0	9.0	21.0	11.0	82.0	0.0
3	1	8	-33.876602159827925	1.0	0.5114942528735633	7171.0	250.0	1338.0	35.0	21.0	244.0	290.0	13.0	23.0	501.0	11.0	12.0	82.0	9.0	0.0
1	3	9	-0.1868518867036048	0.5741116036984496	0.8823529411764706	6939.0	482.0	468.0	64.0	15.0	1281.0	66.0	47.0	51.0	469.0	15.0	34.0	16.0	50.0	3.0
1	9	3	1.2145372635734342	0.11227138093654188	0.5357142857142857	6939.0	468.0	482.0	64.0	15.0	1281.0	51.0	34.0	66.0	469.0	16.0	47.0	15.0	50.0	3.0
3	1	9	-99999.9	1.0	1.1818181818181819	6939.0	482.0	1281.0	66.0	47.0	468.0	64.0	15.0	51.0	469.0	15.0	34.0	50.0	16.0	3.0
1	4	5	-99999.9	1.0	-0.008130081300813007	7183.0	243.0	243.0	283.0	16.0	1327.0	35.0	27.0	33.0	492.0	13.0	11.0	14.0	79.0	1.0
1	5	4	0.24326754761390912	0.4038991231815885	0.007936507936507936	7183.0	243.0	243.0	283.0	16.0	1327.0	33.0	11.0	35.0	492.0	14.0	27.0	13.0	79.0	1.0
4	1	5	-30.165175904124695	1.0	0.5020080321285141	7183.0	243.0	1327.0	35.0	27.0	243.0	283.0	16.0	33.0	492.0	13.0	11.0	79.0	14.0	1.0
1	4	6	-99999.9	1.0	-0.01606425702811245	7165.0	261.0	247.0	284.0	11.0	1334.0	31.0	24.0	27.0	497.0	14.0	12.0	9.0	84.0	0.0
1	6	4	0.5282705182198613	0.2986557791734027	0.015325670498084292	7165.0	247.0	261.0	284.0	11.0	1334.0	27.0	12.0	31.0	497.0	9.0	24.0	14.0	84.0	0.0
4	1	6	-33.4131102774062	1.0	0.503921568627451	7165.0	261.0	1334.0	31.0	24.0	247.0	284.0	11.0	27.0	497.0	14.0	12.0	84.0	9.0	0.0
1	4	7	-99999.9	1.0	-0.024096385542168676	7171.0	255.0	242.0	286.0	14.0	1337.0	31.0	21.0	25.0	499.0	14.0	15.0	9.0	81.0	0.0
1	7	4	0.8082123309160815	0.20948412208427525	0.02247191011235955	7171.0	242.0	255.0	286.0	14.0	1337.0	25.0	15.0	31.0	499.0	9.0	21.0	14.0	81.0	0.0
4	1	7	-34.34902406393349	1.0	0.5058139534883721	7171.0	255.0	1337.0	31.0	21.0	242.0	286.0	14.0	25.0	499.0	14.0	15.0	81.0	9.0	0.0
1	4	8	-99999.9	1.0	-0.036734693877551024	7174.0	252.0	241.0	287.0	14.0	1335.0	33.0	21.0	24.0	502.0	12.0	14.0	10.0	81.0	0.0
1	8	4	1.204631427950668	0.11417287461304593	0.03308823529411765	7174.0	241.0	252.0	287.0	14.0	1335.0	24.0	14.0	33.0	502.0	10.0	21.0	12.0	81.0	0.0
4	1	8	-33.99737585549663	1.0	0.5087040618955513	7174.0	252.0	1335.0	33.0	21.0	241.0	287.0	14.0	24.0	502.0	12.0	14.0	81.0	10.0	0.0
1	4	9	-0.19146290615762135	0.5759185120257937	0.8666666666666667	6942.0	484.0	465.0	62.0	15.0	1279.0	64.0	46.0	51.0	470.0	17.0	36.0	17.0	49.0	3.0
1	9	4	1.0530459838669148	0.14615998813640174	0.5416666666666667	6942.0	465.0	484.0	62.0	15.0	1279.0	51.0	36.0	64.0	470.0	17.0	46.0	17.0	49.0	3.0
4	1	9	-99999.9	1.0	1.2222222222222223	6942.0	484.0	1279.0	64.0	46.0	465.0	62.0	15.0	51.0	470.0	17.0	36.0	49.0	17.0	3.0
1	5	6	-99999.9	1.0	-0.003787878787878788	7174.0	252.0	238.0	295.0	9.0	1317.0	30.0	24.0	29.0	496.0	16.0	27.0	11.0	81.0	1.0
1	6	5	0.1303146928087198	0.44815869363385685	0.003745318352059925	7174.0	238.0	252.0	295.0	9.0	1317.0	29.0	27.0	30.0	496.0	11.0	24.0	16.0	81.0	1.0
5	1	6	-34.533393594310795	1.0	0.5009416195856873	7174.0	252.0	1317.0	30.0	24.0	238.0	295.0	9.0	29.0	496.0	16.0	27.0	81.0	11.0	1.0
1	5	7	-99999.9	1.0	-0.011278195488721804	7176.0	250.0	237.0	297.0	8.0	1323.0	28.0	20.0	25.0	500.0	16.0	29.0	11.0	79.0	1.0
1	7	5	0.4136982371676025	0.339547602441469	0.01090909090909091	7176.0	237.0	250.0	297.0	8.0	1323.0	25.0	29.0	28.0	500.0	11.0	20.0	16.0	79.0	1.0
5	1	7	-37.09494193269504	1.0	0.5027726432532348	7176.0	250.0	1323.0	28.0	20.0	237.0	297.0	8.0	25.0	500.0	16.0	29.0	79.0	11.0	1.0
1	5	8	-99999.9	1.0	-0.022900763358778622	7179.0	247.0	236.0	298.0	8.0	1321.0	30.0	20.0	24.0	503.0	14.0	28.0	12.0	79.0	1.0
1	8	5	0.8226037247653082	0.2053666354026248	0.02142857142857143	7179.0	236.0	247.0	298.0	8.0	1321.0	24.0	28.0	30.0	503.0	12.0	20.0	14.0	79.0	1.0
5	1	8	-36.742966372850454	1.0	0.5055350553505535	7179.0	247.0	1321.0	30.0	20.0	236.0	298.0	8.0	24.0	503.0	14.0	28.0	79.0	12.0	1.0
1	5	9	-99999.9	1.0	1.1428571428571428	6942.0	484.0	465.0	62.0	15.0	1264.0	61.0	46.0	53.0	469.0	19.0	49.0	21.0	46.0	4.0
1	9	5	0.7602443851099091	0.2235541924479436	0.47058823529411764	6942.0	465.0	484.0	62.0	15.0	1264.0	53.0	49.0	61.0	469.0	21.0	46.0	19.0	46.0	4.0
5	1	9	-0.09503054813873894	0.5378547786513905	0.9	6942.0	484.0	1264.0	61.0	46.0	465.0	62.0	15.0	53.0	469.0	19.0	49.0	46.0	21.0	4.0
1	6	7	-99999.9	1.0	-0.0075187969924812035	7278.0	134.0	135.0	418.0	3.0	1350.0	16.0	7.0	13.0	518.0	6.0	14.0	5.0	102.0	1.0
1	7	6	0.5577564851160601	0.2885053097269261	0.007352941176470589	7278.0	135.0	134.0	418.0	3.0	1350.0	13.0	14.0	16.0	518.0	5.0	7.0	6.0	102.0	1.0
6	1	7	-74.73936900555199	1.0	0.5018587360594795	7278.0	134.0	1350.0	16.0	7.0	135.0	418.0	3.0	13.0	518.0	6.0	14.0	102.0	5.0	1.0
1	6	8	-99999.9	1.0	-0.015228426395939085	7279.0	133.0	136.0	418.0	2.0	1348.0	18.0	7.0	12.0	520.0	5.0	13.0	7.0	101.0	1.0
1	8	6	1.0984189777049793	0.13601083344157194	0.014563106796116504	7279.0	136.0	133.0	418.0	2.0	1348.0	12.0	13.0	18.0	520.0	7.0	7.0	5.0	101.0	1.0
6	1	8	-73.22793184699856	1.0	0.5037220843672456	7279.0	133.0	1348.0	18.0	7.0	136.0	418.0	2.0	12.0	520.0	5.0	13.0	101.0	7.0	1.0
1	6	9	-99999.9	1.0	4.000000000000001	6928.0	484.0	479.0	64.0	13.0	1267.0	58.0	48.0	50.0	472.0	15.0	49.0	21.0	50.0	2.0
1	9	6	0.8520424525512812	0.19709521924426532	0.36363636363636365	6928.0	479.0	484.0	64.0	13.0	1267.0	50.0	49.0	58.0	472.0	21.0	48.0	15.0	50.0	2.0
6	1	9	-0.639031839413462	0.738598950165323	0.7000000000000001	6928.0	484.0	1267.0	58.0	48.0	479.0	64.0	13.0	50.0	472.0	15.0	49.0	50.0	21.0	2.0
1	7	8	-99999.9	1.0	-0.005836575875486381	7382.0	31.0	33.0	522.0	0.0	1370.0	5.0	2.0	2.0	536.0	1.0	1.0	4.0	111.0	0.0
1	8	7	1.1263726103787366	0.13000396884806398	0.0057361376673040155	7382.0	33.0	31.0	522.0	0.0	1370.0	2.0	1.0	5.0	536.0	4.0	2.0	1.0	111.0	0.0
7	1	8	-194.1115465219364	1.0	0.5014464802314368	7382.0	31.0	1370.0	5.0	2.0	33.0	522.0	0.0	2.0	536.0	1.0	1.0	111.0	4.0	0.0
1	7	9	-99999.9	1.0	-1.9999999999999998	6929.0	484.0	478.0	65.0	12.0	1273.0	56.0	48.0	50.0	474.0	15.0	43.0	21.0	50.0	2.0
1	9	7	0.652806664720047	0.2569404003389958	0.28571428571428575	6929.0	478.0	484.0	65.0	12.0	1273.0	50.0	43.0	56.0	474.0	21.0	48.0	15.0	50.0	2.0
7	1	9	-0.9792099970800705	0.8362618832088204	0.625	6929.0	484.0	1273.0	56.0	48.0	478.0	65.0	12.0	50.0	474.0	15.0	43.0	50.0	21.0	2.0
1	8	9	-99999.9	1.0	-0.4285714285714286	6933.0	482.0	474.0	65.0	14.0	1270.0	55.0	48.0	52.0	476.0	17.0	44.0	20.0	48.0	2.0
1	9	8	0.31744162440125934	0.3754543326259192	0.1875	6933.0	474.0	482.0	65.0	14.0	1270.0	52.0	44.0	55.0	476.0	20.0	48.0	17.0	48.0	2.0
8	1	9	-1.0581387480041984	0.8550038731936185	0.5652173913043479	6933.0	482.0	1270.0	55.0	48.0	474.0	65.0	14.0	52.0	476.0	17.0	44.0	48.0	20.0	2.0
2	3	4	-99999.9	1.0	-0.00702576112412178	8298.0	30.0	32.0	433.0	1.0	484.0	3.0	0.0	0.0	664.0	4.0	1.0	1.0	49.0	0.0
2	4	3	1.698389101452804	0.04471714485727085	0.006880733944954129	8298.0	32.0	30.0	433.0	1.0	484.0	0.0	1.0	3.0	664.0	1.0	0.0	4.0	49.0	0.0
3	2	4	-243.4357712082342	1.0	0.5017381228273464	8298.0	30.0	484.0	3.0	0.0	32.0	433.0	1.0	0.0	664.0	4.0	1.0	49.0	1.0	0.0
2	3	5	-99999.9	1.0	-0.017964071856287425	8050.0	278.0	263.0	193.0	10.0	455.0	23.0	9.0	20.0	632.0	16.0	9.0	11.0	31.0	0.0
2	5	3	0.4603485089315735	0.3226330637474477	0.017045454545454544	8050.0	263.0	278.0	193.0	10.0	455.0	20.0	9.0	23.0	632.0	11.0	9.0	16.0	31.0	0.0
3	2	5	-26.086415506122496	1.0	0.5043731778425656	8050.0	278.0	455.0	23.0	9.0	263.0	193.0	10.0	20.0	632.0	16.0	9.0	31.0	11.0	0.0
2	3	6	-99999.9	1.0	-0.07643312101910829	8043.0	285.0	264.0	192.0	10.0	456.0	23.0	8.0	11.0	644.0	13.0	11.0	8.0	32.0	0.0
2	6	3	2.072432946981898	0.019112476562037406	0.0621761658031088	8043.0	264.0	285.0	192.0	10.0	456.0	11.0	11.0	23.0	644.0	8.0	8.0	13.0	32.0	0.0
3	2	6	-29.1867640033284	1.0	0.5171428571428571	8043.0	285.0	456.0	23.0	8.0	264.0	192.0	10.0	11.0	644.0	13.0	11.0	32.0	8.0	0.0
2	3	7	-99999.9	1.0	-0.06918238993710693	8048.0	280.0	261.0	192.0	13.0	459.0	22.0	6.0	11.0	644.0	13.0	11.0	8.0	32.0	0.0
2	7	3	1.9293187276484907	0.026845585199903432	0.057291666666666664	8048.0	261.0	280.0	192.0	13.0	459.0	11.0	11.0	22.0	644.0	8.0	6.0	13.0	32.0	0.0
3	2	7	-29.816743972749407	1.0	0.5156695156695157	8048.0	280.0	459.0	22.0	6.0	261.0	192.0	13.0	11.0	644.0	13.0	11.0	32.0	8.0	0.0
2	3	8	-99999.9	1.0	-0.08176100628930817	8050.0	278.0	259.0	194.0	13.0	459.0	22.0	6.0	9.0	647.0	12.0	11.0	8.0	32.0	0.0
2	8	3	2.341259551309103	0.00960938086695462	0.06565656565656566	8050.0	259.0	278.0	194.0	13.0	459.0	9.0	11.0	22.0	647.0	8.0	6.0	12.0	32.0	0.0
3	2	8	-30.97666483270505	1.0	0.5182072829131653	8050.0	278.0	459.0	22.0	6.0	259.0	194.0	13.0	9.0	647.0	12.0	11.0	32.0	8.0	0.0
2	3	9	-0.5961504230031162	0.7244626756762318	1.0704225352112675	7785.0	543.0	422.0	30.0	14.0	435.0	35.0	17.0	111.0	536.0	21.0	20.0	13.0	17.0	1.0
2	9	3	-9.657636852650484	1.0	0.4840764331210191	7785.0	422.0	543.0	30.0	14.0	435.0	111.0	20.0	35.0	536.0	13.0	17.0	21.0	17.0	1.0
3	2	9	0.6353708455691106	0.2625932300931231	0.9418604651162791	7785.0	543.0	435.0	35.0	17.0	422.0	30.0	14.0	111.0	536.0	21.0	20.0	17.0	13.0	1.0
2	4	5	0.15835857779326135	0.43708711615600704	0.0	8054.0	276.0	259.0	193.0	12.0	456.0	20.0	9.0	20.0	631.0	17.0	8.0	15.0	30.0	0.0
2	5	4	0.15835857779326135	0.43708711615600704	0.0	8054.0	259.0	276.0	193.0	12.0	456.0	20.0	8.0	20.0	631.0	15.0	9.0	17.0	30.0	0.0
4	2	5	-27.319573610222925	1.0	0.5	8054.0	276.0	456.0	20.0	9.0	259.0	193.0	12.0	20.0	631.0	17.0	8.0	30.0	15.0	0.0
2	4	6	-99999.9	1.0	-0.05625	8043.0	287.0	264.0	190.0	10.0	456.0	21.0	8.0	12.0	643.0	13.0	10.0	11.0	32.0	0.0
2	6	4	1.5811844998204074	0.05691793455910088	0.0481283422459893	8043.0	264.0	287.0	190.0	10.0	456.0	12.0	10.0	21.0	643.0	11.0	8.0	13.0	32.0	0.0
4	2	6	-29.69113116329433	1.0	0.5129682997118156	8043.0	287.0	456.0	21.0	8.0	264.0	190.0	10.0	12.0	643.0	13.0	10.0	32.0	11.0	0.0
2	4	7	-99999.9	1.0	-0.04907975460122699	8049.0	281.0	260.0	191.0	13.0	459.0	20.0	6.0	12.0	643.0	13.0	10.0	11.0	32.0	0.0
2	7	4	1.42701182224158	0.07678829224045103	0.04278074866310161	8049.0	260.0	281.0	191.0	13.0	459.0	12.0	10.0	20.0	643.0	11.0	6.0	13.0	32.0	0.0
4	2	7	-30.50237770041377	1.0	0.5114285714285715	8049.0	281.0	459.0	20.0	6.0	260.0	191.0	13.0	12.0	643.0	13.0	10.0	32.0	11.0	0.0
2	4	8	-99999.9	1.0	-0.06172839506172839	8050.0	280.0	259.0	192.0	13.0	459.0	20.0	6.0	10.0	646.0	12.0	10.0	11.0	32.0	0.0
2	8	4	1.8378584895848051	0.03304157145912989	0.05208333333333333	8050.0	259.0	280.0	192.0	13.0	459.0	10.0	10.0	20.0	646.0	11.0	6.0	12.0	32.0	0.0
4	2	8	-31.61116602085863	1.0	0.5141242937853108	8050.0	280.0	459.0	20.0	6.0	259.0	192.0	13.0	10.0	646.0	12.0	10.0	32.0	11.0	0.0
2	4	9	-0.4930431414596132	0.6890089453619832	1.0533333333333332	7786.0	544.0	421.0	29.0	14.0	435.0	33.0	17.0	112.0	535.0	21.0	19.0	16.0	17.0	1.0
2	9	4	-10.230645185286981	1.0	0.4876543209876543	7786.0	421.0	544.0	29.0	14.0	435.0	112.0	19.0	33.0	535.0	16.0	17.0	21.0	17.0	1.0
4	2	9	0.5180073511537708	0.30222655918702523	0.9540229885057471	7786.0	544.0	435.0	33.0	17.0	421.0	29.0	14.0	112.0	535.0	21.0	19.0	17.0	16.0	1.0
2	5	6	-99999.9	1.0	-0.04046242774566474	8037.0	276.0	270.0	202.0	9.0	454.0	22.0	8.0	15.0	638.0	13.0	9.0	15.0	32.0	0.0
2	6	5	1.1621964254952057	0.12257790217375353	0.03608247422680412	8037.0	270.0	276.0	202.0	9.0	454.0	15.0	9.0	22.0	638.0	15.0	8.0	13.0	32.0	0.0
5	2	6	-29.88505094130529	1.0	0.5095367847411445	8037.0	276.0	454.0	22.0	8.0	270.0	202.0	9.0	15.0	638.0	13.0	9.0	32.0	15.0	0.0
2	5	7	-99999.9	1.0	-0.0335195530726257	8042.0	271.0	267.0	206.0	8.0	457.0	21.0	6.0	15.0	638.0	13.0	9.0	15.0	32.0	0.0
2	7	5	1.0088289663557888	0.15652834660424542	0.030456852791878174	8042.0	267.0	271.0	206.0	8.0	457.0	15.0	9.0	21.0	638.0	15.0	6.0	13.0	32.0	0.0
5	2	7	-31.105559795970144	1.0	0.5079787234042553	8042.0	271.0	457.0	21.0	6.0	267.0	206.0	8.0	15.0	638.0	13.0	9.0	32.0	15.0	0.0
2	5	8	-99999.9	1.0	-0.0449438202247191	8043.0	270.0	266.0	207.0	8.0	457.0	21.0	6.0	13.0	641.0	12.0	9.0	15.0	32.0	0.0
2	8	5	1.3842987077094364	0.08313356235324176	0.0396039603960396	8043.0	266.0	270.0	207.0	8.0	457.0	13.0	9.0	21.0	641.0	15.0	6.0	12.0	32.0	0.0
5	2	8	-32.184944954244415	1.0	0.5105263157894737	8043.0	270.0	457.0	21.0	6.0	266.0	207.0	8.0	13.0	641.0	12.0	9.0	32.0	15.0	0.0
2	5	9	-0.6060462268165089	0.7277580215729297	1.0684931506849316	7772.0	541.0	435.0	29.0	17.0	434.0	34.0	16.0	112.0	531.0	23.0	20.0	19.0	17.0	0.0
2	9	5	-10.060367365154057	1.0	0.48447204968944096	7772.0	435.0	541.0	29.0	17.0	434.0	112.0	20.0	34.0	531.0	19.0	16.0	23.0	17.0	0.0
5	2	9	0.6448953439201313	0.2594974434437791	0.9431818181818182	7772.0	541.0	434.0	34.0	16.0	435.0	29.0	17.0	112.0	531.0	23.0	20.0	17.0	19.0	0.0
2	6	7	0.2421525260330122	0.40433104090275185	0.0030581039755351682	8161.0	146.0	148.0	334.0	5.0	467.0	8.0	3.0	9.0	661.0	5.0	5.0	5.0	43.0	0.0
2	7	6	-99999.9	1.0	-0.0030864197530864196	8161.0	148.0	146.0	334.0	5.0	467.0	9.0	5.0	8.0	661.0	5.0	3.0	5.0	43.0	0.0
6	2	7	-78.69957096072895	1.0	0.49923195084485406	8161.0	146.0	467.0	8.0	3.0	148.0	334.0	5.0	9.0	661.0	5.0	5.0	43.0	5.0	0.0
2	6	8	-99999.9	1.0	-0.003076923076923077	8160.0	147.0	149.0	334.0	4.0	467.0	8.0	3.0	7.0	663.0	5.0	5.0	6.0	42.0	0.0
2	8	6	0.25768343115163495	0.39832567537568686	0.003048780487804878	8160.0	149.0	147.0	334.0	4.0	467.0	7.0	5.0	8.0	663.0	6.0	3.0	5.0	42.0	0.0
6	2	8	-84.00479855543307	1.0	0.5007656967840736	8160.0	147.0	467.0	8.0	3.0	149.0	334.0	4.0	7.0	663.0	5.0	5.0	42.0	6.0	0.0
2	6	9	0.27475152126103586	0.39175363651491857	0.9777777777777777	7760.0	547.0	447.0	28.0	12.0	435.0	26.0	17.0	114.0	540.0	21.0	17.0	18.0	18.0	0.0
2	9	6	-11.814315414224538	1.0	0.5057471264367817	7760.0	447.0	547.0	28.0	12.0	435.0	114.0	17.0	26.0	540.0	18.0	17.0	21.0	18.0	0.0
6	2	9	-0.26850716850510326	0.605845459186435	1.0238095238095237	7760.0	547.0	435.0	26.0	17.0	447.0	28.0	12.0	114.0	540.0	21.0	17.0	18.0	18.0	0.0
2	7	8	-99999.9	1.0	-0.004484304932735426	8275.0	34.0	34.0	451.0	0.0	477.0	3.0	1.0	1.0	671.0	2.0	1.0	3.0	47.0	0.0
2	8	7	0.9877781390625534	0.16163066322026987	0.004424778761061947	8275.0	34.0	34.0	451.0	0.0	477.0	1.0	1.0	3.0	671.0	3.0	1.0	2.0	47.0	0.0
7	2	8	-221.2623031500107	1.0	0.5011135857461025	8275.0	34.0	477.0	3.0	1.0	34.0	451.0	0.0	1.0	671.0	2.0	1.0	47.0	3.0	0.0
2	7	9	0.5542401257219021	0.28970723131406095	0.9560439560439561	7764.0	545.0	443.0	29.0	13.0	438.0	25.0	18.0	112.0	542.0	20.0	16.0	17.0	18.0	0.0
2	9	7	-11.500482608729474	1.0	0.511764705882353	7764.0	443.0	545.0	29.0	13.0	438.0	112.0	16.0	25.0	542.0	17.0	18.0	20.0	18.0	0.0
7	2	9	-0.52875782109101	0.701513286147722	1.0506329113924051	7764.0	545.0	438.0	25.0	18.0	443.0	29.0	13.0	112.0	542.0	20.0	16.0	18.0	17.0	0.0
2	8	9	0.7013066711953011	0.24155575665601758	0.9468085106382979	7766.0	543.0	441.0	29.0	15.0	437.0	24.0	18.0	113.0	543.0	21.0	16.0	17.0	17.0	0.0
2	9	8	-11.781952076081057	1.0	0.5144508670520231	7766.0	441.0	543.0	29.0	15.0	437.0	113.0	16.0	24.0	543.0	17.0	18.0	21.0	17.0	0.0
8	2	9	-0.6619074200045538	0.7459847865130278	1.0632911392405062	7766.0	543.0	437.0	24.0	18.0	441.0	29.0	15.0	113.0	543.0	21.0	16.0	17.0	17.0	0.0
3	4	5	1.3270301375825355	0.09224942245476586	0.9885496183206107	8479.0	303.0	26.0	4.0	3.0	31.0	1.0	1.0	260.0	850.0	36.0	1.0	5.0	0.0	0.0
3	5	4	-113.2399050737095	1.0	0.5029126213592233	8479.0	26.0	303.0	4.0	3.0	31.0	260.0	1.0	1.0	850.0	5.0	1.0	36.0	0.0	0.0
4	3	5	-1.3116591321279114	0.9051823470847599	1.0118577075098814	8479.0	303.0	31.0	1.0	1.0	26.0	4.0	3.0	260.0	850.0	36.0	1.0	0.0	5.0	0.0
3	4	6	0.5683529251725976	0.28489763881072605	0.9961089494163424	8470.0	312.0	29.0	2.0	2.0	29.0	1.0	3.0	257.0	862.0	27.0	0.0	5.0	1.0	0.0
3	6	4	-144.92999591901386	1.0	0.5009784735812133	8470.0	29.0	312.0	2.0	2.0	29.0	257.0	0.0	1.0	862.0	5.0	3.0	27.0	1.0	0.0
4	3	6	-0.5661327965586421	0.714348279429819	1.0039370078740157	8470.0	312.0	29.0	1.0	3.0	29.0	2.0	2.0	257.0	862.0	27.0	0.0	1.0	5.0	0.0
3	4	7	0.9878092721812352	0.16162303798005473	0.9921259842519685	8478.0	304.0	29.0	3.0	1.0	30.0	1.0	2.0	253.0	862.0	31.0	0.0	5.0	1.0	0.0
3	7	4	-123.47615902265476	1.0	0.50199203187251	8478.0	29.0	304.0	3.0	1.0	30.0	253.0	0.0	1.0	862.0	5.0	2.0	31.0	1.0	0.0
4	3	7	-0.9799695160528125	0.8364494147637558	1.0080645161290323	8478.0	304.0	30.0	1.0	2.0	29.0	3.0	1.0	253.0	862.0	31.0	0.0	1.0	5.0	0.0
3	4	8	0.568365456510173	0.2848933851533091	0.9959839357429718	8479.0	303.0	30.0	2.0	1.0	30.0	1.0	2.0	249.0	867.0	30.0	0.0	5.0	1.0	0.0
3	8	4	-140.38626775801248	1.0	0.501010101010101	8479.0	30.0	303.0	2.0	1.0	30.0	249.0	0.0	1.0	867.0	5.0	2.0	30.0	1.0	0.0
4	3	8	-0.5660736603145673	0.7143281804243016	1.0040650406504066	8479.0	303.0	30.0	1.0	2.0	30.0	2.0	1.0	249.0	867.0	30.0	0.0	1.0	5.0	0.0
3	4	9	0.375552192465957	0.35362497736166887	0.9980806142034548	8192.0	590.0	28.0	4.0	1.0	29.0	3.0	1.0	523.0	576.0	47.0	1.0	4.0	1.0	0.0
3	9	4	-194.9115878898317	1.0	0.5004812319538017	8192.0	28.0	590.0	4.0	1.0	29.0	523.0	1.0	3.0	576.0	4.0	1.0	47.0	1.0	0.0
4	3	9	-0.3748299767112147	0.646106482051051	1.001930501930502	8192.0	590.0	29.0	3.0	1.0	28.0	4.0	1.0	523.0	576.0	47.0	1.0	1.0	4.0	0.0
3	5	6	-99999.9	1.0	-2.666666666666667	8224.0	281.0	275.0	30.0	5.0	267.0	19.0	6.0	11.0	831.0	14.0	8.0	18.0	11.0	0.0
3	6	5	1.509671437508861	0.06556366838014682	0.2962962962962963	8224.0	275.0	281.0	30.0	5.0	267.0	11.0	8.0	19.0	831.0	18.0	6.0	14.0	11.0	0.0
5	3	6	-2.0757982265746837	0.9810437566321023	0.6333333333333333	8224.0	281.0	267.0	19.0	6.0	275.0	30.0	5.0	11.0	831.0	14.0	8.0	11.0	18.0	0.0
3	5	7	-99999.9	1.0	-1.3333333333333333	8234.0	271.0	273.0	33.0	4.0	265.0	19.0	8.0	11.0	831.0	14.0	7.0	18.0	12.0	0.0
3	7	5	1.5146995013681064	0.06492428583357024	0.26666666666666666	8234.0	273.0	271.0	33.0	4.0	265.0	11.0	7.0	19.0	831.0	18.0	8.0	14.0	12.0	0.0
5	3	7	-2.6507241273941857	0.9959839868584445	0.6111111111111112	8234.0	271.0	265.0	19.0	8.0	273.0	33.0	4.0	11.0	831.0	14.0	7.0	12.0	18.0	0.0
3	5	8	-99999.9	1.0	-12.000000000000009	8236.0	269.0	273.0	33.0	4.0	264.0	20.0	8.0	8.0	835.0	13.0	7.0	18.0	12.0	0.0
3	8	5	2.1967030748946277	0.014020780925212195	0.32432432432432434	8236.0	273.0	269.0	33.0	4.0	264.0	8.0	7.0	20.0	835.0	18.0	8.0	13.0	12.0	0.0
5	3	8	-2.3797616644691786	0.9913380918433902	0.6578947368421052	8236.0	269.0	264.0	20.0	8.0	273.0	33.0	4.0	8.0	835.0	13.0	7.0	12.0	18.0	0.0
3	5	9	0.3169319607494066	0.37564768393224424	0.9923076923076923	7946.0	559.0	274.0	21.0	15.0	260.0	19.0	13.0	277.0	550.0	29.0	16.0	14.0	6.0	1.0
3	9	5	-40.56729097592401	1.0	0.5019455252918288	7946.0	274.0	559.0	21.0	15.0	260.0	277.0	16.0	19.0	550.0	14.0	13.0	29.0	6.0	1.0
5	3	9	-0.31447512384437243	0.6234198275023595	1.0078740157480315	7946.0	559.0	260.0	19.0	13.0	274.0	21.0	15.0	277.0	550.0	29.0	16.0	6.0	14.0	1.0
3	6	7	-99999.9	1.0	-0.006578947368421052	8354.0	145.0	153.0	161.0	2.0	274.0	8.0	4.0	7.0	854.0	7.0	2.0	6.0	23.0	0.0
3	7	6	0.2580653359218318	0.3981783001118563	0.0064516129032258064	8354.0	153.0	145.0	161.0	2.0	274.0	7.0	2.0	8.0	854.0	6.0	4.0	7.0	23.0	0.0
6	3	7	-39.483996396040354	1.0	0.501628664495114	8354.0	145.0	274.0	8.0	4.0	153.0	161.0	2.0	7.0	854.0	7.0	2.0	23.0	6.0	0.0
3	6	8	-99999.9	1.0	-0.03424657534246575	8354.0	145.0	155.0	160.0	1.0	273.0	9.0	4.0	4.0	857.0	7.0	2.0	7.0	22.0	0.0
3	8	6	1.386272733658461	0.0828318769051668	0.031055900621118012	8354.0	155.0	145.0	160.0	1.0	273.0	4.0	2.0	9.0	857.0	7.0	4.0	7.0	22.0	0.0
6	3	8	-41.86543655648548	1.0	0.50814332247557	8354.0	145.0	273.0	9.0	4.0	155.0	160.0	1.0	4.0	857.0	7.0	2.0	22.0	7.0	0.0
3	6	9	1.7765717615719132	0.03781931488108303	0.9644128113879004	7933.0	566.0	287.0	21.0	8.0	262.0	11.0	13.0	282.0	558.0	28.0	9.0	14.0	7.0	1.0
3	9	6	-46.368522977027006	1.0	0.5093984962406015	7933.0	287.0	566.0	21.0	8.0	262.0	282.0	9.0	11.0	558.0	14.0	13.0	28.0	7.0	1.0
6	3	9	-1.711015608008374	0.9564609165270521	1.0398406374501992	7933.0	566.0	262.0	11.0	13.0	287.0	21.0	8.0	282.0	558.0	28.0	9.0	7.0	14.0	1.0
3	7	8	-99999.9	1.0	-0.015151515151515152	8473.0	34.0	36.0	272.0	0.0	279.0	4.0	0.0	0.0	866.0	2.0	0.0	3.0	31.0	0.0
3	8	7	1.9617805022516819	0.024893953246865053	0.014492753623188406	8473.0	36.0	34.0	272.0	0.0	279.0	0.0	0.0	4.0	866.0	3.0	0.0	2.0	31.0	0.0
7	3	8	-131.43929365086356	1.0	0.5037037037037037	8473.0	34.0	279.0	4.0	0.0	36.0	272.0	0.0	0.0	866.0	2.0	0.0	31.0	3.0	0.0
3	7	9	2.2697025331645766	0.011612783984301989	0.954225352112676	7942.0	565.0	278.0	23.0	7.0	260.0	10.0	13.0	281.0	559.0	28.0	12.0	14.0	7.0	1.0
3	9	7	-45.044865658189316	1.0	0.5122873345935728	7942.0	278.0	565.0	23.0	7.0	260.0	281.0	12.0	10.0	559.0	14.0	13.0	28.0	7.0	1.0
7	3	9	-2.160823813861479	0.9846455785766149	1.0530612244897959	7942.0	565.0	260.0	10.0	13.0	278.0	23.0	7.0	281.0	559.0	28.0	12.0	7.0	14.0	1.0
3	8	9	2.4772676550074015	0.006619638890752011	0.9515570934256056	7946.0	563.0	274.0	23.0	9.0	257.0	9.0	13.0	284.0	560.0	29.0	12.0	14.0	6.0	1.0
3	9	8	-46.183346996923675	1.0	0.5130597014925373	7946.0	274.0	563.0	23.0	9.0	257.0	284.0	12.0	9.0	560.0	14.0	13.0	29.0	6.0	1.0
8	3	9	-2.351152210752479	0.9906423293535764	1.05668016194332	7946.0	563.0	257.0	9.0	13.0	274.0	23.0	9.0	284.0	560.0	29.0	12.0	6.0	14.0	1.0
4	5	6	-99999.9	1.0	-0.8333333333333334	8228.0	282.0	271.0	29.0	5.0	263.0	18.0	6.0	13.0	828.0	13.0	10.0	19.0	15.0	0.0
4	6	5	0.9612704856409792	0.16820808657975794	0.23809523809523808	8228.0	271.0	282.0	29.0	5.0	263.0	13.0	10.0	18.0	828.0	19.0	6.0	13.0	15.0	0.0
5	4	6	-2.1147950684101553	0.9827763520732273	0.5925925925925926	8228.0	282.0	263.0	18.0	6.0	271.0	29.0	5.0	13.0	828.0	13.0	10.0	15.0	19.0	0.0
4	5	7	-99999.9	1.0	-0.8571428571428572	8239.0	271.0	269.0	32.0	4.0	260.0	19.0	8.0	13.0	828.0	13.0	9.0	19.0	16.0	0.0
4	7	5	1.1267650007693544	0.12992097728848484	0.23999999999999996	8239.0	269.0	271.0	32.0	4.0	260.0	13.0	9.0	19.0	828.0	19.0	8.0	13.0	16.0	0.0
5	4	7	-2.4413241683336016	0.9926832414316903	0.5937499999999999	8239.0	271.0	260.0	19.0	8.0	269.0	32.0	4.0	13.0	828.0	13.0	9.0	16.0	19.0	0.0
4	5	8	-99999.9	1.0	-2.25	8240.0	270.0	269.0	32.0	4.0	260.0	19.0	8.0	10.0	832.0	12.0	9.0	19.0	16.0	0.0
4	8	5	1.7031856346662042	0.044266636797675174	0.2903225806451613	8240.0	269.0	270.0	32.0	4.0	260.0	10.0	9.0	19.0	832.0	19.0	8.0	12.0	16.0	0.0
5	4	8	-2.4601570278511824	0.9930561817031087	0.6285714285714286	8240.0	270.0	260.0	19.0	8.0	269.0	32.0	4.0	10.0	832.0	12.0	9.0	16.0	19.0	0.0
4	5	9	0.1644756107278521	0.4346783680894539	0.9961685823754789	7950.0	560.0	271.0	19.0	15.0	256.0	18.0	13.0	278.0	548.0	28.0	18.0	15.0	10.0	1.0
4	9	5	-42.59918317851369	1.0	0.5009633911368016	7950.0	271.0	560.0	19.0	15.0	256.0	278.0	18.0	18.0	548.0	15.0	13.0	28.0	10.0	1.0
5	4	9	-0.1638430122250527	0.5650726398457315	1.003875968992248	7950.0	560.0	256.0	18.0	13.0	271.0	19.0	15.0	278.0	548.0	28.0	18.0	10.0	15.0	1.0
4	6	7	-99999.9	1.0	-0.013333333333333332	8355.0	144.0	153.0	161.0	2.0	273.0	9.0	4.0	7.0	851.0	7.0	2.0	6.0	26.0	0.0
4	7	6	0.5008579016295703	0.3082355642053597	0.012820512820512824	8355.0	153.0	144.0	161.0	2.0	273.0	7.0	2.0	9.0	851.0	6.0	4.0	7.0	26.0	0.0
6	4	7	-38.065200523847345	1.0	0.5032679738562091	8355.0	144.0	273.0	9.0	4.0	153.0	161.0	2.0	7.0	851.0	7.0	2.0	26.0	6.0	0.0
4	6	8	-99999.9	1.0	-0.03424657534246575	8354.0	145.0	155.0	160.0	1.0	273.0	9.0	4.0	4.0	854.0	7.0	2.0	7.0	25.0	0.0
4	8	6	1.386272733658461	0.0828318769051668	0.031055900621118012	8354.0	155.0	145.0	160.0	1.0	273.0	4.0	2.0	9.0	854.0	7.0	4.0	7.0	25.0	0.0
6	4	8	-41.86543655648548	1.0	0.50814332247557	8354.0	145.0	273.0	9.0	4.0	155.0	160.0	1.0	4.0	854.0	7.0	2.0	25.0	7.0	0.0
4	6	9	1.4679463590955304	0.07105943562480055	0.9711191335740073	7933.0	566.0	288.0	19.0	9.0	262.0	11.0	13.0	280.0	557.0	28.0	10.0	13.0	10.0	1.0
4	9	6	-47.89174996549172	1.0	0.5075471698113208	7933.0	288.0	566.0	19.0	9.0	262.0	280.0	10.0	11.0	557.0	13.0	13.0	28.0	10.0	1.0
6	4	9	-1.424289961799009	0.9228186745752289	1.0316205533596838	7933.0	566.0	262.0	11.0	13.0	288.0	19.0	9.0	280.0	557.0	28.0	10.0	10.0	13.0	1.0
4	7	8	-99999.9	1.0	-0.011320754716981131	8474.0	34.0	35.0	272.0	0.0	278.0	4.0	0.0	1.0	863.0	2.0	0.0	3.0	34.0	0.0
4	8	7	1.3270932400426732	0.09223898630761962	0.01094890510948905	8474.0	35.0	34.0	272.0	0.0	278.0	1.0	0.0	4.0	863.0	3.0	0.0	2.0	34.0	0.0
7	4	8	-118.55366277714589	1.0	0.5027829313543599	8474.0	34.0	278.0	4.0	0.0	35.0	272.0	0.0	1.0	863.0	2.0	0.0	34.0	3.0	0.0
4	7	9	1.9832662202260811	0.02366878100459835	0.9608540925266904	7943.0	565.0	278.0	21.0	8.0	259.0	10.0	13.0	280.0	558.0	28.0	13.0	13.0	10.0	1.0
4	9	7	-46.69690463986865	1.0	0.5103969754253307	7943.0	278.0	565.0	21.0	8.0	259.0	280.0	13.0	10.0	558.0	13.0	13.0	28.0	10.0	1.0
7	4	9	-1.9024664853279816	0.9714449679426771	1.0443548387096775	7943.0	565.0	259.0	10.0	13.0	278.0	21.0	8.0	280.0	558.0	28.0	13.0	10.0	13.0	1.0
4	8	9	2.195768801548478	0.014054199092881636	0.9578947368421052	7946.0	563.0	275.0	21.0	10.0	257.0	9.0	13.0	282.0	559.0	29.0	13.0	13.0	9.0	1.0
4	9	8	-47.757971433679316	1.0	0.5112359550561798	7946.0	275.0	563.0	21.0	10.0	257.0	282.0	13.0	9.0	559.0	13.0	13.0	29.0	9.0	1.0
8	4	9	-2.0992514915903033	0.9821026940050586	1.0481927710843373	7946.0	563.0	257.0	9.0	13.0	275.0	21.0	10.0	282.0	559.0	29.0	13.0	9.0	13.0	1.0
5	6	7	-99999.9	1.0	-0.029411764705882353	8349.0	142.0	150.0	153.0	3.0	279.0	13.0	2.0	9.0	857.0	6.0	3.0	6.0	28.0	0.0
5	7	6	0.8582367235330796	0.19538083693206332	0.02702702702702703	8349.0	150.0	142.0	153.0	3.0	279.0	9.0	3.0	13.0	857.0	6.0	2.0	6.0	28.0	0.0
6	5	7	-30.03828532365779	1.0	0.5070422535211268	8349.0	142.0	279.0	13.0	2.0	150.0	153.0	3.0	9.0	857.0	6.0	3.0	28.0	6.0	0.0
5	6	8	-99999.9	1.0	-0.05303030303030303	8348.0	143.0	152.0	152.0	2.0	279.0	13.0	2.0	6.0	860.0	6.0	3.0	7.0	27.0	0.0
5	8	6	1.6108650531669586	0.05360456550207049	0.0457516339869281	8348.0	152.0	143.0	152.0	2.0	279.0	6.0	3.0	13.0	860.0	7.0	2.0	6.0	27.0	0.0
6	5	8	-31.987177484315346	1.0	0.512280701754386	8348.0	143.0	279.0	13.0	2.0	152.0	152.0	2.0	6.0	860.0	6.0	3.0	27.0	7.0	0.0
5	6	9	1.1005825433146672	0.1355392377093153	0.9788732394366197	7928.0	563.0	278.0	18.0	10.0	267.0	12.0	15.0	290.0	553.0	29.0	10.0	12.0	15.0	0.0
5	9	6	-49.8930752969316	1.0	0.5054545454545455	7928.0	278.0	563.0	18.0	10.0	267.0	290.0	10.0	12.0	553.0	12.0	15.0	29.0	15.0	0.0
6	5	9	-1.0768289632431276	0.8592216210025772	1.0225563909774436	7928.0	563.0	267.0	12.0	15.0	278.0	18.0	10.0	290.0	553.0	29.0	10.0	15.0	12.0	0.0
5	7	8	-99999.9	1.0	-0.011673151750972763	8465.0	34.0	35.0	263.0	0.0	287.0	3.0	1.0	0.0	874.0	2.0	1.0	3.0	32.0	0.0
5	8	7	1.6948630876427893	0.04505067008496233	0.011278195488721806	8465.0	35.0	34.0	263.0	0.0	287.0	0.0	1.0	3.0	874.0	3.0	1.0	2.0	32.0	0.0
7	5	8	-146.88813426237618	1.0	0.502868068833652	8465.0	34.0	287.0	3.0	1.0	35.0	263.0	0.0	0.0	874.0	2.0	1.0	32.0	3.0	0.0
5	7	9	1.4217606900217714	0.07754791740687739	0.972318339100346	7938.0	561.0	268.0	20.0	10.0	264.0	12.0	15.0	293.0	554.0	29.0	10.0	11.0	15.0	0.0
5	9	7	-48.51758354699293	1.0	0.5072202166064982	7938.0	268.0	561.0	20.0	10.0	264.0	293.0	10.0	12.0	554.0	11.0	15.0	29.0	15.0	0.0
7	5	9	-1.3812835173521123	0.9164040398300836	1.030188679245283	7938.0	561.0	264.0	12.0	15.0	268.0	20.0	10.0	293.0	554.0	29.0	10.0	15.0	11.0	0.0
5	8	9	1.6241399056317682	0.05217296871290833	0.9692832764505119	7941.0	559.0	265.0	20.0	12.0	262.0	11.0	15.0	295.0	555.0	30.0	10.0	11.0	14.0	0.0
5	9	8	-49.626497116526245	1.0	0.5080500894454383	7941.0	265.0	559.0	20.0	12.0	262.0	295.0	10.0	11.0	555.0	11.0	15.0	30.0	14.0	0.0
8	5	9	-1.572670683270198	0.9421024462590744	1.0338345864661653	7941.0	559.0	262.0	11.0	15.0	265.0	20.0	12.0	295.0	555.0	30.0	10.0	14.0	11.0	0.0
6	7	8	-99999.9	1.0	-0.01694915254237288	8593.0	35.0	34.0	123.0	0.0	159.0	3.0	0.0	1.0	1034.0	3.0	1.0	2.0	12.0	0.0
6	8	7	0.9878591086308779	0.161610832337991	0.016129032258064516	8593.0	34.0	35.0	123.0	0.0	159.0	1.0	1.0	3.0	1034.0	2.0	0.0	3.0	12.0	0.0
7	6	8	-59.27154651785246	1.0	0.5041322314049587	8593.0	35.0	159.0	3.0	0.0	34.0	123.0	0.0	1.0	1034.0	3.0	1.0	12.0	2.0	0.0
6	7	9	0.9956967445198888	0.15969876441103126	0.9928400954653938	8048.0	580.0	147.0	6.0	4.0	154.0	3.0	5.0	419.0	578.0	41.0	5.0	5.0	5.0	0.0
6	9	7	-137.07425182890466	1.0	0.5018094089264175	8048.0	147.0	580.0	6.0	4.0	154.0	419.0	5.0	3.0	578.0	5.0	5.0	41.0	5.0	0.0
7	6	9	-0.9885162391507549	0.8385500518996309	1.0073170731707317	8048.0	580.0	154.0	3.0	5.0	147.0	6.0	4.0	419.0	578.0	41.0	5.0	5.0	5.0	0.0
6	8	9	1.4055071885292831	0.07993531005914378	0.990521327014218	8049.0	578.0	146.0	6.0	6.0	154.0	2.0	5.0	420.0	578.0	41.0	4.0	6.0	5.0	0.0
6	9	8	-145.46999401278086	1.0	0.5024038461538461	8049.0	146.0	578.0	6.0	6.0	154.0	420.0	4.0	2.0	578.0	6.0	5.0	41.0	5.0	0.0
8	6	9	-1.392057358973979	0.9180474292199096	1.0097560975609756	8049.0	578.0	154.0	2.0	5.0	146.0	6.0	6.0	420.0	578.0	41.0	4.0	5.0	6.0	0.0
7	8	9	0.5681496055370371	0.2849666581885184	0.9981343283582089	8168.0	584.0	34.0	2.0	2.0	35.0	1.0	0.0	536.0	585.0	48.0	0.0	3.0	2.0	0.0
7	9	8	-303.39188935678095	1.0	0.500467726847521	8168.0	34.0	584.0	2.0	2.0	35.0	536.0	0.0	1.0	585.0	3.0	0.0	48.0	2.0	0.0
8	7	9	-0.5670876436575286	0.714672716110682	1.00187617260788	8168.0	584.0	35.0	1.0	0.0	34.0	2.0	2.0	536.0	585.0	48.0	0.0	2.0	3.0	0.0
