P1	Hybrid	P2	Zscore	Pvalue	Gamma	AAAA	AAAB	AABA	AABB	AABC	ABAA	ABAB	ABAC	ABBA	BAAA	ABBC	CABC	BACA	BCAA	ABCD
1	2	3	-99999.9	1.0	-0.03791469194312796	35899.0	2130.0	2040.0	675.0	106.0	5349.0	237.0	165.0	221.0	2594.0	74.0	164.0	85.0	255.0	6.0
1	3	2	0.7596409628973365	0.22373454647977664	0.03404255319148936	35899.0	2040.0	2130.0	675.0	106.0	5349.0	221.0	164.0	237.0	2594.0	85.0	165.0	74.0	255.0	6.0
2	1	3	-20.795171359314587	1.0	0.5089686098654709	35899.0	2130.0	5349.0	237.0	165.0	2040.0	675.0	106.0	221.0	2594.0	74.0	164.0	255.0	85.0	6.0
1	2	4	0.23670087785787577	0.406444475477194	0.011086474501108648	36015.0	2014.0	2064.0	669.0	88.0	5376.0	223.0	152.0	228.0	2587.0	74.0	162.0	83.0	249.0	16.0
1	4	2	-99999.9	1.0	-0.01146788990825688	36015.0	2064.0	2014.0	669.0	88.0	5376.0	228.0	162.0	223.0	2587.0	83.0	152.0	74.0	249.0	16.0
2	1	4	-20.877017427064764	1.0	0.49718151071025934	36015.0	2014.0	5376.0	223.0	152.0	2064.0	669.0	88.0	228.0	2587.0	74.0	162.0	249.0	83.0	16.0
1	2	5	0.048049421314228374	0.4808383613308844	0.0	36023.0	2006.0	2069.0	664.0	88.0	5377.0	217.0	157.0	217.0	2604.0	68.0	160.0	82.0	253.0	15.0
1	5	2	0.048049421314228374	0.4808383613308844	0.0	36023.0	2069.0	2006.0	664.0	88.0	5377.0	217.0	160.0	217.0	2604.0	82.0	157.0	68.0	253.0	15.0
2	1	5	-21.45421508355448	1.0	0.5	36023.0	2006.0	5377.0	217.0	157.0	2069.0	664.0	88.0	217.0	2604.0	68.0	160.0	253.0	82.0	15.0
1	2	6	0.5250747456378272	0.2997656009831926	0.023965141612200435	36025.0	2004.0	2067.0	667.0	87.0	5367.0	219.0	165.0	230.0	2576.0	83.0	163.0	84.0	257.0	6.0
1	6	2	-99999.9	1.0	-0.025821596244131453	36025.0	2067.0	2004.0	667.0	87.0	5367.0	230.0	163.0	219.0	2576.0	84.0	165.0	83.0	257.0	6.0
2	1	6	-20.859787622157338	1.0	0.4937853107344633	36025.0	2004.0	5367.0	219.0	165.0	2067.0	667.0	87.0	230.0	2576.0	83.0	163.0	257.0	84.0	6.0
1	2	7	0.0471367878675144	0.48120203767604475	0.0022935779816513763	35886.0	2143.0	2081.0	660.0	80.0	5365.0	225.0	161.0	226.0	2584.0	79.0	157.0	85.0	259.0	9.0
1	7	2	-99999.9	1.0	-0.0023094688221709007	35886.0	2081.0	2143.0	660.0	80.0	5365.0	226.0	157.0	225.0	2584.0	85.0	161.0	79.0	259.0	9.0
2	1	7	-20.457365934502082	1.0	0.49942462600690446	35886.0	2143.0	5365.0	225.0	161.0	2081.0	660.0	80.0	226.0	2584.0	79.0	157.0	259.0	85.0	9.0
1	2	8	-99999.9	1.0	-0.05063291139240507	35915.0	2114.0	2080.0	665.0	76.0	5341.0	250.0	160.0	230.0	2580.0	79.0	161.0	88.0	255.0	6.0
1	8	2	0.9316564595020753	0.17575703037152124	0.04395604395604396	35915.0	2080.0	2114.0	665.0	76.0	5341.0	230.0	161.0	250.0	2580.0	88.0	160.0	79.0	255.0	6.0
2	1	8	-19.33187153466805	1.0	0.511764705882353	35915.0	2114.0	5341.0	250.0	160.0	2080.0	665.0	76.0	230.0	2580.0	79.0	161.0	255.0	88.0	6.0
1	2	9	-0.563461313083454	0.713439634937084	1.1065573770491803	35688.0	2341.0	2501.0	233.0	87.0	5340.0	246.0	165.0	381.0	2404.0	104.0	213.0	92.0	195.0	10.0
1	9	2	-6.41479033356548	0.9999999999291614	0.4770318021201413	35688.0	2501.0	2341.0	233.0	87.0	5340.0	381.0	213.0	246.0	2404.0	92.0	165.0	104.0	195.0	10.0
2	1	9	0.6177205506396384	0.2683797275558637	0.9192546583850931	35688.0	2341.0	5340.0	246.0	165.0	2501.0	233.0	87.0	381.0	2404.0	104.0	213.0	195.0	92.0	10.0
1	3	4	1.2287895740711794	0.10957542327588443	0.035063113604488085	36148.0	1791.0	1931.0	889.0	91.0	5382.0	201.0	151.0	226.0	2627.0	63.0	158.0	65.0	264.0	13.0
1	4	3	-99999.9	1.0	-0.03918495297805642	36148.0	1931.0	1791.0	889.0	91.0	5382.0	226.0	158.0	201.0	2627.0	65.0	151.0	63.0	264.0	13.0
3	1	4	-32.587499504367706	1.0	0.4907475943745374	36148.0	1791.0	5382.0	201.0	151.0	1931.0	889.0	91.0	226.0	2627.0	63.0	158.0	264.0	65.0	13.0
1	3	5	1.0394698574626284	0.1492931594544078	0.029126213592233007	36158.0	1781.0	1934.0	899.0	78.0	5377.0	199.0	158.0	220.0	2639.0	57.0	157.0	65.0	267.0	11.0
1	5	3	-99999.9	1.0	-0.03191489361702128	36158.0	1934.0	1781.0	899.0	78.0	5377.0	220.0	157.0	199.0	2639.0	65.0	158.0	57.0	267.0	11.0
3	1	5	-33.60952539129164	1.0	0.49238578680203043	36158.0	1781.0	5377.0	199.0	158.0	1934.0	899.0	78.0	220.0	2639.0	57.0	157.0	267.0	65.0	11.0
1	3	6	1.5320841657462723	0.06275085361013799	0.04347826086956522	36143.0	1796.0	1949.0	879.0	83.0	5377.0	197.0	160.0	228.0	2617.0	71.0	155.0	65.0	273.0	7.0
1	6	3	-99999.9	1.0	-0.05	36143.0	1949.0	1796.0	879.0	83.0	5377.0	228.0	155.0	197.0	2617.0	65.0	160.0	71.0	273.0	7.0
3	1	6	-32.17376748067172	1.0	0.48837209302325585	36143.0	1796.0	5377.0	197.0	160.0	1949.0	879.0	83.0	228.0	2617.0	71.0	155.0	273.0	65.0	7.0
1	3	7	0.8949136357658307	0.18541659738067606	0.025280898876404494	36039.0	1900.0	1928.0	892.0	91.0	5375.0	198.0	161.0	216.0	2624.0	76.0	157.0	72.0	264.0	7.0
1	7	3	-99999.9	1.0	-0.02735562310030395	36039.0	1928.0	1900.0	892.0	91.0	5375.0	216.0	157.0	198.0	2624.0	72.0	161.0	76.0	264.0	7.0
3	1	7	-33.60897876542786	1.0	0.49343065693430654	36039.0	1900.0	5375.0	198.0	161.0	1928.0	892.0	91.0	216.0	2624.0	76.0	157.0	264.0	72.0	7.0
1	3	8	-99999.9	1.0	-0.004511278195488721	36051.0	1888.0	1944.0	888.0	79.0	5357.0	220.0	157.0	217.0	2625.0	74.0	158.0	73.0	264.0	5.0
1	8	3	0.14380903242621218	0.4428256123818268	0.004451038575667656	36051.0	1944.0	1888.0	888.0	79.0	5357.0	217.0	158.0	220.0	2625.0	73.0	157.0	74.0	264.0	5.0
3	1	8	-32.02147788690318	1.0	0.5011202389843167	36051.0	1888.0	5357.0	220.0	157.0	1944.0	888.0	79.0	217.0	2625.0	74.0	158.0	264.0	73.0	5.0
1	3	9	-0.04488802301151739	0.5179017831945119	1.0064516129032257	35620.0	2319.0	2569.0	246.0	96.0	5317.0	247.0	170.0	403.0	2406.0	107.0	214.0	89.0	188.0	9.0
1	9	3	-7.047419612808214	0.9999999999990826	0.4984025559105431	35620.0	2569.0	2319.0	246.0	96.0	5317.0	403.0	214.0	247.0	2406.0	89.0	170.0	107.0	188.0	9.0
3	1	9	0.0451757667487707	0.48198353984623266	0.9936708860759493	35620.0	2319.0	5317.0	247.0	170.0	2569.0	246.0	96.0	403.0	2406.0	107.0	214.0	188.0	89.0	9.0
1	4	5	-99999.9	1.0	-0.000962000962000962	37489.0	590.0	603.0	2137.0	31.0	5660.0	56.0	50.0	54.0	2821.0	18.0	40.0	26.0	418.0	7.0
1	5	4	0.19069405436634226	0.42438266618319065	0.0009592326139088728	37489.0	603.0	590.0	2137.0	31.0	5660.0	54.0	40.0	56.0	2821.0	26.0	50.0	18.0	418.0	7.0
4	1	5	-198.41716356817832	1.0	0.5002401536983669	37489.0	590.0	5660.0	56.0	50.0	603.0	2137.0	31.0	54.0	2821.0	18.0	40.0	418.0	26.0	7.0
1	4	6	0.6173469958549408	0.26850288370952535	0.007022471910112359	36926.0	1153.0	1166.0	1541.0	64.0	5541.0	127.0	98.0	137.0	2705.0	51.0	82.0	47.0	348.0	14.0
1	6	4	-99999.9	1.0	-0.0071736011477761845	36926.0	1166.0	1153.0	1541.0	64.0	5541.0	137.0	82.0	127.0	2705.0	47.0	98.0	51.0	348.0	14.0
4	1	6	-86.67551821803339	1.0	0.4982256919801278	36926.0	1153.0	5541.0	127.0	98.0	1166.0	1541.0	64.0	137.0	2705.0	51.0	82.0	348.0	47.0	14.0
1	4	7	-99999.9	1.0	-0.0007027406886858749	36824.0	1255.0	1143.0	1555.0	73.0	5530.0	131.0	105.0	130.0	2716.0	47.0	88.0	47.0	343.0	13.0
1	7	4	0.061908135852458634	0.4753179245844148	0.0007012622720897616	36824.0	1143.0	1255.0	1555.0	73.0	5530.0	130.0	88.0	131.0	2716.0	47.0	105.0	47.0	343.0	13.0
4	1	7	-88.15718545390081	1.0	0.5001755001755002	36824.0	1255.0	5530.0	131.0	105.0	1143.0	1555.0	73.0	130.0	2716.0	47.0	88.0	343.0	47.0	13.0
1	4	8	-99999.9	1.0	-0.014450867052023121	36846.0	1233.0	1149.0	1560.0	62.0	5511.0	156.0	99.0	136.0	2712.0	45.0	85.0	50.0	344.0	12.0
1	8	4	1.1772592000606603	0.11954609475552125	0.013850415512465372	36846.0	1149.0	1233.0	1560.0	62.0	5511.0	136.0	85.0	156.0	2712.0	50.0	99.0	45.0	344.0	12.0
4	1	8	-82.64359584425843	1.0	0.5035360678925036	36846.0	1233.0	5511.0	156.0	99.0	1149.0	1560.0	62.0	136.0	2712.0	45.0	85.0	344.0	50.0	12.0
1	4	9	-0.868346931568967	0.8073978219385434	1.1858407079646018	35756.0	2323.0	2433.0	234.0	104.0	5338.0	255.0	173.0	389.0	2400.0	104.0	207.0	87.0	184.0	13.0
1	9	4	-6.40922735205666	0.9999999999265292	0.46366782006920415	35756.0	2433.0	2323.0	234.0	104.0	5338.0	389.0	207.0	255.0	2400.0	87.0	173.0	104.0	184.0	13.0
4	1	9	1.0044311521879843	0.15758543198836306	0.8806818181818182	35756.0	2323.0	5338.0	255.0	173.0	2433.0	234.0	104.0	389.0	2400.0	104.0	207.0	184.0	87.0	13.0
1	5	6	0.6269098692725887	0.26535910217791403	0.007022471910112359	36938.0	1154.0	1154.0	1537.0	67.0	5534.0	123.0	97.0	133.0	2716.0	54.0	93.0	40.0	350.0	10.0
1	6	5	-99999.9	1.0	-0.0071736011477761845	36938.0	1154.0	1154.0	1537.0	67.0	5534.0	133.0	93.0	123.0	2716.0	40.0	97.0	54.0	350.0	10.0
5	1	6	-88.01814564587147	1.0	0.4982256919801278	36938.0	1154.0	5534.0	123.0	97.0	1154.0	1537.0	67.0	133.0	2716.0	54.0	93.0	350.0	40.0	10.0
1	5	7	0.06287910281128453	0.47493131804844957	0.0007072135785007072	36821.0	1271.0	1146.0	1539.0	73.0	5522.0	126.0	106.0	127.0	2727.0	49.0	99.0	41.0	344.0	9.0
1	7	5	-99999.9	1.0	-0.0007087172218284905	36821.0	1146.0	1271.0	1539.0	73.0	5522.0	127.0	99.0	126.0	2727.0	41.0	106.0	49.0	344.0	9.0
5	1	7	-88.78529316953353	1.0	0.49982300884955755	36821.0	1271.0	5522.0	126.0	106.0	1146.0	1539.0	73.0	127.0	2727.0	49.0	99.0	344.0	41.0	9.0
1	5	8	-99999.9	1.0	-0.013024602026049204	36847.0	1245.0	1148.0	1549.0	61.0	5503.0	149.0	102.0	131.0	2725.0	47.0	98.0	44.0	344.0	7.0
1	8	5	1.081429990810958	0.1397529822037673	0.012534818941504178	36847.0	1148.0	1245.0	1549.0	61.0	5503.0	131.0	98.0	149.0	2725.0	44.0	102.0	47.0	344.0	7.0
5	1	8	-84.11122150751892	1.0	0.5031937544357701	36847.0	1245.0	5503.0	149.0	102.0	1148.0	1549.0	61.0	131.0	2725.0	47.0	98.0	344.0	44.0	7.0
1	5	9	-0.09005237980573062	0.5358772672760084	1.0145985401459854	35777.0	2315.0	2412.0	242.0	104.0	5333.0	244.0	177.0	383.0	2418.0	102.0	218.0	80.0	183.0	12.0
1	9	5	-6.348692776303994	0.9999999998909357	0.49642857142857144	35777.0	2412.0	2315.0	242.0	104.0	5333.0	383.0	218.0	244.0	2418.0	80.0	177.0	102.0	183.0	12.0
5	1	9	0.0913480975007771	0.4636079386873243	0.986013986013986	35777.0	2315.0	5333.0	244.0	177.0	2412.0	242.0	104.0	383.0	2418.0	102.0	218.0	183.0	80.0	12.0
1	6	7	-99999.9	1.0	-0.007241129616220129	36820.0	1272.0	1147.0	1530.0	81.0	5520.0	139.0	101.0	129.0	2699.0	51.0	99.0	56.0	348.0	8.0
1	7	6	0.6127452457013565	0.2700223478125938	0.007087172218284904	36820.0	1147.0	1272.0	1530.0	81.0	5520.0	129.0	99.0	139.0	2699.0	56.0	101.0	51.0	348.0	8.0
6	1	7	-85.2328636770589	1.0	0.5017908309455588	36820.0	1272.0	5520.0	139.0	101.0	1147.0	1530.0	81.0	129.0	2699.0	51.0	99.0	348.0	56.0	8.0
1	6	8	-99999.9	1.0	-0.024571854058078928	36848.0	1244.0	1147.0	1538.0	73.0	5501.0	162.0	97.0	129.0	2700.0	50.0	102.0	56.0	348.0	5.0
1	8	6	1.9514348251985254	0.025502602252478468	0.022884882108183083	36848.0	1147.0	1244.0	1538.0	73.0	5501.0	129.0	102.0	162.0	2700.0	56.0	97.0	50.0	348.0	5.0
6	1	8	-81.36891877191425	1.0	0.5059245960502694	36848.0	1244.0	5501.0	162.0	97.0	1147.0	1538.0	73.0	129.0	2700.0	50.0	102.0	348.0	56.0	5.0
1	6	9	-1.429751049607284	0.9236057104795591	1.4523809523809523	35751.0	2341.0	2438.0	222.0	98.0	5327.0	260.0	173.0	382.0	2396.0	101.0	225.0	86.0	190.0	10.0
1	9	6	-6.020004419399094	0.9999999991247713	0.43262411347517726	35751.0	2438.0	2341.0	222.0	98.0	5327.0	382.0	225.0	260.0	2396.0	86.0	173.0	101.0	190.0	10.0
6	1	9	1.8750833437472574	0.03039056582667765	0.8080808080808081	35751.0	2341.0	5327.0	260.0	173.0	2438.0	222.0	98.0	382.0	2396.0	101.0	225.0	190.0	86.0	10.0
1	7	8	-99999.9	1.0	-0.012087912087912088	37121.0	846.0	874.0	1948.0	61.0	5582.0	106.0	60.0	84.0	2774.0	36.0	66.0	38.0	400.0	4.0
1	8	7	1.6028146922530901	0.05448778480347638	0.01166489925768823	37121.0	874.0	846.0	1948.0	61.0	5582.0	84.0	66.0	106.0	2774.0	38.0	60.0	36.0	400.0	4.0
7	1	8	-134.19930286955417	1.0	0.5029681597409607	37121.0	846.0	5582.0	106.0	60.0	874.0	1948.0	61.0	84.0	2774.0	36.0	66.0	400.0	38.0	4.0
1	7	9	-0.7614520368833736	0.7768065084583422	1.1512605042016806	35648.0	2319.0	2541.0	232.0	110.0	5323.0	250.0	175.0	387.0	2399.0	108.0	224.0	93.0	182.0	9.0
1	9	7	-6.556948095384604	0.9999999999724001	0.46917808219178087	35648.0	2541.0	2319.0	232.0	110.0	5323.0	387.0	224.0	250.0	2399.0	93.0	175.0	108.0	182.0	9.0
7	1	9	0.8614968300505322	0.1944821903161884	0.8959537572254335	35648.0	2319.0	5323.0	250.0	175.0	2541.0	232.0	110.0	387.0	2399.0	108.0	224.0	182.0	93.0	9.0
1	8	9	-0.5992748703728893	0.7255052464058827	1.1	35667.0	2328.0	2522.0	240.0	93.0	5306.0	254.0	172.0	408.0	2399.0	111.0	220.0	89.0	182.0	9.0
1	9	8	-7.191298444474675	0.9999999999996768	0.4782608695652174	35667.0	2522.0	2328.0	240.0	93.0	5306.0	408.0	220.0	254.0	2399.0	89.0	172.0	111.0	182.0	9.0
8	1	9	0.653754404043152	0.2566349601958666	0.9230769230769231	35667.0	2328.0	5306.0	254.0	172.0	2522.0	240.0	93.0	408.0	2399.0	111.0	220.0	182.0	89.0	9.0
2	3	4	1.0095847801801345	0.15634714582370446	0.06640625000000001	39311.0	1937.0	2080.0	381.0	71.0	2219.0	142.0	64.0	159.0	3285.0	80.0	76.0	78.0	114.0	3.0
2	4	3	-99999.9	1.0	-0.08292682926829267	39311.0	2080.0	1937.0	381.0	71.0	2219.0	159.0	76.0	142.0	3285.0	78.0	64.0	80.0	114.0	3.0
3	2	4	-13.183989482352345	1.0	0.4815618221258135	39311.0	1937.0	2219.0	142.0	64.0	2080.0	381.0	71.0	159.0	3285.0	80.0	76.0	114.0	78.0	3.0
2	3	5	0.5419974031205456	0.29391012426881513	0.03515625	39315.0	1933.0	2085.0	385.0	62.0	2220.0	138.0	67.0	147.0	3307.0	70.0	79.0	76.0	113.0	3.0
2	5	3	-99999.9	1.0	-0.03930131004366812	39315.0	2085.0	1933.0	385.0	62.0	2220.0	147.0	79.0	138.0	3307.0	76.0	67.0	70.0	113.0	3.0
3	2	5	-14.33282021585446	1.0	0.49072164948453606	39315.0	1933.0	2220.0	138.0	67.0	2085.0	385.0	62.0	147.0	3307.0	70.0	79.0	113.0	76.0	3.0
2	3	6	0.7627343109119202	0.22281086540091954	0.05263157894736842	39296.0	1952.0	2096.0	380.0	56.0	2224.0	146.0	55.0	159.0	3277.0	88.0	77.0	77.0	112.0	5.0
2	6	3	-99999.9	1.0	-0.0625	39296.0	2096.0	1952.0	380.0	56.0	2224.0	159.0	77.0	146.0	3277.0	77.0	55.0	88.0	112.0	5.0
3	2	6	-12.966483285502656	1.0	0.4857142857142857	39296.0	1952.0	2224.0	146.0	55.0	2096.0	380.0	56.0	159.0	3277.0	88.0	77.0	112.0	77.0	5.0
2	3	7	0.48174300417753646	0.31499426972053957	0.031128404669260697	39175.0	2073.0	2076.0	387.0	69.0	2239.0	138.0	48.0	146.0	3284.0	94.0	79.0	81.0	109.0	2.0
2	7	3	-99999.9	1.0	-0.034334763948497854	39175.0	2076.0	2073.0	387.0	69.0	2239.0	146.0	79.0	138.0	3284.0	81.0	48.0	94.0	109.0	2.0
3	2	7	-14.51250800084829	1.0	0.49183673469387756	39175.0	2073.0	2239.0	138.0	48.0	2076.0	387.0	69.0	146.0	3284.0	94.0	79.0	109.0	81.0	2.0
2	3	8	1.1345217761203497	0.12828792555265212	0.07224334600760457	39175.0	2073.0	2081.0	384.0	67.0	2233.0	140.0	52.0	159.0	3283.0	82.0	79.0	77.0	110.0	5.0
2	8	3	-99999.9	1.0	-0.09223300970873786	39175.0	2081.0	2073.0	384.0	67.0	2233.0	159.0	79.0	140.0	3283.0	77.0	52.0	82.0	110.0	5.0
3	2	8	-13.435126296162032	1.0	0.47974413646055436	39175.0	2073.0	2233.0	140.0	52.0	2081.0	384.0	67.0	159.0	3283.0	82.0	79.0	110.0	77.0	5.0
2	3	9	0.29023318855523966	0.38581899083867954	0.992	38727.0	2521.0	2301.0	152.0	79.0	2210.0	147.0	68.0	767.0	2615.0	142.0	118.0	70.0	73.0	10.0
2	9	3	-35.69868219229438	1.0	0.5020242914979758	38727.0	2301.0	2521.0	152.0	79.0	2210.0	767.0	118.0	147.0	2615.0	70.0	68.0	142.0	73.0	10.0
3	2	9	-0.28789259832495545	0.6132854569231792	1.0081967213114753	38727.0	2521.0	2210.0	147.0	68.0	2301.0	152.0	79.0	767.0	2615.0	142.0	118.0	73.0	70.0	10.0
2	4	5	-99999.9	1.0	-0.0029850746268656712	40767.0	624.0	633.0	1726.0	30.0	2382.0	46.0	26.0	41.0	3444.0	20.0	23.0	31.0	206.0	1.0
2	5	4	0.536451230049908	0.2958233462253781	0.0029585798816568047	40767.0	633.0	624.0	1726.0	30.0	2382.0	41.0	23.0	46.0	3444.0	31.0	26.0	20.0	206.0	1.0
4	2	5	-180.2476132967688	1.0	0.5007429420505201	40767.0	624.0	2382.0	46.0	26.0	633.0	1726.0	30.0	41.0	3444.0	20.0	23.0	206.0	31.0	1.0
2	4	6	-99999.9	1.0	-0.001	40157.0	1234.0	1235.0	1103.0	51.0	2310.0	102.0	42.0	101.0	3339.0	65.0	49.0	59.0	152.0	1.0
2	6	4	0.07020362031002705	0.47201572719975526	0.0009970089730807576	40157.0	1235.0	1234.0	1103.0	51.0	2310.0	101.0	49.0	102.0	3339.0	59.0	42.0	65.0	152.0	1.0
4	2	6	-70.27382393033689	1.0	0.5002496255616575	40157.0	1234.0	2310.0	102.0	42.0	1235.0	1103.0	51.0	101.0	3339.0	65.0	49.0	152.0	59.0	1.0
2	4	7	-99999.9	1.0	-0.0069721115537848604	40032.0	1359.0	1219.0	1107.0	63.0	2322.0	96.0	36.0	89.0	3353.0	63.0	53.0	54.0	154.0	0.0
2	7	4	0.5161423719855159	0.302877477929933	0.006829268292682927	40032.0	1219.0	1359.0	1107.0	63.0	2322.0	89.0	53.0	96.0	3353.0	54.0	36.0	63.0	154.0	0.0
4	2	7	-74.54570543962241	1.0	0.5017249876786594	40032.0	1359.0	2322.0	96.0	36.0	1219.0	1107.0	63.0	89.0	3353.0	63.0	53.0	154.0	54.0	0.0
2	4	8	0.140129115194429	0.4442789625409447	0.0019704433497536944	40039.0	1352.0	1217.0	1114.0	58.0	2318.0	101.0	35.0	103.0	3346.0	56.0	50.0	53.0	156.0	2.0
2	8	4	-99999.9	1.0	-0.0019821605550049554	40039.0	1217.0	1352.0	1114.0	58.0	2318.0	103.0	50.0	101.0	3346.0	53.0	35.0	56.0	156.0	2.0
4	2	8	-70.83526773078371	1.0	0.49950592885375494	40039.0	1352.0	2318.0	101.0	35.0	1217.0	1114.0	58.0	103.0	3346.0	56.0	50.0	156.0	53.0	2.0
2	4	9	-1.0461939319172224	0.8522642209915633	1.0308747855917668	38857.0	2534.0	2171.0	134.0	84.0	2237.0	152.0	65.0	753.0	2607.0	145.0	105.0	73.0	77.0	6.0
2	9	4	-35.97744688093114	1.0	0.4926229508196721	38857.0	2171.0	2534.0	134.0	84.0	2237.0	753.0	105.0	152.0	2607.0	73.0	65.0	145.0	77.0	6.0
4	2	9	1.0775275272159082	0.140622367402789	0.9717425431711146	38857.0	2534.0	2237.0	152.0	65.0	2171.0	134.0	84.0	753.0	2607.0	145.0	105.0	77.0	73.0	6.0
2	5	6	0.14596871631816857	0.44197302151211026	0.0019940179461615157	40162.0	1238.0	1230.0	1094.0	56.0	2310.0	93.0	43.0	95.0	3360.0	66.0	55.0	47.0	149.0	2.0
2	6	5	-99999.9	1.0	-0.0020060180541624875	40162.0	1230.0	1238.0	1094.0	56.0	2310.0	95.0	55.0	93.0	3360.0	47.0	43.0	66.0	149.0	2.0
5	2	6	-72.91137380092532	1.0	0.4995	40162.0	1238.0	2310.0	93.0	43.0	1230.0	1094.0	56.0	95.0	3360.0	66.0	55.0	149.0	47.0	2.0
2	5	7	-99999.9	1.0	-0.0030120481927710845	40021.0	1379.0	1230.0	1086.0	64.0	2322.0	87.0	37.0	84.0	3373.0	64.0	58.0	43.0	151.0	1.0
2	7	5	0.22967968441544687	0.4091703858456265	0.002985074626865672	40021.0	1230.0	1379.0	1086.0	64.0	2322.0	84.0	58.0	87.0	3373.0	43.0	37.0	64.0	151.0	1.0
5	2	7	-76.48333491034391	1.0	0.5007496251874064	40021.0	1379.0	2322.0	87.0	37.0	1230.0	1086.0	64.0	84.0	3373.0	64.0	58.0	151.0	43.0	1.0
2	5	8	0.5106746913557301	0.3047894255251302	0.00690335305719921	40033.0	1367.0	1223.0	1098.0	59.0	2317.0	91.0	38.0	98.0	3367.0	56.0	56.0	42.0	153.0	2.0
2	8	5	-99999.9	1.0	-0.007049345417925478	40033.0	1223.0	1367.0	1098.0	59.0	2317.0	98.0	56.0	91.0	3367.0	42.0	38.0	56.0	153.0	2.0
5	2	8	-72.95352733653274	1.0	0.4982561036372696	40033.0	1367.0	2317.0	91.0	38.0	1223.0	1098.0	59.0	98.0	3367.0	56.0	56.0	153.0	42.0	2.0
2	5	9	-0.18041970753816555	0.571588448868763	1.0049342105263157	38869.0	2531.0	2159.0	136.0	85.0	2241.0	139.0	66.0	750.0	2629.0	142.0	104.0	64.0	78.0	7.0
2	9	5	-36.925900142811386	1.0	0.4987755102040816	38869.0	2159.0	2531.0	136.0	85.0	2241.0	750.0	104.0	139.0	2629.0	64.0	66.0	142.0	78.0	7.0
5	2	9	0.18130556534931858	0.4280638789187665	0.9951377633711507	38869.0	2531.0	2241.0	139.0	66.0	2159.0	136.0	85.0	750.0	2629.0	142.0	104.0	78.0	64.0	7.0
2	6	7	-99999.9	1.0	-0.004056795131845842	40013.0	1379.0	1238.0	1089.0	61.0	2327.0	99.0	34.0	95.0	3338.0	67.0	42.0	66.0	150.0	2.0
2	7	6	0.28766246856268846	0.3868026275594534	0.004008016032064129	40013.0	1238.0	1379.0	1089.0	61.0	2327.0	95.0	42.0	99.0	3338.0	66.0	34.0	67.0	150.0	2.0
6	2	7	-71.19646096926522	1.0	0.501008064516129	40013.0	1379.0	2327.0	99.0	34.0	1238.0	1089.0	61.0	95.0	3338.0	67.0	42.0	150.0	66.0	2.0
2	6	8	0.2097836788009879	0.41691828794132	0.0029999999999999996	40025.0	1367.0	1231.0	1098.0	59.0	2324.0	101.0	35.0	104.0	3336.0	60.0	43.0	63.0	152.0	2.0
2	8	6	-99999.9	1.0	-0.0030272452068617556	40025.0	1231.0	1367.0	1098.0	59.0	2324.0	104.0	43.0	101.0	3336.0	63.0	35.0	60.0	152.0	2.0
6	2	8	-69.50832557606046	1.0	0.4992466097438473	40025.0	1367.0	2324.0	101.0	35.0	1231.0	1098.0	59.0	104.0	3336.0	60.0	43.0	152.0	63.0	2.0
2	6	9	-1.5563471730059208	0.9401872071647024	1.0470383275261324	38842.0	2550.0	2186.0	129.0	73.0	2236.0	156.0	68.0	757.0	2603.0	140.0	102.0	73.0	76.0	9.0
2	9	6	-36.199482394359954	1.0	0.48901545972335225	38842.0	2186.0	2550.0	129.0	73.0	2236.0	757.0	102.0	156.0	2603.0	73.0	68.0	140.0	76.0	9.0
6	2	9	1.626266263972909	0.05194650422147151	0.9587786259541985	38842.0	2550.0	2236.0	156.0	68.0	2186.0	129.0	73.0	757.0	2603.0	140.0	102.0	76.0	73.0	9.0
2	7	8	0.7256788564614056	0.23401776391892692	0.00535475234270415	40322.0	929.0	934.0	1543.0	52.0	2381.0	57.0	26.0	65.0	3398.0	40.0	25.0	45.0	181.0	2.0
2	8	7	-99999.9	1.0	-0.0054421768707483	40322.0	934.0	929.0	1543.0	52.0	2381.0	65.0	25.0	57.0	3398.0	45.0	26.0	40.0	181.0	2.0
7	2	8	-134.06916873124467	1.0	0.4986504723346829	40322.0	929.0	2381.0	57.0	26.0	934.0	1543.0	52.0	65.0	3398.0	40.0	25.0	181.0	45.0	2.0
2	7	9	-0.7663421658541323	0.778263698423846	1.0217391304347827	38725.0	2526.0	2303.0	134.0	92.0	2246.0	147.0	71.0	758.0	2605.0	140.0	91.0	80.0	74.0	8.0
2	9	7	-36.78442396099836	1.0	0.4947368421052632	38725.0	2303.0	2526.0	134.0	92.0	2246.0	758.0	91.0	147.0	2605.0	80.0	71.0	140.0	74.0	8.0
7	2	9	0.7826473183191138	0.2169170598048189	0.9795918367346939	38725.0	2526.0	2246.0	147.0	71.0	2303.0	134.0	92.0	758.0	2605.0	140.0	91.0	74.0	80.0	8.0
2	8	9	-0.8469928836000203	0.8015005034529272	1.0255102040816326	38730.0	2526.0	2298.0	145.0	81.0	2243.0	160.0	68.0	763.0	2598.0	139.0	89.0	74.0	78.0	8.0
2	9	8	-34.896106804320844	1.0	0.49385749385749383	38730.0	2298.0	2526.0	145.0	81.0	2243.0	763.0	89.0	160.0	2598.0	74.0	68.0	139.0	78.0	8.0
8	2	9	0.8680623583164386	0.1926800574454689	0.976303317535545	38730.0	2526.0	2243.0	160.0	68.0	2298.0	145.0	81.0	763.0	2598.0	139.0	89.0	78.0	74.0	8.0
3	4	5	-99999.9	1.0	-0.007741027445460943	40898.0	632.0	637.0	1479.0	27.0	2251.0	47.0	17.0	36.0	3724.0	20.0	24.0	34.0	173.0	1.0
3	5	4	1.210045419790331	0.11313079835773832	0.007565337001375515	40898.0	637.0	632.0	1479.0	27.0	2251.0	36.0	24.0	47.0	3724.0	34.0	17.0	20.0	173.0	1.0
4	3	5	-157.52591283088685	1.0	0.5019130434782609	40898.0	632.0	2251.0	47.0	17.0	637.0	1479.0	27.0	36.0	3724.0	20.0	24.0	173.0	34.0	1.0
3	4	6	0.28636318256397686	0.38730005162270853	0.0052493438320209964	40277.0	1253.0	1243.0	854.0	46.0	2190.0	96.0	29.0	100.0	3613.0	67.0	42.0	60.0	127.0	3.0
3	6	4	-99999.9	1.0	-0.005333333333333333	40277.0	1243.0	1253.0	854.0	46.0	2190.0	100.0	42.0	96.0	3613.0	60.0	29.0	67.0	127.0	3.0
4	3	6	-53.979459913309796	1.0	0.49867724867724866	40277.0	1253.0	2190.0	96.0	29.0	1243.0	854.0	46.0	100.0	3613.0	67.0	42.0	127.0	60.0	3.0
3	4	7	-99999.9	1.0	-0.017426273458445038	40178.0	1352.0	1236.0	855.0	52.0	2176.0	96.0	43.0	83.0	3628.0	69.0	42.0	56.0	131.0	3.0
3	7	4	0.9783317192085327	0.16395514486055895	0.016560509554140127	40178.0	1236.0	1352.0	855.0	52.0	2176.0	83.0	42.0	96.0	3628.0	56.0	43.0	69.0	131.0	3.0
4	3	7	-57.11952114455972	1.0	0.5042455911169171	40178.0	1352.0	2176.0	96.0	43.0	1236.0	855.0	52.0	83.0	3628.0	69.0	42.0	131.0	56.0	3.0
3	4	8	-99999.9	1.0	-0.0013157894736842105	40172.0	1358.0	1236.0	855.0	52.0	2185.0	94.0	36.0	93.0	3629.0	58.0	41.0	54.0	132.0	5.0
3	8	4	0.0731551391808277	0.47084126350759603	0.001310615989515072	40172.0	1236.0	1358.0	855.0	52.0	2185.0	93.0	41.0	94.0	3629.0	54.0	36.0	58.0	132.0	5.0
4	3	8	-55.6710609166103	1.0	0.500328299409061	40172.0	1358.0	2185.0	94.0	36.0	1236.0	855.0	52.0	93.0	3629.0	58.0	41.0	132.0	54.0	5.0
3	4	9	-1.2524608941234607	0.8947989467168946	1.0255474452554745	38992.0	2538.0	1945.0	126.0	72.0	2102.0	147.0	66.0	990.0	2627.0	163.0	94.0	66.0	65.0	7.0
3	9	4	-51.529819643936634	1.0	0.4938488576449912	38992.0	1945.0	2538.0	126.0	72.0	2102.0	990.0	94.0	147.0	2627.0	66.0	66.0	163.0	65.0	7.0
4	3	9	1.2836609875713758	0.09963036870163278	0.976271186440678	38992.0	2538.0	2102.0	147.0	66.0	1945.0	126.0	72.0	990.0	2627.0	163.0	94.0	65.0	66.0	7.0
3	5	6	1.222001598346843	0.1108535782833382	0.02193548387096774	40280.0	1255.0	1240.0	848.0	50.0	2192.0	90.0	29.0	107.0	3629.0	69.0	33.0	50.0	126.0	2.0
3	6	5	-99999.9	1.0	-0.023480662983425417	40280.0	1240.0	1255.0	848.0	50.0	2192.0	107.0	33.0	90.0	3629.0	50.0	29.0	69.0	126.0	2.0
5	3	6	-53.26489319853002	1.0	0.4943295530353569	40280.0	1255.0	2192.0	90.0	29.0	1240.0	848.0	50.0	107.0	3629.0	69.0	33.0	126.0	50.0	2.0
3	5	7	-99999.9	1.0	-0.0013404825737265416	40165.0	1370.0	1249.0	837.0	52.0	2178.0	90.0	43.0	89.0	3644.0	72.0	34.0	46.0	129.0	2.0
3	7	5	0.07477201295142323	0.4701979865927761	0.0013351134846461949	40165.0	1249.0	1370.0	837.0	52.0	2178.0	89.0	34.0	90.0	3644.0	46.0	43.0	72.0	129.0	2.0
5	3	7	-55.85469367471358	1.0	0.5003344481605351	40165.0	1370.0	2178.0	90.0	43.0	1249.0	837.0	52.0	89.0	3644.0	72.0	34.0	129.0	46.0	2.0
3	5	8	0.9573722481625575	0.16918969345471235	0.016883116883116882	40166.0	1369.0	1242.0	844.0	52.0	2184.0	87.0	40.0	100.0	3645.0	60.0	35.0	45.0	129.0	2.0
3	8	5	-99999.9	1.0	-0.017783857729138167	40166.0	1242.0	1369.0	844.0	52.0	2184.0	100.0	35.0	87.0	3645.0	45.0	40.0	60.0	129.0	2.0
5	3	8	-54.79115020253408	1.0	0.4956695536309127	40166.0	1369.0	2184.0	87.0	40.0	1242.0	844.0	52.0	100.0	3645.0	60.0	35.0	129.0	45.0	2.0
3	5	9	-0.6091765456363016	0.7287963387313106	1.0117924528301887	39004.0	2531.0	1933.0	128.0	77.0	2106.0	138.0	67.0	996.0	2648.0	161.0	84.0	54.0	67.0	6.0
3	9	5	-52.87652416123092	1.0	0.49710312862108924	39004.0	1933.0	2531.0	128.0	77.0	2106.0	996.0	84.0	138.0	2648.0	54.0	67.0	161.0	67.0	6.0
5	3	9	0.6162765053756525	0.26885596779322163	0.9886104783599089	39004.0	2531.0	2106.0	138.0	67.0	1933.0	128.0	77.0	996.0	2648.0	161.0	84.0	67.0	54.0	6.0
3	6	7	-99999.9	1.0	-0.026352288488210817	40156.0	1364.0	1258.0	847.0	48.0	2184.0	107.0	41.0	88.0	3606.0	75.0	29.0	67.0	124.0	6.0
3	7	6	1.3737934938406042	0.08475296017415446	0.024421593830334192	40156.0	1258.0	1364.0	847.0	48.0	2184.0	88.0	29.0	107.0	3606.0	67.0	41.0	75.0	124.0	6.0
6	3	7	-53.50564133905511	1.0	0.5063375583722481	40156.0	1364.0	2184.0	107.0	41.0	1258.0	847.0	48.0	88.0	3606.0	75.0	29.0	124.0	67.0	6.0
3	6	8	-99999.9	1.0	-0.008053691275167786	40154.0	1366.0	1254.0	849.0	50.0	2195.0	98.0	39.0	92.0	3613.0	64.0	32.0	66.0	124.0	4.0
3	8	6	0.4367826396434348	0.331134527347243	0.007863695937090432	40154.0	1254.0	1366.0	849.0	50.0	2195.0	92.0	32.0	98.0	3613.0	66.0	39.0	64.0	124.0	4.0
6	3	8	-54.67062706203652	1.0	0.5019893899204244	40154.0	1366.0	2195.0	98.0	39.0	1254.0	849.0	50.0	92.0	3613.0	64.0	32.0	124.0	66.0	4.0
3	6	9	-1.9803061365274617	0.9761654994115068	1.0423940149625934	38973.0	2547.0	1964.0	123.0	66.0	2105.0	157.0	70.0	993.0	2619.0	157.0	88.0	64.0	66.0	8.0
3	9	6	-50.67253937584977	1.0	0.4900351699882767	38973.0	1964.0	2547.0	123.0	66.0	2105.0	993.0	88.0	157.0	2619.0	64.0	70.0	157.0	66.0	8.0
6	3	9	2.060844902845564	0.019658853437002688	0.9623893805309734	38973.0	2547.0	2105.0	157.0	70.0	1964.0	123.0	66.0	993.0	2619.0	157.0	88.0	66.0	64.0	8.0
3	7	8	0.9950553506522798	0.1598546803259363	0.00885668276972625	40480.0	934.0	928.0	1287.0	44.0	2223.0	56.0	22.0	67.0	3671.0	42.0	29.0	50.0	164.0	3.0
3	8	7	-99999.9	1.0	-0.009098428453267164	40480.0	928.0	934.0	1287.0	44.0	2223.0	67.0	29.0	56.0	3671.0	50.0	22.0	42.0	164.0	3.0
7	3	8	-110.3606843450711	1.0	0.49775601795185637	40480.0	934.0	2223.0	56.0	22.0	928.0	1287.0	44.0	67.0	3671.0	42.0	29.0	164.0	50.0	3.0
3	7	9	-1.078167573369301	0.8595204722475063	1.0215311004784688	38885.0	2529.0	2052.0	127.0	80.0	2086.0	145.0	70.0	999.0	2621.0	160.0	101.0	74.0	65.0	6.0
3	9	7	-52.231229109890485	1.0	0.49478563151796057	38885.0	2052.0	2529.0	127.0	80.0	2086.0	999.0	101.0	145.0	2621.0	74.0	70.0	160.0	65.0	6.0
7	3	9	1.1008924168361016	0.13547178593549236	0.9797752808988764	38885.0	2529.0	2086.0	145.0	70.0	2052.0	127.0	80.0	999.0	2621.0	160.0	101.0	65.0	74.0	6.0
3	8	9	-0.9326870040937054	0.8245092182512876	1.0193470374848852	38877.0	2531.0	2060.0	136.0	69.0	2096.0	152.0	71.0	995.0	2622.0	160.0	95.0	66.0	63.0	7.0
3	9	8	-50.07363353228082	1.0	0.49529964747356053	38877.0	2060.0	2531.0	136.0	69.0	2096.0	995.0	95.0	152.0	2622.0	66.0	71.0	160.0	63.0	7.0
8	3	9	0.9503892485367651	0.17095724281311453	0.9817142857142858	38877.0	2531.0	2096.0	152.0	71.0	2060.0	136.0	69.0	995.0	2622.0	160.0	95.0	63.0	66.0	7.0
4	5	6	0.5569686355632787	0.2887743990641678	0.992816091954023	41828.0	1321.0	639.0	43.0	14.0	644.0	38.0	15.0	729.0	4523.0	124.0	12.0	33.0	37.0	0.0
4	6	5	-76.41609679928179	1.0	0.5018155410312273	41828.0	639.0	1321.0	43.0	14.0	644.0	729.0	12.0	38.0	4523.0	33.0	15.0	124.0	37.0	0.0
5	4	6	-0.5529384717748324	0.7098472571102799	1.0073421439060206	41828.0	1321.0	644.0	38.0	15.0	639.0	43.0	14.0	729.0	4523.0	124.0	12.0	37.0	33.0	0.0
4	5	7	-0.6669272399392985	0.7475907602594059	1.009090909090909	41703.0	1446.0	651.0	37.0	8.0	640.0	43.0	14.0	709.0	4537.0	130.0	12.0	34.0	36.0	0.0
4	7	5	-74.69585087320137	1.0	0.4977578475336323	41703.0	651.0	1446.0	37.0	8.0	640.0	709.0	12.0	43.0	4537.0	34.0	14.0	130.0	36.0	0.0
5	4	7	0.6729355934522652	0.2504940670327709	0.9911504424778761	41703.0	1446.0	640.0	43.0	14.0	651.0	37.0	8.0	709.0	4537.0	130.0	12.0	36.0	34.0	0.0
4	5	8	-0.2231178341492442	0.5882780600093926	1.0029850746268656	41706.0	1443.0	651.0	39.0	6.0	644.0	41.0	12.0	713.0	4543.0	120.0	13.0	32.0	36.0	1.0
4	8	5	-75.19071010829529	1.0	0.49925705794947994	41706.0	651.0	1443.0	39.0	6.0	644.0	713.0	13.0	41.0	4543.0	32.0	12.0	120.0	36.0	1.0
5	4	8	0.2237818753223074	0.41146355799342516	0.9970414201183432	41706.0	1443.0	644.0	41.0	12.0	651.0	39.0	6.0	713.0	4543.0	120.0	13.0	36.0	32.0	1.0
4	5	9	1.2548706736908914	0.10476292441539536	0.9952769428939459	40470.0	2679.0	624.0	44.0	28.0	640.0	33.0	24.0	2351.0	2771.0	254.0	38.0	14.0	28.0	2.0
4	9	5	-263.1806040186263	1.0	0.5011891891891892	40470.0	624.0	2679.0	44.0	28.0	640.0	2351.0	38.0	33.0	2771.0	14.0	24.0	254.0	28.0	2.0
5	4	9	-1.2489157222626772	0.8941519812609038	1.0047909407665505	40470.0	2679.0	640.0	33.0	24.0	624.0	44.0	28.0	2351.0	2771.0	254.0	38.0	28.0	14.0	2.0
4	6	7	-1.5043362306831218	0.9337525641628567	0.5813953488372093	41086.0	1381.0	1268.0	91.0	19.0	1254.0	109.0	22.0	84.0	4420.0	90.0	23.0	85.0	66.0	2.0
4	7	6	0.5850196452656585	0.2792672113558079	0.7812500000000001	41086.0	1268.0	1381.0	91.0	19.0	1254.0	84.0	23.0	109.0	4420.0	85.0	22.0	90.0	66.0	2.0
6	4	7	-99999.9	1.0	-0.6363636363636364	41086.0	1381.0	1254.0	109.0	22.0	1268.0	91.0	19.0	84.0	4420.0	90.0	23.0	66.0	85.0	2.0
4	6	8	-0.6349926336320892	0.7372834491122375	0.5555555555555556	41094.0	1373.0	1263.0	95.0	20.0	1255.0	103.0	27.0	93.0	4426.0	75.0	22.0	87.0	65.0	2.0
4	8	6	0.1587481584080219	0.43693363766297644	0.8333333333333334	41094.0	1263.0	1373.0	95.0	20.0	1255.0	93.0	22.0	103.0	4426.0	87.0	27.0	75.0	65.0	2.0
6	4	8	-99999.9	1.0	-0.3333333333333333	41094.0	1373.0	1255.0	103.0	27.0	1263.0	95.0	20.0	93.0	4426.0	75.0	22.0	65.0	87.0	2.0
4	6	9	-0.6780607018288438	0.7511334638691867	1.0055762081784387	39835.0	2632.0	1259.0	83.0	36.0	1243.0	92.0	50.0	1715.0	2676.0	203.0	71.0	50.0	49.0	6.0
4	9	6	-122.9550072649635	1.0	0.4986175115207373	39835.0	1259.0	2632.0	83.0	36.0	1243.0	1715.0	71.0	92.0	2676.0	50.0	50.0	203.0	49.0	6.0
6	4	9	0.6818207426892625	0.24767608581562384	0.9945155393053017	39835.0	2632.0	1243.0	92.0	50.0	1259.0	83.0	36.0	1715.0	2676.0	203.0	71.0	49.0	50.0	6.0
4	7	8	1.0968313592794463	0.13635760283547826	0.024590163934426233	41418.0	936.0	939.0	531.0	21.0	1285.0	55.0	21.0	67.0	4496.0	51.0	18.0	65.0	95.0	2.0
4	8	7	-99999.9	1.0	-0.02654867256637168	41418.0	939.0	936.0	531.0	21.0	1285.0	67.0	18.0	55.0	4496.0	65.0	21.0	51.0	95.0	2.0
7	4	8	-42.410812558805226	1.0	0.49361702127659574	41418.0	936.0	1285.0	55.0	21.0	939.0	531.0	21.0	67.0	4496.0	51.0	18.0	95.0	65.0	2.0
4	7	9	0.07980725057204939	0.46819521187361857	0.9993917274939172	39739.0	2615.0	1355.0	79.0	57.0	1232.0	78.0	51.0	1721.0	2686.0	207.0	76.0	54.0	48.0	2.0
4	9	7	-131.0435054393046	1.0	0.5001522070015221	39739.0	1355.0	2615.0	79.0	57.0	1232.0	1721.0	76.0	78.0	2686.0	54.0	51.0	207.0	48.0	2.0
7	4	9	-0.07975867646944924	0.5317854714555155	1.000609384521633	39739.0	2615.0	1232.0	78.0	51.0	1355.0	79.0	57.0	1721.0	2686.0	207.0	76.0	48.0	54.0	2.0
4	8	9	0.22312394607296882	0.41171956163344503	0.9981718464351006	39742.0	2615.0	1352.0	92.0	44.0	1231.0	89.0	50.0	1727.0	2682.0	207.0	71.0	47.0	47.0	4.0
4	9	8	-121.6025506097681	1.0	0.5004582951420715	39742.0	1352.0	2615.0	92.0	44.0	1231.0	1727.0	71.0	89.0	2682.0	47.0	50.0	207.0	47.0	4.0
8	4	9	-0.22271529415708424	0.588121410886315	1.0018382352941178	39742.0	2615.0	1231.0	89.0	50.0	1352.0	92.0	44.0	1727.0	2682.0	207.0	71.0	47.0	47.0	4.0
5	6	7	-0.9626750545150801	0.832144695227879	0.52	41072.0	1400.0	1271.0	84.0	19.0	1268.0	96.0	16.0	83.0	4429.0	91.0	21.0	85.0	64.0	1.0
5	7	6	0.08022292120959022	0.46802991342422584	0.9285714285714286	41072.0	1271.0	1400.0	84.0	19.0	1268.0	83.0	21.0	96.0	4429.0	85.0	16.0	91.0	64.0	1.0
6	5	7	-99999.9	1.0	-0.09090909090909091	41072.0	1400.0	1268.0	96.0	16.0	1271.0	84.0	19.0	83.0	4429.0	91.0	21.0	64.0	85.0	1.0
5	6	8	-0.16399357492453356	0.5651319039761474	0.22222222222222224	41087.0	1385.0	1263.0	88.0	23.0	1262.0	95.0	23.0	93.0	4436.0	74.0	22.0	87.0	62.0	0.0
5	8	6	-0.11713826780323837	0.5466248024996261	-0.6666666666666667	41087.0	1263.0	1385.0	88.0	23.0	1262.0	93.0	22.0	95.0	4436.0	87.0	23.0	74.0	62.0	0.0
6	5	8	0.4099839373113353	0.34090891026309533	0.41666666666666663	41087.0	1385.0	1262.0	95.0	23.0	1263.0	88.0	23.0	93.0	4436.0	74.0	22.0	62.0	87.0	0.0
5	6	9	-1.6723499682721716	0.9527723559647688	1.0138364779874214	39847.0	2625.0	1263.0	74.0	37.0	1231.0	96.0	53.0	1708.0	2696.0	199.0	74.0	51.0	38.0	8.0
5	9	6	-124.20999309803324	1.0	0.49661121380160195	39847.0	1263.0	2625.0	74.0	37.0	1231.0	1708.0	74.0	96.0	2696.0	51.0	53.0	199.0	38.0	8.0
6	5	9	1.6951736030748938	0.0450212183057489	0.9867149758454107	39847.0	2625.0	1231.0	96.0	53.0	1263.0	74.0	37.0	1708.0	2696.0	199.0	74.0	38.0	51.0	8.0
5	7	8	0.8683455085117151	0.19260256746277438	0.01844262295081967	41397.0	946.0	953.0	529.0	21.0	1306.0	50.0	16.0	59.0	4501.0	50.0	12.0	67.0	92.0	1.0
5	8	7	-99999.9	1.0	-0.019522776572668113	41397.0	953.0	946.0	529.0	21.0	1306.0	59.0	12.0	50.0	4501.0	67.0	16.0	50.0	92.0	1.0
7	5	8	-45.34693211116732	1.0	0.4952581664910432	41397.0	946.0	1306.0	50.0	16.0	953.0	529.0	21.0	59.0	4501.0	50.0	12.0	92.0	67.0	1.0
5	7	9	-0.802750907074657	0.7889406980859572	1.0062111801242235	39736.0	2607.0	1374.0	72.0	57.0	1235.0	82.0	55.0	1702.0	2705.0	203.0	76.0	56.0	36.0	4.0
5	9	7	-130.8483978531693	1.0	0.49846153846153846	39736.0	1374.0	2607.0	72.0	57.0	1235.0	1702.0	76.0	82.0	2705.0	56.0	55.0	203.0	36.0	4.0
7	5	9	0.8077061595874635	0.2096298201996052	0.9939024390243902	39736.0	2607.0	1235.0	82.0	55.0	1374.0	72.0	57.0	1702.0	2705.0	203.0	76.0	36.0	56.0	4.0
5	8	9	-0.6704490653190963	0.7487142831259014	1.0055796652200868	39745.0	2605.0	1365.0	85.0	46.0	1228.0	94.0	55.0	1716.0	2700.0	202.0	69.0	49.0	36.0	5.0
5	9	8	-121.50026950393851	1.0	0.4986166615431909	39745.0	1365.0	2605.0	85.0	46.0	1228.0	1716.0	69.0	94.0	2700.0	49.0	55.0	202.0	36.0	5.0
8	5	9	0.6741691896026178	0.2501018111716742	0.9945121951219512	39745.0	2605.0	1228.0	94.0	55.0	1365.0	85.0	46.0	1716.0	2700.0	202.0	69.0	36.0	49.0	5.0
6	7	8	0.3604586477167845	0.3592521504476849	0.008247422680412371	41400.0	940.0	949.0	541.0	22.0	1303.0	60.0	12.0	64.0	4462.0	51.0	11.0	64.0	119.0	2.0
6	8	7	-99999.9	1.0	-0.008456659619450317	41400.0	949.0	940.0	541.0	22.0	1303.0	64.0	11.0	60.0	4462.0	64.0	12.0	51.0	119.0	2.0
7	6	8	-42.98469374022656	1.0	0.4979123173277662	41400.0	940.0	1303.0	60.0	12.0	949.0	541.0	22.0	64.0	4462.0	51.0	11.0	119.0	64.0	2.0
6	7	9	0.9123384916800326	0.18079525424723064	0.9926784624771202	39720.0	2620.0	1358.0	93.0	61.0	1251.0	81.0	43.0	1708.0	2673.0	196.0	86.0	54.0	47.0	9.0
6	9	7	-122.78555533860434	1.0	0.5018507094386181	39720.0	1358.0	2620.0	93.0	61.0	1251.0	1708.0	86.0	81.0	2673.0	54.0	43.0	196.0	47.0	9.0
7	6	9	-0.905609504648588	0.8174287389921076	1.0074859638178415	39720.0	2620.0	1251.0	81.0	43.0	1358.0	93.0	61.0	1708.0	2673.0	196.0	86.0	47.0	54.0	9.0
6	8	9	1.159096608624629	0.12320846249515427	0.9902853673345476	39727.0	2622.0	1351.0	104.0	48.0	1246.0	88.0	44.0	1719.0	2671.0	196.0	80.0	49.0	46.0	9.0
6	9	8	-116.9963139330485	1.0	0.5024645717806531	39727.0	1351.0	2622.0	104.0	48.0	1246.0	1719.0	80.0	88.0	2671.0	49.0	44.0	196.0	46.0	9.0
8	6	9	-1.1477259490673057	0.8744590861663177	1.010006253908693	39727.0	2622.0	1246.0	88.0	44.0	1351.0	104.0	48.0	1719.0	2671.0	196.0	80.0	46.0	49.0	9.0
7	8	9	0.454853082883051	0.3246074919200893	0.9976269577598481	40049.0	2654.0	922.0	63.0	27.0	924.0	58.0	42.0	2160.0	2722.0	240.0	68.0	33.0	36.0	2.0
7	9	8	-190.76538296115163	1.0	0.5005953798523458	40049.0	922.0	2654.0	63.0	27.0	924.0	2160.0	68.0	58.0	2722.0	33.0	42.0	240.0	36.0	2.0
8	7	9	-0.4537711297839001	0.6750031940621986	1.0023900573613767	40049.0	2654.0	924.0	58.0	42.0	922.0	63.0	27.0	2160.0	2722.0	240.0	68.0	36.0	33.0	2.0
