P1	Hybrid	P2	Zscore	Pvalue	Gamma	AAAA	AAAB	AABA	AABB	AABC	ABAA	ABAB	ABAC	ABBA	BAAA	ABBC	CABC	BACA	BCAA	ABCD
1	2	3	-99999.9	1.0	-0.028901734104046242	21241.0	1198.0	1138.0	342.0	49.0	3742.0	164.0	126.0	159.0	1459.0	45.0	109.0	52.0	169.0	7.0
1	3	2	0.2818152513287989	0.38904265338637867	0.02659574468085106	21241.0	1138.0	1198.0	342.0	49.0	3742.0	159.0	109.0	164.0	1459.0	52.0	126.0	45.0	169.0	7.0
2	1	3	-10.032622947305251	1.0	0.5069252077562326	21241.0	1198.0	3742.0	164.0	126.0	1138.0	342.0	49.0	159.0	1459.0	45.0	109.0	169.0	52.0	7.0
1	2	4	0.05527622365759191	0.4779591332134101	0.005555555555555556	21224.0	1215.0	1137.0	343.0	49.0	3740.0	164.0	128.0	165.0	1452.0	46.0	108.0	50.0	172.0	7.0
1	4	2	-99999.9	1.0	-0.005649717514124294	21224.0	1137.0	1215.0	343.0	49.0	3740.0	165.0	108.0	164.0	1452.0	50.0	128.0	46.0	172.0	7.0
2	1	4	-9.83916781105142	1.0	0.49859943977591037	21224.0	1215.0	3740.0	164.0	128.0	1137.0	343.0	49.0	165.0	1452.0	46.0	108.0	172.0	50.0	7.0
1	2	5	0.2287510407884765	0.40953125489687947	0.020833333333333336	21225.0	1214.0	1130.0	342.0	57.0	3774.0	154.0	104.0	158.0	1459.0	46.0	106.0	46.0	179.0	6.0
1	5	2	-99999.9	1.0	-0.02222222222222222	21225.0	1130.0	1214.0	342.0	57.0	3774.0	158.0	106.0	154.0	1459.0	46.0	104.0	46.0	179.0	6.0
2	1	5	-10.522547876269917	1.0	0.4946236559139785	21225.0	1214.0	3774.0	154.0	104.0	1130.0	342.0	57.0	158.0	1459.0	46.0	106.0	179.0	46.0	6.0
1	2	6	1.152056293163936	0.1246490279391621	0.084070796460177	21282.0	1157.0	1139.0	344.0	46.0	3780.0	137.0	115.0	156.0	1460.0	47.0	107.0	51.0	171.0	8.0
1	6	2	-99999.9	1.0	-0.11242603550295857	21282.0	1139.0	1157.0	344.0	46.0	3780.0	156.0	107.0	137.0	1460.0	51.0	115.0	47.0	171.0	8.0
2	1	6	-11.399293848148426	1.0	0.4759493670886076	21282.0	1157.0	3780.0	137.0	115.0	1139.0	344.0	46.0	156.0	1460.0	47.0	107.0	171.0	51.0	8.0
1	2	7	0.8383476042106094	0.2009177035349291	0.06481481481481481	21271.0	1168.0	1139.0	343.0	47.0	3772.0	141.0	119.0	155.0	1459.0	49.0	107.0	50.0	172.0	8.0
1	7	2	-99999.9	1.0	-0.08045977011494253	21271.0	1139.0	1168.0	343.0	47.0	3772.0	155.0	107.0	141.0	1459.0	50.0	119.0	49.0	172.0	8.0
2	1	7	-11.257810685113904	1.0	0.4820512820512821	21271.0	1168.0	3772.0	141.0	119.0	1139.0	343.0	47.0	155.0	1459.0	49.0	107.0	172.0	50.0	8.0
1	2	8	0.9552300098657808	0.1697306886767076	0.07373271889400922	21271.0	1168.0	1139.0	343.0	47.0	3772.0	142.0	118.0	158.0	1454.0	51.0	108.0	50.0	173.0	6.0
1	8	2	-99999.9	1.0	-0.09467455621301776	21271.0	1139.0	1168.0	343.0	47.0	3772.0	158.0	108.0	142.0	1454.0	50.0	118.0	51.0	173.0	6.0
2	1	8	-11.044846989073084	1.0	0.47927461139896377	21271.0	1168.0	3772.0	142.0	118.0	1139.0	343.0	47.0	158.0	1454.0	51.0	108.0	173.0	50.0	6.0
1	2	9	-0.4153459768649825	0.6610556333063344	-0.5555555555555556	21091.0	1348.0	1317.0	165.0	47.0	3713.0	193.0	126.0	203.0	1412.0	48.0	131.0	51.0	151.0	4.0
1	9	2	-0.5636838257453332	0.7135153698887016	0.20833333333333334	21091.0	1317.0	1348.0	165.0	47.0	3713.0	203.0	131.0	193.0	1412.0	51.0	126.0	48.0	151.0	4.0
2	1	9	1.5783147120869347	0.05724667009774698	0.5757575757575758	21091.0	1348.0	3713.0	193.0	126.0	1317.0	165.0	47.0	203.0	1412.0	48.0	131.0	151.0	51.0	4.0
1	3	4	0.9990164523092049	0.15889337023624683	0.003364737550471063	22274.0	105.0	87.0	1491.0	11.0	3991.0	10.0	9.0	15.0	1654.0	6.0	7.0	2.0	338.0	0.0
1	4	3	-99999.9	1.0	-0.003399048266485384	22274.0	87.0	105.0	1491.0	11.0	3991.0	15.0	7.0	10.0	1654.0	2.0	9.0	6.0	338.0	0.0
3	1	4	-294.90965672167744	1.0	0.49915454852891444	22274.0	105.0	3991.0	10.0	9.0	87.0	1491.0	11.0	15.0	1654.0	6.0	7.0	338.0	2.0	0.0
1	3	5	0.48407938539836537	0.31416477252233044	0.01013024602026049	21602.0	777.0	753.0	786.0	50.0	3852.0	102.0	56.0	109.0	1530.0	36.0	77.0	27.0	240.0	3.0
1	5	3	-99999.9	1.0	-0.01044776119402985	21602.0	753.0	777.0	786.0	50.0	3852.0	109.0	77.0	102.0	1530.0	27.0	56.0	36.0	240.0	3.0
3	1	5	-46.81739198781336	1.0	0.49742836149889785	21602.0	777.0	3852.0	102.0	56.0	753.0	786.0	50.0	109.0	1530.0	36.0	77.0	240.0	27.0	3.0
1	3	6	1.5440968982021301	0.06128244678126438	0.03125	21651.0	728.0	770.0	775.0	44.0	3850.0	93.0	67.0	115.0	1524.0	36.0	78.0	31.0	233.0	5.0
1	6	3	-99999.9	1.0	-0.034482758620689655	21651.0	770.0	728.0	775.0	44.0	3850.0	115.0	78.0	93.0	1524.0	31.0	67.0	36.0	233.0	5.0
3	1	6	-46.32290694606391	1.0	0.4918032786885246	21651.0	728.0	3850.0	93.0	67.0	770.0	775.0	44.0	115.0	1524.0	36.0	78.0	233.0	31.0	5.0
1	3	7	1.3350259597004348	0.0909339899586179	0.02702702702702703	21649.0	730.0	761.0	778.0	50.0	3843.0	94.0	73.0	113.0	1524.0	38.0	78.0	32.0	231.0	6.0
1	7	3	-99999.9	1.0	-0.029411764705882353	21649.0	761.0	730.0	778.0	50.0	3843.0	113.0	78.0	94.0	1524.0	32.0	73.0	38.0	231.0	6.0
3	1	7	-46.72590858951521	1.0	0.4929577464788732	21649.0	730.0	3843.0	94.0	73.0	761.0	778.0	50.0	113.0	1524.0	38.0	78.0	231.0	32.0	6.0
1	3	8	1.5366987375347838	0.06218356913350753	0.031117397454031116	21648.0	731.0	762.0	779.0	48.0	3843.0	94.0	73.0	116.0	1520.0	39.0	79.0	32.0	231.0	5.0
1	8	3	-99999.9	1.0	-0.0343213728549142	21648.0	762.0	731.0	779.0	48.0	3843.0	116.0	79.0	94.0	1520.0	32.0	73.0	39.0	231.0	5.0
3	1	8	-46.31051195388915	1.0	0.49183976261127593	21648.0	731.0	3843.0	94.0	73.0	762.0	779.0	48.0	116.0	1520.0	39.0	79.0	231.0	32.0	5.0
1	3	9	-0.33228112615389804	0.6301614369456068	-0.5714285714285715	21041.0	1338.0	1367.0	170.0	52.0	3700.0	192.0	118.0	200.0	1418.0	57.0	147.0	46.0	150.0	4.0
1	9	3	-0.4531106265734974	0.674765434341904	0.2105263157894737	21041.0	1367.0	1338.0	170.0	52.0	3700.0	200.0	147.0	192.0	1418.0	46.0	118.0	57.0	150.0	4.0
3	1	9	1.2460542230771168	0.10637231297679794	0.576923076923077	21041.0	1338.0	3700.0	192.0	118.0	1367.0	170.0	52.0	200.0	1418.0	57.0	147.0	150.0	46.0	4.0
1	4	5	0.13688234545290373	0.4455618681253488	0.002932551319648094	21582.0	779.0	773.0	786.0	48.0	3851.0	106.0	56.0	108.0	1524.0	34.0	79.0	29.0	243.0	2.0
1	5	4	-99999.9	1.0	-0.0029585798816568047	21582.0	773.0	779.0	786.0	48.0	3851.0	108.0	79.0	106.0	1524.0	29.0	56.0	34.0	243.0	2.0
4	1	5	-46.40311510853432	1.0	0.4992636229749632	21582.0	779.0	3851.0	106.0	56.0	773.0	786.0	48.0	108.0	1524.0	34.0	79.0	243.0	29.0	2.0
1	4	6	1.1200357745831881	0.13134930842324932	0.02295552367288379	21631.0	730.0	790.0	777.0	40.0	3851.0	96.0	66.0	112.0	1519.0	35.0	80.0	33.0	236.0	4.0
1	6	4	-99999.9	1.0	-0.02465331278890601	21631.0	790.0	730.0	777.0	40.0	3851.0	112.0	80.0	96.0	1519.0	33.0	66.0	35.0	236.0	4.0
4	1	6	-46.55148688111375	1.0	0.49405646359583955	21631.0	730.0	3851.0	96.0	66.0	790.0	777.0	40.0	112.0	1519.0	35.0	80.0	236.0	33.0	4.0
1	4	7	0.974363175379917	0.16493812329697888	0.020086083213773316	21633.0	728.0	777.0	781.0	49.0	3842.0	98.0	73.0	112.0	1518.0	36.0	80.0	34.0	232.0	7.0
1	7	4	-99999.9	1.0	-0.021374045801526718	21633.0	777.0	728.0	781.0	49.0	3842.0	112.0	80.0	98.0	1518.0	34.0	73.0	36.0	232.0	7.0
4	1	7	-46.560640309226024	1.0	0.4948224852071006	21633.0	728.0	3842.0	98.0	73.0	777.0	781.0	49.0	112.0	1518.0	36.0	80.0	232.0	34.0	7.0
1	4	8	1.2434540722443355	0.10685034594455778	0.025641025641025637	21632.0	729.0	778.0	782.0	47.0	3841.0	98.0	74.0	116.0	1514.0	36.0	81.0	34.0	233.0	5.0
1	8	4	-99999.9	1.0	-0.027777777777777776	21632.0	778.0	729.0	782.0	47.0	3841.0	116.0	81.0	98.0	1514.0	34.0	74.0	36.0	233.0	5.0
4	1	8	-46.00780067304037	1.0	0.4933333333333333	21632.0	729.0	3841.0	98.0	74.0	778.0	782.0	47.0	116.0	1514.0	36.0	81.0	233.0	34.0	5.0
1	4	9	-0.09712955346355841	0.5386883030794261	-0.07142857142857142	21026.0	1335.0	1382.0	167.0	58.0	3700.0	197.0	116.0	199.0	1412.0	55.0	148.0	47.0	153.0	5.0
1	9	4	-0.10360485702779561	0.541258588284973	0.058823529411764705	21026.0	1382.0	1335.0	167.0	58.0	3700.0	199.0	148.0	197.0	1412.0	47.0	116.0	55.0	153.0	5.0
4	1	9	1.5540728554169432	0.0600835332717744	0.5161290322580646	21026.0	1335.0	3700.0	197.0	116.0	1382.0	167.0	58.0	199.0	1412.0	55.0	148.0	153.0	47.0	5.0
1	5	6	1.209836483089081	0.1131708878285329	0.021978021978021976	21653.0	702.0	768.0	793.0	52.0	3894.0	81.0	63.0	97.0	1531.0	31.0	52.0	36.0	243.0	4.0
1	6	5	-99999.9	1.0	-0.023529411764705882	21653.0	768.0	702.0	793.0	52.0	3894.0	97.0	52.0	81.0	1531.0	36.0	63.0	31.0	243.0	4.0
5	1	6	-52.62788701437503	1.0	0.4943181818181818	21653.0	702.0	3894.0	81.0	63.0	768.0	793.0	52.0	97.0	1531.0	31.0	52.0	243.0	36.0	4.0
1	5	7	0.9899467342785256	0.1611000834720011	0.017808219178082188	21647.0	708.0	763.0	798.0	52.0	3885.0	81.0	72.0	94.0	1532.0	33.0	55.0	37.0	239.0	4.0
1	7	5	-99999.9	1.0	-0.01881331403762663	21647.0	763.0	708.0	798.0	52.0	3885.0	94.0	55.0	81.0	1532.0	37.0	72.0	33.0	239.0	4.0
5	1	7	-53.60942314862171	1.0	0.4954257565095004	21647.0	708.0	3885.0	81.0	72.0	763.0	798.0	52.0	94.0	1532.0	33.0	55.0	239.0	37.0	4.0
1	5	8	1.2752462576806582	0.101111115292152	0.02312925170068027	21649.0	706.0	761.0	800.0	52.0	3883.0	82.0	73.0	99.0	1527.0	33.0	56.0	37.0	239.0	3.0
1	8	5	-99999.9	1.0	-0.024853801169590645	21649.0	761.0	706.0	800.0	52.0	3883.0	99.0	56.0	82.0	1527.0	37.0	73.0	33.0	239.0	3.0
5	1	8	-52.585154507890664	1.0	0.4940098661028894	21649.0	706.0	3883.0	82.0	73.0	761.0	800.0	52.0	99.0	1527.0	33.0	56.0	239.0	37.0	3.0
1	5	9	-0.14297227578505034	0.5568439849724593	-0.1875	21007.0	1348.0	1401.0	166.0	46.0	3734.0	185.0	119.0	188.0	1421.0	50.0	125.0	50.0	156.0	4.0
1	9	5	-0.16554684564584785	0.5657432130390265	0.12000000000000001	21007.0	1401.0	1348.0	166.0	46.0	3734.0	188.0	125.0	185.0	1421.0	50.0	119.0	50.0	156.0	4.0
5	1	9	1.0484633557570342	0.1472126162655919	0.5365853658536586	21007.0	1348.0	3734.0	185.0	119.0	1401.0	166.0	46.0	188.0	1421.0	50.0	125.0	156.0	50.0	4.0
1	6	7	-99999.9	1.0	-0.0018148820326678765	22041.0	380.0	369.0	1161.0	17.0	3941.0	57.0	45.0	55.0	1577.0	16.0	38.0	16.0	285.0	2.0
1	7	6	0.18906253691770342	0.4250219178670649	0.0018050541516245486	22041.0	369.0	380.0	1161.0	17.0	3941.0	55.0	38.0	57.0	1577.0	16.0	45.0	16.0	285.0	2.0
6	1	7	-104.36252037857246	1.0	0.5004524886877828	22041.0	380.0	3941.0	57.0	45.0	369.0	1161.0	17.0	55.0	1577.0	16.0	38.0	285.0	16.0	2.0
1	6	8	0.09284931073644004	0.46301157669108406	0.0	22044.0	377.0	366.0	1162.0	19.0	3940.0	58.0	45.0	58.0	1573.0	17.0	40.0	15.0	285.0	1.0
1	8	6	0.09284931073644004	0.46301157669108406	0.0	22044.0	366.0	377.0	1162.0	19.0	3940.0	58.0	40.0	58.0	1573.0	15.0	45.0	17.0	285.0	1.0
6	1	8	-102.45967253570566	1.0	0.5	22044.0	377.0	3940.0	58.0	45.0	366.0	1162.0	19.0	58.0	1573.0	17.0	40.0	285.0	15.0	1.0
1	6	9	-0.802262819013919	0.7887995869332961	0.3333333333333333	21063.0	1358.0	1345.0	162.0	40.0	3740.0	188.0	115.0	175.0	1419.0	54.0	132.0	49.0	155.0	5.0
1	9	6	-0.4011314095069595	0.6558382627987664	-inf	21063.0	1345.0	1358.0	162.0	40.0	3740.0	175.0	132.0	188.0	1419.0	49.0	115.0	54.0	155.0	5.0
6	1	9	0.802262819013919	0.2112004130667039	0.3333333333333333	21063.0	1358.0	3740.0	188.0	115.0	1345.0	162.0	40.0	175.0	1419.0	54.0	132.0	155.0	49.0	5.0
1	7	8	0.7553202164303635	0.2250283683323271	0.0027303754266211604	22327.0	83.0	83.0	1473.0	2.0	4009.0	12.0	13.0	16.0	1628.0	6.0	13.0	6.0	328.0	1.0
1	8	7	-99999.9	1.0	-0.0027529249827942187	22327.0	83.0	83.0	1473.0	2.0	4009.0	16.0	13.0	12.0	1628.0	6.0	13.0	6.0	328.0	1.0
7	1	8	-275.12538883475935	1.0	0.4993145990404387	22327.0	83.0	4009.0	12.0	13.0	83.0	1473.0	2.0	16.0	1628.0	6.0	13.0	328.0	6.0	1.0
1	7	9	-0.5517532995289977	0.7094413342233186	0.32142857142857145	21061.0	1349.0	1347.0	167.0	44.0	3728.0	186.0	120.0	177.0	1421.0	52.0	142.0	49.0	151.0	6.0
1	9	7	-0.2903964734363145	0.6142434622761264	-9.000000000000002	21061.0	1347.0	1349.0	167.0	44.0	3728.0	177.0	142.0	186.0	1421.0	49.0	120.0	52.0	151.0	6.0
7	1	9	0.6130592216988858	0.26991853863258	0.3448275862068966	21061.0	1349.0	3728.0	186.0	120.0	1347.0	167.0	44.0	177.0	1421.0	52.0	142.0	151.0	49.0	6.0
1	8	9	-0.8631192067843806	0.8059640778970472	0.358974358974359	21059.0	1351.0	1349.0	164.0	45.0	3729.0	189.0	120.0	175.0	1418.0	53.0	143.0	49.0	153.0	3.0
1	9	8	-0.37977245098512774	0.6479427761332845	4.666666666666667	21059.0	1349.0	1351.0	164.0	45.0	3729.0	175.0	143.0	189.0	1418.0	49.0	120.0	53.0	153.0	3.0
8	1	9	0.6781650910448715	0.24883344485492165	0.3055555555555556	21059.0	1351.0	3729.0	189.0	120.0	1349.0	164.0	45.0	175.0	1418.0	53.0	143.0	153.0	49.0	3.0
2	3	4	0.7259879893820008	0.23392299744874634	0.0021723388848660387	24868.0	115.0	96.0	1385.0	7.0	1397.0	7.0	2.0	10.0	1954.0	6.0	3.0	6.0	144.0	0.0
2	4	3	-99999.9	1.0	-0.002186588921282799	24868.0	96.0	115.0	1385.0	7.0	1397.0	10.0	3.0	7.0	1954.0	6.0	2.0	6.0	144.0	0.0
3	2	4	-332.744495133418	1.0	0.4994551398474392	24868.0	115.0	1397.0	7.0	2.0	96.0	1385.0	7.0	10.0	1954.0	6.0	3.0	144.0	6.0	0.0
2	3	5	-99999.9	1.0	-0.007677543186180422	24136.0	847.0	863.0	581.0	44.0	1318.0	56.0	32.0	52.0	1886.0	32.0	24.0	38.0	89.0	2.0
2	5	3	0.3860654029356376	0.34972417058546146	0.0075046904315197	24136.0	863.0	847.0	581.0	44.0	1318.0	52.0	24.0	56.0	1886.0	38.0	32.0	32.0	89.0	2.0
3	2	5	-50.67108413530249	1.0	0.5018975332068312	24136.0	847.0	1318.0	56.0	32.0	863.0	581.0	44.0	52.0	1886.0	32.0	24.0	89.0	38.0	2.0
2	3	6	-99999.9	1.0	-0.00992063492063492	24181.0	802.0	881.0	571.0	36.0	1320.0	62.0	24.0	57.0	1875.0	38.0	25.0	38.0	86.0	4.0
2	6	3	0.46019077093096755	0.32268966744513494	0.009633911368015415	24181.0	881.0	802.0	571.0	36.0	1320.0	57.0	25.0	62.0	1875.0	38.0	24.0	38.0	86.0	4.0
3	2	6	-46.84742048077255	1.0	0.5024437927663734	24181.0	802.0	1320.0	62.0	24.0	881.0	571.0	36.0	57.0	1875.0	38.0	25.0	86.0	38.0	4.0
2	3	7	-99999.9	1.0	-0.017892644135188866	24166.0	817.0	877.0	569.0	42.0	1326.0	57.0	23.0	48.0	1880.0	42.0	27.0	37.0	84.0	5.0
2	7	3	0.8841219758929162	0.18831515064486393	0.016981132075471698	24166.0	877.0	817.0	569.0	42.0	1326.0	48.0	27.0	57.0	1880.0	37.0	23.0	42.0	84.0	5.0
3	2	7	-50.29671685079705	1.0	0.5043562439496612	24166.0	817.0	1326.0	57.0	23.0	877.0	569.0	42.0	48.0	1880.0	42.0	27.0	84.0	37.0	5.0
2	3	8	-99999.9	1.0	-0.005870841487279843	24165.0	818.0	878.0	570.0	40.0	1326.0	56.0	24.0	53.0	1876.0	41.0	26.0	38.0	84.0	5.0
2	8	3	0.2880021646564062	0.38667260751094346	0.0057692307692307696	24165.0	878.0	818.0	570.0	40.0	1326.0	53.0	26.0	56.0	1876.0	38.0	24.0	41.0	84.0	5.0
3	2	8	-49.344370877797694	1.0	0.501454898157129	24165.0	818.0	1326.0	56.0	24.0	878.0	570.0	40.0	53.0	1876.0	41.0	26.0	84.0	38.0	5.0
2	3	9	1.0521826144024704	0.14635791631901274	0.9421487603305785	23459.0	1524.0	1345.0	100.0	43.0	1282.0	86.0	38.0	314.0	1593.0	63.0	55.0	49.0	45.0	4.0
2	9	3	-16.083362820152054	1.0	0.5158371040723981	23459.0	1345.0	1524.0	100.0	43.0	1282.0	314.0	55.0	86.0	1593.0	49.0	38.0	63.0	45.0	4.0
3	2	9	-0.9875749100093365	0.8383195553961014	1.07	23459.0	1524.0	1282.0	86.0	38.0	1345.0	100.0	43.0	314.0	1593.0	63.0	55.0	45.0	49.0	4.0
2	4	5	-99999.9	1.0	-0.015594541910331383	24117.0	847.0	882.0	582.0	43.0	1316.0	61.0	33.0	53.0	1882.0	32.0	25.0	37.0	89.0	1.0
2	5	4	0.753775981364012	0.2254918067995142	0.014897579143389201	24117.0	882.0	847.0	582.0	43.0	1316.0	53.0	25.0	61.0	1882.0	37.0	33.0	32.0	89.0	1.0
4	2	5	-49.089660786331315	1.0	0.5038095238095238	24117.0	847.0	1316.0	61.0	33.0	882.0	582.0	43.0	53.0	1882.0	32.0	25.0	89.0	37.0	1.0
2	4	6	-99999.9	1.0	-0.015968063872255488	24163.0	801.0	899.0	575.0	33.0	1319.0	66.0	25.0	58.0	1871.0	38.0	25.0	38.0	86.0	3.0
2	6	4	0.7229389071632167	0.23485863997490775	0.01523809523809524	24163.0	899.0	801.0	575.0	33.0	1319.0	58.0	25.0	66.0	1871.0	38.0	25.0	38.0	86.0	3.0
4	2	6	-45.99698796825969	1.0	0.503898635477583	24163.0	801.0	1319.0	66.0	25.0	899.0	575.0	33.0	58.0	1871.0	38.0	25.0	86.0	38.0	3.0
2	4	7	-99999.9	1.0	-0.02404809619238477	24152.0	812.0	891.0	574.0	42.0	1323.0	63.0	24.0	51.0	1873.0	43.0	27.0	38.0	84.0	3.0
2	7	4	1.1334560765143966	0.12851144126089498	0.022429906542056077	24152.0	891.0	812.0	574.0	42.0	1323.0	51.0	27.0	63.0	1873.0	38.0	24.0	43.0	84.0	3.0
4	2	7	-48.26633792490471	1.0	0.5058027079303674	24152.0	812.0	1323.0	63.0	24.0	891.0	574.0	42.0	51.0	1873.0	43.0	27.0	84.0	38.0	3.0
2	4	8	-99999.9	1.0	-0.011834319526627219	24150.0	814.0	893.0	575.0	39.0	1323.0	62.0	25.0	56.0	1870.0	41.0	26.0	38.0	84.0	4.0
2	8	4	0.5549649526901704	0.2894592870977566	0.011428571428571427	24150.0	893.0	814.0	575.0	39.0	1323.0	56.0	26.0	62.0	1870.0	38.0	25.0	41.0	84.0	4.0
4	2	8	-47.449503455009605	1.0	0.502906976744186	24150.0	814.0	1323.0	62.0	25.0	893.0	575.0	39.0	56.0	1870.0	41.0	26.0	84.0	38.0	4.0
2	4	9	0.5926599582590548	0.27670432668957945	0.9656652360515021	23443.0	1521.0	1361.0	98.0	48.0	1283.0	90.0	37.0	315.0	1589.0	63.0	53.0	49.0	45.0	5.0
2	9	4	-16.07590136777686	1.0	0.5090497737556562	23443.0	1361.0	1521.0	98.0	48.0	1283.0	315.0	53.0	90.0	1589.0	49.0	37.0	63.0	45.0	5.0
4	2	9	-0.5715876041876218	0.7161993391589285	1.0382775119617225	23443.0	1521.0	1283.0	90.0	37.0	1361.0	98.0	48.0	315.0	1589.0	63.0	53.0	45.0	49.0	5.0
2	5	6	-99999.9	1.0	-0.001869158878504673	24232.0	767.0	830.0	593.0	49.0	1315.0	57.0	22.0	56.0	1885.0	39.0	31.0	33.0	89.0	2.0
2	6	5	0.09411644920899846	0.46250826633893594	0.001858736059479554	24232.0	830.0	767.0	593.0	49.0	1315.0	56.0	31.0	57.0	1885.0	33.0	22.0	39.0	89.0	2.0
5	2	6	-50.44641677602316	1.0	0.5004659832246039	24232.0	767.0	1315.0	57.0	22.0	830.0	593.0	49.0	56.0	1885.0	39.0	31.0	89.0	33.0	2.0
2	5	7	-99999.9	1.0	-0.009345794392523364	24211.0	788.0	832.0	593.0	47.0	1321.0	53.0	20.0	48.0	1888.0	44.0	32.0	33.0	88.0	2.0
2	7	5	0.49932061538272177	0.3087767660195516	0.009090909090909092	24211.0	832.0	788.0	593.0	47.0	1321.0	48.0	32.0	53.0	1888.0	33.0	20.0	44.0	88.0	2.0
5	2	7	-53.926626461333875	1.0	0.5023041474654377	24211.0	788.0	1321.0	53.0	20.0	832.0	593.0	47.0	48.0	1888.0	44.0	32.0	88.0	33.0	2.0
2	5	8	0.09763195961907298	0.4611122142569314	0.0018450184501845018	24211.0	788.0	832.0	593.0	47.0	1321.0	52.0	21.0	53.0	1885.0	42.0	31.0	33.0	88.0	3.0
2	8	5	-99999.9	1.0	-0.0018552875695732839	24211.0	832.0	788.0	593.0	47.0	1321.0	53.0	31.0	52.0	1885.0	33.0	21.0	42.0	88.0	3.0
5	2	8	-52.721258194299374	1.0	0.49953746530989823	24211.0	788.0	1321.0	52.0	21.0	832.0	593.0	47.0	53.0	1885.0	42.0	31.0	88.0	33.0	3.0
2	5	9	1.1197010525867426	0.1314206377788416	0.9387755102040816	23470.0	1529.0	1334.0	102.0	36.0	1271.0	87.0	36.0	317.0	1597.0	66.0	63.0	44.0	44.0	4.0
2	9	5	-16.04904842040998	1.0	0.5168539325842696	23470.0	1334.0	1529.0	102.0	36.0	1271.0	317.0	63.0	87.0	1597.0	44.0	36.0	66.0	44.0	4.0
5	2	9	-1.046677070896303	0.8523757016011053	1.075	23470.0	1529.0	1271.0	87.0	36.0	1334.0	102.0	36.0	317.0	1597.0	66.0	63.0	44.0	44.0	4.0
2	6	7	-99999.9	1.0	-0.0031880977683315624	24628.0	434.0	415.0	982.0	12.0	1354.0	38.0	10.0	35.0	1920.0	20.0	12.0	16.0	121.0	3.0
2	7	6	0.35139277546215736	0.36264691568539065	0.0031578947368421056	24628.0	415.0	434.0	982.0	12.0	1354.0	35.0	12.0	38.0	1920.0	16.0	10.0	20.0	121.0	3.0
6	2	7	-110.57159334542546	1.0	0.5007932310946589	24628.0	434.0	1354.0	38.0	10.0	415.0	982.0	12.0	35.0	1920.0	20.0	12.0	121.0	16.0	3.0
2	6	8	0.3421594967767247	0.3661154988627805	0.0031645569620253164	24630.0	432.0	413.0	982.0	14.0	1354.0	37.0	11.0	40.0	1917.0	18.0	11.0	16.0	121.0	4.0
2	8	6	-99999.9	1.0	-0.0031948881789137383	24630.0	413.0	432.0	982.0	14.0	1354.0	40.0	11.0	37.0	1917.0	16.0	11.0	18.0	121.0	4.0
6	2	8	-107.43808198789162	1.0	0.49920508744038156	24630.0	432.0	1354.0	37.0	11.0	413.0	982.0	14.0	40.0	1917.0	18.0	11.0	121.0	16.0	4.0
2	6	9	0.8387415839491723	0.2008071188752092	0.9545454545454546	23524.0	1538.0	1280.0	95.0	34.0	1279.0	84.0	39.0	315.0	1598.0	62.0	57.0	46.0	43.0	6.0
2	9	6	-16.774831678983453	1.0	0.5121951219512195	23524.0	1280.0	1538.0	95.0	34.0	1279.0	315.0	57.0	84.0	1598.0	46.0	39.0	62.0	43.0	6.0
6	2	9	-0.7988015085230213	0.7877973024005447	1.0526315789473684	23524.0	1538.0	1279.0	84.0	39.0	1280.0	95.0	34.0	315.0	1598.0	62.0	57.0	43.0	46.0	6.0
2	7	8	2.105879817759987	0.017607334793442564	0.004518072289156626	24940.0	103.0	103.0	1323.0	2.0	1396.0	1.0	4.0	7.0	1962.0	5.0	2.0	7.0	144.0	1.0
2	8	7	-99999.9	1.0	-0.004580152671755725	24940.0	103.0	103.0	1323.0	2.0	1396.0	7.0	2.0	1.0	1962.0	7.0	4.0	5.0	144.0	1.0
7	2	8	-461.88964002869716	1.0	0.4988627748294162	24940.0	103.0	1396.0	1.0	4.0	103.0	1323.0	2.0	7.0	1962.0	5.0	2.0	144.0	7.0	1.0
2	7	9	1.3133431062293621	0.09453374662158287	0.9322709163346613	23507.0	1536.0	1297.0	97.0	34.0	1282.0	80.0	39.0	314.0	1599.0	61.0	55.0	49.0	43.0	7.0
2	9	7	-16.764438473633618	1.0	0.5188470066518847	23507.0	1297.0	1536.0	97.0	34.0	1282.0	314.0	55.0	80.0	1599.0	49.0	39.0	61.0	43.0	7.0
7	2	9	-1.2179292908195365	0.8883745112263464	1.085	23507.0	1536.0	1282.0	80.0	39.0	1297.0	97.0	34.0	314.0	1599.0	61.0	55.0	43.0	49.0	7.0
2	8	9	0.8390301009078428	0.20072615933302496	0.9537815126050421	23506.0	1537.0	1298.0	95.0	35.0	1282.0	84.0	39.0	311.0	1597.0	62.0	58.0	47.0	43.0	6.0
2	9	8	-16.475500163281286	1.0	0.5124153498871332	23506.0	1298.0	1537.0	95.0	35.0	1282.0	311.0	58.0	84.0	1597.0	47.0	39.0	62.0	43.0	6.0
8	2	9	-0.7983722546083438	0.7876728107267754	1.053658536585366	23506.0	1537.0	1282.0	84.0	39.0	1298.0	95.0	35.0	311.0	1597.0	62.0	58.0	43.0	47.0	6.0
3	4	5	-1.6798134546838661	0.9535032156624008	1.0085365853658537	25338.0	927.0	116.0	5.0	3.0	95.0	12.0	2.0	839.0	2539.0	105.0	5.0	5.0	9.0	0.0
3	5	4	-200.1377744580492	1.0	0.49789283564118003	25338.0	116.0	927.0	5.0	3.0	95.0	839.0	5.0	12.0	2539.0	5.0	2.0	105.0	9.0	0.0
4	3	5	1.6940319482543462	0.04512957832712994	0.9916765755053508	25338.0	927.0	95.0	12.0	2.0	116.0	5.0	3.0	839.0	2539.0	105.0	5.0	9.0	5.0	0.0
3	4	6	-0.8980138331482821	0.8154109426221262	1.0035294117647058	25383.0	882.0	118.0	4.0	2.0	99.0	7.0	3.0	860.0	2519.0	104.0	4.0	6.0	9.0	0.0
3	6	4	-256.23328039164494	1.0	0.49912229373902867	25383.0	118.0	882.0	4.0	2.0	99.0	860.0	4.0	7.0	2519.0	6.0	3.0	104.0	9.0	0.0
4	3	6	0.9011721467466934	0.18374837013335354	0.9965075669383003	25383.0	882.0	99.0	7.0	3.0	118.0	4.0	2.0	860.0	2519.0	104.0	4.0	9.0	6.0	0.0
3	4	7	-1.1453861101594327	0.8739753195908627	1.004778972520908	25376.0	889.0	116.0	4.0	4.0	99.0	8.0	2.0	849.0	2519.0	115.0	4.0	6.0	8.0	1.0
3	7	4	-241.96281577117753	1.0	0.4988137603795967	25376.0	116.0	889.0	4.0	4.0	99.0	849.0	4.0	8.0	2519.0	6.0	2.0	115.0	8.0	1.0
4	3	7	1.150833844333794	0.12490035597027849	0.9952885747938751	25376.0	889.0	99.0	8.0	2.0	116.0	4.0	4.0	849.0	2519.0	115.0	4.0	8.0	6.0	1.0
3	4	8	-1.1454181534263321	0.8739819533689445	1.0047449584816133	25375.0	890.0	116.0	4.0	4.0	98.0	8.0	3.0	855.0	2516.0	112.0	4.0	6.0	9.0	0.0
3	8	4	-243.6877121414513	1.0	0.4988221436984688	25375.0	116.0	890.0	4.0	4.0	98.0	855.0	4.0	8.0	2516.0	6.0	3.0	112.0	9.0	0.0
4	3	8	1.150827448129644	0.12490167192127077	0.9953216374269006	25375.0	890.0	98.0	8.0	3.0	116.0	4.0	4.0	855.0	2516.0	112.0	4.0	9.0	6.0	0.0
3	4	9	-1.37764046916103	0.9158427814148044	1.0031407035175879	24628.0	1637.0	113.0	4.0	7.0	98.0	9.0	2.0	1606.0	1724.0	153.0	10.0	5.0	4.0	0.0
3	9	4	-441.3960063191995	1.0	0.4992185057830572	24628.0	113.0	1637.0	4.0	7.0	98.0	1606.0	10.0	9.0	1724.0	5.0	2.0	153.0	4.0	0.0
4	3	9	1.3819536829029242	0.08349301953762522	0.9968886123210952	24628.0	1637.0	98.0	9.0	2.0	113.0	4.0	7.0	1606.0	1724.0	153.0	10.0	4.0	5.0	0.0
3	5	6	1.455057845868759	0.07282666589141196	0.30434782608695654	24665.0	789.0	836.0	80.0	19.0	882.0	48.0	9.0	62.0	2437.0	57.0	19.0	47.0	50.0	0.0
3	6	5	-99999.9	1.0	-3.5000000000000004	24665.0	836.0	789.0	80.0	19.0	882.0	62.0	19.0	48.0	2437.0	47.0	9.0	57.0	50.0	0.0
5	3	6	-1.8707886589741205	0.9693128729071661	0.36	24665.0	789.0	882.0	48.0	9.0	836.0	80.0	19.0	62.0	2437.0	57.0	19.0	50.0	47.0	0.0
3	5	7	0.8560373806142925	0.1959885070695555	0.18604651162790695	24653.0	801.0	839.0	82.0	14.0	879.0	47.0	13.0	55.0	2438.0	63.0	18.0	48.0	49.0	1.0
3	7	5	-99999.9	1.0	-0.42105263157894735	24653.0	839.0	801.0	82.0	14.0	879.0	55.0	18.0	47.0	2438.0	48.0	13.0	63.0	49.0	1.0
5	3	7	-2.8891261595732387	0.9980683633280388	0.435483870967742	24653.0	801.0	879.0	47.0	13.0	839.0	82.0	14.0	55.0	2438.0	63.0	18.0	49.0	48.0	1.0
3	5	8	1.1721759517109738	0.12056327146604207	0.24444444444444446	24651.0	803.0	840.0	81.0	14.0	881.0	47.0	11.0	58.0	2435.0	63.0	18.0	48.0	50.0	0.0
3	8	5	-99999.9	1.0	-0.9166666666666667	24651.0	840.0	803.0	81.0	14.0	881.0	58.0	18.0	47.0	2435.0	48.0	11.0	63.0	50.0	0.0
5	3	8	-2.4509133535774916	0.9928752831166835	0.4035087719298246	24651.0	803.0	881.0	47.0	11.0	840.0	81.0	14.0	58.0	2435.0	63.0	18.0	50.0	48.0	0.0
3	5	9	0.5494465565796187	0.29134948894058144	0.9921156373193167	23883.0	1571.0	858.0	63.0	14.0	858.0	57.0	24.0	812.0	1647.0	97.0	44.0	34.0	33.0	5.0
3	9	5	-68.58924514635574	1.0	0.5019946808510638	23883.0	858.0	1571.0	63.0	14.0	858.0	812.0	44.0	57.0	1647.0	34.0	24.0	97.0	33.0	5.0
5	3	9	-0.5450800938783237	0.7071508082466336	1.0080753701211305	23883.0	1571.0	858.0	57.0	24.0	858.0	63.0	14.0	812.0	1647.0	97.0	44.0	33.0	34.0	5.0
3	6	7	-99999.9	1.0	-0.009615384615384616	25068.0	433.0	424.0	458.0	6.0	914.0	38.0	11.0	34.0	2475.0	23.0	4.0	20.0	90.0	2.0
3	7	6	0.47304547119491214	0.31809038238289156	0.009345794392523364	25068.0	424.0	433.0	458.0	6.0	914.0	34.0	4.0	38.0	2475.0	20.0	11.0	23.0	90.0	2.0
6	3	7	-49.66977447546575	1.0	0.5023696682464455	25068.0	433.0	914.0	38.0	11.0	424.0	458.0	6.0	34.0	2475.0	23.0	4.0	90.0	20.0	2.0
3	6	8	-99999.9	1.0	-0.002392344497607656	25068.0	433.0	423.0	457.0	8.0	916.0	38.0	9.0	37.0	2472.0	23.0	4.0	20.0	91.0	1.0
3	8	6	0.11552677411829859	0.45401375362778196	0.0023752969121140144	25068.0	423.0	433.0	457.0	8.0	916.0	37.0	4.0	38.0	2472.0	20.0	9.0	23.0	91.0	1.0
6	3	8	-48.405718355567075	1.0	0.500595947556615	25068.0	433.0	916.0	38.0	9.0	423.0	457.0	8.0	37.0	2472.0	23.0	4.0	91.0	20.0	1.0
3	6	9	-0.1764582572533821	0.5700330241393802	1.0027434842249656	23932.0	1569.0	809.0	63.0	16.0	871.0	65.0	27.0	796.0	1640.0	96.0	47.0	33.0	33.0	3.0
3	9	6	-64.67195128336459	1.0	0.4993169398907104	23932.0	809.0	1569.0	63.0	16.0	871.0	796.0	47.0	65.0	1640.0	33.0	27.0	96.0	33.0	3.0
6	3	9	0.17694104318293993	0.42977735601370726	0.9972789115646259	23932.0	1569.0	871.0	65.0	27.0	809.0	63.0	16.0	796.0	1640.0	96.0	47.0	33.0	33.0	3.0
3	7	8	1.1262065919875448	0.13003909320239782	0.003783102143757881	25388.0	104.0	103.0	792.0	2.0	948.0	2.0	2.0	5.0	2522.0	6.0	4.0	6.0	115.0	1.0
3	8	7	-99999.9	1.0	-0.0038265306122448983	25388.0	103.0	104.0	792.0	2.0	948.0	5.0	4.0	2.0	2522.0	6.0	2.0	6.0	115.0	1.0
7	3	8	-295.4415292980677	1.0	0.4990488268864933	25388.0	104.0	948.0	2.0	2.0	103.0	792.0	2.0	5.0	2522.0	6.0	4.0	115.0	6.0	1.0
3	7	9	0.45204892559684756	0.32561689265627924	0.9932795698924731	23923.0	1569.0	818.0	64.0	15.0	866.0	59.0	27.0	798.0	1643.0	92.0	50.0	36.0	32.0	8.0
3	9	7	-66.3607822776173	1.0	0.5016972165648337	23923.0	818.0	1569.0	64.0	15.0	866.0	798.0	50.0	59.0	1643.0	36.0	27.0	92.0	32.0	8.0
7	3	9	-0.4489904078323222	0.6732806859458572	1.0068587105624143	23923.0	1569.0	866.0	59.0	27.0	818.0	64.0	15.0	798.0	1643.0	92.0	50.0	32.0	36.0	8.0
3	8	9	-0.08934515079201741	0.5355962568364063	1.0013623978201636	23921.0	1570.0	820.0	62.0	16.0	867.0	63.0	27.0	798.0	1640.0	92.0	49.0	35.0	33.0	7.0
3	9	8	-65.75803098292435	1.0	0.4996600951733514	23921.0	820.0	1570.0	62.0	16.0	867.0	798.0	49.0	63.0	1640.0	35.0	27.0	92.0	33.0	7.0
8	3	9	0.08946670882030587	0.4643554420176339	0.9986431478968792	23921.0	1570.0	867.0	63.0	27.0	820.0	62.0	16.0	798.0	1640.0	92.0	49.0	33.0	35.0	7.0
4	5	6	1.169327078586258	0.12113599893643612	0.23404255319148937	24643.0	790.0	839.0	83.0	19.0	904.0	47.0	9.0	58.0	2438.0	57.0	20.0	47.0	46.0	0.0
4	6	5	-99999.9	1.0	-0.7857142857142857	24643.0	839.0	790.0	83.0	19.0	904.0	58.0	20.0	47.0	2438.0	47.0	9.0	57.0	46.0	0.0
5	4	6	-2.657561542241496	0.9960645457232101	0.4098360655737705	24643.0	790.0	904.0	47.0	9.0	839.0	83.0	19.0	58.0	2438.0	57.0	20.0	46.0	47.0	0.0
4	5	7	0.6359906888464798	0.26239118641794135	0.13043478260869565	24635.0	798.0	840.0	87.0	14.0	897.0	47.0	16.0	53.0	2436.0	64.0	19.0	48.0	46.0	0.0
4	7	5	-99999.9	1.0	-0.2142857142857143	24635.0	840.0	798.0	87.0	14.0	897.0	53.0	19.0	47.0	2436.0	48.0	16.0	64.0	46.0	0.0
5	4	7	-3.6039472367967162	0.9998432527904263	0.45945945945945943	24635.0	798.0	897.0	47.0	16.0	840.0	87.0	14.0	53.0	2436.0	64.0	19.0	46.0	48.0	0.0
4	5	8	0.9568363591494264	0.1693249215086684	0.1875	24632.0	801.0	841.0	86.0	14.0	900.0	47.0	13.0	56.0	2434.0	63.0	19.0	48.0	46.0	0.0
4	8	5	-99999.9	1.0	-0.4285714285714286	24632.0	841.0	801.0	86.0	14.0	900.0	56.0	19.0	47.0	2434.0	48.0	13.0	63.0	46.0	0.0
5	4	8	-3.1894545304980895	0.9992872275093243	0.4347826086956522	24632.0	801.0	900.0	47.0	13.0	841.0	86.0	14.0	56.0	2434.0	63.0	19.0	46.0	48.0	0.0
4	5	9	1.101865100898632	0.13526020620317425	0.9844155844155845	23866.0	1567.0	860.0	66.0	15.0	875.0	54.0	31.0	812.0	1644.0	97.0	42.0	34.0	33.0	4.0
4	9	5	-68.49928043919829	1.0	0.5039893617021277	23866.0	860.0	1567.0	66.0	15.0	875.0	812.0	42.0	54.0	1644.0	34.0	31.0	97.0	33.0	4.0
5	4	9	-1.0844213262142208	0.8609109442223062	1.0163487738419619	23866.0	1567.0	875.0	54.0	31.0	860.0	66.0	15.0	812.0	1644.0	97.0	42.0	33.0	34.0	4.0
4	6	7	-99999.9	1.0	-0.007109004739336493	25052.0	430.0	423.0	463.0	6.0	930.0	38.0	14.0	35.0	2473.0	24.0	4.0	20.0	87.0	1.0
4	7	6	0.3520091186071902	0.3624157767209797	0.0069605568445475635	25052.0	423.0	430.0	463.0	6.0	930.0	35.0	4.0	38.0	2473.0	20.0	14.0	24.0	87.0	1.0
6	4	7	-49.86795846935193	1.0	0.5017584994138335	25052.0	430.0	930.0	38.0	14.0	423.0	463.0	6.0	35.0	2473.0	24.0	4.0	87.0	20.0	1.0
4	6	8	0.11476550825313264	0.45431544751030684	0.0	25051.0	431.0	422.0	462.0	8.0	933.0	38.0	11.0	38.0	2471.0	23.0	4.0	20.0	87.0	1.0
4	8	6	0.11476550825313264	0.45431544751030684	0.0	25051.0	422.0	431.0	462.0	8.0	933.0	38.0	4.0	38.0	2471.0	20.0	11.0	23.0	87.0	1.0
6	4	8	-48.604169664795236	1.0	0.5	25051.0	431.0	933.0	38.0	11.0	422.0	462.0	8.0	38.0	2471.0	23.0	4.0	87.0	20.0	1.0
4	6	9	0.26661757468875513	0.39488187268415753	0.995945945945946	23916.0	1566.0	810.0	65.0	17.0	887.0	62.0	33.0	799.0	1637.0	96.0	43.0	33.0	34.0	2.0
4	9	6	-65.2324332738486	1.0	0.5010197144799456	23916.0	810.0	1566.0	65.0	17.0	887.0	799.0	43.0	62.0	1637.0	33.0	33.0	96.0	34.0	2.0
6	4	9	-0.26553229283791896	0.6047002208514536	1.0041039671682626	23916.0	1566.0	887.0	62.0	33.0	810.0	65.0	17.0	799.0	1637.0	96.0	43.0	34.0	33.0	2.0
4	7	8	1.1262053733676018	0.13003935104895037	0.003768844221105527	25371.0	104.0	102.0	795.0	2.0	965.0	2.0	2.0	5.0	2520.0	6.0	5.0	7.0	114.0	0.0
4	8	7	-99999.9	1.0	-0.003811944091486658	25371.0	102.0	104.0	795.0	2.0	965.0	5.0	5.0	2.0	2520.0	7.0	2.0	6.0	114.0	0.0
7	4	8	-296.5674149867981	1.0	0.4990524320909665	25371.0	104.0	965.0	2.0	2.0	102.0	795.0	2.0	5.0	2520.0	6.0	5.0	114.0	7.0	0.0
4	7	9	0.8955207558989665	0.1852543568724403	0.986737400530504	23911.0	1564.0	815.0	68.0	16.0	878.0	58.0	33.0	802.0	1637.0	92.0	49.0	37.0	34.0	6.0
4	9	7	-65.73122348298413	1.0	0.503382949932341	23911.0	815.0	1564.0	68.0	16.0	878.0	802.0	49.0	58.0	1637.0	37.0	33.0	92.0	34.0	6.0
7	4	9	-0.8834841865992492	0.8115126738798139	1.0138121546961325	23911.0	1564.0	878.0	58.0	33.0	815.0	68.0	16.0	802.0	1637.0	92.0	49.0	34.0	37.0	6.0
4	8	9	0.35430926755385683	0.36155362581910144	0.9946236559139785	23908.0	1565.0	818.0	66.0	17.0	880.0	62.0	33.0	802.0	1635.0	92.0	47.0	35.0	34.0	6.0
4	9	8	-65.19290522990967	1.0	0.5013550135501356	23908.0	818.0	1565.0	66.0	17.0	880.0	802.0	47.0	62.0	1635.0	35.0	33.0	92.0	34.0	6.0
8	4	9	-0.352394082323836	0.6377285656627557	1.005464480874317	23908.0	1565.0	880.0	62.0	33.0	818.0	66.0	17.0	802.0	1635.0	92.0	47.0	34.0	35.0	6.0
5	6	7	-99999.9	1.0	-0.015957446808510637	25117.0	430.0	415.0	425.0	6.0	865.0	43.0	9.0	37.0	2506.0	24.0	10.0	20.0	92.0	1.0
5	7	6	0.6747767921192617	0.24990872706380374	0.015228426395939087	25117.0	415.0	430.0	425.0	6.0	865.0	37.0	10.0	43.0	2506.0	20.0	9.0	24.0	92.0	1.0
6	5	7	-42.9607890982597	1.0	0.503896103896104	25117.0	430.0	865.0	43.0	9.0	415.0	425.0	6.0	37.0	2506.0	24.0	10.0	92.0	20.0	1.0
5	6	8	-99999.9	1.0	-0.005249343832020997	25118.0	429.0	414.0	425.0	7.0	866.0	42.0	9.0	40.0	2504.0	23.0	10.0	20.0	91.0	2.0
5	8	6	0.22127299296077071	0.41243997821204004	0.00516795865633075	25118.0	414.0	429.0	425.0	7.0	866.0	40.0	10.0	42.0	2504.0	20.0	9.0	23.0	91.0	2.0
6	5	8	-42.37377815198758	1.0	0.5013020833333333	25118.0	429.0	866.0	42.0	9.0	414.0	425.0	7.0	40.0	2504.0	23.0	10.0	91.0	20.0	2.0
5	6	9	-0.6276689319085467	0.7348896359403545	1.009308510638298	23969.0	1578.0	772.0	58.0	16.0	834.0	65.0	18.0	824.0	1647.0	96.0	56.0	31.0	31.0	5.0
5	9	6	-68.68491454884949	1.0	0.4977049180327869	23969.0	772.0	1578.0	58.0	16.0	834.0	824.0	56.0	65.0	1647.0	31.0	18.0	96.0	31.0	5.0
6	5	9	0.6334577099366886	0.26321733613821807	0.9909443725743855	23969.0	1578.0	834.0	65.0	18.0	772.0	58.0	16.0	824.0	1647.0	96.0	56.0	31.0	31.0	5.0
5	7	8	1.2593184603726917	0.10395773274227826	0.005284015852047556	25428.0	104.0	104.0	756.0	1.0	908.0	3.0	1.0	7.0	2556.0	6.0	1.0	7.0	117.0	1.0
5	8	7	-99999.9	1.0	-0.005369127516778523	25428.0	104.0	104.0	756.0	1.0	908.0	7.0	1.0	3.0	2556.0	7.0	1.0	6.0	117.0	1.0
7	5	8	-235.80738170478662	1.0	0.4986684420772304	25428.0	104.0	908.0	3.0	1.0	104.0	756.0	1.0	7.0	2556.0	6.0	1.0	117.0	7.0	1.0
5	7	9	0.09092971193708678	0.46377415839249525	0.9986996098829649	23956.0	1576.0	785.0	61.0	15.0	833.0	60.0	19.0	828.0	1648.0	93.0	53.0	35.0	30.0	8.0
5	9	7	-69.743089055746	1.0	0.5003257328990228	23956.0	785.0	1576.0	61.0	15.0	833.0	828.0	53.0	60.0	1648.0	35.0	19.0	93.0	30.0	8.0
7	5	9	-0.09081131387466869	0.5361788022884088	1.0013054830287207	23956.0	1576.0	833.0	60.0	19.0	785.0	61.0	15.0	828.0	1648.0	93.0	53.0	30.0	35.0	8.0
5	8	9	-0.4490536066624011	0.6733034808799234	1.0065963060686016	23955.0	1577.0	786.0	59.0	16.0	833.0	64.0	19.0	827.0	1646.0	93.0	54.0	33.0	30.0	8.0
5	9	8	-68.97463398334477	1.0	0.4983670803396473	23955.0	786.0	1577.0	59.0	16.0	833.0	827.0	54.0	64.0	1646.0	33.0	19.0	93.0	30.0	8.0
8	5	9	0.45199629084760684	0.32563585162758213	0.9935316946959897	23955.0	1577.0	833.0	64.0	19.0	786.0	59.0	16.0	827.0	1646.0	93.0	54.0	30.0	33.0	8.0
6	7	8	0.5759873020544547	0.28231184356392247	0.005333333333333333	25880.0	102.0	104.0	378.0	0.0	456.0	5.0	1.0	7.0	3008.0	8.0	1.0	7.0	43.0	0.0
6	8	7	-99999.9	1.0	-0.005420054200542005	25880.0	104.0	102.0	378.0	0.0	456.0	7.0	1.0	5.0	3008.0	7.0	1.0	8.0	43.0	0.0
7	6	8	-106.84564453110072	1.0	0.4986559139784946	25880.0	102.0	456.0	5.0	1.0	104.0	378.0	0.0	7.0	3008.0	8.0	1.0	43.0	7.0	0.0
6	7	9	0.7697695009473641	0.22071825168468717	0.9941225860621327	24377.0	1605.0	426.0	45.0	11.0	412.0	38.0	12.0	1222.0	1681.0	120.0	18.0	17.0	13.0	3.0
6	9	7	-129.43124323072132	1.0	0.5014824227022449	24377.0	426.0	1605.0	45.0	11.0	412.0	1222.0	18.0	38.0	1681.0	17.0	12.0	120.0	13.0	3.0
7	6	9	-0.7652184988302766	0.7779293431991399	1.005982905982906	24377.0	1605.0	412.0	38.0	12.0	426.0	45.0	11.0	1222.0	1681.0	120.0	18.0	13.0	17.0	3.0
6	8	9	0.10844636277069658	0.45682076138518857	0.9991525423728813	24378.0	1606.0	425.0	43.0	12.0	410.0	42.0	12.0	1221.0	1679.0	120.0	21.0	15.0	13.0	3.0
6	9	8	-127.7498153438804	1.0	0.5002121340687314	24378.0	425.0	1606.0	43.0	12.0	410.0	1221.0	21.0	42.0	1679.0	15.0	12.0	120.0	13.0	3.0
8	6	9	-0.1083543811228843	0.5431427582762454	1.0008496176720476	24378.0	1606.0	410.0	42.0	12.0	425.0	43.0	12.0	1221.0	1679.0	120.0	21.0	13.0	15.0	3.0
7	8	9	-1.7182527217906027	0.957124769765434	1.003883495145631	24685.0	1651.0	104.0	3.0	1.0	103.0	9.0	0.0	1560.0	1726.0	143.0	3.0	4.0	6.0	2.0
7	9	8	-445.88658130466143	1.0	0.49903474903474904	24685.0	104.0	1651.0	3.0	1.0	103.0	1560.0	3.0	9.0	1726.0	4.0	0.0	143.0	6.0	2.0
8	7	9	1.7248997342540093	0.04227273588485925	0.9961612284069098	24685.0	1651.0	103.0	9.0	0.0	104.0	3.0	1.0	1560.0	1726.0	143.0	3.0	6.0	4.0	2.0
