P1	Hybrid	P2	Zscore	Pvalue	Gamma	AAAA	AAAB	AABA	AABB	AABC	ABAA	ABAB	ABAC	ABBA	BAAA	ABBC	CABC	BACA	BCAA	ABCD
1	2	3	-99999.9	1.0	-0.0182328190743338	22185.0	1164.0	1103.0	852.0	59.0	2014.0	126.0	58.0	113.0	1990.0	66.0	67.0	55.0	142.0	6.0
1	3	2	0.8472674429641429	0.1984229871860217	0.01728723404255319	22185.0	1103.0	1164.0	852.0	59.0	2014.0	113.0	67.0	126.0	1990.0	55.0	58.0	66.0	142.0	6.0
2	1	3	-47.31662796861285	1.0	0.5044368600682594	22185.0	1164.0	2014.0	126.0	58.0	1103.0	852.0	59.0	113.0	1990.0	66.0	67.0	142.0	55.0	6.0
1	2	4	0.06253030210366076	0.4750701961124906	0.0	22119.0	1230.0	1086.0	859.0	69.0	2002.0	128.0	68.0	128.0	1985.0	56.0	65.0	54.0	148.0	3.0
1	4	2	0.06253030210366076	0.4750701961124906	0.0	22119.0	1086.0	1230.0	859.0	69.0	2002.0	128.0	65.0	128.0	1985.0	54.0	68.0	56.0	148.0	3.0
2	1	4	-45.67857927356525	1.0	0.5	22119.0	1230.0	2002.0	128.0	68.0	1086.0	859.0	69.0	128.0	1985.0	56.0	65.0	148.0	54.0	3.0
1	2	5	0.6493888251152027	0.2580434804298978	0.01349527665317139	22153.0	1196.0	1096.0	846.0	72.0	2041.0	115.0	42.0	125.0	1999.0	45.0	63.0	48.0	155.0	4.0
1	5	2	-99999.9	1.0	-0.014064697609001408	22153.0	1096.0	1196.0	846.0	72.0	2041.0	125.0	63.0	115.0	1999.0	48.0	42.0	45.0	155.0	4.0
2	1	5	-46.82093429080614	1.0	0.4965564738292011	22153.0	1196.0	2041.0	115.0	42.0	1096.0	846.0	72.0	125.0	1999.0	45.0	63.0	155.0	48.0	4.0
1	2	6	1.3631236794905799	0.08642182866615056	0.028767123287671233	22225.0	1124.0	1115.0	820.0	79.0	2021.0	111.0	66.0	132.0	1997.0	40.0	65.0	50.0	150.0	5.0
1	6	2	-99999.9	1.0	-0.031484257871064465	22225.0	1115.0	1124.0	820.0	79.0	2021.0	132.0	65.0	111.0	1997.0	50.0	66.0	40.0	150.0	5.0
2	1	6	-44.65852816616751	1.0	0.49248389405869725	22225.0	1124.0	2021.0	111.0	66.0	1115.0	820.0	79.0	132.0	1997.0	40.0	65.0	150.0	50.0	5.0
1	2	7	0.06302550205027332	0.47487302881354054	0.0	22233.0	1116.0	1107.0	839.0	68.0	2014.0	126.0	58.0	126.0	1998.0	45.0	63.0	57.0	147.0	3.0
1	7	2	0.06302550205027332	0.47487302881354054	0.0	22233.0	1107.0	1116.0	839.0	68.0	2014.0	126.0	63.0	126.0	1998.0	57.0	58.0	45.0	147.0	3.0
2	1	7	-44.905869198323735	1.0	0.5	22233.0	1116.0	2014.0	126.0	58.0	1107.0	839.0	68.0	126.0	1998.0	45.0	63.0	147.0	57.0	3.0
1	2	8	0.3128823081218881	0.377185108586753	0.006983240223463687	22212.0	1137.0	1113.0	837.0	64.0	2003.0	126.0	69.0	131.0	1998.0	40.0	63.0	56.0	147.0	4.0
1	8	2	-99999.9	1.0	-0.007132667617689016	22212.0	1113.0	1137.0	837.0	64.0	2003.0	131.0	63.0	126.0	1998.0	56.0	69.0	40.0	147.0	4.0
2	1	8	-44.178981906810634	1.0	0.49823570924488353	22212.0	1137.0	2003.0	126.0	69.0	1113.0	837.0	64.0	131.0	1998.0	40.0	63.0	147.0	56.0	4.0
1	2	9	-1.1020675683475232	0.8647838063280437	1.044186046511628	21951.0	1398.0	1819.0	132.0	63.0	1971.0	151.0	76.0	600.0	1474.0	95.0	128.0	65.0	73.0	4.0
1	9	2	-27.14566431508637	1.0	0.4896401308615049	21951.0	1819.0	1398.0	132.0	63.0	1971.0	600.0	128.0	151.0	1474.0	65.0	76.0	95.0	73.0	4.0
2	1	9	1.1487029442909595	0.12533930204352306	0.9609856262833676	21951.0	1398.0	1971.0	151.0	76.0	1819.0	132.0	63.0	600.0	1474.0	95.0	128.0	73.0	65.0	4.0
1	3	4	1.504077379320505	0.06628075053442228	0.008074534161490683	22786.0	502.0	419.0	1628.0	28.0	2131.0	31.0	32.0	44.0	2106.0	21.0	20.0	30.0	219.0	3.0
1	4	3	-99999.9	1.0	-0.008274984086569065	22786.0	419.0	502.0	1628.0	28.0	2131.0	44.0	20.0	31.0	2106.0	30.0	32.0	21.0	219.0	3.0
3	1	4	-183.26604375720635	1.0	0.49795661741590697	22786.0	502.0	2131.0	31.0	32.0	419.0	1628.0	28.0	44.0	2106.0	21.0	20.0	219.0	30.0	3.0
1	3	5	1.753099801385691	0.03979239622524178	0.02316213494461229	22279.0	1009.0	970.0	1046.0	59.0	2085.0	76.0	33.0	99.0	2025.0	47.0	45.0	61.0	160.0	6.0
1	5	3	-99999.9	1.0	-0.024891774891774892	22279.0	970.0	1009.0	1046.0	59.0	2085.0	99.0	45.0	76.0	2025.0	61.0	33.0	47.0	160.0	6.0
3	1	5	-72.18197877879342	1.0	0.49400104329681793	22279.0	1009.0	2085.0	76.0	33.0	970.0	1046.0	59.0	99.0	2025.0	47.0	45.0	160.0	61.0	6.0
1	3	6	2.5895347595277394	0.004805318087917176	0.034764826175869123	22346.0	942.0	994.0	1015.0	66.0	2065.0	71.0	58.0	105.0	2025.0	41.0	48.0	62.0	158.0	4.0
1	6	3	-99999.9	1.0	-0.03881278538812785	22346.0	994.0	942.0	1015.0	66.0	2065.0	105.0	48.0	71.0	2025.0	62.0	58.0	41.0	158.0	4.0
3	1	6	-69.3081362108895	1.0	0.49083063646170444	22346.0	942.0	2065.0	71.0	58.0	994.0	1015.0	66.0	105.0	2025.0	41.0	48.0	158.0	62.0	4.0
1	3	7	0.812656892460452	0.20820734444024724	0.01154249737670514	22367.0	921.0	973.0	1029.0	73.0	2056.0	87.0	51.0	98.0	2031.0	42.0	49.0	63.0	156.0	4.0
1	7	3	-99999.9	1.0	-0.011956521739130435	22367.0	973.0	921.0	1029.0	73.0	2056.0	98.0	49.0	87.0	2031.0	63.0	51.0	42.0	156.0	4.0
3	1	7	-68.78032426188014	1.0	0.49706353443673257	22367.0	921.0	2056.0	87.0	51.0	973.0	1029.0	73.0	98.0	2031.0	42.0	49.0	156.0	63.0	4.0
1	3	8	1.2387839436943398	0.10771282890485945	0.017708333333333333	22345.0	943.0	980.0	1030.0	65.0	2045.0	87.0	62.0	104.0	2027.0	40.0	48.0	66.0	153.0	5.0
1	8	3	-99999.9	1.0	-0.018701870187018705	22345.0	980.0	943.0	1030.0	65.0	2045.0	104.0	48.0	87.0	2027.0	66.0	62.0	40.0	153.0	5.0
3	1	8	-67.47729010946817	1.0	0.49545211342964157	22345.0	943.0	2045.0	87.0	62.0	980.0	1030.0	65.0	104.0	2027.0	40.0	48.0	153.0	66.0	5.0
1	3	9	-0.42175261488455423	0.6633971625040311	1.0153508771929824	21896.0	1392.0	1874.0	132.0	69.0	1979.0	139.0	76.0	602.0	1478.0	91.0	118.0	73.0	77.0	4.0
1	9	3	-28.317675570820125	1.0	0.4962486602357985	21896.0	1874.0	1392.0	132.0	69.0	1979.0	602.0	118.0	139.0	1478.0	73.0	76.0	91.0	77.0	4.0
3	1	9	0.42812900431045464	0.3342786370887214	0.9853249475890985	21896.0	1392.0	1979.0	139.0	76.0	1874.0	132.0	69.0	602.0	1478.0	91.0	118.0	77.0	73.0	4.0
1	4	5	0.8169867667373405	0.20696793931263235	0.011293634496919917	22204.0	1001.0	1045.0	1049.0	64.0	2077.0	86.0	32.0	97.0	2024.0	46.0	55.0	52.0	165.0	3.0
1	5	4	-99999.9	1.0	-0.011689691817215728	22204.0	1045.0	1001.0	1049.0	64.0	2077.0	97.0	55.0	86.0	2024.0	52.0	32.0	46.0	165.0	3.0
4	1	5	-70.70649108490433	1.0	0.4971279373368146	22204.0	1001.0	2077.0	86.0	32.0	1045.0	1049.0	64.0	97.0	2024.0	46.0	55.0	165.0	52.0	3.0
1	4	6	1.6183562202921071	0.052792919605993416	0.02301255230125523	22272.0	933.0	1068.0	1017.0	73.0	2058.0	83.0	54.0	105.0	2021.0	41.0	55.0	54.0	163.0	3.0
1	6	4	-99999.9	1.0	-0.024719101123595506	22272.0	1068.0	933.0	1017.0	73.0	2058.0	105.0	55.0	83.0	2021.0	54.0	54.0	41.0	163.0	3.0
4	1	6	-67.08822149574556	1.0	0.49404117009750814	22272.0	933.0	2058.0	83.0	54.0	1068.0	1017.0	73.0	105.0	2021.0	41.0	55.0	163.0	54.0	3.0
1	4	7	-99999.9	1.0	-0.0021598272138228943	22286.0	919.0	1054.0	1029.0	75.0	2044.0	101.0	50.0	99.0	2027.0	41.0	60.0	53.0	159.0	3.0
1	7	4	0.14153491429975684	0.4437236653097142	0.002145922746781116	22286.0	1054.0	919.0	1029.0	75.0	2044.0	99.0	60.0	101.0	2027.0	53.0	50.0	41.0	159.0	3.0
4	1	7	-65.67220023508719	1.0	0.5005382131324004	22286.0	919.0	2044.0	101.0	50.0	1054.0	1029.0	75.0	99.0	2027.0	41.0	60.0	159.0	53.0	3.0
1	4	8	0.3500260543114537	0.36315963740333235	0.005376344086021506	22263.0	942.0	1062.0	1025.0	71.0	2032.0	100.0	63.0	105.0	2027.0	35.0	60.0	53.0	158.0	4.0
1	8	4	-99999.9	1.0	-0.00546448087431694	22263.0	1062.0	942.0	1025.0	71.0	2032.0	105.0	60.0	100.0	2027.0	53.0	63.0	35.0	158.0	4.0
4	1	8	-64.40479399330749	1.0	0.4986449864498645	22263.0	942.0	2032.0	100.0	63.0	1062.0	1025.0	71.0	105.0	2027.0	35.0	60.0	158.0	53.0	4.0
1	4	9	-0.9304236429642162	0.8239241266175451	1.0368663594470047	21821.0	1384.0	1949.0	134.0	75.0	1970.0	150.0	75.0	600.0	1473.0	94.0	129.0	67.0	76.0	3.0
1	9	4	-27.098588601332757	1.0	0.4912663755458515	21821.0	1949.0	1384.0	134.0	75.0	1970.0	600.0	129.0	150.0	1473.0	67.0	75.0	94.0	76.0	3.0
4	1	9	0.9635053724918328	0.16764698021514868	0.966804979253112	21821.0	1384.0	1970.0	150.0	75.0	1949.0	134.0	75.0	600.0	1473.0	94.0	129.0	76.0	67.0	3.0
1	5	6	0.7746606310955747	0.21927004519540594	0.00987166831194472	22373.0	876.0	967.0	1082.0	65.0	2096.0	79.0	54.0	89.0	2036.0	37.0	33.0	43.0	169.0	1.0
1	6	5	-99999.9	1.0	-0.010172939979654119	22373.0	967.0	876.0	1082.0	65.0	2096.0	89.0	33.0	79.0	2036.0	43.0	54.0	37.0	169.0	1.0
5	1	6	-76.92380066779063	1.0	0.49749498997995995	22373.0	876.0	2096.0	79.0	54.0	967.0	1082.0	65.0	89.0	2036.0	37.0	33.0	169.0	43.0	1.0
1	5	7	-99999.9	1.0	-0.012121212121212121	22380.0	869.0	960.0	1094.0	60.0	2090.0	92.0	47.0	80.0	2043.0	39.0	33.0	46.0	165.0	2.0
1	7	5	0.9193587015232025	0.17895396969637178	0.011695906432748537	22380.0	960.0	869.0	1094.0	60.0	2090.0	80.0	33.0	92.0	2043.0	46.0	47.0	39.0	165.0	2.0
5	1	7	-76.7664515771874	1.0	0.5029761904761906	22380.0	869.0	2090.0	92.0	47.0	960.0	1094.0	60.0	80.0	2043.0	39.0	33.0	165.0	46.0	2.0
1	5	8	-99999.9	1.0	-0.008105369807497468	22362.0	887.0	963.0	1089.0	62.0	2078.0	94.0	57.0	86.0	2042.0	34.0	33.0	44.0	165.0	4.0
1	8	5	0.5982789316637797	0.2748268686138218	0.00791295746785361	22362.0	963.0	887.0	1089.0	62.0	2078.0	86.0	33.0	94.0	2042.0	44.0	57.0	34.0	165.0	4.0
5	1	8	-74.41094212568272	1.0	0.502002002002002	22362.0	887.0	2078.0	94.0	57.0	963.0	1089.0	62.0	86.0	2042.0	34.0	33.0	165.0	44.0	4.0
1	5	9	-0.35726052841013756	0.6395515482119991	1.0136363636363637	21855.0	1394.0	1915.0	136.0	63.0	2012.0	142.0	75.0	588.0	1483.0	91.0	99.0	65.0	77.0	5.0
1	9	5	-26.913626473563614	1.0	0.4966592427616926	21855.0	1915.0	1394.0	136.0	63.0	2012.0	588.0	99.0	142.0	1483.0	65.0	75.0	91.0	77.0	5.0
5	1	9	0.3620667238596013	0.358651147097903	0.9868995633187773	21855.0	1394.0	2012.0	142.0	75.0	1915.0	136.0	63.0	588.0	1483.0	91.0	99.0	77.0	65.0	5.0
1	6	7	-99999.9	1.0	-0.023206751054852322	22461.0	879.0	879.0	1068.0	76.0	2075.0	98.0	45.0	76.0	2043.0	39.0	52.0	40.0	168.0	1.0
1	7	6	1.6809596034462668	0.04638535644452324	0.021696252465483234	22461.0	879.0	879.0	1068.0	76.0	2075.0	76.0	52.0	98.0	2043.0	40.0	45.0	39.0	168.0	1.0
6	1	7	-74.11503706103993	1.0	0.5056065239551478	22461.0	879.0	2075.0	98.0	45.0	879.0	1068.0	76.0	76.0	2043.0	39.0	52.0	168.0	40.0	1.0
1	6	8	-99999.9	1.0	-0.020042194092827002	22432.0	908.0	893.0	1066.0	64.0	2065.0	99.0	54.0	80.0	2042.0	36.0	52.0	39.0	168.0	2.0
1	8	6	1.430390052960392	0.07630259873219414	0.01890547263681592	22432.0	893.0	908.0	1066.0	64.0	2065.0	80.0	52.0	99.0	2042.0	39.0	54.0	36.0	168.0	2.0
6	1	8	-72.79932532698419	1.0	0.5048643113159242	22432.0	908.0	2065.0	99.0	54.0	893.0	1066.0	64.0	80.0	2042.0	36.0	52.0	168.0	39.0	2.0
1	6	9	-1.065463411558373	0.8566668291807696	1.0433734939759036	21947.0	1393.0	1823.0	127.0	73.0	1998.0	145.0	75.0	578.0	1487.0	93.0	123.0	58.0	76.0	4.0
1	9	6	-26.695777700712526	1.0	0.4898190045248869	21947.0	1823.0	1393.0	127.0	73.0	1998.0	578.0	123.0	145.0	1487.0	58.0	75.0	93.0	76.0	4.0
6	1	9	1.1097551931012155	0.13355231303444492	0.9616204690831557	21947.0	1393.0	1998.0	145.0	75.0	1823.0	127.0	73.0	578.0	1487.0	93.0	123.0	76.0	58.0	4.0
1	7	8	0.7144002014631833	0.23748980432001776	0.0029603315571343986	23029.0	311.0	296.0	1706.0	21.0	2158.0	22.0	23.0	27.0	2137.0	17.0	12.0	21.0	218.0	2.0
1	8	7	-99999.9	1.0	-0.002986857825567503	23029.0	296.0	311.0	1706.0	21.0	2158.0	27.0	12.0	22.0	2137.0	21.0	23.0	17.0	218.0	2.0
7	1	8	-239.89558765133762	1.0	0.49925661611656263	23029.0	311.0	2158.0	22.0	23.0	296.0	1706.0	21.0	27.0	2137.0	17.0	12.0	218.0	21.0	2.0
1	7	9	0.118502317214092	0.4528347855724315	0.9955456570155902	21955.0	1385.0	1815.0	144.0	64.0	1988.0	142.0	73.0	589.0	1495.0	97.0	122.0	53.0	76.0	2.0
1	9	7	-26.366765580135635	1.0	0.5011210762331839	21955.0	1815.0	1385.0	144.0	64.0	1988.0	589.0	122.0	142.0	1495.0	53.0	73.0	97.0	76.0	2.0
7	1	9	-0.11797210550396185	0.5469551643756414	1.0045146726862302	21955.0	1385.0	1988.0	142.0	73.0	1815.0	144.0	64.0	589.0	1495.0	97.0	122.0	76.0	53.0	2.0
1	8	9	-0.46847476806240534	0.680277429029869	1.0182648401826484	21932.0	1393.0	1838.0	139.0	61.0	1978.0	147.0	72.0	593.0	1490.0	97.0	128.0	53.0	75.0	4.0
1	9	8	-26.585943087541487	1.0	0.4955555555555556	21932.0	1838.0	1393.0	139.0	61.0	1978.0	593.0	128.0	147.0	1490.0	53.0	72.0	97.0	75.0	4.0
8	1	9	0.4768779029155427	0.31672454497818703	0.9826839826839827	21932.0	1393.0	1978.0	147.0	72.0	1838.0	139.0	61.0	593.0	1490.0	97.0	128.0	75.0	53.0	4.0
2	3	4	0.20640372854049885	0.4182378088135883	0.002317497103128621	23696.0	503.0	425.0	907.0	16.0	1221.0	46.0	16.0	48.0	2909.0	27.0	10.0	37.0	137.0	2.0
2	4	3	-99999.9	1.0	-0.002333722287047841	23696.0	425.0	503.0	907.0	16.0	1221.0	48.0	10.0	46.0	2909.0	37.0	16.0	27.0	137.0	2.0
3	2	4	-88.65040140814425	1.0	0.4994186046511628	23696.0	503.0	1221.0	46.0	16.0	425.0	907.0	16.0	48.0	2909.0	27.0	10.0	137.0	37.0	2.0
2	3	5	0.3884043101016969	0.348858481402073	0.021276595744680847	23190.0	1009.0	1004.0	312.0	32.0	1174.0	82.0	27.0	87.0	2839.0	58.0	23.0	79.0	80.0	4.0
2	5	3	-99999.9	1.0	-0.022727272727272728	23190.0	1004.0	1009.0	312.0	32.0	1174.0	87.0	23.0	82.0	2839.0	79.0	27.0	58.0	80.0	4.0
3	2	5	-17.47819395457638	1.0	0.4945054945054945	23190.0	1009.0	1174.0	82.0	27.0	1004.0	312.0	32.0	87.0	2839.0	58.0	23.0	80.0	79.0	4.0
2	3	6	2.503192840249424	0.006153938566229589	0.12075471698113206	23227.0	972.0	1019.0	305.0	24.0	1184.0	72.0	27.0	104.0	2814.0	66.0	24.0	81.0	79.0	2.0
2	6	3	-99999.9	1.0	-0.1893491124260355	23227.0	1019.0	972.0	305.0	24.0	1184.0	104.0	24.0	72.0	2814.0	81.0	27.0	66.0	79.0	2.0
3	2	6	-15.723180027816689	1.0	0.46313364055299544	23227.0	972.0	1184.0	72.0	27.0	1019.0	305.0	24.0	104.0	2814.0	66.0	24.0	79.0	81.0	2.0
2	3	7	0.7002563599750855	0.24188354104568976	0.03879310344827586	23239.0	960.0	1008.0	304.0	36.0	1184.0	81.0	18.0	90.0	2826.0	68.0	22.0	77.0	86.0	1.0
2	7	3	-99999.9	1.0	-0.04390243902439024	23239.0	1008.0	960.0	304.0	36.0	1184.0	90.0	22.0	81.0	2826.0	77.0	18.0	68.0	86.0	1.0
3	2	7	-16.65054011496315	1.0	0.4897025171624714	23239.0	960.0	1184.0	81.0	18.0	1008.0	304.0	36.0	90.0	2826.0	68.0	22.0	86.0	77.0	1.0
2	3	8	1.4564972209793166	0.07262765020457218	0.07786885245901638	23205.0	994.0	1010.0	306.0	32.0	1185.0	81.0	17.0	100.0	2821.0	63.0	22.0	80.0	83.0	1.0
2	8	3	-99999.9	1.0	-0.1016042780748663	23205.0	1010.0	994.0	306.0	32.0	1185.0	100.0	22.0	81.0	2821.0	80.0	17.0	63.0	83.0	1.0
3	2	8	-15.791496185354692	1.0	0.47795823665893267	23205.0	994.0	1185.0	81.0	17.0	1010.0	306.0	32.0	100.0	2821.0	63.0	22.0	83.0	80.0	1.0
2	3	9	1.2026343868217124	0.11455898248737051	0.9879129734085415	22700.0	1499.0	1222.0	86.0	40.0	1175.0	71.0	37.0	1297.0	1552.0	135.0	75.0	56.0	49.0	6.0
2	9	3	-97.0926828294063	1.0	0.5030775543701272	22700.0	1222.0	1499.0	86.0	40.0	1175.0	1297.0	75.0	71.0	1552.0	56.0	37.0	135.0	49.0	6.0
3	2	9	-1.1879202630025236	0.882567523907851	1.0125418060200668	22700.0	1499.0	1175.0	71.0	37.0	1222.0	86.0	40.0	1297.0	1552.0	135.0	75.0	49.0	56.0	6.0
2	4	5	0.14803002948802196	0.44115951562175126	0.008658008658008658	23121.0	1000.0	1073.0	320.0	33.0	1160.0	91.0	28.0	93.0	2840.0	59.0	31.0	69.0	78.0	4.0
2	5	4	-99999.9	1.0	-0.008888888888888889	23121.0	1073.0	1000.0	320.0	33.0	1160.0	93.0	31.0	91.0	2840.0	69.0	28.0	59.0	78.0	4.0
4	2	5	-16.80140834689049	1.0	0.49780701754385964	23121.0	1000.0	1160.0	91.0	28.0	1073.0	320.0	33.0	93.0	2840.0	59.0	31.0	78.0	69.0	4.0
2	4	6	2.0896695125013904	0.018323685202755957	0.11023622047244094	23162.0	959.0	1084.0	309.0	33.0	1168.0	83.0	28.0	111.0	2815.0	66.0	33.0	69.0	77.0	3.0
2	6	4	-99999.9	1.0	-0.16470588235294117	23162.0	1084.0	959.0	309.0	33.0	1168.0	111.0	33.0	83.0	2815.0	69.0	28.0	66.0	77.0	3.0
4	2	6	-14.776948695545546	1.0	0.4669811320754717	23162.0	959.0	1168.0	83.0	28.0	1084.0	309.0	33.0	111.0	2815.0	66.0	33.0	77.0	69.0	3.0
2	4	7	0.3695671514405603	0.3558525753249763	0.022935779816513763	23160.0	961.0	1087.0	304.0	35.0	1170.0	91.0	18.0	96.0	2827.0	69.0	30.0	66.0	84.0	2.0
2	7	4	-99999.9	1.0	-0.024630541871921183	23160.0	1087.0	961.0	304.0	35.0	1170.0	96.0	30.0	91.0	2827.0	66.0	18.0	69.0	84.0	2.0
4	2	7	-15.373993499927323	1.0	0.494061757719715	23160.0	961.0	1170.0	91.0	18.0	1087.0	304.0	35.0	96.0	2827.0	69.0	30.0	84.0	66.0	2.0
2	4	8	1.3211204768415241	0.09323066447186268	0.07826086956521738	23126.0	995.0	1089.0	302.0	35.0	1169.0	90.0	20.0	108.0	2825.0	59.0	30.0	67.0	83.0	2.0
2	8	4	-99999.9	1.0	-0.10227272727272728	23126.0	1089.0	995.0	302.0	35.0	1169.0	108.0	30.0	90.0	2825.0	67.0	20.0	59.0	83.0	2.0
4	2	8	-14.238742917069757	1.0	0.47783251231527096	23126.0	995.0	1169.0	90.0	20.0	1089.0	302.0	35.0	108.0	2825.0	59.0	30.0	83.0	67.0	2.0
2	4	9	0.46109079877010406	0.32236675098400414	0.9951179820992677	22631.0	1490.0	1291.0	88.0	47.0	1160.0	82.0	37.0	1305.0	1549.0	138.0	82.0	48.0	46.0	6.0
2	9	4	-93.52458368386924	1.0	0.5012295081967212	22631.0	1291.0	1490.0	88.0	47.0	1160.0	1305.0	82.0	82.0	1549.0	48.0	37.0	138.0	46.0	6.0
4	2	9	-0.45882870163795314	0.6768213882185175	1.004954582989265	22631.0	1490.0	1160.0	82.0	37.0	1291.0	88.0	47.0	1305.0	1549.0	138.0	82.0	46.0	48.0	6.0
2	5	6	2.005479151094801	0.022455854777535977	0.08176100628930817	23289.0	905.0	957.0	368.0	28.0	1180.0	76.0	28.0	102.0	2837.0	61.0	30.0	54.0	82.0	3.0
2	6	5	-99999.9	1.0	-0.10833333333333334	23289.0	957.0	905.0	368.0	28.0	1180.0	102.0	30.0	76.0	2837.0	54.0	28.0	61.0	82.0	3.0
5	2	6	-20.517594391969887	1.0	0.4767025089605735	23289.0	905.0	1180.0	76.0	28.0	957.0	368.0	28.0	102.0	2837.0	61.0	30.0	82.0	54.0	3.0
2	5	7	0.23465111413966105	0.4072398142344138	0.010344827586206898	23284.0	910.0	963.0	368.0	22.0	1186.0	81.0	17.0	84.0	2848.0	68.0	26.0	55.0	86.0	2.0
2	7	5	-99999.9	1.0	-0.010676156583629894	23284.0	963.0	910.0	368.0	22.0	1186.0	84.0	26.0	81.0	2848.0	55.0	17.0	68.0	86.0	2.0
5	2	7	-22.21363880522119	1.0	0.4973730297723293	23284.0	910.0	1186.0	81.0	17.0	963.0	368.0	22.0	84.0	2848.0	68.0	26.0	86.0	55.0	2.0
2	5	8	0.9311344813129964	0.17589198477791945	0.04081632653061224	23252.0	942.0	963.0	362.0	28.0	1188.0	80.0	16.0	92.0	2848.0	60.0	27.0	54.0	86.0	2.0
2	8	5	-99999.9	1.0	-0.046511627906976744	23252.0	963.0	942.0	362.0	28.0	1188.0	92.0	27.0	80.0	2848.0	54.0	16.0	60.0	86.0	2.0
5	2	8	-20.950525829542425	1.0	0.4891304347826087	23252.0	942.0	1188.0	80.0	16.0	963.0	362.0	28.0	92.0	2848.0	60.0	27.0	86.0	54.0	2.0
2	5	9	1.240561101309365	0.10738403279972508	0.9870654810024252	22696.0	1498.0	1226.0	92.0	35.0	1171.0	76.0	37.0	1297.0	1561.0	142.0	79.0	42.0	43.0	5.0
2	9	5	-93.42975794236149	1.0	0.5032976092333058	22696.0	1226.0	1498.0	92.0	35.0	1171.0	1297.0	79.0	76.0	1561.0	42.0	37.0	142.0	43.0	5.0
5	2	9	-1.224304772381478	0.8895812941678616	1.0134566862910008	22696.0	1498.0	1171.0	76.0	37.0	1226.0	92.0	35.0	1297.0	1561.0	142.0	79.0	43.0	42.0	5.0
2	6	7	-99999.9	1.0	-0.07539682539682538	23339.0	907.0	908.0	364.0	29.0	1197.0	93.0	22.0	74.0	2829.0	64.0	25.0	62.0	86.0	1.0
2	7	6	1.5054850983257517	0.06609973072468911	0.06148867313915858	23339.0	908.0	907.0	364.0	29.0	1197.0	74.0	25.0	93.0	2829.0	62.0	22.0	64.0	86.0	1.0
6	2	7	-21.472971665593608	1.0	0.516934046345811	23339.0	907.0	1197.0	93.0	22.0	908.0	364.0	29.0	74.0	2829.0	64.0	25.0	86.0	62.0	1.0
2	6	8	-99999.9	1.0	-0.042801556420233464	23299.0	947.0	916.0	363.0	22.0	1198.0	95.0	19.0	84.0	2826.0	57.0	25.0	61.0	87.0	1.0
2	8	6	0.8359101940598803	0.20160266274963368	0.03793103448275862	23299.0	916.0	947.0	363.0	22.0	1198.0	84.0	25.0	95.0	2826.0	61.0	19.0	57.0	87.0	1.0
6	2	8	-20.36581200073164	1.0	0.510054844606947	23299.0	947.0	1198.0	95.0	19.0	916.0	363.0	22.0	84.0	2826.0	57.0	25.0	87.0	61.0	1.0
2	6	9	0.0	0.49999999949999996	nan	22757.0	1489.0	1165.0	86.0	50.0	1188.0	86.0	38.0	1264.0	1561.0	142.0	95.0	32.0	43.0	4.0
2	9	6	-89.79555835890649	1.0	0.5	22757.0	1165.0	1489.0	86.0	50.0	1188.0	1264.0	95.0	86.0	1561.0	32.0	38.0	142.0	43.0	4.0
6	2	9	0.0	0.49999999949999996	nan	22757.0	1489.0	1188.0	86.0	38.0	1165.0	86.0	50.0	1264.0	1561.0	142.0	95.0	43.0	32.0	4.0
2	7	8	1.2388485845129096	0.10770085685914488	0.009211873080859776	23917.0	330.0	298.0	990.0	12.0	1270.0	22.0	4.0	31.0	2932.0	21.0	6.0	28.0	139.0	0.0
2	8	7	-99999.9	1.0	-0.009473684210526316	23917.0	298.0	330.0	990.0	12.0	1270.0	31.0	6.0	22.0	2932.0	28.0	4.0	21.0	139.0	0.0
7	2	8	-132.00619917198668	1.0	0.49766476388168135	23917.0	330.0	1270.0	22.0	4.0	298.0	990.0	12.0	31.0	2932.0	21.0	6.0	139.0	28.0	0.0
2	7	9	1.962929272742912	0.024827127322099463	0.9788273615635179	22760.0	1487.0	1162.0	102.0	36.0	1183.0	76.0	37.0	1278.0	1566.0	140.0	86.0	37.0	47.0	3.0
2	9	7	-88.78480095175634	1.0	0.5054667788057191	22760.0	1162.0	1487.0	102.0	36.0	1183.0	1278.0	86.0	76.0	1566.0	37.0	37.0	140.0	47.0	3.0
7	2	9	-1.9204699041145297	0.9726007818370416	1.0226086956521738	22760.0	1487.0	1183.0	76.0	37.0	1162.0	102.0	36.0	1278.0	1566.0	140.0	86.0	47.0	37.0	3.0
2	8	9	0.8980531172049866	0.1845785859879795	0.9900579950289975	22723.0	1492.0	1199.0	96.0	37.0	1187.0	84.0	36.0	1279.0	1562.0	141.0	81.0	33.0	46.0	4.0
2	9	8	-88.53306980445835	1.0	0.5025231286795626	22723.0	1199.0	1492.0	96.0	37.0	1187.0	1279.0	81.0	84.0	1562.0	33.0	36.0	141.0	46.0	4.0
8	2	9	-0.8890350105887023	0.8130079011244882	1.0102476515798462	22723.0	1492.0	1187.0	84.0	36.0	1199.0	96.0	37.0	1279.0	1562.0	141.0	81.0	46.0	33.0	4.0
3	4	5	-0.10246114810361413	0.5408047306493713	1.0015822784810127	23861.0	1056.0	503.0	47.0	15.0	420.0	48.0	15.0	681.0	3153.0	119.0	13.0	30.0	38.0	1.0
3	5	4	-64.96036789769137	1.0	0.4996053670086819	23861.0	503.0	1056.0	47.0	15.0	420.0	681.0	13.0	48.0	3153.0	30.0	15.0	119.0	38.0	1.0
4	3	5	0.10262301405638444	0.4591310328923558	0.9984251968503937	23861.0	1056.0	420.0	48.0	15.0	503.0	47.0	15.0	681.0	3153.0	119.0	13.0	38.0	30.0	1.0
3	4	6	-0.5744876664856122	0.7171811158910136	1.0076335877862594	23895.0	1022.0	516.0	35.0	14.0	435.0	40.0	8.0	700.0	3127.0	126.0	12.0	31.0	39.0	0.0
3	6	4	-76.40685964258653	1.0	0.4981132075471698	23895.0	516.0	1022.0	35.0	14.0	435.0	700.0	12.0	40.0	3127.0	31.0	8.0	126.0	39.0	0.0
4	3	6	0.5788398457771698	0.28134858134946683	0.9925373134328358	23895.0	1022.0	435.0	40.0	8.0	516.0	35.0	14.0	700.0	3127.0	126.0	12.0	39.0	31.0	0.0
3	4	7	-1.0294622211683613	0.8483687171357459	1.0143084260731319	23904.0	1013.0	519.0	33.0	13.0	426.0	42.0	15.0	680.0	3144.0	129.0	14.0	30.0	38.0	0.0
3	7	4	-74.00689523288115	1.0	0.4964980544747082	23904.0	519.0	1013.0	33.0	13.0	426.0	680.0	14.0	42.0	3144.0	30.0	15.0	129.0	38.0	0.0
4	3	7	1.0439844155108617	0.1482463262737237	0.9862804878048781	23904.0	1013.0	426.0	42.0	15.0	519.0	33.0	13.0	680.0	3144.0	129.0	14.0	38.0	30.0	0.0
3	4	8	-1.4155933328901094	0.9215526464665242	1.01875	23870.0	1047.0	520.0	29.0	16.0	425.0	41.0	17.0	693.0	3141.0	119.0	14.0	28.0	40.0	0.0
3	8	4	-78.32949775325268	1.0	0.49544072948328266	23870.0	520.0	1047.0	29.0	16.0	425.0	693.0	14.0	41.0	3141.0	28.0	17.0	119.0	40.0	0.0
4	3	8	1.441647197912627	0.07470100848511319	0.9822485207100592	23870.0	1047.0	425.0	41.0	17.0	520.0	29.0	16.0	693.0	3141.0	119.0	14.0	40.0	28.0	0.0
3	4	9	-1.1876651770364193	0.8825172625982659	1.0043227665706052	23354.0	1563.0	521.0	24.0	20.0	437.0	33.0	13.0	2124.0	1634.0	195.0	33.0	20.0	25.0	4.0
3	9	4	-277.1218746418327	1.0	0.4989262705798139	23354.0	521.0	1563.0	24.0	20.0	437.0	2124.0	33.0	33.0	1634.0	20.0	13.0	195.0	25.0	4.0
4	3	9	1.1927770788027166	0.11647840850208979	0.9957325746799431	23354.0	1563.0	437.0	33.0	13.0	521.0	24.0	20.0	2124.0	1634.0	195.0	33.0	25.0	20.0	4.0
3	5	6	1.9324468671133705	0.02665211898306341	0.2948717948717948	23443.0	921.0	968.0	127.0	23.0	1026.0	72.0	16.0	95.0	3071.0	65.0	26.0	55.0	89.0	3.0
3	6	5	-99999.9	1.0	-2.5555555555555554	23443.0	968.0	921.0	127.0	23.0	1026.0	95.0	26.0	72.0	3071.0	55.0	16.0	65.0	89.0	3.0
5	3	6	-2.6886217281577327	0.9964125685889023	0.367816091954023	23443.0	921.0	1026.0	72.0	16.0	968.0	127.0	23.0	95.0	3071.0	65.0	26.0	89.0	55.0	3.0
3	5	7	0.4092943987322745	0.341161858073039	0.07936507936507936	23457.0	907.0	966.0	136.0	16.0	1013.0	78.0	23.0	83.0	3079.0	69.0	24.0	59.0	87.0	3.0
3	7	5	-99999.9	1.0	-0.10416666666666667	23457.0	966.0	907.0	136.0	16.0	1013.0	83.0	24.0	78.0	3079.0	59.0	23.0	69.0	87.0	3.0
5	3	7	-4.338520626562114	0.999992822346871	0.47747747747747754	23457.0	907.0	1013.0	78.0	23.0	966.0	136.0	16.0	83.0	3079.0	69.0	24.0	87.0	59.0	3.0
3	5	8	1.08800467420974	0.13829656277002877	0.203125	23424.0	940.0	966.0	129.0	23.0	1016.0	78.0	20.0	91.0	3077.0	63.0	25.0	55.0	90.0	3.0
3	8	5	-99999.9	1.0	-0.52	23424.0	966.0	940.0	129.0	23.0	1016.0	91.0	25.0	78.0	3077.0	55.0	20.0	63.0	90.0	3.0
5	3	8	-3.1803213553823184	0.9992643758212651	0.42696629213483145	23424.0	940.0	1016.0	78.0	20.0	966.0	129.0	23.0	91.0	3077.0	63.0	25.0	90.0	55.0	3.0
3	5	9	0.4373833844867757	0.33091669791034906	0.9965469613259669	22850.0	1514.0	1025.0	68.0	25.0	1017.0	63.0	34.0	1506.0	1578.0	147.0	71.0	46.0	50.0	6.0
3	9	5	-125.79146137839679	1.0	0.5008677542519959	22850.0	1025.0	1514.0	68.0	25.0	1017.0	1506.0	71.0	63.0	1578.0	46.0	34.0	147.0	50.0	6.0
5	3	9	-0.4358678495439941	0.6685336609639316	1.0034891835310538	22850.0	1514.0	1017.0	63.0	34.0	1025.0	68.0	25.0	1506.0	1578.0	147.0	71.0	50.0	46.0	6.0
3	6	7	-99999.9	1.0	-1.3124999999999998	23505.0	906.0	918.0	132.0	21.0	1031.0	95.0	21.0	74.0	3055.0	69.0	15.0	66.0	92.0	0.0
3	7	6	1.759210819425107	0.03927080965287222	0.2658227848101266	23505.0	918.0	906.0	132.0	21.0	1031.0	74.0	15.0	95.0	3055.0	66.0	21.0	69.0	92.0	0.0
6	3	7	-3.099561919939475	0.9990308966102361	0.6105263157894737	23505.0	906.0	1031.0	95.0	21.0	918.0	132.0	21.0	74.0	3055.0	69.0	15.0	92.0	66.0	0.0
3	6	8	-99999.9	1.0	-0.4583333333333333	23465.0	946.0	925.0	130.0	16.0	1032.0	95.0	20.0	84.0	3052.0	62.0	16.0	63.0	94.0	0.0
3	8	6	0.8947374234055264	0.1854637030604397	0.1929824561403509	23465.0	925.0	946.0	130.0	16.0	1032.0	84.0	16.0	95.0	3052.0	63.0	20.0	62.0	94.0	0.0
6	3	8	-2.846891801744858	0.9977925177446453	0.5679012345679013	23465.0	946.0	1032.0	95.0	20.0	925.0	130.0	16.0	84.0	3052.0	62.0	16.0	94.0	63.0	0.0
3	6	9	-0.8536673772666239	0.8033553880887012	1.0071890726096333	22907.0	1504.0	968.0	63.0	40.0	1038.0	73.0	36.0	1474.0	1577.0	147.0	82.0	37.0	50.0	4.0
3	9	6	-120.45246693232089	1.0	0.4982219061166429	22907.0	968.0	1504.0	63.0	40.0	1038.0	1474.0	82.0	73.0	1577.0	37.0	36.0	147.0	50.0	4.0
6	3	9	0.8597606490529667	0.1949604541223432	0.9929627023223082	22907.0	1504.0	1038.0	73.0	36.0	968.0	63.0	40.0	1474.0	1577.0	147.0	82.0	50.0	37.0	4.0
3	7	8	1.0917926862351748	0.13746215911650794	0.0107671601615074	24096.0	327.0	294.0	758.0	7.0	1091.0	23.0	6.0	31.0	3159.0	26.0	10.0	28.0	144.0	0.0
3	8	7	-99999.9	1.0	-0.011126564673157162	24096.0	294.0	327.0	758.0	7.0	1091.0	31.0	10.0	23.0	3159.0	28.0	6.0	26.0	144.0	0.0
7	3	8	-99.21666036162155	1.0	0.49726402188782487	24096.0	327.0	1091.0	23.0	6.0	294.0	758.0	7.0	31.0	3159.0	26.0	10.0	144.0	28.0	0.0
3	7	9	1.1628497864210219	0.12244528583765768	0.9902234636871509	22923.0	1500.0	952.0	80.0	27.0	1020.0	66.0	34.0	1484.0	1585.0	147.0	90.0	36.0	50.0	6.0
3	9	7	-116.61722143822227	1.0	0.5024805102763997	22923.0	952.0	1500.0	80.0	27.0	1020.0	1484.0	90.0	66.0	1585.0	36.0	34.0	147.0	50.0	6.0
7	3	9	-1.1513688999542417	0.8752096917391493	1.0100719424460431	22923.0	1500.0	1020.0	66.0	34.0	952.0	80.0	27.0	1484.0	1585.0	147.0	90.0	50.0	36.0	6.0
3	8	9	-0.08186636271817069	0.5326235745673719	1.0007077140835103	22886.0	1504.0	989.0	74.0	29.0	1024.0	75.0	33.0	1489.0	1577.0	144.0	81.0	35.0	53.0	7.0
3	9	8	-115.84090324621204	1.0	0.49982325910215625	22886.0	989.0	1504.0	74.0	29.0	1024.0	1489.0	81.0	75.0	1577.0	35.0	33.0	144.0	53.0	7.0
8	3	9	0.08192425972150744	0.4673534052174029	0.9992937853107344	22886.0	1504.0	1024.0	75.0	33.0	989.0	74.0	29.0	1489.0	1577.0	144.0	81.0	53.0	35.0	7.0
4	5	6	2.0983677105682004	0.01793627503844908	0.3023255813953488	23371.0	910.0	959.0	137.0	23.0	1098.0	77.0	22.0	103.0	3069.0	66.0	27.0	55.0	81.0	2.0
4	6	5	-99999.9	1.0	-3.249999999999999	23371.0	959.0	910.0	137.0	23.0	1098.0	103.0	27.0	77.0	3069.0	55.0	22.0	66.0	81.0	2.0
5	4	6	-2.7440193138199542	0.9969653468390289	0.36170212765957444	23371.0	910.0	1098.0	77.0	22.0	959.0	137.0	23.0	103.0	3069.0	66.0	27.0	81.0	55.0	2.0
4	5	7	1.254177327461192	0.10488884804510556	0.17647058823529413	23371.0	910.0	959.0	145.0	15.0	1099.0	75.0	23.0	90.0	3079.0	69.0	24.0	61.0	78.0	2.0
4	7	5	-99999.9	1.0	-0.37499999999999994	23371.0	959.0	910.0	145.0	15.0	1099.0	90.0	24.0	75.0	3079.0	61.0	23.0	69.0	78.0	2.0
5	4	7	-4.59865020069104	0.9999978716150193	0.44	23371.0	910.0	1099.0	75.0	23.0	959.0	145.0	15.0	90.0	3079.0	69.0	24.0	78.0	61.0	2.0
4	5	8	2.23610758739278	0.012672320828296946	0.2903225806451613	23336.0	945.0	959.0	137.0	23.0	1104.0	71.0	22.0	98.0	3080.0	60.0	25.0	59.0	79.0	2.0
4	8	5	-99999.9	1.0	-2.25	23336.0	959.0	945.0	137.0	23.0	1104.0	98.0	25.0	71.0	3080.0	59.0	22.0	60.0	79.0	2.0
5	4	8	-3.2299331817895727	0.9993808416323054	0.37142857142857144	23336.0	945.0	1104.0	71.0	22.0	959.0	137.0	23.0	98.0	3080.0	60.0	25.0	79.0	59.0	2.0
4	5	9	1.1873514027504866	0.11754458335523521	0.9904109589041096	22774.0	1507.0	1017.0	77.0	25.0	1093.0	63.0	41.0	1509.0	1577.0	152.0	76.0	43.0	42.0	4.0
4	9	5	-121.44908633847857	1.0	0.5024322446143156	22774.0	1017.0	1507.0	77.0	25.0	1093.0	1509.0	76.0	63.0	1577.0	43.0	41.0	152.0	42.0	4.0
5	4	9	-1.1758556077031097	0.8801736481917826	1.0098730606488011	22774.0	1507.0	1093.0	63.0	41.0	1017.0	77.0	25.0	1509.0	1577.0	152.0	76.0	42.0	43.0	4.0
4	6	7	-99999.9	1.0	-0.48484848484848475	23420.0	910.0	910.0	142.0	18.0	1116.0	93.0	19.0	77.0	3054.0	70.0	20.0	68.0	83.0	0.0
4	7	6	1.326701032405568	0.09230386540239133	0.19753086419753088	23420.0	910.0	910.0	142.0	18.0	1116.0	77.0	20.0	93.0	3054.0	68.0	19.0	70.0	83.0	0.0
6	4	7	-4.063021911742052	0.9999757668134723	0.5701754385964912	23420.0	910.0	1116.0	93.0	19.0	910.0	142.0	18.0	77.0	3054.0	70.0	20.0	83.0	68.0	0.0
4	6	8	-99999.9	1.0	-0.043478260869565216	23380.0	950.0	915.0	139.0	16.0	1117.0	91.0	20.0	89.0	3053.0	59.0	21.0	66.0	84.0	0.0
4	8	6	0.15190756313292195	0.43962990595435314	0.038461538461538464	23380.0	915.0	950.0	139.0	16.0	1117.0	89.0	21.0	91.0	3053.0	66.0	20.0	59.0	84.0	0.0
6	4	8	-3.645781515190126	0.9998666758164892	0.5102040816326531	23380.0	950.0	1117.0	91.0	20.0	915.0	139.0	16.0	89.0	3053.0	59.0	21.0	84.0	66.0	0.0
4	6	9	-0.08132251090334167	0.5324073303226128	1.0007137758743754	22837.0	1493.0	954.0	75.0	41.0	1108.0	76.0	44.0	1478.0	1573.0	150.0	92.0	34.0	42.0	3.0
4	9	6	-114.09548279738745	1.0	0.4998217468805704	22837.0	954.0	1493.0	75.0	41.0	1108.0	1478.0	92.0	76.0	1573.0	34.0	44.0	150.0	42.0	3.0
6	4	9	0.0813805155473526	0.46756960563929684	0.9992877492877493	22837.0	1493.0	1108.0	76.0	44.0	954.0	75.0	41.0	1478.0	1573.0	150.0	92.0	42.0	34.0	3.0
4	7	8	1.7592062988041786	0.03927119342975449	0.01706036745406824	24004.0	326.0	291.0	770.0	9.0	1183.0	21.0	9.0	34.0	3159.0	22.0	10.0	30.0	132.0	0.0
4	8	7	-99999.9	1.0	-0.017980636237897647	24004.0	291.0	326.0	770.0	9.0	1183.0	34.0	10.0	21.0	3159.0	30.0	9.0	22.0	132.0	0.0
7	4	8	-99.59814122460574	1.0	0.49562289562289563	24004.0	326.0	1183.0	21.0	9.0	291.0	770.0	9.0	34.0	3159.0	22.0	10.0	132.0	30.0	0.0
4	7	9	1.673891200605621	0.04707596967484129	0.9853760445682451	22840.0	1490.0	951.0	90.0	29.0	1103.0	69.0	41.0	1484.0	1581.0	150.0	91.0	33.0	44.0	4.0
4	9	7	-111.11449207829685	1.0	0.5037379850480598	22840.0	951.0	1490.0	90.0	29.0	1103.0	1484.0	91.0	69.0	1581.0	33.0	41.0	150.0	44.0	4.0
7	4	9	-1.6490489990418624	0.9504312167192812	1.015294974508376	22840.0	1490.0	1103.0	69.0	41.0	951.0	90.0	29.0	1484.0	1581.0	150.0	91.0	44.0	33.0	4.0
4	8	9	0.5493592542338916	0.2913794386136599	0.9950460014154282	22804.0	1491.0	987.0	85.0	33.0	1106.0	78.0	43.0	1484.0	1577.0	149.0	88.0	28.0	42.0	5.0
4	9	8	-109.79337095331636	1.0	0.5012477718360071	22804.0	987.0	1491.0	85.0	33.0	1106.0	1484.0	88.0	78.0	1577.0	28.0	43.0	149.0	42.0	5.0
8	4	9	-0.5466241797106788	0.7076815485558823	1.0050287356321839	22804.0	1491.0	1106.0	78.0	43.0	987.0	85.0	33.0	1484.0	1577.0	149.0	88.0	42.0	28.0	5.0
5	6	7	-1.333239724642869	0.9087733614938247	0.5428571428571428	23565.0	904.0	905.0	84.0	20.0	971.0	100.0	18.0	81.0	3136.0	70.0	21.0	66.0	59.0	0.0
5	7	6	0.24998244837053873	0.40130051597856	0.8636363636363636	23565.0	905.0	904.0	84.0	20.0	971.0	81.0	21.0	100.0	3136.0	66.0	18.0	70.0	59.0	0.0
6	5	7	-99999.9	1.0	-0.23076923076923078	23565.0	904.0	971.0	100.0	18.0	905.0	84.0	20.0	81.0	3136.0	70.0	21.0	59.0	66.0	0.0
5	6	8	-0.6039743467686579	0.7270697005199849	0.3684210526315789	23525.0	944.0	915.0	84.0	10.0	972.0	96.0	21.0	89.0	3134.0	64.0	21.0	66.0	58.0	1.0
5	8	6	-0.25165597782027405	0.5993464509725415	3.5000000000000004	23525.0	915.0	944.0	84.0	10.0	972.0	89.0	21.0	96.0	3134.0	66.0	21.0	64.0	58.0	1.0
6	5	8	0.43141024769189823	0.33308508487328803	0.29411764705882354	23525.0	944.0	972.0	96.0	21.0	915.0	84.0	10.0	89.0	3134.0	64.0	21.0	58.0	66.0	1.0
5	6	9	-1.4310144903996596	0.9237869210620075	1.0117241379310344	22959.0	1510.0	908.0	61.0	40.0	986.0	78.0	25.0	1545.0	1588.0	154.0	71.0	30.0	41.0	4.0
5	9	6	-124.91914727959364	1.0	0.4971196204676381	22959.0	908.0	1510.0	61.0	40.0	986.0	1545.0	71.0	78.0	1588.0	30.0	25.0	154.0	41.0	4.0
6	5	9	1.4475974804042906	0.07386487192535318	0.988674217188541	22959.0	1510.0	986.0	78.0	25.0	908.0	61.0	40.0	1545.0	1588.0	154.0	71.0	41.0	30.0	4.0
5	7	8	1.729114093473826	0.041894301731056904	0.018651362984218076	24144.0	326.0	296.0	706.0	6.0	1043.0	22.0	8.0	35.0	3243.0	24.0	4.0	31.0	112.0	0.0
5	8	7	-99999.9	1.0	-0.019756838905775075	24144.0	296.0	326.0	706.0	6.0	1043.0	35.0	4.0	22.0	3243.0	31.0	8.0	24.0	112.0	0.0
7	5	8	-89.24888897853366	1.0	0.4952029520295203	24144.0	326.0	1043.0	22.0	8.0	296.0	706.0	6.0	35.0	3243.0	24.0	4.0	112.0	31.0	0.0
5	7	9	0.8860525389367371	0.1877945738873048	0.9926519706078825	22969.0	1501.0	898.0	83.0	27.0	974.0	72.0	27.0	1558.0	1591.0	153.0	70.0	33.0	41.0	3.0
5	9	7	-118.81159044833518	1.0	0.5018574805808849	22969.0	898.0	1501.0	83.0	27.0	974.0	1558.0	70.0	72.0	1591.0	33.0	27.0	153.0	41.0	3.0
7	5	9	-0.8794936035879456	0.8104331867945781	1.0075136612021858	22969.0	1501.0	974.0	72.0	27.0	898.0	83.0	27.0	1558.0	1591.0	153.0	70.0	41.0	33.0	3.0
5	8	9	-0.1610003470725934	0.5639534438672912	1.0013559322033898	22935.0	1505.0	932.0	76.0	30.0	975.0	78.0	29.0	1555.0	1589.0	152.0	72.0	29.0	39.0	4.0
5	9	8	-119.05975666018277	1.0	0.49966170500676593	22935.0	932.0	1505.0	76.0	30.0	975.0	1555.0	72.0	78.0	1589.0	29.0	29.0	152.0	39.0	4.0
8	5	9	0.16121835702123605	0.43596070439622236	0.9986495611073599	22935.0	1505.0	975.0	78.0	29.0	932.0	76.0	30.0	1555.0	1589.0	152.0	72.0	39.0	29.0	4.0
6	7	8	1.3914239172487624	0.08204851430590976	0.014044943820224719	24203.0	333.0	294.0	723.0	5.0	984.0	21.0	2.0	31.0	3224.0	24.0	10.0	31.0	114.0	1.0
6	8	7	-99999.9	1.0	-0.01466275659824047	24203.0	294.0	333.0	723.0	5.0	984.0	31.0	10.0	21.0	3224.0	31.0	2.0	24.0	114.0	1.0
7	6	8	-96.28653507361408	1.0	0.49641319942611195	24203.0	333.0	984.0	21.0	2.0	294.0	723.0	5.0	31.0	3224.0	24.0	10.0	114.0	31.0	1.0
6	7	9	2.1203093474781824	0.016989922855230044	0.9825853985264568	23039.0	1497.0	906.0	89.0	27.0	904.0	63.0	40.0	1530.0	1595.0	154.0	90.0	32.0	31.0	3.0
6	9	7	-117.51406806600235	1.0	0.5044704264099038	23039.0	906.0	1497.0	89.0	27.0	904.0	1530.0	90.0	63.0	1595.0	32.0	40.0	154.0	31.0	3.0
7	6	9	-2.082730586036851	0.9813621703010333	1.018374558303887	23039.0	1497.0	904.0	63.0	40.0	906.0	89.0	27.0	1530.0	1595.0	154.0	90.0	31.0	32.0	3.0
6	8	9	1.047697363799227	0.14738905882880693	0.991180461329715	22997.0	1500.0	948.0	84.0	29.0	913.0	71.0	41.0	1532.0	1590.0	154.0	79.0	29.0	30.0	3.0
6	9	8	-116.69736790625245	1.0	0.5022344448264008	22997.0	948.0	1500.0	84.0	29.0	913.0	1532.0	79.0	71.0	1590.0	29.0	41.0	154.0	30.0	3.0
8	6	9	-1.0383749368797266	0.8504522091050137	1.0090592334494775	22997.0	1500.0	913.0	71.0	41.0	948.0	84.0	29.0	1532.0	1590.0	154.0	79.0	30.0	29.0	3.0
7	8	9	-1.9299878366167487	0.973195895505999	1.0064935064935066	23618.0	1569.0	325.0	19.0	12.0	292.0	33.0	10.0	2203.0	1669.0	189.0	31.0	13.0	16.0	1.0
7	9	8	-301.07810251221025	1.0	0.4983922829581994	23618.0	325.0	1569.0	19.0	12.0	292.0	2203.0	31.0	33.0	1669.0	13.0	10.0	189.0	16.0	1.0
8	7	9	1.9424393710465342	0.026041897965579874	0.9936305732484076	23618.0	1569.0	292.0	33.0	10.0	325.0	19.0	12.0	2203.0	1669.0	189.0	31.0	16.0	13.0	1.0
