P1	Hybrid	P2	Zscore	Pvalue	Gamma	AAAA	AAAB	AABA	AABB	AABC	ABAA	ABAB	ABAC	ABBA	BAAA	ABBC	CABC	BACA	BCAA	ABCD
1	2	3	-99999.9	1.0	-0.02590673575129534	36720.0	2270.0	2158.0	610.0	113.0	4402.0	214.0	130.0	204.0	2669.0	81.0	133.0	81.0	206.0	9.0
1	3	2	0.4947451656881984	0.3103900090826055	0.024038461538461536	36720.0	2158.0	2270.0	610.0	113.0	4402.0	204.0	133.0	214.0	2669.0	81.0	130.0	81.0	206.0	9.0
2	1	3	-19.591908561252684	1.0	0.5062344139650874	36720.0	2270.0	4402.0	214.0	130.0	2158.0	610.0	113.0	204.0	2669.0	81.0	133.0	206.0	81.0	9.0
1	2	4	0.04968368213754667	0.4801871629778379	0.0	36873.0	2117.0	2176.0	610.0	95.0	4381.0	203.0	162.0	203.0	2655.0	96.0	129.0	84.0	205.0	11.0
1	4	2	0.04968368213754667	0.4801871629778379	0.0	36873.0	2176.0	2117.0	610.0	95.0	4381.0	203.0	129.0	203.0	2655.0	84.0	162.0	96.0	205.0	11.0
2	1	4	-20.196583735439386	1.0	0.5	36873.0	2117.0	4381.0	203.0	162.0	2176.0	610.0	95.0	203.0	2655.0	96.0	129.0	205.0	84.0	11.0
1	2	5	-99999.9	1.0	-0.022900763358778622	36877.0	2113.0	2179.0	608.0	94.0	4385.0	206.0	155.0	197.0	2668.0	89.0	128.0	84.0	205.0	12.0
1	5	2	0.4529216358536987	0.32530260928230836	0.02142857142857143	36877.0	2179.0	2113.0	608.0	94.0	4385.0	197.0	128.0	206.0	2668.0	84.0	155.0	89.0	205.0	12.0
2	1	5	-20.230499734798492	1.0	0.5055350553505535	36877.0	2113.0	4385.0	206.0	155.0	2179.0	608.0	94.0	197.0	2668.0	89.0	128.0	205.0	84.0	12.0
1	2	6	0.6970899658263341	0.24287317791124086	0.03294117647058824	36863.0	2127.0	2175.0	612.0	94.0	4399.0	201.0	146.0	215.0	2641.0	98.0	125.0	85.0	211.0	8.0
1	6	2	-99999.9	1.0	-0.03655352480417755	36863.0	2175.0	2127.0	612.0	94.0	4399.0	215.0	125.0	201.0	2641.0	85.0	146.0	98.0	211.0	8.0
2	1	6	-19.767479745218193	1.0	0.49133663366336633	36863.0	2127.0	4399.0	201.0	146.0	2175.0	612.0	94.0	215.0	2641.0	98.0	125.0	211.0	85.0	8.0
1	2	7	-99999.9	1.0	-0.004987531172069825	36720.0	2270.0	2180.0	612.0	89.0	4397.0	209.0	140.0	207.0	2664.0	83.0	128.0	84.0	208.0	9.0
1	7	2	0.098285730786943	0.46085264608482057	0.004914004914004914	36720.0	2180.0	2270.0	612.0	89.0	4397.0	207.0	128.0	209.0	2664.0	84.0	140.0	83.0	208.0	9.0
2	1	7	-19.804574753569387	1.0	0.5012376237623762	36720.0	2270.0	4397.0	209.0	140.0	2180.0	612.0	89.0	207.0	2664.0	83.0	128.0	208.0	84.0	9.0
1	2	8	-99999.9	1.0	-0.05449591280653951	36734.0	2256.0	2182.0	615.0	84.0	4382.0	228.0	136.0	208.0	2663.0	83.0	128.0	87.0	206.0	8.0
1	8	2	0.9786530259601279	0.16387572626938918	0.046838407494145196	36734.0	2182.0	2256.0	615.0	84.0	4382.0	208.0	128.0	228.0	2663.0	87.0	136.0	83.0	206.0	8.0
2	1	8	-18.936936052328505	1.0	0.5125944584382872	36734.0	2256.0	4382.0	228.0	136.0	2182.0	615.0	84.0	208.0	2663.0	83.0	128.0	206.0	87.0	8.0
1	2	9	-0.28808134906964555	0.6133576988148015	1.0512820512820513	36539.0	2451.0	2580.0	203.0	98.0	4389.0	209.0	148.0	332.0	2519.0	103.0	164.0	94.0	165.0	6.0
1	9	2	-6.193749004997407	0.9999999997050537	0.48809523809523814	36539.0	2580.0	2451.0	203.0	98.0	4389.0	332.0	164.0	209.0	2519.0	94.0	148.0	103.0	165.0	6.0
2	1	9	0.3021340978047502	0.3812749884787021	0.9555555555555556	36539.0	2451.0	4389.0	209.0	148.0	2580.0	203.0	98.0	332.0	2519.0	103.0	164.0	165.0	94.0	6.0
1	3	4	0.05498484861228173	0.4780751985858589	0.0010309278350515464	37276.0	1602.0	1773.0	1134.0	86.0	4439.0	165.0	135.0	166.0	2717.0	81.0	108.0	60.0	251.0	7.0
1	4	3	-99999.9	1.0	-0.001034126163391934	37276.0	1773.0	1602.0	1134.0	86.0	4439.0	166.0	108.0	165.0	2717.0	60.0	135.0	81.0	251.0	7.0
3	1	4	-53.22533345668854	1.0	0.49974186886938565	37276.0	1602.0	4439.0	165.0	135.0	1773.0	1134.0	86.0	166.0	2717.0	81.0	108.0	251.0	60.0	7.0
1	3	5	-99999.9	1.0	-0.008342022940563087	37279.0	1599.0	1777.0	1134.0	82.0	4444.0	167.0	128.0	159.0	2731.0	74.0	107.0	60.0	251.0	8.0
1	5	3	0.444734848476523	0.3282557192633202	0.008138351983723296	37279.0	1777.0	1599.0	1134.0	82.0	4444.0	159.0	107.0	167.0	2731.0	60.0	128.0	74.0	251.0	8.0
3	1	5	-53.757324809599716	1.0	0.5020597322348095	37279.0	1599.0	4444.0	167.0	128.0	1777.0	1134.0	82.0	159.0	2731.0	74.0	107.0	251.0	60.0	8.0
1	3	6	1.043872412323394	0.1482722379581234	0.019447287615148412	37242.0	1636.0	1796.0	1117.0	80.0	4459.0	159.0	121.0	178.0	2711.0	75.0	102.0	57.0	259.0	8.0
1	6	3	-99999.9	1.0	-0.02065217391304348	37242.0	1796.0	1636.0	1117.0	80.0	4459.0	178.0	102.0	159.0	2711.0	57.0	121.0	75.0	259.0	8.0
3	1	6	-51.58927343008773	1.0	0.4949920927780706	37242.0	1636.0	4459.0	159.0	121.0	1796.0	1117.0	80.0	178.0	2711.0	75.0	102.0	259.0	57.0	8.0
1	3	7	0.22262877596095135	0.41191225965135203	0.004056795131845841	37129.0	1749.0	1771.0	1142.0	80.0	4460.0	160.0	119.0	164.0	2733.0	67.0	108.0	64.0	247.0	7.0
1	7	3	-99999.9	1.0	-0.004106776180698152	37129.0	1771.0	1749.0	1142.0	80.0	4460.0	164.0	108.0	160.0	2733.0	64.0	119.0	67.0	247.0	7.0
3	1	7	-54.43273572245278	1.0	0.4989795918367347	37129.0	1749.0	4460.0	160.0	119.0	1771.0	1142.0	80.0	164.0	2733.0	67.0	108.0	247.0	64.0	7.0
1	3	8	-99999.9	1.0	-0.015940488841657812	37132.0	1746.0	1784.0	1135.0	74.0	4448.0	179.0	112.0	164.0	2739.0	61.0	106.0	60.0	253.0	7.0
1	8	3	0.815480543166243	0.20739859233380176	0.015212981744421908	37132.0	1784.0	1746.0	1135.0	74.0	4448.0	164.0	106.0	179.0	2739.0	60.0	112.0	61.0	253.0	7.0
3	1	8	-51.97329328446184	1.0	0.5038920601971978	37132.0	1746.0	4448.0	179.0	112.0	1784.0	1135.0	74.0	164.0	2739.0	61.0	106.0	253.0	60.0	7.0
1	3	9	0.4472708428492724	0.32733978507673056	0.9361702127659575	36457.0	2421.0	2662.0	220.0	111.0	4375.0	211.0	153.0	343.0	2512.0	109.0	167.0	99.0	154.0	6.0
1	9	3	-6.11270151894004	0.9999999995083142	0.5176470588235295	36457.0	2662.0	2421.0	220.0	111.0	4375.0	343.0	167.0	211.0	2512.0	99.0	153.0	109.0	154.0	6.0
3	1	9	-0.4167751035640946	0.6615785009208179	1.0789473684210527	36457.0	2421.0	4375.0	211.0	153.0	2662.0	220.0	111.0	343.0	2512.0	109.0	167.0	154.0	99.0	6.0
1	4	5	-99999.9	1.0	-0.003406510219530659	38914.0	135.0	142.0	2671.0	9.0	4685.0	20.0	8.0	11.0	2930.0	1.0	14.0	8.0	452.0	0.0
1	5	4	1.61499150426651	0.05315626238750437	0.0033720494567253652	38914.0	142.0	135.0	2671.0	9.0	4685.0	11.0	14.0	20.0	2930.0	8.0	8.0	1.0	452.0	0.0
4	1	5	-475.7047197567295	1.0	0.5008472980606289	38914.0	135.0	4685.0	20.0	8.0	142.0	2671.0	9.0	11.0	2930.0	1.0	14.0	452.0	8.0	0.0
1	4	6	0.8977049510744253	0.18467140453175968	0.015296367112810707	37490.0	1559.0	1548.0	1183.0	91.0	4449.0	153.0	111.0	169.0	2701.0	72.0	121.0	73.0	270.0	10.0
1	6	4	-99999.9	1.0	-0.01603206412825651	37490.0	1548.0	1559.0	1183.0	91.0	4449.0	169.0	121.0	153.0	2701.0	73.0	111.0	72.0	270.0	10.0
4	1	6	-56.89205127434168	1.0	0.49608610567514677	37490.0	1559.0	4449.0	153.0	111.0	1548.0	1183.0	91.0	169.0	2701.0	72.0	121.0	270.0	73.0	10.0
1	4	7	0.2823199902400047	0.38884914494977596	0.004725897920604914	37391.0	1658.0	1509.0	1208.0	105.0	4445.0	155.0	113.0	160.0	2724.0	58.0	127.0	78.0	259.0	10.0
1	7	4	-99999.9	1.0	-0.004793863854266539	37391.0	1509.0	1658.0	1208.0	105.0	4445.0	160.0	127.0	155.0	2724.0	78.0	113.0	58.0	259.0	10.0
4	1	7	-59.174269954304805	1.0	0.4988100904331271	37391.0	1658.0	4445.0	155.0	113.0	1509.0	1208.0	105.0	160.0	2724.0	58.0	127.0	259.0	78.0	10.0
1	4	8	-99999.9	1.0	-0.013698630136986302	37401.0	1648.0	1515.0	1210.0	97.0	4431.0	174.0	108.0	160.0	2729.0	53.0	127.0	75.0	261.0	11.0
1	8	4	0.7705864046044317	0.22047599566848886	0.013157894736842105	37401.0	1515.0	1648.0	1210.0	97.0	4431.0	160.0	127.0	174.0	2729.0	75.0	108.0	53.0	261.0	11.0
4	1	8	-57.023393940727985	1.0	0.5033557046979866	37401.0	1648.0	4431.0	174.0	108.0	1515.0	1210.0	97.0	160.0	2729.0	53.0	127.0	261.0	75.0	11.0
1	4	9	-0.5584484159040498	0.7117309211354126	1.110091743119266	36599.0	2450.0	2520.0	201.0	101.0	4349.0	213.0	151.0	334.0	2501.0	107.0	202.0	108.0	155.0	9.0
1	9	4	-6.18946994293656	0.9999999996969386	0.4763779527559055	36599.0	2520.0	2450.0	201.0	101.0	4349.0	334.0	202.0	213.0	2501.0	108.0	151.0	107.0	155.0	9.0
4	1	9	0.613831729878005	0.2696632110542414	0.9172413793103449	36599.0	2450.0	4349.0	213.0	151.0	2520.0	201.0	101.0	334.0	2501.0	107.0	202.0	155.0	108.0	9.0
1	5	6	1.4179662328047526	0.07810036254671338	0.02347417840375587	37502.0	1554.0	1536.0	1186.0	93.0	4452.0	146.0	112.0	171.0	2715.0	72.0	116.0	66.0	269.0	10.0
1	6	5	-99999.9	1.0	-0.025252525252525252	37502.0	1536.0	1554.0	1186.0	93.0	4452.0	171.0	116.0	146.0	2715.0	66.0	112.0	72.0	269.0	10.0
5	1	6	-57.56942905187298	1.0	0.49391727493917276	37502.0	1554.0	4452.0	146.0	112.0	1536.0	1186.0	93.0	171.0	2715.0	72.0	116.0	269.0	66.0	10.0
1	5	7	0.741174755183505	0.22929367536649414	0.012138188608776843	37392.0	1664.0	1508.0	1207.0	100.0	4448.0	149.0	113.0	162.0	2738.0	58.0	122.0	70.0	259.0	10.0
1	7	5	-99999.9	1.0	-0.012596899224806201	37392.0	1508.0	1664.0	1207.0	100.0	4448.0	162.0	122.0	149.0	2738.0	70.0	113.0	58.0	259.0	10.0
5	1	7	-59.57904762821245	1.0	0.4969091773656681	37392.0	1664.0	4448.0	149.0	113.0	1508.0	1207.0	100.0	162.0	2738.0	58.0	122.0	259.0	70.0	10.0
1	5	8	-99999.9	1.0	-0.004812319538017324	37402.0	1654.0	1514.0	1210.0	91.0	4436.0	166.0	108.0	161.0	2744.0	53.0	121.0	68.0	261.0	11.0
1	8	5	0.277096190423034	0.39085318782455203	0.004743833017077799	37402.0	1514.0	1654.0	1210.0	91.0	4436.0	161.0	121.0	166.0	2744.0	68.0	108.0	53.0	261.0	11.0
5	1	8	-57.857684560329574	1.0	0.5011944577161969	37402.0	1654.0	4436.0	166.0	108.0	1514.0	1210.0	91.0	161.0	2744.0	53.0	121.0	261.0	68.0	11.0
1	5	9	-0.049127915260271035	0.519591388339474	1.0078125	36609.0	2447.0	2510.0	205.0	100.0	4353.0	206.0	151.0	335.0	2517.0	106.0	197.0	99.0	155.0	10.0
1	9	5	-6.386628983835218	0.9999999999148185	0.4980694980694981	36609.0	2510.0	2447.0	205.0	100.0	4353.0	335.0	197.0	206.0	2517.0	99.0	151.0	106.0	155.0	10.0
5	1	9	0.04950875181267624	0.48025686436944715	0.9923664122137404	36609.0	2447.0	4353.0	206.0	151.0	2510.0	205.0	100.0	335.0	2517.0	106.0	197.0	155.0	99.0	10.0
1	6	7	-99999.9	1.0	-0.009870918754745633	37622.0	1416.0	1278.0	1473.0	82.0	4506.0	143.0	90.0	130.0	2742.0	55.0	96.0	72.0	290.0	5.0
1	7	6	0.7900838157559494	0.2147393484048984	0.009587020648967551	37622.0	1278.0	1416.0	1473.0	82.0	4506.0	130.0	96.0	143.0	2742.0	72.0	90.0	55.0	290.0	5.0
6	1	7	-80.8316519196471	1.0	0.5024317246539469	37622.0	1416.0	4506.0	143.0	90.0	1278.0	1473.0	82.0	130.0	2742.0	55.0	96.0	290.0	72.0	5.0
1	6	8	-99999.9	1.0	-0.02821316614420063	37632.0	1406.0	1284.0	1476.0	73.0	4491.0	164.0	84.0	128.0	2747.0	52.0	99.0	67.0	290.0	7.0
1	8	6	2.127220428534616	0.016700827055593837	0.02601156069364162	37632.0	1284.0	1406.0	1476.0	73.0	4491.0	128.0	99.0	164.0	2747.0	67.0	84.0	52.0	290.0	7.0
6	1	8	-77.52536672881715	1.0	0.5067669172932331	37632.0	1406.0	4491.0	164.0	84.0	1284.0	1476.0	73.0	128.0	2747.0	52.0	99.0	290.0	67.0	7.0
1	6	9	-0.7833681642043061	0.7832945905513176	1.206896551724138	36592.0	2446.0	2527.0	208.0	98.0	4366.0	226.0	147.0	331.0	2492.0	104.0	188.0	104.0	164.0	7.0
1	9	6	-5.353015788729435	0.9999999566554543	0.46052631578947373	36592.0	2527.0	2446.0	208.0	98.0	4366.0	331.0	188.0	226.0	2492.0	104.0	147.0	104.0	164.0	7.0
6	1	9	0.9176598494964725	0.17939846449412888	0.8723404255319149	36592.0	2446.0	4366.0	226.0	147.0	2527.0	208.0	98.0	331.0	2492.0	104.0	188.0	164.0	104.0	7.0
1	7	8	-99999.9	1.0	-0.007755695588948133	38147.0	753.0	769.0	2157.0	45.0	4599.0	78.0	55.0	62.0	2866.0	29.0	57.0	34.0	343.0	6.0
1	8	7	1.3557294350940925	0.08759269738176045	0.007579346281383231	38147.0	769.0	753.0	2157.0	45.0	4599.0	62.0	57.0	78.0	2866.0	34.0	55.0	29.0	343.0	6.0
7	1	8	-176.16009347253834	1.0	0.501916626736943	38147.0	753.0	4599.0	78.0	55.0	769.0	2157.0	45.0	62.0	2866.0	29.0	57.0	343.0	34.0	6.0
1	7	9	0.6008482238963946	0.27397049232405046	0.9130434782608695	36480.0	2420.0	2639.0	223.0	109.0	4366.0	211.0	155.0	337.0	2512.0	108.0	182.0	99.0	152.0	7.0
1	9	7	-5.708058127015733	0.9999999942697957	0.525	36480.0	2639.0	2420.0	223.0	109.0	4366.0	337.0	182.0	211.0	2512.0	99.0	155.0	108.0	152.0	7.0
7	1	9	-0.5436245835253092	0.706650104323041	1.1176470588235294	36480.0	2420.0	4366.0	211.0	155.0	2639.0	223.0	109.0	337.0	2512.0	108.0	182.0	152.0	99.0	7.0
1	8	9	1.108786402509187	0.1337612155781598	0.8650306748466258	36492.0	2424.0	2627.0	234.0	94.0	4356.0	212.0	150.0	353.0	2514.0	111.0	176.0	96.0	154.0	7.0
1	9	8	-5.997526449936053	0.9999999989946888	0.5423076923076923	36492.0	2627.0	2424.0	234.0	94.0	4356.0	353.0	176.0	212.0	2514.0	96.0	150.0	111.0	154.0	7.0
8	1	9	-0.9357842687843493	0.8253078791288951	1.2268041237113403	36492.0	2424.0	4356.0	212.0	150.0	2627.0	234.0	94.0	353.0	2514.0	111.0	176.0	154.0	96.0	7.0
2	3	4	-99999.9	1.0	-0.016363636363636365	39407.0	1715.0	1847.0	696.0	71.0	2308.0	137.0	50.0	128.0	3265.0	92.0	72.0	68.0	141.0	3.0
2	4	3	0.5568204881570965	0.28882501187917065	0.015597920277296359	39407.0	1847.0	1715.0	696.0	71.0	2308.0	128.0	72.0	137.0	3265.0	68.0	50.0	92.0	141.0	3.0
3	2	4	-34.58473920886854	1.0	0.5039929015084295	39407.0	1715.0	2308.0	137.0	50.0	1847.0	696.0	71.0	128.0	3265.0	92.0	72.0	141.0	68.0	3.0
2	3	5	-99999.9	1.0	-0.023636363636363636	39413.0	1709.0	1849.0	697.0	68.0	2310.0	134.0	51.0	121.0	3279.0	85.0	73.0	68.0	140.0	3.0
2	5	3	0.8221056101775706	0.20550834176945498	0.022071307300509338	39413.0	1849.0	1709.0	697.0	68.0	2310.0	121.0	73.0	134.0	3279.0	68.0	51.0	85.0	140.0	3.0
3	2	5	-35.60349680999784	1.0	0.5057067603160668	39413.0	1709.0	2310.0	134.0	51.0	1849.0	697.0	68.0	121.0	3279.0	85.0	73.0	140.0	68.0	3.0
2	3	6	-99999.9	1.0	-0.0018214936247723133	39397.0	1725.0	1865.0	688.0	61.0	2304.0	138.0	53.0	137.0	3259.0	89.0	74.0	67.0	140.0	3.0
2	6	3	0.06034559521077893	0.4759401246415843	0.0018115942028985507	39397.0	1865.0	1725.0	688.0	61.0	2304.0	137.0	74.0	138.0	3259.0	67.0	53.0	89.0	140.0	3.0
3	2	6	-33.19007736592831	1.0	0.5004541326067211	39397.0	1725.0	2304.0	138.0	53.0	1865.0	688.0	61.0	137.0	3259.0	89.0	74.0	140.0	67.0	3.0
2	3	7	-99999.9	1.0	-0.012433392539964477	39272.0	1850.0	1845.0	699.0	70.0	2317.0	129.0	49.0	122.0	3286.0	77.0	76.0	69.0	137.0	2.0
2	7	3	0.44426807382578576	0.3284244187095331	0.011986301369863015	39272.0	1845.0	1850.0	699.0	70.0	2317.0	122.0	76.0	129.0	3286.0	69.0	49.0	77.0	137.0	2.0
3	2	7	-36.176114582956735	1.0	0.5030514385353095	39272.0	1850.0	2317.0	129.0	49.0	1845.0	699.0	70.0	122.0	3286.0	77.0	76.0	137.0	69.0	2.0
2	3	8	-99999.9	1.0	-0.0017667844522968195	39270.0	1852.0	1846.0	701.0	67.0	2310.0	134.0	51.0	133.0	3285.0	67.0	75.0	65.0	141.0	3.0
2	8	3	0.061240983274799425	0.47558357591052314	0.0017574692442882249	39270.0	1846.0	1852.0	701.0	67.0	2310.0	133.0	75.0	134.0	3285.0	65.0	51.0	67.0	141.0	3.0
3	2	8	-34.723637516811195	1.0	0.5004405286343612	39270.0	1852.0	2310.0	134.0	51.0	1846.0	701.0	67.0	133.0	3285.0	67.0	75.0	141.0	65.0	3.0
2	3	9	0.05674890034140826	0.47737254088992465	0.9981132075471698	38561.0	2561.0	2367.0	156.0	91.0	2271.0	155.0	69.0	684.0	2655.0	146.0	121.0	77.0	75.0	11.0
2	9	3	-29.96341938026347	1.0	0.5004730368968779	38561.0	2367.0	2561.0	156.0	91.0	2271.0	684.0	121.0	155.0	2655.0	77.0	69.0	146.0	75.0	11.0
3	2	9	-0.056641624537360234	0.5225847309636822	1.0018975332068312	38561.0	2561.0	2271.0	155.0	69.0	2367.0	156.0	91.0	684.0	2655.0	146.0	121.0	75.0	77.0	11.0
2	4	5	-99999.9	1.0	-0.002172024326672459	41111.0	143.0	151.0	2323.0	8.0	2488.0	16.0	4.0	11.0	3457.0	2.0	5.0	8.0	273.0	0.0
2	5	4	0.9611276105662341	0.16824399883921293	0.0021579628830384117	41111.0	151.0	143.0	2323.0	8.0	2488.0	11.0	5.0	16.0	3457.0	8.0	4.0	2.0	273.0	0.0
4	2	5	-443.464279515262	1.0	0.5005412426932235	41111.0	143.0	2488.0	16.0	4.0	151.0	2323.0	8.0	11.0	3457.0	2.0	5.0	273.0	8.0	0.0
2	4	6	0.6269688476184248	0.2653397712518235	0.01557632398753894	39608.0	1646.0	1654.0	756.0	72.0	2331.0	124.0	53.0	134.0	3253.0	83.0	50.0	87.0	145.0	4.0
2	6	4	-99999.9	1.0	-0.01633986928104575	39608.0	1654.0	1646.0	756.0	72.0	2331.0	134.0	50.0	124.0	3253.0	87.0	53.0	83.0	145.0	4.0
4	2	6	-38.99746232186601	1.0	0.49601275917065396	39608.0	1646.0	2331.0	124.0	53.0	1654.0	756.0	72.0	134.0	3253.0	83.0	50.0	145.0	87.0	4.0
2	4	7	0.1303586335133611	0.4481413121305311	0.003076923076923077	39494.0	1760.0	1623.0	765.0	94.0	2342.0	117.0	49.0	119.0	3282.0	69.0	54.0	85.0	144.0	3.0
2	7	4	-99999.9	1.0	-0.0031055900621118015	39494.0	1623.0	1760.0	765.0	94.0	2342.0	119.0	54.0	117.0	3282.0	85.0	49.0	69.0	144.0	3.0
4	2	7	-42.10583862481552	1.0	0.4992272024729521	39494.0	1760.0	2342.0	117.0	49.0	1623.0	765.0	94.0	119.0	3282.0	69.0	54.0	144.0	85.0	3.0
2	4	8	0.38258408020361767	0.3510141439499692	0.009104704097116844	39492.0	1762.0	1624.0	774.0	84.0	2340.0	121.0	47.0	127.0	3279.0	64.0	51.0	84.0	147.0	4.0
2	8	4	-99999.9	1.0	-0.0093603744149766	39492.0	1624.0	1762.0	774.0	84.0	2340.0	127.0	51.0	121.0	3279.0	84.0	47.0	64.0	147.0	4.0
4	2	8	-41.25531664862348	1.0	0.49769230769230766	39492.0	1762.0	2340.0	121.0	47.0	1624.0	774.0	84.0	127.0	3279.0	64.0	51.0	147.0	84.0	4.0
2	4	9	-0.8838082473119323	0.8116001683597989	1.0290135396518376	38656.0	2598.0	2272.0	132.0	78.0	2292.0	147.0	69.0	679.0	2647.0	144.0	105.0	93.0	78.0	10.0
2	9	4	-32.229540751975115	1.0	0.4930491195551437	38656.0	2272.0	2598.0	132.0	78.0	2292.0	679.0	105.0	147.0	2647.0	93.0	69.0	144.0	78.0	10.0
4	2	9	0.9087276527812537	0.18174692592233588	0.9733096085409253	38656.0	2598.0	2292.0	147.0	69.0	2272.0	132.0	78.0	679.0	2647.0	144.0	105.0	78.0	93.0	10.0
2	5	6	0.8973407053618688	0.18476854083059047	0.021341463414634148	39621.0	1641.0	1641.0	759.0	74.0	2333.0	117.0	54.0	131.0	3267.0	83.0	51.0	80.0	144.0	4.0
2	6	5	-99999.9	1.0	-0.02280130293159609	39621.0	1641.0	1641.0	759.0	74.0	2333.0	131.0	51.0	117.0	3267.0	80.0	54.0	83.0	144.0	4.0
5	2	6	-40.25214021194664	1.0	0.494488188976378	39621.0	1641.0	2333.0	117.0	54.0	1641.0	759.0	74.0	131.0	3267.0	83.0	51.0	144.0	80.0	4.0
2	5	7	0.33299813900902947	0.36956791184366766	0.007587253414264037	39497.0	1765.0	1620.0	765.0	89.0	2343.0	111.0	50.0	116.0	3296.0	69.0	56.0	77.0	143.0	3.0
2	7	5	-99999.9	1.0	-0.007763975155279503	39497.0	1620.0	1765.0	765.0	89.0	2343.0	116.0	56.0	111.0	3296.0	77.0	50.0	69.0	143.0	3.0
5	2	7	-43.2231584433719	1.0	0.4980813507290867	39497.0	1765.0	2343.0	111.0	50.0	1620.0	765.0	89.0	116.0	3296.0	69.0	56.0	143.0	77.0	3.0
2	5	8	0.5856860569598622	0.2790432101818854	0.013432835820895522	39497.0	1765.0	1619.0	776.0	79.0	2341.0	115.0	48.0	124.0	3293.0	64.0	53.0	76.0	146.0	4.0
2	8	5	-99999.9	1.0	-0.013996889580093314	39497.0	1619.0	1765.0	776.0	79.0	2341.0	124.0	53.0	115.0	3293.0	76.0	48.0	64.0	146.0	4.0
5	2	8	-42.429701015314436	1.0	0.4965727341964966	39497.0	1765.0	2341.0	115.0	48.0	1619.0	776.0	79.0	124.0	3293.0	64.0	53.0	146.0	76.0	4.0
2	5	9	-0.2415581928842856	0.5954386889476151	1.0075187969924813	38666.0	2596.0	2262.0	134.0	78.0	2296.0	138.0	70.0	674.0	2664.0	143.0	106.0	85.0	79.0	9.0
2	9	5	-32.61035603937847	1.0	0.4981412639405205	38666.0	2262.0	2596.0	134.0	78.0	2296.0	674.0	106.0	138.0	2664.0	85.0	70.0	143.0	79.0	9.0
5	2	9	0.2433608659655116	0.403862980441811	0.9926470588235294	38666.0	2596.0	2296.0	138.0	70.0	2262.0	134.0	78.0	674.0	2664.0	143.0	106.0	79.0	85.0	9.0
2	6	7	-99999.9	1.0	-0.007478632478632478	39762.0	1500.0	1355.0	1050.0	69.0	2366.0	107.0	42.0	100.0	3299.0	65.0	49.0	78.0	156.0	2.0
2	7	6	0.48808284005170877	0.3127455875945506	0.0073145245559038665	39762.0	1355.0	1500.0	1050.0	69.0	2366.0	100.0	49.0	107.0	3299.0	78.0	42.0	65.0	156.0	2.0
6	2	7	-65.7517311669657	1.0	0.5018489170628632	39762.0	1500.0	2366.0	107.0	42.0	1355.0	1050.0	69.0	100.0	3299.0	65.0	49.0	156.0	78.0	2.0
2	6	8	-99999.9	1.0	-0.0064034151547491995	39761.0	1501.0	1355.0	1057.0	62.0	2362.0	114.0	39.0	108.0	3296.0	60.0	48.0	74.0	160.0	3.0
2	8	6	0.4038044476294267	0.3431783104805215	0.0062827225130890054	39761.0	1355.0	1501.0	1057.0	62.0	2362.0	108.0	48.0	114.0	3296.0	74.0	39.0	60.0	160.0	3.0
6	2	8	-63.46459901909142	1.0	0.5015856236786469	39761.0	1501.0	2362.0	114.0	39.0	1355.0	1057.0	62.0	108.0	3296.0	60.0	48.0	160.0	74.0	3.0
2	6	9	-0.8452406724783227	0.8010118090778424	1.0294117647058822	38673.0	2589.0	2255.0	145.0	74.0	2285.0	160.0	70.0	685.0	2638.0	141.0	106.0	89.0	81.0	9.0
2	9	6	-30.428664209219622	1.0	0.4929577464788732	38673.0	2255.0	2589.0	145.0	74.0	2285.0	685.0	106.0	160.0	2638.0	89.0	70.0	141.0	81.0	9.0
6	2	9	0.8693904059777033	0.19231677425818194	0.972972972972973	38673.0	2589.0	2285.0	160.0	70.0	2255.0	145.0	74.0	685.0	2638.0	141.0	106.0	81.0	89.0	9.0
2	7	8	0.47932750400694424	0.31585283901544037	0.0029103608847497087	40307.0	810.0	809.0	1765.0	45.0	2439.0	52.0	24.0	57.0	3396.0	31.0	22.0	36.0	205.0	2.0
2	8	7	-99999.9	1.0	-0.0029359953024075164	40307.0	809.0	810.0	1765.0	45.0	2439.0	57.0	22.0	52.0	3396.0	36.0	24.0	31.0	205.0	2.0
7	2	8	-163.7382753687721	1.0	0.49926921952645426	40307.0	810.0	2439.0	52.0	24.0	809.0	1765.0	45.0	57.0	3396.0	31.0	22.0	205.0	36.0	2.0
2	7	9	0.2903992406845623	0.3857554793337423	0.9908256880733946	38555.0	2562.0	2373.0	152.0	94.0	2291.0	147.0	77.0	687.0	2658.0	139.0	98.0	82.0	77.0	8.0
2	9	7	-31.072718753248097	1.0	0.5023255813953489	38555.0	2373.0	2562.0	152.0	94.0	2291.0	687.0	98.0	147.0	2658.0	82.0	77.0	139.0	77.0	8.0
7	2	9	-0.28771035882637186	0.6132157034015615	1.009433962264151	38555.0	2562.0	2291.0	147.0	77.0	2373.0	152.0	94.0	687.0	2658.0	139.0	98.0	77.0	82.0	8.0
2	8	9	0.6177923208468621	0.2683560691059086	0.9798165137614679	38557.0	2559.0	2371.0	167.0	82.0	2291.0	156.0	71.0	690.0	2653.0	141.0	95.0	78.0	82.0	7.0
2	9	8	-29.373216709355322	1.0	0.5052034058656576	38557.0	2371.0	2559.0	167.0	82.0	2291.0	690.0	95.0	156.0	2653.0	78.0	71.0	141.0	82.0	7.0
8	2	9	-0.6050662618032001	0.7274325646338506	1.021484375	38557.0	2559.0	2291.0	156.0	71.0	2371.0	167.0	82.0	690.0	2653.0	141.0	95.0	82.0	78.0	7.0
3	4	5	-99999.9	1.0	-0.004662004662004662	41571.0	144.0	152.0	1742.0	8.0	2028.0	18.0	1.0	10.0	4090.0	2.0	5.0	8.0	221.0	0.0
3	5	4	1.5106568663782394	0.06543797532526008	0.004597701149425287	41571.0	152.0	144.0	1742.0	8.0	2028.0	10.0	5.0	18.0	4090.0	8.0	1.0	2.0	221.0	0.0
4	3	5	-325.5465547045088	1.0	0.5011574074074074	41571.0	144.0	2028.0	18.0	1.0	152.0	1742.0	8.0	10.0	4090.0	2.0	5.0	221.0	8.0	0.0
3	4	6	1.3394686447822202	0.09020914203495889	0.1923076923076923	40049.0	1666.0	1652.0	205.0	45.0	1890.0	121.0	36.0	141.0	3865.0	96.0	45.0	101.0	84.0	4.0
3	6	4	-99999.9	1.0	-0.45454545454545453	40049.0	1652.0	1666.0	205.0	45.0	1890.0	141.0	45.0	121.0	3865.0	101.0	36.0	96.0	84.0	4.0
4	3	6	-4.286299663303103	0.9999909099170505	0.4324324324324324	40049.0	1666.0	1890.0	121.0	36.0	1652.0	205.0	45.0	141.0	3865.0	96.0	45.0	84.0	101.0	4.0
3	4	7	-99999.9	1.0	-0.09090909090909091	39956.0	1759.0	1633.0	212.0	57.0	1880.0	128.0	39.0	121.0	3892.0	89.0	42.0	102.0	87.0	3.0
3	7	4	0.45912950155139515	0.3230706068009819	0.07142857142857144	39956.0	1633.0	1759.0	212.0	57.0	1880.0	121.0	42.0	128.0	3892.0	102.0	39.0	89.0	87.0	3.0
4	3	7	-5.509554018616726	0.9999999819680914	0.52	39956.0	1759.0	1880.0	128.0	39.0	1633.0	212.0	57.0	121.0	3892.0	89.0	42.0	87.0	102.0	3.0
3	4	8	0.06332907848711603	0.4747521607885643	0.0	39949.0	1766.0	1631.0	215.0	56.0	1883.0	126.0	38.0	126.0	3900.0	76.0	45.0	101.0	85.0	3.0
3	8	4	0.06332907848711603	0.4747521607885643	0.0	39949.0	1631.0	1766.0	215.0	56.0	1883.0	126.0	45.0	126.0	3900.0	101.0	38.0	76.0	85.0	3.0
4	3	8	-5.605360951824424	0.9999999895810576	0.5	39949.0	1766.0	1883.0	126.0	38.0	1631.0	215.0	56.0	126.0	3900.0	76.0	45.0	85.0	101.0	3.0
3	4	9	-0.9791112285831656	0.8362374861932407	1.0138121546961325	39090.0	2625.0	1742.0	108.0	52.0	1858.0	123.0	66.0	1224.0	2686.0	192.0	90.0	77.0	63.0	4.0
3	9	4	-72.84587540658744	1.0	0.496617050067659	39090.0	1742.0	2625.0	108.0	52.0	1858.0	1224.0	90.0	123.0	2686.0	77.0	66.0	192.0	63.0	4.0
4	3	9	0.9924506186183586	0.16048888545438367	0.986737400530504	39090.0	2625.0	1858.0	123.0	66.0	1742.0	108.0	52.0	1224.0	2686.0	192.0	90.0	63.0	77.0	4.0
3	5	6	1.8441568510631912	0.03258008275535729	0.22500000000000003	40060.0	1663.0	1641.0	206.0	47.0	1894.0	113.0	36.0	140.0	3880.0	96.0	42.0	94.0	84.0	4.0
3	6	5	-99999.9	1.0	-0.6923076923076924	40060.0	1641.0	1663.0	206.0	47.0	1894.0	140.0	42.0	113.0	3880.0	94.0	36.0	96.0	84.0	4.0
5	3	6	-4.507938969265579	0.9999967239359746	0.41509433962264153	40060.0	1663.0	1894.0	113.0	36.0	1641.0	206.0	47.0	140.0	3880.0	96.0	42.0	84.0	94.0	4.0
3	5	7	0.0648883797661665	0.47413136667475864	0.0	39956.0	1767.0	1633.0	210.0	51.0	1884.0	120.0	39.0	120.0	3907.0	89.0	39.0	95.0	87.0	3.0
3	7	5	0.0648883797661665	0.47413136667475864	0.0	39956.0	1633.0	1767.0	210.0	51.0	1884.0	120.0	39.0	120.0	3907.0	95.0	39.0	89.0	87.0	3.0
5	3	7	-5.808265090105188	0.9999999968339548	0.5	39956.0	1767.0	1884.0	120.0	39.0	1633.0	210.0	51.0	120.0	3907.0	89.0	39.0	87.0	95.0	3.0
3	5	8	0.4637932808059427	0.32139794700332047	0.0673076923076923	39951.0	1772.0	1629.0	215.0	50.0	1887.0	118.0	38.0	125.0	3915.0	76.0	42.0	94.0	85.0	3.0
3	8	5	-99999.9	1.0	-0.08433734939759036	39951.0	1629.0	1772.0	215.0	50.0	1887.0	125.0	42.0	118.0	3915.0	94.0	38.0	76.0	85.0	3.0
5	3	8	-5.963056467504982	0.9999999987578636	0.4812834224598931	39951.0	1772.0	1887.0	118.0	38.0	1629.0	215.0	50.0	125.0	3915.0	76.0	42.0	85.0	94.0	3.0
3	5	9	-0.1987966146377572	0.5787890539593172	1.0027124773960217	39102.0	2621.0	1730.0	112.0	52.0	1860.0	115.0	68.0	1224.0	2702.0	190.0	88.0	69.0	63.0	4.0
3	9	5	-73.68727849239517	1.0	0.4993246285457001	39102.0	1730.0	2621.0	112.0	52.0	1860.0	1224.0	88.0	115.0	2702.0	69.0	68.0	190.0	63.0	4.0
5	3	9	0.19933438726527142	0.4210006151774133	0.9973094170403587	39102.0	2621.0	1860.0	115.0	68.0	1730.0	112.0	52.0	1224.0	2702.0	190.0	88.0	63.0	69.0	4.0
3	6	7	-99999.9	1.0	-0.07309941520467837	40204.0	1497.0	1385.0	485.0	46.0	1924.0	118.0	34.0	93.0	3917.0	77.0	26.0	87.0	103.0	4.0
3	7	6	1.760813614714763	0.03913493303578508	0.05995203836930456	40204.0	1385.0	1497.0	485.0	46.0	1924.0	93.0	26.0	118.0	3917.0	87.0	34.0	77.0	103.0	4.0
6	3	7	-25.84874386401273	1.0	0.5164690382081687	40204.0	1497.0	1924.0	118.0	34.0	1385.0	485.0	46.0	93.0	3917.0	77.0	26.0	103.0	87.0	4.0
3	6	8	-99999.9	1.0	-0.05698005698005699	40194.0	1507.0	1386.0	487.0	43.0	1929.0	116.0	31.0	96.0	3925.0	66.0	29.0	86.0	101.0	4.0
3	8	6	1.4009685679782247	0.08061179067838886	0.048661800486618	40194.0	1386.0	1507.0	487.0	43.0	1929.0	96.0	29.0	116.0	3925.0	86.0	31.0	66.0	101.0	4.0
6	3	8	-25.987966935996056	1.0	0.5131233595800525	40194.0	1507.0	1929.0	116.0	31.0	1386.0	487.0	43.0	96.0	3925.0	66.0	29.0	101.0	86.0	4.0
3	6	9	-0.9211148765142435	0.8215047941189256	1.014058106841612	39094.0	2607.0	1738.0	123.0	55.0	1864.0	138.0	74.0	1220.0	2681.0	186.0	88.0	67.0	60.0	5.0
3	9	6	-67.3642013024083	1.0	0.49655805415328136	39094.0	1738.0	2607.0	123.0	55.0	1864.0	1220.0	88.0	138.0	2681.0	67.0	74.0	186.0	60.0	5.0
6	3	9	0.9338844912533506	0.17518172361315743	0.9865107913669064	39094.0	2607.0	1864.0	138.0	74.0	1738.0	123.0	55.0	1220.0	2681.0	186.0	88.0	60.0	67.0	5.0
3	7	8	0.7511984955044456	0.22626653497139237	0.006986899563318777	40774.0	815.0	806.0	1190.0	32.0	1972.0	53.0	18.0	61.0	4027.0	34.0	21.0	47.0	149.0	1.0
3	8	7	-99999.9	1.0	-0.007136485280999108	40774.0	806.0	815.0	1190.0	32.0	1972.0	61.0	21.0	53.0	4027.0	47.0	18.0	34.0	149.0	1.0
7	3	8	-106.01288767806503	1.0	0.4982347749338041	40774.0	815.0	1972.0	53.0	18.0	806.0	1190.0	32.0	61.0	4027.0	34.0	21.0	149.0	47.0	1.0
3	7	9	0.06338798263223064	0.47472870855338023	0.9991007194244604	38996.0	2593.0	1836.0	125.0	67.0	1850.0	124.0	69.0	1235.0	2700.0	187.0	87.0	62.0	62.0	7.0
3	9	7	-70.36066072177731	1.0	0.5002251238180999	38996.0	1836.0	2593.0	125.0	67.0	1850.0	1235.0	87.0	124.0	2700.0	62.0	69.0	187.0	62.0	7.0
7	3	9	-0.06333092774237264	0.5252485754796146	1.000901713255185	38996.0	2593.0	1850.0	124.0	69.0	1836.0	125.0	67.0	1235.0	2700.0	187.0	87.0	62.0	62.0	7.0
3	8	9	0.6761232384457581	0.2494811350392141	0.990152193375112	38989.0	2591.0	1843.0	139.0	55.0	1859.0	128.0	67.0	1234.0	2703.0	190.0	79.0	55.0	60.0	8.0
3	9	8	-67.30499509982778	1.0	0.5024988641526579	38989.0	1843.0	2591.0	139.0	55.0	1859.0	1234.0	79.0	128.0	2703.0	55.0	67.0	190.0	60.0	8.0
8	3	9	-0.6693986854413246	0.7483794708265508	1.0101476014760147	38989.0	2591.0	1859.0	128.0	67.0	1843.0	139.0	55.0	1234.0	2703.0	190.0	79.0	60.0	55.0	8.0
4	5	6	2.038020853609187	0.02077385608441551	0.9940369707811568	41798.0	1801.0	141.0	17.0	5.0	156.0	7.0	4.0	1674.0	4145.0	234.0	8.0	2.0	8.0	0.0
4	6	5	-337.7000554430435	1.0	0.5015042117930205	41798.0	141.0	1801.0	17.0	5.0	156.0	1674.0	8.0	7.0	4145.0	2.0	4.0	234.0	8.0	0.0
5	4	6	-2.025795173623529	0.9786071788671307	1.0060716454159078	41798.0	1801.0	156.0	7.0	4.0	141.0	17.0	5.0	1674.0	4145.0	234.0	8.0	8.0	2.0	0.0
4	5	7	1.0412162637277635	0.1488876198688226	0.9969381506429884	41687.0	1912.0	149.0	14.0	0.0	153.0	9.0	5.0	1637.0	4180.0	236.0	6.0	2.0	10.0	0.0
4	7	5	-337.9787992060305	1.0	0.5007689941556445	41687.0	149.0	1912.0	14.0	0.0	153.0	1637.0	6.0	9.0	4180.0	2.0	5.0	236.0	10.0	0.0
5	4	7	-1.0380184250799511	0.8503692372803361	1.0030902348578492	41687.0	1912.0	153.0	9.0	5.0	149.0	14.0	0.0	1637.0	4180.0	236.0	6.0	10.0	2.0	0.0
4	5	8	1.7028798034115469	0.044295251984255435	0.9951308581862447	41685.0	1914.0	147.0	15.0	1.0	153.0	7.0	7.0	1642.0	4191.0	220.0	7.0	2.0	9.0	0.0
4	8	5	-346.32318001882226	1.0	0.5012262415695892	41685.0	147.0	1914.0	15.0	1.0	153.0	1642.0	7.0	7.0	4191.0	2.0	7.0	220.0	9.0	0.0
5	4	8	-1.6945476698168727	0.9549193972802592	1.0049413218035825	41685.0	1914.0	153.0	7.0	7.0	147.0	15.0	1.0	1642.0	4191.0	220.0	7.0	9.0	2.0	0.0
4	5	9	2.5945935777711013	0.004735174485308913	0.9955203308063405	40810.0	2789.0	138.0	19.0	6.0	152.0	6.0	9.0	2895.0	2850.0	308.0	9.0	1.0	8.0	0.0
4	9	5	-574.0039330515219	1.0	0.5011274934952298	40810.0	138.0	2789.0	19.0	6.0	152.0	2895.0	9.0	6.0	2850.0	1.0	9.0	308.0	8.0	0.0
5	4	9	-2.5829183557181334	0.995101543896423	1.0045406915822563	40810.0	2789.0	152.0	6.0	9.0	138.0	19.0	6.0	2895.0	2850.0	308.0	9.0	8.0	1.0	0.0
4	6	7	-99999.9	1.0	-0.11244979919678715	40443.0	1496.0	1393.0	389.0	41.0	1685.0	112.0	41.0	84.0	3989.0	81.0	27.0	90.0	127.0	2.0
4	7	6	2.0605226857113057	0.019674233571061017	0.08408408408408408	40443.0	1393.0	1496.0	389.0	41.0	1685.0	84.0	27.0	112.0	3989.0	90.0	41.0	81.0	127.0	2.0
6	4	7	-20.38445656935828	1.0	0.5240549828178694	40443.0	1496.0	1685.0	112.0	41.0	1393.0	389.0	41.0	84.0	3989.0	81.0	27.0	127.0	90.0	2.0
4	6	8	-99999.9	1.0	-0.12096774193548386	40441.0	1498.0	1391.0	397.0	35.0	1682.0	119.0	37.0	89.0	3992.0	73.0	31.0	89.0	124.0	2.0
4	8	6	2.146340340041852	0.01592286108287111	0.08875739644970415	40441.0	1391.0	1498.0	397.0	35.0	1682.0	89.0	31.0	119.0	3992.0	89.0	37.0	73.0	124.0	2.0
6	4	8	-19.889420484387838	1.0	0.5255972696245733	40441.0	1498.0	1682.0	119.0	37.0	1391.0	397.0	35.0	89.0	3992.0	73.0	31.0	124.0	89.0	2.0
4	6	9	-0.13004796569690485	0.5517357957235707	1.0017152658662092	39285.0	2654.0	1663.0	117.0	43.0	1673.0	119.0	46.0	1287.0	2670.0	197.0	96.0	68.0	77.0	5.0
4	9	6	-76.07805993268916	1.0	0.49957228400342174	39285.0	1663.0	2654.0	117.0	43.0	1673.0	1287.0	96.0	119.0	2670.0	68.0	46.0	197.0	77.0	5.0
6	4	9	0.13027065056967352	0.44817611540074886	0.9982935153583617	39285.0	2654.0	1673.0	119.0	46.0	1663.0	117.0	43.0	1287.0	2670.0	197.0	96.0	77.0	68.0	5.0
4	7	8	0.19620340078302542	0.42222550510166523	0.001923076923076923	41021.0	815.0	811.0	1089.0	26.0	1725.0	51.0	20.0	53.0	4100.0	38.0	24.0	49.0	177.0	1.0
4	8	7	-99999.9	1.0	-0.0019342359767891683	41021.0	811.0	815.0	1089.0	26.0	1725.0	53.0	24.0	51.0	4100.0	49.0	20.0	38.0	177.0	1.0
7	4	8	-101.63336160560728	1.0	0.49951783992285437	41021.0	815.0	1725.0	51.0	20.0	811.0	1089.0	26.0	53.0	4100.0	38.0	24.0	177.0	49.0	1.0
4	7	9	1.1659868998118554	0.1218099307555216	0.9860312243221035	39201.0	2635.0	1747.0	116.0	63.0	1645.0	99.0	52.0	1299.0	2698.0	194.0	112.0	60.0	73.0	6.0
4	9	7	-81.13897073396618	1.0	0.5035669324381032	39201.0	1747.0	2635.0	116.0	63.0	1645.0	1299.0	112.0	99.0	2698.0	60.0	52.0	194.0	73.0	6.0
7	4	9	-1.1494687520645208	0.8748185712086796	1.0145797598627788	39201.0	2635.0	1645.0	99.0	52.0	1747.0	116.0	63.0	1299.0	2698.0	194.0	112.0	73.0	60.0	6.0
4	8	9	1.636771645786499	0.05083908467820242	0.9795918367346939	39201.0	2631.0	1747.0	131.0	52.0	1647.0	106.0	49.0	1306.0	2698.0	196.0	103.0	53.0	73.0	7.0
4	9	8	-76.92826735196543	1.0	0.5052631578947369	39201.0	1747.0	2631.0	131.0	52.0	1647.0	1306.0	103.0	106.0	2698.0	53.0	49.0	196.0	73.0	7.0
8	4	9	-1.6026722364992805	0.94549648310965	1.0217391304347827	39201.0	2631.0	1647.0	106.0	49.0	1747.0	131.0	52.0	1306.0	2698.0	196.0	103.0	73.0	53.0	7.0
5	6	7	-99999.9	1.0	-0.10121457489878544	40451.0	1503.0	1389.0	382.0	41.0	1677.0	110.0	36.0	85.0	4004.0	81.0	30.0	90.0	119.0	2.0
5	7	6	1.8425667238589831	0.032696088723105365	0.07763975155279504	40451.0	1389.0	1503.0	382.0	41.0	1677.0	85.0	30.0	110.0	4004.0	90.0	36.0	81.0	119.0	2.0
6	5	7	-20.04712595558574	1.0	0.5219683655536028	40451.0	1503.0	1677.0	110.0	36.0	1389.0	382.0	41.0	85.0	4004.0	81.0	30.0	119.0	90.0	2.0
5	6	8	-99999.9	1.0	-0.11983471074380164	40451.0	1503.0	1387.0	390.0	35.0	1672.0	119.0	32.0	90.0	4007.0	73.0	34.0	89.0	116.0	2.0
5	8	6	2.0704959960075024	0.01920289497876526	0.08814589665653495	40451.0	1387.0	1503.0	390.0	35.0	1672.0	90.0	34.0	119.0	4007.0	89.0	32.0	73.0	116.0	2.0
6	5	8	-19.34842810062183	1.0	0.5253940455341506	40451.0	1503.0	1672.0	119.0	32.0	1387.0	390.0	35.0	90.0	4007.0	73.0	34.0	116.0	89.0	2.0
5	6	9	-0.8572846064339776	0.8043562373291806	1.0112749349522983	39301.0	2653.0	1661.0	107.0	44.0	1657.0	120.0	46.0	1286.0	2688.0	196.0	99.0	69.0	69.0	4.0
5	9	6	-77.74911930658921	1.0	0.49722814498933904	39301.0	1661.0	2653.0	107.0	44.0	1657.0	1286.0	99.0	120.0	2688.0	69.0	46.0	196.0	69.0	4.0
6	5	9	0.8668426680837561	0.19301406896486795	0.9890939597315436	39301.0	2653.0	1657.0	120.0	46.0	1661.0	107.0	44.0	1286.0	2688.0	196.0	99.0	69.0	69.0	4.0
5	7	8	0.09901354703778571	0.46056369926386387	0.0	41024.0	816.0	814.0	1086.0	26.0	1722.0	51.0	19.0	51.0	4115.0	38.0	23.0	49.0	165.0	1.0
5	8	7	0.09901354703778571	0.46056369926386387	0.0	41024.0	814.0	816.0	1086.0	26.0	1722.0	51.0	23.0	51.0	4115.0	49.0	19.0	38.0	165.0	1.0
7	5	8	-102.4300721789348	1.0	0.5	41024.0	816.0	1722.0	51.0	19.0	814.0	1086.0	26.0	51.0	4115.0	38.0	23.0	165.0	49.0	1.0
5	7	9	0.4169066872225524	0.3383733728468369	0.9950083194675541	39207.0	2633.0	1755.0	107.0	64.0	1639.0	101.0	52.0	1297.0	2715.0	192.0	106.0	61.0	65.0	6.0
5	9	7	-82.68649296580607	1.0	0.501257334450964	39207.0	1755.0	2633.0	107.0	64.0	1639.0	1297.0	106.0	101.0	2715.0	61.0	52.0	192.0	65.0	6.0
7	5	9	-0.4148151821027068	0.6608613549030065	1.0050675675675675	39207.0	2633.0	1639.0	101.0	52.0	1755.0	107.0	64.0	1297.0	2715.0	192.0	106.0	65.0	61.0	6.0
5	8	9	0.9276413434643773	0.17679680352945415	0.9884583676834295	39210.0	2628.0	1752.0	122.0	54.0	1638.0	108.0	50.0	1307.0	2715.0	193.0	97.0	54.0	65.0	7.0
5	9	8	-78.51821371466336	1.0	0.5029362416107384	39210.0	1752.0	2628.0	122.0	54.0	1638.0	1307.0	97.0	108.0	2715.0	54.0	50.0	193.0	65.0	7.0
8	5	9	-0.9168098348667949	0.8203788737848277	1.0119555935098206	39210.0	2628.0	1638.0	108.0	50.0	1752.0	122.0	54.0	1307.0	2715.0	193.0	97.0	65.0	54.0	7.0
6	7	8	0.09854856058480402	0.46074829890077584	0.0013123359580052493	41304.0	824.0	819.0	812.0	18.0	1442.0	51.0	11.0	52.0	4411.0	42.0	17.0	51.0	143.0	3.0
6	8	7	-99999.9	1.0	-0.0013175230566534913	41304.0	819.0	824.0	812.0	18.0	1442.0	52.0	17.0	51.0	4411.0	51.0	11.0	42.0	143.0	3.0
7	6	8	-74.89690604445082	1.0	0.49967126890203817	41304.0	824.0	1442.0	51.0	11.0	819.0	812.0	18.0	52.0	4411.0	42.0	17.0	143.0	51.0	3.0
6	7	9	1.0839995264356386	0.13918254392876273	0.9900596421471173	39477.0	2651.0	1481.0	104.0	64.0	1369.0	89.0	46.0	1583.0	2721.0	201.0	94.0	54.0	62.0	4.0
6	9	7	-106.88235330655398	1.0	0.5025227043390514	39477.0	1481.0	2651.0	104.0	64.0	1369.0	1583.0	94.0	89.0	2721.0	54.0	46.0	201.0	62.0	4.0
7	6	9	-1.0731159970537547	0.8583904267183082	1.0102459016393444	39477.0	2651.0	1369.0	89.0	46.0	1481.0	104.0	64.0	1583.0	2721.0	201.0	94.0	62.0	54.0	4.0
6	8	9	1.9266415314827254	0.027012091772195324	0.981651376146789	39475.0	2648.0	1483.0	121.0	50.0	1373.0	93.0	45.0	1591.0	2721.0	201.0	82.0	50.0	60.0	7.0
6	9	8	-101.14868040284311	1.0	0.5047169811320754	39475.0	1483.0	2648.0	121.0	50.0	1373.0	1591.0	82.0	93.0	2721.0	50.0	45.0	201.0	60.0	7.0
8	6	9	-1.890629540240058	0.970663158031606	1.0194174757281553	39475.0	2648.0	1373.0	93.0	45.0	1483.0	121.0	50.0	1591.0	2721.0	201.0	82.0	60.0	50.0	7.0
7	8	9	0.9547564631674598	0.16985042648069482	0.9955810870525851	40050.0	2696.0	796.0	60.0	30.0	798.0	50.0	40.0	2303.0	2812.0	251.0	57.0	25.0	30.0	2.0
7	9	8	-214.15187468846182	1.0	0.5011120996441281	40050.0	796.0	2696.0	60.0	30.0	798.0	2303.0	57.0	50.0	2812.0	25.0	40.0	251.0	30.0	2.0
8	7	9	-0.9505187513913061	0.8290756443178332	1.0044782803403494	40050.0	2696.0	798.0	50.0	40.0	796.0	60.0	30.0	2303.0	2812.0	251.0	57.0	30.0	25.0	2.0
