P1	Hybrid	P2	Zscore	Pvalue	Gamma	AAAA	AAAB	AABA	AABB	AABC	ABAA	ABAB	ABAC	ABBA	BAAA	ABBC	CABC	BACA	BCAA	ABCD
1	2	3	-99999.9	1.0	-0.05063291139240507	7430.0	252.0	247.0	284.0	16.0	1060.0	35.0	17.0	23.0	527.0	10.0	19.0	17.0	63.0	0.0
1	3	2	1.594627937406743	0.05539773193876296	0.04395604395604396	7430.0	247.0	252.0	284.0	16.0	1060.0	23.0	19.0	35.0	527.0	17.0	17.0	10.0	63.0	0.0
2	1	3	-33.08852970118989	1.0	0.511764705882353	7430.0	252.0	1060.0	35.0	17.0	247.0	284.0	16.0	23.0	527.0	10.0	19.0	63.0	17.0	0.0
1	2	4	-99999.9	1.0	-0.04149377593360996	7414.0	268.0	247.0	284.0	16.0	1061.0	33.0	18.0	23.0	528.0	9.0	19.0	18.0	62.0	0.0
1	4	2	1.3510487570288474	0.08833997020369722	0.03690036900369003	7414.0	247.0	268.0	284.0	16.0	1061.0	23.0	19.0	33.0	528.0	18.0	18.0	9.0	62.0	0.0
2	1	4	-33.91132380142411	1.0	0.509765625	7414.0	268.0	1061.0	33.0	18.0	247.0	284.0	16.0	23.0	528.0	9.0	19.0	62.0	18.0	0.0
1	2	5	-99999.9	1.0	-0.016	7419.0	263.0	249.0	285.0	13.0	1059.0	31.0	22.0	27.0	515.0	18.0	17.0	16.0	66.0	0.0
1	5	2	0.528257061863683	0.298660448352119	0.015267175572519083	7419.0	249.0	263.0	285.0	13.0	1059.0	27.0	17.0	31.0	515.0	16.0	22.0	18.0	66.0	0.0
2	1	5	-33.54432342834387	1.0	0.50390625	7419.0	263.0	1059.0	31.0	22.0	249.0	285.0	13.0	27.0	515.0	18.0	17.0	66.0	16.0	0.0
1	2	6	-99999.9	1.0	-0.03225806451612903	7428.0	254.0	246.0	289.0	12.0	1061.0	33.0	18.0	25.0	521.0	14.0	17.0	16.0	66.0	0.0
1	6	2	1.0608339893674468	0.14438270832643152	0.029411764705882356	7428.0	246.0	254.0	289.0	12.0	1061.0	25.0	17.0	33.0	521.0	16.0	18.0	14.0	66.0	0.0
2	1	6	-33.946687659758304	1.0	0.5076923076923077	7428.0	254.0	1061.0	33.0	18.0	246.0	289.0	12.0	25.0	521.0	14.0	17.0	66.0	16.0	0.0
1	2	7	1.1013358546636534	0.13537530054522462	0.04591836734693878	7368.0	314.0	314.0	217.0	16.0	1055.0	30.0	27.0	39.0	498.0	23.0	25.0	19.0	55.0	0.0
1	7	2	-99999.9	1.0	-0.05325443786982249	7368.0	314.0	314.0	217.0	16.0	1055.0	39.0	25.0	30.0	498.0	19.0	27.0	23.0	55.0	0.0
2	1	7	-21.78197579223671	1.0	0.4876712328767123	7368.0	314.0	1055.0	30.0	27.0	314.0	217.0	16.0	39.0	498.0	23.0	25.0	55.0	19.0	0.0
1	2	8	-99999.9	1.0	-0.01675977653631285	7371.0	311.0	316.0	216.0	15.0	1052.0	34.0	26.0	31.0	512.0	17.0	23.0	19.0	55.0	2.0
1	8	2	0.374538105406458	0.3540020647286546	0.015957446808510637	7371.0	316.0	311.0	216.0	15.0	1052.0	31.0	23.0	34.0	512.0	19.0	26.0	17.0	55.0	2.0
2	1	8	-22.721978394658503	1.0	0.5040871934604905	7371.0	311.0	1052.0	34.0	26.0	316.0	216.0	15.0	31.0	512.0	17.0	23.0	55.0	19.0	2.0
1	2	9	-99999.9	1.0	1.5714285714285714	7173.0	509.0	476.0	58.0	13.0	1021.0	54.0	37.0	43.0	497.0	20.0	36.0	25.0	37.0	1.0
1	9	2	1.1704158888000442	0.12091688281731638	0.423076923076923	7173.0	476.0	509.0	58.0	13.0	1021.0	43.0	36.0	54.0	497.0	25.0	37.0	20.0	37.0	1.0
2	1	9	-0.4256057777454697	0.6648023975390533	0.7894736842105263	7173.0	509.0	1021.0	54.0	37.0	476.0	58.0	13.0	43.0	497.0	20.0	36.0	37.0	25.0	1.0
1	3	4	0.9877711651363047	0.16163237133259523	0.0037313432835820895	7645.0	32.0	16.0	535.0	1.0	1099.0	1.0	2.0	3.0	576.0	0.0	1.0	2.0	86.0	1.0
1	4	3	-99999.9	1.0	-0.0037735849056603774	7645.0	16.0	32.0	535.0	1.0	1099.0	3.0	1.0	1.0	576.0	2.0	2.0	0.0	86.0	1.0
3	1	4	-262.74712992625876	1.0	0.49906191369606	7645.0	32.0	1099.0	1.0	2.0	16.0	535.0	1.0	3.0	576.0	0.0	1.0	86.0	2.0	1.0
1	3	5	1.2145243782448312	0.1122738395751035	0.025559105431309907	7451.0	226.0	217.0	323.0	12.0	1064.0	18.0	20.0	26.0	537.0	16.0	13.0	7.0	70.0	0.0
1	5	3	-99999.9	1.0	-0.027681660899653977	7451.0	217.0	226.0	323.0	12.0	1064.0	26.0	13.0	18.0	537.0	7.0	20.0	16.0	70.0	0.0
3	1	5	-45.08921754233933	1.0	0.49335548172757476	7451.0	226.0	1064.0	18.0	20.0	217.0	323.0	12.0	26.0	537.0	16.0	13.0	70.0	7.0	0.0
1	3	6	0.4588970235991034	0.3231540788430879	0.009771986970684038	7456.0	221.0	218.0	324.0	10.0	1067.0	20.0	15.0	23.0	543.0	13.0	13.0	7.0	70.0	0.0
1	6	3	-99999.9	1.0	-0.010067114093959731	7456.0	218.0	221.0	324.0	10.0	1067.0	23.0	13.0	20.0	543.0	7.0	15.0	13.0	70.0	0.0
3	1	6	-46.042668034443395	1.0	0.49752066115702476	7456.0	221.0	1067.0	20.0	15.0	218.0	324.0	10.0	23.0	543.0	13.0	13.0	70.0	7.0	0.0
1	3	7	2.4677769457593306	0.006797758398008558	0.08715596330275228	7362.0	315.0	320.0	220.0	12.0	1058.0	21.0	23.0	40.0	514.0	25.0	21.0	12.0	57.0	0.0
1	7	3	-99999.9	1.0	-0.11801242236024845	7362.0	320.0	315.0	220.0	12.0	1058.0	40.0	21.0	21.0	514.0	12.0	23.0	25.0	57.0	0.0
3	1	7	-23.37893948614103	1.0	0.474934036939314	7362.0	315.0	1058.0	21.0	23.0	320.0	220.0	12.0	40.0	514.0	25.0	21.0	57.0	12.0	0.0
1	3	8	1.3879830217082227	0.08257116447412649	0.0541871921182266	7367.0	310.0	320.0	219.0	13.0	1049.0	27.0	26.0	38.0	526.0	15.0	19.0	12.0	57.0	2.0
1	8	3	-99999.9	1.0	-0.06470588235294117	7367.0	320.0	310.0	219.0	13.0	1049.0	38.0	19.0	27.0	526.0	12.0	26.0	15.0	57.0	2.0
3	1	8	-22.83862972083531	1.0	0.48525469168900803	7367.0	310.0	1049.0	27.0	26.0	320.0	219.0	13.0	38.0	526.0	15.0	19.0	57.0	12.0	2.0
1	3	9	0.22134721633819426	0.4124110837507652	0.14285714285714285	7173.0	504.0	476.0	58.0	18.0	1022.0	46.0	34.0	48.0	509.0	22.0	30.0	21.0	37.0	2.0
1	9	3	-99999.9	1.0	-0.25	7173.0	476.0	504.0	58.0	18.0	1022.0	48.0	30.0	46.0	509.0	21.0	34.0	22.0	37.0	2.0
3	1	9	-1.1067360816909733	0.8657959285772919	0.45454545454545453	7173.0	504.0	1022.0	46.0	34.0	476.0	58.0	18.0	48.0	509.0	22.0	30.0	37.0	21.0	2.0
1	4	5	0.9311149846303581	0.1758970268022111	0.019230769230769232	7436.0	225.0	232.0	324.0	12.0	1065.0	18.0	20.0	24.0	538.0	17.0	14.0	6.0	69.0	0.0
1	5	4	-99999.9	1.0	-0.020408163265306124	7436.0	232.0	225.0	324.0	12.0	1065.0	24.0	14.0	18.0	538.0	6.0	20.0	17.0	69.0	0.0
4	1	5	-46.555749231517915	1.0	0.495049504950495	7436.0	225.0	1065.0	18.0	20.0	232.0	324.0	12.0	24.0	538.0	17.0	14.0	69.0	6.0	0.0
1	4	6	0.15622667006382004	0.43792716585744684	0.0032679738562091504	7441.0	220.0	233.0	325.0	10.0	1068.0	20.0	15.0	21.0	544.0	14.0	14.0	6.0	69.0	0.0
1	6	4	-99999.9	1.0	-0.0033003300330033	7441.0	233.0	220.0	325.0	10.0	1068.0	21.0	14.0	20.0	544.0	6.0	15.0	14.0	69.0	0.0
4	1	6	-47.49290769940138	1.0	0.49917898193760263	7441.0	220.0	1068.0	20.0	15.0	233.0	325.0	10.0	21.0	544.0	14.0	14.0	69.0	6.0	0.0
1	4	7	2.211211854891968	0.013510538838304997	0.07870370370370369	7348.0	313.0	334.0	221.0	13.0	1058.0	22.0	23.0	39.0	514.0	26.0	22.0	11.0	56.0	0.0
1	7	4	-99999.9	1.0	-0.10303030303030303	7348.0	334.0	313.0	221.0	13.0	1058.0	39.0	22.0	22.0	514.0	11.0	23.0	26.0	56.0	0.0
4	1	7	-23.672973975902245	1.0	0.4776902887139107	7348.0	313.0	1058.0	22.0	23.0	334.0	221.0	13.0	39.0	514.0	26.0	22.0	56.0	11.0	0.0
1	4	8	1.1511609191457048	0.1248330767173862	0.04433497536945813	7352.0	309.0	335.0	221.0	12.0	1050.0	27.0	26.0	36.0	527.0	16.0	20.0	11.0	56.0	2.0
1	8	4	-99999.9	1.0	-0.05113636363636364	7352.0	335.0	309.0	221.0	12.0	1050.0	36.0	20.0	27.0	527.0	11.0	26.0	16.0	56.0	2.0
4	1	8	-23.662752226883942	1.0	0.48812664907651715	7352.0	309.0	1050.0	27.0	26.0	335.0	221.0	12.0	36.0	527.0	16.0	20.0	56.0	11.0	2.0
1	4	9	0.10834076704554033	0.4568626411594585	0.06666666666666667	7158.0	503.0	491.0	59.0	18.0	1023.0	45.0	35.0	46.0	511.0	22.0	31.0	20.0	37.0	1.0
1	9	4	-99999.9	1.0	-0.08333333333333333	7158.0	491.0	503.0	59.0	18.0	1023.0	46.0	31.0	45.0	511.0	20.0	35.0	22.0	37.0	1.0
4	1	9	-1.4084299715920205	0.9204980524034452	0.4814814814814815	7158.0	503.0	1023.0	45.0	35.0	491.0	59.0	18.0	46.0	511.0	22.0	31.0	37.0	20.0	1.0
1	5	6	-99999.9	1.0	-0.009732360097323601	7548.0	120.0	126.0	428.0	7.0	1082.0	13.0	8.0	9.0	549.0	4.0	12.0	8.0	86.0	0.0
1	6	5	0.8534423456581957	0.19670697809735171	0.009456264775413713	7548.0	126.0	120.0	428.0	7.0	1082.0	9.0	12.0	13.0	549.0	8.0	8.0	4.0	86.0	0.0
5	1	6	-88.54464336203768	1.0	0.5023980815347722	7548.0	120.0	1082.0	13.0	8.0	126.0	428.0	7.0	9.0	549.0	4.0	12.0	86.0	8.0	0.0
1	5	7	1.7556705722502022	0.03957229400539197	0.06829268292682926	7351.0	317.0	331.0	217.0	13.0	1053.0	26.0	24.0	40.0	501.0	21.0	26.0	20.0	59.0	1.0
1	7	5	-99999.9	1.0	-0.08588957055214726	7351.0	331.0	317.0	217.0	13.0	1053.0	40.0	26.0	26.0	501.0	20.0	24.0	21.0	59.0	1.0
5	1	7	-22.196692234877553	1.0	0.48097826086956524	7351.0	317.0	1053.0	26.0	24.0	331.0	217.0	13.0	40.0	501.0	21.0	26.0	59.0	20.0	1.0
1	5	8	0.6265112227728388	0.26548978253598243	0.025641025641025637	7356.0	312.0	331.0	220.0	10.0	1046.0	30.0	27.0	35.0	514.0	13.0	25.0	21.0	58.0	2.0
1	8	5	-99999.9	1.0	-0.027777777777777776	7356.0	331.0	312.0	220.0	10.0	1046.0	35.0	25.0	30.0	514.0	21.0	27.0	13.0	58.0	2.0
5	1	8	-23.18091524259505	1.0	0.4933333333333333	7356.0	312.0	1046.0	30.0	27.0	331.0	220.0	10.0	35.0	514.0	13.0	25.0	58.0	21.0	2.0
1	5	9	-99999.9	1.0	-1.1999999999999997	7168.0	500.0	481.0	59.0	21.0	1022.0	48.0	33.0	42.0	497.0	23.0	36.0	31.0	37.0	2.0
1	9	5	0.7021919667696682	0.24127965831063003	0.2608695652173913	7168.0	481.0	500.0	59.0	21.0	1022.0	42.0	36.0	48.0	497.0	31.0	33.0	23.0	37.0	2.0
5	1	9	-1.2873519390777257	0.9010141076658205	0.6071428571428571	7168.0	500.0	1022.0	48.0	33.0	481.0	59.0	21.0	42.0	497.0	23.0	36.0	37.0	31.0	2.0
1	6	7	2.254037595958397	0.012096863488994414	0.08294930875576037	7363.0	311.0	319.0	223.0	13.0	1056.0	24.0	23.0	42.0	506.0	22.0	21.0	17.0	58.0	2.0
1	7	6	-99999.9	1.0	-0.11042944785276072	7363.0	319.0	311.0	223.0	13.0	1056.0	42.0	21.0	24.0	506.0	17.0	23.0	22.0	58.0	2.0
6	1	7	-22.665600270470556	1.0	0.47631578947368425	7363.0	311.0	1056.0	24.0	23.0	319.0	223.0	13.0	42.0	506.0	22.0	21.0	58.0	17.0	2.0
1	6	8	1.2705149011692562	0.10195070795570937	0.04950495049504951	7362.0	312.0	325.0	219.0	11.0	1050.0	27.0	26.0	37.0	520.0	13.0	19.0	18.0	59.0	2.0
1	8	6	-99999.9	1.0	-0.05813953488372093	7362.0	325.0	312.0	219.0	11.0	1050.0	37.0	19.0	27.0	520.0	18.0	26.0	13.0	59.0	2.0
6	1	8	-23.123371201280474	1.0	0.48663101604278075	7362.0	312.0	1050.0	27.0	26.0	325.0	219.0	11.0	37.0	520.0	13.0	19.0	59.0	18.0	2.0
1	6	9	-99999.9	1.0	-0.4285714285714286	7170.0	504.0	479.0	58.0	18.0	1022.0	48.0	33.0	45.0	500.0	25.0	33.0	28.0	36.0	1.0
1	9	6	0.34012332097386083	0.366881896945233	0.1875	7170.0	479.0	504.0	58.0	18.0	1022.0	45.0	33.0	48.0	500.0	28.0	33.0	25.0	36.0	1.0
6	1	9	-1.1337444032462032	0.8715490579258758	0.5652173913043479	7170.0	504.0	1022.0	48.0	33.0	479.0	58.0	18.0	45.0	500.0	25.0	33.0	36.0	28.0	1.0
1	7	8	-99999.9	1.0	-0.05464480874316939	7378.0	304.0	309.0	229.0	9.0	1055.0	36.0	28.0	26.0	510.0	11.0	25.0	19.0	59.0	2.0
1	8	7	1.2893565335521429	0.09863715098265646	0.04694835680751174	7378.0	309.0	304.0	229.0	9.0	1055.0	26.0	25.0	36.0	510.0	19.0	28.0	11.0	59.0	2.0
7	1	8	-24.884581097556367	1.0	0.5126262626262625	7378.0	304.0	1055.0	36.0	28.0	309.0	229.0	9.0	26.0	510.0	11.0	25.0	59.0	19.0	2.0
1	7	9	-99999.9	1.0	6.666666666666665	7185.0	497.0	464.0	70.0	13.0	1030.0	53.0	36.0	33.0	491.0	23.0	37.0	32.0	35.0	1.0
1	9	7	2.229189717098814	0.012900599449127137	0.3508771929824562	7185.0	464.0	497.0	70.0	13.0	1030.0	33.0	37.0	53.0	491.0	32.0	36.0	23.0	35.0	1.0
7	1	9	-1.8948112595339923	0.9709413599639616	0.6851851851851851	7185.0	497.0	1030.0	53.0	36.0	464.0	70.0	13.0	33.0	491.0	23.0	37.0	35.0	32.0	1.0
1	8	9	-99999.9	1.0	-0.7272727272727272	7185.0	502.0	464.0	67.0	11.0	1022.0	48.0	36.0	40.0	502.0	23.0	38.0	26.0	33.0	3.0
1	9	8	0.9314351843719757	0.17581423175014732	0.22857142857142856	7185.0	464.0	502.0	67.0	11.0	1022.0	40.0	38.0	48.0	502.0	26.0	36.0	23.0	33.0	3.0
8	1	9	-2.2121585628834444	0.9865221904833485	0.5869565217391304	7185.0	502.0	1022.0	48.0	36.0	464.0	67.0	11.0	40.0	502.0	23.0	38.0	33.0	26.0	3.0
2	3	4	0.6907169326871752	0.24487165481337192	0.0	8456.0	34.0	19.0	284.0	1.0	288.0	1.0	0.0	1.0	872.0	1.0	0.0	1.0	41.0	1.0
2	4	3	0.6907169326871752	0.24487165481337192	0.0	8456.0	19.0	34.0	284.0	1.0	288.0	1.0	0.0	1.0	872.0	1.0	0.0	1.0	41.0	1.0
3	2	4	-195.2885532938905	1.0	0.5	8456.0	34.0	288.0	1.0	0.0	19.0	284.0	1.0	1.0	872.0	1.0	0.0	41.0	1.0	1.0
2	3	5	0.39810862695307025	0.34527510778050596	0.039215686274509796	8240.0	250.0	238.0	61.0	5.0	275.0	12.0	2.0	14.0	842.0	18.0	4.0	12.0	27.0	0.0
2	5	3	-99999.9	1.0	-0.04444444444444444	8240.0	238.0	250.0	61.0	5.0	275.0	14.0	4.0	12.0	842.0	12.0	2.0	18.0	27.0	0.0
3	2	5	-9.355552733397156	1.0	0.4895833333333333	8240.0	250.0	275.0	12.0	2.0	238.0	61.0	5.0	14.0	842.0	18.0	4.0	27.0	12.0	0.0
2	3	6	-99999.9	1.0	-0.09523809523809523	8248.0	242.0	241.0	59.0	4.0	275.0	13.0	1.0	9.0	851.0	14.0	4.0	12.0	27.0	0.0
2	6	3	0.8710517195388104	0.19186291746814932	0.07407407407407407	8248.0	241.0	242.0	59.0	4.0	275.0	9.0	4.0	13.0	851.0	12.0	1.0	14.0	27.0	0.0
3	2	6	-10.017094774696316	1.0	0.5208333333333334	8248.0	242.0	275.0	13.0	1.0	241.0	59.0	4.0	9.0	851.0	14.0	4.0	27.0	12.0	0.0
2	3	7	1.8912478408120497	0.029295568782168324	0.8877551020408162	8150.0	340.0	273.0	23.0	8.0	270.0	12.0	7.0	99.0	746.0	29.0	9.0	12.0	22.0	0.0
2	7	3	-13.066803263792341	1.0	0.5337423312883436	8150.0	273.0	340.0	23.0	8.0	270.0	99.0	9.0	12.0	746.0	12.0	7.0	29.0	22.0	0.0
3	2	7	-1.6521245505944337	0.950745434459847	1.1692307692307693	8150.0	340.0	270.0	12.0	7.0	273.0	23.0	8.0	99.0	746.0	29.0	9.0	22.0	12.0	0.0
2	3	8	1.4778571962731275	0.06972303854202999	0.8977272727272727	8149.0	341.0	274.0	24.0	6.0	267.0	15.0	7.0	94.0	756.0	24.0	9.0	12.0	22.0	0.0
2	8	3	-11.494444859902101	1.0	0.5302013422818792	8149.0	274.0	341.0	24.0	6.0	267.0	94.0	9.0	15.0	756.0	12.0	7.0	24.0	22.0	0.0
3	2	8	-1.3094937182166952	0.9048163506590465	1.1475409836065573	8149.0	341.0	267.0	15.0	7.0	274.0	24.0	6.0	94.0	756.0	24.0	9.0	22.0	12.0	0.0
2	3	9	1.7772038103194996	0.037767308551053036	0.9624060150375939	7924.0	566.0	270.0	21.0	13.0	271.0	11.0	7.0	267.0	570.0	37.0	17.0	11.0	13.0	2.0
2	9	3	-43.71921373385972	1.0	0.5099601593625498	7924.0	270.0	566.0	21.0	13.0	271.0	267.0	17.0	11.0	570.0	11.0	7.0	37.0	13.0	2.0
3	2	9	-1.7077817864788942	0.9561616115575522	1.042372881355932	7924.0	566.0	271.0	11.0	7.0	270.0	21.0	13.0	267.0	570.0	37.0	17.0	13.0	11.0	2.0
2	4	5	0.41405684466504356	0.3394162815523596	0.038461538461538464	8225.0	250.0	253.0	61.0	5.0	276.0	11.0	2.0	13.0	843.0	18.0	4.0	12.0	27.0	0.0
2	5	4	-99999.9	1.0	-0.043478260869565216	8225.0	253.0	250.0	61.0	5.0	276.0	13.0	4.0	11.0	843.0	12.0	2.0	18.0	27.0	0.0
4	2	5	-9.937364271961036	1.0	0.4897959183673469	8225.0	250.0	276.0	11.0	2.0	253.0	61.0	5.0	13.0	843.0	18.0	4.0	27.0	12.0	0.0
2	4	6	-99999.9	1.0	-0.09302325581395349	8233.0	242.0	256.0	59.0	4.0	276.0	12.0	1.0	8.0	852.0	14.0	4.0	12.0	27.0	0.0
2	6	4	0.9116841564656074	0.18096747850722206	0.07272727272727272	8233.0	256.0	242.0	59.0	4.0	276.0	8.0	4.0	12.0	852.0	12.0	1.0	14.0	27.0	0.0
4	2	6	-10.712288838470883	1.0	0.5204081632653061	8233.0	242.0	276.0	12.0	1.0	256.0	59.0	4.0	8.0	852.0	14.0	4.0	27.0	12.0	0.0
2	4	7	1.9430308570559427	0.026006146533754992	0.8877551020408162	8135.0	340.0	288.0	22.0	9.0	271.0	11.0	7.0	98.0	747.0	29.0	9.0	12.0	22.0	0.0
2	7	4	-13.424576830568329	1.0	0.5337423312883436	8135.0	288.0	340.0	22.0	9.0	271.0	98.0	9.0	11.0	747.0	12.0	7.0	29.0	22.0	0.0
4	2	7	-1.6973602889224328	0.955185745985213	1.1692307692307693	8135.0	340.0	271.0	11.0	7.0	288.0	22.0	9.0	98.0	747.0	29.0	9.0	22.0	12.0	0.0
2	4	8	1.8019767607829282	0.035774478281353606	0.8777777777777778	8134.0	341.0	289.0	25.0	5.0	268.0	14.0	7.0	93.0	757.0	24.0	9.0	12.0	22.0	0.0
2	8	4	-11.139492703021734	1.0	0.5374149659863945	8134.0	289.0	341.0	25.0	5.0	268.0	93.0	9.0	14.0	757.0	12.0	7.0	24.0	22.0	0.0
4	2	8	-1.5510686042182165	0.9395573633756228	1.1929824561403508	8134.0	341.0	268.0	14.0	7.0	289.0	25.0	5.0	93.0	757.0	24.0	9.0	22.0	12.0	0.0
2	4	9	2.067886303493116	0.019325292276115902	0.9552238805970149	7910.0	565.0	284.0	23.0	12.0	271.0	11.0	7.0	267.0	570.0	37.0	17.0	11.0	14.0	1.0
2	9	4	-42.047021504359996	1.0	0.512	7910.0	284.0	565.0	23.0	12.0	271.0	267.0	17.0	11.0	570.0	11.0	7.0	37.0	14.0	1.0
4	2	9	-1.970954133016876	0.9756355080029198	1.0517241379310345	7910.0	565.0	271.0	11.0	7.0	284.0	23.0	12.0	267.0	570.0	37.0	17.0	14.0	11.0	1.0
2	5	6	-99999.9	1.0	-0.0392156862745098	8346.0	132.0	143.0	168.0	5.0	284.0	9.0	0.0	3.0	858.0	5.0	1.0	9.0	37.0	0.0
2	6	5	1.724563075472466	0.04230308553338891	0.03508771929824561	8346.0	143.0	132.0	168.0	5.0	284.0	3.0	1.0	9.0	858.0	9.0	0.0	5.0	37.0	0.0
5	2	6	-45.70092150002038	1.0	0.5092592592592593	8346.0	132.0	284.0	9.0	0.0	143.0	168.0	5.0	3.0	858.0	5.0	1.0	37.0	9.0	0.0
2	5	7	0.3566003645555525	0.3606955659660316	0.9770114942528736	8132.0	346.0	291.0	17.0	8.0	272.0	15.0	6.0	100.0	737.0	29.0	6.0	18.0	23.0	0.0
2	7	5	-14.798915129055418	1.0	0.5059523809523809	8132.0	291.0	346.0	17.0	8.0	272.0	100.0	6.0	15.0	737.0	18.0	6.0	29.0	23.0	0.0
5	2	7	-0.3482097677424807	0.6361586081313182	1.0246913580246915	8132.0	346.0	272.0	15.0	6.0	291.0	17.0	8.0	100.0	737.0	29.0	6.0	23.0	18.0	0.0
2	5	8	0.6292326499104325	0.2645983210367029	0.95	8133.0	345.0	290.0	23.0	3.0	269.0	19.0	5.0	95.0	746.0	25.0	6.0	18.0	23.0	0.0
2	8	5	-11.326187698387779	1.0	0.5135135135135136	8133.0	290.0	345.0	23.0	3.0	269.0	95.0	6.0	19.0	746.0	18.0	5.0	25.0	23.0	0.0
5	2	8	-0.5961151420204096	0.7244508919492799	1.0588235294117647	8133.0	345.0	269.0	19.0	5.0	290.0	23.0	3.0	95.0	746.0	25.0	6.0	23.0	18.0	0.0
2	5	9	1.1588297913591386	0.12326284414090416	0.9732824427480916	7919.0	559.0	275.0	22.0	19.0	271.0	15.0	7.0	270.0	558.0	38.0	14.0	19.0	13.0	1.0
2	9	5	-41.05568403672377	1.0	0.5069582504970179	7919.0	275.0	559.0	22.0	19.0	271.0	270.0	14.0	15.0	558.0	19.0	7.0	38.0	13.0	1.0
5	2	9	-1.1270187774786917	0.8701326775917047	1.0290456431535269	7919.0	559.0	271.0	15.0	7.0	275.0	22.0	19.0	270.0	558.0	38.0	14.0	13.0	19.0	1.0
2	6	7	1.6989232974648096	0.04466678921269884	0.900990099009901	8150.0	339.0	273.0	23.0	9.0	269.0	13.0	6.0	104.0	742.0	30.0	5.0	15.0	22.0	0.0
2	7	6	-13.761278709464964	1.0	0.5290697674418605	8150.0	273.0	339.0	23.0	9.0	269.0	104.0	5.0	13.0	742.0	15.0	6.0	30.0	22.0	0.0
6	2	7	-1.512228429611534	0.9347620933215819	1.1408450704225352	8150.0	339.0	269.0	13.0	6.0	273.0	23.0	9.0	104.0	742.0	30.0	5.0	22.0	15.0	0.0
2	6	8	0.8385972110831427	0.20084763809953043	0.9418604651162791	8145.0	344.0	278.0	21.0	6.0	267.0	16.0	5.0	97.0	754.0	25.0	6.0	13.0	23.0	0.0
2	8	6	-12.746677608463763	1.0	0.5159235668789809	8145.0	278.0	344.0	21.0	6.0	267.0	97.0	6.0	16.0	754.0	13.0	5.0	25.0	23.0	0.0
6	2	8	-0.7868319511397388	0.784309939227399	1.0704225352112675	8145.0	344.0	267.0	16.0	5.0	278.0	21.0	6.0	97.0	754.0	25.0	6.0	23.0	13.0	0.0
2	6	9	1.0665077798281288	0.14309711582038087	0.9774436090225563	7924.0	565.0	270.0	19.0	16.0	268.0	13.0	7.0	273.0	563.0	40.0	14.0	16.0	12.0	0.0
2	9	6	-45.14882934605751	1.0	0.5058365758754864	7924.0	270.0	565.0	19.0	16.0	268.0	273.0	14.0	13.0	563.0	16.0	7.0	40.0	12.0	0.0
6	2	9	-1.0418960618320952	0.8512700393975519	1.0241935483870968	7924.0	565.0	268.0	13.0	7.0	270.0	19.0	16.0	273.0	563.0	40.0	14.0	12.0	16.0	0.0
2	7	8	-99999.9	1.0	2.25	8088.0	335.0	335.0	31.0	5.0	345.0	26.0	7.0	17.0	737.0	16.0	8.0	20.0	30.0	0.0
2	8	7	1.4045941199051615	0.08007105670616921	0.391304347826087	8088.0	335.0	335.0	31.0	5.0	345.0	17.0	8.0	26.0	737.0	20.0	7.0	16.0	30.0	0.0
7	2	8	-0.7803300666139785	0.7824017540245538	0.7368421052631579	8088.0	335.0	345.0	26.0	7.0	335.0	31.0	5.0	17.0	737.0	16.0	8.0	30.0	20.0	0.0
2	7	9	1.5958061481437342	0.05526604099676069	0.9395604395604394	7865.0	558.0	329.0	30.0	12.0	350.0	19.0	9.0	190.0	548.0	32.0	15.0	25.0	18.0	0.0
2	9	7	-23.21172579118159	1.0	0.5166163141993958	7865.0	329.0	558.0	30.0	12.0	350.0	190.0	15.0	19.0	548.0	25.0	9.0	32.0	18.0	0.0
7	2	9	-1.493151951479517	0.932301260276905	1.0738255033557047	7865.0	558.0	350.0	19.0	9.0	329.0	30.0	12.0	190.0	548.0	32.0	15.0	18.0	25.0	0.0
2	8	9	2.1819377424679134	0.014557012794707891	0.927461139896373	7860.0	563.0	334.0	28.0	9.0	347.0	14.0	9.0	193.0	557.0	33.0	15.0	21.0	17.0	0.0
2	9	8	-25.715694821943252	1.0	0.5203488372093024	7860.0	334.0	563.0	28.0	9.0	347.0	193.0	15.0	14.0	557.0	21.0	9.0	33.0	17.0	0.0
8	2	9	-2.011283393895004	0.977852303019687	1.0927152317880795	7860.0	563.0	347.0	14.0	9.0	334.0	28.0	9.0	193.0	557.0	33.0	15.0	17.0	21.0	0.0
3	4	5	0.9518133337766143	0.170595820176769	0.9957805907172996	8482.0	262.0	33.0	1.0	1.0	19.0	0.0	1.0	236.0	929.0	32.0	1.0	1.0	1.0	1.0
3	5	4	-223.67613343750142	1.0	0.5010615711252653	8482.0	33.0	262.0	1.0	1.0	19.0	236.0	1.0	0.0	929.0	1.0	1.0	32.0	1.0	1.0
4	3	5	-0.9477802264301032	0.8283793362290943	1.0042735042735043	8482.0	262.0	19.0	0.0	1.0	33.0	1.0	1.0	236.0	929.0	32.0	1.0	1.0	1.0	1.0
3	4	6	0.9517992677683254	0.17059938763517635	0.9957446808510638	8490.0	254.0	33.0	1.0	1.0	19.0	0.0	1.0	234.0	936.0	27.0	1.0	1.0	1.0	1.0
3	6	4	-221.7692293900217	1.0	0.5010706638115632	8490.0	33.0	254.0	1.0	1.0	19.0	234.0	1.0	0.0	936.0	1.0	1.0	27.0	1.0	1.0
4	3	6	-0.9477317495299992	0.8283669940005041	1.0043103448275863	8490.0	254.0	19.0	0.0	1.0	33.0	1.0	1.0	234.0	936.0	27.0	1.0	1.0	1.0	1.0
3	4	7	0.5682396959971641	0.2849360748780192	0.9972375690607734	8387.0	357.0	33.0	2.0	0.0	19.0	1.0	0.0	362.0	788.0	47.0	0.0	2.0	1.0	1.0
3	7	4	-204.56629055897713	1.0	0.5006934812760055	8387.0	33.0	357.0	2.0	0.0	19.0	362.0	0.0	1.0	788.0	2.0	0.0	47.0	1.0	1.0
4	3	7	-0.5666656248171165	0.7145293447551002	1.0027855153203342	8387.0	357.0	19.0	1.0	0.0	33.0	2.0	0.0	362.0	788.0	47.0	0.0	1.0	2.0	1.0
3	4	8	1.3766456046763689	0.08431098085035993	0.9944289693593314	8383.0	361.0	33.0	2.0	0.0	19.0	0.0	1.0	357.0	801.0	39.0	1.0	1.0	1.0	1.0
3	8	4	-244.35459483005596	1.0	0.5014044943820225	8383.0	33.0	361.0	2.0	0.0	19.0	357.0	1.0	0.0	801.0	1.0	1.0	39.0	1.0	1.0
4	3	8	-1.3689333043700587	0.9144898777714602	1.0056657223796035	8383.0	361.0	19.0	0.0	1.0	33.0	2.0	0.0	357.0	801.0	39.0	1.0	1.0	1.0	1.0
3	4	9	1.37780256572628	0.08413218554558322	0.9962756052141527	8163.0	581.0	32.0	2.0	1.0	18.0	0.0	2.0	535.0	603.0	59.0	1.0	1.0	2.0	0.0
3	9	4	-367.1843837660568	1.0	0.500936329588015	8163.0	32.0	581.0	2.0	1.0	18.0	535.0	1.0	0.0	603.0	1.0	2.0	59.0	2.0	0.0
4	3	9	-1.3726519019291723	0.9150696461746364	1.0037664783427496	8163.0	581.0	18.0	0.0	2.0	32.0	2.0	1.0	535.0	603.0	59.0	1.0	2.0	1.0	0.0
3	5	6	-99999.9	1.0	-0.027522935779816512	8385.0	130.0	138.0	122.0	4.0	245.0	10.0	1.0	7.0	918.0	5.0	2.0	9.0	23.0	1.0
3	6	5	0.7314891159591943	0.23224015594787173	0.02542372881355932	8385.0	138.0	130.0	122.0	4.0	245.0	7.0	2.0	10.0	918.0	9.0	1.0	5.0	23.0	1.0
5	3	6	-27.308926995809937	1.0	0.5066079295154184	8385.0	130.0	245.0	10.0	1.0	138.0	122.0	4.0	7.0	918.0	5.0	2.0	23.0	9.0	1.0
3	5	7	-1.6863479317060017	0.9541356237358452	1.0677966101694916	8168.0	347.0	252.0	6.0	6.0	236.0	14.0	6.0	140.0	759.0	31.0	5.0	18.0	12.0	0.0
3	7	5	-28.24632785607553	1.0	0.4846153846153846	8168.0	252.0	347.0	6.0	6.0	236.0	140.0	5.0	14.0	759.0	18.0	6.0	31.0	12.0	0.0
5	3	7	1.7934176416555891	0.036453033321199646	0.9436619718309859	8168.0	347.0	236.0	14.0	6.0	252.0	6.0	6.0	140.0	759.0	31.0	5.0	12.0	18.0	0.0
3	5	8	-1.0098280031484725	0.8437111356906559	1.043103448275862	8164.0	351.0	252.0	9.0	3.0	238.0	14.0	4.0	135.0	770.0	25.0	4.0	18.0	13.0	0.0
3	8	5	-25.44766567934152	1.0	0.4898785425101214	8164.0	252.0	351.0	9.0	3.0	238.0	135.0	4.0	14.0	770.0	18.0	4.0	25.0	13.0	0.0
5	3	8	1.0515564330306408	0.14650158147345982	0.9618320610687023	8164.0	351.0	238.0	14.0	4.0	252.0	9.0	3.0	135.0	770.0	25.0	4.0	13.0	18.0	0.0
3	5	9	-0.2076856212446207	0.5822627468271357	1.0033444816053512	7957.0	558.0	238.0	11.0	15.0	233.0	12.0	11.0	312.0	575.0	43.0	9.0	17.0	7.0	2.0
3	9	5	-62.51337199463087	1.0	0.49916805324459235	7957.0	238.0	558.0	11.0	15.0	233.0	312.0	9.0	12.0	575.0	17.0	11.0	43.0	7.0	2.0
5	3	9	0.20837790664876946	0.41746698374872615	0.9966887417218543	7957.0	558.0	233.0	12.0	11.0	238.0	11.0	15.0	312.0	575.0	43.0	9.0	7.0	17.0	2.0
3	6	7	0.0	0.49999999949999996	nan	8182.0	341.0	238.0	12.0	6.0	237.0	12.0	5.0	141.0	764.0	32.0	3.0	15.0	11.0	1.0
3	7	6	-26.27732721018641	1.0	0.5	8182.0	238.0	341.0	12.0	6.0	237.0	141.0	3.0	12.0	764.0	15.0	5.0	32.0	11.0	1.0
6	3	7	0.0	0.49999999949999996	nan	8182.0	341.0	237.0	12.0	5.0	238.0	12.0	6.0	141.0	764.0	32.0	3.0	11.0	15.0	1.0
3	6	8	-0.6428935348972041	0.7398534683521014	1.025	8175.0	348.0	241.0	9.0	6.0	237.0	12.0	5.0	135.0	777.0	25.0	5.0	13.0	12.0	0.0
3	8	6	-27.00152846568257	1.0	0.4939759036144578	8175.0	241.0	348.0	9.0	6.0	237.0	135.0	5.0	12.0	777.0	13.0	5.0	25.0	12.0	0.0
6	3	8	0.6585738650166483	0.2550846610393558	0.9767441860465116	8175.0	348.0	237.0	12.0	5.0	241.0	9.0	6.0	135.0	777.0	25.0	5.0	12.0	13.0	0.0
3	6	9	-0.681952728355179	0.7523656462746057	1.0100671140939597	7960.0	563.0	235.0	8.0	13.0	232.0	11.0	11.0	312.0	580.0	45.0	10.0	13.0	6.0	1.0
3	9	6	-69.10454313999128	1.0	0.49752066115702476	7960.0	235.0	563.0	8.0	13.0	232.0	312.0	10.0	11.0	580.0	13.0	11.0	45.0	6.0	1.0
6	3	9	0.6887495994019084	0.2454903606341159	0.990228013029316	7960.0	563.0	232.0	11.0	11.0	235.0	8.0	13.0	312.0	580.0	45.0	10.0	6.0	13.0	1.0
3	7	8	-0.5179740674141883	0.6977618295595217	0.7000000000000001	8084.0	336.0	332.0	22.0	5.0	349.0	25.0	7.0	18.0	757.0	16.0	10.0	20.0	19.0	0.0
3	8	7	0.6906320898855834	0.2448983196640313	0.6363636363636364	8084.0	332.0	336.0	22.0	5.0	349.0	18.0	10.0	25.0	757.0	20.0	7.0	16.0	19.0	0.0
7	3	8	-99999.9	1.0	4.000000000000001	8084.0	336.0	349.0	25.0	7.0	332.0	22.0	5.0	18.0	757.0	16.0	10.0	19.0	20.0	0.0
3	7	9	0.31745995288422246	0.37544737992426414	0.9886363636363636	7868.0	552.0	327.0	21.0	11.0	347.0	19.0	15.0	193.0	563.0	35.0	14.0	22.0	12.0	1.0
3	9	7	-27.30155594804313	1.0	0.5028901734104047	7868.0	327.0	552.0	21.0	11.0	347.0	193.0	14.0	19.0	563.0	22.0	15.0	35.0	12.0	1.0
7	3	9	-0.3138109879085417	0.6231676318039198	1.011764705882353	7868.0	552.0	347.0	19.0	15.0	327.0	21.0	11.0	193.0	563.0	35.0	14.0	12.0	22.0	1.0
3	8	9	0.7118442470029243	0.2382805455130217	0.9781420765027322	7859.0	557.0	336.0	18.0	9.0	348.0	14.0	15.0	193.0	573.0	36.0	13.0	17.0	11.0	1.0
3	9	8	-31.143185806377964	1.0	0.5056497175141242	7859.0	336.0	557.0	18.0	9.0	348.0	193.0	13.0	14.0	573.0	17.0	15.0	36.0	11.0	1.0
8	3	9	-0.6959371129916857	0.7567659617655775	1.023391812865497	7859.0	557.0	348.0	14.0	15.0	336.0	18.0	9.0	193.0	573.0	36.0	13.0	11.0	17.0	1.0
4	5	6	-99999.9	1.0	-0.027777777777777776	8371.0	130.0	138.0	121.0	4.0	259.0	10.0	1.0	7.0	919.0	5.0	2.0	9.0	23.0	1.0
4	6	5	0.731540677078628	0.2322244148939112	0.025641025641025637	8371.0	138.0	130.0	121.0	4.0	259.0	7.0	2.0	10.0	919.0	9.0	1.0	5.0	23.0	1.0
5	4	6	-27.067005051909216	1.0	0.5066666666666666	8371.0	130.0	259.0	10.0	1.0	138.0	121.0	4.0	7.0	919.0	5.0	2.0	23.0	9.0	1.0
4	5	7	-1.7733348344003785	0.9619134269580066	1.0672268907563025	8154.0	347.0	252.0	5.0	6.0	250.0	13.0	7.0	140.0	760.0	31.0	5.0	18.0	12.0	0.0
4	7	5	-29.92502533050641	1.0	0.48473282442748095	8154.0	252.0	347.0	5.0	6.0	250.0	140.0	5.0	13.0	760.0	18.0	7.0	31.0	12.0	0.0
5	4	7	1.8850409657011897	0.029712089092188587	0.9440559440559441	8154.0	347.0	250.0	13.0	7.0	252.0	5.0	6.0	140.0	760.0	31.0	5.0	12.0	18.0	0.0
4	5	8	-1.389846996539675	0.9177122716746697	1.0619469026548674	8150.0	351.0	252.0	8.0	3.0	252.0	15.0	3.0	135.0	771.0	25.0	4.0	18.0	13.0	0.0
4	8	5	-25.215795508648373	1.0	0.48582995951417	8150.0	252.0	351.0	8.0	3.0	252.0	135.0	4.0	15.0	771.0	18.0	3.0	25.0	13.0	0.0
5	4	8	1.470921404671156	0.07065622440914254	0.9477611940298507	8150.0	351.0	252.0	15.0	3.0	252.0	8.0	3.0	135.0	771.0	25.0	4.0	13.0	18.0	0.0
4	5	9	-0.5950826897081568	0.7241059467203108	1.010135135135135	7944.0	557.0	237.0	11.0	15.0	246.0	14.0	10.0	313.0	575.0	43.0	9.0	18.0	7.0	1.0
4	9	5	-59.9049907639545	1.0	0.49750415973377704	7944.0	237.0	557.0	11.0	15.0	246.0	313.0	9.0	14.0	575.0	18.0	10.0	43.0	7.0	1.0
5	4	9	0.6010534190363324	0.2739021552100033	0.9901639344262295	7944.0	557.0	246.0	14.0	10.0	237.0	11.0	15.0	313.0	575.0	43.0	9.0	7.0	18.0	1.0
4	6	7	0.0	0.49999999949999996	nan	8168.0	341.0	238.0	11.0	6.0	251.0	11.0	6.0	141.0	765.0	32.0	3.0	15.0	11.0	1.0
4	7	6	-27.653315937748594	1.0	0.5	8168.0	238.0	341.0	11.0	6.0	251.0	141.0	3.0	11.0	765.0	15.0	6.0	32.0	11.0	1.0
6	4	7	0.0	0.49999999949999996	nan	8168.0	341.0	251.0	11.0	6.0	238.0	11.0	6.0	141.0	765.0	32.0	3.0	11.0	15.0	1.0
4	6	8	-1.056008501991879	0.8545178042730901	1.0427350427350428	8161.0	348.0	241.0	8.0	6.0	251.0	13.0	4.0	135.0	778.0	25.0	5.0	13.0	12.0	0.0
4	8	6	-26.82261595059371	1.0	0.4899598393574297	8161.0	241.0	348.0	8.0	6.0	251.0	135.0	5.0	13.0	778.0	13.0	4.0	25.0	12.0	0.0
6	4	8	1.0992875389587593	0.13582137702097152	0.9621212121212122	8161.0	348.0	251.0	13.0	4.0	241.0	8.0	6.0	135.0	778.0	25.0	5.0	12.0	13.0	0.0
4	6	9	-1.0751921596103777	0.8588556107613048	1.0169491525423728	7947.0	562.0	234.0	8.0	13.0	245.0	13.0	10.0	313.0	580.0	45.0	10.0	14.0	6.0	0.0
4	9	6	-65.58672173623303	1.0	0.49586776859504134	7947.0	234.0	562.0	8.0	13.0	245.0	313.0	10.0	13.0	580.0	14.0	10.0	45.0	6.0	0.0
6	4	9	1.0931120289372174	0.13717234985271443	0.9838709677419355	7947.0	562.0	245.0	13.0	10.0	234.0	8.0	13.0	313.0	580.0	45.0	10.0	6.0	14.0	0.0
4	7	8	-0.8914649649652244	0.8136601428896091	0.6428571428571429	8070.0	336.0	332.0	21.0	5.0	363.0	26.0	6.0	17.0	758.0	16.0	11.0	20.0	19.0	0.0
4	8	7	0.7131719719721795	0.23786960445745242	0.6923076923076923	8070.0	332.0	336.0	21.0	5.0	363.0	17.0	11.0	26.0	758.0	20.0	6.0	16.0	19.0	0.0
7	4	8	-99999.9	1.0	-4.000000000000001	8070.0	336.0	363.0	26.0	6.0	332.0	21.0	5.0	17.0	758.0	16.0	11.0	19.0	20.0	0.0
4	7	9	0.0	0.49999999949999996	nan	7855.0	551.0	326.0	21.0	11.0	360.0	21.0	14.0	193.0	563.0	35.0	15.0	23.0	12.0	0.0
4	9	7	-26.50863705436043	1.0	0.5	7855.0	326.0	551.0	21.0	11.0	360.0	193.0	15.0	21.0	563.0	23.0	14.0	35.0	12.0	0.0
7	4	9	0.0	0.49999999949999996	nan	7855.0	551.0	360.0	21.0	14.0	326.0	21.0	11.0	193.0	563.0	35.0	15.0	12.0	23.0	0.0
4	8	9	0.344174975785216	0.36535741648443665	0.988950276243094	7846.0	556.0	335.0	18.0	9.0	361.0	16.0	14.0	195.0	573.0	36.0	12.0	18.0	11.0	0.0
4	9	8	-30.45948535699168	1.0	0.502808988764045	7846.0	335.0	556.0	18.0	9.0	361.0	195.0	12.0	16.0	573.0	18.0	14.0	36.0	11.0	0.0
8	4	9	-0.3403294453295153	0.6331957105903523	1.0114285714285713	7846.0	556.0	361.0	16.0	14.0	335.0	18.0	9.0	195.0	573.0	36.0	12.0	11.0	18.0	0.0
5	6	7	2.1254251520809646	0.016775517251748306	0.9688715953307393	8278.0	352.0	126.0	11.0	4.0	141.0	3.0	3.0	252.0	768.0	43.0	4.0	6.0	8.0	1.0
5	7	6	-64.0284327064391	1.0	0.5081632653061225	8278.0	126.0	352.0	11.0	4.0	141.0	252.0	4.0	3.0	768.0	6.0	3.0	43.0	8.0	1.0
6	5	7	-2.057138400206877	0.9801636089528624	1.0343347639484979	8278.0	352.0	141.0	3.0	3.0	126.0	11.0	4.0	252.0	768.0	43.0	4.0	8.0	6.0	1.0
5	6	8	0.24227139444692938	0.4042849901554475	0.9958333333333333	8273.0	357.0	129.0	9.0	3.0	139.0	8.0	0.0	247.0	780.0	36.0	5.0	4.0	9.0	1.0
5	8	6	-57.660591878369196	1.0	0.5010482180293501	8273.0	129.0	357.0	9.0	3.0	139.0	247.0	5.0	8.0	780.0	4.0	0.0	36.0	9.0	1.0
6	5	8	-0.24125770660405518	0.5953222550892879	1.0042194092827004	8273.0	357.0	139.0	8.0	0.0	129.0	9.0	3.0	247.0	780.0	36.0	5.0	9.0	4.0	1.0
5	6	9	-0.8954485336702466	0.814726347826743	1.0072815533980584	8058.0	572.0	132.0	4.0	5.0	134.0	7.0	6.0	422.0	581.0	60.0	3.0	5.0	9.0	2.0
5	9	6	-124.76582902472077	1.0	0.49819927971188477	8058.0	132.0	572.0	4.0	5.0	134.0	422.0	3.0	7.0	581.0	5.0	6.0	60.0	9.0	2.0
6	5	9	0.9019216556003931	0.1835492148625527	0.9928741092636579	8058.0	572.0	134.0	7.0	6.0	132.0	4.0	5.0	422.0	581.0	60.0	3.0	9.0	5.0	2.0
5	7	8	0.0	0.49999999949999996	nan	8065.0	339.0	337.0	25.0	5.0	368.0	25.0	4.0	14.0	747.0	16.0	9.0	20.0	26.0	0.0
5	8	7	1.5540816132618787	0.06008248887877232	0.5	8065.0	337.0	339.0	25.0	5.0	368.0	14.0	9.0	25.0	747.0	20.0	4.0	16.0	26.0	0.0
7	5	8	0.0	0.49999999949999996	nan	8065.0	339.0	368.0	25.0	4.0	337.0	25.0	5.0	14.0	747.0	16.0	9.0	26.0	20.0	0.0
5	7	9	0.45010804084332745	0.32631629494978176	0.9826589595375722	7859.0	545.0	331.0	24.0	12.0	356.0	21.0	20.0	191.0	551.0	35.0	12.0	21.0	21.0	1.0
5	9	7	-25.056014273611904	1.0	0.5044510385756678	7859.0	331.0	545.0	24.0	12.0	356.0	191.0	12.0	21.0	551.0	21.0	20.0	35.0	21.0	1.0
7	5	9	-0.44216495776962167	0.6708150496920778	1.0182926829268293	7859.0	545.0	356.0	21.0	20.0	331.0	24.0	12.0	191.0	551.0	35.0	12.0	21.0	21.0	1.0
5	8	9	0.829016680793145	0.20354743140591092	0.9731182795698925	7852.0	550.0	338.0	21.0	10.0	355.0	16.0	20.0	197.0	560.0	35.0	7.0	17.0	21.0	1.0
5	9	8	-29.18138716391873	1.0	0.5070028011204482	7852.0	338.0	550.0	21.0	10.0	355.0	197.0	7.0	16.0	560.0	17.0	20.0	35.0	21.0	1.0
8	5	9	-0.8061156675115665	0.7899119793577958	1.0292397660818713	7852.0	550.0	355.0	16.0	20.0	338.0	21.0	10.0	197.0	560.0	35.0	7.0	21.0	17.0	1.0
6	7	8	-0.15971099293779667	0.5634456381686366	0.8333333333333334	8082.0	337.0	330.0	23.0	5.0	351.0	24.0	7.0	19.0	753.0	15.0	11.0	21.0	22.0	0.0
6	8	7	0.6388439717511879	0.2614621600587841	0.5555555555555556	8082.0	330.0	337.0	23.0	5.0	351.0	19.0	11.0	24.0	753.0	21.0	7.0	15.0	22.0	0.0
7	6	8	-99999.9	1.0	1.3333333333333333	8082.0	337.0	351.0	24.0	7.0	330.0	23.0	5.0	19.0	753.0	15.0	11.0	22.0	21.0	0.0
6	7	9	0.637278206907431	0.26197176249850596	0.978021978021978	7868.0	551.0	324.0	22.0	12.0	347.0	18.0	17.0	196.0	555.0	36.0	14.0	21.0	19.0	0.0
6	9	7	-27.721602000473265	1.0	0.5056818181818181	7868.0	324.0	551.0	22.0	12.0	347.0	196.0	14.0	18.0	555.0	21.0	17.0	36.0	19.0	0.0
7	6	9	-0.6229573483252415	0.7333437802805673	1.0235294117647058	7868.0	551.0	347.0	18.0	17.0	324.0	22.0	12.0	196.0	555.0	36.0	14.0	19.0	21.0	0.0
6	8	9	1.0695707046083744	0.14240632869568448	0.9682539682539683	7856.0	556.0	336.0	19.0	10.0	351.0	13.0	17.0	196.0	565.0	37.0	10.0	16.0	18.0	0.0
6	9	8	-31.552335785947047	1.0	0.5083333333333333	7856.0	336.0	556.0	19.0	10.0	351.0	196.0	10.0	13.0	565.0	16.0	17.0	37.0	18.0	0.0
8	6	9	-1.034502812654002	0.8495493958502369	1.0350877192982457	7856.0	556.0	351.0	13.0	17.0	336.0	19.0	10.0	196.0	565.0	37.0	10.0	18.0	16.0	0.0
7	8	9	0.28986243681770846	0.3859608067535567	0.9888268156424581	7882.0	551.0	333.0	25.0	10.0	325.0	23.0	12.0	200.0	559.0	39.0	9.0	14.0	18.0	0.0
7	9	8	-25.362963221549474	1.0	0.5028409090909091	7882.0	333.0	551.0	25.0	10.0	325.0	200.0	9.0	23.0	559.0	14.0	12.0	39.0	18.0	0.0
8	7	9	-0.28658715504575694	0.61278570816016	1.0115606936416186	7882.0	551.0	325.0	23.0	12.0	333.0	25.0	10.0	200.0	559.0	39.0	9.0	18.0	14.0	0.0
