P1	Hybrid	P2	Zscore	Pvalue	Gamma	AAAA	AAAB	AABA	AABB	AABC	ABAA	ABAB	ABAC	ABBA	BAAA	ABBC	CABC	BACA	BCAA	ABCD
1	2	3	-99999.9	1.0	-0.002886002886002886	22335.0	342.0	314.0	1432.0	29.0	3192.0	42.0	30.0	38.0	1900.0	13.0	27.0	9.0	296.0	1.0
1	3	2	0.4475108976359176	0.32725313734969774	0.002861230329041488	22335.0	314.0	342.0	1432.0	29.0	3192.0	38.0	27.0	42.0	1900.0	9.0	30.0	13.0	296.0	1.0
2	1	3	-155.5100369284815	1.0	0.5007183908045978	22335.0	342.0	3192.0	42.0	30.0	314.0	1432.0	29.0	38.0	1900.0	13.0	27.0	296.0	9.0	1.0
1	2	4	0.6994841126428207	0.2421247002546857	0.016591251885369532	21645.0	1032.0	944.0	772.0	59.0	3063.0	120.0	81.0	131.0	1771.0	49.0	76.0	45.0	203.0	9.0
1	4	2	-99999.9	1.0	-0.01746031746031746	21645.0	944.0	1032.0	772.0	59.0	3063.0	131.0	76.0	120.0	1771.0	45.0	81.0	49.0	203.0	9.0
2	1	4	-40.76084692764069	1.0	0.4957463263727765	21645.0	1032.0	3063.0	120.0	81.0	944.0	772.0	59.0	131.0	1771.0	49.0	76.0	203.0	45.0	9.0
1	2	5	0.919482105406819	0.1789217088073135	0.020558002936857563	21635.0	1042.0	946.0	778.0	51.0	3085.0	111.0	68.0	125.0	1786.0	40.0	74.0	40.0	211.0	8.0
1	5	2	-99999.9	1.0	-0.02190923317683881	21635.0	946.0	1042.0	778.0	51.0	3085.0	125.0	74.0	111.0	1786.0	40.0	68.0	40.0	211.0	8.0
2	1	5	-42.887272487903815	1.0	0.4946969696969697	21635.0	1042.0	3085.0	111.0	68.0	946.0	778.0	51.0	125.0	1786.0	40.0	74.0	211.0	40.0	8.0
1	2	6	1.0846207898938627	0.1390448613246965	0.02366863905325444	21658.0	1019.0	950.0	763.0	62.0	3090.0	103.0	71.0	119.0	1791.0	41.0	77.0	44.0	203.0	9.0
1	6	2	-99999.9	1.0	-0.025477707006369425	21658.0	950.0	1019.0	763.0	62.0	3090.0	119.0	77.0	103.0	1791.0	44.0	71.0	41.0	203.0	9.0
2	1	6	-43.655986793228	1.0	0.49386503067484666	21658.0	1019.0	3090.0	103.0	71.0	950.0	763.0	62.0	119.0	1791.0	41.0	77.0	203.0	44.0	9.0
1	2	7	1.4822893284222043	0.0691316979734582	0.03211678832116788	21644.0	1033.0	949.0	765.0	61.0	3087.0	102.0	75.0	124.0	1789.0	38.0	77.0	47.0	200.0	9.0
1	7	2	-99999.9	1.0	-0.035541195476575124	21644.0	949.0	1033.0	765.0	61.0	3087.0	124.0	77.0	102.0	1789.0	47.0	75.0	38.0	200.0	9.0
2	1	7	-43.18852088721059	1.0	0.4915644171779141	21644.0	1033.0	3087.0	102.0	75.0	949.0	765.0	61.0	124.0	1789.0	38.0	77.0	200.0	47.0	9.0
1	2	8	-0.40793079925566667	0.6583377139777739	-0.625	21053.0	1624.0	1545.0	168.0	62.0	2927.0	194.0	143.0	204.0	1685.0	62.0	125.0	76.0	123.0	9.0
1	8	2	-0.564827260507846	0.713904402254196	0.2173913043478261	21053.0	1545.0	1624.0	168.0	62.0	2927.0	204.0	125.0	194.0	1685.0	76.0	143.0	62.0	123.0	9.0
2	1	8	1.468550877320401	0.07097736187274695	0.5806451612903226	21053.0	1624.0	2927.0	194.0	143.0	1545.0	168.0	62.0	204.0	1685.0	62.0	125.0	123.0	76.0	9.0
1	2	9	-1.2704186250494531	0.8980321550606135	1.054862842892768	21452.0	1225.0	1588.0	130.0	57.0	3007.0	152.0	105.0	575.0	1300.0	76.0	173.0	47.0	109.0	4.0
1	9	2	-25.697104006682114	1.0	0.48732718894009214	21452.0	1588.0	1225.0	130.0	57.0	3007.0	575.0	173.0	152.0	1300.0	47.0	105.0	76.0	109.0	4.0
2	1	9	1.3364924069669188	0.09069425502655792	0.9528907922912205	21452.0	1225.0	3007.0	152.0	105.0	1588.0	130.0	57.0	575.0	1300.0	76.0	173.0	109.0	47.0	4.0
1	3	4	1.1902614041626176	0.11697189629975913	0.028273809523809524	21619.0	1030.0	970.0	774.0	59.0	3051.0	121.0	85.0	140.0	1765.0	46.0	79.0	50.0	202.0	9.0
1	4	3	-99999.9	1.0	-0.030894308943089432	21619.0	970.0	1030.0	774.0	59.0	3051.0	140.0	79.0	121.0	1765.0	50.0	85.0	46.0	202.0	9.0
3	1	4	-39.717143696794665	1.0	0.4926184926184926	21619.0	1030.0	3051.0	121.0	85.0	970.0	774.0	59.0	140.0	1765.0	46.0	79.0	202.0	50.0	9.0
1	3	5	1.0224344996618224	0.15328766788765524	0.02395209580838323	21598.0	1051.0	983.0	769.0	51.0	3073.0	117.0	67.0	133.0	1776.0	42.0	78.0	44.0	211.0	7.0
1	5	3	-99999.9	1.0	-0.025806451612903226	21598.0	983.0	1051.0	769.0	51.0	3073.0	133.0	78.0	117.0	1776.0	44.0	67.0	42.0	211.0	7.0
3	1	5	-40.641771361557375	1.0	0.4937888198757764	21598.0	1051.0	3073.0	117.0	67.0	983.0	769.0	51.0	133.0	1776.0	42.0	78.0	211.0	44.0	7.0
1	3	6	1.1702607603790984	0.12094808437472626	0.026865671641791045	21627.0	1022.0	981.0	764.0	58.0	3074.0	112.0	71.0	130.0	1778.0	43.0	82.0	48.0	201.0	9.0
1	6	3	-99999.9	1.0	-0.029220779220779224	21627.0	981.0	1022.0	764.0	58.0	3074.0	130.0	82.0	112.0	1778.0	48.0	71.0	43.0	201.0	9.0
3	1	6	-41.21918456001932	1.0	0.49300155520995337	21627.0	1022.0	3074.0	112.0	71.0	981.0	764.0	58.0	130.0	1778.0	43.0	82.0	201.0	48.0	9.0
1	3	7	1.5581452940041418	0.05959941727191953	0.03513909224011713	21616.0	1033.0	977.0	769.0	57.0	3072.0	110.0	75.0	134.0	1777.0	40.0	82.0	51.0	198.0	9.0
1	7	3	-99999.9	1.0	-0.03927986906710311	21616.0	977.0	1033.0	769.0	57.0	3072.0	134.0	82.0	110.0	1777.0	51.0	75.0	40.0	198.0	9.0
3	1	7	-41.225927570526245	1.0	0.49072642967542507	21616.0	1033.0	3072.0	110.0	75.0	977.0	769.0	57.0	134.0	1777.0	40.0	82.0	198.0	51.0	9.0
1	3	8	-0.61572431674525	0.7309618105456445	-3.799999999999999	21030.0	1619.0	1568.0	172.0	63.0	2917.0	196.0	144.0	215.0	1676.0	60.0	124.0	83.0	124.0	9.0
1	8	3	-1.1031727341685735	0.8650238750562148	0.3064516129032258	21030.0	1568.0	1619.0	172.0	63.0	2917.0	215.0	124.0	196.0	1676.0	83.0	144.0	60.0	124.0	9.0
3	1	8	1.3934813484234594	0.08173719651965172	0.6417910447761194	21030.0	1619.0	2917.0	196.0	144.0	1568.0	172.0	63.0	215.0	1676.0	60.0	124.0	124.0	83.0	9.0
1	3	9	-1.0783770165820117	0.859567192471212	1.0462287104622872	21423.0	1226.0	1617.0	138.0	48.0	2995.0	157.0	105.0	587.0	1288.0	76.0	173.0	54.0	109.0	4.0
1	9	3	-25.483751602385446	1.0	0.4891922639362913	21423.0	1617.0	1226.0	138.0	48.0	2995.0	587.0	173.0	157.0	1288.0	54.0	105.0	76.0	109.0	4.0
3	1	9	1.126026233593775	0.130077258900818	0.9594017094017094	21423.0	1226.0	2995.0	157.0	105.0	1617.0	138.0	48.0	587.0	1288.0	76.0	173.0	109.0	54.0	4.0
1	4	5	-99999.9	1.0	-0.0026246719160104987	21653.0	936.0	928.0	874.0	61.0	3098.0	110.0	62.0	108.0	1785.0	43.0	78.0	42.0	217.0	5.0
1	5	4	0.13559946394735523	0.44606893476049536	0.002604166666666667	21653.0	928.0	936.0	874.0	61.0	3098.0	108.0	78.0	110.0	1785.0	42.0	62.0	43.0	217.0	5.0
4	1	5	-51.79899522788968	1.0	0.5006535947712418	21653.0	936.0	3098.0	110.0	62.0	928.0	874.0	61.0	108.0	1785.0	43.0	78.0	217.0	42.0	5.0
1	4	6	0.26909824490159195	0.3939271026302045	0.005361930294906166	21653.0	936.0	955.0	851.0	57.0	3100.0	109.0	61.0	113.0	1782.0	41.0	73.0	47.0	213.0	9.0
1	6	4	-99999.9	1.0	-0.005449591280653951	21653.0	955.0	936.0	851.0	57.0	3100.0	113.0	73.0	109.0	1782.0	47.0	61.0	41.0	213.0	9.0
4	1	6	-49.64862618434371	1.0	0.4986486486486486	21653.0	936.0	3100.0	109.0	61.0	955.0	851.0	57.0	113.0	1782.0	41.0	73.0	213.0	47.0	9.0
1	4	7	0.5419083540406346	0.2939407976158199	0.010610079575596816	21636.0	953.0	957.0	852.0	54.0	3099.0	106.0	65.0	114.0	1784.0	38.0	75.0	48.0	210.0	9.0
1	7	4	-99999.9	1.0	-0.010958904109589041	21636.0	957.0	953.0	852.0	54.0	3099.0	114.0	75.0	106.0	1784.0	48.0	65.0	38.0	210.0	9.0
4	1	7	-49.991045660248524	1.0	0.4973045822102426	21636.0	953.0	3099.0	106.0	65.0	957.0	852.0	54.0	114.0	1784.0	38.0	75.0	210.0	48.0	9.0
1	4	8	-0.050789222381500625	0.5202533279630297	0.047619047619047616	21006.0	1583.0	1592.0	184.0	87.0	2925.0	204.0	141.0	203.0	1669.0	64.0	128.0	82.0	124.0	8.0
1	8	4	-0.048249761262425604	0.5192414702364944	-0.05555555555555555	21006.0	1592.0	1583.0	184.0	87.0	2925.0	203.0	128.0	204.0	1669.0	82.0	141.0	64.0	124.0	8.0
4	1	8	0.9649952252485171	0.16727359780263362	0.48717948717948717	21006.0	1583.0	2925.0	204.0	141.0	1592.0	184.0	87.0	203.0	1669.0	64.0	128.0	124.0	82.0	8.0
1	4	9	-1.182992162437501	0.8815938106768566	1.0534351145038168	21372.0	1217.0	1668.0	138.0	57.0	3009.0	159.0	102.0	573.0	1282.0	81.0	173.0	58.0	106.0	5.0
1	9	4	-24.504837650491083	1.0	0.48763250883392223	21372.0	1668.0	1217.0	138.0	57.0	3009.0	573.0	173.0	159.0	1282.0	58.0	102.0	81.0	106.0	5.0
4	1	9	1.2429990112567946	0.10693416719632809	0.9539473684210527	21372.0	1217.0	3009.0	159.0	102.0	1668.0	138.0	57.0	573.0	1282.0	81.0	173.0	106.0	58.0	5.0
1	5	6	0.3128577411569932	0.37719444124851664	0.0040650406504065045	21839.0	742.0	769.0	1060.0	42.0	3155.0	80.0	49.0	84.0	1822.0	31.0	47.0	36.0	240.0	4.0
1	6	5	-99999.9	1.0	-0.00411522633744856	21839.0	769.0	742.0	1060.0	42.0	3155.0	84.0	47.0	80.0	1822.0	36.0	49.0	31.0	240.0	4.0
5	1	6	-76.33728884230631	1.0	0.4989775051124744	21839.0	742.0	3155.0	80.0	49.0	769.0	1060.0	42.0	84.0	1822.0	31.0	47.0	240.0	36.0	4.0
1	5	7	0.5498917899623812	0.2911967709004155	0.007063572149344097	21824.0	757.0	769.0	1062.0	40.0	3154.0	78.0	52.0	85.0	1823.0	29.0	49.0	37.0	237.0	4.0
1	7	5	-99999.9	1.0	-0.007216494845360825	21824.0	769.0	757.0	1062.0	40.0	3154.0	85.0	49.0	78.0	1823.0	37.0	52.0	29.0	237.0	4.0
5	1	7	-76.7491826847494	1.0	0.4982151963284039	21824.0	757.0	3154.0	78.0	52.0	769.0	1062.0	40.0	85.0	1823.0	29.0	49.0	237.0	37.0	4.0
1	5	8	-0.22674090478814665	0.5896873481088957	0.23529411764705882	20990.0	1591.0	1608.0	188.0	75.0	2941.0	201.0	142.0	197.0	1677.0	63.0	118.0	77.0	124.0	8.0
1	8	5	-0.15697447254563993	0.5623675277538187	-0.7999999999999999	20990.0	1608.0	1591.0	188.0	75.0	2941.0	197.0	118.0	201.0	1677.0	77.0	142.0	63.0	124.0	8.0
5	1	8	0.5101670357733296	0.3049672152395475	0.40909090909090906	20990.0	1591.0	2941.0	201.0	142.0	1608.0	188.0	75.0	197.0	1677.0	63.0	118.0	124.0	77.0	8.0
1	5	9	-0.631117040990686	0.736018057974875	1.027431421446384	21363.0	1218.0	1677.0	142.0	52.0	3029.0	153.0	102.0	565.0	1292.0	80.0	161.0	54.0	110.0	2.0
1	9	5	-24.26931893991459	1.0	0.49341317365269455	21363.0	1677.0	1218.0	142.0	52.0	3029.0	565.0	161.0	153.0	1292.0	54.0	102.0	80.0	110.0	2.0
5	1	9	0.647967253250146	0.2585030034181649	0.9746543778801844	21363.0	1218.0	3029.0	153.0	102.0	1677.0	142.0	52.0	565.0	1292.0	80.0	161.0	110.0	54.0	2.0
1	6	7	0.8154201001645236	0.20741588498757713	0.0022740193291642978	22520.0	88.0	73.0	1765.0	6.0	3268.0	10.0	8.0	14.0	1920.0	4.0	6.0	8.0	308.0	2.0
1	7	6	-99999.9	1.0	-0.002289639381797367	22520.0	73.0	88.0	1765.0	6.0	3268.0	14.0	6.0	10.0	1920.0	8.0	8.0	4.0	308.0	2.0
6	1	7	-356.9501488470185	1.0	0.49942954934398176	22520.0	88.0	3268.0	10.0	8.0	73.0	1765.0	6.0	14.0	1920.0	4.0	6.0	308.0	8.0	2.0
1	6	8	-0.45071565992519397	0.6739027278131042	0.20512820512820512	21000.0	1608.0	1598.0	170.0	76.0	2943.0	201.0	142.0	193.0	1678.0	67.0	120.0	76.0	120.0	8.0
1	8	6	-0.33440194123482136	0.6309617949073787	-0.5333333333333333	21000.0	1598.0	1608.0	170.0	76.0	2943.0	193.0	120.0	201.0	1678.0	76.0	142.0	67.0	120.0	8.0
6	1	8	1.2958075222849328	0.09752097097532175	0.42592592592592593	21000.0	1608.0	2943.0	201.0	142.0	1598.0	170.0	76.0	193.0	1678.0	67.0	120.0	120.0	76.0	8.0
1	6	9	-0.8297278682533369	0.7966537219018132	1.035175879396985	21378.0	1230.0	1662.0	130.0	52.0	3036.0	144.0	106.0	556.0	1303.0	79.0	163.0	52.0	106.0	3.0
1	9	6	-25.247433705422967	1.0	0.4916467780429594	21378.0	1662.0	1230.0	130.0	52.0	3036.0	556.0	163.0	144.0	1303.0	52.0	106.0	79.0	106.0	3.0
6	1	9	0.8579225045532075	0.195467584302356	0.9681818181818181	21378.0	1230.0	3036.0	144.0	106.0	1662.0	130.0	52.0	556.0	1303.0	79.0	163.0	106.0	52.0	3.0
1	7	8	-0.7635666818227884	0.7774373110107559	0.28888888888888886	20987.0	1606.0	1611.0	171.0	77.0	2942.0	203.0	143.0	190.0	1680.0	68.0	124.0	72.0	118.0	8.0
1	8	7	-0.45336771733228054	0.674857987135492	-2.166666666666667	20987.0	1611.0	1606.0	171.0	77.0	2942.0	190.0	124.0	203.0	1680.0	72.0	143.0	68.0	118.0	8.0
7	1	8	1.1159820734333057	0.13221495269880223	0.37254901960784315	20987.0	1606.0	2942.0	203.0	143.0	1611.0	171.0	77.0	190.0	1680.0	68.0	124.0	118.0	72.0	8.0
1	7	9	-0.7701390506633027	0.7793913586273116	1.0327455919395465	21365.0	1228.0	1675.0	131.0	53.0	3038.0	144.0	106.0	554.0	1304.0	80.0	163.0	51.0	105.0	3.0
1	9	7	-25.059139879275154	1.0	0.49219687875150064	21365.0	1675.0	1228.0	131.0	53.0	3038.0	554.0	163.0	144.0	1304.0	51.0	106.0	80.0	105.0	3.0
7	1	9	0.7945580937331146	0.21343524049803042	0.9701834862385321	21365.0	1228.0	3038.0	144.0	106.0	1675.0	131.0	53.0	554.0	1304.0	80.0	163.0	105.0	51.0	3.0
1	8	9	-0.5251642757270153	0.70026551627078	1.0216346153846154	21378.0	1220.0	1662.0	139.0	53.0	3005.0	148.0	103.0	573.0	1301.0	81.0	177.0	50.0	100.0	10.0
1	9	8	-25.324588407280526	1.0	0.4947613504074505	21378.0	1662.0	1220.0	139.0	53.0	3005.0	573.0	177.0	148.0	1301.0	50.0	103.0	81.0	100.0	10.0
8	1	9	0.5362854015659403	0.29588063882403226	0.9796839729119639	21378.0	1220.0	3005.0	148.0	103.0	1662.0	139.0	53.0	573.0	1301.0	81.0	177.0	100.0	50.0	10.0
2	3	4	-0.427187387125425	0.6653785393849305	1.0039577836411608	24327.0	1200.0	381.0	23.0	10.0	343.0	26.0	10.0	787.0	2705.0	136.0	21.0	15.0	13.0	3.0
2	4	3	-108.79038792127477	1.0	0.49901639344262294	24327.0	381.0	1200.0	23.0	10.0	343.0	787.0	21.0	26.0	2705.0	15.0	10.0	136.0	13.0	3.0
3	2	4	0.4288714372717802	0.3340084298677555	0.9960886571056062	24327.0	1200.0	343.0	26.0	10.0	381.0	23.0	10.0	787.0	2705.0	136.0	21.0	13.0	15.0	3.0
2	3	5	-2.3804873955249777	0.9913551347703933	1.022972972972973	24336.0	1191.0	384.0	16.0	14.0	335.0	33.0	11.0	790.0	2726.0	112.0	20.0	16.0	14.0	2.0
2	5	3	-108.38219083154918	1.0	0.49444807315480077	24336.0	384.0	1191.0	16.0	14.0	335.0	790.0	20.0	33.0	2726.0	16.0	11.0	112.0	14.0	2.0
3	2	5	2.4339461613425795	0.007467608914413226	0.9785082174462706	24336.0	1191.0	335.0	33.0	11.0	384.0	16.0	14.0	790.0	2726.0	112.0	20.0	14.0	16.0	2.0
2	3	6	-1.3231928709687792	0.9071143108290814	1.0133689839572193	24367.0	1160.0	381.0	23.0	10.0	334.0	33.0	12.0	791.0	2707.0	130.0	21.0	17.0	13.0	1.0
2	6	3	-101.6212124904021	1.0	0.4967234600262123	24367.0	381.0	1160.0	23.0	10.0	334.0	791.0	21.0	33.0	2707.0	17.0	12.0	130.0	13.0	1.0
3	2	6	1.3406492412981827	0.09001724511008757	0.987146529562982	24367.0	1160.0	334.0	33.0	12.0	381.0	23.0	10.0	791.0	2707.0	130.0	21.0	13.0	17.0	1.0
2	3	7	-0.8118232060361088	0.7915535151195439	1.0079260237780714	24352.0	1175.0	379.0	24.0	11.0	336.0	30.0	13.0	793.0	2707.0	128.0	21.0	17.0	13.0	1.0
2	7	3	-104.04867424029466	1.0	0.4980417754569191	24352.0	379.0	1175.0	24.0	11.0	336.0	793.0	21.0	30.0	2707.0	17.0	13.0	128.0	13.0	1.0
3	2	7	0.8182071368830508	0.20661940466247564	0.9922580645161291	24352.0	1175.0	336.0	30.0	13.0	379.0	24.0	11.0	793.0	2707.0	128.0	21.0	13.0	17.0	1.0
2	3	8	0.0	0.49999999949999996	nan	23606.0	1921.0	374.0	27.0	13.0	341.0	27.0	11.0	1501.0	1938.0	189.0	32.0	11.0	7.0	2.0
2	8	3	-200.40052316739883	1.0	0.5	23606.0	374.0	1921.0	27.0	13.0	341.0	1501.0	32.0	27.0	1938.0	11.0	11.0	189.0	7.0	2.0
3	2	8	0.0	0.49999999949999996	nan	23606.0	1921.0	341.0	27.0	11.0	374.0	27.0	13.0	1501.0	1938.0	189.0	32.0	7.0	11.0	2.0
2	3	9	0.4928511596736521	0.3110588819571277	0.9984544049459042	24071.0	1456.0	388.0	20.0	6.0	347.0	17.0	15.0	1955.0	1511.0	162.0	34.0	11.0	4.0	3.0
2	9	3	-317.88899798950445	1.0	0.5003872966692485	24071.0	388.0	1456.0	20.0	6.0	347.0	1955.0	34.0	17.0	1511.0	11.0	15.0	162.0	4.0	3.0
3	2	9	-0.49208823218189723	0.6886715117358171	1.0015527950310559	24071.0	1456.0	347.0	17.0	15.0	388.0	20.0	6.0	1955.0	1511.0	162.0	34.0	4.0	11.0	3.0
2	4	5	-99999.9	1.0	-0.1075268817204301	23716.0	992.0	1004.0	196.0	33.0	1035.0	93.0	23.0	83.0	2615.0	48.0	27.0	67.0	65.0	3.0
2	5	4	0.7818547412334772	0.21714990929643685	0.0813008130081301	23716.0	1004.0	992.0	196.0	33.0	1035.0	83.0	27.0	93.0	2615.0	67.0	23.0	48.0	65.0	3.0
4	2	5	-8.05310383470481	0.9999999999999996	0.5231481481481481	23716.0	992.0	1035.0	93.0	23.0	1004.0	196.0	33.0	83.0	2615.0	48.0	27.0	65.0	67.0	3.0
2	4	6	0.07389135180188769	0.4705483500955697	0.010638297872340427	23729.0	979.0	1019.0	185.0	29.0	1024.0	92.0	35.0	93.0	2597.0	56.0	29.0	68.0	64.0	1.0
2	6	4	-99999.9	1.0	-0.01098901098901099	23729.0	1019.0	979.0	185.0	29.0	1024.0	93.0	29.0	92.0	2597.0	68.0	35.0	56.0	64.0	1.0
4	2	6	-6.798004365773621	0.9999999999946652	0.4972972972972973	23729.0	979.0	1024.0	92.0	35.0	1019.0	185.0	29.0	93.0	2597.0	56.0	29.0	64.0	68.0	1.0
2	4	7	0.45480726709293345	0.32462397371585494	0.058823529411764705	23709.0	999.0	1022.0	185.0	26.0	1026.0	89.0	36.0	95.0	2597.0	54.0	29.0	68.0	64.0	1.0
2	7	4	-99999.9	1.0	-0.07142857142857142	23709.0	1022.0	999.0	185.0	26.0	1026.0	95.0	29.0	89.0	2597.0	68.0	36.0	54.0	64.0	1.0
4	2	7	-6.822109006393999	0.9999999999954878	0.4838709677419355	23709.0	999.0	1026.0	89.0	36.0	1022.0	185.0	26.0	95.0	2597.0	54.0	29.0	64.0	68.0	1.0
2	4	8	0.516925364067935	0.302604120033124	0.9899135446685879	22897.0	1811.0	1083.0	96.0	54.0	1034.0	89.0	28.0	776.0	1838.0	132.0	64.0	49.0	43.0	6.0
2	8	4	-50.215606795170885	1.0	0.5025603511338698	22897.0	1083.0	1811.0	96.0	54.0	1034.0	776.0	64.0	89.0	1838.0	49.0	28.0	132.0	43.0	6.0
4	2	8	-0.5116582934005761	0.6955549176442974	1.0104011887072808	22897.0	1811.0	1034.0	89.0	28.0	1083.0	96.0	54.0	776.0	1838.0	132.0	64.0	43.0	49.0	6.0
2	4	9	0.0	0.49999999949999996	nan	23325.0	1383.0	1134.0	66.0	33.0	1056.0	66.0	29.0	1196.0	1431.0	119.0	84.0	42.0	29.0	7.0
2	9	4	-98.31664151345896	1.0	0.5	23325.0	1134.0	1383.0	66.0	33.0	1056.0	1196.0	84.0	66.0	1431.0	42.0	29.0	119.0	29.0	7.0
4	2	9	0.0	0.49999999949999996	nan	23325.0	1383.0	1056.0	66.0	29.0	1134.0	66.0	33.0	1196.0	1431.0	119.0	84.0	29.0	42.0	7.0
2	5	6	0.7087762365152727	0.23923160404405375	0.02373887240356083	23939.0	781.0	809.0	390.0	22.0	1055.0	61.0	29.0	69.0	2656.0	50.0	22.0	40.0	76.0	1.0
2	6	5	-99999.9	1.0	-0.025559105431309903	23939.0	809.0	781.0	390.0	22.0	1055.0	69.0	22.0	61.0	2656.0	40.0	29.0	50.0	76.0	1.0
5	2	6	-28.4396464901753	1.0	0.4938461538461538	23939.0	781.0	1055.0	61.0	29.0	809.0	390.0	22.0	69.0	2656.0	50.0	22.0	76.0	40.0	1.0
2	5	7	1.2568225934896118	0.10440901013142756	0.040462427745664734	23921.0	799.0	810.0	389.0	22.0	1057.0	57.0	31.0	71.0	2657.0	47.0	22.0	40.0	76.0	1.0
2	7	5	-99999.9	1.0	-0.046052631578947366	23921.0	810.0	799.0	389.0	22.0	1057.0	71.0	22.0	57.0	2657.0	40.0	31.0	47.0	76.0	1.0
5	2	7	-28.547827480692604	1.0	0.48923076923076925	23921.0	799.0	1057.0	57.0	31.0	810.0	389.0	22.0	71.0	2657.0	47.0	22.0	76.0	40.0	1.0
2	5	8	1.0293180701627327	0.15166513828982864	0.9805555555555555	22902.0	1818.0	1078.0	101.0	42.0	1029.0	87.0	29.0	793.0	1847.0	135.0	52.0	42.0	41.0	4.0
2	8	5	-50.87772175375791	1.0	0.5050071530758227	22902.0	1078.0	1818.0	101.0	42.0	1029.0	793.0	52.0	87.0	1847.0	42.0	29.0	135.0	41.0	4.0
5	2	8	-1.0089066636722535	0.8434902871272734	1.0206489675516224	22902.0	1818.0	1029.0	87.0	29.0	1078.0	101.0	42.0	793.0	1847.0	135.0	52.0	41.0	42.0	4.0
2	5	9	1.04067115172445	0.14901412328518016	0.9896729776247849	23335.0	1385.0	1124.0	73.0	24.0	1057.0	61.0	27.0	1211.0	1442.0	122.0	68.0	36.0	29.0	6.0
2	9	5	-98.69031422186876	1.0	0.5026223776223777	23335.0	1124.0	1385.0	73.0	24.0	1057.0	1211.0	68.0	61.0	1442.0	36.0	27.0	122.0	29.0	6.0
5	2	9	-1.0298119744890646	0.8484508396112925	1.0106571936056838	23335.0	1385.0	1057.0	61.0	27.0	1124.0	73.0	24.0	1211.0	1442.0	122.0	68.0	29.0	36.0	6.0
2	6	7	1.0897890134616959	0.13790308860239053	0.004500450045004501	24654.0	94.0	77.0	1114.0	2.0	1134.0	8.0	4.0	13.0	2736.0	8.0	3.0	10.0	143.0	0.0
2	7	6	-99999.9	1.0	-0.0045620437956204385	24654.0	77.0	94.0	1114.0	2.0	1134.0	13.0	3.0	8.0	2736.0	10.0	4.0	8.0	143.0	0.0
6	2	7	-239.97154076426648	1.0	0.49886724059809695	24654.0	94.0	1134.0	8.0	4.0	77.0	1114.0	2.0	13.0	2736.0	8.0	3.0	143.0	10.0	0.0
2	6	8	-0.5291461341325077	0.7016479766612114	1.010174418604651	22916.0	1832.0	1064.0	83.0	46.0	1027.0	90.0	29.0	785.0	1842.0	130.0	62.0	44.0	43.0	7.0
2	8	6	-53.06579802300293	1.0	0.4974946313528991	22916.0	1064.0	1832.0	83.0	46.0	1027.0	785.0	62.0	90.0	1842.0	44.0	29.0	130.0	43.0	7.0
6	2	8	0.5344756635410365	0.2965062218353238	0.9901269393511989	22916.0	1832.0	1027.0	90.0	29.0	1064.0	83.0	46.0	785.0	1842.0	130.0	62.0	43.0	44.0	7.0
2	6	9	0.7322021726991117	0.23202252008900004	0.9930434782608696	23356.0	1392.0	1103.0	64.0	26.0	1058.0	56.0	32.0	1198.0	1445.0	114.0	80.0	38.0	30.0	8.0
2	9	6	-103.78965798009916	1.0	0.5017574692442883	23356.0	1103.0	1392.0	64.0	26.0	1058.0	1198.0	80.0	56.0	1445.0	38.0	32.0	114.0	30.0	8.0
6	2	9	-0.7270729105436013	0.76640942304442	1.0071047957371226	23356.0	1392.0	1058.0	56.0	32.0	1103.0	64.0	26.0	1198.0	1445.0	114.0	80.0	30.0	38.0	8.0
2	7	8	-0.6676696177886448	0.7478278115877961	1.013215859030837	22902.0	1829.0	1078.0	85.0	47.0	1027.0	94.0	29.0	784.0	1840.0	130.0	63.0	42.0	44.0	6.0
2	8	7	-51.85567364825138	1.0	0.49676025917926564	22902.0	1078.0	1829.0	85.0	47.0	1027.0	784.0	63.0	94.0	1840.0	42.0	29.0	130.0	44.0	6.0
7	2	8	0.676378351933714	0.24940016227945117	0.9872881355932204	22902.0	1829.0	1027.0	94.0	29.0	1078.0	85.0	47.0	784.0	1840.0	130.0	63.0	44.0	42.0	6.0
2	7	9	0.720323842623922	0.23566274463068537	0.9930191972076788	23343.0	1388.0	1116.0	66.0	28.0	1060.0	58.0	32.0	1196.0	1444.0	114.0	80.0	37.0	30.0	8.0
2	9	7	-101.74574277062908	1.0	0.5017636684303352	23343.0	1116.0	1388.0	66.0	28.0	1060.0	1196.0	80.0	58.0	1444.0	37.0	32.0	114.0	30.0	8.0
7	2	9	-0.7152600546265658	0.762775886169978	1.0071301247771836	23343.0	1388.0	1060.0	58.0	32.0	1116.0	66.0	28.0	1196.0	1444.0	114.0	80.0	30.0	37.0	8.0
2	8	9	0.06702907006922566	0.4732792107644497	0.9976190476190476	22672.0	1308.0	1787.0	112.0	62.0	1711.0	111.0	52.0	530.0	1375.0	71.0	95.0	53.0	53.0	8.0
2	9	8	-28.01815128893614	1.0	0.5005973715651135	22672.0	1787.0	1308.0	112.0	62.0	1711.0	530.0	95.0	111.0	1375.0	53.0	52.0	71.0	53.0	8.0
8	2	9	-0.06686909615497931	0.5266571117559863	1.0023980815347722	22672.0	1308.0	1711.0	111.0	52.0	1787.0	112.0	62.0	530.0	1375.0	71.0	95.0	53.0	53.0	8.0
3	4	5	0.23768882707550704	0.4060612740900471	0.024193548387096777	23667.0	1003.0	1004.0	201.0	31.0	1084.0	80.0	25.0	83.0	2609.0	49.0	27.0	67.0	66.0	4.0
3	5	4	-99999.9	1.0	-0.026086956521739132	23667.0	1004.0	1003.0	201.0	31.0	1084.0	83.0	27.0	80.0	2609.0	67.0	25.0	49.0	66.0	4.0
4	3	5	-9.34909386496996	1.0	0.49372384937238495	23667.0	1003.0	1084.0	80.0	25.0	1004.0	201.0	31.0	83.0	2609.0	49.0	27.0	66.0	67.0	4.0
3	4	6	0.4615271739696823	0.32221023433602614	0.05504587155963303	23682.0	988.0	1019.0	189.0	28.0	1071.0	86.0	32.0	92.0	2591.0	58.0	30.0	66.0	66.0	2.0
3	6	4	-99999.9	1.0	-0.06593406593406594	23682.0	1019.0	988.0	189.0	28.0	1071.0	92.0	30.0	86.0	2591.0	66.0	32.0	58.0	66.0	2.0
4	3	6	-7.461355979176546	0.9999999999999568	0.485	23682.0	988.0	1071.0	86.0	32.0	1019.0	189.0	28.0	92.0	2591.0	58.0	30.0	66.0	66.0	2.0
3	4	7	0.5361626860605393	0.295923039466196	0.06422018348623854	23666.0	1004.0	1022.0	189.0	25.0	1069.0	87.0	33.0	94.0	2591.0	56.0	30.0	66.0	66.0	2.0
3	7	4	-99999.9	1.0	-0.07954545454545454	23666.0	1022.0	1004.0	189.0	25.0	1069.0	94.0	30.0	87.0	2591.0	66.0	33.0	56.0	66.0	2.0
4	3	7	-7.276493596535895	0.9999999999998275	0.48223350253807107	23666.0	1004.0	1069.0	87.0	33.0	1022.0	189.0	25.0	94.0	2591.0	56.0	30.0	66.0	66.0	2.0
3	4	8	0.5714165292111676	0.28385862688253205	0.9885057471264368	22870.0	1800.0	1077.0	103.0	56.0	1061.0	95.0	33.0	783.0	1828.0	130.0	63.0	49.0	46.0	6.0
3	8	4	-48.57040498294924	1.0	0.5029239766081871	22870.0	1077.0	1800.0	103.0	56.0	1061.0	783.0	63.0	95.0	1828.0	49.0	33.0	130.0	46.0	6.0
4	3	8	-0.564772150964526	0.7138856580176465	1.0119047619047619	22870.0	1800.0	1061.0	95.0	33.0	1077.0	103.0	56.0	783.0	1828.0	130.0	63.0	46.0	49.0	6.0
3	4	9	-0.2522054133518017	0.5995587970231554	1.0026690391459074	23286.0	1384.0	1132.0	69.0	35.0	1095.0	72.0	22.0	1199.0	1422.0	120.0	83.0	41.0	35.0	5.0
3	9	4	-94.99737236251198	1.0	0.49933540097474527	23286.0	1132.0	1384.0	69.0	35.0	1095.0	1199.0	83.0	72.0	1422.0	41.0	22.0	120.0	35.0	5.0
4	3	9	0.25287676760207267	0.40018177767780827	0.9973521624007061	23286.0	1384.0	1095.0	72.0	22.0	1132.0	69.0	35.0	1199.0	1422.0	120.0	83.0	35.0	41.0	5.0
3	5	6	0.27152255070727316	0.3929946418360264	0.008746355685131196	23887.0	784.0	814.0	400.0	21.0	1107.0	60.0	27.0	63.0	2643.0	50.0	23.0	40.0	79.0	2.0
3	6	5	-99999.9	1.0	-0.008982035928143712	23887.0	814.0	784.0	400.0	21.0	1107.0	63.0	23.0	60.0	2643.0	40.0	27.0	50.0	79.0	2.0
5	3	6	-30.50103319611707	1.0	0.4977843426883309	23887.0	784.0	1107.0	60.0	27.0	814.0	400.0	21.0	63.0	2643.0	50.0	23.0	79.0	40.0	2.0
3	5	7	0.4500515921783815	0.3263366455139922	0.01453488372093023	23873.0	798.0	815.0	399.0	21.0	1105.0	60.0	29.0	65.0	2644.0	47.0	23.0	40.0	79.0	2.0
3	7	5	-99999.9	1.0	-0.01519756838905775	23873.0	815.0	798.0	399.0	21.0	1105.0	65.0	23.0	60.0	2644.0	40.0	29.0	47.0	79.0	2.0
5	3	7	-30.06344635751591	1.0	0.4962852897473997	23873.0	798.0	1105.0	60.0	29.0	815.0	399.0	21.0	65.0	2644.0	47.0	23.0	79.0	40.0	2.0
3	5	8	0.919627871358298	0.1788836066248729	0.9815078236130867	22862.0	1809.0	1085.0	108.0	42.0	1069.0	95.0	30.0	785.0	1835.0	136.0	53.0	42.0	46.0	3.0
3	8	5	-47.891389916120616	1.0	0.504754937820044	22862.0	1085.0	1809.0	108.0	42.0	1069.0	785.0	53.0	95.0	1835.0	42.0	30.0	136.0	46.0	3.0
5	3	8	-0.902301549144301	0.8165516769165273	1.019578313253012	22862.0	1809.0	1069.0	95.0	30.0	1085.0	108.0	42.0	785.0	1835.0	136.0	53.0	46.0	42.0	3.0
3	5	9	1.0917890272049753	0.13746296344672093	0.9886956521739131	23284.0	1387.0	1134.0	78.0	23.0	1108.0	65.0	21.0	1202.0	1432.0	122.0	67.0	38.0	34.0	5.0
3	9	5	-94.3977589675686	1.0	0.502874834144184	23284.0	1134.0	1387.0	78.0	23.0	1108.0	1202.0	67.0	65.0	1432.0	38.0	21.0	122.0	34.0	5.0
5	3	9	-1.0793059512562817	0.8597742815449255	1.0117011701170118	23284.0	1387.0	1108.0	65.0	21.0	1134.0	78.0	23.0	1202.0	1432.0	122.0	67.0	34.0	38.0	5.0
3	6	7	0.22890629455064254	0.40947091825133675	0.0008968609865470851	24608.0	93.0	80.0	1123.0	2.0	1180.0	9.0	4.0	10.0	2725.0	8.0	3.0	10.0	145.0	0.0
3	7	6	-99999.9	1.0	-0.0008992805755395684	24608.0	80.0	93.0	1123.0	2.0	1180.0	10.0	3.0	9.0	2725.0	10.0	4.0	8.0	145.0	0.0
6	3	7	-254.77270583486518	1.0	0.4997754827121688	24608.0	93.0	1180.0	9.0	4.0	80.0	1123.0	2.0	10.0	2725.0	8.0	3.0	145.0	10.0	0.0
3	6	8	-0.5116832818177777	0.6955636634294271	1.0103092783505154	22876.0	1825.0	1071.0	89.0	45.0	1067.0	96.0	30.0	782.0	1831.0	130.0	58.0	45.0	48.0	7.0
3	8	6	-50.65664489996003	1.0	0.49746192893401014	22876.0	1071.0	1825.0	89.0	45.0	1067.0	782.0	58.0	96.0	1831.0	45.0	30.0	130.0	48.0	7.0
6	3	8	0.5169045397955102	0.302611388763825	0.99	22876.0	1825.0	1067.0	96.0	30.0	1071.0	89.0	45.0	782.0	1831.0	130.0	58.0	48.0	45.0	7.0
3	6	9	0.519376656836085	0.301749041453957	0.9947229551451188	23308.0	1393.0	1110.0	70.0	25.0	1106.0	64.0	23.0	1195.0	1433.0	115.0	76.0	38.0	36.0	8.0
3	9	6	-97.38312315676576	1.0	0.5013297872340425	23308.0	1110.0	1393.0	70.0	25.0	1106.0	1195.0	76.0	64.0	1433.0	38.0	23.0	115.0	36.0	8.0
6	3	9	-0.5166213430067159	0.6972897533804159	1.0053619302949062	23308.0	1393.0	1106.0	64.0	23.0	1110.0	70.0	25.0	1195.0	1433.0	115.0	76.0	36.0	38.0	8.0
3	7	8	-0.6463592098608538	0.740976686267627	1.0133136094674555	22866.0	1822.0	1081.0	91.0	46.0	1063.0	100.0	30.0	785.0	1829.0	130.0	59.0	43.0	49.0	6.0
3	8	7	-49.84147684927026	1.0	0.4967367657722988	22866.0	1081.0	1822.0	91.0	46.0	1063.0	785.0	59.0	100.0	1829.0	43.0	30.0	130.0	49.0	6.0
7	3	8	0.6548515206473468	0.2562816145952951	0.9871977240398293	22866.0	1822.0	1063.0	100.0	30.0	1081.0	91.0	46.0	785.0	1829.0	130.0	59.0	49.0	43.0	6.0
3	7	9	0.5118031664416459	0.30439437927936364	0.9947229551451188	23299.0	1389.0	1119.0	72.0	27.0	1104.0	66.0	23.0	1197.0	1432.0	115.0	76.0	37.0	36.0	8.0
3	9	7	-95.96309370780847	1.0	0.5013297872340425	23299.0	1119.0	1389.0	72.0	27.0	1104.0	1197.0	76.0	66.0	1432.0	37.0	23.0	115.0	36.0	8.0
7	3	9	-0.5090880302801518	0.6946547455621899	1.0053619302949062	23299.0	1389.0	1104.0	66.0	23.0	1119.0	72.0	27.0	1197.0	1432.0	115.0	76.0	36.0	37.0	8.0
3	8	9	-0.25902934201869243	0.6021936406876681	1.0096852300242132	22638.0	1309.0	1780.0	116.0	63.0	1745.0	120.0	42.0	537.0	1363.0	72.0	95.0	52.0	61.0	7.0
3	9	8	-27.262838247467453	1.0	0.49761336515513127	22638.0	1780.0	1309.0	116.0	63.0	1745.0	537.0	95.0	120.0	1363.0	52.0	42.0	72.0	61.0	7.0
8	3	9	0.26151403594692935	0.3968481230584586	0.9905882352941177	22638.0	1309.0	1745.0	120.0	42.0	1780.0	116.0	63.0	537.0	1363.0	72.0	95.0	61.0	52.0	7.0
4	5	6	2.037286736266885	0.020810590453924416	0.08914728682170543	23955.0	796.0	798.0	291.0	19.0	1039.0	56.0	19.0	79.0	2747.0	50.0	23.0	43.0	84.0	1.0
4	6	5	-99999.9	1.0	-0.1216931216931217	23955.0	798.0	796.0	291.0	19.0	1039.0	79.0	23.0	56.0	2747.0	43.0	19.0	50.0	84.0	1.0
5	4	6	-18.77846904732955	1.0	0.4742729306487696	23955.0	796.0	1039.0	56.0	19.0	798.0	291.0	19.0	79.0	2747.0	50.0	23.0	84.0	43.0	1.0
4	5	7	2.2968140984263434	0.010814659267400328	0.09961685823754789	23936.0	815.0	799.0	290.0	19.0	1042.0	55.0	17.0	81.0	2748.0	47.0	23.0	43.0	84.0	1.0
4	7	5	-99999.9	1.0	-0.14207650273224043	23936.0	799.0	815.0	290.0	19.0	1042.0	81.0	23.0	55.0	2748.0	43.0	17.0	47.0	84.0	1.0
5	4	7	-18.46285179119638	1.0	0.4707207207207207	23936.0	815.0	1042.0	55.0	17.0	799.0	290.0	19.0	81.0	2748.0	47.0	23.0	84.0	43.0	1.0
4	5	8	0.6055951638793835	0.2723917572981909	0.9900497512437811	22955.0	1796.0	976.0	92.0	40.0	976.0	84.0	54.0	880.0	1855.0	141.0	67.0	38.0	42.0	4.0
4	8	5	-59.65112364211939	1.0	0.5025252525252525	22955.0	976.0	1796.0	92.0	40.0	976.0	880.0	67.0	84.0	1855.0	38.0	54.0	141.0	42.0	4.0
5	4	8	-0.5995087803228067	0.7255832194731762	1.0102564102564102	22955.0	1796.0	976.0	84.0	54.0	976.0	92.0	40.0	880.0	1855.0	141.0	67.0	42.0	38.0	4.0
4	5	9	1.148863843572176	0.12530612071256475	0.9897151898734177	23368.0	1383.0	1013.0	71.0	24.0	1024.0	58.0	32.0	1309.0	1437.0	130.0	81.0	31.0	36.0	3.0
4	9	5	-109.40718756479646	1.0	0.5026114905584572	23368.0	1013.0	1383.0	71.0	24.0	1024.0	1309.0	81.0	58.0	1437.0	31.0	32.0	130.0	36.0	3.0
5	4	9	-1.1369252105054786	0.8722151701902164	1.010612244897959	23368.0	1383.0	1024.0	58.0	32.0	1013.0	71.0	24.0	1309.0	1437.0	130.0	81.0	36.0	31.0	3.0
4	6	7	0.4464503800382757	0.3276360011791052	0.00196078431372549	24658.0	95.0	77.0	1027.0	2.0	1130.0	9.0	2.0	11.0	2827.0	8.0	5.0	10.0	139.0	0.0
4	7	6	-99999.9	1.0	-0.0019723865877712033	24658.0	77.0	95.0	1027.0	2.0	1130.0	11.0	5.0	9.0	2827.0	10.0	2.0	8.0	139.0	0.0
6	4	7	-226.79679305944552	1.0	0.4995083579154376	24658.0	95.0	1130.0	9.0	2.0	77.0	1027.0	2.0	11.0	2827.0	8.0	5.0	139.0	10.0	0.0
4	6	8	-1.055934544470416	0.854500909353874	1.018445322793149	22948.0	1805.0	983.0	79.0	44.0	995.0	93.0	53.0	866.0	1844.0	136.0	62.0	40.0	45.0	7.0
4	8	6	-59.35860617844404	1.0	0.49551282051282053	22948.0	983.0	1805.0	79.0	44.0	995.0	866.0	62.0	93.0	1844.0	40.0	53.0	136.0	45.0	7.0
6	4	8	1.0750588441115365	0.14117422868177087	0.982521847690387	22948.0	1805.0	995.0	93.0	53.0	983.0	79.0	44.0	866.0	1844.0	136.0	62.0	45.0	40.0	7.0
4	6	9	0.5354922969653249	0.2961547214401039	0.9951259138911455	23366.0	1387.0	1015.0	66.0	25.0	1048.0	60.0	33.0	1285.0	1436.0	125.0	81.0	30.0	37.0	6.0
4	9	6	-108.79418500012179	1.0	0.5012274959083469	23366.0	1015.0	1387.0	66.0	25.0	1048.0	1285.0	81.0	60.0	1436.0	30.0	33.0	125.0	37.0	6.0
6	4	9	-0.5328694775516172	0.7029380510730229	1.0049464138499589	23366.0	1387.0	1048.0	60.0	33.0	1015.0	66.0	25.0	1285.0	1436.0	125.0	81.0	37.0	30.0	6.0
4	7	8	-1.19770776130454	0.884484532090423	1.0211920529801324	22931.0	1804.0	1000.0	79.0	45.0	998.0	95.0	53.0	866.0	1844.0	136.0	59.0	38.0	46.0	6.0
4	8	7	-58.912250509167	1.0	0.49486521181001286	22931.0	1000.0	1804.0	79.0	45.0	998.0	866.0	59.0	95.0	1844.0	38.0	53.0	136.0	46.0	6.0
7	4	8	1.2225629158841413	0.11074748053103134	0.9800747198007472	22931.0	1804.0	998.0	95.0	53.0	1000.0	79.0	45.0	866.0	1844.0	136.0	59.0	46.0	38.0	6.0
4	7	9	0.622480155403838	0.2668130389726746	0.9943181818181818	23350.0	1385.0	1031.0	67.0	26.0	1053.0	60.0	33.0	1285.0	1436.0	125.0	76.0	30.0	37.0	6.0
4	9	7	-108.31154704026791	1.0	0.5014326647564471	23350.0	1031.0	1385.0	67.0	26.0	1053.0	1285.0	76.0	60.0	1436.0	30.0	33.0	125.0	37.0	6.0
7	4	9	-0.6189231259443876	0.732016552841639	1.0057803468208093	23350.0	1385.0	1053.0	60.0	33.0	1031.0	67.0	26.0	1285.0	1436.0	125.0	76.0	37.0	30.0	6.0
4	8	9	0.46803192202301697	0.31988089670706343	0.9839816933638444	22626.0	1305.0	1755.0	117.0	56.0	1757.0	110.0	56.0	540.0	1361.0	76.0	117.0	55.0	62.0	7.0
4	9	8	-28.28250043081947	1.0	0.5041031652989448	22626.0	1755.0	1305.0	117.0	56.0	1757.0	540.0	117.0	110.0	1361.0	55.0	56.0	76.0	62.0	7.0
8	4	9	-0.46041279771101434	0.6773900048642401	1.0168269230769231	22626.0	1305.0	1757.0	110.0	56.0	1755.0	117.0	56.0	540.0	1361.0	76.0	117.0	62.0	55.0	7.0
5	6	7	0.4465572262571322	0.3275974197645217	0.0025575447570332483	24898.0	96.0	80.0	789.0	2.0	890.0	9.0	1.0	11.0	3103.0	8.0	2.0	10.0	101.0	0.0
5	7	6	-99999.9	1.0	-0.002577319587628866	24898.0	80.0	96.0	789.0	2.0	890.0	11.0	2.0	9.0	3103.0	10.0	1.0	8.0	101.0	0.0
6	5	7	-173.71076101402414	1.0	0.4993581514762516	24898.0	96.0	890.0	9.0	1.0	80.0	789.0	2.0	11.0	3103.0	8.0	2.0	101.0	10.0	0.0
5	6	8	-1.6337674793872856	0.9488461689735852	1.0202429149797572	23153.0	1841.0	778.0	63.0	30.0	790.0	83.0	27.0	1091.0	1872.0	159.0	42.0	34.0	33.0	4.0
5	8	6	-83.97564844050646	1.0	0.49508840864440073	23153.0	778.0	1841.0	63.0	30.0	790.0	1091.0	42.0	83.0	1872.0	34.0	27.0	159.0	33.0	4.0
6	5	8	1.6661835008037	0.047838415507820864	0.9809160305343512	23153.0	1841.0	790.0	83.0	27.0	778.0	63.0	30.0	1091.0	1872.0	159.0	42.0	33.0	34.0	4.0
5	6	9	-0.49634461969860927	0.6901743541933876	1.0034059945504088	23588.0	1406.0	804.0	48.0	19.0	826.0	53.0	21.0	1526.0	1462.0	134.0	51.0	29.0	29.0	4.0
5	9	6	-146.71946958290877	1.0	0.49915282954930534	23588.0	804.0	1406.0	48.0	19.0	826.0	1526.0	51.0	53.0	1462.0	29.0	21.0	134.0	29.0	4.0
6	5	9	0.4980294283194463	0.30923164974164463	0.9966284558327714	23588.0	1406.0	826.0	53.0	21.0	804.0	48.0	19.0	1526.0	1462.0	134.0	51.0	29.0	29.0	4.0
5	7	8	-1.8679547691561613	0.9691158747820532	1.0234215885947047	23138.0	1840.0	793.0	62.0	32.0	791.0	85.0	27.0	1090.0	1873.0	159.0	42.0	31.0	34.0	3.0
5	8	7	-83.48945663880582	1.0	0.49434333497294636	23138.0	793.0	1840.0	62.0	32.0	791.0	1090.0	42.0	85.0	1873.0	31.0	27.0	159.0	34.0	3.0
7	5	8	1.910703982778641	0.02802124961353536	0.978116079923882	23138.0	1840.0	791.0	85.0	27.0	793.0	62.0	32.0	1090.0	1873.0	159.0	42.0	34.0	31.0	3.0
5	7	9	-0.39528555643297153	0.6536838700140601	1.002721088435374	23575.0	1403.0	817.0	49.0	21.0	828.0	53.0	22.0	1527.0	1462.0	133.0	48.0	29.0	29.0	4.0
5	9	7	-146.0580131019827	1.0	0.4993224932249323	23575.0	817.0	1403.0	49.0	21.0	828.0	1527.0	48.0	53.0	1462.0	29.0	22.0	133.0	29.0	4.0
7	5	9	0.39635824451013024	0.34592043328009936	0.9973009446693657	23575.0	1403.0	828.0	53.0	22.0	817.0	49.0	21.0	1527.0	1462.0	133.0	48.0	29.0	29.0	4.0
5	8	9	-0.5198519001399563	0.6984166107353813	1.019047619047619	22625.0	1306.0	1767.0	112.0	55.0	1758.0	120.0	45.0	548.0	1366.0	75.0	97.0	58.0	62.0	6.0
5	9	8	-28.33192855762765	1.0	0.49537037037037035	22625.0	1767.0	1306.0	112.0	55.0	1758.0	548.0	97.0	120.0	1366.0	58.0	45.0	75.0	62.0	6.0
8	5	9	0.5295687580864976	0.2982054631689195	0.9819819819819819	22625.0	1306.0	1758.0	120.0	45.0	1767.0	112.0	55.0	548.0	1366.0	75.0	97.0	62.0	58.0	6.0
6	7	8	-0.4697844233293427	0.6807454629892168	1.0011025358324146	23848.0	1940.0	95.0	8.0	3.0	81.0	10.0	2.0	1826.0	1952.0	215.0	4.0	6.0	9.0	1.0
6	8	7	-427.03404080637716	1.0	0.49972482113373695	23848.0	95.0	1940.0	8.0	3.0	81.0	1826.0	4.0	10.0	1952.0	6.0	2.0	215.0	9.0	1.0
7	6	8	0.4703018070554764	0.3190697179090701	0.9989010989010989	23848.0	1940.0	81.0	10.0	2.0	95.0	8.0	3.0	1826.0	1952.0	215.0	4.0	9.0	6.0	1.0
6	7	9	0.2763407437638102	0.3911432465509648	0.9995621716287215	24319.0	1469.0	95.0	7.0	4.0	84.0	6.0	3.0	2289.0	1527.0	177.0	8.0	6.0	6.0	0.0
6	9	7	-630.609577269022	1.0	0.5001095290251917	24319.0	95.0	1469.0	7.0	4.0	84.0	2289.0	8.0	6.0	1527.0	6.0	3.0	177.0	6.0	0.0
7	6	9	-0.27621970095007226	0.6088102726299437	1.0004384042086805	24319.0	1469.0	84.0	6.0	3.0	95.0	7.0	4.0	2289.0	1527.0	177.0	8.0	6.0	6.0	0.0
6	8	9	-0.06841903301217164	0.5272740338557247	1.0024271844660195	22628.0	1315.0	1786.0	106.0	59.0	1755.0	107.0	49.0	520.0	1375.0	73.0	106.0	57.0	59.0	5.0
6	9	8	-28.325479667039232	1.0	0.4993954050785973	22628.0	1786.0	1315.0	106.0	59.0	1755.0	520.0	106.0	107.0	1375.0	57.0	49.0	73.0	59.0	5.0
8	6	9	0.06858469653036092	0.4726600308627602	0.9975903614457832	22628.0	1315.0	1755.0	107.0	49.0	1786.0	106.0	59.0	520.0	1375.0	73.0	106.0	59.0	57.0	5.0
7	8	9	-0.1369873773849857	0.5544796424456202	1.0048899755501222	22615.0	1314.0	1788.0	105.0	59.0	1768.0	107.0	50.0	518.0	1377.0	74.0	106.0	56.0	58.0	5.0
7	9	8	-28.287893429999535	1.0	0.4987864077669903	22615.0	1788.0	1314.0	105.0	59.0	1768.0	518.0	106.0	107.0	1377.0	56.0	50.0	74.0	58.0	5.0
8	7	9	0.13765398262773504	0.4452569167209002	0.9951807228915662	22615.0	1314.0	1768.0	107.0	50.0	1788.0	105.0	59.0	518.0	1377.0	74.0	106.0	58.0	56.0	5.0
