P1	Hybrid	P2	Zscore	Pvalue	Gamma	AAAA	AAAB	AABA	AABB	AABC	ABAA	ABAB	ABAC	ABBA	BAAA	ABBC	CABC	BACA	BCAA	ABCD
1	2	3	0.5830363649084446	0.2799343685491442	0.9514563106796117	21819.0	1338.0	1632.0	159.0	48.0	2690.0	149.0	83.0	345.0	1365.0	74.0	134.0	57.0	103.0	4.0
1	3	2	-10.84447638729705	1.0	0.5130890052356021	21819.0	1632.0	1338.0	159.0	48.0	2690.0	345.0	134.0	149.0	1365.0	57.0	83.0	74.0	103.0	4.0
2	1	3	-0.5532896115967891	0.7099674718639962	1.0568181818181819	21819.0	1338.0	2690.0	149.0	83.0	1632.0	159.0	48.0	345.0	1365.0	74.0	134.0	103.0	57.0	4.0
1	2	4	0.5471962783113562	0.29212192071310206	0.9882179675994109	22223.0	934.0	1691.0	112.0	36.0	2774.0	104.0	44.0	775.0	944.0	65.0	186.0	44.0	61.0	7.0
1	4	2	-45.34889156505363	1.0	0.5029985007496252	22223.0	1691.0	934.0	112.0	36.0	2774.0	775.0	186.0	104.0	944.0	44.0	44.0	65.0	61.0	7.0
2	1	4	-0.5406723286444548	0.7056332952142035	1.0122137404580154	22223.0	934.0	2774.0	104.0	44.0	1691.0	112.0	36.0	775.0	944.0	65.0	186.0	61.0	44.0	7.0
1	2	5	0.2185925272647289	0.41348377505698186	0.9959183673469387	22256.0	901.0	1698.0	96.0	45.0	2793.0	93.0	36.0	825.0	903.0	56.0	197.0	37.0	59.0	5.0
1	5	2	-53.11798412532922	1.0	0.5010266940451745	22256.0	1698.0	901.0	96.0	45.0	2793.0	825.0	197.0	93.0	903.0	37.0	36.0	56.0	59.0	5.0
2	1	5	-0.21769665625134885	0.5861672281689005	1.0041322314049588	22256.0	901.0	2793.0	93.0	36.0	1698.0	96.0	45.0	825.0	903.0	56.0	197.0	59.0	37.0	5.0
1	2	6	0.5770325647571884	0.28195868952071823	0.9893899204244032	22313.0	844.0	1689.0	101.0	49.0	2783.0	93.0	46.0	839.0	889.0	56.0	198.0	37.0	59.0	4.0
1	6	2	-53.23125409885062	1.0	0.5026954177897575	22313.0	1689.0	844.0	101.0	49.0	2783.0	839.0	198.0	93.0	889.0	37.0	46.0	56.0	59.0	4.0
2	1	6	-0.5708445479769505	0.7159475252108113	1.010958904109589	22313.0	844.0	2783.0	93.0	46.0	1689.0	101.0	49.0	839.0	889.0	56.0	198.0	59.0	37.0	4.0
1	2	7	0.5059341353201076	0.30645143938459485	0.9906666666666667	22290.0	867.0	1692.0	100.0	47.0	2783.0	93.0	46.0	836.0	894.0	54.0	202.0	36.0	56.0	4.0
1	7	2	-53.19536051365706	1.0	0.5023664638269101	22290.0	1692.0	867.0	100.0	47.0	2783.0	836.0	202.0	93.0	894.0	36.0	46.0	54.0	56.0	4.0
2	1	7	-0.5011675956872128	0.6918734132468483	1.00960219478738	22290.0	867.0	2783.0	93.0	46.0	1692.0	100.0	47.0	836.0	894.0	54.0	202.0	56.0	36.0	4.0
1	2	8	0.13687114638613337	0.44556629423982574	0.9972337482710927	22267.0	890.0	1688.0	108.0	43.0	2747.0	106.0	69.0	827.0	902.0	55.0	197.0	41.0	54.0	6.0
1	8	2	-49.20517712581494	1.0	0.5006944444444444	22267.0	1688.0	890.0	108.0	43.0	2747.0	827.0	197.0	106.0	902.0	41.0	69.0	55.0	54.0	6.0
2	1	8	-0.1364914760771566	0.554283647795561	1.00278940027894	22267.0	890.0	2747.0	106.0	69.0	1688.0	108.0	43.0	827.0	902.0	55.0	197.0	54.0	41.0	6.0
1	2	9	-1.3347568311221552	0.9090219618678417	1.0057952350289763	22985.0	172.0	1817.0	18.0	4.0	2876.0	27.0	19.0	1589.0	177.0	18.0	278.0	11.0	9.0	0.0
1	9	2	-232.9892201881004	1.0	0.4985636769869135	22985.0	1817.0	172.0	18.0	4.0	2876.0	1589.0	278.0	27.0	177.0	11.0	19.0	18.0	9.0	0.0
2	1	9	1.3424474914807332	0.08972553641952985	0.9943037974683544	22985.0	172.0	2876.0	27.0	19.0	1817.0	18.0	4.0	1589.0	177.0	18.0	278.0	9.0	11.0	0.0
1	3	4	0.9923500104388492	0.1605134146541649	0.9711340206185567	22508.0	943.0	1406.0	109.0	30.0	3017.0	95.0	57.0	566.0	962.0	43.0	152.0	35.0	74.0	3.0
1	4	3	-32.39313962646816	1.0	0.5075431034482759	22508.0	1406.0	943.0	109.0	30.0	3017.0	566.0	152.0	95.0	962.0	35.0	57.0	43.0	74.0	3.0
3	1	4	-0.9628534071561657	0.8321894574766061	1.0316027088036117	22508.0	943.0	3017.0	95.0	57.0	1406.0	109.0	30.0	566.0	962.0	43.0	152.0	74.0	35.0	3.0
1	3	5	1.8201346679125248	0.03436919378290482	0.955116696588869	22559.0	892.0	1395.0	110.0	40.0	3037.0	85.0	47.0	617.0	916.0	38.0	161.0	32.0	69.0	2.0
1	5	3	-36.912331065266	1.0	0.5120307988450433	22559.0	1395.0	892.0	110.0	40.0	3037.0	617.0	161.0	85.0	916.0	32.0	47.0	38.0	69.0	2.0
3	1	5	-1.734602023743703	0.9585943778479031	1.0518672199170125	22559.0	892.0	3037.0	85.0	47.0	1395.0	110.0	40.0	617.0	916.0	38.0	161.0	69.0	32.0	2.0
1	3	6	1.7874526762044316	0.03693212725227846	0.9574468085106383	22601.0	850.0	1401.0	105.0	39.0	3036.0	81.0	52.0	621.0	910.0	40.0	163.0	28.0	72.0	1.0
1	6	3	-38.43023253839529	1.0	0.5113636363636364	22601.0	1401.0	850.0	105.0	39.0	3036.0	621.0	163.0	81.0	910.0	28.0	52.0	40.0	72.0	1.0
3	1	6	-1.7080103350397902	0.9561828191344737	1.048780487804878	22601.0	850.0	3036.0	81.0	52.0	1401.0	105.0	39.0	621.0	910.0	40.0	163.0	72.0	28.0	1.0
1	3	7	1.9276001528644682	0.0269523721121685	0.9541446208112875	22583.0	868.0	1399.0	107.0	39.0	3036.0	81.0	52.0	622.0	913.0	36.0	163.0	29.0	69.0	3.0
1	7	3	-38.18131072020005	1.0	0.5123106060606061	22583.0	1399.0	868.0	107.0	39.0	3036.0	622.0	163.0	81.0	913.0	29.0	52.0	36.0	69.0	3.0
3	1	7	-1.8349613285123865	0.9667443484401155	1.0531697341513293	22583.0	868.0	3036.0	81.0	52.0	1399.0	107.0	39.0	622.0	913.0	36.0	163.0	69.0	29.0	3.0
1	3	8	0.4243575860844212	0.33565256229149876	0.9884836852207294	22542.0	909.0	1413.0	104.0	28.0	2998.0	98.0	73.0	613.0	917.0	41.0	160.0	34.0	62.0	8.0
1	8	3	-35.999668552828375	1.0	0.5029296875	22542.0	1413.0	909.0	104.0	28.0	2998.0	613.0	160.0	98.0	917.0	34.0	73.0	41.0	62.0	8.0
3	1	8	-0.4194136142077095	0.662543021280146	1.0119284294234592	22542.0	909.0	2998.0	98.0	73.0	1413.0	104.0	28.0	613.0	917.0	41.0	160.0	62.0	34.0	8.0
1	3	9	0.15603852022037518	0.43800131727686953	0.9992609016999261	23286.0	165.0	1516.0	21.0	8.0	3127.0	20.0	22.0	1372.0	187.0	12.0	244.0	8.0	12.0	0.0
1	9	3	-210.80804081772632	1.0	0.5001849796522383	23286.0	1516.0	165.0	21.0	8.0	3127.0	1372.0	244.0	20.0	187.0	8.0	22.0	12.0	12.0	0.0
3	1	9	-0.1559231071137033	0.5619531963796807	1.0007407407407407	23286.0	165.0	3127.0	20.0	22.0	1516.0	21.0	8.0	1372.0	187.0	12.0	244.0	12.0	8.0	0.0
1	4	5	2.5512109345359306	0.005367491661724344	0.6458333333333334	23013.0	901.0	941.0	117.0	24.0	3594.0	83.0	58.0	145.0	926.0	21.0	76.0	24.0	75.0	2.0
1	5	4	-2.1009972402060626	0.982179458097982	0.6888888888888889	23013.0	941.0	901.0	117.0	24.0	3594.0	145.0	76.0	83.0	926.0	24.0	58.0	21.0	75.0	2.0
4	1	5	-1.152159776887195	0.8753722314438558	-4.666666666666665	23013.0	901.0	3594.0	83.0	58.0	941.0	117.0	24.0	145.0	926.0	21.0	76.0	75.0	24.0	2.0
1	4	6	2.410321322305262	0.007969233661870967	0.69	23048.0	866.0	954.0	111.0	17.0	3594.0	80.0	61.0	149.0	917.0	26.0	77.0	22.0	77.0	1.0
1	6	4	-2.9545874273419352	0.9984344941774256	0.6448598130841121	23048.0	954.0	866.0	111.0	17.0	3594.0	149.0	77.0	80.0	917.0	22.0	61.0	26.0	77.0	1.0
4	1	6	-1.327423336921739	0.9078155922441462	5.428571428571428	23048.0	866.0	3594.0	80.0	61.0	954.0	111.0	17.0	149.0	917.0	26.0	77.0	77.0	22.0	1.0
1	4	7	2.5103899426241703	0.0060299123164104795	0.6862745098039216	23032.0	882.0	950.0	109.0	23.0	3594.0	77.0	64.0	147.0	923.0	22.0	80.0	23.0	73.0	1.0
1	7	4	-2.981088056866203	0.9985637999511578	0.6481481481481481	23032.0	950.0	882.0	109.0	23.0	3594.0	147.0	80.0	77.0	923.0	23.0	64.0	22.0	73.0	1.0
4	1	7	-1.362783111710264	0.9135245012563692	6.333333333333333	23032.0	882.0	3594.0	77.0	64.0	950.0	109.0	23.0	147.0	923.0	22.0	80.0	73.0	23.0	1.0
1	4	8	0.89304029584069	0.18591776510652624	0.8095238095238095	23006.0	908.0	949.0	113.0	20.0	3541.0	101.0	93.0	152.0	922.0	18.0	78.0	26.0	71.0	2.0
1	8	4	-2.902380961482245	0.9981482435978648	0.5666666666666668	23006.0	949.0	908.0	113.0	20.0	3541.0	152.0	78.0	101.0	922.0	26.0	93.0	18.0	71.0	2.0
4	1	8	-0.6829131674075867	0.7526692110313175	1.4444444444444444	23006.0	908.0	3541.0	101.0	93.0	949.0	113.0	20.0	152.0	922.0	18.0	78.0	71.0	26.0	2.0
1	4	9	0.3428402450371287	0.3658593903110531	0.9977116704805492	23740.0	174.0	1062.0	18.0	2.0	3696.0	16.0	23.0	888.0	196.0	8.0	159.0	3.0	14.0	1.0
1	9	4	-149.1355065911508	1.0	0.5005740528128587	23740.0	1062.0	174.0	18.0	2.0	3696.0	888.0	159.0	16.0	196.0	3.0	23.0	8.0	14.0	1.0
4	1	9	-0.3420539141998875	0.6338447739103907	1.0023041474654377	23740.0	174.0	3696.0	16.0	23.0	1062.0	18.0	2.0	888.0	196.0	8.0	159.0	14.0	3.0	1.0
1	5	6	0.7154761127830831	0.23715737857613817	0.016627078384798096	23439.0	515.0	563.0	459.0	20.0	3734.0	45.0	36.0	52.0	965.0	16.0	34.0	9.0	112.0	1.0
1	6	5	-99999.9	1.0	-0.017499999999999998	23439.0	563.0	515.0	459.0	20.0	3734.0	52.0	34.0	45.0	965.0	9.0	36.0	16.0	112.0	1.0
5	1	6	-41.59982541467353	1.0	0.4957369062119367	23439.0	515.0	3734.0	45.0	36.0	563.0	459.0	20.0	52.0	965.0	16.0	34.0	112.0	9.0	1.0
1	5	7	1.0193074553446846	0.1540285301007568	0.023809523809523808	23419.0	535.0	563.0	454.0	25.0	3731.0	44.0	40.0	54.0	969.0	10.0	36.0	10.0	109.0	1.0
1	7	5	-99999.9	1.0	-0.025641025641025644	23419.0	563.0	535.0	454.0	25.0	3731.0	54.0	36.0	44.0	969.0	10.0	40.0	10.0	109.0	1.0
5	1	7	-40.77229821378737	1.0	0.49382716049382713	23419.0	535.0	3731.0	44.0	40.0	563.0	454.0	25.0	54.0	969.0	10.0	36.0	109.0	10.0	1.0
1	5	8	-99999.9	1.0	5.0	23057.0	897.0	898.0	112.0	32.0	3618.0	104.0	93.0	94.0	924.0	15.0	59.0	21.0	74.0	2.0
1	8	5	0.7975508485337415	0.21256553136362455	0.35714285714285715	23057.0	898.0	897.0	112.0	32.0	3618.0	94.0	59.0	104.0	924.0	21.0	93.0	15.0	74.0	2.0
5	1	8	-0.638040678826993	0.7382764594042301	0.6923076923076923	23057.0	897.0	3618.0	104.0	93.0	898.0	112.0	32.0	94.0	924.0	15.0	59.0	74.0	21.0	2.0
1	5	9	-0.1640704444162055	0.5651621605978359	1.0012360939431397	23781.0	173.0	1021.0	18.0	3.0	3775.0	19.0	21.0	829.0	194.0	10.0	139.0	2.0	15.0	0.0
1	9	5	-133.0611304215428	1.0	0.49969154842689695	23781.0	1021.0	173.0	18.0	3.0	3775.0	829.0	139.0	19.0	194.0	2.0	21.0	10.0	15.0	0.0
5	1	9	0.16427300052042304	0.4347581130664482	0.9987684729064039	23781.0	173.0	3775.0	19.0	21.0	1021.0	18.0	3.0	829.0	194.0	10.0	139.0	15.0	2.0	0.0
1	6	7	0.27744992073671987	0.39071739159677743	0.002857142857142857	23723.0	279.0	259.0	723.0	12.0	3772.0	25.0	23.0	27.0	989.0	3.0	22.0	9.0	134.0	0.0
1	7	6	-99999.9	1.0	-0.0028818443804034585	23723.0	259.0	279.0	723.0	12.0	3772.0	27.0	22.0	25.0	989.0	9.0	23.0	3.0	134.0	0.0
6	1	7	-96.55257241637834	1.0	0.49928263988522237	23723.0	279.0	3772.0	25.0	23.0	259.0	723.0	12.0	27.0	989.0	3.0	22.0	134.0	9.0	0.0
1	6	8	-0.562793398961663	0.7132122450368927	0.7307692307692307	23086.0	916.0	869.0	100.0	25.0	3621.0	107.0	92.0	88.0	916.0	15.0	62.0	26.0	75.0	2.0
1	8	6	0.9647886839342794	0.16732532853805038	0.6129032258064516	23086.0	869.0	916.0	100.0	25.0	3621.0	88.0	62.0	107.0	916.0	26.0	92.0	15.0	75.0	2.0
6	1	8	-99999.9	1.0	2.4000000000000004	23086.0	916.0	3621.0	107.0	92.0	869.0	100.0	25.0	88.0	916.0	15.0	62.0	75.0	26.0	2.0
1	6	9	-0.5052577509659294	0.693311097851214	1.0037641154328734	23826.0	176.0	976.0	16.0	2.0	3780.0	19.0	21.0	819.0	191.0	9.0	144.0	5.0	15.0	1.0
1	9	6	-135.24065800854706	1.0	0.4990642545227698	23826.0	976.0	176.0	16.0	2.0	3780.0	819.0	144.0	19.0	191.0	5.0	21.0	9.0	15.0	1.0
6	1	9	0.5071524675320516	0.3060239164035019	0.9962779156327544	23826.0	176.0	3780.0	19.0	21.0	976.0	16.0	2.0	819.0	191.0	9.0	144.0	15.0	5.0	1.0
1	7	8	-0.9988893247985001	0.8410758364667819	0.6363636363636364	23062.0	920.0	893.0	96.0	25.0	3617.0	108.0	96.0	87.0	921.0	15.0	67.0	20.0	71.0	2.0
1	8	7	0.7491669935988746	0.2268782121509706	0.7000000000000001	23062.0	893.0	920.0	96.0	25.0	3617.0	87.0	67.0	108.0	921.0	20.0	96.0	15.0	71.0	2.0
7	1	8	-99999.9	1.0	-3.0	23062.0	920.0	3617.0	108.0	96.0	893.0	96.0	25.0	87.0	921.0	15.0	67.0	71.0	20.0	2.0
1	7	9	-0.6828764219695089	0.7526576006081693	1.0050188205771644	23805.0	177.0	997.0	15.0	2.0	3780.0	19.0	22.0	820.0	194.0	9.0	143.0	2.0	15.0	0.0
1	9	7	-137.42887992136366	1.0	0.49875466998754675	23805.0	997.0	177.0	15.0	2.0	3780.0	820.0	143.0	19.0	194.0	2.0	22.0	9.0	15.0	0.0
7	1	9	0.6862865414300309	0.24626614920001988	0.9950556242274413	23805.0	177.0	3780.0	19.0	22.0	997.0	15.0	2.0	820.0	194.0	9.0	143.0	15.0	2.0	0.0
1	8	9	0.16888551365185497	0.4329433463662258	0.9987995198079231	23783.0	172.0	1019.0	18.0	4.0	3730.0	17.0	24.0	849.0	193.0	7.0	164.0	5.0	15.0	0.0
1	9	8	-140.343861844692	1.0	0.5003006614552014	23783.0	1019.0	172.0	18.0	4.0	3730.0	849.0	164.0	17.0	193.0	5.0	24.0	7.0	15.0	0.0
8	1	9	-0.16868252625563881	0.5669768188636789	1.0012048192771084	23783.0	172.0	3730.0	17.0	24.0	1019.0	18.0	4.0	849.0	193.0	7.0	164.0	15.0	5.0	0.0
2	3	4	0.5516454366884839	0.2905956221149981	0.9860279441117764	23545.0	964.0	1452.0	85.0	33.0	1980.0	78.0	53.0	572.0	1009.0	46.0	100.0	30.0	51.0	2.0
2	4	3	-38.378761095327405	1.0	0.5035677879714577	23545.0	1452.0	964.0	85.0	33.0	1980.0	572.0	100.0	78.0	1009.0	30.0	53.0	46.0	51.0	2.0
3	2	4	-0.5438285985167848	0.7067203105530111	1.0145833333333334	23545.0	964.0	1980.0	78.0	53.0	1452.0	85.0	33.0	572.0	1009.0	46.0	100.0	51.0	30.0	2.0
2	3	5	1.2868840558000805	0.09906742014204373	0.9719789842381786	23606.0	903.0	1443.0	87.0	40.0	1990.0	71.0	50.0	626.0	958.0	43.0	104.0	29.0	50.0	0.0
2	5	3	-43.351906629765246	1.0	0.5073126142595978	23606.0	1443.0	903.0	87.0	40.0	1990.0	626.0	104.0	71.0	958.0	29.0	50.0	43.0	50.0	0.0
3	2	5	-1.249784695632871	0.8943108273633411	1.0305927342256214	23606.0	903.0	1990.0	71.0	50.0	1443.0	87.0	40.0	626.0	958.0	43.0	104.0	50.0	29.0	0.0
2	3	6	0.9882095451555541	0.16152502251035694	0.978984238178634	23642.0	867.0	1454.0	81.0	35.0	1995.0	69.0	47.0	628.0	953.0	46.0	103.0	27.0	53.0	0.0
2	6	3	-45.045885100007354	1.0	0.5054249547920434	23642.0	1454.0	867.0	81.0	35.0	1995.0	628.0	103.0	69.0	953.0	27.0	47.0	46.0	53.0	0.0
3	2	6	-0.966995744543986	0.8332269225706831	1.0224299065420561	23642.0	867.0	1995.0	69.0	47.0	1454.0	81.0	35.0	628.0	953.0	46.0	103.0	53.0	27.0	0.0
2	3	7	1.1541600912912535	0.12421732793372431	0.9756521739130435	23621.0	888.0	1452.0	82.0	36.0	1998.0	68.0	45.0	629.0	955.0	43.0	103.0	27.0	52.0	1.0
2	7	3	-45.094683566879674	1.0	0.506317689530686	23621.0	1452.0	888.0	82.0	36.0	1998.0	629.0	103.0	68.0	955.0	27.0	45.0	43.0	52.0	1.0
3	2	7	-1.1253575221681205	0.8697811672023044	1.026266416510319	23621.0	888.0	1998.0	68.0	45.0	1452.0	82.0	36.0	629.0	955.0	43.0	103.0	52.0	27.0	1.0
2	3	8	0.16139732310820254	0.43589023028334295	0.9963768115942029	23555.0	954.0	1459.0	78.0	33.0	1985.0	76.0	50.0	626.0	957.0	44.0	101.0	31.0	48.0	3.0
2	8	3	-44.22286653164749	1.0	0.5009107468123861	23555.0	1459.0	954.0	78.0	33.0	1985.0	626.0	101.0	76.0	957.0	31.0	50.0	44.0	48.0	3.0
3	2	8	-0.16081042375144544	0.5638786501136324	1.0036630036630036	23555.0	954.0	1985.0	76.0	50.0	1459.0	78.0	33.0	626.0	957.0	44.0	101.0	48.0	31.0	3.0
2	3	9	1.2184276127219924	0.11153082532996406	0.9950842696629213	24321.0	188.0	1540.0	20.0	10.0	2092.0	13.0	6.0	1430.0	185.0	12.0	162.0	6.0	15.0	0.0
2	9	3	-245.42613341971403	1.0	0.5012380615493456	24321.0	1540.0	188.0	20.0	10.0	2092.0	1430.0	162.0	13.0	185.0	6.0	6.0	12.0	15.0	0.0
3	2	9	-1.212408563117861	0.8873219215254464	1.0049893086243764	24321.0	188.0	2092.0	13.0	6.0	1540.0	20.0	10.0	1430.0	185.0	12.0	162.0	15.0	6.0	0.0
2	4	5	2.2113201052104894	0.013506792968082326	0.7093023255813954	24076.0	921.0	973.0	86.0	23.0	2531.0	61.0	60.0	122.0	973.0	22.0	67.0	24.0	59.0	2.0
2	5	4	-3.1843009515031033	0.9992744147386704	0.6288659793814433	24076.0	973.0	921.0	86.0	23.0	2531.0	122.0	67.0	61.0	973.0	24.0	60.0	22.0	59.0	2.0
4	2	5	-1.305041373566846	0.9040605524940827	3.272727272727273	24076.0	921.0	2531.0	61.0	60.0	973.0	86.0	23.0	122.0	973.0	22.0	67.0	59.0	24.0	2.0
2	4	6	1.6093253423574607	0.05377260701138442	0.7777777777777778	24111.0	886.0	985.0	82.0	15.0	2531.0	64.0	57.0	127.0	963.0	27.0	68.0	22.0	60.0	2.0
2	6	4	-4.0233133558936505	0.9999712935785785	0.5833333333333334	24111.0	985.0	886.0	82.0	15.0	2531.0	127.0	68.0	64.0	963.0	22.0	57.0	27.0	60.0	2.0
4	2	6	-1.1495181016839005	0.8748287399957978	1.6666666666666667	24111.0	886.0	2531.0	64.0	57.0	985.0	82.0	15.0	127.0	963.0	27.0	68.0	60.0	22.0	2.0
2	4	7	1.722426698051765	0.042496090164348965	0.7790697674418604	24094.0	903.0	979.0	80.0	23.0	2532.0	61.0	59.0	128.0	967.0	22.0	70.0	22.0	58.0	2.0
2	7	4	-4.351393763499198	0.9999932310772355	0.582608695652174	24094.0	979.0	903.0	80.0	23.0	2532.0	128.0	70.0	61.0	967.0	22.0	59.0	22.0	58.0	2.0
4	2	7	-1.2339773359176827	0.8913942573269233	1.6551724137931034	24094.0	903.0	2532.0	61.0	59.0	979.0	80.0	23.0	128.0	967.0	22.0	70.0	58.0	22.0	2.0
2	4	8	0.4121032743628732	0.3401319084256187	0.9193548387096774	24033.0	964.0	981.0	82.0	19.0	2514.0	77.0	61.0	134.0	963.0	20.0	64.0	24.0	61.0	3.0
2	8	4	-4.285874053373874	0.9999908924979864	0.5229357798165137	24033.0	981.0	964.0	82.0	19.0	2514.0	134.0	64.0	77.0	963.0	24.0	61.0	20.0	61.0	3.0
4	2	8	-0.3759538643310421	0.6465243442827255	1.1063829787234043	24033.0	964.0	2514.0	77.0	61.0	981.0	82.0	19.0	134.0	963.0	20.0	64.0	61.0	24.0	3.0
2	4	9	1.6171661216956736	0.052921207922240754	0.9901960784313726	24802.0	195.0	1059.0	20.0	3.0	2634.0	11.0	7.0	920.0	190.0	7.0	130.0	3.0	18.0	1.0
2	9	4	-161.71661216956755	1.0	0.5024875621890548	24802.0	1059.0	195.0	20.0	3.0	2634.0	920.0	130.0	11.0	190.0	3.0	7.0	7.0	18.0	1.0
4	2	9	-1.6011545759363104	0.9453286573289438	1.0101010101010102	24802.0	195.0	2634.0	11.0	7.0	1059.0	20.0	3.0	920.0	190.0	7.0	130.0	18.0	3.0	1.0
2	5	6	0.11257420447454551	0.455184019907642	0.0024875621890547263	24524.0	525.0	572.0	440.0	18.0	2649.0	39.0	32.0	40.0	1000.0	18.0	37.0	10.0	96.0	0.0
2	6	5	-99999.9	1.0	-0.002506265664160401	24524.0	572.0	525.0	440.0	18.0	2649.0	40.0	37.0	39.0	1000.0	10.0	32.0	18.0	96.0	0.0
5	2	6	-45.029681789818156	1.0	0.4993757802746567	24524.0	525.0	2649.0	39.0	32.0	572.0	440.0	18.0	40.0	1000.0	18.0	37.0	96.0	10.0	0.0
2	5	7	0.5515132295625044	0.2906409223758599	0.012437810945273632	24500.0	549.0	573.0	436.0	21.0	2650.0	39.0	31.0	44.0	1000.0	14.0	36.0	11.0	96.0	0.0
2	7	5	-99999.9	1.0	-0.012919896640826873	24500.0	573.0	549.0	436.0	21.0	2650.0	44.0	36.0	39.0	1000.0	11.0	31.0	14.0	96.0	0.0
5	2	7	-43.23863719770034	1.0	0.4968314321926489	24500.0	549.0	2650.0	39.0	31.0	573.0	436.0	21.0	44.0	1000.0	14.0	36.0	96.0	11.0	0.0
2	5	8	-99999.9	1.0	-1.0	24100.0	949.0	914.0	88.0	28.0	2575.0	80.0	65.0	76.0	962.0	20.0	61.0	22.0	60.0	0.0
2	8	5	0.35974287573293795	0.35951977565185733	0.25	24100.0	914.0	949.0	88.0	28.0	2575.0	76.0	61.0	80.0	962.0	22.0	65.0	20.0	60.0	0.0
5	2	8	-0.7194857514658759	0.7640792302738303	0.6	24100.0	949.0	2575.0	80.0	65.0	914.0	88.0	28.0	76.0	962.0	20.0	61.0	60.0	22.0	0.0
2	5	9	1.4153178561163764	0.07848771231505025	0.9906432748538012	24853.0	196.0	1008.0	20.0	2.0	2703.0	12.0	5.0	859.0	189.0	10.0	122.0	3.0	18.0	0.0
2	9	5	-148.4314601602049	1.0	0.5023724792408066	24853.0	1008.0	196.0	20.0	2.0	2703.0	859.0	122.0	12.0	189.0	3.0	5.0	10.0	18.0	0.0
5	2	9	-1.4019500369322784	0.919534862306975	1.009626955475331	24853.0	196.0	2703.0	12.0	5.0	1008.0	20.0	2.0	859.0	189.0	10.0	122.0	18.0	3.0	0.0
2	6	7	0.4379651407421003	0.3307058082575176	0.004366812227074236	24806.0	290.0	267.0	706.0	10.0	2689.0	22.0	15.0	25.0	1019.0	5.0	16.0	9.0	121.0	0.0
2	7	6	-99999.9	1.0	-0.004424778761061948	24806.0	267.0	290.0	706.0	10.0	2689.0	25.0	16.0	22.0	1019.0	9.0	15.0	5.0	121.0	0.0
6	2	7	-99.41808694845645	1.0	0.4989010989010989	24806.0	290.0	2689.0	22.0	15.0	267.0	706.0	10.0	25.0	1019.0	5.0	16.0	121.0	9.0	0.0
2	6	8	-0.36604764877832824	0.6428351784429618	0.6	24127.0	969.0	887.0	77.0	19.0	2580.0	81.0	65.0	75.0	955.0	19.0	57.0	28.0	59.0	2.0
2	8	6	0.18302382438916412	0.4273896739871281	0.75	24127.0	887.0	969.0	77.0	19.0	2580.0	75.0	57.0	81.0	955.0	28.0	65.0	19.0	59.0	2.0
6	2	8	-99999.9	1.0	-1.0	24127.0	969.0	2580.0	81.0	65.0	887.0	77.0	19.0	75.0	955.0	19.0	57.0	59.0	28.0	2.0
2	6	9	0.8983797958011502	0.18449152224999477	0.9940968122786304	24898.0	198.0	963.0	18.0	2.0	2708.0	13.0	5.0	855.0	185.0	9.0	121.0	6.0	19.0	0.0
2	9	6	-150.38877781711264	1.0	0.501488981536629	24898.0	963.0	198.0	18.0	2.0	2708.0	855.0	121.0	13.0	185.0	6.0	5.0	9.0	19.0	0.0
6	2	9	-0.89304499891397	0.8140834941401863	1.0060096153846154	24898.0	198.0	2708.0	13.0	5.0	963.0	18.0	2.0	855.0	185.0	9.0	121.0	19.0	6.0	0.0
2	7	8	-1.0259672578246402	0.8475464713959191	0.48000000000000004	24101.0	972.0	913.0	73.0	20.0	2578.0	86.0	66.0	74.0	956.0	20.0	60.0	22.0	59.0	0.0
2	8	7	-0.07892055829420261	0.531452161667075	1.0909090909090908	24101.0	913.0	972.0	73.0	20.0	2578.0	74.0	60.0	86.0	956.0	22.0	66.0	20.0	59.0	0.0
7	2	8	0.0854972714853861	0.46593296751123736	0.07142857142857144	24101.0	972.0	2578.0	86.0	66.0	913.0	73.0	20.0	74.0	956.0	20.0	60.0	59.0	22.0	0.0
2	7	9	0.8983840583455384	0.18449038639997828	0.9940828402366864	24874.0	199.0	987.0	18.0	1.0	2711.0	13.0	6.0	853.0	188.0	9.0	120.0	3.0	18.0	0.0
2	9	7	-150.03013774370544	1.0	0.5014925373134328	24874.0	987.0	199.0	18.0	1.0	2711.0	853.0	120.0	13.0	188.0	3.0	6.0	9.0	18.0	0.0
7	2	9	-0.8930365341887198	0.8140812277082781	1.0060240963855422	24874.0	199.0	2711.0	13.0	6.0	987.0	18.0	1.0	853.0	188.0	9.0	120.0	18.0	3.0	0.0
2	8	9	1.2195500658226703	0.11131780960585136	0.9918887601390498	24822.0	192.0	1039.0	20.0	6.0	2691.0	13.0	8.0	869.0	188.0	7.0	124.0	3.0	18.0	0.0
2	9	8	-147.91400084049232	1.0	0.5020527859237537	24822.0	1039.0	192.0	20.0	6.0	2691.0	869.0	124.0	13.0	188.0	3.0	8.0	7.0	18.0	0.0
8	2	9	-1.2095771096769241	0.8867793311190129	1.008313539192399	24822.0	192.0	2691.0	13.0	8.0	1039.0	20.0	6.0	869.0	188.0	7.0	124.0	18.0	3.0	0.0
3	4	5	0.8614273370910405	0.19450131973210127	0.8615384615384616	24590.0	935.0	1006.0	66.0	23.0	2017.0	57.0	50.0	113.0	1011.0	21.0	43.0	27.0	41.0	0.0
3	5	4	-4.4985649825865455	0.9999965761698539	0.5436893203883495	24590.0	1006.0	935.0	66.0	23.0	2017.0	113.0	43.0	57.0	1011.0	27.0	50.0	21.0	41.0	0.0
4	3	5	-0.7229836579156947	0.7651551071976233	1.236842105263158	24590.0	935.0	2017.0	57.0	50.0	1006.0	66.0	23.0	113.0	1011.0	21.0	43.0	41.0	27.0	0.0
3	4	6	0.6771487480410302	0.24915572415420173	0.8985507246376812	24620.0	905.0	1017.0	62.0	16.0	2022.0	55.0	47.0	117.0	1005.0	23.0	46.0	27.0	38.0	0.0
3	6	4	-5.320454448893813	0.9999999481359758	0.5299145299145299	24620.0	1017.0	905.0	62.0	16.0	2022.0	117.0	46.0	55.0	1005.0	27.0	47.0	23.0	38.0	0.0
4	3	6	-0.6006964700363979	0.7259789629455639	1.1458333333333333	24620.0	905.0	2022.0	55.0	47.0	1017.0	62.0	16.0	117.0	1005.0	23.0	46.0	38.0	27.0	0.0
3	4	7	0.29101863160694114	0.3855186021456224	0.9538461538461539	24604.0	921.0	1015.0	57.0	23.0	2022.0	54.0	48.0	116.0	1009.0	20.0	46.0	26.0	39.0	0.0
3	7	4	-5.723366421603174	0.9999999947629834	0.5123966942148761	24604.0	1015.0	921.0	57.0	23.0	2022.0	116.0	46.0	54.0	1009.0	26.0	48.0	20.0	39.0	0.0
4	3	7	-0.2769370849162827	0.6090857276083078	1.0535714285714286	24604.0	921.0	2022.0	54.0	48.0	1015.0	57.0	23.0	116.0	1009.0	20.0	46.0	39.0	26.0	0.0
3	4	8	0.3883253224278001	0.34888770395226265	0.9420289855072463	24523.0	1002.0	1017.0	58.0	20.0	2024.0	54.0	46.0	119.0	1005.0	21.0	43.0	24.0	43.0	1.0
3	8	4	-5.921961167023948	0.9999999984039794	0.5158730158730159	24523.0	1017.0	1002.0	58.0	20.0	2024.0	119.0	43.0	54.0	1005.0	24.0	46.0	21.0	43.0	1.0
4	3	8	-0.3644283795091663	0.6422308650201007	1.0701754385964912	24523.0	1002.0	2024.0	54.0	46.0	1017.0	58.0	20.0	119.0	1005.0	21.0	43.0	43.0	24.0	1.0
3	4	9	0.0	0.49999999949999996	nan	25331.0	194.0	1082.0	10.0	3.0	2105.0	10.0	9.0	932.0	206.0	7.0	95.0	4.0	12.0	0.0
3	9	4	-205.65197863966122	1.0	0.5	25331.0	1082.0	194.0	10.0	3.0	2105.0	932.0	95.0	10.0	206.0	4.0	9.0	7.0	12.0	0.0
4	3	9	0.0	0.49999999949999996	nan	25331.0	194.0	2105.0	10.0	9.0	1082.0	10.0	3.0	932.0	206.0	7.0	95.0	12.0	4.0	0.0
3	5	6	0.6585707707716416	0.2550856548060918	0.015228426395939087	25059.0	537.0	578.0	427.0	19.0	2114.0	39.0	20.0	45.0	1036.0	14.0	26.0	12.0	73.0	1.0
3	6	5	-99999.9	1.0	-0.015957446808510637	25059.0	578.0	537.0	427.0	19.0	2114.0	45.0	26.0	39.0	1036.0	12.0	20.0	14.0	73.0	1.0
5	3	6	-41.92900573912784	1.0	0.4961038961038961	25059.0	537.0	2114.0	39.0	20.0	578.0	427.0	19.0	45.0	1036.0	14.0	26.0	73.0	12.0	1.0
3	5	7	0.755794097055822	0.22488626091413255	0.01808785529715762	25039.0	557.0	580.0	420.0	24.0	2111.0	40.0	22.0	47.0	1038.0	10.0	26.0	11.0	74.0	1.0
3	7	5	-99999.9	1.0	-0.01912568306010929	25039.0	580.0	557.0	420.0	24.0	2111.0	47.0	26.0	40.0	1038.0	11.0	22.0	10.0	74.0	1.0
5	3	7	-40.273028314545904	1.0	0.4953519256308101	25039.0	557.0	2111.0	40.0	22.0	580.0	420.0	24.0	47.0	1038.0	10.0	26.0	74.0	11.0	1.0
3	5	8	0.2963582306582005	0.38347832808017934	0.8125	24610.0	986.0	930.0	63.0	31.0	2065.0	60.0	48.0	73.0	1003.0	19.0	48.0	20.0	44.0	0.0
3	8	5	-0.9878607688606703	0.8383895742651141	0.5652173913043479	24610.0	930.0	986.0	63.0	31.0	2065.0	73.0	48.0	60.0	1003.0	20.0	48.0	19.0	44.0	0.0
5	3	8	-0.22796786973707736	0.590164346802595	1.4285714285714286	24610.0	986.0	2065.0	60.0	48.0	930.0	63.0	31.0	73.0	1003.0	19.0	48.0	44.0	20.0	0.0
3	5	9	-0.20793234450076875	0.5823590724779245	1.0011534025374855	25402.0	194.0	1011.0	11.0	2.0	2154.0	12.0	7.0	880.0	205.0	10.0	98.0	3.0	11.0	0.0
3	9	5	-180.69320737116792	1.0	0.49971214738054115	25402.0	1011.0	194.0	11.0	2.0	2154.0	880.0	98.0	12.0	205.0	3.0	7.0	10.0	11.0	0.0
5	3	9	0.20817189789305074	0.4175474058561548	0.9988505747126437	25402.0	194.0	2154.0	12.0	7.0	1011.0	11.0	2.0	880.0	205.0	10.0	98.0	11.0	3.0	0.0
3	6	7	0.15242910062788562	0.43942423804470787	0.0014792899408284023	25343.0	294.0	276.0	696.0	11.0	2152.0	21.0	12.0	22.0	1060.0	5.0	10.0	8.0	90.0	0.0
3	7	6	-99999.9	1.0	-0.001485884101040119	25343.0	276.0	294.0	696.0	11.0	2152.0	22.0	10.0	21.0	1060.0	8.0	12.0	5.0	90.0	0.0
6	3	7	-102.737213823195	1.0	0.4996293550778354	25343.0	294.0	2152.0	21.0	12.0	276.0	696.0	11.0	22.0	1060.0	5.0	10.0	90.0	8.0	0.0
3	6	8	-0.4011830052894751	0.6558572552004018	-1.0	24633.0	1004.0	907.0	51.0	25.0	2074.0	63.0	48.0	69.0	998.0	20.0	43.0	22.0	42.0	1.0
3	8	6	-0.6017745079342127	0.7263379255979894	0.25	24633.0	907.0	1004.0	51.0	25.0	2074.0	69.0	43.0	63.0	998.0	22.0	48.0	20.0	42.0	1.0
6	3	8	1.2035490158684248	0.11438203294121307	0.6	24633.0	1004.0	2074.0	63.0	48.0	907.0	51.0	25.0	69.0	998.0	20.0	43.0	42.0	22.0	1.0
3	6	9	-0.622821311910995	0.7332990795698509	1.0034883720930232	25443.0	194.0	970.0	10.0	3.0	2163.0	13.0	9.0	876.0	202.0	9.0	93.0	5.0	10.0	0.0
3	9	6	-179.7877520383066	1.0	0.4991324465008676	25443.0	970.0	194.0	10.0	3.0	2163.0	876.0	93.0	13.0	202.0	5.0	9.0	9.0	10.0	0.0
6	3	9	0.6249863917901757	0.2659899386824376	0.996547756041427	25443.0	194.0	2163.0	13.0	9.0	970.0	10.0	3.0	876.0	202.0	9.0	93.0	10.0	5.0	0.0
3	7	8	-0.311849722147966	0.6224225640043071	-0.25	24608.0	1011.0	932.0	45.0	24.0	2071.0	65.0	48.0	69.0	1000.0	20.0	46.0	18.0	43.0	0.0
3	8	7	-0.3742196665775594	0.6458794945084901	0.14285714285714285	24608.0	932.0	1011.0	45.0	24.0	2071.0	69.0	46.0	65.0	1000.0	18.0	48.0	20.0	43.0	0.0
7	3	8	1.8710983328877964	0.030665663284148992	0.5454545454545454	24608.0	1011.0	2071.0	65.0	48.0	932.0	45.0	24.0	69.0	1000.0	20.0	46.0	43.0	18.0	0.0
3	7	9	-0.8893114433575555	0.8130821715804173	1.0046565774155995	25421.0	198.0	992.0	8.0	1.0	2164.0	12.0	8.0	875.0	205.0	9.0	93.0	3.0	11.0	0.0
3	9	7	-192.7582553477495	1.0	0.49884393063583815	25421.0	992.0	198.0	8.0	1.0	2164.0	875.0	93.0	12.0	205.0	3.0	8.0	9.0	11.0	0.0
7	3	9	0.893433396745076	0.18581253069056602	0.9954075774971297	25421.0	198.0	2164.0	12.0	8.0	992.0	8.0	1.0	875.0	205.0	9.0	93.0	11.0	3.0	0.0
3	8	9	-0.4248506711478184	0.6645271936669891	1.0023337222870479	25349.0	191.0	1064.0	10.0	6.0	2164.0	12.0	10.0	871.0	205.0	7.0	97.0	3.0	11.0	0.0
3	9	8	-182.89821392913555	1.0	0.4994186046511628	25349.0	1064.0	191.0	10.0	6.0	2164.0	871.0	97.0	12.0	205.0	3.0	10.0	7.0	11.0	0.0
8	3	9	0.42583984616795306	0.3351123125380746	0.9976825028968713	25349.0	191.0	2164.0	12.0	10.0	1064.0	10.0	6.0	871.0	205.0	7.0	97.0	11.0	3.0	0.0
4	5	6	1.1244413318635897	0.13041297386483175	0.022113022113022112	26046.0	561.0	596.0	426.0	20.0	1127.0	28.0	7.0	37.0	1066.0	15.0	16.0	11.0	44.0	0.0
4	6	5	-99999.9	1.0	-0.02368421052631579	26046.0	596.0	561.0	426.0	20.0	1127.0	37.0	16.0	28.0	1066.0	11.0	7.0	15.0	44.0	0.0
5	4	6	-48.60085312165959	1.0	0.49428208386277	26046.0	561.0	1127.0	28.0	7.0	596.0	426.0	20.0	37.0	1066.0	15.0	16.0	44.0	11.0	0.0
4	5	7	1.765509225543569	0.03873906520583714	0.03431372549019608	26028.0	579.0	598.0	419.0	25.0	1122.0	25.0	15.0	39.0	1069.0	10.0	16.0	11.0	44.0	0.0
4	7	5	-99999.9	1.0	-0.03825136612021857	26028.0	598.0	579.0	419.0	25.0	1122.0	39.0	16.0	25.0	1069.0	11.0	15.0	10.0	44.0	0.0
5	4	7	-47.92096469332546	1.0	0.4909560723514212	26028.0	579.0	1122.0	25.0	15.0	598.0	419.0	25.0	39.0	1069.0	10.0	16.0	44.0	11.0	0.0
4	5	8	0.10931417414317046	0.45647660141814017	0.9375	25581.0	1026.0	966.0	45.0	31.0	1094.0	44.0	24.0	59.0	1041.0	18.0	26.0	21.0	24.0	0.0
4	8	5	-1.5303984380043856	0.9370409114985554	0.5172413793103449	25581.0	966.0	1026.0	45.0	31.0	1094.0	59.0	26.0	44.0	1041.0	21.0	24.0	18.0	24.0	0.0
5	4	8	-0.10202656253362576	0.5406322602202247	1.0769230769230769	25581.0	1026.0	1094.0	44.0	24.0	966.0	45.0	31.0	59.0	1041.0	18.0	26.0	24.0	21.0	0.0
4	5	9	-0.3312688405084113	0.6297792192018357	1.0011286681715577	26402.0	205.0	1034.0	4.0	4.0	1154.0	5.0	3.0	892.0	219.0	7.0	63.0	4.0	4.0	0.0
4	9	5	-294.1667303714704	1.0	0.49971830985915494	26402.0	1034.0	205.0	4.0	4.0	1154.0	892.0	63.0	5.0	219.0	4.0	3.0	7.0	4.0	0.0
5	4	9	0.33164231158001045	0.37007975104474555	0.9988751406074241	26402.0	205.0	1154.0	5.0	3.0	1034.0	4.0	4.0	892.0	219.0	7.0	63.0	4.0	4.0	0.0
4	6	7	0.8712370159425978	0.19181233673784548	0.007122507122507123	26341.0	301.0	285.0	711.0	11.0	1154.0	14.0	12.0	19.0	1082.0	4.0	4.0	9.0	53.0	0.0
4	7	6	-99999.9	1.0	-0.00727802037845706	26341.0	285.0	301.0	711.0	11.0	1154.0	19.0	4.0	14.0	1082.0	9.0	12.0	4.0	53.0	0.0
6	4	7	-120.57920300645503	1.0	0.49820014398848095	26341.0	301.0	1154.0	14.0	12.0	285.0	711.0	11.0	19.0	1082.0	4.0	4.0	53.0	9.0	0.0
4	6	8	-0.4720024839597439	0.6815374785179854	-0.75	25599.0	1043.0	948.0	35.0	24.0	1108.0	49.0	23.0	55.0	1032.0	18.0	16.0	25.0	24.0	1.0
4	8	6	-0.6742892627996342	0.749936351997727	0.23076923076923075	25599.0	948.0	1043.0	35.0	24.0	1108.0	55.0	16.0	49.0	1032.0	25.0	23.0	18.0	24.0	1.0
6	4	8	1.5733416131991471	0.057819877092743055	0.588235294117647	25599.0	1043.0	1108.0	49.0	23.0	948.0	35.0	24.0	55.0	1032.0	18.0	16.0	24.0	25.0	1.0
4	6	9	-0.9916721441325372	0.8393212514637184	1.0034324942791761	26435.0	207.0	1001.0	3.0	3.0	1171.0	6.0	3.0	883.0	215.0	7.0	55.0	7.0	4.0	0.0
4	9	6	-290.8904956122095	1.0	0.4991462720546386	26435.0	1001.0	207.0	3.0	3.0	1171.0	883.0	55.0	6.0	215.0	7.0	3.0	7.0	4.0	0.0
6	4	9	0.9950644091637774	0.15985247760673627	0.9966024915062288	26435.0	207.0	1171.0	6.0	3.0	1001.0	3.0	3.0	883.0	215.0	7.0	55.0	4.0	7.0	0.0
4	7	8	-0.09626676729545847	0.5383457071896687	-0.047619047619047616	25577.0	1049.0	970.0	29.0	24.0	1102.0	51.0	24.0	52.0	1035.0	18.0	25.0	20.0	24.0	0.0
4	8	7	-0.10064252944525204	0.5400829394853567	0.041666666666666664	25577.0	970.0	1049.0	29.0	24.0	1102.0	52.0	25.0	51.0	1035.0	20.0	24.0	18.0	24.0	0.0
7	4	8	2.2141356477955436	0.013409678976735284	0.5111111111111111	25577.0	1049.0	1102.0	51.0	24.0	970.0	29.0	24.0	52.0	1035.0	18.0	25.0	24.0	20.0	0.0
4	7	9	-1.6110259011054693	0.9464129651523273	1.0045977011494254	26416.0	210.0	1020.0	1.0	2.0	1169.0	5.0	3.0	879.0	219.0	7.0	61.0	4.0	4.0	0.0
4	9	7	-353.62018529264674	1.0	0.4988584474885845	26416.0	1020.0	210.0	1.0	2.0	1169.0	879.0	61.0	5.0	219.0	4.0	3.0	7.0	4.0	0.0
7	4	9	1.6183990173576686	0.05278831083717295	0.9954648526077098	26416.0	210.0	1169.0	5.0	3.0	1020.0	1.0	2.0	879.0	219.0	7.0	61.0	4.0	4.0	0.0
4	8	9	-0.6283142987553254	0.7351010237655093	1.002288329519451	26344.0	203.0	1092.0	4.0	6.0	1169.0	6.0	4.0	882.0	218.0	6.0	58.0	4.0	4.0	0.0
4	9	8	-275.82997715358545	1.0	0.4994298745724059	26344.0	1092.0	203.0	4.0	6.0	1169.0	882.0	58.0	6.0	218.0	4.0	4.0	6.0	4.0	0.0
8	4	9	0.6297488062867302	0.264429414963278	0.9977272727272727	26344.0	203.0	1169.0	6.0	4.0	1092.0	4.0	6.0	882.0	218.0	6.0	58.0	4.0	4.0	0.0
5	6	7	0.9016886157713817	0.18361112247694966	0.016722408026755856	26866.0	307.0	284.0	307.0	5.0	629.0	13.0	7.0	18.0	1509.0	9.0	6.0	10.0	30.0	0.0
5	7	6	-99999.9	1.0	-0.017605633802816902	26866.0	284.0	307.0	307.0	5.0	629.0	18.0	6.0	13.0	1509.0	10.0	7.0	9.0	30.0	0.0
6	5	7	-52.11760199158589	1.0	0.4957118353344769	26866.0	307.0	629.0	13.0	7.0	284.0	307.0	5.0	18.0	1509.0	9.0	6.0	30.0	10.0	0.0
5	6	8	-1.8966770422582593	0.9710647778658472	1.0389610389610389	26113.0	1060.0	562.0	22.0	12.0	594.0	37.0	18.0	437.0	1058.0	41.0	20.0	15.0	11.0	0.0
5	8	6	-52.474731502478505	1.0	0.49079754601226994	26113.0	562.0	1060.0	22.0	12.0	594.0	437.0	20.0	37.0	1058.0	15.0	18.0	41.0	11.0	0.0
6	5	8	1.9678024313429443	0.024545317997509475	0.9651162790697675	26113.0	1060.0	594.0	37.0	18.0	562.0	22.0	12.0	437.0	1058.0	41.0	20.0	11.0	15.0	0.0
5	6	9	-0.33134161032293064	0.629806699831903	1.0007680491551458	26965.0	208.0	591.0	4.0	1.0	641.0	5.0	3.0	1308.0	217.0	11.0	40.0	5.0	1.0	0.0
5	9	6	-432.06945986110526	1.0	0.49980820866896813	26965.0	591.0	208.0	4.0	1.0	641.0	1308.0	40.0	5.0	217.0	5.0	3.0	11.0	1.0	0.0
6	5	9	0.3315959016585584	0.3700972753604933	0.9992337164750957	26965.0	208.0	641.0	5.0	3.0	591.0	4.0	1.0	1308.0	217.0	11.0	40.0	1.0	5.0	0.0
5	7	8	-2.8404493363939274	0.9977474350048042	1.0625	26084.0	1066.0	591.0	18.0	10.0	595.0	41.0	17.0	432.0	1059.0	41.0	24.0	10.0	11.0	1.0
5	8	7	-51.12808805509074	1.0	0.4857142857142857	26084.0	591.0	1066.0	18.0	10.0	595.0	432.0	24.0	41.0	1059.0	10.0	17.0	41.0	11.0	1.0
7	5	8	3.0075345914759235	0.0013169500153027425	0.9473684210526315	26084.0	1066.0	595.0	41.0	17.0	591.0	18.0	10.0	432.0	1059.0	41.0	24.0	11.0	10.0	1.0
5	7	9	-1.1234771823481784	0.8693825063996031	1.0023219814241486	26940.0	210.0	616.0	2.0	1.0	645.0	5.0	3.0	1300.0	221.0	11.0	44.0	1.0	1.0	0.0
5	9	7	-486.09112756263755	1.0	0.499421519475511	26940.0	616.0	210.0	2.0	1.0	645.0	1300.0	44.0	5.0	221.0	1.0	3.0	11.0	1.0	0.0
7	5	9	1.126079832191456	0.13006591607460072	0.9976940814757879	26940.0	210.0	645.0	5.0	3.0	616.0	2.0	1.0	1300.0	221.0	11.0	44.0	1.0	1.0	0.0
5	8	9	-0.27610831256825585	0.6087674977698869	1.001138952164009	26474.0	201.0	1082.0	6.0	6.0	1039.0	7.0	5.0	886.0	217.0	7.0	64.0	3.0	3.0	0.0
5	9	8	-242.97531506006524	1.0	0.49971574758385445	26474.0	1082.0	201.0	6.0	6.0	1039.0	886.0	64.0	7.0	217.0	3.0	5.0	7.0	3.0	0.0
8	5	9	0.2764224289648068	0.39111188005679587	0.9988649262202043	26474.0	201.0	1039.0	7.0	5.0	1082.0	6.0	6.0	886.0	217.0	7.0	64.0	3.0	3.0	0.0
6	7	8	-1.5516751234749178	0.9396299966524362	1.011461318051576	26393.0	1102.0	314.0	9.0	4.0	286.0	17.0	5.0	723.0	1070.0	53.0	10.0	4.0	9.0	1.0
6	8	7	-138.48700477013685	1.0	0.4971830985915493	26393.0	314.0	1102.0	9.0	4.0	286.0	723.0	10.0	17.0	1070.0	4.0	5.0	53.0	9.0	1.0
7	6	8	1.5692578444208092	0.05829394438055879	0.9889196675900277	26393.0	1102.0	286.0	17.0	5.0	314.0	9.0	4.0	723.0	1070.0	53.0	10.0	9.0	4.0	1.0
6	7	9	-0.4426162558751442	0.6709783084251855	1.000620732464308	27282.0	213.0	324.0	2.0	1.0	303.0	3.0	2.0	1615.0	219.0	12.0	21.0	0.0	3.0	0.0
6	9	7	-713.9400207266201	1.0	0.4998449612403101	27282.0	324.0	213.0	2.0	1.0	303.0	1615.0	21.0	3.0	219.0	0.0	2.0	12.0	3.0	0.0
7	6	9	0.44289083171625776	0.32892237871729335	0.9993804213135068	27282.0	213.0	303.0	3.0	2.0	324.0	2.0	1.0	1615.0	219.0	12.0	21.0	3.0	0.0	0.0
6	8	9	0.2764247331855782	0.39111099526386295	0.9988452655889145	26504.0	203.0	1102.0	7.0	6.0	1009.0	6.0	4.0	871.0	213.0	7.0	59.0	3.0	6.0	0.0
6	9	8	-238.83096947233832	1.0	0.5002891844997108	26504.0	1102.0	203.0	7.0	6.0	1009.0	871.0	59.0	6.0	213.0	3.0	4.0	7.0	6.0	0.0
8	6	9	-0.2761051670200458	0.6087662898116605	1.0011587485515643	26504.0	203.0	1009.0	6.0	4.0	1102.0	7.0	6.0	871.0	213.0	7.0	59.0	6.0	3.0	0.0
7	8	9	0.6297578302612769	0.2644264624624386	0.9976798143851509	26473.0	206.0	1112.0	6.0	6.0	1040.0	4.0	3.0	864.0	217.0	7.0	56.0	3.0	3.0	0.0
7	9	8	-270.1661091820879	1.0	0.5005820721769499	26473.0	1112.0	206.0	6.0	6.0	1040.0	864.0	56.0	4.0	217.0	3.0	3.0	7.0	3.0	0.0
8	7	9	-0.6282932771676459	0.7350941395624018	1.0023364485981308	26473.0	206.0	1040.0	4.0	3.0	1112.0	6.0	6.0	864.0	217.0	7.0	56.0	3.0	3.0	0.0
