P1	Hybrid	P2	Zscore	Pvalue	Gamma	AAAA	AAAB	AABA	AABB	AABC	ABAA	ABAB	ABAC	ABBA	BAAA	ABBC	CABC	BACA	BCAA	ABCD
1	2	3	0.8941329746289015	0.18562534277158405	0.007194244604316546	7606.0	95.0	93.0	560.0	8.0	910.0	8.0	8.0	12.0	602.0	1.0	7.0	6.0	82.0	2.0
1	3	2	-99999.9	1.0	-0.007352941176470588	7606.0	93.0	95.0	560.0	8.0	910.0	12.0	7.0	8.0	602.0	6.0	8.0	1.0	82.0	2.0
2	1	3	-122.49621752415909	1.0	0.49818181818181817	7606.0	95.0	910.0	8.0	8.0	93.0	560.0	8.0	12.0	602.0	1.0	7.0	82.0	6.0	2.0
1	2	4	-0.7897443837963344	0.7851615295206594	1.1428571428571428	7227.0	474.0	602.0	40.0	19.0	847.0	48.0	31.0	112.0	484.0	19.0	46.0	24.0	25.0	2.0
1	4	2	-7.1076994541670135	0.999999999999406	0.47058823529411764	7227.0	602.0	474.0	40.0	19.0	847.0	112.0	46.0	48.0	484.0	24.0	31.0	19.0	25.0	2.0
2	1	4	0.8884624317708761	0.18714599430887635	0.9	7227.0	474.0	847.0	48.0	31.0	602.0	40.0	19.0	112.0	484.0	19.0	46.0	25.0	24.0	2.0
1	2	5	1.0112480650436972	0.15594887231974974	0.91	7222.0	479.0	599.0	47.0	15.0	854.0	38.0	34.0	129.0	467.0	19.0	44.0	25.0	25.0	3.0
1	5	2	-9.213593481509244	1.0	0.5260115606936416	7222.0	599.0	479.0	47.0	15.0	854.0	129.0	44.0	38.0	467.0	25.0	34.0	19.0	25.0	3.0
2	1	5	-0.9112345201492656	0.8189141154186371	1.1232876712328768	7222.0	479.0	854.0	38.0	34.0	599.0	47.0	15.0	129.0	467.0	19.0	44.0	25.0	25.0	3.0
1	2	6	-1.4382618496366748	0.9248200678384206	1.0443548387096775	7369.0	332.0	626.0	22.0	13.0	869.0	33.0	24.0	292.0	307.0	16.0	67.0	16.0	12.0	2.0
1	6	2	-35.302790854718374	1.0	0.4896030245746692	7369.0	626.0	332.0	22.0	13.0	869.0	292.0	67.0	33.0	307.0	16.0	24.0	16.0	12.0	2.0
2	1	6	1.4993463297370742	0.06689193447726571	0.9608540925266904	7369.0	332.0	869.0	33.0	24.0	626.0	22.0	13.0	292.0	307.0	16.0	67.0	12.0	16.0	2.0
1	2	7	-0.8720653437773219	0.8084136737312146	1.0213523131672597	7420.0	281.0	627.0	20.0	14.0	891.0	26.0	9.0	313.0	285.0	17.0	68.0	11.0	15.0	3.0
1	7	2	-42.58585762112593	1.0	0.49482758620689654	7420.0	627.0	281.0	20.0	14.0	891.0	313.0	68.0	26.0	285.0	11.0	9.0	17.0	15.0	3.0
2	1	7	0.8902966750061161	0.18665327022074196	0.979933110367893	7420.0	281.0	891.0	26.0	9.0	627.0	20.0	14.0	313.0	285.0	17.0	68.0	15.0	11.0	3.0
1	2	8	-0.4243595880486263	0.6643481676079317	1.0043010752688173	7586.0	115.0	645.0	10.0	6.0	904.0	12.0	10.0	479.0	124.0	12.0	85.0	4.0	7.0	1.0
1	8	2	-99.51232339740288	1.0	0.4989316239316239	7586.0	645.0	115.0	10.0	6.0	904.0	479.0	85.0	12.0	124.0	4.0	10.0	12.0	7.0	1.0
2	1	8	0.4261769738646804	0.334989484785581	0.9957537154989384	7586.0	115.0	904.0	12.0	10.0	645.0	10.0	6.0	479.0	124.0	12.0	85.0	7.0	4.0	1.0
1	2	9	-0.5963794168286222	0.7245391528015275	1.006578947368421	7588.0	113.0	646.0	11.0	4.0	905.0	14.0	7.0	473.0	129.0	13.0	86.0	4.0	7.0	0.0
1	9	2	-91.8424301916079	1.0	0.49837133550488605	7588.0	646.0	113.0	11.0	4.0	905.0	473.0	86.0	14.0	129.0	4.0	7.0	13.0	7.0	0.0
2	1	9	0.6002773215137766	0.2741606669896788	0.9935483870967742	7588.0	113.0	905.0	14.0	7.0	646.0	11.0	4.0	473.0	129.0	13.0	86.0	7.0	4.0	0.0
1	3	4	-0.5846909014815865	0.7206222557152079	1.1071428571428572	7231.0	468.0	598.0	44.0	21.0	846.0	50.0	33.0	112.0	485.0	19.0	47.0	21.0	24.0	1.0
1	4	3	-6.626496883457984	0.9999999999827215	0.47692307692307695	7231.0	598.0	468.0	44.0	21.0	846.0	112.0	47.0	50.0	485.0	21.0	33.0	19.0	24.0	1.0
3	1	4	0.6412738919475465	0.26067231401814983	0.918918918918919	7231.0	468.0	846.0	50.0	33.0	598.0	44.0	21.0	112.0	485.0	19.0	47.0	24.0	21.0	1.0
1	3	5	1.2022463746864611	0.11463410843868016	0.8888888888888888	7230.0	469.0	591.0	51.0	21.0	853.0	40.0	36.0	128.0	470.0	18.0	46.0	20.0	24.0	3.0
1	5	3	-8.415724622805236	1.0	0.5333333333333333	7230.0	591.0	469.0	51.0	21.0	853.0	128.0	46.0	40.0	470.0	20.0	36.0	18.0	24.0	3.0
3	1	5	-1.0519655778506536	0.8535922995742843	1.1666666666666667	7230.0	469.0	853.0	40.0	36.0	591.0	51.0	21.0	128.0	470.0	18.0	46.0	24.0	20.0	3.0
1	3	6	-1.5233340842178216	0.9361624051257842	1.048582995951417	7367.0	332.0	628.0	23.0	12.0	870.0	35.0	24.0	294.0	306.0	16.0	64.0	15.0	12.0	2.0
1	6	3	-34.40196140191916	1.0	0.48867924528301887	7367.0	628.0	332.0	23.0	12.0	870.0	294.0	64.0	35.0	306.0	15.0	24.0	16.0	12.0	2.0
3	1	6	1.5939132695869873	0.0554777324241531	0.9575971731448764	7367.0	332.0	870.0	35.0	24.0	628.0	23.0	12.0	294.0	306.0	16.0	64.0	12.0	15.0	2.0
1	3	7	-0.5497092513282957	0.70874062164284	1.0141342756183747	7422.0	277.0	625.0	24.0	14.0	891.0	28.0	10.0	315.0	283.0	18.0	66.0	11.0	14.0	2.0
1	7	3	-39.991348034133466	1.0	0.49653979238754326	7422.0	625.0	277.0	24.0	14.0	891.0	315.0	66.0	28.0	283.0	11.0	10.0	18.0	14.0	2.0
3	1	7	0.557370704308481	0.28863705806588813	0.9864406779661017	7422.0	277.0	891.0	28.0	10.0	625.0	24.0	14.0	315.0	283.0	18.0	66.0	14.0	11.0	2.0
1	3	8	-0.19187423751508378	0.5760796224721241	1.0021413276231264	7585.0	114.0	646.0	13.0	4.0	905.0	14.0	10.0	482.0	122.0	12.0	81.0	4.0	7.0	1.0
1	8	3	-89.98901739457438	1.0	0.4994663820704376	7585.0	646.0	114.0	13.0	4.0	905.0	482.0	81.0	14.0	122.0	4.0	10.0	12.0	7.0	1.0
3	1	8	0.19228422520208183	0.42375980602295793	0.997872340425532	7585.0	114.0	905.0	14.0	10.0	646.0	13.0	4.0	482.0	122.0	12.0	81.0	7.0	4.0	1.0
1	3	9	-0.573988990642233	0.7170124121517809	1.0065645514223194	7587.0	112.0	647.0	12.0	4.0	907.0	15.0	7.0	475.0	128.0	13.0	82.0	4.0	7.0	0.0
1	9	3	-88.58563422245138	1.0	0.49837486457204766	7587.0	647.0	112.0	12.0	4.0	907.0	475.0	82.0	15.0	128.0	4.0	7.0	13.0	7.0	0.0
3	1	9	0.5777323971029432	0.28172236209978463	0.9935622317596566	7587.0	112.0	907.0	15.0	7.0	647.0	12.0	4.0	475.0	128.0	13.0	82.0	7.0	4.0	0.0
1	4	5	1.9095714392564052	0.02809414103784169	0.6046511627906976	7355.0	474.0	466.0	50.0	17.0	935.0	33.0	37.0	59.0	485.0	12.0	33.0	12.0	31.0	1.0
1	5	4	-1.0109495854886847	0.8439797060406982	0.7428571428571429	7355.0	466.0	474.0	50.0	17.0	935.0	59.0	33.0	33.0	485.0	12.0	37.0	12.0	31.0	1.0
4	1	5	-0.6610054982041401	0.7456956706577571	-1.125	7355.0	474.0	935.0	33.0	37.0	466.0	50.0	17.0	59.0	485.0	12.0	33.0	31.0	12.0	1.0
1	4	6	0.25499679835334044	0.39936284314006487	0.9899497487437185	7503.0	326.0	492.0	32.0	9.0	949.0	30.0	26.0	227.0	315.0	14.0	52.0	11.0	13.0	1.0
1	6	4	-24.862187839450726	1.0	0.5025510204081632	7503.0	492.0	326.0	32.0	9.0	949.0	227.0	52.0	30.0	315.0	11.0	26.0	14.0	13.0	1.0
4	1	6	-0.2524079983700578	0.5996370847364634	1.0103626943005182	7503.0	326.0	949.0	30.0	26.0	492.0	32.0	9.0	227.0	315.0	14.0	52.0	13.0	11.0	1.0
1	4	7	0.5286443124694363	0.29852609075109604	0.9830508474576272	7555.0	274.0	492.0	31.0	10.0	962.0	27.0	16.0	259.0	284.0	13.0	51.0	11.0	13.0	2.0
1	7	4	-30.132725810757854	1.0	0.5043478260869565	7555.0	492.0	274.0	31.0	10.0	962.0	259.0	51.0	27.0	284.0	11.0	16.0	13.0	13.0	2.0
4	1	7	-0.5195297553578943	0.6983043274786557	1.0178571428571428	7555.0	274.0	962.0	27.0	16.0	492.0	31.0	10.0	259.0	284.0	13.0	51.0	13.0	11.0	2.0
1	4	8	0.7855905830460899	0.21605362867367117	0.9903381642512077	7716.0	113.0	515.0	15.0	3.0	982.0	11.0	12.0	421.0	127.0	8.0	65.0	2.0	9.0	1.0
1	8	4	-79.73744417917806	1.0	0.5024509803921569	7716.0	515.0	113.0	15.0	3.0	982.0	421.0	65.0	11.0	127.0	2.0	12.0	8.0	9.0	1.0
4	1	8	-0.7779262846749088	0.781693828410698	1.0099502487562189	7716.0	113.0	982.0	11.0	12.0	515.0	15.0	3.0	421.0	127.0	8.0	65.0	9.0	2.0	1.0
1	4	9	-0.749751621711248	0.7732979125846724	1.0100755667506298	7717.0	112.0	517.0	12.0	4.0	981.0	16.0	8.0	417.0	129.0	10.0	66.0	2.0	9.0	0.0
1	9	4	-75.91235169826386	1.0	0.4975186104218362	7717.0	517.0	112.0	12.0	4.0	981.0	417.0	66.0	16.0	129.0	2.0	8.0	10.0	9.0	0.0
4	1	9	0.7572304408804376	0.22445584077203573	0.9902200488997555	7717.0	112.0	981.0	16.0	8.0	517.0	12.0	4.0	417.0	129.0	10.0	66.0	9.0	2.0	0.0
1	5	6	0.7483895008413507	0.2271125587132793	0.9661016949152542	7502.0	319.0	493.0	36.0	12.0	974.0	30.0	23.0	201.0	316.0	13.0	53.0	10.0	16.0	2.0
1	6	5	-20.580711273137155	1.0	0.5089285714285715	7502.0	493.0	319.0	36.0	12.0	974.0	201.0	53.0	30.0	316.0	10.0	23.0	13.0	16.0	2.0
5	1	6	-0.7221302201100752	0.7648928594099383	1.0377358490566038	7502.0	319.0	974.0	30.0	23.0	493.0	36.0	12.0	201.0	316.0	13.0	53.0	16.0	10.0	2.0
1	5	7	-0.27561190816442965	0.6085768548196708	1.0099502487562189	7539.0	282.0	508.0	25.0	8.0	985.0	27.0	15.0	230.0	287.0	13.0	57.0	8.0	15.0	1.0
1	7	5	-28.250220586854073	1.0	0.49754901960784315	7539.0	508.0	282.0	25.0	8.0	985.0	230.0	57.0	27.0	287.0	8.0	15.0	13.0	15.0	1.0
5	1	7	0.27832729642220727	0.39038062670484885	0.9903381642512077	7539.0	282.0	985.0	27.0	15.0	508.0	25.0	8.0	230.0	287.0	13.0	57.0	15.0	8.0	1.0
1	5	8	0.3781320552282484	0.3526663057319709	0.9948186528497409	7707.0	114.0	524.0	15.0	2.0	1003.0	13.0	11.0	397.0	125.0	8.0	68.0	2.0	10.0	1.0
1	8	5	-72.22322254859566	1.0	0.5013054830287206	7707.0	524.0	114.0	15.0	2.0	1003.0	397.0	68.0	13.0	125.0	2.0	11.0	8.0	10.0	1.0
5	1	8	-0.37616261744060137	0.6466019394155276	1.0052631578947369	7707.0	114.0	1003.0	13.0	11.0	524.0	15.0	2.0	397.0	125.0	8.0	68.0	10.0	2.0	1.0
1	5	9	0.35382444925175244	0.3617352890469758	0.9946949602122016	7717.0	104.0	517.0	17.0	7.0	1005.0	15.0	7.0	390.0	130.0	10.0	69.0	2.0	10.0	0.0
1	9	5	-65.98825978545186	1.0	0.5013368983957219	7717.0	517.0	104.0	17.0	7.0	1005.0	390.0	69.0	15.0	130.0	2.0	7.0	10.0	10.0	0.0
5	1	9	-0.3519373855224098	0.6375573247519273	1.005390835579515	7717.0	104.0	1005.0	15.0	7.0	517.0	17.0	7.0	390.0	130.0	10.0	69.0	10.0	2.0	0.0
1	6	7	-0.1258558592727579	0.5500770261158878	1.032258064516129	7716.0	279.0	331.0	30.0	6.0	1176.0	31.0	21.0	63.0	288.0	5.0	33.0	3.0	18.0	0.0
1	7	6	-4.153243356000999	0.999983600607138	0.49230769230769234	7716.0	331.0	279.0	30.0	6.0	1176.0	63.0	33.0	31.0	288.0	3.0	21.0	5.0	18.0	0.0
6	1	7	0.12978885487503158	0.44836670560826386	0.9705882352941176	7716.0	279.0	1176.0	31.0	21.0	331.0	30.0	6.0	63.0	288.0	5.0	33.0	18.0	3.0	0.0
1	6	8	1.6809405672724058	0.04638720537765817	0.9594594594594594	7885.0	110.0	346.0	19.0	2.0	1205.0	10.0	13.0	223.0	128.0	5.0	40.0	2.0	12.0	0.0
1	8	6	-38.10131952484122	1.0	0.5107913669064749	7885.0	346.0	110.0	19.0	2.0	1205.0	223.0	40.0	10.0	128.0	2.0	13.0	5.0	12.0	0.0
6	1	8	-1.6099149095003324	0.9462917865989842	1.0461538461538462	7885.0	110.0	1205.0	10.0	13.0	346.0	19.0	2.0	223.0	128.0	5.0	40.0	12.0	2.0	0.0
1	6	9	-0.3510544442972518	0.6372261831936787	1.00990099009901	7884.0	111.0	350.0	15.0	2.0	1202.0	17.0	9.0	221.0	128.0	7.0	41.0	2.0	11.0	0.0
1	9	6	-36.158607762616924	1.0	0.4975609756097561	7884.0	350.0	111.0	15.0	2.0	1202.0	221.0	41.0	17.0	128.0	2.0	9.0	7.0	11.0	0.0
6	1	9	0.35449615453546013	0.3614836068992142	0.9903846153846154	7884.0	111.0	1202.0	17.0	9.0	350.0	15.0	2.0	221.0	128.0	7.0	41.0	11.0	2.0	0.0
1	7	8	1.2680941445412852	0.10238223495592558	0.9625668449197861	7937.0	110.0	294.0	19.0	2.0	1248.0	12.0	12.0	192.0	126.0	4.0	28.0	2.0	14.0	0.0
1	8	7	-31.340041000806035	1.0	0.509915014164306	7937.0	294.0	110.0	19.0	2.0	1248.0	192.0	28.0	12.0	126.0	2.0	12.0	4.0	14.0	0.0
7	1	8	-1.2187793722535685	0.8885359618785863	1.0421686746987953	7937.0	110.0	1248.0	12.0	12.0	294.0	19.0	2.0	192.0	126.0	4.0	28.0	14.0	2.0	0.0
1	7	9	-0.8792242300246507	0.8103601821372222	1.0303030303030303	7935.0	112.0	299.0	13.0	3.0	1246.0	18.0	8.0	188.0	128.0	6.0	30.0	1.0	13.0	0.0
1	9	7	-30.77284805086279	1.0	0.49275362318840576	7935.0	299.0	112.0	13.0	3.0	1246.0	188.0	30.0	18.0	128.0	1.0	8.0	6.0	13.0	0.0
7	1	9	0.9050837662018462	0.1827104785295105	0.9722222222222222	7935.0	112.0	1246.0	18.0	8.0	299.0	13.0	3.0	188.0	128.0	6.0	30.0	13.0	1.0	0.0
1	8	9	-0.8166007458297164	0.7929217416963819	0.6363636363636364	8121.0	110.0	113.0	16.0	2.0	1436.0	20.0	12.0	13.0	126.0	1.0	15.0	1.0	14.0	0.0
1	9	8	0.612450559372287	0.27011979746366044	0.7000000000000001	8121.0	113.0	110.0	16.0	2.0	1436.0	13.0	15.0	20.0	126.0	1.0	12.0	1.0	14.0	0.0
8	1	9	-99999.9	1.0	-3.0	8121.0	110.0	1436.0	20.0	12.0	113.0	16.0	2.0	13.0	126.0	1.0	15.0	14.0	1.0	0.0
2	3	4	-0.24161534303242704	0.5954608328037012	1.0015576323987538	7976.0	540.0	98.0	8.0	5.0	101.0	9.0	2.0	652.0	539.0	53.0	7.0	1.0	6.0	3.0
2	4	3	-155.60028091288257	1.0	0.49961149961149964	7976.0	98.0	540.0	8.0	5.0	101.0	652.0	7.0	9.0	539.0	1.0	2.0	53.0	6.0	3.0
3	2	4	0.24199110561879159	0.404393578819247	0.9984496124031008	7976.0	540.0	101.0	9.0	2.0	98.0	8.0	5.0	652.0	539.0	53.0	7.0	6.0	1.0	3.0
2	3	5	-0.25711898772037256	0.6014564819935739	1.001536098310292	7980.0	536.0	96.0	7.0	8.0	103.0	8.0	1.0	660.0	531.0	53.0	9.0	0.0	7.0	1.0
2	5	3	-167.8986989814018	1.0	0.49961685823754787	7980.0	96.0	536.0	7.0	8.0	103.0	660.0	9.0	8.0	531.0	0.0	1.0	53.0	7.0	1.0
3	2	5	0.2575133419960173	0.3983913166541325	0.9984709480122325	7980.0	536.0	103.0	8.0	1.0	96.0	7.0	8.0	660.0	531.0	53.0	9.0	7.0	0.0	1.0
2	3	6	-0.9916198552520981	0.8393084934103475	1.0034965034965035	8132.0	384.0	106.0	3.0	2.0	105.0	6.0	1.0	867.0	335.0	42.0	13.0	0.0	3.0	1.0
2	6	3	-285.5865183126059	1.0	0.4991304347826087	8132.0	106.0	384.0	3.0	2.0	105.0	867.0	13.0	6.0	335.0	0.0	1.0	42.0	3.0	1.0
3	2	6	0.9950749766989695	0.15984990796983967	0.9965397923875432	8132.0	384.0	105.0	6.0	1.0	106.0	3.0	2.0	867.0	335.0	42.0	13.0	3.0	0.0	1.0
2	3	7	0.0	0.49999999949999996	nan	8208.0	308.0	103.0	4.0	4.0	105.0	4.0	3.0	890.0	315.0	39.0	13.0	1.0	2.0	1.0
2	7	3	-311.30866743435115	1.0	0.5	8208.0	103.0	308.0	4.0	4.0	105.0	890.0	13.0	4.0	315.0	1.0	3.0	39.0	2.0	1.0
3	2	7	0.0	0.49999999949999996	nan	8208.0	308.0	105.0	4.0	3.0	103.0	4.0	4.0	890.0	315.0	39.0	13.0	2.0	1.0	1.0
2	3	8	-0.567530218120625	0.7148230339184071	1.0009250693802034	8380.0	136.0	110.0	1.0	0.0	110.0	2.0	0.0	1084.0	139.0	21.0	15.0	0.0	2.0	0.0
2	8	3	-614.635226224628	1.0	0.4997690531177829	8380.0	110.0	136.0	1.0	0.0	110.0	1084.0	15.0	2.0	139.0	0.0	0.0	21.0	2.0	0.0
3	2	8	0.5680547377307179	0.28499886497292093	0.9990774907749077	8380.0	136.0	110.0	2.0	0.0	110.0	1.0	0.0	1084.0	139.0	21.0	15.0	2.0	0.0	0.0
2	3	9	-0.4425213001324682	0.6709439605472263	1.0009293680297398	8385.0	131.0	108.0	2.0	1.0	109.0	3.0	0.0	1080.0	144.0	20.0	16.0	0.0	1.0	0.0
2	9	3	-477.03796154279365	1.0	0.49976798143851514	8385.0	108.0	131.0	2.0	1.0	109.0	1080.0	16.0	3.0	144.0	0.0	0.0	20.0	1.0	0.0
3	2	9	0.44293218341949925	0.32890742303676035	0.9990732159406858	8385.0	131.0	109.0	3.0	0.0	108.0	2.0	1.0	1080.0	144.0	20.0	16.0	1.0	0.0	0.0
2	4	5	1.1873451815960683	0.11754580979840656	0.5217391304347826	7586.0	488.0	490.0	46.0	17.0	704.0	35.0	21.0	47.0	491.0	11.0	21.0	13.0	29.0	1.0
2	5	4	-0.10794047105418832	0.5429785951705416	0.9230769230769231	7586.0	490.0	488.0	46.0	17.0	704.0	47.0	21.0	35.0	491.0	13.0	21.0	11.0	29.0	1.0
4	2	5	-0.09894543179967259	0.5394092595149089	-0.1	7586.0	488.0	704.0	35.0	21.0	490.0	46.0	17.0	47.0	491.0	11.0	21.0	29.0	13.0	1.0
2	4	6	1.6594829404390097	0.04850923957885844	0.9481132075471698	7723.0	351.0	515.0	28.0	10.0	729.0	17.0	14.0	218.0	316.0	15.0	38.0	8.0	16.0	2.0
2	6	4	-28.663796243946525	1.0	0.5140664961636828	7723.0	515.0	351.0	28.0	10.0	729.0	218.0	38.0	17.0	316.0	8.0	14.0	15.0	16.0	2.0
4	2	6	-1.5686654660866262	0.9416370361046738	1.0614525139664805	7723.0	351.0	729.0	17.0	14.0	515.0	28.0	10.0	218.0	316.0	15.0	38.0	16.0	8.0	2.0
2	4	7	0.4493072009070685	0.3266050577295335	0.9867256637168141	7792.0	282.0	519.0	24.0	10.0	725.0	21.0	14.0	244.0	289.0	16.0	39.0	10.0	15.0	0.0
2	7	4	-32.94919473318502	1.0	0.5033860045146727	7792.0	519.0	282.0	24.0	10.0	725.0	244.0	39.0	21.0	289.0	10.0	14.0	16.0	15.0	0.0
4	2	7	-0.44326270941504514	0.6712121085333949	1.0138248847926268	7792.0	282.0	725.0	21.0	14.0	519.0	24.0	10.0	244.0	289.0	16.0	39.0	15.0	10.0	0.0
2	4	8	1.0920232936777974	0.13741147333282033	0.9876847290640394	7953.0	121.0	537.0	13.0	3.0	745.0	8.0	7.0	409.0	131.0	9.0	55.0	2.0	7.0	0.0
2	8	4	-86.48824485928162	1.0	0.5031367628607277	7953.0	537.0	121.0	13.0	3.0	745.0	409.0	55.0	8.0	131.0	2.0	7.0	9.0	7.0	0.0
4	2	8	-1.0784070431331865	0.8595738895899903	1.0127877237851663	7953.0	121.0	745.0	8.0	7.0	537.0	13.0	3.0	409.0	131.0	9.0	55.0	7.0	2.0	0.0
2	4	9	-0.46864374061395514	0.680337831220277	1.0051020408163265	7952.0	122.0	541.0	8.0	4.0	746.0	10.0	4.0	404.0	135.0	10.0	55.0	2.0	7.0	0.0
2	9	4	-92.79146064156285	1.0	0.49873417721518987	7952.0	541.0	122.0	8.0	4.0	746.0	404.0	55.0	10.0	135.0	2.0	4.0	10.0	7.0	0.0
4	2	9	0.47102264285057416	0.31881229691332025	0.9949748743718593	7952.0	122.0	746.0	10.0	4.0	541.0	8.0	4.0	404.0	135.0	10.0	55.0	7.0	2.0	0.0
2	5	6	2.5231014403436074	0.0058162614712660154	0.9146919431279621	7735.0	341.0	503.0	35.0	13.0	741.0	17.0	14.0	210.0	315.0	14.0	34.0	9.0	18.0	1.0
2	6	5	-24.530152892229516	1.0	0.5244565217391304	7735.0	503.0	341.0	35.0	13.0	741.0	210.0	34.0	17.0	315.0	9.0	14.0	14.0	18.0	1.0
5	2	6	-2.2877862801043074	0.9889250459979153	1.1146496815286624	7735.0	341.0	741.0	17.0	14.0	503.0	35.0	13.0	210.0	315.0	14.0	34.0	18.0	9.0	1.0
2	5	7	-0.2996178981695768	0.6177656166197087	1.0095238095238095	7788.0	288.0	523.0	21.0	7.0	736.0	23.0	13.0	235.0	289.0	15.0	37.0	8.0	17.0	0.0
2	7	5	-32.05911510414469	1.0	0.49765258215962443	7788.0	523.0	288.0	21.0	7.0	736.0	235.0	37.0	23.0	289.0	8.0	13.0	15.0	17.0	0.0
5	2	7	0.3024444821145728	0.38115669329126656	0.9907407407407407	7788.0	288.0	736.0	23.0	13.0	523.0	21.0	7.0	235.0	289.0	15.0	37.0	17.0	8.0	0.0
2	5	8	0.6005436937475215	0.2740719269801901	0.9923857868020305	7955.0	121.0	535.0	14.0	2.0	755.0	11.0	6.0	402.0	128.0	9.0	52.0	2.0	8.0	0.0
2	8	5	-77.67031772467945	1.0	0.5019255455712451	7955.0	535.0	121.0	14.0	2.0	755.0	402.0	52.0	11.0	128.0	2.0	6.0	9.0	8.0	0.0
5	2	8	-0.5959359416215814	0.7243910358059253	1.0077922077922077	7955.0	121.0	755.0	11.0	6.0	535.0	14.0	2.0	402.0	128.0	9.0	52.0	8.0	2.0	0.0
2	5	9	0.625983857764019	0.26566270827663996	0.9922480620155039	7962.0	114.0	531.0	13.0	7.0	760.0	10.0	2.0	394.0	135.0	10.0	51.0	2.0	9.0	0.0
2	9	5	-79.49994993603026	1.0	0.5019607843137255	7962.0	531.0	114.0	13.0	7.0	760.0	394.0	51.0	10.0	135.0	2.0	2.0	10.0	9.0	0.0
5	2	9	-0.6210933588752376	0.7327309556308641	1.007936507936508	7962.0	114.0	760.0	10.0	2.0	531.0	13.0	7.0	394.0	135.0	10.0	51.0	9.0	2.0	0.0
2	6	7	0.0	0.49999999949999996	nan	7955.0	283.0	356.0	28.0	5.0	937.0	28.0	20.0	50.0	287.0	4.0	21.0	5.0	21.0	0.0
2	7	6	-2.937252284090039	0.9983442587514026	0.5	7955.0	356.0	283.0	28.0	5.0	937.0	50.0	21.0	28.0	287.0	5.0	20.0	4.0	21.0	0.0
6	2	7	0.0	0.49999999949999996	nan	7955.0	283.0	937.0	28.0	20.0	356.0	28.0	5.0	50.0	287.0	4.0	21.0	21.0	5.0	0.0
2	6	8	1.8068127673739005	0.035395685112548425	0.9567307692307693	8120.0	118.0	370.0	17.0	2.0	970.0	8.0	7.0	207.0	130.0	4.0	32.0	3.0	12.0	0.0
2	8	6	-38.143825089004544	1.0	0.5115681233933161	8120.0	370.0	118.0	17.0	2.0	970.0	207.0	32.0	8.0	130.0	3.0	7.0	4.0	12.0	0.0
6	2	8	-1.7250976170906587	0.9577450949480646	1.0497237569060773	8120.0	118.0	970.0	8.0	7.0	370.0	17.0	2.0	207.0	130.0	4.0	32.0	12.0	3.0	0.0
2	6	9	-0.19903660492343564	0.5788829205068533	1.0052631578947369	8118.0	120.0	375.0	12.0	2.0	968.0	13.0	4.0	204.0	131.0	6.0	33.0	3.0	11.0	0.0
2	9	6	-38.21502814529964	1.0	0.49869451697127937	8118.0	375.0	120.0	12.0	2.0	968.0	204.0	33.0	13.0	131.0	3.0	4.0	6.0	11.0	0.0
6	2	9	0.20007868138900337	0.42070954789443693	0.9948186528497409	8118.0	120.0	968.0	13.0	4.0	375.0	12.0	2.0	204.0	131.0	6.0	33.0	11.0	3.0	0.0
2	7	8	1.8078934712476804	0.035311487289446664	0.9518716577540107	8192.0	119.0	298.0	17.0	1.0	993.0	8.0	7.0	186.0	130.0	4.0	30.0	3.0	12.0	0.0
2	8	7	-33.948221848984204	1.0	0.5129682997118156	8192.0	298.0	119.0	17.0	1.0	993.0	186.0	30.0	8.0	130.0	3.0	7.0	4.0	12.0	0.0
7	2	8	-1.7164831271958314	0.956963206956453	1.05625	8192.0	119.0	993.0	8.0	7.0	298.0	17.0	1.0	186.0	130.0	4.0	30.0	12.0	3.0	0.0
2	7	9	-0.1989630452256574	0.5788541498399372	1.005952380952381	8191.0	120.0	302.0	12.0	2.0	990.0	13.0	5.0	182.0	132.0	6.0	33.0	2.0	10.0	0.0
2	9	7	-33.823717688361704	1.0	0.49852507374631266	8191.0	302.0	120.0	12.0	2.0	990.0	182.0	33.0	13.0	132.0	2.0	5.0	6.0	10.0	0.0
7	2	9	0.200140341351253	0.42068543679123804	0.9941520467836257	8191.0	120.0	990.0	13.0	5.0	302.0	12.0	2.0	182.0	132.0	6.0	33.0	10.0	2.0	0.0
2	8	9	-0.6534877683210268	0.7432791267992837	0.6666666666666666	8372.0	118.0	121.0	14.0	2.0	1185.0	17.0	7.0	11.0	129.0	1.0	9.0	1.0	13.0	0.0
2	9	8	0.6534877683210264	0.25672087320071646	0.6666666666666666	8372.0	121.0	118.0	14.0	2.0	1185.0	11.0	9.0	17.0	129.0	1.0	7.0	1.0	13.0	0.0
8	2	9	-99999.9	1.0	-inf	8372.0	118.0	1185.0	17.0	7.0	121.0	14.0	2.0	11.0	129.0	1.0	9.0	13.0	1.0	0.0
3	4	5	1.042005916526391	0.14870449349965043	0.5	7596.0	481.0	487.0	46.0	18.0	694.0	36.0	27.0	46.0	496.0	11.0	25.0	13.0	24.0	0.0
3	5	4	0.0	0.49999999949999996	nan	7596.0	487.0	481.0	46.0	18.0	694.0	46.0	25.0	36.0	496.0	13.0	27.0	11.0	24.0	0.0
4	3	5	-0.09836747052575615	0.5391798060482926	-0.0	7596.0	481.0	694.0	36.0	27.0	487.0	46.0	18.0	46.0	496.0	11.0	25.0	24.0	13.0	0.0
3	4	6	1.8292724094650326	0.03367934752862667	0.9447004608294931	7725.0	352.0	512.0	28.0	11.0	727.0	16.0	14.0	221.0	317.0	15.0	38.0	8.0	15.0	1.0
3	6	4	-29.42079791889592	1.0	0.5150753768844221	7725.0	512.0	352.0	28.0	11.0	727.0	221.0	38.0	16.0	317.0	8.0	14.0	15.0	15.0	1.0
4	3	6	-1.722193048910982	0.9574827583702077	1.0662983425414365	7725.0	352.0	727.0	16.0	14.0	512.0	28.0	11.0	221.0	317.0	15.0	38.0	15.0	8.0	1.0
3	4	7	0.14602106971743584	0.44195235697918345	0.9955555555555555	7797.0	280.0	516.0	24.0	11.0	720.0	23.0	14.0	247.0	290.0	16.0	39.0	8.0	14.0	1.0
3	7	4	-32.562698546988244	1.0	0.5011185682326621	7797.0	516.0	280.0	24.0	11.0	720.0	247.0	39.0	23.0	290.0	8.0	14.0	16.0	14.0	1.0
4	3	7	-0.14536918994191153	0.557790326781626	1.0045045045045045	7797.0	280.0	720.0	23.0	14.0	516.0	24.0	11.0	247.0	290.0	16.0	39.0	14.0	8.0	1.0
3	4	8	1.226670381753717	0.10997331943105393	0.9854014598540146	7956.0	121.0	534.0	15.0	2.0	742.0	9.0	6.0	414.0	130.0	9.0	53.0	3.0	6.0	0.0
3	8	4	-81.57358038662233	1.0	0.5037313432835822	7956.0	534.0	121.0	15.0	2.0	742.0	414.0	53.0	9.0	130.0	3.0	6.0	9.0	6.0	0.0
4	3	8	-1.2084974872092176	0.8865719533607843	1.015267175572519	7956.0	121.0	742.0	9.0	6.0	534.0	15.0	2.0	414.0	130.0	9.0	53.0	6.0	3.0	0.0
3	4	9	-0.21739990076053026	0.5860516086610387	1.0025252525252526	7956.0	121.0	538.0	10.0	3.0	742.0	11.0	4.0	408.0	134.0	11.0	54.0	2.0	6.0	0.0
3	9	4	-86.52516050269105	1.0	0.49937106918238994	7956.0	538.0	121.0	10.0	3.0	742.0	408.0	54.0	11.0	134.0	2.0	4.0	11.0	6.0	0.0
4	3	9	0.21794750756345352	0.41373504296788455	0.9974937343358395	7956.0	121.0	742.0	11.0	4.0	538.0	10.0	3.0	408.0	134.0	11.0	54.0	6.0	2.0	0.0
3	5	6	2.8458700602991605	0.002214577137881424	0.908675799086758	7740.0	343.0	497.0	35.0	13.0	736.0	15.0	14.0	214.0	317.0	14.0	36.0	9.0	16.0	1.0
3	6	5	-25.470537039677474	1.0	0.5264550264550265	7740.0	497.0	343.0	35.0	13.0	736.0	214.0	36.0	15.0	317.0	9.0	14.0	14.0	16.0	1.0
5	3	6	-2.5598529688118075	0.9947641505440616	1.1257861635220126	7740.0	343.0	736.0	15.0	14.0	497.0	35.0	13.0	214.0	317.0	14.0	36.0	16.0	9.0	1.0
3	5	7	-0.4336877712718101	0.6677423722715229	1.0141509433962264	7797.0	286.0	516.0	22.0	7.0	727.0	25.0	13.0	240.0	289.0	16.0	39.0	7.0	16.0	0.0
3	7	5	-31.514644712418164	1.0	0.49653579676674364	7797.0	516.0	286.0	22.0	7.0	727.0	240.0	39.0	25.0	289.0	7.0	13.0	16.0	16.0	0.0
5	3	7	0.43973922854537023	0.3300630242222129	0.9864253393665159	7797.0	286.0	727.0	25.0	13.0	516.0	22.0	7.0	240.0	289.0	16.0	39.0	16.0	7.0	0.0
3	5	8	0.5577933416789954	0.288492724293268	0.9924812030075187	7963.0	120.0	527.0	16.0	2.0	747.0	13.0	5.0	409.0	127.0	9.0	53.0	2.0	7.0	0.0
3	8	5	-73.07092775994847	1.0	0.5019011406844106	7963.0	527.0	120.0	16.0	2.0	747.0	409.0	53.0	13.0	127.0	2.0	5.0	9.0	7.0	0.0
5	3	8	-0.5535676345450636	0.7100626380670951	1.0076923076923077	7963.0	120.0	747.0	13.0	5.0	527.0	16.0	2.0	409.0	127.0	9.0	53.0	7.0	2.0	0.0
3	5	9	0.7857315190313392	0.21601233394026464	0.989821882951654	7970.0	113.0	524.0	15.0	6.0	752.0	11.0	2.0	400.0	134.0	11.0	52.0	2.0	8.0	0.0
3	9	5	-75.62665870676639	1.0	0.5025839793281653	7970.0	524.0	113.0	15.0	6.0	752.0	400.0	52.0	11.0	134.0	2.0	2.0	11.0	8.0	0.0
5	3	9	-0.7776520175502969	0.7816129711441978	1.010498687664042	7970.0	113.0	752.0	11.0	2.0	524.0	15.0	6.0	400.0	134.0	11.0	52.0	8.0	2.0	0.0
3	6	7	-0.12650905023711384	0.5503355447778892	1.0555555555555556	7956.0	281.0	357.0	29.0	5.0	936.0	30.0	20.0	49.0	287.0	5.0	21.0	4.0	20.0	0.0
3	7	6	-2.530181004742281	0.9942997942324778	0.48717948717948717	7956.0	357.0	281.0	29.0	5.0	936.0	49.0	21.0	30.0	287.0	4.0	20.0	5.0	20.0	0.0
6	3	7	0.13316742130222511	0.44703045573312794	0.9523809523809523	7956.0	281.0	936.0	30.0	20.0	357.0	29.0	5.0	49.0	287.0	5.0	21.0	20.0	4.0	0.0
3	6	8	1.6818175303542322	0.046302089675912095	0.9565217391304348	8120.0	117.0	370.0	19.0	2.0	970.0	10.0	6.0	208.0	129.0	4.0	31.0	3.0	11.0	0.0
3	8	6	-35.318168137438846	1.0	0.5116279069767442	8120.0	370.0	117.0	19.0	2.0	970.0	208.0	31.0	10.0	129.0	3.0	6.0	4.0	11.0	0.0
6	3	8	-1.6053712789744947	0.9457939414437793	1.05	8120.0	117.0	970.0	10.0	6.0	370.0	19.0	2.0	208.0	129.0	4.0	31.0	11.0	3.0	0.0
3	6	9	0.0	0.49999999949999996	nan	8119.0	118.0	375.0	14.0	2.0	967.0	14.0	5.0	205.0	130.0	6.0	32.0	3.0	10.0	0.0
3	9	6	-36.03132286994205	1.0	0.5	8119.0	375.0	118.0	14.0	2.0	967.0	205.0	32.0	14.0	130.0	3.0	5.0	6.0	10.0	0.0
6	3	9	0.0	0.49999999949999996	nan	8119.0	118.0	967.0	14.0	5.0	375.0	14.0	2.0	205.0	130.0	6.0	32.0	10.0	3.0	0.0
3	7	8	1.6831944694762109	0.04616870069374024	0.9518716577540107	8195.0	118.0	295.0	19.0	1.0	990.0	10.0	6.0	188.0	129.0	4.0	31.0	3.0	11.0	0.0
3	8	7	-31.606651704608847	1.0	0.5129682997118156	8195.0	295.0	118.0	19.0	1.0	990.0	188.0	31.0	10.0	129.0	3.0	6.0	4.0	11.0	0.0
7	3	8	-1.598089131131908	0.9449884287256698	1.05625	8195.0	118.0	990.0	10.0	6.0	295.0	19.0	1.0	188.0	129.0	4.0	31.0	11.0	3.0	0.0
3	7	9	0.0	0.49999999949999996	nan	8195.0	118.0	299.0	14.0	2.0	986.0	14.0	6.0	184.0	131.0	6.0	34.0	2.0	9.0	0.0
3	9	7	-32.06976381094318	1.0	0.5	8195.0	299.0	118.0	14.0	2.0	986.0	184.0	34.0	14.0	131.0	2.0	6.0	6.0	9.0	0.0
7	3	9	0.0	0.49999999949999996	nan	8195.0	118.0	986.0	14.0	6.0	299.0	14.0	2.0	184.0	131.0	6.0	34.0	9.0	2.0	0.0
3	8	9	-0.40294418984908853	0.6565053110247034	0.7142857142857143	8374.0	116.0	120.0	16.0	2.0	1183.0	18.0	8.0	13.0	128.0	1.0	8.0	1.0	12.0	0.0
3	9	8	0.6044162847736331	0.2727834062309201	0.625	8374.0	120.0	116.0	16.0	2.0	1183.0	13.0	8.0	18.0	128.0	1.0	8.0	1.0	12.0	0.0
8	3	9	-99999.9	1.0	3.0	8374.0	116.0	1183.0	18.0	8.0	120.0	16.0	2.0	13.0	128.0	1.0	8.0	12.0	1.0	0.0
4	5	6	1.193068859334185	0.1164212670332031	0.9617224880382775	7945.0	345.0	507.0	27.0	10.0	531.0	19.0	8.0	220.0	330.0	16.0	20.0	11.0	11.0	0.0
4	6	5	-28.78278623143721	1.0	0.5101522842639593	7945.0	507.0	345.0	27.0	10.0	531.0	220.0	20.0	19.0	330.0	11.0	8.0	16.0	11.0	0.0
5	4	6	-1.1455835315994911	0.8740161870214188	1.0432432432432432	7945.0	345.0	531.0	19.0	8.0	507.0	27.0	10.0	220.0	330.0	16.0	20.0	11.0	11.0	0.0
4	5	7	-0.3408358250039419	0.6333863436327072	1.0087336244541485	7995.0	295.0	522.0	16.0	6.0	529.0	18.0	11.0	249.0	302.0	15.0	24.0	8.0	9.0	1.0
4	7	5	-39.70737361295924	1.0	0.4978448275862069	7995.0	522.0	295.0	16.0	6.0	529.0	249.0	24.0	18.0	302.0	8.0	11.0	15.0	9.0	1.0
5	4	7	0.34378678452778555	0.3655033861236061	0.9914893617021276	7995.0	295.0	529.0	18.0	11.0	522.0	16.0	6.0	249.0	302.0	15.0	24.0	9.0	8.0	1.0
4	5	8	0.0	0.49999999949999996	nan	8164.0	126.0	534.0	9.0	1.0	546.0	9.0	3.0	418.0	139.0	9.0	37.0	3.0	2.0	0.0
4	8	5	-96.13555117070385	1.0	0.5	8164.0	534.0	126.0	9.0	1.0	546.0	418.0	37.0	9.0	139.0	3.0	3.0	9.0	2.0	0.0
5	4	8	0.0	0.49999999949999996	nan	8164.0	126.0	546.0	9.0	3.0	534.0	9.0	1.0	418.0	139.0	9.0	37.0	2.0	3.0	0.0
4	5	9	1.8823464494648008	0.029894431577113578	0.980722891566265	8171.0	119.0	527.0	13.0	4.0	551.0	5.0	2.0	412.0	142.0	12.0	37.0	3.0	2.0	0.0
4	9	5	-93.88202916705691	1.0	0.5049627791563276	8171.0	527.0	119.0	13.0	4.0	551.0	412.0	37.0	5.0	142.0	3.0	2.0	12.0	2.0	0.0
5	4	9	-1.8453470106546819	0.9675065217119778	1.020460358056266	8171.0	119.0	551.0	5.0	2.0	527.0	13.0	4.0	412.0	142.0	12.0	37.0	2.0	3.0	0.0
4	6	7	-0.14653748117059232	0.5582514685225328	1.03125	8161.0	291.0	356.0	22.0	4.0	731.0	23.0	17.0	56.0	300.0	4.0	15.0	5.0	14.0	1.0
4	7	6	-4.982274359800124	0.999999685305268	0.4925373134328358	8161.0	356.0	291.0	22.0	4.0	731.0	56.0	15.0	23.0	300.0	5.0	17.0	4.0	14.0	1.0
6	4	7	0.1509780109030345	0.43999651452865496	0.9714285714285714	8161.0	291.0	731.0	23.0	17.0	356.0	22.0	4.0	56.0	300.0	4.0	15.0	14.0	5.0	1.0
4	6	8	1.095173607989857	0.13672033573745423	0.9766355140186916	8330.0	122.0	368.0	13.0	1.0	760.0	8.0	3.0	217.0	139.0	4.0	24.0	4.0	7.0	0.0
4	8	6	-44.68308320598622	1.0	0.5060532687651331	8330.0	368.0	122.0	13.0	1.0	760.0	217.0	24.0	8.0	139.0	4.0	3.0	4.0	7.0	0.0
6	4	8	-1.0689732824398603	0.8574591109623699	1.0251256281407035	8330.0	122.0	760.0	8.0	3.0	368.0	13.0	1.0	217.0	139.0	4.0	24.0	7.0	4.0	0.0
4	6	9	0.4718599403364968	0.31851339545848456	0.9904306220095693	8328.0	124.0	370.0	10.0	2.0	758.0	8.0	5.0	215.0	139.0	6.0	27.0	3.0	5.0	0.0
4	9	6	-48.36564388449092	1.0	0.5024271844660194	8328.0	370.0	124.0	10.0	2.0	758.0	215.0	27.0	8.0	139.0	3.0	5.0	6.0	5.0	0.0
6	4	9	-0.4673009070965305	0.6798576800028695	1.0098522167487685	8328.0	124.0	758.0	8.0	5.0	370.0	10.0	2.0	215.0	139.0	6.0	27.0	5.0	3.0	0.0
4	7	8	0.8569241690284262	0.19574335295735767	0.9777777777777777	8395.0	122.0	303.0	13.0	1.0	790.0	9.0	3.0	185.0	139.0	4.0	26.0	3.0	7.0	0.0
4	8	7	-36.84773926822234	1.0	0.5057471264367817	8395.0	303.0	122.0	13.0	1.0	790.0	185.0	26.0	9.0	139.0	3.0	3.0	4.0	7.0	0.0
7	4	8	-0.8374486197323255	0.7988298271905548	1.0238095238095237	8395.0	122.0	790.0	9.0	3.0	303.0	13.0	1.0	185.0	139.0	4.0	26.0	7.0	3.0	0.0
4	7	9	0.24243759905914147	0.4042206031408868	0.9942857142857143	8392.0	125.0	306.0	9.0	2.0	789.0	8.0	5.0	182.0	140.0	6.0	29.0	2.0	5.0	0.0
4	9	7	-41.9417046372315	1.0	0.5014409221902018	8392.0	306.0	125.0	9.0	2.0	789.0	182.0	29.0	8.0	140.0	2.0	5.0	6.0	5.0	0.0
7	4	9	-0.24104427952431884	0.5952395502183854	1.005813953488372	8392.0	125.0	789.0	8.0	5.0	306.0	9.0	2.0	182.0	140.0	6.0	29.0	5.0	2.0	0.0
4	8	9	0.0	0.49999999949999996	nan	8576.0	122.0	122.0	12.0	2.0	981.0	12.0	8.0	13.0	137.0	1.0	6.0	1.0	7.0	0.0
4	9	8	-0.20370021093167776	0.5807060837632365	0.5	8576.0	122.0	122.0	12.0	2.0	981.0	13.0	6.0	12.0	137.0	1.0	8.0	1.0	7.0	0.0
8	4	9	0.0	0.49999999949999996	nan	8576.0	122.0	981.0	12.0	8.0	122.0	12.0	2.0	13.0	137.0	1.0	6.0	7.0	1.0	0.0
5	6	7	-0.1715581788966093	0.5681075541526944	1.025	8172.0	304.0	352.0	16.0	4.0	720.0	17.0	10.0	58.0	305.0	5.0	17.0	5.0	15.0	0.0
5	7	6	-7.205443513657587	0.9999999999997087	0.4939759036144578	8172.0	352.0	304.0	16.0	4.0	720.0	58.0	17.0	17.0	305.0	5.0	10.0	5.0	15.0	0.0
6	5	7	0.1757425247233559	0.4302481179355335	0.9767441860465116	8172.0	304.0	720.0	17.0	10.0	352.0	16.0	4.0	58.0	305.0	5.0	17.0	15.0	5.0	0.0
5	6	8	1.6008062875935603	0.05470991463802366	0.9732142857142857	8349.0	127.0	361.0	10.0	1.0	741.0	4.0	2.0	222.0	142.0	4.0	26.0	4.0	7.0	0.0
5	8	6	-56.56182216163916	1.0	0.5069767441860465	8349.0	361.0	127.0	10.0	1.0	741.0	222.0	26.0	4.0	142.0	4.0	2.0	4.0	7.0	0.0
6	5	8	-1.5567473989441962	0.9402347520181689	1.029126213592233	8349.0	127.0	741.0	4.0	2.0	361.0	10.0	1.0	222.0	142.0	4.0	26.0	7.0	4.0	0.0
5	6	9	-1.4582635803374213	0.9276160065547037	1.0297029702970297	8357.0	119.0	365.0	5.0	2.0	729.0	11.0	7.0	219.0	143.0	6.0	28.0	3.0	6.0	0.0
5	9	6	-52.011401032034684	1.0	0.4928909952606635	8357.0	365.0	119.0	5.0	2.0	729.0	219.0	28.0	11.0	143.0	3.0	7.0	6.0	6.0	0.0
6	5	9	1.5003288759240778	0.0667646461689525	0.9727272727272728	8357.0	119.0	729.0	11.0	7.0	365.0	5.0	2.0	219.0	143.0	6.0	28.0	6.0	3.0	0.0
5	7	8	1.002441440338998	0.15806522883556673	0.9777777777777777	8397.0	127.0	313.0	10.0	1.0	788.0	6.0	1.0	182.0	141.0	4.0	19.0	3.0	8.0	0.0
5	8	7	-43.104981934576976	1.0	0.5057471264367817	8397.0	313.0	127.0	10.0	1.0	788.0	182.0	19.0	6.0	141.0	3.0	1.0	4.0	8.0	0.0
7	5	8	-0.9796586803312937	0.83637268370376	1.0238095238095237	8397.0	127.0	788.0	6.0	1.0	313.0	10.0	1.0	182.0	141.0	4.0	19.0	8.0	3.0	0.0
5	7	9	-1.5444527489225346	0.9387606385641376	1.0440251572327044	8406.0	118.0	316.0	6.0	2.0	775.0	13.0	7.0	179.0	142.0	6.0	22.0	2.0	6.0	0.0
5	9	7	-38.1700465090855	1.0	0.4896755162241888	8406.0	316.0	118.0	6.0	2.0	775.0	179.0	22.0	13.0	142.0	2.0	7.0	6.0	6.0	0.0
7	5	9	1.6095802744795087	0.053744755355971896	0.9611111111111111	8406.0	118.0	775.0	13.0	7.0	316.0	6.0	2.0	179.0	142.0	6.0	22.0	6.0	2.0	0.0
5	8	9	-1.7800665607485469	0.9624675142710291	0.4666666666666667	8594.0	116.0	128.0	8.0	2.0	963.0	16.0	10.0	9.0	140.0	1.0	4.0	1.0	8.0	0.0
5	9	8	-0.22250832009356847	0.588040861108977	1.1666666666666667	8594.0	128.0	116.0	8.0	2.0	963.0	9.0	4.0	16.0	140.0	1.0	10.0	1.0	8.0	0.0
8	5	9	0.2542952229640782	0.3996338018531056	0.1111111111111111	8594.0	116.0	963.0	16.0	10.0	128.0	8.0	2.0	9.0	140.0	1.0	4.0	8.0	1.0	0.0
6	7	8	-0.33034810060333397	0.6294314558696757	1.0057142857142858	8764.0	128.0	326.0	4.0	1.0	421.0	5.0	1.0	181.0	151.0	4.0	7.0	3.0	4.0	0.0
6	8	7	-58.471613806790195	1.0	0.4985835694050991	8764.0	326.0	128.0	4.0	1.0	421.0	181.0	7.0	5.0	151.0	3.0	1.0	4.0	4.0	0.0
7	6	8	0.33222507844767113	0.36985972212990603	0.9943820224719101	8764.0	128.0	421.0	5.0	1.0	326.0	4.0	1.0	181.0	151.0	4.0	7.0	4.0	3.0	0.0
6	7	9	-0.37394273070351397	0.6457764789607082	1.0056497175141244	8760.0	132.0	326.0	3.0	2.0	421.0	4.0	2.0	182.0	148.0	6.0	9.0	2.0	3.0	0.0
6	9	7	-66.93574879592893	1.0	0.49859943977591037	8760.0	326.0	132.0	3.0	2.0	421.0	182.0	9.0	4.0	148.0	2.0	2.0	6.0	3.0	0.0
7	6	9	0.37604353256139894	0.35344232460165037	0.9944444444444445	8760.0	132.0	421.0	4.0	2.0	326.0	3.0	2.0	182.0	148.0	6.0	9.0	3.0	2.0	0.0
6	8	9	-0.43857118198708844	0.6695138276931285	1.6666666666666667	8960.0	130.0	126.0	5.0	2.0	597.0	7.0	5.0	12.0	146.0	1.0	3.0	1.0	5.0	0.0
6	9	8	-1.5349991369548097	0.9376079605530878	0.41666666666666663	8960.0	126.0	130.0	5.0	2.0	597.0	12.0	3.0	7.0	146.0	1.0	5.0	1.0	5.0	0.0
8	6	9	0.6139996547819238	0.26960772492464646	0.7777777777777778	8960.0	130.0	597.0	7.0	5.0	126.0	5.0	2.0	12.0	146.0	1.0	3.0	5.0	1.0	0.0
7	8	9	-0.24482170007697093	0.5967027019212894	1.25	9055.0	130.0	126.0	6.0	2.0	502.0	7.0	5.0	12.0	146.0	1.0	3.0	1.0	4.0	0.0
7	9	8	-1.4689302004618254	0.9290741005820289	0.45454545454545453	9055.0	126.0	130.0	6.0	2.0	502.0	12.0	3.0	7.0	146.0	1.0	5.0	1.0	4.0	0.0
8	7	9	0.2937860400923652	0.3844607690659555	0.8571428571428571	9055.0	130.0	502.0	7.0	5.0	126.0	6.0	2.0	12.0	146.0	1.0	3.0	4.0	1.0	0.0
