P1	Hybrid	P2	Zscore	Pvalue	Gamma	AAAA	AAAB	AABA	AABB	AABC	ABAA	ABAB	ABAC	ABBA	BAAA	ABBC	CABC	BACA	BCAA	ABCD
1	2	3	-1.1185494265175522	0.8683337461031143	2.230769230769231	7340.0	450.0	546.0	41.0	22.0	855.0	57.0	31.0	86.0	467.0	18.0	43.0	18.0	24.0	2.0
1	3	2	-3.1459202620806157	0.9991721077494115	0.39189189189189194	7340.0	546.0	450.0	41.0	22.0	855.0	86.0	43.0	57.0	467.0	18.0	31.0	18.0	24.0	2.0
2	1	3	1.7356801445962016	0.041310164581732756	0.7377049180327869	7340.0	450.0	855.0	57.0	31.0	546.0	41.0	22.0	86.0	467.0	18.0	43.0	24.0	18.0	2.0
1	2	4	-0.7887664901620369	0.784875813146342	1.1454545454545455	7366.0	424.0	554.0	40.0	15.0	868.0	48.0	27.0	111.0	449.0	11.0	46.0	17.0	22.0	2.0
1	4	2	-7.000302600188081	0.9999999999987146	0.47014925373134325	7366.0	554.0	424.0	40.0	15.0	868.0	111.0	46.0	48.0	449.0	17.0	27.0	11.0	22.0	2.0
2	1	4	0.8889273143095971	0.1870210390686885	0.8987341772151899	7366.0	424.0	868.0	48.0	27.0	554.0	40.0	15.0	111.0	449.0	11.0	46.0	22.0	17.0	2.0
1	2	5	0.0	0.49999999949999996	nan	7436.0	354.0	564.0	31.0	14.0	889.0	31.0	23.0	223.0	334.0	14.0	54.0	10.0	22.0	1.0
1	5	2	-24.36438360406019	1.0	0.5	7436.0	564.0	354.0	31.0	14.0	889.0	223.0	54.0	31.0	334.0	10.0	23.0	14.0	22.0	1.0
2	1	5	0.0	0.49999999949999996	nan	7436.0	354.0	889.0	31.0	23.0	564.0	31.0	14.0	223.0	334.0	14.0	54.0	22.0	10.0	1.0
1	2	6	-1.5130507793458672	0.9348665936575111	1.0591133004926108	7460.0	330.0	575.0	23.0	11.0	890.0	35.0	18.0	250.0	308.0	13.0	54.0	13.0	18.0	2.0
1	6	2	-28.62187724262598	1.0	0.48642533936651583	7460.0	575.0	330.0	23.0	11.0	890.0	250.0	54.0	35.0	308.0	13.0	18.0	13.0	18.0	2.0
2	1	6	1.5975001251698224	0.05507713527039537	0.9497907949790795	7460.0	330.0	890.0	35.0	18.0	575.0	23.0	11.0	250.0	308.0	13.0	54.0	18.0	13.0	2.0
1	2	7	-1.00179105237958	0.8417777296128867	1.0283400809716599	7496.0	294.0	579.0	20.0	10.0	902.0	27.0	14.0	281.0	281.0	9.0	58.0	8.0	20.0	1.0
1	7	2	-37.352494953010094	1.0	0.49320388349514566	7496.0	579.0	294.0	20.0	10.0	902.0	281.0	58.0	27.0	281.0	8.0	14.0	9.0	20.0	1.0
2	1	7	1.0293994672089386	0.15164602069411426	0.9738805970149254	7496.0	294.0	902.0	27.0	14.0	579.0	20.0	10.0	281.0	281.0	9.0	58.0	20.0	8.0	1.0
1	2	8	-0.9811257446749484	0.8367346293519241	1.028688524590164	7516.0	274.0	578.0	21.0	10.0	898.0	28.0	17.0	279.0	281.0	11.0	58.0	9.0	19.0	1.0
1	8	2	-36.16149173230526	1.0	0.4931237721021611	7516.0	578.0	274.0	21.0	10.0	898.0	279.0	58.0	28.0	281.0	9.0	17.0	11.0	19.0	1.0
2	1	8	1.0084878172356044	0.15661017985780412	0.9735849056603774	7516.0	274.0	898.0	28.0	17.0	578.0	21.0	10.0	279.0	281.0	11.0	58.0	19.0	9.0	1.0
1	2	9	-0.6803930465401002	0.7518722559303808	1.010989010989011	7614.0	176.0	587.0	15.0	7.0	909.0	19.0	15.0	387.0	175.0	9.0	73.0	7.0	7.0	0.0
1	9	2	-63.27655332822921	1.0	0.4972972972972973	7614.0	587.0	176.0	15.0	7.0	909.0	387.0	73.0	19.0	175.0	7.0	15.0	9.0	7.0	0.0
2	1	9	0.6877886231329273	0.24579288271383704	0.9893617021276596	7614.0	176.0	909.0	19.0	15.0	587.0	15.0	7.0	387.0	175.0	9.0	73.0	7.0	7.0	0.0
1	3	4	-1.1524045827577025	0.8754225135312802	1.5	7453.0	433.0	467.0	34.0	12.0	909.0	47.0	28.0	86.0	447.0	9.0	30.0	20.0	25.0	0.0
1	4	3	-4.609618331030808	0.9999979808425365	0.42857142857142855	7453.0	467.0	433.0	34.0	12.0	909.0	86.0	30.0	47.0	447.0	20.0	28.0	9.0	25.0	0.0
3	1	4	1.5365394436769368	0.06220308475926695	0.8	7453.0	433.0	909.0	47.0	28.0	467.0	34.0	12.0	86.0	447.0	9.0	30.0	25.0	20.0	0.0
1	3	5	-0.9845330595698859	0.8375732537038756	1.0506329113924051	7526.0	360.0	474.0	27.0	12.0	929.0	35.0	20.0	201.0	327.0	14.0	36.0	13.0	24.0	2.0
1	5	3	-21.41359404564502	1.0	0.488235294117647	7526.0	474.0	360.0	27.0	12.0	929.0	201.0	36.0	35.0	327.0	13.0	20.0	14.0	24.0	2.0
3	1	5	1.0319804359346996	0.15104066323850174	0.9560439560439561	7526.0	360.0	929.0	35.0	20.0	474.0	27.0	12.0	201.0	327.0	14.0	36.0	24.0	13.0	2.0
1	3	6	-1.807135339941125	0.9646294637906716	1.0872093023255813	7557.0	329.0	478.0	23.0	12.0	928.0	38.0	18.0	225.0	305.0	12.0	41.0	13.0	19.0	2.0
1	6	3	-24.3360892445405	1.0	0.48071979434447304	7557.0	478.0	329.0	23.0	12.0	928.0	225.0	41.0	38.0	305.0	13.0	18.0	12.0	19.0	2.0
3	1	6	1.9520927201503062	0.025463529851036837	0.9308755760368663	7557.0	329.0	928.0	38.0	18.0	478.0	23.0	12.0	225.0	305.0	12.0	41.0	19.0	13.0	2.0
1	3	7	-1.0629165667790204	0.8560900725457655	1.0365296803652968	7598.0	288.0	477.0	23.0	13.0	938.0	31.0	15.0	258.0	274.0	10.0	45.0	11.0	19.0	0.0
1	7	3	-31.223174149133705	1.0	0.4913419913419913	7598.0	477.0	288.0	23.0	13.0	938.0	258.0	45.0	31.0	274.0	11.0	15.0	10.0	19.0	0.0
3	1	7	1.1003761814672677	0.13558417032396064	0.9670781893004116	7598.0	288.0	938.0	31.0	15.0	477.0	23.0	13.0	258.0	274.0	10.0	45.0	19.0	11.0	0.0
1	3	8	-1.7411348528714974	0.9591700681268811	1.0610328638497653	7613.0	273.0	481.0	19.0	13.0	932.0	32.0	20.0	258.0	274.0	10.0	45.0	12.0	18.0	0.0
1	8	3	-32.01009460279138	1.0	0.4860215053763441	7613.0	481.0	273.0	19.0	13.0	932.0	258.0	45.0	32.0	274.0	12.0	20.0	10.0	18.0	0.0
3	1	8	1.8412886275941942	0.03278957753603695	0.9484126984126984	7613.0	273.0	932.0	32.0	20.0	481.0	19.0	13.0	258.0	274.0	10.0	45.0	18.0	12.0	0.0
1	3	9	-0.7922388762858477	0.7858893594354829	1.0149253731343284	7709.0	177.0	492.0	17.0	4.0	948.0	22.0	14.0	362.0	172.0	8.0	59.0	7.0	9.0	0.0
1	9	3	-54.66448246372351	1.0	0.4963503649635037	7709.0	492.0	177.0	17.0	4.0	948.0	362.0	59.0	22.0	172.0	7.0	14.0	8.0	9.0	0.0
3	1	9	0.8038894479959336	0.21073035320495836	0.9857142857142858	7709.0	177.0	948.0	22.0	14.0	492.0	17.0	4.0	362.0	172.0	8.0	59.0	9.0	7.0	0.0
1	4	5	0.38775291059045763	0.34909950216920527	0.9774436090225563	7566.0	354.0	434.0	32.0	13.0	974.0	29.0	22.0	159.0	342.0	13.0	33.0	4.0	24.0	1.0
1	5	4	-16.414873214996078	1.0	0.5058365758754864	7566.0	434.0	354.0	32.0	13.0	974.0	159.0	33.0	29.0	342.0	4.0	22.0	13.0	24.0	1.0
4	1	5	-0.37880476649990863	0.6475835189522476	1.0241935483870968	7566.0	354.0	974.0	29.0	22.0	434.0	32.0	13.0	159.0	342.0	13.0	33.0	24.0	4.0	1.0
1	4	6	-0.7205453767927765	0.7644054335966204	1.0416666666666667	7594.0	326.0	441.0	30.0	8.0	971.0	36.0	18.0	186.0	316.0	12.0	37.0	4.0	19.0	2.0
1	6	4	-18.734179796612196	1.0	0.49019607843137253	7594.0	441.0	326.0	30.0	8.0	971.0	186.0	37.0	36.0	316.0	4.0	18.0	12.0	19.0	2.0
4	1	6	0.7493671918644875	0.22681789184602197	0.9629629629629629	7594.0	326.0	971.0	36.0	18.0	441.0	30.0	8.0	186.0	316.0	12.0	37.0	19.0	4.0	2.0
1	4	7	0.6806329706498996	0.24805181227358686	0.9747474747474747	7635.0	285.0	440.0	30.0	9.0	985.0	25.0	15.0	218.0	286.0	10.0	38.0	5.0	19.0	0.0
1	7	4	-25.59179969643625	1.0	0.5065616797900263	7635.0	440.0	285.0	30.0	9.0	985.0	218.0	38.0	25.0	286.0	5.0	15.0	10.0	19.0	0.0
4	1	7	-0.6629999921356535	0.746334785222861	1.0273224043715847	7635.0	285.0	985.0	25.0	15.0	440.0	30.0	9.0	218.0	286.0	10.0	38.0	19.0	5.0	0.0
1	4	8	0.6807056716261519	0.24802880613028733	0.9744897959183674	7651.0	269.0	443.0	30.0	6.0	982.0	25.0	18.0	216.0	287.0	11.0	37.0	6.0	19.0	0.0
1	8	4	-25.322250984492886	1.0	0.506631299734748	7651.0	443.0	269.0	30.0	6.0	982.0	216.0	37.0	25.0	287.0	6.0	18.0	11.0	19.0	0.0
4	1	8	-0.6628861514265144	0.746298328881274	1.0276243093922652	7651.0	269.0	982.0	25.0	18.0	443.0	30.0	6.0	216.0	287.0	11.0	37.0	19.0	6.0	0.0
1	4	9	-0.32285720873637025	0.6265982389308039	1.006514657980456	7744.0	176.0	457.0	18.0	4.0	991.0	20.0	14.0	329.0	179.0	6.0	49.0	2.0	10.0	1.0
1	9	4	-50.20429595850558	1.0	0.4983870967741935	7744.0	457.0	176.0	18.0	4.0	991.0	329.0	49.0	20.0	179.0	2.0	14.0	6.0	10.0	1.0
4	1	9	0.3249468994078031	0.372610698933195	0.9936102236421726	7744.0	176.0	991.0	20.0	14.0	457.0	18.0	4.0	329.0	179.0	6.0	49.0	10.0	2.0	1.0
1	5	6	-0.5361953409879431	0.7040882437316345	1.3125	7677.0	323.0	358.0	30.0	11.0	1113.0	35.0	18.0	56.0	312.0	7.0	25.0	9.0	24.0	2.0
1	6	5	-2.788215773137304	0.9973499790974686	0.44680851063829785	7677.0	358.0	323.0	30.0	11.0	1113.0	56.0	25.0	35.0	312.0	9.0	18.0	7.0	24.0	2.0
5	1	6	0.6638608983660248	0.25338960732176696	0.8387096774193549	7677.0	323.0	1113.0	35.0	18.0	358.0	30.0	11.0	56.0	312.0	7.0	25.0	24.0	9.0	2.0
1	5	7	0.0	0.49999999949999996	nan	7714.0	286.0	361.0	28.0	10.0	1120.0	28.0	18.0	90.0	281.0	4.0	31.0	7.0	22.0	0.0
1	7	5	-8.277710982435567	1.0	0.5	7714.0	361.0	286.0	28.0	10.0	1120.0	90.0	31.0	28.0	281.0	7.0	18.0	4.0	22.0	0.0
5	1	7	0.0	0.49999999949999996	nan	7714.0	286.0	1120.0	28.0	18.0	361.0	28.0	10.0	90.0	281.0	4.0	31.0	22.0	7.0	0.0
1	5	8	0.0	0.49999999949999996	nan	7732.0	268.0	362.0	27.0	10.0	1117.0	27.0	22.0	89.0	282.0	4.0	29.0	9.0	21.0	1.0
1	8	5	-8.429330011111752	1.0	0.5	7732.0	362.0	268.0	27.0	10.0	1117.0	89.0	29.0	27.0	282.0	9.0	22.0	4.0	21.0	1.0
5	1	8	0.0	0.49999999949999996	nan	7732.0	268.0	1117.0	27.0	22.0	362.0	27.0	10.0	89.0	282.0	4.0	29.0	21.0	9.0	1.0
1	5	9	0.6222143038084195	0.2669004256262155	0.9772727272727273	7830.0	170.0	371.0	23.0	5.0	1131.0	19.0	16.0	191.0	179.0	5.0	47.0	3.0	10.0	0.0
1	9	5	-26.1330007599536	1.0	0.5058823529411764	7830.0	371.0	170.0	23.0	5.0	1131.0	191.0	47.0	19.0	179.0	3.0	16.0	5.0	10.0	0.0
5	1	9	-0.6077442037198516	0.7283214804064743	1.024390243902439	7830.0	170.0	1131.0	19.0	16.0	371.0	23.0	5.0	191.0	179.0	5.0	47.0	10.0	3.0	0.0
1	6	7	0.7182243026284301	0.23630942834064028	0.8888888888888888	7747.0	288.0	328.0	29.0	7.0	1152.0	24.0	18.0	64.0	287.0	5.0	25.0	5.0	18.0	3.0
1	7	6	-5.027570118399011	0.9999997512295413	0.5333333333333333	7747.0	328.0	288.0	29.0	7.0	1152.0	64.0	25.0	24.0	287.0	5.0	18.0	5.0	18.0	3.0
6	1	7	-0.6284462647998763	0.7351442382649283	1.1666666666666667	7747.0	288.0	1152.0	24.0	18.0	328.0	29.0	7.0	64.0	287.0	5.0	25.0	18.0	5.0	3.0
1	6	8	0.7469175908878708	0.2275565852606961	0.8863636363636362	7764.0	271.0	330.0	27.0	7.0	1148.0	22.0	24.0	61.0	290.0	5.0	26.0	6.0	17.0	2.0
1	8	6	-5.079039618037521	0.9999998100025209	0.5342465753424658	7764.0	330.0	271.0	27.0	7.0	1148.0	61.0	26.0	22.0	290.0	6.0	24.0	5.0	17.0	2.0
6	1	8	-0.6511589253894259	0.7425281115765983	1.1724137931034482	7764.0	271.0	1148.0	22.0	24.0	330.0	27.0	7.0	61.0	290.0	5.0	26.0	17.0	6.0	2.0
1	6	9	1.164950551906464	0.12201956411490023	0.95625	7862.0	173.0	339.0	22.0	3.0	1162.0	15.0	17.0	168.0	184.0	4.0	39.0	2.0	9.0	1.0
1	9	6	-24.29754008262055	1.0	0.5117056856187291	7862.0	339.0	173.0	22.0	3.0	1162.0	168.0	39.0	15.0	184.0	2.0	17.0	4.0	9.0	1.0
6	1	9	-1.1116521606427698	0.8668560843899928	1.0503597122302157	7862.0	173.0	1162.0	15.0	17.0	339.0	22.0	3.0	168.0	184.0	4.0	39.0	9.0	2.0	1.0
1	7	8	-99999.9	1.0	-0.0047169811320754715	7993.0	82.0	101.0	220.0	3.0	1224.0	7.0	10.0	6.0	309.0	1.0	5.0	2.0	37.0	0.0
1	8	7	0.2768352898843331	0.3909533554519441	0.0046511627906976735	7993.0	101.0	82.0	220.0	3.0	1224.0	6.0	5.0	7.0	309.0	2.0	10.0	1.0	37.0	0.0
7	1	8	-58.965916745362925	1.0	0.5011709601873537	7993.0	82.0	1224.0	7.0	10.0	101.0	220.0	3.0	6.0	309.0	1.0	5.0	37.0	2.0	0.0
1	7	9	0.47314432960860503	0.31805511910097306	0.9743589743589743	7902.0	173.0	299.0	22.0	3.0	1205.0	19.0	17.0	133.0	179.0	4.0	31.0	3.0	9.0	1.0
1	9	7	-17.506340195518387	1.0	0.5066666666666666	7902.0	299.0	173.0	22.0	3.0	1205.0	133.0	31.0	19.0	179.0	3.0	17.0	4.0	9.0	1.0
7	1	9	-0.46069316303995755	0.6774905998009477	1.0277777777777777	7902.0	173.0	1205.0	19.0	17.0	299.0	22.0	3.0	133.0	179.0	4.0	31.0	9.0	3.0	1.0
1	8	9	0.6567595688350062	0.25566769889016083	0.9663865546218487	7922.0	172.0	279.0	21.0	5.0	1200.0	17.0	18.0	132.0	182.0	4.0	37.0	2.0	9.0	0.0
1	9	8	-18.225078035171432	1.0	0.5088495575221239	7922.0	279.0	172.0	21.0	5.0	1200.0	132.0	37.0	17.0	182.0	2.0	18.0	4.0	9.0	0.0
8	1	9	-0.6339157577450929	0.7369321578809358	1.0373831775700935	7922.0	172.0	1200.0	17.0	18.0	279.0	21.0	5.0	132.0	182.0	4.0	37.0	9.0	2.0	0.0
2	3	4	-0.2235134490613169	0.5884320005192041	1.0769230769230769	7740.0	455.0	494.0	36.0	8.0	622.0	38.0	15.0	66.0	454.0	12.0	23.0	19.0	16.0	2.0
2	4	3	-3.352701735919752	0.9995998106182187	0.4827586206896552	7740.0	494.0	455.0	36.0	8.0	622.0	66.0	23.0	38.0	454.0	19.0	15.0	12.0	16.0	2.0
3	2	4	0.2394786954228395	0.4053672572360625	0.9375	7740.0	455.0	622.0	38.0	15.0	494.0	36.0	8.0	66.0	454.0	12.0	23.0	16.0	19.0	2.0
2	3	5	-0.936511057736544	0.8254949541738472	1.0583941605839415	7831.0	364.0	494.0	30.0	14.0	624.0	38.0	13.0	183.0	336.0	13.0	34.0	13.0	12.0	1.0
2	5	3	-17.91077397921141	1.0	0.48657718120805366	7831.0	494.0	364.0	30.0	14.0	624.0	183.0	34.0	38.0	336.0	13.0	13.0	13.0	12.0	1.0
3	2	5	0.9881806333358016	0.1615321008941113	0.9503105590062112	7831.0	364.0	624.0	38.0	13.0	494.0	30.0	14.0	183.0	336.0	13.0	34.0	12.0	13.0	1.0
2	3	6	0.0	0.49999999949999996	nan	7846.0	349.0	504.0	24.0	10.0	639.0	24.0	12.0	204.0	312.0	16.0	36.0	13.0	11.0	0.0
2	6	3	-25.953741032781252	1.0	0.5	7846.0	504.0	349.0	24.0	10.0	639.0	204.0	36.0	24.0	312.0	13.0	12.0	16.0	11.0	0.0
3	2	6	0.0	0.49999999949999996	nan	7846.0	349.0	639.0	24.0	12.0	504.0	24.0	10.0	204.0	312.0	16.0	36.0	11.0	13.0	0.0
2	3	7	-0.29963957081521364	0.6177738832207151	1.0093896713615023	7892.0	303.0	506.0	21.0	11.0	644.0	23.0	8.0	238.0	285.0	9.0	36.0	13.0	10.0	1.0
2	7	3	-32.51089343345067	1.0	0.4976851851851852	7892.0	506.0	303.0	21.0	11.0	644.0	238.0	36.0	23.0	285.0	13.0	8.0	9.0	10.0	1.0
3	2	7	0.30242691566000635	0.3811633880080849	0.9908675799086758	7892.0	303.0	644.0	23.0	8.0	506.0	21.0	11.0	238.0	285.0	9.0	36.0	10.0	13.0	1.0
2	3	8	-1.0432507960279405	0.8515838974472688	1.0338164251207729	7905.0	290.0	509.0	18.0	11.0	640.0	25.0	10.0	239.0	283.0	10.0	36.0	13.0	10.0	1.0
2	8	3	-32.93691798888211	1.0	0.4919540229885057	7905.0	509.0	290.0	18.0	11.0	640.0	239.0	36.0	25.0	283.0	13.0	10.0	10.0	10.0	1.0
3	2	8	1.0773758220662375	0.14065623801795546	0.9692982456140352	7905.0	290.0	640.0	25.0	10.0	509.0	18.0	11.0	239.0	283.0	10.0	36.0	10.0	13.0	1.0
2	3	9	0.17956723760079052	0.42874617209008337	0.9970149253731343	8005.0	190.0	518.0	16.0	4.0	652.0	15.0	8.0	349.0	175.0	8.0	46.0	7.0	7.0	0.0
2	9	3	-59.795890121063216	1.0	0.5007496251874064	8005.0	518.0	190.0	16.0	4.0	652.0	349.0	46.0	15.0	175.0	7.0	8.0	8.0	7.0	0.0
3	2	9	-0.1790296111409079	0.5710427664518003	1.0030120481927711	8005.0	190.0	652.0	15.0	8.0	518.0	16.0	4.0	349.0	175.0	8.0	46.0	7.0	7.0	0.0
2	4	5	0.7645887157987727	0.22225817907118273	0.9512195121951219	7873.0	361.0	452.0	35.0	12.0	667.0	29.0	15.0	146.0	352.0	13.0	28.0	6.0	11.0	0.0
2	5	4	-14.144891242277307	1.0	0.513157894736842	7873.0	452.0	361.0	35.0	12.0	667.0	146.0	28.0	29.0	352.0	6.0	15.0	13.0	11.0	0.0
4	2	5	-0.7253790380655023	0.7658903047213915	1.0571428571428572	7873.0	361.0	667.0	29.0	15.0	452.0	35.0	12.0	146.0	352.0	13.0	28.0	11.0	6.0	0.0
2	4	6	1.2820992630986676	0.09990398230506503	0.94375	7888.0	346.0	462.0	30.0	7.0	677.0	21.0	13.0	172.0	324.0	15.0	30.0	4.0	11.0	0.0
2	6	4	-20.228677262223428	1.0	0.5153583617747439	7888.0	462.0	346.0	30.0	7.0	677.0	172.0	30.0	21.0	324.0	4.0	13.0	15.0	11.0	0.0
4	2	6	-1.2056827507285484	0.8860300153037225	1.0676691729323309	7888.0	346.0	677.0	21.0	13.0	462.0	30.0	7.0	172.0	324.0	15.0	30.0	11.0	4.0	0.0
2	4	7	1.5614464986370982	0.05920923039245052	0.9494949494949495	7935.0	299.0	463.0	26.0	10.0	685.0	16.0	10.0	204.0	299.0	8.0	29.0	6.0	10.0	0.0
2	7	4	-27.793747675740363	1.0	0.5136612021857924	7935.0	463.0	299.0	26.0	10.0	685.0	204.0	29.0	16.0	299.0	6.0	10.0	8.0	10.0	0.0
4	2	7	-1.4783908338159761	0.9303483655420286	1.0595238095238095	7935.0	299.0	685.0	16.0	10.0	463.0	26.0	10.0	204.0	299.0	8.0	29.0	10.0	6.0	0.0
2	4	8	1.6264316410129254	0.0519289237836873	0.9441624365482234	7951.0	283.0	463.0	29.0	7.0	682.0	18.0	11.0	204.0	297.0	10.0	29.0	6.0	10.0	0.0
2	8	4	-25.87504883429654	1.0	0.5152354570637119	7951.0	463.0	283.0	29.0	7.0	682.0	204.0	29.0	18.0	297.0	6.0	11.0	10.0	10.0	0.0
4	2	8	-1.5302448235336659	0.9370219090515176	1.0670731707317074	7951.0	283.0	682.0	18.0	11.0	463.0	29.0	7.0	204.0	297.0	10.0	29.0	10.0	6.0	0.0
2	4	9	1.0027779217263906	0.15798402279633295	0.9841269841269841	8043.0	191.0	480.0	15.0	4.0	692.0	10.0	9.0	320.0	185.0	6.0	35.0	2.0	7.0	1.0
2	9	4	-61.16945322530978	1.0	0.5040650406504066	8043.0	480.0	191.0	15.0	4.0	692.0	320.0	35.0	10.0	185.0	2.0	9.0	6.0	7.0	1.0
4	2	9	-0.9866040842791908	0.8380816117165676	1.0166666666666666	8043.0	191.0	692.0	10.0	9.0	480.0	15.0	4.0	320.0	185.0	6.0	35.0	7.0	2.0	1.0
2	5	6	1.8369800255873072	0.03310636356197172	0.7346938775510204	7985.0	340.0	365.0	34.0	9.0	805.0	21.0	15.0	57.0	319.0	11.0	17.0	9.0	13.0	0.0
2	6	5	-3.250041583731392	0.9994229978531931	0.6101694915254238	7985.0	365.0	340.0	34.0	9.0	805.0	57.0	17.0	21.0	319.0	9.0	15.0	11.0	13.0	0.0
5	2	6	-1.1736261274585578	0.8797275333400632	2.3000000000000003	7985.0	340.0	805.0	21.0	15.0	365.0	34.0	9.0	57.0	319.0	11.0	17.0	13.0	9.0	0.0
2	5	7	0.8737199368478251	0.1911353567415186	0.9210526315789473	8026.0	299.0	372.0	28.0	8.0	808.0	22.0	11.0	92.0	291.0	4.0	18.0	8.0	12.0	1.0
2	7	5	-9.319679326376798	1.0	0.5223880597014925	8026.0	372.0	299.0	28.0	8.0	808.0	92.0	18.0	22.0	291.0	8.0	11.0	4.0	12.0	1.0
5	2	7	-0.798829656546583	0.7878054643634735	1.103448275862069	8026.0	299.0	808.0	22.0	11.0	372.0	28.0	8.0	92.0	291.0	4.0	18.0	12.0	8.0	1.0
2	5	8	0.8737199368478251	0.1911353567415186	0.9210526315789473	8043.0	282.0	371.0	28.0	9.0	806.0	22.0	13.0	92.0	290.0	5.0	17.0	9.0	12.0	1.0
2	8	5	-9.319679326376798	1.0	0.5223880597014925	8043.0	371.0	282.0	28.0	9.0	806.0	92.0	17.0	22.0	290.0	9.0	13.0	5.0	12.0	1.0
5	2	8	-0.798829656546583	0.7878054643634735	1.103448275862069	8043.0	282.0	806.0	22.0	13.0	371.0	28.0	9.0	92.0	290.0	5.0	17.0	12.0	9.0	1.0
2	5	9	1.7296830976632662	0.041843418048494785	0.95	8140.0	185.0	383.0	22.0	3.0	821.0	12.0	8.0	202.0	180.0	5.0	24.0	5.0	10.0	0.0
2	9	5	-31.13429575793878	1.0	0.5135135135135136	8140.0	383.0	185.0	22.0	3.0	821.0	202.0	24.0	12.0	180.0	5.0	8.0	5.0	10.0	0.0
5	2	9	-1.6386471451546734	0.9493566282159067	1.0588235294117647	8140.0	185.0	821.0	12.0	8.0	383.0	22.0	3.0	202.0	180.0	5.0	24.0	10.0	5.0	0.0
2	6	7	1.5235077129677592	0.06381588911514968	0.7674418604651163	8051.0	299.0	347.0	29.0	7.0	848.0	19.0	12.0	52.0	293.0	4.0	18.0	9.0	12.0	0.0
2	7	6	-3.504067739825846	0.9997708515987742	0.5892857142857142	8051.0	347.0	299.0	29.0	7.0	848.0	52.0	18.0	19.0	293.0	9.0	12.0	4.0	12.0	0.0
6	2	7	-1.0618387090381354	0.8558455108392937	1.7692307692307694	8051.0	299.0	848.0	19.0	12.0	347.0	29.0	7.0	52.0	293.0	4.0	18.0	12.0	9.0	0.0
2	6	8	1.5528785185491456	0.06022609386622024	0.7619047619047619	8065.0	285.0	349.0	28.0	6.0	847.0	18.0	14.0	50.0	294.0	5.0	18.0	9.0	12.0	0.0
2	8	6	-3.4163327408081194	0.9996825963969667	0.5925925925925926	8065.0	349.0	285.0	28.0	6.0	847.0	50.0	18.0	18.0	294.0	9.0	14.0	5.0	12.0	0.0
6	2	8	-1.0676039815025375	0.8571503722430869	1.8333333333333333	8065.0	285.0	847.0	18.0	14.0	349.0	28.0	6.0	50.0	294.0	5.0	18.0	12.0	9.0	0.0
2	6	9	2.13518388315563	0.01637293827077302	0.926829268292683	8165.0	185.0	358.0	22.0	3.0	859.0	10.0	10.0	162.0	184.0	3.0	26.0	3.0	9.0	1.0
2	9	6	-24.910478636815682	1.0	0.5205479452054795	8165.0	358.0	185.0	22.0	3.0	859.0	162.0	26.0	10.0	184.0	3.0	10.0	3.0	9.0	1.0
6	2	9	-1.966616734485449	0.975386362788563	1.09375	8165.0	185.0	859.0	10.0	10.0	358.0	22.0	3.0	162.0	184.0	3.0	26.0	9.0	3.0	1.0
2	7	8	-99999.9	1.0	-0.004524886877828054	8312.0	86.0	102.0	230.0	3.0	905.0	8.0	5.0	7.0	312.0	2.0	3.0	1.0	24.0	0.0
2	8	7	0.25784211856203393	0.39826443688427127	0.004464285714285714	8312.0	102.0	86.0	230.0	3.0	905.0	7.0	3.0	8.0	312.0	1.0	5.0	2.0	24.0	0.0
7	2	8	-57.24095032077149	1.0	0.5011235955056179	8312.0	86.0	905.0	8.0	5.0	102.0	230.0	3.0	7.0	312.0	2.0	3.0	24.0	1.0	0.0
2	7	9	1.2006631870092315	0.1149410046834537	0.9461538461538461	8213.0	185.0	310.0	21.0	4.0	894.0	14.0	10.0	137.0	180.0	4.0	16.0	3.0	9.0	0.0
2	9	7	-19.896704241867262	1.0	0.5146443514644351	8213.0	310.0	185.0	21.0	4.0	894.0	137.0	16.0	14.0	180.0	3.0	10.0	4.0	9.0	0.0
7	2	9	-1.1323327617322834	0.8712526665913362	1.0642201834862386	8213.0	185.0	894.0	14.0	10.0	310.0	21.0	4.0	137.0	180.0	4.0	16.0	9.0	3.0	0.0
2	8	9	1.4334272898449913	0.07586792932850184	0.9384615384615385	8229.0	185.0	294.0	20.0	5.0	893.0	12.0	10.0	134.0	183.0	4.0	20.0	2.0	9.0	0.0
2	9	8	-20.426338880291127	1.0	0.5169491525423728	8229.0	294.0	185.0	20.0	5.0	893.0	134.0	20.0	12.0	183.0	2.0	10.0	4.0	9.0	0.0
8	2	9	-1.3394320577240084	0.9097849061682544	1.0754716981132075	8229.0	185.0	893.0	12.0	10.0	294.0	20.0	5.0	134.0	183.0	4.0	20.0	9.0	2.0	0.0
3	4	5	1.7942614942955626	0.036385669262736675	0.9044117647058824	7994.0	368.0	461.0	34.0	13.0	546.0	21.0	16.0	144.0	351.0	11.0	21.0	6.0	13.0	1.0
3	5	4	-15.182212644039382	1.0	0.5278969957081545	7994.0	461.0	368.0	34.0	13.0	546.0	144.0	21.0	21.0	351.0	6.0	16.0	11.0	13.0	1.0
4	3	5	-1.6046241005895276	0.9457117246619403	1.134020618556701	7994.0	368.0	546.0	21.0	16.0	461.0	34.0	13.0	144.0	351.0	11.0	21.0	13.0	6.0	1.0
3	4	6	1.3629488048584648	0.0864493840481535	0.9433962264150944	8011.0	351.0	474.0	27.0	7.0	554.0	18.0	11.0	168.0	324.0	14.0	22.0	5.0	14.0	0.0
3	6	4	-21.352864609449266	1.0	0.5154639175257731	8011.0	474.0	351.0	27.0	7.0	554.0	168.0	22.0	18.0	324.0	5.0	11.0	14.0	14.0	0.0
4	3	6	-1.2811718765669569	0.8999332803990429	1.0681818181818181	8011.0	351.0	554.0	18.0	11.0	474.0	27.0	7.0	168.0	324.0	14.0	22.0	14.0	5.0	0.0
3	4	7	1.5266064548693472	0.06342947242584474	0.949238578680203	8066.0	296.0	470.0	27.0	11.0	554.0	17.0	12.0	204.0	294.0	8.0	22.0	5.0	14.0	0.0
3	7	4	-27.02093425118744	1.0	0.5137362637362637	8066.0	470.0	296.0	27.0	11.0	554.0	204.0	22.0	17.0	294.0	5.0	12.0	8.0	14.0	0.0
4	3	7	-1.4449697460528046	0.9257667636633924	1.0598802395209581	8066.0	296.0	554.0	17.0	12.0	470.0	27.0	11.0	204.0	294.0	8.0	22.0	14.0	5.0	0.0
3	4	8	2.6077786856538836	0.004556627998497209	0.9182692307692307	8076.0	286.0	469.0	30.0	9.0	557.0	13.0	13.0	204.0	293.0	9.0	23.0	5.0	13.0	0.0
3	8	4	-26.691381841398567	1.0	0.5232876712328768	8076.0	469.0	286.0	30.0	9.0	557.0	204.0	23.0	13.0	293.0	5.0	13.0	9.0	13.0	0.0
4	3	8	-2.3756727293391404	0.9912415162855204	1.10828025477707	8076.0	286.0	557.0	13.0	13.0	469.0	30.0	9.0	204.0	293.0	9.0	23.0	13.0	5.0	0.0
3	4	9	0.37835263868523594	0.35258438067865494	0.9934640522875817	8169.0	193.0	488.0	15.0	5.0	566.0	13.0	4.0	317.0	183.0	6.0	30.0	2.0	9.0	0.0
3	9	4	-57.131248441470774	1.0	0.5016501650165017	8169.0	488.0	193.0	15.0	5.0	566.0	317.0	30.0	13.0	183.0	2.0	4.0	6.0	9.0	0.0
4	3	9	-0.3758634765886225	0.6464907445757846	1.0066666666666666	8169.0	193.0	566.0	13.0	4.0	488.0	15.0	5.0	317.0	183.0	6.0	30.0	9.0	2.0	0.0
3	5	6	2.1208469930363876	0.016967280275562713	0.6666666666666666	8108.0	347.0	377.0	29.0	9.0	682.0	15.0	14.0	43.0	324.0	11.0	19.0	8.0	13.0	1.0
3	6	5	-2.120846993036387	0.9830327197244373	0.6666666666666666	8108.0	377.0	347.0	29.0	9.0	682.0	43.0	19.0	15.0	324.0	8.0	14.0	11.0	13.0	1.0
5	3	6	-1.0604234965181938	0.8555239793827424	-inf	8108.0	347.0	682.0	15.0	14.0	377.0	29.0	9.0	43.0	324.0	11.0	19.0	13.0	8.0	1.0
3	5	7	1.5919255826659964	0.05570071534721355	0.8666666666666667	8156.0	299.0	380.0	26.0	9.0	678.0	16.0	17.0	81.0	293.0	4.0	21.0	7.0	12.0	1.0
3	7	5	-8.75559070466298	1.0	0.5416666666666667	8156.0	380.0	299.0	26.0	9.0	678.0	81.0	21.0	16.0	293.0	7.0	17.0	4.0	12.0	1.0
5	3	7	-1.3470139545635353	0.9110120673911775	1.2222222222222223	8156.0	299.0	678.0	16.0	17.0	380.0	26.0	9.0	81.0	293.0	4.0	21.0	12.0	7.0	1.0
3	5	8	2.479648209542634	0.006575613648936107	0.8235294117647058	8166.0	289.0	379.0	26.0	10.0	683.0	11.0	17.0	81.0	292.0	5.0	20.0	8.0	12.0	1.0
3	8	5	-9.09204343498966	1.0	0.56	8166.0	379.0	289.0	26.0	10.0	683.0	81.0	20.0	11.0	292.0	8.0	17.0	5.0	12.0	1.0
5	3	8	-1.948295021783498	0.9743102324808439	1.375	8166.0	289.0	683.0	11.0	17.0	379.0	26.0	10.0	81.0	292.0	5.0	20.0	12.0	8.0	1.0
3	5	9	1.3122242723791533	0.09472230424876926	0.956989247311828	8269.0	186.0	388.0	23.0	4.0	692.0	15.0	4.0	193.0	180.0	5.0	28.0	3.0	9.0	1.0
3	9	5	-27.884765788057	1.0	0.5114942528735633	8269.0	388.0	186.0	23.0	4.0	692.0	193.0	28.0	15.0	180.0	3.0	4.0	5.0	9.0	1.0
5	3	9	-1.253247900586832	0.8949421801555084	1.0493827160493827	8269.0	186.0	692.0	15.0	4.0	388.0	23.0	4.0	193.0	180.0	5.0	28.0	9.0	3.0	1.0
3	6	7	2.073402231690763	0.01906736563737499	0.7346938775510204	8184.0	301.0	352.0	27.0	6.0	715.0	14.0	15.0	50.0	293.0	4.0	15.0	9.0	14.0	1.0
3	7	6	-3.668327025299043	0.9998778961317745	0.6101694915254238	8184.0	352.0	301.0	27.0	6.0	715.0	50.0	15.0	14.0	293.0	9.0	15.0	4.0	14.0	1.0
6	3	7	-1.324673648024654	0.9073602255318216	2.3000000000000003	8184.0	301.0	715.0	14.0	15.0	352.0	27.0	6.0	50.0	293.0	4.0	15.0	14.0	9.0	1.0
3	6	8	2.9117504588683034	0.0017971155932142713	0.6896551724137931	8191.0	294.0	354.0	26.0	5.0	721.0	8.0	15.0	48.0	294.0	5.0	15.0	9.0	14.0	1.0
3	8	6	-3.5588061163945928	0.9998136877472145	0.6451612903225806	8191.0	354.0	294.0	26.0	5.0	721.0	48.0	15.0	8.0	294.0	9.0	15.0	5.0	14.0	1.0
6	3	8	-1.6014627523775669	0.9453627690821078	5.499999999999998	8191.0	294.0	721.0	8.0	15.0	354.0	26.0	5.0	48.0	294.0	5.0	15.0	14.0	9.0	1.0
3	6	9	1.7849328505924213	0.03713605529200137	0.9371069182389937	8296.0	189.0	361.0	21.0	3.0	728.0	11.0	5.0	160.0	184.0	3.0	25.0	3.0	10.0	1.0
3	9	6	-24.810566623234642	1.0	0.5173611111111112	8296.0	361.0	189.0	21.0	3.0	728.0	160.0	25.0	11.0	184.0	3.0	5.0	3.0	10.0	1.0
6	3	9	-1.6651386995459503	0.9520574760649031	1.0775193798449612	8296.0	189.0	728.0	11.0	5.0	361.0	21.0	3.0	160.0	184.0	3.0	25.0	10.0	3.0	1.0
3	7	8	0.8317965884867479	0.20276183295349237	0.013043478260869565	8445.0	91.0	100.0	232.0	2.0	772.0	5.0	3.0	8.0	305.0	3.0	4.0	1.0	29.0	0.0
3	8	7	-99999.9	1.0	-0.013574660633484162	8445.0	100.0	91.0	232.0	2.0	772.0	8.0	4.0	5.0	305.0	1.0	3.0	3.0	29.0	0.0
7	3	8	-62.10747860701053	1.0	0.4966740576496674	8445.0	91.0	772.0	5.0	3.0	100.0	232.0	2.0	8.0	305.0	3.0	4.0	29.0	1.0	0.0
3	7	9	0.8816252877210642	0.18898970183414265	0.9590163934426229	8346.0	190.0	311.0	19.0	4.0	761.0	14.0	5.0	131.0	181.0	4.0	21.0	3.0	10.0	0.0
3	9	7	-19.748406444951858	1.0	0.5109170305676856	8346.0	311.0	190.0	19.0	4.0	761.0	131.0	21.0	14.0	181.0	3.0	5.0	4.0	10.0	0.0
7	3	9	-0.8439489933740103	0.8006510939884137	1.0467289719626167	8346.0	190.0	761.0	14.0	5.0	311.0	19.0	4.0	131.0	181.0	4.0	21.0	10.0	3.0	0.0
3	8	9	1.0760748246228886	0.14094693396433466	0.9487179487179487	8356.0	189.0	301.0	19.0	5.0	766.0	13.0	5.0	124.0	183.0	4.0	23.0	2.0	10.0	0.0
3	9	8	-18.831309430900554	1.0	0.513888888888889	8356.0	301.0	189.0	19.0	5.0	766.0	124.0	23.0	13.0	183.0	2.0	5.0	4.0	10.0	0.0
8	3	9	-1.0179086178865164	0.8456392903919697	1.0606060606060606	8356.0	189.0	766.0	13.0	5.0	301.0	19.0	5.0	124.0	183.0	4.0	23.0	10.0	2.0	0.0
4	5	6	0.7847579364058701	0.21629769032632007	0.8648648648648649	8193.0	347.0	372.0	25.0	8.0	597.0	20.0	9.0	52.0	335.0	11.0	15.0	10.0	6.0	0.0
4	6	5	-4.237692856591697	0.999988701140222	0.5423728813559322	8193.0	372.0	347.0	25.0	8.0	597.0	52.0	15.0	20.0	335.0	10.0	9.0	11.0	6.0	0.0
5	4	6	-0.6621395088424529	0.7460591559224253	1.2272727272727273	8193.0	347.0	597.0	20.0	9.0	372.0	25.0	8.0	52.0	335.0	11.0	15.0	6.0	10.0	0.0
4	5	7	0.15703868400299462	0.43760716943895106	0.9859154929577465	8242.0	298.0	378.0	21.0	6.0	592.0	20.0	14.0	90.0	304.0	4.0	14.0	11.0	6.0	0.0
4	7	5	-10.835669196206643	1.0	0.5035971223021583	8242.0	378.0	298.0	21.0	6.0	592.0	90.0	14.0	20.0	304.0	11.0	14.0	4.0	6.0	0.0
5	4	7	-0.15479527423152328	0.5615086545316945	1.0147058823529411	8242.0	298.0	592.0	20.0	14.0	378.0	21.0	6.0	90.0	304.0	4.0	14.0	6.0	11.0	0.0
4	5	8	0.0	0.49999999949999996	nan	8254.0	286.0	379.0	19.0	7.0	595.0	19.0	12.0	88.0	305.0	5.0	13.0	12.0	6.0	0.0
4	8	5	-11.17857906539377	1.0	0.5	8254.0	379.0	286.0	19.0	7.0	595.0	88.0	13.0	19.0	305.0	12.0	12.0	5.0	6.0	0.0
5	4	8	0.0	0.49999999949999996	nan	8254.0	286.0	595.0	19.0	12.0	379.0	19.0	7.0	88.0	305.0	5.0	13.0	6.0	12.0	0.0
4	5	9	1.3095284579570523	0.09517776945987788	0.9644670050761421	8350.0	190.0	385.0	18.0	2.0	611.0	11.0	4.0	201.0	191.0	6.0	23.0	5.0	3.0	0.0
4	9	5	-34.23481540087723	1.0	0.5093833780160859	8350.0	385.0	190.0	18.0	2.0	611.0	201.0	23.0	11.0	191.0	5.0	4.0	6.0	3.0	0.0
5	4	9	-1.261282672663898	0.8963964203606035	1.0397727272727273	8350.0	190.0	611.0	11.0	4.0	385.0	18.0	2.0	201.0	191.0	6.0	23.0	3.0	5.0	0.0
4	6	7	0.32375537463676496	0.37306169058639427	0.9459459459459459	8268.0	297.0	352.0	21.0	7.0	631.0	19.0	14.0	54.0	307.0	4.0	11.0	9.0	6.0	0.0
4	7	6	-5.341963681506619	0.9999999539280662	0.5147058823529411	8268.0	352.0	297.0	21.0	7.0	631.0	54.0	11.0	19.0	307.0	9.0	14.0	4.0	6.0	0.0
6	4	7	-0.3052550675146641	0.6199139840054204	1.064516129032258	8268.0	297.0	631.0	19.0	14.0	352.0	21.0	7.0	54.0	307.0	4.0	11.0	6.0	9.0	0.0
4	6	8	0.16650598887057583	0.43387938258201064	0.9705882352941176	8278.0	287.0	355.0	19.0	6.0	634.0	18.0	12.0	51.0	309.0	5.0	11.0	9.0	6.0	0.0
4	8	6	-5.328191643858422	0.9999999502963153	0.5076923076923077	8278.0	355.0	287.0	19.0	6.0	634.0	51.0	11.0	18.0	309.0	9.0	12.0	5.0	6.0	0.0
6	4	8	-0.16146035284419474	0.5641345893798759	1.032258064516129	8278.0	287.0	634.0	18.0	12.0	355.0	19.0	6.0	51.0	309.0	5.0	11.0	6.0	9.0	0.0
4	6	9	1.7123404052392495	0.04341694464755996	0.9518072289156626	8373.0	192.0	362.0	15.0	3.0	651.0	7.0	6.0	165.0	197.0	3.0	19.0	3.0	3.0	1.0
4	9	6	-32.10638259823593	1.0	0.512987012987013	8373.0	362.0	192.0	15.0	3.0	651.0	165.0	19.0	7.0	197.0	3.0	6.0	3.0	3.0	1.0
6	4	9	-1.6256396252271357	0.9479868379137628	1.056338028169014	8373.0	192.0	651.0	7.0	6.0	362.0	15.0	3.0	165.0	197.0	3.0	19.0	3.0	3.0	1.0
4	7	8	-99999.9	1.0	-0.009523809523809523	8533.0	87.0	100.0	222.0	3.0	684.0	10.0	2.0	8.0	325.0	2.0	4.0	1.0	19.0	0.0
4	8	7	0.47180269979589856	0.31853382563360966	0.009259259259259259	8533.0	100.0	87.0	222.0	3.0	684.0	8.0	4.0	10.0	325.0	1.0	2.0	2.0	19.0	0.0
7	4	8	-50.01108617836531	1.0	0.5023474178403756	8533.0	87.0	684.0	10.0	2.0	100.0	222.0	3.0	8.0	325.0	2.0	4.0	19.0	1.0	0.0
4	7	9	0.6295622929311733	0.2644904429216266	0.9769230769230769	8427.0	193.0	308.0	13.0	4.0	680.0	10.0	6.0	137.0	194.0	4.0	18.0	3.0	3.0	0.0
4	9	7	-26.021908107821833	1.0	0.5059760956175299	8427.0	308.0	193.0	13.0	4.0	680.0	137.0	18.0	10.0	194.0	3.0	6.0	4.0	3.0	0.0
7	4	9	-0.6146907427044527	0.7306205656939958	1.024793388429752	8427.0	193.0	680.0	10.0	6.0	308.0	13.0	4.0	137.0	194.0	4.0	18.0	3.0	3.0	0.0
4	8	9	0.9004153058494356	0.18394961017718936	0.9694656488549618	8440.0	193.0	295.0	12.0	5.0	682.0	8.0	6.0	135.0	197.0	4.0	18.0	2.0	3.0	0.0
4	9	8	-27.687770654870125	1.0	0.508	8440.0	295.0	193.0	12.0	5.0	682.0	135.0	18.0	8.0	197.0	2.0	6.0	4.0	3.0	0.0
8	4	9	-0.8720557686573274	0.8084110620779275	1.0336134453781514	8440.0	193.0	682.0	8.0	6.0	295.0	12.0	5.0	135.0	197.0	4.0	18.0	3.0	2.0	0.0
5	6	7	0.6696609999352955	0.25153689343077734	0.9302325581395349	8476.0	314.0	358.0	12.0	6.0	423.0	9.0	7.0	49.0	313.0	4.0	10.0	9.0	9.0	1.0
5	7	6	-8.25915233253531	1.0	0.5194805194805195	8476.0	358.0	314.0	12.0	6.0	423.0	49.0	10.0	9.0	313.0	9.0	7.0	4.0	9.0	1.0
6	5	7	-0.6194364249401484	0.7321856086857506	1.088235294117647	8476.0	314.0	423.0	9.0	7.0	358.0	12.0	6.0	49.0	313.0	4.0	10.0	9.0	9.0	1.0
5	6	8	0.7420013818861105	0.22904318060737594	0.9302325581395349	8488.0	302.0	361.0	10.0	5.0	424.0	7.0	8.0	47.0	314.0	5.0	9.0	9.0	10.0	1.0
5	8	6	-9.151350376595364	1.0	0.5194805194805195	8488.0	361.0	302.0	10.0	5.0	424.0	47.0	9.0	7.0	314.0	9.0	8.0	5.0	10.0	1.0
6	5	8	-0.6863512782446523	0.753754257739113	1.088235294117647	8488.0	302.0	424.0	7.0	8.0	361.0	10.0	5.0	47.0	314.0	5.0	9.0	10.0	9.0	1.0
5	6	9	0.2425213954452556	0.4041881417333071	0.9935064935064936	8596.0	194.0	365.0	9.0	2.0	428.0	8.0	3.0	161.0	201.0	4.0	20.0	3.0	5.0	1.0
5	9	6	-36.863252107678875	1.0	0.5016393442622951	8596.0	365.0	194.0	9.0	2.0	428.0	161.0	20.0	8.0	201.0	3.0	3.0	4.0	5.0	1.0
6	5	9	-0.24093628828548272	0.5951977010421039	1.0066225165562914	8596.0	194.0	428.0	8.0	3.0	365.0	9.0	2.0	161.0	201.0	4.0	20.0	5.0	3.0	1.0
5	7	8	0.35206521239245475	0.36239474310359876	0.0	8743.0	91.0	106.0	223.0	3.0	474.0	4.0	4.0	4.0	325.0	2.0	2.0	1.0	18.0	0.0
5	8	7	0.35206521239245475	0.36239474310359876	0.0	8743.0	106.0	91.0	223.0	3.0	474.0	4.0	2.0	4.0	325.0	1.0	4.0	2.0	18.0	0.0
7	5	8	-76.94875639743074	1.0	0.5	8743.0	91.0	474.0	4.0	4.0	106.0	223.0	3.0	4.0	325.0	2.0	2.0	18.0	1.0	0.0
5	7	9	-0.7130683908939313	0.7620983503880201	1.0260869565217392	8640.0	194.0	321.0	7.0	4.0	467.0	10.0	5.0	128.0	199.0	4.0	14.0	3.0	4.0	0.0
5	9	7	-28.760425099388534	1.0	0.49372384937238495	8640.0	321.0	194.0	7.0	4.0	467.0	128.0	14.0	10.0	199.0	3.0	5.0	4.0	4.0	0.0
7	5	9	0.7311972482895396	0.23232927119313274	0.9758064516129032	8640.0	194.0	467.0	10.0	5.0	321.0	7.0	4.0	128.0	199.0	4.0	14.0	4.0	3.0	0.0
5	8	9	-0.7581514022052257	0.7758198917704453	1.0265486725663717	8655.0	194.0	306.0	6.0	5.0	467.0	9.0	4.0	125.0	201.0	4.0	17.0	2.0	5.0	0.0
5	9	8	-30.073338954140635	1.0	0.49361702127659574	8655.0	306.0	194.0	6.0	5.0	467.0	125.0	17.0	9.0	201.0	2.0	4.0	4.0	5.0	0.0
8	5	9	0.7777587660553608	0.21835555605479406	0.9754098360655737	8655.0	194.0	467.0	9.0	4.0	306.0	6.0	5.0	125.0	201.0	4.0	17.0	5.0	2.0	0.0
6	7	8	-99999.9	1.0	-0.004651162790697674	8805.0	94.0	107.0	220.0	3.0	412.0	4.0	1.0	3.0	329.0	2.0	2.0	1.0	17.0	0.0
6	8	7	0.375912563063642	0.35349100843702486	0.004587155963302752	8805.0	107.0	94.0	220.0	3.0	412.0	3.0	2.0	4.0	329.0	1.0	1.0	2.0	17.0	0.0
7	6	8	-81.19711362174694	1.0	0.5011547344110854	8805.0	94.0	412.0	4.0	1.0	107.0	220.0	3.0	3.0	329.0	2.0	2.0	17.0	1.0	0.0
6	7	9	-1.3314390811352752	0.9084776461031759	1.043859649122807	8702.0	197.0	322.0	4.0	4.0	405.0	9.0	3.0	128.0	203.0	3.0	13.0	3.0	3.0	1.0
6	9	7	-33.01968921215484	1.0	0.4897119341563786	8702.0	322.0	197.0	4.0	4.0	405.0	128.0	13.0	9.0	203.0	3.0	3.0	3.0	3.0	1.0
7	6	9	1.3873818996703706	0.08266272766687333	0.9612403100775194	8702.0	197.0	405.0	9.0	3.0	322.0	4.0	4.0	128.0	203.0	3.0	13.0	3.0	3.0	1.0
6	8	9	-1.2211385896167688	0.888983157619877	1.0350877192982457	8715.0	197.0	309.0	3.0	5.0	407.0	7.0	3.0	125.0	206.0	3.0	14.0	2.0	3.0	1.0
6	9	8	-37.244726983311466	1.0	0.49166666666666664	8715.0	309.0	197.0	3.0	5.0	407.0	125.0	14.0	7.0	206.0	2.0	3.0	3.0	3.0	1.0
8	6	9	1.262533118078354	0.10337857730254896	0.9682539682539683	8715.0	197.0	407.0	7.0	3.0	309.0	3.0	5.0	125.0	206.0	3.0	14.0	3.0	2.0	1.0
7	8	9	0.3756810128718483	0.3535770858798565	0.9971264367816092	9014.0	203.0	93.0	4.0	2.0	108.0	3.0	1.0	350.0	207.0	9.0	5.0	0.0	1.0	0.0
7	9	8	-129.98563045366055	1.0	0.5007215007215007	9014.0	93.0	203.0	4.0	2.0	108.0	350.0	5.0	3.0	207.0	0.0	1.0	9.0	1.0	0.0
8	7	9	-0.3745983586560794	0.6460203443943884	1.0028985507246377	9014.0	203.0	108.0	3.0	1.0	93.0	4.0	2.0	350.0	207.0	9.0	5.0	1.0	0.0	0.0
