P1	Hybrid	P2	Zscore	Pvalue	Gamma	AAAA	AAAB	AABA	AABB	AABC	ABAA	ABAB	ABAC	ABBA	BAAA	ABBC	CABC	BACA	BCAA	ABCD
1	2	3	0.7628907127488882	0.22276422122156048	0.0018368846436443793	76264.0	971.0	976.0	5515.0	79.0	8460.0	81.0	64.0	91.0	6525.0	42.0	58.0	34.0	833.0	7.0
1	3	2	-99999.9	1.0	-0.001847063169560399	76264.0	976.0	971.0	5515.0	79.0	8460.0	91.0	58.0	81.0	6525.0	34.0	64.0	42.0	833.0	7.0
2	1	3	-413.79192259499627	1.0	0.4995395100386812	76264.0	971.0	8460.0	81.0	64.0	976.0	5515.0	79.0	91.0	6525.0	42.0	58.0	833.0	34.0	7.0
1	2	4	-0.6176497932617093	0.7315969468380966	1.0198952879581151	72239.0	4996.0	5898.0	454.0	218.0	7834.0	473.0	298.0	1447.0	4955.0	256.0	391.0	208.0	317.0	16.0
1	4	2	-32.28032866888826	1.0	0.49517031011692936	72239.0	5898.0	4996.0	454.0	218.0	7834.0	1447.0	391.0	473.0	4955.0	208.0	298.0	256.0	317.0	16.0
2	1	4	0.6296984031918659	0.2644459063622492	0.9812252964426877	72239.0	4996.0	7834.0	473.0	298.0	5898.0	454.0	218.0	1447.0	4955.0	256.0	391.0	317.0	208.0	16.0
1	2	5	-0.8515879611132559	0.80277863414268	1.0229479258605472	72598.0	4637.0	5912.0	442.0	216.0	7855.0	468.0	282.0	1627.0	4810.0	221.0	413.0	199.0	296.0	24.0
1	5	2	-38.812758996892654	1.0	0.49445392491467577	72598.0	5912.0	4637.0	442.0	216.0	7855.0	1627.0	413.0	468.0	4810.0	199.0	282.0	221.0	296.0	24.0
2	1	5	0.8706917462633376	0.19196120343079182	0.9785301403798513	72598.0	4637.0	7855.0	468.0	282.0	5912.0	442.0	216.0	1627.0	4810.0	221.0	413.0	296.0	199.0	24.0
1	2	6	0.5643662987646267	0.28625240118796536	0.9953673064195897	74161.0	3074.0	6123.0	316.0	131.0	8134.0	302.0	169.0	3310.0	3170.0	178.0	598.0	130.0	187.0	17.0
1	6	2	-120.69376417866388	1.0	0.5011662779073642	74161.0	6123.0	3074.0	316.0	131.0	8134.0	3310.0	598.0	302.0	3170.0	130.0	169.0	178.0	187.0	17.0
2	1	6	-0.5617395939166531	0.7128533055927457	1.0046979865771812	74161.0	3074.0	8134.0	302.0	169.0	6123.0	316.0	131.0	3310.0	3170.0	178.0	598.0	187.0	130.0	17.0
1	2	7	0.04348050377676308	0.48265918862401325	0.9997067448680352	74406.0	2829.0	6183.0	265.0	122.0	8180.0	264.0	161.0	3673.0	2812.0	173.0	630.0	114.0	174.0	14.0
1	7	2	-148.18155687120813	1.0	0.5000733460466481	74406.0	6183.0	2829.0	265.0	122.0	8180.0	3673.0	630.0	264.0	2812.0	114.0	161.0	173.0	174.0	14.0
2	1	7	-0.043467749155532	0.5173357278171997	1.0002935133548576	74406.0	2829.0	8180.0	264.0	161.0	6183.0	265.0	122.0	3673.0	2812.0	173.0	630.0	174.0	114.0	14.0
1	2	8	1.096370957041918	0.13645827744504535	0.9967482785003825	75972.0	1263.0	6389.0	129.0	52.0	8423.0	112.0	70.0	5323.0	1253.0	82.0	814.0	49.0	65.0	4.0
1	8	2	-334.9735735809252	1.0	0.5008169149447381	75972.0	6389.0	1263.0	129.0	52.0	8423.0	5323.0	814.0	112.0	1253.0	49.0	70.0	82.0	65.0	4.0
2	1	8	-1.092794233520576	0.8627578808056785	1.003283755070504	75972.0	1263.0	8423.0	112.0	70.0	6389.0	129.0	52.0	5323.0	1253.0	82.0	814.0	65.0	49.0	4.0
1	2	9	0.0	0.49999999949999996	nan	76029.0	1206.0	6397.0	126.0	47.0	8428.0	126.0	51.0	5387.0	1192.0	79.0	807.0	46.0	68.0	11.0
1	9	2	-331.3461119949256	1.0	0.5	76029.0	6397.0	1206.0	126.0	47.0	8428.0	5387.0	807.0	126.0	1192.0	46.0	51.0	79.0	68.0	11.0
2	1	9	0.0	0.49999999949999996	nan	76029.0	1206.0	8428.0	126.0	51.0	6397.0	126.0	47.0	5387.0	1192.0	79.0	807.0	68.0	46.0	11.0
1	3	4	-1.0206020612316329	0.8462784760033643	1.0346320346320346	72244.0	4996.0	5893.0	458.0	214.0	7821.0	490.0	298.0	1446.0	4936.0	258.0	405.0	210.0	316.0	15.0
1	4	3	-31.511088640526673	1.0	0.49176954732510286	72244.0	5893.0	4996.0	458.0	214.0	7821.0	1446.0	405.0	490.0	4936.0	210.0	298.0	258.0	316.0	15.0
3	1	4	1.0547644733230683	0.14576655826835838	0.9686274509803922	72244.0	4996.0	7821.0	490.0	298.0	5893.0	458.0	214.0	1446.0	4936.0	258.0	405.0	316.0	210.0	15.0
1	3	5	-1.1040767265709732	0.8652200265653907	1.0307136404697381	72592.0	4648.0	5918.0	442.0	205.0	7848.0	476.0	285.0	1617.0	4800.0	223.0	430.0	201.0	293.0	22.0
1	5	3	-38.15559275649686	1.0	0.49265975820379965	72592.0	5918.0	4648.0	442.0	205.0	7848.0	1617.0	430.0	476.0	4800.0	201.0	285.0	223.0	293.0	22.0
3	1	5	1.1369764712715984	0.12777411467259137	0.9718775847808105	72592.0	4648.0	7848.0	476.0	285.0	5918.0	442.0	205.0	1617.0	4800.0	223.0	430.0	293.0	201.0	22.0
1	3	6	-0.20110485494066754	0.5796916814305332	1.0016767270288398	74162.0	3078.0	6122.0	306.0	137.0	8131.0	311.0	167.0	3298.0	3162.0	180.0	613.0	129.0	187.0	17.0
1	6	3	-120.3411451964962	1.0	0.499581869877906	74162.0	6122.0	3078.0	306.0	137.0	8131.0	3298.0	613.0	311.0	3162.0	129.0	167.0	180.0	187.0	17.0
3	1	6	0.20144148844408344	0.4201767143707933	0.9983316649983317	74162.0	3078.0	8131.0	311.0	167.0	6122.0	306.0	137.0	3298.0	3162.0	180.0	613.0	187.0	129.0	17.0
1	3	7	-0.7752033362306593	0.7808903061435921	1.0053412462908011	74410.0	2830.0	6179.0	259.0	127.0	8172.0	277.0	160.0	3665.0	2798.0	177.0	646.0	115.0	173.0	12.0
1	7	3	-146.68569795564585	1.0	0.4986753017368266	74410.0	6179.0	2830.0	259.0	127.0	8172.0	3665.0	646.0	277.0	2798.0	115.0	160.0	177.0	173.0	12.0
3	1	7	0.7793218899650608	0.2178949975293505	0.9947429906542056	74410.0	2830.0	8172.0	277.0	160.0	6179.0	259.0	127.0	3665.0	2798.0	177.0	646.0	173.0	115.0	12.0
1	3	8	1.0011510483422013	0.1583769045707576	0.9969278033794163	75989.0	1251.0	6372.0	136.0	57.0	8420.0	120.0	69.0	5312.0	1246.0	82.0	828.0	48.0	65.0	5.0
1	8	3	-323.872364138703	1.0	0.5007716049382716	75989.0	6372.0	1251.0	136.0	57.0	8420.0	5312.0	828.0	120.0	1246.0	48.0	69.0	82.0	65.0	5.0
3	1	8	-0.9980658370992362	0.8408762735137819	1.0031007751937984	75989.0	1251.0	8420.0	120.0	69.0	6372.0	136.0	57.0	5312.0	1246.0	82.0	828.0	65.0	48.0	5.0
1	3	9	-0.8769630615132903	0.8097466866576869	1.002677376171352	76034.0	1206.0	6392.0	120.0	53.0	8425.0	134.0	50.0	5377.0	1184.0	79.0	820.0	46.0	68.0	12.0
1	9	3	-329.29962959824155	1.0	0.49933333333333335	76034.0	6392.0	1206.0	120.0	53.0	8425.0	5377.0	820.0	134.0	1184.0	46.0	50.0	79.0	68.0	12.0
3	1	9	0.8793047519312165	0.189617993292313	0.99734395750332	76034.0	1206.0	8425.0	134.0	50.0	6392.0	120.0	53.0	5377.0	1184.0	79.0	820.0	68.0	46.0	12.0
1	4	5	-0.689766806315556	0.754829645165351	1.1594202898550725	73438.0	4699.0	5072.0	426.0	170.0	8928.0	448.0	296.0	608.0	4851.0	177.0	359.0	178.0	333.0	17.0
1	5	4	-5.7062526704286975	0.9999999942087356	0.4678362573099415	73438.0	5072.0	4699.0	426.0	170.0	8928.0	608.0	359.0	448.0	4851.0	178.0	296.0	177.0	333.0	17.0
4	1	5	0.7846097421839449	0.21634114507782376	0.8921568627450981	73438.0	4699.0	8928.0	448.0	296.0	5072.0	426.0	170.0	608.0	4851.0	177.0	359.0	333.0	178.0	17.0
1	4	6	0.333949172601544	0.36920902441010295	0.996031746031746	75032.0	3105.0	5252.0	292.0	124.0	9211.0	284.0	177.0	2292.0	3194.0	150.0	539.0	124.0	206.0	18.0
1	6	4	-83.48729315038622	1.0	0.500998003992016	75032.0	5252.0	3105.0	292.0	124.0	9211.0	2292.0	539.0	284.0	3194.0	124.0	177.0	150.0	206.0	18.0
4	1	6	-0.33261869781030284	0.6302888683331322	1.0040160642570282	75032.0	3105.0	9211.0	284.0	177.0	5252.0	292.0	124.0	2292.0	3194.0	150.0	539.0	206.0	124.0	18.0
1	4	7	0.9762009572346088	0.16448244506927268	0.9909946786737618	75302.0	2835.0	5287.0	267.0	114.0	9260.0	245.0	167.0	2666.0	2823.0	147.0	557.0	122.0	195.0	13.0
1	7	4	-106.45027710935577	1.0	0.5022821576763487	75302.0	5287.0	2835.0	267.0	114.0	9260.0	2666.0	557.0	245.0	2823.0	122.0	167.0	147.0	195.0	13.0
4	1	7	-0.9673300687343355	0.833310474553447	1.0092553639040809	75302.0	2835.0	9260.0	245.0	167.0	5287.0	267.0	114.0	2666.0	2823.0	147.0	557.0	195.0	122.0	13.0
1	4	8	2.730617671039592	0.003160841309697182	0.9901036757775683	76878.0	1259.0	5483.0	140.0	45.0	9499.0	98.0	75.0	4300.0	1264.0	72.0	761.0	52.0	70.0	4.0
1	8	4	-270.4611788458265	1.0	0.5025113609184406	76878.0	5483.0	1259.0	140.0	45.0	9499.0	4300.0	761.0	98.0	1264.0	52.0	75.0	72.0	70.0	4.0
4	1	8	-2.7033244910815575	0.9965674655824894	1.010199125789218	76878.0	1259.0	9499.0	98.0	75.0	5483.0	140.0	45.0	4300.0	1264.0	72.0	761.0	70.0	52.0	4.0
1	4	9	0.9882287165096517	0.1615203289636149	0.9964788732394366	76928.0	1209.0	5498.0	123.0	47.0	9506.0	108.0	58.0	4353.0	1210.0	73.0	763.0	46.0	67.0	11.0
1	9	4	-278.68049805572156	1.0	0.5008849557522124	76928.0	5498.0	1209.0	123.0	47.0	9506.0	4353.0	763.0	108.0	1210.0	46.0	58.0	73.0	67.0	11.0
4	1	9	-0.9847367422463666	0.8376232960814465	1.00355871886121	76928.0	1209.0	9506.0	108.0	58.0	5498.0	123.0	47.0	4353.0	1210.0	73.0	763.0	67.0	46.0	11.0
1	5	6	-0.04105043713227328	0.51637221930723	1.000542888165038	75394.0	3116.0	4890.0	296.0	109.0	9418.0	297.0	180.0	2140.0	3199.0	138.0	484.0	106.0	214.0	19.0
1	6	5	-75.69700607191174	1.0	0.4998643883916463	75394.0	4890.0	3116.0	296.0	109.0	9418.0	2140.0	484.0	297.0	3199.0	106.0	180.0	138.0	214.0	19.0
5	1	6	0.04107271083663155	0.4836189022436601	0.9994579945799458	75394.0	3116.0	9418.0	297.0	180.0	4890.0	296.0	109.0	2140.0	3199.0	138.0	484.0	214.0	106.0	19.0
1	5	7	0.4226901703015361	0.3362607032630437	0.9955732625055335	75665.0	2845.0	4924.0	286.0	85.0	9444.0	276.0	175.0	2525.0	2817.0	135.0	514.0	97.0	195.0	17.0
1	7	5	-94.64032913051369	1.0	0.5011140819964349	75665.0	4924.0	2845.0	286.0	85.0	9444.0	2525.0	514.0	276.0	2817.0	97.0	175.0	135.0	195.0	17.0
5	1	7	-0.4208107120076209	0.6630533055367425	1.0044863167339615	75665.0	2845.0	9444.0	276.0	175.0	4924.0	286.0	85.0	2525.0	2817.0	135.0	514.0	195.0	97.0	17.0
1	5	8	1.096812660482166	0.1363616906483862	0.9958128078817734	77237.0	1273.0	5124.0	129.0	42.0	9711.0	112.0	72.0	4155.0	1260.0	62.0	694.0	42.0	80.0	7.0
1	8	5	-259.75104535889363	1.0	0.5010534143016483	77237.0	5124.0	1273.0	129.0	42.0	9711.0	4155.0	694.0	112.0	1260.0	42.0	72.0	62.0	80.0	7.0
5	1	8	-1.0922007843436061	0.8626275290907108	1.0042404589673235	77237.0	1273.0	9711.0	112.0	72.0	5124.0	129.0	42.0	4155.0	1260.0	62.0	694.0	80.0	42.0	7.0
1	5	9	1.3831928821373112	0.08330292359169	0.994648504013622	77316.0	1194.0	5110.0	138.0	47.0	9718.0	116.0	61.0	4205.0	1209.0	63.0	699.0	39.0	77.0	8.0
1	9	5	-255.7020659842012	1.0	0.5013487003433055	77316.0	5110.0	1194.0	138.0	47.0	9718.0	4205.0	699.0	116.0	1209.0	39.0	61.0	63.0	77.0	8.0
5	1	9	-1.375750905270835	0.9155505580268319	1.0054388133498147	77316.0	1194.0	9718.0	116.0	61.0	5110.0	138.0	47.0	4205.0	1209.0	63.0	699.0	77.0	39.0	8.0
1	6	7	0.043201687946113336	0.4827703157861547	0.9975609756097561	77408.0	2876.0	3181.0	269.0	71.0	11557.0	268.0	217.0	677.0	2849.0	76.0	249.0	73.0	218.0	11.0
1	7	6	-17.62628868201419	1.0	0.5006119951040392	77408.0	3181.0	2876.0	269.0	71.0	11557.0	677.0	249.0	268.0	2849.0	73.0	217.0	76.0	218.0	11.0
6	1	7	-0.043096060347223075	0.5171875840465923	1.0024570024570025	77408.0	2876.0	11557.0	268.0	217.0	3181.0	269.0	71.0	677.0	2849.0	76.0	249.0	218.0	73.0	11.0
1	6	8	1.295647051555979	0.09754862354629634	0.9908925318761385	79006.0	1278.0	3355.0	130.0	36.0	11846.0	110.0	86.0	2286.0	1268.0	48.0	428.0	36.0	83.0	4.0
1	8	6	-139.67075215773437	1.0	0.502308402585411	79006.0	3355.0	1278.0	130.0	36.0	11846.0	2286.0	428.0	110.0	1268.0	36.0	86.0	48.0	83.0	4.0
6	1	8	-1.2837385308615308	0.9003832025738407	1.0093632958801497	79006.0	1278.0	11846.0	110.0	86.0	3355.0	130.0	36.0	2286.0	1268.0	48.0	428.0	83.0	36.0	4.0
1	6	9	1.3009607208729603	0.09663601777476583	0.9910913140311804	79064.0	1220.0	3362.0	129.0	30.0	11859.0	109.0	74.0	2334.0	1220.0	48.0	429.0	35.0	81.0	6.0
1	9	6	-143.4309194762437	1.0	0.5022573363431152	79064.0	3362.0	1220.0	129.0	30.0	11859.0	2334.0	429.0	109.0	1220.0	35.0	74.0	48.0	81.0	6.0
6	1	9	-1.2892666919212932	0.9013472384522225	1.0091533180778032	79064.0	1220.0	11859.0	109.0	74.0	3362.0	129.0	30.0	2334.0	1220.0	48.0	429.0	81.0	35.0	6.0
1	7	8	1.2412682020463606	0.10725341182793946	0.988795518207283	79317.0	1272.0	3044.0	141.0	31.0	12276.0	121.0	86.0	1886.0	1263.0	41.0	398.0	30.0	92.0	2.0
1	8	7	-108.3006506285449	1.0	0.5028490028490028	79317.0	3044.0	1272.0	141.0	31.0	12276.0	1886.0	398.0	121.0	1263.0	30.0	86.0	41.0	92.0	2.0
7	1	8	-1.2272028399835122	0.8901267514578839	1.0115942028985507	79317.0	1272.0	12276.0	121.0	86.0	3044.0	141.0	31.0	1886.0	1263.0	41.0	398.0	92.0	30.0	2.0
1	7	9	0.3846362116640676	0.3502535359017226	0.9966978536048432	79362.0	1227.0	3064.0	125.0	27.0	12293.0	119.0	71.0	1930.0	1215.0	45.0	399.0	30.0	88.0	5.0
1	9	7	-115.71139367560716	1.0	0.5008296460176991	79362.0	3064.0	1227.0	125.0	27.0	12293.0	1930.0	399.0	119.0	1215.0	30.0	71.0	45.0	88.0	5.0
7	1	9	-0.38336187854977466	0.6492742119685591	1.0033351862145636	79362.0	1227.0	12293.0	119.0	71.0	3064.0	125.0	27.0	1930.0	1215.0	45.0	399.0	88.0	30.0	5.0
1	8	9	1.1972028898496587	0.11561380635542684	0.75	81124.0	1237.0	1302.0	132.0	10.0	14354.0	115.0	91.0	166.0	1235.0	13.0	102.0	14.0	103.0	2.0
1	9	8	-2.3944057796993174	0.9916763479711719	0.6	81124.0	1302.0	1237.0	132.0	10.0	14354.0	166.0	102.0	115.0	1235.0	14.0	91.0	13.0	103.0	2.0
8	1	9	-0.7981352598997725	0.7876040595392922	2.0	81124.0	1237.0	14354.0	115.0	91.0	1302.0	132.0	10.0	166.0	1235.0	13.0	102.0	103.0	14.0	2.0
2	3	4	-0.9525296964711032	0.8295858024757519	1.0016819571865443	79049.0	5675.0	1024.0	61.0	31.0	1016.0	72.0	37.0	6623.0	5621.0	629.0	97.0	33.0	28.0	4.0
2	4	3	-568.2272607493974	1.0	0.49958056890109054	79049.0	1024.0	5675.0	61.0	31.0	1016.0	6623.0	97.0	72.0	5621.0	33.0	37.0	629.0	28.0	4.0
3	2	4	0.9541291204767789	0.17000913547824137	0.9983264871443785	79049.0	5675.0	1016.0	72.0	37.0	1024.0	61.0	31.0	6623.0	5621.0	629.0	97.0	28.0	33.0	4.0
2	3	5	-1.0848314279311526	0.8610017986122778	1.0017769880053309	79420.0	5304.0	1033.0	55.0	28.0	1020.0	67.0	38.0	6832.0	5450.0	591.0	100.0	31.0	30.0	1.0
2	5	3	-612.6585489241203	1.0	0.4995569339831635	79420.0	1033.0	5304.0	55.0	28.0	1020.0	6832.0	100.0	67.0	5450.0	31.0	38.0	591.0	30.0	1.0
3	2	5	1.086755740885354	0.13857242660030256	0.9982324348210341	79420.0	5304.0	1020.0	67.0	38.0	1033.0	55.0	28.0	6832.0	5450.0	591.0	100.0	30.0	31.0	1.0
2	3	6	-1.8936022966384094	0.970861156116799	1.0020480145636592	81243.0	3481.0	1052.0	36.0	28.0	1050.0	54.0	21.0	8861.0	3599.0	413.0	120.0	20.0	20.0	2.0
2	6	3	-928.3911259907749	1.0	0.49948956442831216	81243.0	1052.0	3481.0	36.0	28.0	1050.0	8861.0	120.0	54.0	3599.0	20.0	21.0	413.0	20.0	2.0
3	2	6	1.8974724954960784	0.028882737073079534	0.9979644916883411	81243.0	3481.0	1050.0	54.0	21.0	1052.0	36.0	28.0	8861.0	3599.0	413.0	120.0	20.0	20.0	2.0
2	3	7	-2.4189732683780747	0.9922178105733059	1.0022739577693558	81519.0	3205.0	1067.0	27.0	22.0	1063.0	48.0	14.0	9304.0	3182.0	387.0	119.0	21.0	21.0	1.0
2	7	3	-1068.610238606845	1.0	0.49943344304753684	81519.0	1067.0	3205.0	27.0	22.0	1063.0	9304.0	119.0	48.0	3182.0	21.0	14.0	387.0	21.0	1.0
3	2	7	2.424461431584205	0.007665554508172523	0.997741449774145	81519.0	3205.0	1063.0	48.0	14.0	1067.0	27.0	22.0	9304.0	3182.0	387.0	119.0	21.0	21.0	1.0
2	3	8	0.15992999500422433	0.43646810156360716	0.9999111742760703	83308.0	1416.0	1087.0	20.0	9.0	1101.0	19.0	5.0	11276.0	1421.0	176.0	149.0	7.0	6.0	0.0
2	8	3	-1800.172023767506	1.0	0.5000222093901301	83308.0	1087.0	1416.0	20.0	9.0	1101.0	11276.0	149.0	19.0	1421.0	7.0	5.0	176.0	6.0	0.0
3	2	8	-0.15991578784467878	0.5635263026292529	1.0000888494002667	83308.0	1416.0	1101.0	19.0	5.0	1087.0	20.0	9.0	11276.0	1421.0	176.0	149.0	6.0	7.0	0.0
2	3	9	-2.257274382231228	0.9880045697838203	1.0011492220650637	83363.0	1361.0	1094.0	10.0	12.0	1096.0	23.0	6.0	11348.0	1356.0	169.0	147.0	7.0	6.0	2.0
2	9	3	-1968.6905342875816	1.0	0.4997131888982041	83363.0	1094.0	1361.0	10.0	12.0	1096.0	11348.0	147.0	23.0	1356.0	7.0	6.0	169.0	6.0	2.0
3	2	9	2.25986551397242	0.011914762606733742	0.9988547264558189	83363.0	1361.0	1096.0	23.0	6.0	1094.0	10.0	12.0	11348.0	1356.0	169.0	147.0	6.0	7.0	2.0
2	4	5	0.2925744667642072	0.38492378375583247	0.9574468085106383	75248.0	4825.0	5205.0	394.0	168.0	7118.0	386.0	232.0	566.0	4984.0	176.0	268.0	178.0	232.0	20.0
2	5	4	-6.290351035430437	0.9999999998409388	0.5113636363636364	75248.0	5205.0	4825.0	394.0	168.0	7118.0	566.0	268.0	386.0	4984.0	178.0	232.0	176.0	232.0	20.0
4	2	5	-0.27957115713024233	0.6100966659092426	1.048780487804878	75248.0	4825.0	7118.0	386.0	232.0	5205.0	394.0	168.0	566.0	4984.0	176.0	268.0	232.0	178.0	20.0
2	4	6	0.043901726141916037	0.48249130528882	0.9995049504950495	76909.0	3164.0	5386.0	260.0	121.0	7334.0	259.0	143.0	2278.0	3287.0	161.0	419.0	127.0	145.0	7.0
2	6	4	-88.59368335438629	1.0	0.5001238543472876	76909.0	5386.0	3164.0	260.0	121.0	7334.0	2278.0	419.0	259.0	3287.0	127.0	143.0	161.0	145.0	7.0
4	2	6	-0.04387998184962187	0.517500028332919	1.0004957858205255	76909.0	3164.0	7334.0	259.0	143.0	5386.0	260.0	121.0	2278.0	3287.0	161.0	419.0	145.0	127.0	7.0
2	4	7	0.8138646533506158	0.20786118915988094	0.9931062449310625	77171.0	2902.0	5415.0	228.0	124.0	7391.0	211.0	134.0	2660.0	2921.0	145.0	435.0	119.0	136.0	8.0
2	7	4	-116.4305198205115	1.0	0.5017414464249129	77171.0	5415.0	2902.0	228.0	124.0	7391.0	2660.0	435.0	211.0	2921.0	119.0	134.0	145.0	136.0	8.0
4	2	7	-0.8082151232946907	0.7905166815184224	1.00703933747412	77171.0	2902.0	7391.0	211.0	134.0	5415.0	228.0	124.0	2660.0	2921.0	145.0	435.0	136.0	119.0	8.0
2	4	8	1.5715444176062696	0.05802813109847205	0.9946236559139785	78795.0	1278.0	5600.0	119.0	48.0	7582.0	96.0	58.0	4351.0	1301.0	74.0	593.0	50.0	54.0	1.0
2	8	4	-289.1641728395534	1.0	0.5013550135501356	78795.0	5600.0	1278.0	119.0	48.0	7582.0	4351.0	593.0	96.0	1301.0	50.0	58.0	74.0	54.0	1.0
4	2	8	-1.5630495829165059	0.9409795226436508	1.005464480874317	78795.0	1278.0	7582.0	96.0	58.0	5600.0	119.0	48.0	4351.0	1301.0	74.0	593.0	54.0	50.0	1.0
2	4	9	1.2190591195992957	0.11141094402129648	0.9960757156048015	78843.0	1230.0	5614.0	106.0	47.0	7591.0	89.0	56.0	4404.0	1247.0	75.0	596.0	50.0	47.0	5.0
2	9	4	-308.2068291786929	1.0	0.5009868802972252	78843.0	5614.0	1230.0	106.0	47.0	7591.0	4404.0	596.0	89.0	1247.0	50.0	56.0	75.0	47.0	5.0
4	2	9	-1.214256337436332	0.8876750070614673	1.0039710348049522	78843.0	1230.0	7591.0	89.0	56.0	5614.0	106.0	47.0	4404.0	1247.0	75.0	596.0	47.0	50.0	5.0
2	5	6	-0.34602897247853087	0.6353394634213198	1.0043956043956044	77283.0	3170.0	5012.0	262.0	113.0	7529.0	270.0	153.0	2098.0	3301.0	149.0	404.0	102.0	146.0	8.0
2	6	5	-79.41364918382264	1.0	0.4989082969432314	77283.0	5012.0	3170.0	262.0	113.0	7529.0	2098.0	404.0	270.0	3301.0	102.0	153.0	149.0	146.0	8.0
5	2	6	0.34754332246749603	0.3640916545146563	0.9956616052060737	77283.0	3170.0	7529.0	270.0	153.0	5012.0	262.0	113.0	2098.0	3301.0	149.0	404.0	146.0	102.0	8.0
2	5	7	-0.13991816624626574	0.555637702169995	1.0013351134846462	77524.0	2929.0	5062.0	228.0	97.0	7585.0	231.0	136.0	2481.0	2929.0	138.0	420.0	91.0	141.0	8.0
2	7	5	-105.07854285094531	1.0	0.4996668887408395	77524.0	5062.0	2929.0	228.0	97.0	7585.0	2481.0	420.0	231.0	2929.0	91.0	136.0	138.0	141.0	8.0
5	2	7	0.1401047238012608	0.4442885982241882	0.9986702127659575	77524.0	2929.0	7585.0	231.0	136.0	5062.0	228.0	97.0	2481.0	2929.0	138.0	420.0	141.0	91.0	8.0
2	5	8	0.20462397040572752	0.41893299122502903	0.9992638036809816	79166.0	1287.0	5229.0	109.0	49.0	7782.0	106.0	64.0	4178.0	1304.0	66.0	566.0	37.0	56.0	1.0
2	8	5	-277.5383118603031	1.0	0.5001842525488269	79166.0	5229.0	1287.0	109.0	49.0	7782.0	4178.0	566.0	106.0	1304.0	37.0	64.0	66.0	56.0	1.0
5	2	8	-0.20447321600709856	0.5810081116926873	1.000737825873094	79166.0	1287.0	7782.0	106.0	64.0	5229.0	109.0	49.0	4178.0	1304.0	66.0	566.0	56.0	37.0	1.0
2	5	9	1.338658475243054	0.09034100459149519	0.9951818838834016	79241.0	1212.0	5216.0	122.0	49.0	7793.0	102.0	57.0	4233.0	1246.0	69.0	565.0	38.0	56.0	1.0
2	9	5	-275.16124958620844	1.0	0.5012132977432663	79241.0	5216.0	1212.0	122.0	49.0	7793.0	4233.0	565.0	102.0	1246.0	38.0	57.0	69.0	56.0	1.0
5	2	9	-1.3321774368734434	0.908598990318088	1.0048887802493278	79241.0	1212.0	7793.0	102.0	57.0	5216.0	122.0	49.0	4233.0	1246.0	69.0	565.0	56.0	38.0	1.0
2	6	7	-0.366070165203196	0.6428435790813458	1.0196078431372548	79351.0	2944.0	3235.0	230.0	80.0	9614.0	238.0	179.0	654.0	2942.0	77.0	218.0	71.0	164.0	3.0
2	7	6	-19.40171875576933	1.0	0.49523809523809526	79351.0	3235.0	2944.0	230.0	80.0	9614.0	654.0	218.0	238.0	2942.0	71.0	179.0	77.0	164.0	3.0
6	2	7	0.37310997607248825	0.3545333561829078	0.9814814814814815	79351.0	2944.0	9614.0	238.0	179.0	3235.0	230.0	80.0	654.0	2942.0	77.0	218.0	164.0	71.0	3.0
2	6	8	0.06788398508091145	0.47293892420041006	0.9995481247175779	80999.0	1296.0	3396.0	109.0	40.0	9853.0	108.0	70.0	2320.0	1305.0	48.0	353.0	34.0	67.0	2.0
2	8	6	-150.09149101389463	1.0	0.5001130454442686	80999.0	3396.0	1296.0	109.0	40.0	9853.0	2320.0	353.0	108.0	1305.0	34.0	70.0	48.0	67.0	2.0
6	2	8	-0.06785329611839748	0.5270488608421449	1.0004524886877828	80999.0	1296.0	9853.0	108.0	70.0	3396.0	109.0	40.0	2320.0	1305.0	48.0	353.0	67.0	34.0	2.0
2	6	9	1.1573971272450083	0.12355513171588228	0.9925731760594146	81058.0	1237.0	3399.0	117.0	29.0	9865.0	100.0	66.0	2372.0	1250.0	51.0	354.0	36.0	63.0	3.0
2	9	6	-153.52532481985247	1.0	0.501877623149989	81058.0	3399.0	1237.0	117.0	29.0	9865.0	2372.0	354.0	100.0	1250.0	36.0	66.0	51.0	63.0	3.0
6	2	9	-1.1487370255006575	0.8746677268397961	1.0075960679177838	81058.0	1237.0	9865.0	100.0	66.0	3399.0	117.0	29.0	2372.0	1250.0	51.0	354.0	63.0	36.0	3.0
2	7	8	0.9220863424529531	0.17824174934813908	0.9922651933701657	81293.0	1293.0	3102.0	123.0	29.0	10300.0	109.0	77.0	1905.0	1305.0	41.0	321.0	33.0	68.0	1.0
2	8	7	-117.36841873222576	1.0	0.5019564002235886	81293.0	3102.0	1293.0	123.0	29.0	10300.0	1905.0	321.0	109.0	1305.0	33.0	77.0	41.0	68.0	1.0
7	2	8	-0.9148985869995336	0.8198775876078197	1.007918552036199	81293.0	1293.0	10300.0	109.0	77.0	3102.0	123.0	29.0	1905.0	1305.0	41.0	321.0	68.0	33.0	1.0
2	7	9	0.3413584732405112	0.36641693331902125	0.9972943722943723	81339.0	1247.0	3118.0	110.0	26.0	10316.0	105.0	65.0	1948.0	1253.0	50.0	327.0	28.0	65.0	3.0
2	9	7	-125.48337476321217	1.0	0.5006791632708503	81339.0	3118.0	1247.0	110.0	26.0	10316.0	1948.0	327.0	105.0	1253.0	28.0	65.0	50.0	65.0	3.0
7	2	9	-0.3404323786305261	0.6332344637971272	1.0027277686852154	81339.0	1247.0	10316.0	105.0	65.0	3118.0	110.0	26.0	1948.0	1253.0	50.0	327.0	65.0	28.0	3.0
2	8	9	0.9726601472383369	0.16536111839653567	0.821917808219178	83137.0	1258.0	1320.0	111.0	14.0	12341.0	98.0	87.0	158.0	1276.0	13.0	92.0	12.0	83.0	0.0
2	9	8	-3.5165405323232215	0.9997813519502634	0.5607476635514019	83137.0	1320.0	1258.0	111.0	14.0	12341.0	158.0	92.0	98.0	1276.0	12.0	87.0	13.0	83.0	0.0
8	2	9	-0.7619171153366975	0.7769453294753741	1.3823529411764706	83137.0	1258.0	12341.0	98.0	87.0	1320.0	111.0	14.0	158.0	1276.0	13.0	92.0	83.0	12.0	0.0
3	4	5	0.7516581446053132	0.22612826580668255	0.8984771573604061	75228.0	4837.0	5212.0	401.0	171.0	7138.0	381.0	225.0	558.0	4976.0	176.0	269.0	178.0	233.0	17.0
3	5	4	-5.900516435151703	0.9999999981821176	0.5299401197604791	75228.0	5212.0	4837.0	401.0	171.0	7138.0	558.0	269.0	381.0	4976.0	178.0	225.0	176.0	233.0	17.0
4	3	5	-0.666725020921097	0.747526168633271	1.145985401459854	75228.0	4837.0	7138.0	381.0	225.0	5212.0	401.0	171.0	558.0	4976.0	176.0	269.0	233.0	178.0	17.0
3	4	6	1.0147009868725474	0.15512420730930276	0.9887530562347189	76900.0	3165.0	5393.0	271.0	120.0	7343.0	248.0	153.0	2270.0	3279.0	161.0	420.0	128.0	142.0	7.0
3	6	4	-88.19075098948781	1.0	0.5028599850783387	76900.0	5393.0	3165.0	271.0	120.0	7343.0	2270.0	420.0	248.0	3279.0	128.0	153.0	161.0	142.0	7.0
4	3	6	-1.003158888604462	0.8421078862532674	1.0116396761133604	76900.0	3165.0	7343.0	248.0	153.0	5393.0	271.0	120.0	2270.0	3279.0	161.0	420.0	142.0	128.0	7.0
3	4	7	1.9021778509695426	0.028573887631816897	0.9839357429718876	77162.0	2903.0	5420.0	244.0	120.0	7400.0	204.0	140.0	2654.0	2907.0	149.0	436.0	119.0	134.0	8.0
3	7	4	-114.60621552091506	1.0	0.5041152263374485	77162.0	5420.0	2903.0	244.0	120.0	7400.0	2654.0	436.0	204.0	2907.0	119.0	140.0	149.0	134.0	8.0
4	3	7	-1.8711218860557544	0.9693359687006283	1.0168776371308017	77162.0	2903.0	7400.0	204.0	140.0	5420.0	244.0	120.0	2654.0	2907.0	149.0	436.0	134.0	119.0	8.0
3	4	8	1.5996503828907154	0.054838082080677086	0.9943714821763602	78797.0	1268.0	5612.0	125.0	47.0	7580.0	101.0	63.0	4341.0	1295.0	74.0	591.0	51.0	54.0	1.0
3	8	4	-281.00525059446824	1.0	0.5014191106906338	78797.0	5612.0	1268.0	125.0	47.0	7580.0	4341.0	591.0	101.0	1295.0	51.0	63.0	74.0	54.0	1.0
4	3	8	-1.5905957580819001	0.9441497076449246	1.0057251908396947	78797.0	1268.0	7580.0	101.0	63.0	5612.0	125.0	47.0	4341.0	1295.0	74.0	591.0	54.0	51.0	1.0
3	4	9	2.147458666157108	0.01587833578008646	0.9930891499654457	78835.0	1230.0	5624.0	113.0	47.0	7599.0	83.0	62.0	4394.0	1240.0	76.0	596.0	49.0	47.0	5.0
3	9	4	-306.44235166062026	1.0	0.5017458100558658	78835.0	5624.0	1230.0	113.0	47.0	7599.0	4394.0	596.0	83.0	1240.0	49.0	62.0	76.0	47.0	5.0
4	3	9	-2.132514625334859	0.9835177767818387	1.0070571630204659	78835.0	1230.0	7599.0	83.0	62.0	5624.0	113.0	47.0	4394.0	1240.0	76.0	596.0	47.0	49.0	5.0
3	5	6	0.5649315282401126	0.28606013508452777	0.9929691725256896	77269.0	3171.0	5024.0	273.0	112.0	7543.0	260.0	162.0	2096.0	3291.0	148.0	394.0	104.0	145.0	8.0
3	6	5	-79.2207827678248	1.0	0.5017764416507242	77269.0	5024.0	3171.0	273.0	112.0	7543.0	2096.0	394.0	260.0	3291.0	104.0	162.0	148.0	145.0	8.0
5	3	6	-0.5609314683996325	0.7125779037232897	1.007182320441989	77269.0	3171.0	7543.0	260.0	162.0	5024.0	273.0	112.0	2096.0	3291.0	148.0	394.0	145.0	104.0	8.0
3	5	7	0.9736790627597812	0.1651079576986071	0.9907813871817384	77513.0	2927.0	5069.0	245.0	95.0	7596.0	224.0	145.0	2481.0	2914.0	140.0	413.0	92.0	139.0	7.0
3	7	5	-103.67363734908929	1.0	0.5023369686178499	77513.0	5069.0	2927.0	245.0	95.0	7596.0	2481.0	413.0	224.0	2914.0	92.0	145.0	140.0	139.0	7.0
5	3	7	-0.9646195765754856	0.8326323088311646	1.0094808126410835	77513.0	2927.0	7596.0	224.0	145.0	5069.0	245.0	95.0	2481.0	2914.0	140.0	413.0	139.0	92.0	7.0
3	5	8	0.26382030953125274	0.39595925246505315	0.9990150209308052	79164.0	1276.0	5245.0	117.0	47.0	7784.0	113.0	68.0	4170.0	1297.0	68.0	558.0	37.0	55.0	1.0
3	8	5	-267.31592863254184	1.0	0.5002466091245377	79164.0	5245.0	1276.0	117.0	47.0	7784.0	4170.0	558.0	113.0	1297.0	37.0	68.0	68.0	55.0	1.0
5	3	8	-0.2635601958417962	0.6039405229919697	1.0009878982464806	79164.0	1276.0	7784.0	113.0	68.0	5245.0	117.0	47.0	4170.0	1297.0	68.0	558.0	55.0	37.0	1.0
3	5	9	2.277689548960923	0.011372507233218476	0.9918328128753303	79227.0	1213.0	5232.0	129.0	48.0	7807.0	95.0	63.0	4224.0	1240.0	71.0	558.0	37.0	55.0	1.0
3	9	5	-274.3276089116171	1.0	0.5020671206225681	79227.0	5232.0	1213.0	129.0	48.0	7807.0	4224.0	558.0	95.0	1240.0	37.0	63.0	71.0	55.0	1.0
5	3	9	-2.2589340525538826	0.9880562932966941	1.0083723220881555	79227.0	1213.0	7807.0	95.0	63.0	5232.0	129.0	48.0	4224.0	1240.0	71.0	558.0	55.0	37.0	1.0
3	6	7	0.6038431075753314	0.27297392887836414	0.9697674418604652	79352.0	2941.0	3230.0	245.0	81.0	9613.0	232.0	188.0	649.0	2929.0	77.0	228.0	69.0	162.0	4.0
3	7	6	-18.765585804648776	1.0	0.507917174177832	79352.0	3230.0	2941.0	245.0	81.0	9613.0	649.0	228.0	232.0	2929.0	69.0	188.0	77.0	162.0	4.0
6	3	7	-0.5850182624950454	0.7207323237622357	1.0332480818414322	79352.0	2941.0	9613.0	232.0	188.0	3230.0	245.0	81.0	649.0	2929.0	77.0	228.0	162.0	69.0	4.0
3	6	8	0.0	0.49999999949999996	nan	81010.0	1283.0	3399.0	116.0	41.0	9842.0	116.0	75.0	2309.0	1298.0	48.0	361.0	33.0	67.0	2.0
3	8	6	-143.94648402381287	1.0	0.5	81010.0	3399.0	1283.0	116.0	41.0	9842.0	2309.0	361.0	116.0	1298.0	33.0	75.0	48.0	67.0	2.0
6	3	8	0.0	0.49999999949999996	nan	81010.0	1283.0	9842.0	116.0	75.0	3399.0	116.0	41.0	2309.0	1298.0	48.0	361.0	67.0	33.0	2.0
3	6	9	2.0410531652887345	0.02062270400787758	0.9869337979094077	81056.0	1237.0	3403.0	124.0	29.0	9867.0	94.0	72.0	2360.0	1243.0	52.0	362.0	35.0	63.0	3.0
3	9	6	-152.12649591952018	1.0	0.5033318525099956	81056.0	3403.0	1237.0	124.0	29.0	9867.0	2360.0	362.0	94.0	1243.0	35.0	72.0	52.0	63.0	3.0
6	3	9	-2.0140312787226877	0.9779969438713045	1.013599274705349	81056.0	1237.0	9867.0	94.0	72.0	3403.0	124.0	29.0	2360.0	1243.0	52.0	362.0	63.0	35.0	3.0
3	7	8	0.761111627709426	0.2232951312595528	0.9932735426008968	81303.0	1279.0	3106.0	131.0	30.0	10290.0	119.0	81.0	1891.0	1297.0	42.0	331.0	31.0	68.0	1.0
3	8	7	-111.62970539738232	1.0	0.5016987542468856	81303.0	3106.0	1279.0	131.0	30.0	10290.0	1891.0	331.0	119.0	1297.0	31.0	81.0	42.0	68.0	1.0
7	3	8	-0.755957372894238	0.7751626904907709	1.0068649885583525	81303.0	1279.0	10290.0	119.0	81.0	3106.0	131.0	30.0	1891.0	1297.0	42.0	331.0	68.0	31.0	1.0
3	7	9	1.1582596767225146	0.12337909902235755	0.990815775256618	81336.0	1246.0	3123.0	117.0	27.0	10319.0	100.0	71.0	1934.0	1246.0	50.0	336.0	26.0	65.0	4.0
3	9	7	-123.7975195649889	1.0	0.5023281292796494	81336.0	3123.0	1246.0	117.0	27.0	10319.0	1934.0	336.0	100.0	1246.0	26.0	71.0	50.0	65.0	4.0
7	3	9	-1.1475233547463517	0.874417250684135	1.0094444444444444	81336.0	1246.0	10319.0	100.0	71.0	3123.0	117.0	27.0	1934.0	1246.0	50.0	336.0	65.0	26.0	4.0
3	8	9	2.0391158006967043	0.020719168243289565	0.7352941176470588	83148.0	1261.0	1311.0	117.0	12.0	12330.0	90.0	92.0	165.0	1269.0	13.0	94.0	13.0	84.0	1.0
3	9	8	-3.625094756794142	0.9998555368484755	0.6097560975609756	83148.0	1311.0	1261.0	117.0	12.0	12330.0	165.0	94.0	90.0	1269.0	13.0	92.0	13.0	84.0	1.0
8	3	9	-1.3050341124458908	0.9040593163037819	2.285714285714286	83148.0	1261.0	12330.0	90.0	92.0	1311.0	117.0	12.0	165.0	1269.0	13.0	94.0	84.0	13.0	1.0
4	5	6	-0.4888570026784051	0.6875285262491337	1.0053734551316496	79112.0	3254.0	5131.0	203.0	109.0	5700.0	213.0	126.0	2084.0	3373.0	153.0	299.0	106.0	133.0	4.0
4	6	5	-91.95400220380822	1.0	0.4986673773987207	79112.0	5131.0	3254.0	203.0	109.0	5700.0	2084.0	299.0	213.0	3373.0	106.0	126.0	153.0	133.0	4.0
5	4	6	0.4914698140235596	0.3115471015914053	0.994711792702274	79112.0	3254.0	5700.0	213.0	126.0	5131.0	203.0	109.0	2084.0	3373.0	153.0	299.0	133.0	106.0	4.0
4	5	7	-0.9050961114962471	0.8172927913106857	1.0079646017699115	79399.0	2967.0	5163.0	187.0	93.0	5710.0	205.0	124.0	2483.0	2987.0	140.0	317.0	93.0	124.0	8.0
4	7	5	-115.45003733307698	1.0	0.4980323567993004	79399.0	5163.0	2967.0	187.0	93.0	5710.0	2483.0	317.0	205.0	2987.0	93.0	124.0	140.0	124.0	8.0
5	4	7	0.9122478805949883	0.18081909740146873	0.9922212618841834	79399.0	2967.0	5710.0	205.0	124.0	5163.0	187.0	93.0	2483.0	2987.0	140.0	317.0	124.0	93.0	8.0
4	5	8	-1.8880678461801925	0.9704916434288727	1.006385068762279	81060.0	1306.0	5317.0	81.0	45.0	5888.0	107.0	44.0	4205.0	1334.0	71.0	451.0	33.0	54.0	4.0
4	8	5	-299.47660760181174	1.0	0.49841887618584285	81060.0	5317.0	1306.0	81.0	45.0	5888.0	4205.0	451.0	107.0	1334.0	33.0	44.0	71.0	54.0	4.0
5	4	8	1.9000468027445372	0.028713423047975528	0.9937349397590362	81060.0	1306.0	5888.0	107.0	44.0	5317.0	81.0	45.0	4205.0	1334.0	71.0	451.0	54.0	33.0	4.0
4	5	9	0.3847185471490072	0.35022303133874166	0.9988018212317278	81130.0	1236.0	5304.0	87.0	52.0	5904.0	82.0	53.0	4250.0	1287.0	73.0	460.0	31.0	50.0	1.0
4	9	5	-320.31666235626267	1.0	0.5003000840235265	81130.0	5304.0	1236.0	87.0	52.0	5904.0	4250.0	460.0	82.0	1287.0	31.0	53.0	73.0	50.0	1.0
5	4	9	-0.38425703257709143	0.6496059691617039	1.0012025012025012	81130.0	1236.0	5904.0	82.0	53.0	5304.0	87.0	52.0	4250.0	1287.0	73.0	460.0	50.0	31.0	1.0
4	6	7	-1.4684240459686908	0.9290054246269064	1.0806451612903225	81249.0	2994.0	3313.0	176.0	77.0	7716.0	206.0	161.0	608.0	3006.0	78.0	186.0	73.0	154.0	3.0
4	7	6	-21.145306261949138	1.0	0.48201438848920863	81249.0	3313.0	2994.0	176.0	77.0	7716.0	608.0	186.0	206.0	3006.0	73.0	161.0	78.0	154.0	3.0
6	4	7	1.578007929996205	0.05728190035373015	0.935064935064935	81249.0	2994.0	7716.0	206.0	161.0	3313.0	176.0	77.0	608.0	3006.0	78.0	186.0	154.0	73.0	3.0
4	6	8	-1.737951334787591	0.9588903444829564	1.0110192837465564	82931.0	1312.0	3446.0	82.0	38.0	7921.0	106.0	56.0	2308.0	1333.0	51.0	315.0	35.0	66.0	0.0
4	8	6	-161.19498630154897	1.0	0.497289972899729	82931.0	3446.0	1312.0	82.0	38.0	7921.0	2308.0	315.0	106.0	1333.0	35.0	56.0	51.0	66.0	0.0
6	4	8	1.7568935836681099	0.03946793130488113	0.9893333333333333	82931.0	1312.0	7921.0	106.0	56.0	3446.0	82.0	38.0	2308.0	1333.0	51.0	315.0	66.0	35.0	0.0
4	6	9	-0.07734192010285157	0.5308242960140559	1.000440722785368	82983.0	1260.0	3451.0	83.0	32.0	7940.0	84.0	59.0	2354.0	1285.0	53.0	320.0	31.0	62.0	3.0
4	9	6	-175.64350055357528	1.0	0.49988989209425233	82983.0	3451.0	1260.0	83.0	32.0	7940.0	2354.0	320.0	84.0	1285.0	31.0	59.0	53.0	62.0	3.0
6	4	9	0.07737599143329336	0.4691621521121333	0.9995598591549296	82983.0	1260.0	7940.0	84.0	59.0	3451.0	83.0	32.0	2354.0	1285.0	53.0	320.0	62.0	31.0	3.0
4	7	8	-1.3248413678417652	0.9073880486052255	1.0106861642294713	83256.0	1306.0	3121.0	92.0	34.0	8337.0	111.0	62.0	1908.0	1335.0	42.0	299.0	28.0	69.0	0.0
4	8	7	-126.62694336845507	1.0	0.49737060614447826	83256.0	3121.0	1306.0	92.0	34.0	8337.0	1908.0	299.0	111.0	1335.0	28.0	62.0	42.0	69.0	0.0
7	4	8	1.3388491508072595	0.09030995751420834	0.9896457765667575	83256.0	1306.0	8337.0	111.0	62.0	3121.0	92.0	34.0	1908.0	1335.0	42.0	299.0	69.0	28.0	0.0
4	7	9	-0.8584319663153717	0.8046730525425454	1.0059459459459459	83292.0	1270.0	3142.0	76.0	29.0	8363.0	87.0	60.0	1948.0	1287.0	50.0	303.0	26.0	65.0	2.0
4	9	7	-146.08951281294304	1.0	0.4985266541655505	83292.0	3142.0	1270.0	76.0	29.0	8363.0	1948.0	303.0	87.0	1287.0	26.0	60.0	50.0	65.0	2.0
7	4	9	0.863505986535398	0.19392962252173263	0.9941582580987786	83292.0	1270.0	8363.0	87.0	60.0	3142.0	76.0	29.0	1948.0	1287.0	50.0	303.0	65.0	26.0	2.0
4	8	9	-0.07922818021980287	0.5315745018811076	1.0138888888888888	85093.0	1284.0	1341.0	78.0	13.0	10385.0	79.0	80.0	152.0	1309.0	13.0	77.0	12.0	83.0	1.0
4	9	8	-5.862885336265397	0.9999999977181389	0.49659863945578236	85093.0	1341.0	1284.0	78.0	13.0	10385.0	152.0	77.0	79.0	1309.0	12.0	80.0	13.0	83.0	1.0
8	4	9	0.08031349775706044	0.4679938948611816	0.9866666666666667	85093.0	1284.0	10385.0	79.0	80.0	1341.0	78.0	13.0	152.0	1309.0	13.0	77.0	83.0	12.0	1.0
5	6	7	-0.7529140956470055	0.7742492990164956	1.038560411311054	81775.0	3037.0	3334.0	183.0	76.0	7190.0	198.0	126.0	602.0	3028.0	79.0	171.0	72.0	125.0	4.0
5	7	6	-21.031400405073025	1.0	0.4908869987849332	81775.0	3334.0	3037.0	183.0	76.0	7190.0	602.0	171.0	198.0	3028.0	72.0	126.0	79.0	125.0	4.0
6	5	7	0.7808688269210279	0.21743976035009438	0.9654377880184332	81775.0	3037.0	7190.0	198.0	126.0	3334.0	183.0	76.0	602.0	3028.0	79.0	171.0	125.0	72.0	4.0
5	6	8	-0.23053945867752487	0.5911636521078992	1.0013537906137184	83478.0	1334.0	3470.0	83.0	40.0	7374.0	86.0	54.0	2305.0	1353.0	51.0	294.0	30.0	45.0	3.0
5	8	6	-170.75289239381996	1.0	0.4996622382346318	83478.0	3470.0	1334.0	83.0	40.0	7374.0	2305.0	294.0	86.0	1353.0	30.0	54.0	51.0	45.0	3.0
6	5	8	0.23085113888303752	0.4087152707945154	0.9986516853932584	83478.0	1334.0	7374.0	86.0	54.0	3470.0	83.0	40.0	2305.0	1353.0	51.0	294.0	45.0	30.0	3.0
5	6	9	-0.37741508736269697	0.647067364057186	1.0022143489813995	83558.0	1254.0	3476.0	85.0	32.0	7365.0	90.0	59.0	2353.0	1303.0	53.0	296.0	31.0	42.0	3.0
5	9	6	-171.19548362771926	1.0	0.499448245420437	83558.0	3476.0	1254.0	85.0	32.0	7365.0	2353.0	296.0	90.0	1303.0	31.0	59.0	53.0	42.0	3.0
6	5	9	0.37824896957074533	0.3526228827044269	0.9978002639683238	83558.0	1254.0	7365.0	90.0	59.0	3476.0	85.0	32.0	2353.0	1303.0	53.0	296.0	42.0	31.0	3.0
5	7	8	0.21718969504519378	0.4140302945270542	0.9983452840595698	83782.0	1327.0	3166.0	97.0	33.0	7811.0	94.0	58.0	1904.0	1349.0	45.0	258.0	26.0	50.0	0.0
5	8	7	-130.82059298222126	1.0	0.5004147083218137	83782.0	3166.0	1327.0	97.0	33.0	7811.0	1904.0	258.0	94.0	1349.0	26.0	58.0	45.0	50.0	0.0
7	5	8	-0.2168297121252294	0.5858294353861302	1.0016629711751663	83782.0	1327.0	7811.0	94.0	58.0	3166.0	97.0	33.0	1904.0	1349.0	45.0	258.0	50.0	26.0	0.0
5	7	9	-1.3719962364841092	0.9149676355940422	1.009825327510917	83843.0	1266.0	3191.0	76.0	29.0	7812.0	94.0	57.0	1944.0	1303.0	51.0	258.0	27.0	49.0	0.0
5	9	7	-142.3827205417953	1.0	0.49757934373318985	83843.0	3191.0	1266.0	76.0	29.0	7812.0	1944.0	258.0	94.0	1303.0	27.0	57.0	51.0	49.0	0.0
7	5	9	1.3853453890553058	0.08297349791700148	0.9904559915164369	83843.0	1266.0	7812.0	94.0	57.0	3191.0	76.0	29.0	1944.0	1303.0	51.0	258.0	49.0	27.0	0.0
5	8	9	-0.47953293423200444	0.6842202181892243	1.1944444444444444	85672.0	1276.0	1362.0	85.0	10.0	9806.0	92.0	75.0	135.0	1319.0	15.0	73.0	13.0	66.0	1.0
5	9	8	-3.4252352445143197	0.999692816595675	0.4623655913978495	85672.0	1362.0	1276.0	85.0	10.0	9806.0	135.0	73.0	92.0	1319.0	13.0	75.0	15.0	66.0	1.0
8	5	9	0.5575964351534936	0.2885599650890385	0.8771929824561404	85672.0	1276.0	9806.0	92.0	75.0	1362.0	85.0	10.0	135.0	1319.0	15.0	73.0	66.0	13.0	1.0
6	7	8	0.27060114484490194	0.3933489701861017	0.9983677910772579	87588.0	1377.0	3264.0	63.0	34.0	4005.0	60.0	42.0	1895.0	1396.0	45.0	169.0	25.0	37.0	0.0
6	8	7	-165.2470991186203	1.0	0.500409053722389	87588.0	3264.0	1377.0	63.0	34.0	4005.0	1895.0	169.0	60.0	1396.0	25.0	42.0	45.0	37.0	0.0
7	6	8	-0.27015874515305743	0.6064808727726364	1.0016402405686167	87588.0	1377.0	4005.0	60.0	42.0	3264.0	63.0	34.0	1895.0	1396.0	45.0	169.0	37.0	25.0	0.0
6	7	9	-1.1094051645141174	0.8663722353987429	1.0064205457463884	87645.0	1320.0	3278.0	52.0	31.0	4010.0	64.0	33.0	1945.0	1341.0	50.0	170.0	25.0	35.0	1.0
6	9	7	-175.0086647021022	1.0	0.4984101748807631	87645.0	3278.0	1320.0	52.0	31.0	4010.0	1945.0	170.0	64.0	1341.0	25.0	33.0	50.0	35.0	1.0
7	6	9	1.1164827094232983	0.1321078324373155	0.9937007874015747	87645.0	1320.0	4010.0	64.0	33.0	3278.0	52.0	31.0	1945.0	1341.0	50.0	170.0	35.0	25.0	1.0
6	8	9	-0.18654646963349747	0.5739918652957389	1.0425531914893618	89514.0	1338.0	1409.0	54.0	11.0	5964.0	56.0	49.0	105.0	1361.0	15.0	56.0	13.0	55.0	0.0
6	9	8	-4.756934975654173	0.9999990160154598	0.49	89514.0	1409.0	1338.0	54.0	11.0	5964.0	105.0	56.0	56.0	1361.0	13.0	49.0	15.0	55.0	0.0
8	6	9	0.19416061125119125	0.4230250821370598	0.9622641509433962	89514.0	1338.0	5964.0	56.0	49.0	1409.0	54.0	11.0	105.0	1361.0	15.0	56.0	55.0	13.0	0.0
7	8	9	0.9609399118997776	0.16829118519506892	0.8767123287671232	90240.0	1353.0	1415.0	53.0	11.0	5238.0	44.0	46.0	108.0	1372.0	16.0	47.0	12.0	45.0	0.0
7	9	8	-5.872410572720864	0.9999999978454487	0.5378151260504201	90240.0	1415.0	1353.0	53.0	11.0	5238.0	108.0	47.0	44.0	1372.0	12.0	46.0	16.0	45.0	0.0
8	7	9	-0.8258077367888713	0.795543471347401	1.1956521739130435	90240.0	1353.0	5238.0	44.0	46.0	1415.0	53.0	11.0	108.0	1372.0	16.0	47.0	45.0	12.0	0.0
