P1	Hybrid	P2	Zscore	Pvalue	Gamma	AAAA	AAAB	AABA	AABB	AABC	ABAA	ABAB	ABAC	ABBA	BAAA	ABBC	CABC	BACA	BCAA	ABCD
1	2	3	-0.6073544530630601	0.7281921964007457	1.148936170212766	36639.0	2531.0	2541.0	223.0	120.0	4199.0	237.0	150.0	345.0	2487.0	105.0	176.0	100.0	143.0	4.0
1	3	2	-5.29266023383524	0.9999999396002412	0.4695652173913043	36639.0	2541.0	2531.0	223.0	120.0	4199.0	345.0	176.0	237.0	2487.0	100.0	150.0	105.0	143.0	4.0
2	1	3	0.6860855858675308	0.2463295020516706	0.8970588235294118	36639.0	2531.0	4199.0	237.0	150.0	2541.0	223.0	120.0	345.0	2487.0	105.0	176.0	143.0	100.0	4.0
1	2	4	0.4521813976239975	0.3255691783930712	0.9896907216494846	37159.0	2011.0	2630.0	162.0	92.0	4310.0	154.0	122.0	922.0	1928.0	87.0	217.0	77.0	126.0	3.0
1	4	2	-42.957232774279774	1.0	0.5026178010471204	37159.0	2630.0	2011.0	162.0	92.0	4310.0	922.0	217.0	154.0	1928.0	77.0	122.0	87.0	126.0	3.0
2	1	4	-0.4474711747320808	0.6727325253186962	1.0106382978723405	37159.0	2011.0	4310.0	154.0	122.0	2630.0	162.0	92.0	922.0	1928.0	87.0	217.0	126.0	77.0	3.0
1	2	5	-1.7369345099839082	0.9588006732121666	1.029440628066732	37501.0	1669.0	2690.0	129.0	65.0	4332.0	159.0	95.0	1208.0	1642.0	87.0	261.0	60.0	98.0	4.0
1	5	2	-62.47174454242126	1.0	0.4929511278195489	37501.0	2690.0	1669.0	129.0	65.0	4332.0	1208.0	261.0	159.0	1642.0	60.0	95.0	87.0	98.0	4.0
2	1	5	1.7866085188490346	0.037000342200395386	0.9729486023444545	37501.0	1669.0	4332.0	159.0	95.0	2690.0	129.0	65.0	1208.0	1642.0	87.0	261.0	98.0	60.0	4.0
1	2	6	-0.9898373603067911	0.8388731837707488	1.00990099009901	37969.0	1201.0	2742.0	106.0	36.0	4396.0	121.0	69.0	1651.0	1221.0	65.0	305.0	50.0	68.0	0.0
1	6	2	-101.95324811159954	1.0	0.4975609756097561	37969.0	2742.0	1201.0	106.0	36.0	4396.0	1651.0	305.0	121.0	1221.0	50.0	69.0	65.0	68.0	0.0
2	1	6	0.9995416481529362	0.15876619680096982	0.9903846153846154	37969.0	1201.0	4396.0	121.0	69.0	2742.0	106.0	36.0	1651.0	1221.0	65.0	305.0	68.0	50.0	0.0
1	2	7	-1.1063559141022385	0.8657137043208831	1.0112657388999338	37906.0	1264.0	2742.0	108.0	34.0	4394.0	125.0	67.0	1651.0	1228.0	58.0	304.0	50.0	67.0	2.0
1	7	2	-100.41806914469143	1.0	0.4972303681981101	37906.0	2742.0	1264.0	108.0	34.0	4394.0	1651.0	304.0	125.0	1228.0	50.0	67.0	58.0	67.0	2.0
2	1	7	1.1186809799867328	0.1316381804647958	0.9891025641025641	37906.0	1264.0	4394.0	125.0	67.0	2742.0	108.0	34.0	1651.0	1228.0	58.0	304.0	67.0	50.0	2.0
1	2	8	-0.7541113694675561	0.7746088920087285	1.0071754729288975	37927.0	1243.0	2741.0	100.0	43.0	4393.0	111.0	82.0	1655.0	1224.0	58.0	304.0	48.0	66.0	5.0
1	8	2	-106.60392541109533	1.0	0.4982252339464343	37927.0	2741.0	1243.0	100.0	43.0	4393.0	1655.0	304.0	111.0	1224.0	48.0	82.0	58.0	66.0	5.0
2	1	8	0.7594839245609131	0.2237814964922491	0.9929757343550447	37927.0	1243.0	4393.0	111.0	82.0	2741.0	100.0	43.0	1655.0	1224.0	58.0	304.0	66.0	48.0	5.0
1	2	9	0.8964663887269816	0.18500183138184556	0.9972741433021807	38847.0	323.0	2845.0	34.0	5.0	4542.0	27.0	17.0	2588.0	332.0	17.0	395.0	12.0	16.0	0.0
1	9	2	-327.0821652583875	1.0	0.5006842619745845	38847.0	2845.0	323.0	34.0	5.0	4542.0	2588.0	395.0	27.0	332.0	12.0	17.0	17.0	16.0	0.0
2	1	9	-0.8940160706008242	0.8143433850513672	1.0027483313702394	38847.0	323.0	4542.0	27.0	17.0	2845.0	34.0	5.0	2588.0	332.0	17.0	395.0	16.0	12.0	0.0
1	3	4	0.9026743226291881	0.1833493558548709	0.9743589743589743	37180.0	2000.0	2609.0	190.0	75.0	4429.0	173.0	118.0	819.0	1915.0	90.0	201.0	71.0	126.0	4.0
1	4	3	-33.39894993727996	1.0	0.5066666666666666	37180.0	2609.0	2000.0	190.0	75.0	4429.0	819.0	201.0	173.0	1915.0	71.0	118.0	90.0	126.0	4.0
3	1	4	-0.8789197351915778	0.8102776382178347	1.0277777777777777	37180.0	2000.0	4429.0	173.0	118.0	2609.0	190.0	75.0	819.0	1915.0	90.0	201.0	126.0	71.0	4.0
1	3	5	-1.5825630462468876	0.9432394491551737	1.0306345733041575	37521.0	1659.0	2670.0	137.0	67.0	4458.0	165.0	97.0	1107.0	1636.0	81.0	236.0	60.0	102.0	4.0
1	5	3	-54.82450553069577	1.0	0.4926778242677824	37521.0	2670.0	1659.0	137.0	67.0	4458.0	1107.0	236.0	165.0	1636.0	60.0	97.0	81.0	102.0	4.0
3	1	5	1.6296031367935042	0.051592691148013126	0.9719438877755511	37521.0	1659.0	4458.0	165.0	97.0	2670.0	137.0	67.0	1107.0	1636.0	81.0	236.0	102.0	60.0	4.0
1	3	6	-2.246171991542394	0.987653542755596	1.0253256150506511	37974.0	1206.0	2737.0	100.0	37.0	4516.0	135.0	69.0	1552.0	1210.0	62.0	284.0	47.0	67.0	4.0
1	6	3	-93.18404947770156	1.0	0.4939003136981527	37974.0	2737.0	1206.0	100.0	37.0	4516.0	1552.0	284.0	135.0	1210.0	47.0	69.0	62.0	67.0	4.0
3	1	6	2.3016525982495106	0.010677357496655548	0.976462676529926	37974.0	1206.0	4516.0	135.0	69.0	2737.0	100.0	37.0	1552.0	1210.0	62.0	284.0	67.0	47.0	4.0
1	3	7	-2.3798626411780885	0.9913404649241732	1.027596223674655	37921.0	1259.0	2727.0	104.0	43.0	4507.0	142.0	71.0	1557.0	1214.0	53.0	285.0	47.0	66.0	4.0
1	7	3	-90.99843204294115	1.0	0.49337517433751743	37921.0	2727.0	1259.0	104.0	43.0	4507.0	1557.0	285.0	142.0	1214.0	47.0	71.0	53.0	66.0	4.0
3	1	7	2.443774146736228	0.0072672639836917075	0.9745137491616365	37921.0	1259.0	4507.0	142.0	71.0	2727.0	104.0	43.0	1557.0	1214.0	53.0	285.0	66.0	47.0	4.0
1	3	8	-0.31878995384678704	0.6250570327160465	1.003518648838846	37943.0	1237.0	2725.0	120.0	29.0	4516.0	125.0	79.0	1551.0	1210.0	63.0	285.0	48.0	68.0	1.0
1	8	3	-91.23768479095062	1.0	0.4991249562478124	37943.0	2725.0	1237.0	120.0	29.0	4516.0	1551.0	285.0	125.0	1210.0	48.0	79.0	63.0	68.0	1.0
3	1	8	0.319907730683557	0.37451920752672874	0.9965181058495822	37943.0	1237.0	4516.0	125.0	79.0	2725.0	120.0	29.0	1551.0	1210.0	63.0	285.0	68.0	48.0	1.0
1	3	9	-0.8796792231160802	0.8104834826695062	1.002866502866503	38855.0	325.0	2837.0	28.0	9.0	4665.0	35.0	20.0	2484.0	327.0	13.0	376.0	9.0	17.0	0.0
1	9	3	-308.64173885330064	1.0	0.49928644240570846	38855.0	2837.0	325.0	28.0	9.0	4665.0	2484.0	376.0	35.0	327.0	9.0	20.0	13.0	17.0	0.0
3	1	9	0.8821936186088578	0.18883602040713898	0.9971579374746244	38855.0	325.0	4665.0	35.0	20.0	2837.0	28.0	9.0	2484.0	327.0	13.0	376.0	17.0	9.0	0.0
1	4	5	-1.1801261588074572	0.881024916927473	1.0820895522388059	38127.0	1662.0	2064.0	148.0	53.0	5164.0	170.0	115.0	460.0	1644.0	55.0	177.0	47.0	108.0	6.0
1	5	4	-16.736334615814833	1.0	0.48172757475083056	38127.0	2064.0	1662.0	148.0	53.0	5164.0	460.0	177.0	170.0	1644.0	47.0	115.0	55.0	108.0	6.0
4	1	5	1.2696529708549196	0.10210420469764281	0.9341317365269461	38127.0	1662.0	5164.0	170.0	115.0	2064.0	148.0	53.0	460.0	1644.0	55.0	177.0	108.0	47.0	6.0
1	4	6	-0.8527070938312101	0.8030891676815547	1.018716577540107	38607.0	1182.0	2104.0	125.0	36.0	5220.0	139.0	90.0	901.0	1219.0	39.0	231.0	34.0	71.0	2.0
1	6	4	-47.26433605807272	1.0	0.4954486345903771	38607.0	2104.0	1182.0	125.0	36.0	5220.0	901.0	231.0	139.0	1219.0	34.0	90.0	39.0	71.0	2.0
4	1	6	0.8683736283635421	0.19259487291610866	0.9822784810126582	38607.0	1182.0	5220.0	139.0	90.0	2104.0	125.0	36.0	901.0	1219.0	39.0	231.0	71.0	34.0	2.0
1	4	7	-0.7735932719144744	0.780414388925283	1.0174966352624495	38550.0	1239.0	2098.0	132.0	35.0	5219.0	145.0	85.0	901.0	1224.0	34.0	229.0	34.0	71.0	4.0
1	7	4	-45.76101739247926	1.0	0.49573770491803276	38550.0	2098.0	1239.0	132.0	35.0	5219.0	901.0	229.0	145.0	1224.0	34.0	85.0	34.0	71.0	4.0
4	1	7	0.7868958017225274	0.21567137001505665	0.9833759590792839	38550.0	1239.0	5219.0	145.0	85.0	2098.0	132.0	35.0	901.0	1224.0	34.0	229.0	71.0	34.0	4.0
1	4	8	-0.777581988001703	0.7815923228217603	1.015748031496063	38557.0	1232.0	2111.0	111.0	43.0	5229.0	123.0	97.0	897.0	1220.0	42.0	226.0	40.0	71.0	1.0
1	8	4	-50.93162021411149	1.0	0.49615384615384617	38557.0	2111.0	1232.0	111.0	43.0	5229.0	897.0	226.0	123.0	1220.0	40.0	97.0	42.0	71.0	1.0
4	1	8	0.7896375226994038	0.214869681920428	0.9849624060150376	38557.0	1232.0	5229.0	123.0	97.0	2111.0	111.0	43.0	897.0	1220.0	42.0	226.0	71.0	40.0	1.0
1	4	9	-0.25782964253822266	0.6017307486286942	1.0011229646266142	39464.0	325.0	2228.0	29.0	8.0	5397.0	31.0	21.0	1814.0	334.0	11.0	314.0	6.0	18.0	0.0
1	9	4	-230.11295596536357	1.0	0.499719730941704	39464.0	2228.0	325.0	29.0	8.0	5397.0	1814.0	314.0	31.0	334.0	6.0	21.0	11.0	18.0	0.0
4	1	9	0.25811885133523693	0.3981576499238959	0.9988808058198098	39464.0	325.0	5397.0	31.0	21.0	2228.0	29.0	8.0	1814.0	334.0	11.0	314.0	18.0	6.0	0.0
1	5	6	-0.7543688087837165	0.7746861697597228	1.0257510729613735	38993.0	1198.0	1718.0	117.0	28.0	5579.0	129.0	93.0	607.0	1224.0	30.0	166.0	39.0	75.0	4.0
1	6	5	-30.803393025335016	1.0	0.49380165289256195	38993.0	1718.0	1198.0	117.0	28.0	5579.0	607.0	166.0	129.0	1224.0	39.0	93.0	30.0	75.0	4.0
5	1	6	0.7733069378745212	0.2196703103892439	0.9760956175298805	38993.0	1198.0	5579.0	129.0	93.0	1718.0	117.0	28.0	607.0	1224.0	30.0	166.0	75.0	39.0	4.0
1	5	7	-0.7984035576817194	0.7876818906467953	1.0283842794759825	38933.0	1258.0	1715.0	122.0	26.0	5575.0	135.0	91.0	606.0	1229.0	26.0	168.0	39.0	73.0	4.0
1	7	5	-29.725178609073225	1.0	0.49319371727748695	38933.0	1715.0	1258.0	122.0	26.0	5575.0	606.0	168.0	135.0	1229.0	39.0	91.0	26.0	73.0	4.0
5	1	7	0.8204401739234655	0.20598255558398693	0.9738430583501007	38933.0	1258.0	5575.0	135.0	91.0	1715.0	122.0	26.0	606.0	1229.0	26.0	168.0	73.0	39.0	4.0
1	5	8	0.0642017069899916	0.47440473942364214	0.9979633401221996	38958.0	1233.0	1710.0	122.0	31.0	5578.0	121.0	102.0	611.0	1220.0	30.0	163.0	42.0	76.0	3.0
1	8	5	-31.394634718105813	1.0	0.5005107252298264	38958.0	1710.0	1233.0	122.0	31.0	5578.0	611.0	163.0	121.0	1220.0	42.0	102.0	30.0	76.0	3.0
5	1	8	-0.06407068309817529	0.5255430970037018	1.0020491803278688	38958.0	1233.0	5578.0	121.0	102.0	1710.0	122.0	31.0	611.0	1220.0	30.0	163.0	76.0	42.0	3.0
1	5	9	0.12211803239517825	0.45140272934953296	0.999330655957162	39875.0	316.0	1817.0	34.0	12.0	5747.0	33.0	21.0	1526.0	325.0	10.0	252.0	13.0	19.0	0.0
1	9	5	-182.20010433360576	1.0	0.5001675041876047	39875.0	1817.0	316.0	34.0	12.0	5747.0	1526.0	252.0	33.0	325.0	13.0	21.0	10.0	19.0	0.0
5	1	9	-0.12203623866952845	0.5485648819840806	1.000670690811536	39875.0	316.0	5747.0	33.0	21.0	1817.0	34.0	12.0	1526.0	325.0	10.0	252.0	19.0	13.0	0.0
1	6	7	-99999.9	1.0	-0.005813953488372093	40385.0	326.0	263.0	1074.0	6.0	6290.0	36.0	26.0	30.0	1358.0	4.0	29.0	9.0	164.0	0.0
1	7	6	0.7397207312457437	0.2297346643523126	0.005714285714285714	40385.0	263.0	326.0	1074.0	6.0	6290.0	30.0	29.0	36.0	1358.0	9.0	26.0	4.0	164.0	0.0
6	1	7	-127.9716865055137	1.0	0.5014409221902018	40385.0	326.0	6290.0	36.0	26.0	263.0	1074.0	6.0	30.0	1358.0	4.0	29.0	164.0	9.0	0.0
1	6	8	-0.22179265822831132	0.5877623126010894	1.3333333333333333	39466.0	1245.0	1202.0	121.0	20.0	6118.0	125.0	109.0	141.0	1235.0	16.0	93.0	23.0	84.0	2.0
1	8	6	-1.10896329114156	0.8662769440777865	0.4444444444444445	39466.0	1202.0	1245.0	121.0	20.0	6118.0	141.0	93.0	125.0	1235.0	23.0	109.0	16.0	84.0	2.0
6	1	8	0.27724082278538886	0.3907976621945556	0.8333333333333334	39466.0	1245.0	6118.0	125.0	109.0	1202.0	121.0	20.0	141.0	1235.0	16.0	93.0	84.0	23.0	2.0
1	6	9	-0.5148212170867053	0.6966610305255678	1.0039370078740157	40384.0	327.0	1308.0	28.0	7.0	6300.0	32.0	20.0	1052.0	333.0	7.0	173.0	6.0	22.0	1.0
1	9	6	-131.79423157419643	1.0	0.49902152641878667	40384.0	1308.0	327.0	28.0	7.0	6300.0	1052.0	173.0	32.0	333.0	6.0	20.0	7.0	22.0	1.0
6	1	9	0.5168401238203786	0.30263387371223516	0.9961089494163424	40384.0	327.0	6300.0	32.0	20.0	1308.0	28.0	7.0	1052.0	333.0	7.0	173.0	22.0	6.0	1.0
1	7	8	0.06503006874681083	0.4740749600885986	0.9565217391304348	39406.0	1242.0	1262.0	124.0	20.0	6114.0	123.0	112.0	145.0	1240.0	18.0	93.0	20.0	80.0	1.0
1	8	7	-1.3656314436830246	0.9139726032284288	0.5116279069767442	39406.0	1262.0	1242.0	124.0	20.0	6114.0	145.0	93.0	123.0	1240.0	20.0	112.0	18.0	80.0	1.0
7	1	8	-0.0620741565310467	0.52474818095038	1.05	39406.0	1242.0	6114.0	123.0	112.0	1262.0	124.0	20.0	145.0	1240.0	18.0	93.0	80.0	20.0	1.0
1	7	9	0.0	0.49999999949999996	nan	40325.0	323.0	1367.0	32.0	7.0	6297.0	32.0	20.0	1062.0	334.0	7.0	166.0	5.0	23.0	0.0
1	9	7	-128.64953178337316	1.0	0.5	40325.0	1367.0	323.0	32.0	7.0	6297.0	1062.0	166.0	32.0	334.0	5.0	20.0	7.0	23.0	0.0
7	1	9	0.0	0.49999999949999996	nan	40325.0	323.0	6297.0	32.0	20.0	1367.0	32.0	7.0	1062.0	334.0	7.0	166.0	23.0	5.0	0.0
1	8	9	0.0	0.49999999949999996	nan	40346.0	322.0	1346.0	33.0	7.0	6299.0	33.0	20.0	1038.0	335.0	10.0	188.0	3.0	20.0	0.0
1	9	8	-123.61333741179251	1.0	0.5	40346.0	1346.0	322.0	33.0	7.0	6299.0	1038.0	188.0	33.0	335.0	3.0	20.0	10.0	20.0	0.0
8	1	9	0.0	0.49999999949999996	nan	40346.0	322.0	6299.0	33.0	20.0	1346.0	33.0	7.0	1038.0	335.0	10.0	188.0	20.0	3.0	0.0
2	3	4	0.2951924336431464	0.3839235085891268	0.9921135646687698	38777.0	2061.0	2692.0	147.0	79.0	2832.0	142.0	88.0	771.0	2000.0	82.0	166.0	74.0	84.0	5.0
2	4	3	-36.84001571866473	1.0	0.5019952114924182	38777.0	2692.0	2061.0	147.0	79.0	2832.0	771.0	166.0	142.0	2000.0	74.0	88.0	82.0	84.0	5.0
3	2	4	-0.2928459119130737	0.6151799659737678	1.0080775444264944	38777.0	2061.0	2832.0	142.0	88.0	2692.0	147.0	79.0	771.0	2000.0	82.0	166.0	84.0	74.0	5.0
2	3	5	-0.06661686162177369	0.5265567086317733	1.0010416666666666	39094.0	1744.0	2739.0	112.0	67.0	2885.0	113.0	64.0	1074.0	1696.0	83.0	200.0	60.0	67.0	2.0
2	5	3	-64.0854208801461	1.0	0.499739989599584	39094.0	2739.0	1744.0	112.0	67.0	2885.0	1074.0	200.0	113.0	1696.0	60.0	64.0	83.0	67.0	2.0
3	2	5	0.0666861819772594	0.47341569791112714	0.9989615784008308	39094.0	1744.0	2885.0	113.0	64.0	2739.0	112.0	67.0	1074.0	1696.0	83.0	200.0	67.0	60.0	2.0
2	3	6	-1.9474444161413833	0.9742593299570292	1.018374558303887	39565.0	1273.0	2800.0	74.0	44.0	2925.0	100.0	37.0	1541.0	1252.0	60.0	232.0	43.0	51.0	3.0
2	6	3	-109.88080609536189	1.0	0.4955295735900963	39565.0	2800.0	1273.0	74.0	44.0	2925.0	1541.0	232.0	100.0	1252.0	43.0	37.0	60.0	51.0	3.0
3	2	6	1.9825822057455997	0.023706989059299466	0.9825853985264568	39565.0	1273.0	2925.0	100.0	37.0	2800.0	74.0	44.0	1541.0	1252.0	60.0	232.0	51.0	43.0	3.0
2	3	7	-2.0041010354028788	0.9774704497034286	1.019108280254777	39505.0	1333.0	2795.0	75.0	48.0	2923.0	102.0	37.0	1542.0	1258.0	53.0	232.0	43.0	51.0	3.0
2	7	3	-108.88948959022309	1.0	0.49535603715170273	39505.0	2795.0	1333.0	75.0	48.0	2923.0	1542.0	232.0	102.0	1258.0	43.0	37.0	53.0	51.0	3.0
3	2	7	2.041677929816683	0.020591677296071254	0.9819277108433735	39505.0	1333.0	2923.0	102.0	37.0	2795.0	75.0	48.0	1542.0	1258.0	53.0	232.0	51.0	43.0	3.0
2	3	8	-0.07469659951403908	0.5297720117164166	1.0006896551724138	39530.0	1308.0	2790.0	89.0	39.0	2929.0	90.0	43.0	1541.0	1257.0	55.0	230.0	43.0	52.0	4.0
2	8	3	-108.45946249438565	1.0	0.49982776438167414	39530.0	2790.0	1308.0	89.0	39.0	2929.0	1541.0	230.0	90.0	1257.0	43.0	43.0	55.0	52.0	4.0
3	2	8	0.07474807890722587	0.4702075082435111	0.9993117687543015	39530.0	1308.0	2929.0	90.0	43.0	2790.0	89.0	39.0	1541.0	1257.0	55.0	230.0	52.0	43.0	4.0
2	3	9	-1.8864926694774584	0.970385767012341	1.0053017944535074	40497.0	341.0	2892.0	17.0	9.0	3023.0	30.0	9.0	2495.0	344.0	14.0	310.0	8.0	11.0	0.0
2	9	3	-359.59452576654866	1.0	0.4986850091037831	40497.0	2892.0	341.0	17.0	9.0	3023.0	2495.0	310.0	30.0	344.0	8.0	9.0	14.0	11.0	0.0
3	2	9	1.896441718038597	0.028950764324429445	0.9947812123645122	40497.0	341.0	3023.0	30.0	9.0	2892.0	17.0	9.0	2495.0	344.0	14.0	310.0	11.0	8.0	0.0
2	4	5	0.06587847795158078	0.47373721809107494	0.9970149253731343	39718.0	1751.0	2115.0	116.0	56.0	3573.0	115.0	81.0	449.0	1709.0	58.0	137.0	45.0	75.0	2.0
2	5	4	-21.93753315787633	1.0	0.5007496251874064	39718.0	2115.0	1751.0	116.0	56.0	3573.0	449.0	137.0	115.0	1709.0	45.0	81.0	58.0	75.0	2.0
4	2	5	-0.06568123699962992	0.5261842642193688	1.0030120481927711	39718.0	1751.0	3573.0	115.0	81.0	2115.0	116.0	56.0	449.0	1709.0	58.0	137.0	75.0	45.0	2.0
2	4	6	-0.6186283785224495	0.7319194530268593	1.01125	40218.0	1251.0	2147.0	100.0	40.0	3609.0	109.0	51.0	918.0	1258.0	40.0	171.0	28.0	57.0	3.0
2	6	4	-56.22644595904038	1.0	0.4972341733251383	40218.0	2147.0	1251.0	100.0	40.0	3609.0	918.0	171.0	109.0	1258.0	28.0	51.0	40.0	57.0	3.0
4	2	6	0.6255105236481628	0.26581796562788607	0.9891172914147521	40218.0	1251.0	3609.0	109.0	51.0	2147.0	100.0	40.0	918.0	1258.0	40.0	171.0	57.0	28.0	3.0
2	4	7	-0.34139904373153845	0.6335983358109613	1.00625	40157.0	1312.0	2143.0	104.0	40.0	3612.0	109.0	48.0	914.0	1266.0	36.0	171.0	28.0	57.0	3.0
2	7	4	-55.3066450845093	1.0	0.4984520123839009	40157.0	2143.0	1312.0	104.0	40.0	3612.0	914.0	171.0	109.0	1266.0	28.0	48.0	36.0	57.0	3.0
4	2	7	0.34351953468639274	0.3656038900836345	0.9938650306748467	40157.0	1312.0	3612.0	109.0	48.0	2143.0	104.0	40.0	914.0	1266.0	36.0	171.0	57.0	28.0	3.0
2	4	8	-0.7660055416957808	0.7781635636648194	1.0123762376237624	40161.0	1308.0	2159.0	79.0	49.0	3625.0	89.0	55.0	907.0	1269.0	40.0	168.0	32.0	54.0	5.0
2	8	4	-63.42525885241062	1.0	0.49696233292831105	40161.0	2159.0	1308.0	79.0	49.0	3625.0	907.0	168.0	89.0	1269.0	32.0	55.0	40.0	54.0	5.0
4	2	8	0.7753699126211571	0.2190604895939361	0.9880668257756563	40161.0	1308.0	3625.0	89.0	55.0	2159.0	79.0	49.0	907.0	1269.0	40.0	168.0	54.0	32.0	5.0
2	4	9	-1.4998646014155406	0.9331752307048032	1.0055035773252614	41129.0	340.0	2260.0	17.0	10.0	3732.0	27.0	10.0	1854.0	351.0	11.0	242.0	4.0	13.0	0.0
2	9	4	-275.52512728003546	1.0	0.4986353711790393	41129.0	2260.0	340.0	17.0	10.0	3732.0	1854.0	242.0	27.0	351.0	4.0	10.0	11.0	13.0	0.0
4	2	9	1.5080740409416242	0.06576781650639951	0.9945858148348673	41129.0	340.0	3732.0	27.0	10.0	2260.0	17.0	10.0	1854.0	351.0	11.0	242.0	13.0	4.0	0.0
2	5	6	0.0	0.49999999949999996	nan	40569.0	1264.0	1796.0	98.0	29.0	4003.0	98.0	58.0	578.0	1259.0	32.0	117.0	38.0	59.0	2.0
2	6	5	-34.2769712754266	1.0	0.5	40569.0	1796.0	1264.0	98.0	29.0	4003.0	578.0	117.0	98.0	1259.0	38.0	58.0	32.0	59.0	2.0
5	2	6	0.0	0.49999999949999996	nan	40569.0	1264.0	4003.0	98.0	58.0	1796.0	98.0	29.0	578.0	1259.0	32.0	117.0	59.0	38.0	2.0
2	5	7	0.07094412596494021	0.4717210430808654	0.9978991596638656	40503.0	1330.0	1797.0	100.0	26.0	4005.0	99.0	55.0	574.0	1266.0	29.0	118.0	38.0	58.0	2.0
2	7	5	-33.62751570738232	1.0	0.5005268703898841	40503.0	1797.0	1330.0	100.0	26.0	4005.0	574.0	118.0	99.0	1266.0	38.0	55.0	29.0	58.0	2.0
5	2	7	-0.0707947699102772	0.5282195219407068	1.0021141649048626	40503.0	1330.0	4005.0	99.0	55.0	1797.0	100.0	26.0	574.0	1266.0	29.0	118.0	58.0	38.0	2.0
2	5	8	0.7356849325659517	0.23096116173574055	0.9801192842942346	40529.0	1304.0	1791.0	99.0	33.0	4007.0	89.0	63.0	582.0	1259.0	28.0	111.0	42.0	60.0	3.0
2	8	5	-35.53358224293545	1.0	0.5051229508196721	40529.0	1791.0	1304.0	99.0	33.0	4007.0	582.0	111.0	89.0	1259.0	42.0	63.0	28.0	60.0	3.0
5	2	8	-0.7207623173009223	0.7644721875561977	1.0211416490486258	40529.0	1304.0	4007.0	89.0	63.0	1791.0	99.0	33.0	582.0	1259.0	28.0	111.0	60.0	42.0	3.0
2	5	9	-0.41920058360924684	0.6624651864253832	1.0020174848688634	41502.0	331.0	1887.0	24.0	12.0	4120.0	27.0	12.0	1517.0	342.0	10.0	191.0	13.0	12.0	0.0
2	9	5	-208.6221571095356	1.0	0.49949715051961113	41502.0	1887.0	331.0	24.0	12.0	4120.0	1517.0	191.0	27.0	342.0	13.0	12.0	10.0	12.0	0.0
5	2	9	0.42004461162993656	0.337226472406694	0.9979946524064172	41502.0	331.0	4120.0	27.0	12.0	1887.0	24.0	12.0	1517.0	342.0	10.0	191.0	12.0	13.0	0.0
2	6	7	-99999.9	1.0	-0.0037243947858473	42020.0	345.0	280.0	1104.0	7.0	4655.0	26.0	17.0	22.0	1369.0	4.0	20.0	8.0	123.0	0.0
2	7	6	0.5776370004696992	0.2817545711081848	0.0036832412523020255	42020.0	280.0	345.0	1104.0	7.0	4655.0	22.0	20.0	26.0	1369.0	8.0	17.0	4.0	123.0	0.0
6	2	7	-155.6731716265837	1.0	0.5009259259259259	42020.0	345.0	4655.0	26.0	17.0	280.0	1104.0	7.0	22.0	1369.0	4.0	20.0	123.0	8.0	0.0
2	6	8	0.48495240375210846	0.31385506086624126	0.6666666666666666	41053.0	1312.0	1267.0	102.0	22.0	4531.0	96.0	71.0	108.0	1272.0	15.0	61.0	22.0	66.0	2.0
2	8	6	-0.48495240375210846	0.6861449391337587	0.6666666666666666	41053.0	1267.0	1312.0	102.0	22.0	4531.0	108.0	61.0	96.0	1272.0	22.0	71.0	15.0	66.0	2.0
6	2	8	-0.24247620187605423	0.5957943510677275	-inf	41053.0	1312.0	4531.0	96.0	71.0	1267.0	102.0	22.0	108.0	1272.0	15.0	61.0	66.0	22.0	2.0
2	6	9	-0.9945522396987891	0.8400229491774359	1.0069513406156902	42026.0	339.0	1363.0	21.0	7.0	4658.0	28.0	12.0	1042.0	347.0	6.0	128.0	7.0	15.0	1.0
2	9	6	-145.06254810463844	1.0	0.4982800982800983	42026.0	1363.0	339.0	21.0	7.0	4658.0	1042.0	128.0	28.0	347.0	7.0	12.0	6.0	15.0	1.0
6	2	9	1.001417984943258	0.158312396799009	0.9931906614785992	42026.0	339.0	4658.0	28.0	12.0	1363.0	21.0	7.0	1042.0	347.0	6.0	128.0	15.0	7.0	1.0
2	7	8	0.7871061150481002	0.21560981237257038	0.6	40988.0	1312.0	1332.0	103.0	21.0	4532.0	93.0	72.0	108.0	1278.0	17.0	60.0	19.0	63.0	2.0
2	8	7	-0.39355305752404973	0.6530444258911612	0.75	40988.0	1332.0	1312.0	103.0	21.0	4532.0	108.0	60.0	93.0	1278.0	19.0	72.0	17.0	63.0	2.0
7	2	8	-0.2623687050160332	0.6034813413110185	-1.0	40988.0	1312.0	4532.0	93.0	72.0	1332.0	103.0	21.0	108.0	1278.0	17.0	60.0	63.0	19.0	2.0
2	7	9	-0.2822607734592829	0.6111281537559698	1.0019665683382497	41964.0	336.0	1425.0	24.0	7.0	4658.0	26.0	13.0	1045.0	351.0	7.0	125.0	5.0	14.0	0.0
2	9	7	-144.09412485096453	1.0	0.49950980392156863	41964.0	1425.0	336.0	24.0	7.0	4658.0	1045.0	125.0	26.0	351.0	5.0	13.0	7.0	14.0	0.0
7	2	9	0.28281476908923237	0.3886594817937723	0.9980449657869013	41964.0	336.0	4658.0	26.0	13.0	1425.0	24.0	7.0	1045.0	351.0	7.0	125.0	14.0	5.0	0.0
2	8	9	-0.418972634727383	0.6623818931886944	1.0029940119760479	41984.0	336.0	1405.0	24.0	7.0	4661.0	27.0	12.0	1032.0	350.0	8.0	135.0	5.0	14.0	0.0
2	9	8	-140.77480526840122	1.0	0.4992548435171386	41984.0	1405.0	336.0	24.0	7.0	4661.0	1032.0	135.0	27.0	350.0	5.0	12.0	8.0	14.0	0.0
8	2	9	0.42022329930865876	0.3371612080561802	0.9970326409495549	41984.0	336.0	4661.0	27.0	12.0	1405.0	24.0	7.0	1032.0	350.0	8.0	135.0	14.0	5.0	0.0
3	4	5	0.258512632354791	0.3980057089788047	0.9885386819484241	39860.0	1749.0	2119.0	123.0	49.0	3431.0	119.0	79.0	464.0	1708.0	59.0	118.0	48.0	69.0	5.0
3	5	4	-22.038201908245874	1.0	0.5029154518950437	39860.0	2119.0	1749.0	123.0	49.0	3431.0	464.0	118.0	119.0	1708.0	48.0	79.0	59.0	69.0	5.0
4	3	5	-0.2555153844434311	0.6008374112735074	1.0118694362017804	39860.0	1749.0	3431.0	119.0	79.0	2119.0	123.0	49.0	464.0	1708.0	59.0	118.0	69.0	48.0	5.0
3	4	6	1.5866657209871113	0.05629419065887986	0.9745958429561201	40344.0	1265.0	2146.0	109.0	36.0	3483.0	87.0	59.0	931.0	1259.0	41.0	159.0	31.0	47.0	3.0
3	6	4	-59.28360102960937	1.0	0.5066026410564225	40344.0	2146.0	1265.0	109.0	36.0	3483.0	931.0	159.0	87.0	1259.0	31.0	59.0	41.0	47.0	3.0
4	3	6	-1.5453071358428976	0.9388639885503001	1.0275	40344.0	1265.0	3483.0	87.0	59.0	2146.0	109.0	36.0	931.0	1259.0	41.0	159.0	47.0	31.0	3.0
3	4	7	1.897973995823243	0.028849688106216798	0.9688940092165897	40290.0	1319.0	2138.0	117.0	36.0	3479.0	90.0	60.0	931.0	1263.0	37.0	159.0	31.0	47.0	3.0
3	7	4	-57.22040120741183	1.0	0.5081570996978851	40290.0	2138.0	1319.0	117.0	36.0	3479.0	931.0	159.0	90.0	1263.0	31.0	60.0	37.0	47.0	3.0
4	3	7	-1.8370402290132222	0.9668980801481877	1.0343074968233799	40290.0	1319.0	3479.0	90.0	60.0	2138.0	117.0	36.0	931.0	1263.0	37.0	159.0	47.0	31.0	3.0
3	4	8	-0.3586762667916052	0.6400812943253903	1.0060459492140266	40309.0	1300.0	2150.0	94.0	47.0	3477.0	99.0	53.0	931.0	1261.0	39.0	153.0	38.0	47.0	2.0
3	8	4	-60.04240706091454	1.0	0.49850209706411025	40309.0	2150.0	1300.0	94.0	47.0	3477.0	931.0	153.0	99.0	1261.0	38.0	53.0	39.0	47.0	2.0
4	3	8	0.3608317732026124	0.3591126672072087	0.994061757719715	40309.0	1300.0	3477.0	99.0	53.0	2150.0	94.0	47.0	931.0	1261.0	39.0	153.0	47.0	38.0	2.0
3	4	9	0.6170182826718029	0.26861127966584564	0.9978459881529348	41261.0	348.0	2259.0	23.0	9.0	3600.0	19.0	10.0	1872.0	348.0	11.0	225.0	5.0	10.0	0.0
3	9	4	-285.21670116504157	1.0	0.5005402485143166	41261.0	2259.0	348.0	23.0	9.0	3600.0	1872.0	225.0	19.0	348.0	5.0	10.0	11.0	10.0	0.0
4	3	9	-0.6156863489801206	0.7309492789462829	1.002168021680217	41261.0	348.0	3600.0	19.0	10.0	2259.0	23.0	9.0	1872.0	348.0	11.0	225.0	10.0	5.0	0.0
3	5	6	2.0161466839217987	0.02189225120196836	0.9510357815442562	40698.0	1281.0	1792.0	99.0	30.0	3874.0	73.0	66.0	578.0	1266.0	31.0	121.0	38.0	51.0	2.0
3	6	5	-37.14362544609774	1.0	0.5132113821138211	40698.0	1792.0	1281.0	99.0	30.0	3874.0	578.0	121.0	73.0	1266.0	38.0	66.0	31.0	51.0	2.0
5	3	6	-1.9123450724723594	0.9720840927467855	1.0573951434878588	40698.0	1281.0	3874.0	73.0	66.0	1792.0	99.0	30.0	578.0	1266.0	31.0	121.0	51.0	38.0	2.0
3	5	7	1.9718079678981026	0.024315696993580493	0.9506641366223909	40639.0	1340.0	1789.0	103.0	29.0	3869.0	77.0	67.0	578.0	1270.0	27.0	122.0	37.0	51.0	2.0
3	7	5	-36.023414798138404	1.0	0.5133196721311476	40639.0	1789.0	1340.0	103.0	29.0	3869.0	578.0	122.0	77.0	1270.0	37.0	67.0	27.0	51.0	2.0
5	3	7	-1.8694786122786404	0.9692219345883496	1.0579064587973275	40639.0	1340.0	3869.0	77.0	67.0	1789.0	103.0	29.0	578.0	1270.0	27.0	122.0	51.0	37.0	2.0
3	5	8	0.7834635865595931	0.2166774010751833	0.9777777777777777	40676.0	1303.0	1783.0	106.0	32.0	3860.0	95.0	58.0	579.0	1263.0	33.0	122.0	40.0	49.0	1.0
3	8	5	-33.688934222062514	1.0	0.5057471264367817	40676.0	1783.0	1303.0	106.0	32.0	3860.0	579.0	122.0	95.0	1263.0	40.0	58.0	33.0	49.0	1.0
5	3	8	-0.765657595955966	0.7780600339615198	1.0238095238095237	40676.0	1303.0	3860.0	95.0	58.0	1783.0	106.0	32.0	579.0	1263.0	33.0	122.0	49.0	40.0	1.0
3	5	9	1.3138008204419898	0.09445668762714043	0.9940554821664465	41640.0	339.0	1880.0	28.0	13.0	3982.0	19.0	12.0	1524.0	341.0	10.0	191.0	12.0	9.0	0.0
3	9	5	-218.38289193124584	1.0	0.5014995001666112	41640.0	1880.0	339.0	28.0	13.0	3982.0	1524.0	191.0	19.0	341.0	12.0	12.0	10.0	9.0	0.0
5	3	9	-1.3059442042400111	0.904214166221299	1.0060524546065905	41640.0	339.0	3982.0	19.0	12.0	1880.0	28.0	13.0	1524.0	341.0	10.0	191.0	9.0	12.0	0.0
3	6	7	-99999.9	1.0	-0.001829826166514181	42142.0	348.0	286.0	1116.0	8.0	4533.0	21.0	19.0	19.0	1355.0	3.0	17.0	8.0	125.0	0.0
3	7	6	0.3160922279443117	0.37596632180866196	0.0018198362147406734	42142.0	286.0	348.0	1116.0	8.0	4533.0	19.0	17.0	21.0	1355.0	8.0	19.0	3.0	125.0	0.0
6	3	7	-173.06049479951045	1.0	0.5004562043795621	42142.0	348.0	4533.0	21.0	19.0	286.0	1116.0	8.0	19.0	1355.0	3.0	17.0	125.0	8.0	0.0
3	6	8	-99999.9	1.0	1.3846153846153846	41176.0	1314.0	1283.0	106.0	21.0	4408.0	101.0	64.0	83.0	1276.0	18.0	70.0	21.0	58.0	1.0
3	8	6	1.3808295139953635	0.08366575142169363	0.4390243902439025	41176.0	1283.0	1314.0	106.0	21.0	4408.0	83.0	70.0	101.0	1276.0	21.0	64.0	18.0	58.0	1.0
6	3	8	-0.38356375388760217	0.6493490398774179	0.8214285714285714	41176.0	1314.0	4408.0	101.0	64.0	1283.0	106.0	21.0	83.0	1276.0	18.0	70.0	58.0	21.0	1.0
3	6	9	0.763057116998995	0.22271460010360733	0.9950544015825915	42141.0	349.0	1379.0	24.0	7.0	4543.0	19.0	11.0	1025.0	346.0	6.0	129.0	7.0	13.0	1.0
3	9	6	-152.76403482319873	1.0	0.5012456402590931	42141.0	1379.0	349.0	24.0	7.0	4543.0	1025.0	129.0	19.0	346.0	7.0	11.0	6.0	13.0	1.0
6	3	9	-0.7592645865964154	0.7761529182988689	1.0050200803212852	42141.0	349.0	4543.0	19.0	11.0	1379.0	24.0	7.0	1025.0	346.0	6.0	129.0	13.0	7.0	1.0
3	7	8	-99999.9	1.0	1.7000000000000002	41114.0	1314.0	1345.0	105.0	22.0	4406.0	98.0	65.0	81.0	1283.0	20.0	74.0	17.0	56.0	0.0
3	8	7	1.3539381487105673	0.08787811814579483	0.4146341463414634	41114.0	1345.0	1314.0	105.0	22.0	4406.0	81.0	74.0	98.0	1283.0	17.0	65.0	20.0	56.0	0.0
7	3	8	-0.5575039435867039	0.7114084477993645	0.7741935483870966	41114.0	1314.0	4406.0	98.0	65.0	1345.0	105.0	22.0	81.0	1283.0	20.0	74.0	56.0	17.0	0.0
3	7	9	1.3149729793466987	0.09425955867981917	0.9911678115799804	42083.0	345.0	1437.0	28.0	7.0	4539.0	19.0	11.0	1029.0	348.0	7.0	129.0	5.0	13.0	0.0
3	9	7	-146.254216925116	1.0	0.5022376926902039	42083.0	1437.0	345.0	28.0	7.0	4539.0	1029.0	129.0	19.0	348.0	5.0	11.0	7.0	13.0	0.0
7	3	9	-1.3032553983426192	0.9037561410210193	1.0090725806451613	42083.0	345.0	4539.0	19.0	11.0	1437.0	28.0	7.0	1029.0	348.0	7.0	129.0	13.0	5.0	0.0
3	8	9	1.1812481839830515	0.11875213472073676	0.9922330097087378	42114.0	345.0	1406.0	27.0	8.0	4531.0	19.0	11.0	1041.0	349.0	8.0	125.0	4.0	12.0	0.0
3	9	8	-149.7232073198522	1.0	0.5019646365422397	42114.0	1406.0	345.0	27.0	8.0	4531.0	1041.0	125.0	19.0	349.0	4.0	11.0	8.0	12.0	0.0
8	3	9	-1.1720016228559826	0.8794017369333853	1.0079522862823063	42114.0	345.0	4531.0	19.0	11.0	1406.0	27.0	8.0	1041.0	349.0	8.0	125.0	12.0	4.0	0.0
4	5	6	0.22869247417123972	0.40955401633983746	0.9939148073022313	41997.0	1294.0	1830.0	88.0	29.0	2575.0	85.0	41.0	575.0	1293.0	32.0	86.0	37.0	35.0	3.0
4	6	5	-37.12441164046462	1.0	0.5015353121801434	41997.0	1830.0	1294.0	88.0	29.0	2575.0	575.0	86.0	85.0	1293.0	37.0	41.0	32.0	35.0	3.0
5	4	6	-0.22729231616610968	0.5899017329638575	1.006198347107438	41997.0	1294.0	2575.0	85.0	41.0	1830.0	88.0	29.0	575.0	1293.0	32.0	86.0	35.0	37.0	3.0
4	5	7	0.0	0.49999999949999996	nan	41937.0	1354.0	1832.0	89.0	26.0	2571.0	89.0	41.0	571.0	1300.0	29.0	86.0	38.0	35.0	2.0
4	7	5	-36.117283529740405	1.0	0.5	41937.0	1832.0	1354.0	89.0	26.0	2571.0	571.0	86.0	89.0	1300.0	38.0	41.0	29.0	35.0	2.0
5	4	7	0.0	0.49999999949999996	nan	41937.0	1354.0	2571.0	89.0	41.0	1832.0	89.0	26.0	571.0	1300.0	29.0	86.0	35.0	38.0	2.0
4	5	8	1.5085892628068591	0.06570191711697981	0.9639468690702088	41962.0	1329.0	1824.0	91.0	32.0	2574.0	72.0	55.0	580.0	1289.0	31.0	80.0	41.0	38.0	2.0
4	8	5	-38.82632365855546	1.0	0.5095285857572718	41962.0	1824.0	1329.0	91.0	32.0	2574.0	580.0	80.0	72.0	1289.0	41.0	55.0	31.0	38.0	2.0
5	4	8	-1.4521656486467602	0.9267721815062715	1.0404255319148936	41962.0	1329.0	2574.0	72.0	55.0	1824.0	91.0	32.0	580.0	1289.0	31.0	80.0	38.0	41.0	2.0
4	5	9	0.9488048163545956	0.17135993562217655	0.9960732984293194	42947.0	344.0	1914.0	23.0	10.0	2675.0	17.0	9.0	1539.0	350.0	11.0	142.0	14.0	5.0	0.0
4	9	5	-239.73135026559467	1.0	0.500987491770902	42947.0	1914.0	344.0	23.0	10.0	2675.0	1539.0	142.0	17.0	350.0	14.0	9.0	11.0	5.0	0.0
5	4	9	-0.9450644557119362	0.8276870265818878	1.0039735099337748	42947.0	344.0	2675.0	17.0	9.0	1914.0	23.0	10.0	1539.0	350.0	11.0	142.0	5.0	14.0	0.0
4	6	7	-99999.9	1.0	-0.0074005550416281225	43475.0	352.0	294.0	1110.0	7.0	3200.0	21.0	15.0	13.0	1398.0	4.0	15.0	8.0	88.0	0.0
4	7	6	1.372606660728604	0.08493738965175401	0.007239819004524886	43475.0	294.0	352.0	1110.0	7.0	3200.0	13.0	15.0	21.0	1398.0	8.0	15.0	4.0	88.0	0.0
6	4	7	-186.8460816916825	1.0	0.5018298261665142	43475.0	352.0	3200.0	21.0	15.0	294.0	1110.0	7.0	13.0	1398.0	4.0	15.0	88.0	8.0	0.0
4	6	8	1.035817007300229	0.15014378415994734	0.4333333333333333	42494.0	1333.0	1292.0	99.0	20.0	3090.0	82.0	64.0	95.0	1300.0	20.0	49.0	20.0	41.0	1.0
4	8	6	-99999.9	1.0	1.4444444444444444	42494.0	1292.0	1333.0	99.0	20.0	3090.0	95.0	49.0	82.0	1300.0	20.0	64.0	20.0	41.0	1.0
6	4	8	-0.3187129253231483	0.6250278249075385	0.19047619047619047	42494.0	1333.0	3090.0	82.0	64.0	1292.0	99.0	20.0	95.0	1300.0	20.0	49.0	41.0	20.0	1.0
4	6	9	0.5069772513281269	0.30608538499025095	0.9971098265895953	43474.0	353.0	1387.0	19.0	5.0	3210.0	16.0	10.0	1051.0	357.0	7.0	95.0	8.0	7.0	1.0
4	9	6	-174.40017445687536	1.0	0.5007256894049347	43474.0	1387.0	353.0	19.0	5.0	3210.0	1051.0	95.0	16.0	357.0	8.0	10.0	7.0	7.0	1.0
6	4	9	-0.5055077520489148	0.6933988768581869	1.0029154518950438	43474.0	353.0	3210.0	16.0	10.0	1387.0	19.0	5.0	1051.0	357.0	7.0	95.0	7.0	8.0	1.0
4	7	8	1.387045154429565	0.08271405424357647	0.5128205128205129	42434.0	1335.0	1352.0	98.0	19.0	3086.0	79.0	63.0	99.0	1306.0	22.0	49.0	17.0	40.0	1.0
4	8	7	-0.07300237654892464	0.5290979555680588	0.9523809523809523	42434.0	1352.0	1335.0	98.0	19.0	3086.0	99.0	49.0	79.0	1306.0	17.0	63.0	22.0	40.0	1.0
7	4	8	-0.06935225772147839	0.5276454542443155	-0.05555555555555555	42434.0	1335.0	3086.0	79.0	63.0	1352.0	98.0	19.0	99.0	1306.0	22.0	49.0	40.0	17.0	1.0
4	7	9	0.8223178484747378	0.20544795595863552	0.9952335557673975	43418.0	351.0	1443.0	21.0	5.0	3204.0	16.0	8.0	1060.0	359.0	8.0	92.0	6.0	9.0	0.0
4	9	7	-170.8776489130498	1.0	0.5012001920307249	43418.0	1443.0	351.0	21.0	5.0	3204.0	1060.0	92.0	16.0	359.0	6.0	8.0	8.0	9.0	0.0
7	4	9	-0.8183795446027323	0.7934298065111428	1.004835589941973	43418.0	351.0	3204.0	16.0	8.0	1443.0	21.0	5.0	1060.0	359.0	8.0	92.0	9.0	6.0	0.0
4	8	9	0.6490372408298082	0.258157090575609	0.9960861056751468	43437.0	349.0	1424.0	21.0	7.0	3208.0	17.0	9.0	1035.0	359.0	8.0	113.0	5.0	8.0	0.0
4	9	8	-164.53094055035666	1.0	0.5009842519685039	43437.0	1424.0	349.0	21.0	7.0	3208.0	1035.0	113.0	17.0	359.0	5.0	9.0	8.0	8.0	0.0
8	4	9	-0.6464869962685907	0.7410180535760997	1.003960396039604	43437.0	349.0	3208.0	17.0	9.0	1424.0	21.0	7.0	1035.0	359.0	8.0	113.0	8.0	5.0	0.0
5	6	7	-99999.9	1.0	-0.003663003663003663	44212.0	360.0	296.0	1117.0	7.0	2463.0	21.0	7.0	17.0	1395.0	4.0	9.0	8.0	84.0	0.0
5	7	6	0.6489625709592578	0.25818122256597253	0.0036231884057971015	44212.0	296.0	360.0	1117.0	7.0	2463.0	17.0	9.0	21.0	1395.0	8.0	7.0	4.0	84.0	0.0
6	5	7	-177.8157444428365	1.0	0.5009107468123861	44212.0	360.0	2463.0	21.0	7.0	296.0	1117.0	7.0	17.0	1395.0	4.0	9.0	84.0	8.0	0.0
5	6	8	0.08388860278781479	0.4665724352016224	nan	43209.0	1363.0	1327.0	71.0	22.0	2375.0	71.0	45.0	71.0	1327.0	18.0	38.0	20.0	42.0	1.0
5	8	6	0.08388860278781479	0.4665724352016224	nan	43209.0	1327.0	1363.0	71.0	22.0	2375.0	71.0	38.0	71.0	1327.0	20.0	45.0	18.0	42.0	1.0
6	5	8	0.08388860278781479	0.4665724352016224	nan	43209.0	1363.0	2375.0	71.0	45.0	1327.0	71.0	22.0	71.0	1327.0	18.0	38.0	42.0	20.0	1.0
5	6	9	-0.4789683694785935	0.6840194245978037	1.0029041626331074	44224.0	348.0	1398.0	18.0	4.0	2460.0	21.0	10.0	1057.0	350.0	9.0	78.0	7.0	15.0	1.0
5	9	6	-165.8827119627536	1.0	0.49927710843373496	44224.0	1398.0	348.0	18.0	4.0	2460.0	1057.0	78.0	21.0	350.0	7.0	10.0	9.0	15.0	1.0
6	5	9	0.4803553435214852	0.3154873802777869	0.9971209213051824	44224.0	348.0	2460.0	21.0	10.0	1398.0	18.0	4.0	1057.0	350.0	9.0	78.0	15.0	7.0	1.0
5	7	8	0.1900505020725166	0.4246347954457885	0.6	43144.0	1364.0	1392.0	71.0	21.0	2376.0	69.0	44.0	72.0	1332.0	20.0	36.0	17.0	41.0	1.0
5	8	7	-0.0950252510362583	0.5378526749362955	0.75	43144.0	1392.0	1364.0	71.0	21.0	2376.0	72.0	36.0	69.0	1332.0	17.0	44.0	20.0	41.0	1.0
7	5	8	-0.06335016735750554	0.5252562355940705	-1.0	43144.0	1364.0	2376.0	69.0	44.0	1392.0	71.0	21.0	72.0	1332.0	20.0	36.0	41.0	17.0	1.0
5	7	9	0.15605490669940156	0.4379948591425067	0.9990403071017274	44163.0	345.0	1459.0	21.0	4.0	2459.0	20.0	10.0	1061.0	353.0	10.0	75.0	5.0	15.0	0.0
5	9	7	-162.29710296737687	1.0	0.5002402691013935	44163.0	1459.0	345.0	21.0	4.0	2459.0	1061.0	75.0	20.0	353.0	5.0	10.0	10.0	15.0	0.0
7	5	9	-0.15590499804743285	0.5619460592025611	1.0009624639076036	44163.0	345.0	2459.0	20.0	10.0	1459.0	21.0	4.0	1061.0	353.0	10.0	75.0	15.0	5.0	0.0
5	8	9	-0.3325136564840221	0.6302492173603307	1.001937984496124	44189.0	347.0	1433.0	17.0	6.0	2456.0	19.0	9.0	1053.0	355.0	10.0	86.0	4.0	16.0	0.0
5	9	8	-172.2420740587241	1.0	0.49951690821256034	44189.0	1433.0	347.0	17.0	6.0	2456.0	1053.0	86.0	19.0	355.0	4.0	9.0	10.0	16.0	0.0
8	5	9	0.3331568163611672	0.3695080245492022	0.9980732177263969	44189.0	347.0	2456.0	19.0	9.0	1433.0	17.0	6.0	1053.0	355.0	10.0	86.0	16.0	4.0	0.0
6	7	8	0.5385353620869073	0.29510372786849004	0.9973021582733813	45215.0	1460.0	369.0	17.0	2.0	305.0	14.0	3.0	1123.0	1421.0	52.0	8.0	5.0	6.0	0.0
6	8	7	-198.54003682270738	1.0	0.5006772009029345	45215.0	369.0	1460.0	17.0	2.0	305.0	1123.0	8.0	14.0	1421.0	5.0	3.0	52.0	6.0	0.0
7	6	8	-0.5370785486637687	0.7043933419172483	1.0027198549410699	45215.0	1460.0	305.0	14.0	3.0	369.0	17.0	2.0	1123.0	1421.0	52.0	8.0	6.0	5.0	0.0
6	7	9	1.619092923994527	0.05271362933217405	0.9981834695731153	46302.0	373.0	382.0	5.0	1.0	320.0	1.0	1.0	2199.0	381.0	16.0	14.0	1.0	3.0	1.0
6	9	7	-888.0724688110048	1.0	0.5004553734061931	46302.0	382.0	373.0	5.0	1.0	320.0	2199.0	14.0	1.0	381.0	1.0	1.0	16.0	3.0	1.0
7	6	9	-1.6161464400564116	0.9469686775138837	1.001826484018265	46302.0	373.0	320.0	1.0	1.0	382.0	5.0	1.0	2199.0	381.0	16.0	14.0	3.0	1.0	1.0
6	8	9	0.4077231164996494	0.3417385280570756	0.9981024667931688	45224.0	360.0	1460.0	13.0	6.0	1421.0	11.0	4.0	1063.0	368.0	9.0	49.0	4.0	7.0	1.0
6	9	8	-214.0546361623167	1.0	0.500475737392959	45224.0	1460.0	360.0	13.0	6.0	1421.0	1063.0	49.0	11.0	368.0	4.0	4.0	9.0	7.0	1.0
8	6	9	-0.4069479774948972	0.657976855094078	1.001908396946565	45224.0	360.0	1421.0	11.0	4.0	1460.0	13.0	6.0	1063.0	368.0	9.0	49.0	7.0	4.0	1.0
7	8	9	-0.39105052239251265	0.6521200012807873	1.001906577693041	45163.0	357.0	1459.0	12.0	6.0	1482.0	14.0	4.0	1065.0	370.0	9.0	48.0	5.0	6.0	0.0
7	9	8	-205.8881000396587	1.0	0.4995247148288973	45163.0	1459.0	357.0	12.0	6.0	1482.0	1065.0	48.0	14.0	370.0	5.0	4.0	9.0	6.0	0.0
8	7	9	0.39179467181666583	0.34760501867733784	0.9981042654028436	45163.0	357.0	1482.0	14.0	4.0	1459.0	12.0	6.0	1065.0	370.0	9.0	48.0	6.0	5.0	0.0
