P1	Hybrid	P2	Zscore	Pvalue	Gamma	AAAA	AAAB	AABA	AABB	AABC	ABAA	ABAB	ABAC	ABBA	BAAA	ABBC	CABC	BACA	BCAA	ABCD
1	2	3	-1.5992356751697792	0.9451158770615978	1.060215053763441	21561.0	1417.0	2048.0	129.0	73.0	2042.0	157.0	59.0	650.0	1477.0	93.0	154.0	63.0	72.0	5.0
1	3	2	-29.757206670123413	1.0	0.4861932938856016	21561.0	2048.0	1417.0	129.0	73.0	2042.0	650.0	154.0	157.0	1477.0	63.0	59.0	93.0	72.0	5.0
2	1	3	1.6900644761936205	0.04550778332481731	0.9489981785063752	21561.0	1417.0	2042.0	157.0	59.0	2048.0	129.0	73.0	650.0	1477.0	93.0	154.0	72.0	63.0	5.0
1	2	4	-0.18526263155168735	0.5734884636044657	1.0041958041958041	21768.0	1210.0	2075.0	129.0	46.0	2064.0	132.0	62.0	850.0	1270.0	100.0	171.0	54.0	62.0	7.0
1	4	2	-44.524785782922066	1.0	0.49895760945100764	21768.0	2075.0	1210.0	129.0	46.0	2064.0	850.0	171.0	132.0	1270.0	54.0	62.0	100.0	62.0	7.0
2	1	4	0.18603670939939632	0.42620800079359333	0.9958563535911602	21768.0	1210.0	2064.0	132.0	62.0	2075.0	129.0	46.0	850.0	1270.0	100.0	171.0	62.0	54.0	7.0
1	2	5	-0.3689885817813629	0.6439318218084227	1.0084269662921348	21760.0	1218.0	2070.0	128.0	52.0	2063.0	134.0	61.0	852.0	1263.0	105.0	170.0	54.0	63.0	7.0
1	5	2	-44.52462220161785	1.0	0.49791955617198336	21760.0	2070.0	1218.0	128.0	52.0	2063.0	852.0	170.0	134.0	1263.0	54.0	61.0	105.0	63.0	7.0
2	1	5	0.3720720518241041	0.35491966160956423	0.9917808219178083	21760.0	1218.0	2063.0	134.0	61.0	2070.0	128.0	52.0	852.0	1263.0	105.0	170.0	63.0	54.0	7.0
1	2	6	-1.3088907777366714	0.9047142572451816	1.027816411682893	21768.0	1210.0	2072.0	103.0	75.0	2075.0	123.0	60.0	862.0	1270.0	88.0	168.0	53.0	64.0	9.0
1	6	2	-49.67240501510668	1.0	0.493324432576769	21768.0	2072.0	1210.0	103.0	75.0	2075.0	862.0	168.0	123.0	1270.0	53.0	60.0	88.0	64.0	9.0
2	1	6	1.3443140734805594	0.08942348700665459	0.9743260590500642	21768.0	1210.0	2075.0	123.0	60.0	2072.0	103.0	75.0	862.0	1270.0	88.0	168.0	64.0	53.0	9.0
1	2	7	-0.7083845907953633	0.7606468398287298	1.0155586987270155	21796.0	1182.0	2063.0	113.0	74.0	2079.0	124.0	55.0	842.0	1279.0	99.0	172.0	55.0	59.0	8.0
1	7	2	-46.946578789983626	1.0	0.4961990324809952	21796.0	2063.0	1182.0	113.0	74.0	2079.0	842.0	172.0	124.0	1279.0	55.0	55.0	99.0	59.0	8.0
2	1	7	0.7192372795122839	0.235997297285787	0.9851351351351352	21796.0	1182.0	2079.0	124.0	55.0	2063.0	113.0	74.0	842.0	1279.0	99.0	172.0	59.0	55.0	8.0
1	2	8	-0.6226626057115869	0.7332469249233542	1.0139664804469273	21774.0	1204.0	2062.0	122.0	66.0	2061.0	132.0	65.0	858.0	1277.0	85.0	172.0	57.0	59.0	6.0
1	8	2	-45.82796778037271	1.0	0.49658002735978113	21774.0	2062.0	1204.0	122.0	66.0	2061.0	858.0	172.0	132.0	1277.0	57.0	65.0	85.0	59.0	6.0
2	1	8	0.6312392256249698	0.26394200105305043	0.9865951742627346	21774.0	1204.0	2061.0	132.0	65.0	2062.0	122.0	66.0	858.0	1277.0	85.0	172.0	59.0	57.0	6.0
1	2	9	-0.9177747281277935	0.8206316146989834	1.020718232044199	21754.0	1224.0	2074.0	123.0	53.0	2044.0	138.0	76.0	877.0	1264.0	79.0	166.0	56.0	64.0	8.0
1	9	2	-46.13347633389037	1.0	0.4949765572672472	21754.0	2074.0	1224.0	123.0	53.0	2044.0	877.0	166.0	138.0	1264.0	56.0	76.0	79.0	64.0	8.0
2	1	9	0.9364034438543387	0.17453273754752008	0.9804941482444733	21754.0	1224.0	2044.0	138.0	76.0	2074.0	123.0	53.0	877.0	1264.0	79.0	166.0	64.0	56.0	8.0
1	3	4	1.0722945694152717	0.14179390843279438	0.9333333333333333	22395.0	1214.0	1448.0	126.0	45.0	2648.0	110.0	88.0	334.0	1300.0	63.0	103.0	46.0	79.0	1.0
1	4	3	-13.939829402398527	1.0	0.5185185185185186	22395.0	1448.0	1214.0	126.0	45.0	2648.0	334.0	103.0	110.0	1300.0	46.0	88.0	63.0	79.0	1.0
3	1	4	-0.9957021001713238	0.8403025370708754	1.0833333333333333	22395.0	1214.0	2648.0	110.0	88.0	1448.0	126.0	45.0	334.0	1300.0	63.0	103.0	79.0	46.0	1.0
1	3	5	0.9893874502012323	0.161236811932859	0.9372384937238494	22384.0	1225.0	1446.0	129.0	44.0	2644.0	114.0	88.0	338.0	1292.0	67.0	103.0	45.0	80.0	1.0
1	5	3	-13.785465139470489	1.0	0.5173210161662817	22384.0	1446.0	1225.0	129.0	44.0	2644.0	338.0	103.0	114.0	1292.0	45.0	88.0	67.0	80.0	1.0
3	1	5	-0.9231338263038283	0.8220312860694	1.077319587628866	22384.0	1225.0	2644.0	114.0	88.0	1446.0	129.0	44.0	338.0	1292.0	67.0	103.0	80.0	45.0	1.0
1	3	6	0.47921855645783973	0.3158915869803536	0.972	22383.0	1226.0	1457.0	113.0	49.0	2660.0	106.0	80.0	349.0	1294.0	54.0	96.0	46.0	83.0	4.0
1	6	3	-16.156511332007177	1.0	0.5073068893528184	22383.0	1457.0	1226.0	113.0	49.0	2660.0	349.0	96.0	106.0	1294.0	46.0	80.0	54.0	83.0	4.0
3	1	6	-0.4654139066833341	0.6791824441775476	1.0305676855895196	22383.0	1226.0	2660.0	106.0	80.0	1457.0	113.0	49.0	349.0	1294.0	54.0	96.0	83.0	46.0	4.0
1	3	7	0.6609127889141206	0.2543340575754265	0.9578059071729957	22409.0	1200.0	1450.0	124.0	45.0	2657.0	114.0	75.0	341.0	1298.0	58.0	95.0	46.0	86.0	2.0
1	7	3	-14.341807519436433	1.0	0.5112612612612613	22409.0	1450.0	1200.0	124.0	45.0	2657.0	341.0	95.0	114.0	1298.0	46.0	75.0	58.0	86.0	2.0
3	1	7	-0.6317976880808995	0.7362405156860139	1.0483091787439613	22409.0	1200.0	2657.0	114.0	75.0	1450.0	124.0	45.0	341.0	1298.0	58.0	95.0	86.0	46.0	2.0
1	3	8	-0.5719609212537162	0.7163258120426378	1.0412844036697249	22371.0	1238.0	1465.0	114.0	40.0	2643.0	123.0	80.0	350.0	1296.0	51.0	98.0	47.0	82.0	2.0
1	8	3	-14.998086379541897	1.0	0.490280777537797	22371.0	1465.0	1238.0	114.0	40.0	2643.0	350.0	98.0	123.0	1296.0	47.0	80.0	51.0	82.0	2.0
3	1	8	0.5946377859730265	0.2760427622468953	0.963265306122449	22371.0	1238.0	2643.0	123.0	80.0	1465.0	114.0	40.0	350.0	1296.0	51.0	98.0	82.0	47.0	2.0
1	3	9	-0.19356221023288664	0.5767406349388613	1.0128205128205128	22375.0	1234.0	1453.0	117.0	49.0	2634.0	120.0	92.0	357.0	1293.0	47.0	96.0	45.0	87.0	1.0
1	9	3	-15.484976818630956	1.0	0.4968553459119497	22375.0	1453.0	1234.0	117.0	49.0	2634.0	357.0	96.0	120.0	1293.0	45.0	92.0	47.0	87.0	1.0
3	1	9	0.19601236479279657	0.4223002657897196	0.9876543209876543	22375.0	1234.0	2634.0	120.0	92.0	1453.0	117.0	49.0	357.0	1293.0	47.0	96.0	87.0	45.0	1.0
1	4	5	0.22313237858332852	0.4117162802625096	0.0	23748.0	95.0	82.0	1296.0	7.0	3068.0	10.0	7.0	10.0	1440.0	6.0	7.0	1.0	223.0	0.0
1	5	4	0.22313237858332852	0.4117162802625096	0.0	23748.0	82.0	95.0	1296.0	7.0	3068.0	10.0	7.0	10.0	1440.0	1.0	7.0	6.0	223.0	0.0
4	1	5	-286.8421307273382	1.0	0.5	23748.0	95.0	3068.0	10.0	7.0	82.0	1296.0	7.0	10.0	1440.0	6.0	7.0	223.0	1.0	0.0
1	4	6	1.4208706932992052	0.07767722728439541	0.08189655172413793	22781.0	1062.0	1059.0	299.0	27.0	2924.0	86.0	75.0	105.0	1318.0	33.0	76.0	42.0	109.0	4.0
1	6	4	-99999.9	1.0	-0.10857142857142857	22781.0	1059.0	1062.0	299.0	27.0	2924.0	105.0	76.0	86.0	1318.0	42.0	75.0	33.0	109.0	4.0
4	1	6	-14.507837605265577	1.0	0.47665847665847666	22781.0	1062.0	2924.0	86.0	75.0	1059.0	299.0	27.0	105.0	1318.0	33.0	76.0	109.0	42.0	4.0
1	4	7	0.1480899675464685	0.44113586451256126	0.00947867298578199	22809.0	1034.0	1050.0	300.0	35.0	2922.0	91.0	72.0	93.0	1326.0	37.0	78.0	41.0	110.0	2.0
1	7	4	-99999.9	1.0	-0.00975609756097561	22809.0	1050.0	1034.0	300.0	35.0	2922.0	93.0	78.0	91.0	1326.0	41.0	72.0	37.0	110.0	2.0
4	1	7	-15.327311641059488	1.0	0.49759615384615385	22809.0	1034.0	2922.0	91.0	72.0	1050.0	300.0	35.0	93.0	1326.0	37.0	78.0	110.0	41.0	2.0
1	4	8	0.34989650956455226	0.3632082485043231	0.02463054187192118	22791.0	1052.0	1045.0	300.0	40.0	2907.0	102.0	76.0	107.0	1321.0	28.0	77.0	43.0	109.0	2.0
1	8	4	-99999.9	1.0	-0.02659574468085106	22791.0	1045.0	1052.0	300.0	40.0	2907.0	107.0	77.0	102.0	1321.0	43.0	76.0	28.0	109.0	2.0
4	1	8	-13.506005269191732	1.0	0.4936061381074169	22791.0	1052.0	2907.0	102.0	76.0	1045.0	300.0	40.0	107.0	1321.0	28.0	77.0	109.0	43.0	2.0
1	4	9	-0.09851200819123446	0.5392371894385439	2.0	22594.0	1249.0	1234.0	116.0	35.0	2873.0	118.0	94.0	122.0	1291.0	43.0	92.0	49.0	87.0	3.0
1	9	4	-0.29553602457370337	0.6162077137220612	0.4	22594.0	1234.0	1249.0	116.0	35.0	2873.0	122.0	92.0	118.0	1291.0	49.0	94.0	43.0	87.0	3.0
4	1	9	0.14776801228685169	0.44126290811066016	0.75	22594.0	1249.0	2873.0	118.0	94.0	1234.0	116.0	35.0	122.0	1291.0	43.0	92.0	87.0	49.0	3.0
1	5	6	1.3481852516393655	0.08879946672373495	0.07826086956521738	22768.0	1062.0	1072.0	298.0	28.0	2924.0	86.0	75.0	104.0	1314.0	33.0	77.0	46.0	109.0	4.0
1	6	5	-99999.9	1.0	-0.10227272727272728	22768.0	1072.0	1062.0	298.0	28.0	2924.0	104.0	77.0	86.0	1314.0	46.0	75.0	33.0	109.0	4.0
5	1	6	-14.530441045446505	1.0	0.47783251231527096	22768.0	1062.0	2924.0	86.0	75.0	1072.0	298.0	28.0	104.0	1314.0	33.0	77.0	109.0	46.0	4.0
1	5	7	0.07407575105032703	0.47047498653493625	0.004739336492890996	22795.0	1035.0	1064.0	301.0	33.0	2922.0	91.0	72.0	92.0	1322.0	37.0	79.0	45.0	110.0	2.0
1	7	5	-99999.9	1.0	-0.004807692307692308	22795.0	1064.0	1035.0	301.0	33.0	2922.0	92.0	79.0	91.0	1322.0	45.0	72.0	37.0	110.0	2.0
5	1	7	-15.481831969518444	1.0	0.49880668257756566	22795.0	1035.0	2922.0	91.0	72.0	1064.0	301.0	33.0	92.0	1322.0	37.0	79.0	110.0	45.0	2.0
1	5	8	0.27866542113737136	0.39025086554454047	0.020100502512562814	22776.0	1054.0	1060.0	298.0	40.0	2905.0	103.0	77.0	107.0	1316.0	28.0	79.0	47.0	108.0	2.0
1	8	5	-99999.9	1.0	-0.021390374331550804	22776.0	1060.0	1054.0	298.0	40.0	2905.0	107.0	79.0	103.0	1316.0	47.0	77.0	28.0	108.0	2.0
5	1	8	-13.30627385930952	1.0	0.4948186528497409	22776.0	1054.0	2905.0	103.0	77.0	1060.0	298.0	40.0	107.0	1316.0	28.0	79.0	108.0	47.0	2.0
1	5	9	-0.05397482122125719	0.5215224560910579	1.5	22580.0	1250.0	1248.0	118.0	32.0	2871.0	119.0	95.0	122.0	1286.0	43.0	94.0	53.0	86.0	3.0
1	9	5	-0.21589928488503016	0.5854668366483539	0.42857142857142855	22580.0	1248.0	1250.0	118.0	32.0	2871.0	122.0	94.0	119.0	1286.0	53.0	95.0	43.0	86.0	3.0
5	1	9	0.07196642829500945	0.4713142435062594	0.8	22580.0	1250.0	2871.0	119.0	95.0	1248.0	118.0	32.0	122.0	1286.0	43.0	94.0	86.0	53.0	3.0
1	6	7	-99999.9	1.0	-0.02473498233215548	23152.0	688.0	707.0	649.0	32.0	2983.0	69.0	53.0	55.0	1368.0	23.0	55.0	21.0	139.0	6.0
1	7	6	1.2680401143453228	0.10239188157435364	0.023026315789473683	23152.0	707.0	688.0	649.0	32.0	2983.0	55.0	55.0	69.0	1368.0	21.0	53.0	23.0	139.0	6.0
6	1	7	-52.533090451449084	1.0	0.5059625212947189	23152.0	688.0	2983.0	69.0	53.0	707.0	649.0	32.0	55.0	1368.0	23.0	55.0	139.0	21.0	6.0
1	6	8	-99999.9	1.0	-0.030909090909090907	23122.0	718.0	714.0	649.0	25.0	2968.0	82.0	55.0	65.0	1363.0	18.0	58.0	21.0	136.0	6.0
1	8	6	1.4170704511140348	0.07823121633980246	0.02828618968386023	23122.0	714.0	718.0	649.0	25.0	2968.0	65.0	58.0	82.0	1363.0	21.0	55.0	18.0	136.0	6.0
6	1	8	-47.26346739892106	1.0	0.5073848827106864	23122.0	718.0	2968.0	82.0	55.0	714.0	649.0	25.0	65.0	1363.0	18.0	58.0	136.0	21.0	6.0
1	6	9	-0.21867756734015675	0.5865493497277009	0.42857142857142855	22580.0	1260.0	1248.0	115.0	25.0	2888.0	119.0	98.0	116.0	1291.0	39.0	83.0	48.0	87.0	3.0
1	9	6	-0.05466939183503955	0.5217991413054568	1.5	22580.0	1248.0	1260.0	115.0	25.0	2888.0	116.0	83.0	119.0	1291.0	48.0	98.0	39.0	87.0	3.0
6	1	9	0.07289252244671957	0.470945753406146	0.2	22580.0	1260.0	2888.0	119.0	98.0	1248.0	115.0	25.0	116.0	1291.0	39.0	83.0	87.0	48.0	3.0
1	7	8	-99999.9	1.0	-0.0010582010582010583	23467.0	392.0	369.0	981.0	19.0	3028.0	35.0	30.0	34.0	1415.0	9.0	29.0	16.0	176.0	0.0
1	8	7	0.12036037025709838	0.4520987989969536	0.0010548523206751056	23467.0	369.0	392.0	981.0	19.0	3028.0	34.0	29.0	35.0	1415.0	16.0	30.0	9.0	176.0	0.0
7	1	8	-113.86091026321499	1.0	0.5002641310089805	23467.0	392.0	3028.0	35.0	30.0	369.0	981.0	19.0	34.0	1415.0	9.0	29.0	176.0	16.0	0.0
1	7	9	0.5948980402355235	0.2759557675441773	0.2962962962962963	22621.0	1238.0	1207.0	131.0	31.0	2887.0	112.0	94.0	120.0	1298.0	40.0	80.0	48.0	92.0	1.0
1	9	7	-99999.9	1.0	-2.666666666666667	22621.0	1207.0	1238.0	131.0	31.0	2887.0	120.0	80.0	112.0	1298.0	48.0	94.0	40.0	92.0	1.0
7	1	9	-0.8179848053238468	0.7933171239106291	0.3666666666666667	22621.0	1238.0	2887.0	112.0	94.0	1207.0	131.0	31.0	120.0	1298.0	40.0	80.0	92.0	48.0	1.0
1	8	9	0.06764689744183623	0.4730332915384754	0.8888888888888888	22588.0	1248.0	1240.0	123.0	29.0	2873.0	122.0	96.0	130.0	1294.0	42.0	84.0	42.0	88.0	1.0
1	9	8	-0.47352828209285713	0.6820818229914842	0.5333333333333333	22588.0	1240.0	1248.0	123.0	29.0	2873.0	130.0	84.0	122.0	1294.0	42.0	96.0	42.0	88.0	1.0
8	1	9	-0.05919103526160676	0.5236000944493753	1.1666666666666667	22588.0	1248.0	2873.0	122.0	96.0	1240.0	123.0	29.0	130.0	1294.0	42.0	84.0	88.0	42.0	1.0
2	3	4	1.0846739415552578	0.13903308631465738	0.9227272727272727	22390.0	1213.0	1442.0	140.0	51.0	2653.0	123.0	76.0	326.0	1294.0	58.0	117.0	44.0	71.0	2.0
2	4	3	-11.867609007604587	1.0	0.5218508997429305	22390.0	1442.0	1213.0	140.0	51.0	2653.0	326.0	117.0	123.0	1294.0	44.0	76.0	58.0	71.0	2.0
3	2	4	-0.9938391779767387	0.8398494079321833	1.1005917159763314	22390.0	1213.0	2653.0	123.0	76.0	1442.0	140.0	51.0	326.0	1294.0	58.0	117.0	71.0	44.0	2.0
2	3	5	1.0802816068951795	0.14000843723459733	0.9234234234234234	22381.0	1222.0	1442.0	141.0	50.0	2647.0	124.0	81.0	329.0	1287.0	62.0	116.0	43.0	73.0	2.0
2	5	3	-11.946643652723141	1.0	0.5216284987277354	22381.0	1442.0	1222.0	141.0	50.0	2647.0	329.0	116.0	124.0	1287.0	43.0	81.0	62.0	73.0	2.0
3	2	5	-0.990697278518506	0.839083283530754	1.0994152046783625	22381.0	1222.0	2647.0	124.0	81.0	1442.0	141.0	50.0	329.0	1287.0	62.0	116.0	73.0	43.0	2.0
2	3	6	1.4845189696366035	0.06883568128799933	0.9123505976095617	22390.0	1213.0	1453.0	129.0	51.0	2653.0	107.0	92.0	336.0	1287.0	55.0	113.0	43.0	74.0	4.0
2	6	3	-13.967973941580757	1.0	0.5252293577981652	22390.0	1453.0	1213.0	129.0	51.0	2653.0	336.0	113.0	107.0	1287.0	43.0	92.0	55.0	74.0	4.0
3	2	6	-1.3419014267020823	0.9101859563978005	1.118918918918919	22390.0	1213.0	2653.0	107.0	92.0	1453.0	129.0	51.0	336.0	1287.0	55.0	113.0	74.0	43.0	4.0
2	3	7	1.404555817224517	0.08007675500291223	0.9043478260869565	22430.0	1173.0	1445.0	144.0	44.0	2636.0	122.0	94.0	330.0	1288.0	60.0	111.0	41.0	76.0	6.0
2	7	3	-11.87488100017092	1.0	0.5279187817258884	22430.0	1445.0	1173.0	144.0	44.0	2636.0	330.0	111.0	122.0	1288.0	41.0	94.0	60.0	76.0	6.0
3	2	7	-1.2559970288642317	0.8954414076614161	1.1341463414634145	22430.0	1173.0	2636.0	122.0	94.0	1445.0	144.0	44.0	330.0	1288.0	60.0	111.0	76.0	41.0	6.0
2	3	8	0.18416326187092819	0.4269427019651695	0.985781990521327	22380.0	1223.0	1455.0	136.0	42.0	2634.0	133.0	85.0	341.0	1284.0	53.0	117.0	41.0	72.0	4.0
2	8	3	-12.584489561180174	1.0	0.5036319612590799	22380.0	1455.0	1223.0	136.0	42.0	2634.0	341.0	117.0	133.0	1284.0	41.0	85.0	53.0	72.0	4.0
3	2	8	-0.181507060978559	0.5720151941945943	1.0148514851485149	22380.0	1223.0	2634.0	133.0	85.0	1455.0	136.0	42.0	341.0	1284.0	53.0	117.0	72.0	41.0	4.0
2	3	9	0.8918069611839065	0.1862481726928199	0.940677966101695	22348.0	1255.0	1450.0	137.0	46.0	2661.0	123.0	68.0	345.0	1284.0	49.0	111.0	44.0	76.0	3.0
2	9	3	-13.249703423303735	1.0	0.5162790697674418	22348.0	1450.0	1255.0	137.0	46.0	2661.0	345.0	111.0	123.0	1284.0	44.0	68.0	49.0	76.0	3.0
3	2	9	-0.8355668825506871	0.7983007478307809	1.0721649484536082	22348.0	1255.0	2661.0	123.0	68.0	1450.0	137.0	46.0	345.0	1284.0	49.0	111.0	76.0	44.0	3.0
2	4	5	0.726017391309888	0.23391398522652185	0.0022970903522205204	23737.0	95.0	86.0	1310.0	8.0	3079.0	7.0	10.0	10.0	1446.0	5.0	3.0	1.0	203.0	0.0
2	5	4	-99999.9	1.0	-0.0023130300693909025	23737.0	86.0	95.0	1310.0	8.0	3079.0	10.0	3.0	7.0	1446.0	1.0	10.0	5.0	203.0	0.0
4	2	5	-314.6075362342817	1.0	0.4994237418363427	23737.0	95.0	3079.0	7.0	10.0	86.0	1310.0	8.0	10.0	1446.0	5.0	3.0	203.0	1.0	0.0
2	4	6	2.241781728901035	0.012487700967169557	0.11811023622047244	22776.0	1056.0	1067.0	306.0	31.0	2929.0	82.0	85.0	112.0	1315.0	34.0	61.0	40.0	105.0	1.0
2	6	4	-99999.9	1.0	-0.18292682926829268	22776.0	1067.0	1056.0	306.0	31.0	2929.0	112.0	61.0	82.0	1315.0	40.0	85.0	34.0	105.0	1.0
4	2	6	-14.496855180226694	1.0	0.4641148325358852	22776.0	1056.0	2929.0	82.0	85.0	1067.0	306.0	31.0	112.0	1315.0	34.0	61.0	105.0	40.0	1.0
2	4	7	0.7323150110339937	0.23198809050710356	0.04405286343612335	22815.0	1017.0	1060.0	309.0	35.0	2916.0	92.0	88.0	102.0	1320.0	39.0	59.0	39.0	107.0	2.0
2	7	4	-99999.9	1.0	-0.050761421319796954	22815.0	1060.0	1017.0	309.0	35.0	2916.0	102.0	59.0	92.0	1320.0	39.0	88.0	39.0	107.0	2.0
4	2	7	-15.158920728403658	1.0	0.4882075471698113	22815.0	1017.0	2916.0	92.0	88.0	1060.0	309.0	35.0	102.0	1320.0	39.0	59.0	107.0	39.0	2.0
2	4	8	0.6857377961765829	0.24643916617969297	0.04694835680751174	22781.0	1051.0	1054.0	309.0	41.0	2917.0	106.0	73.0	116.0	1313.0	32.0	59.0	39.0	108.0	1.0
2	8	4	-99999.9	1.0	-0.05464480874316939	22781.0	1054.0	1051.0	309.0	41.0	2917.0	116.0	59.0	106.0	1313.0	39.0	73.0	32.0	108.0	1.0
4	2	8	-13.234739466208046	1.0	0.4873737373737374	22781.0	1051.0	2917.0	106.0	73.0	1054.0	309.0	41.0	116.0	1313.0	32.0	59.0	108.0	39.0	1.0
2	4	9	0.7221311055382885	0.2351068684283376	0.6296296296296295	22559.0	1273.0	1239.0	126.0	39.0	2908.0	116.0	72.0	133.0	1288.0	40.0	76.0	47.0	80.0	4.0
2	9	4	-0.5054917738768024	0.6933932670219438	0.7083333333333334	22559.0	1239.0	1273.0	126.0	39.0	2908.0	133.0	76.0	116.0	1288.0	47.0	72.0	40.0	80.0	4.0
4	2	9	-0.29734810228047187	0.6168995514678111	-2.333333333333333	22559.0	1273.0	2908.0	116.0	72.0	1239.0	126.0	39.0	133.0	1288.0	40.0	76.0	80.0	47.0	4.0
2	5	6	1.999903632765415	0.02275526634693037	0.10800000000000001	22770.0	1053.0	1073.0	308.0	32.0	2922.0	85.0	85.0	112.0	1308.0	34.0	68.0	44.0	105.0	1.0
2	6	5	-99999.9	1.0	-0.15976331360946744	22770.0	1073.0	1053.0	308.0	32.0	2922.0	112.0	68.0	85.0	1308.0	44.0	85.0	34.0	105.0	1.0
5	2	6	-14.517818963778561	1.0	0.4677804295942721	22770.0	1053.0	2922.0	85.0	85.0	1073.0	308.0	32.0	112.0	1308.0	34.0	68.0	105.0	44.0	1.0
2	5	7	0.5085313390571031	0.3055403774230705	0.031111111111111114	22807.0	1016.0	1068.0	312.0	33.0	2910.0	94.0	88.0	101.0	1314.0	39.0	66.0	43.0	107.0	2.0
2	7	5	-99999.9	1.0	-0.03431372549019608	22807.0	1068.0	1016.0	312.0	33.0	2910.0	101.0	66.0	94.0	1314.0	43.0	88.0	39.0	107.0	2.0
5	2	7	-15.328587505864085	1.0	0.4918414918414918	22807.0	1016.0	2910.0	94.0	88.0	1068.0	312.0	33.0	101.0	1314.0	39.0	66.0	107.0	43.0	2.0
2	5	8	0.4762763175514819	0.3169387789079585	0.03398058252427184	22770.0	1053.0	1065.0	307.0	41.0	2911.0	108.0	73.0	115.0	1307.0	32.0	66.0	43.0	108.0	1.0
2	8	5	-99999.9	1.0	-0.03783783783783784	22770.0	1065.0	1053.0	307.0	41.0	2911.0	115.0	66.0	108.0	1307.0	43.0	73.0	32.0	108.0	1.0
5	2	8	-13.063578995697798	1.0	0.49104859335038364	22770.0	1053.0	2911.0	108.0	73.0	1065.0	307.0	41.0	115.0	1307.0	32.0	66.0	108.0	43.0	1.0
2	5	9	0.6322818850560812	0.2636012911368778	0.5909090909090908	22550.0	1273.0	1248.0	128.0	37.0	2901.0	119.0	72.0	132.0	1282.0	40.0	84.0	50.0	80.0	4.0
2	9	5	-0.2810141711360355	0.6106501694054831	0.7647058823529411	22550.0	1248.0	1273.0	128.0	37.0	2901.0	132.0	84.0	119.0	1282.0	50.0	72.0	40.0	80.0	4.0
5	2	9	-0.19454827232494776	0.5771266784331992	-0.7999999999999999	22550.0	1273.0	2901.0	119.0	72.0	1248.0	128.0	37.0	132.0	1282.0	40.0	84.0	80.0	50.0	4.0
2	6	7	-99999.9	1.0	-0.03386809269162211	23164.0	679.0	711.0	649.0	33.0	2971.0	69.0	62.0	50.0	1362.0	25.0	56.0	20.0	145.0	4.0
2	7	6	1.7593478065992512	0.03925918161149222	0.030744336569579284	23164.0	711.0	679.0	649.0	33.0	2971.0	50.0	56.0	69.0	1362.0	20.0	62.0	25.0	145.0	4.0
6	2	7	-53.70640672776655	1.0	0.5080576759966072	23164.0	679.0	2971.0	69.0	62.0	711.0	649.0	33.0	50.0	1362.0	25.0	56.0	145.0	20.0	4.0
2	6	8	-99999.9	1.0	-0.04059040590405904	23115.0	728.0	720.0	647.0	26.0	2975.0	83.0	44.0	61.0	1355.0	21.0	56.0	20.0	146.0	3.0
2	8	6	1.855935028731414	0.03173134850765591	0.0361842105263158	23115.0	720.0	728.0	647.0	26.0	2975.0	61.0	56.0	83.0	1355.0	20.0	44.0	21.0	146.0	3.0
6	2	8	-47.579425282023514	1.0	0.5095652173913043	23115.0	728.0	2975.0	83.0	44.0	720.0	647.0	26.0	61.0	1355.0	21.0	56.0	146.0	20.0	3.0
2	6	9	-99999.9	1.0	2.1666666666666665	22560.0	1283.0	1238.0	129.0	26.0	2908.0	122.0	72.0	109.0	1286.0	42.0	100.0	43.0	78.0	4.0
2	9	6	0.9432873183374104	0.17276696787219503	0.393939393939394	22560.0	1238.0	1283.0	129.0	26.0	2908.0	109.0	100.0	122.0	1286.0	43.0	72.0	42.0	78.0	4.0
6	2	9	-0.5079239406432211	0.6942466634520383	0.7407407407407407	22560.0	1283.0	2908.0	122.0	72.0	1238.0	129.0	26.0	109.0	1286.0	42.0	100.0	78.0	43.0	4.0
2	7	8	-99999.9	1.0	-0.0021231422505307855	23473.0	402.0	362.0	981.0	18.0	3022.0	37.0	18.0	35.0	1406.0	10.0	35.0	15.0	185.0	1.0
2	8	7	0.23577375866611755	0.4068041638969645	0.002109704641350211	23473.0	362.0	402.0	981.0	18.0	3022.0	35.0	35.0	37.0	1406.0	15.0	18.0	10.0	185.0	1.0
7	2	8	-111.28521409040742	1.0	0.5005291005291006	23473.0	402.0	3022.0	37.0	18.0	362.0	981.0	18.0	35.0	1406.0	10.0	35.0	185.0	15.0	1.0
2	7	9	0.4261295091929634	0.33500677680660895	0.14285714285714285	22610.0	1265.0	1188.0	147.0	26.0	2898.0	111.0	68.0	117.0	1293.0	41.0	102.0	47.0	81.0	6.0
2	9	7	-99999.9	1.0	-0.25	22610.0	1188.0	1265.0	147.0	26.0	2898.0	117.0	102.0	111.0	1293.0	47.0	68.0	41.0	81.0	6.0
7	2	9	-2.1306475459648166	0.9834409640465098	0.45454545454545453	22610.0	1265.0	2898.0	111.0	68.0	1188.0	147.0	26.0	117.0	1293.0	41.0	102.0	81.0	47.0	6.0
2	8	9	0.50146330510222	0.30802254610568114	0.2916666666666667	22562.0	1273.0	1236.0	139.0	26.0	2899.0	122.0	71.0	129.0	1287.0	42.0	89.0	42.0	79.0	4.0
2	9	8	-99999.9	1.0	-2.333333333333333	22562.0	1236.0	1273.0	139.0	26.0	2899.0	129.0	89.0	122.0	1287.0	42.0	71.0	42.0	79.0	4.0
8	2	9	-0.716376150146027	0.7631205106683872	0.37037037037037035	22562.0	1273.0	2899.0	122.0	71.0	1236.0	139.0	26.0	129.0	1287.0	42.0	89.0	79.0	42.0	4.0
3	4	5	0.21777525169850637	0.41380215135030163	0.0007616146230007616	24945.0	98.0	83.0	1322.0	7.0	1871.0	10.0	4.0	11.0	1489.0	5.0	5.0	2.0	148.0	0.0
3	5	4	-99999.9	1.0	-0.0007633587786259542	24945.0	83.0	98.0	1322.0	7.0	1871.0	11.0	5.0	10.0	1489.0	2.0	4.0	5.0	148.0	0.0
4	3	5	-285.50335497674433	1.0	0.49980937857415175	24945.0	98.0	1871.0	10.0	4.0	83.0	1322.0	7.0	11.0	1489.0	5.0	5.0	148.0	2.0	0.0
3	4	6	1.2638838615803885	0.10313592632730262	0.07239819004524886	23939.0	1104.0	1104.0	282.0	26.0	1766.0	77.0	42.0	93.0	1374.0	38.0	43.0	39.0	70.0	3.0
3	6	4	-99999.9	1.0	-0.09248554913294797	23939.0	1104.0	1104.0	282.0	26.0	1766.0	93.0	43.0	77.0	1374.0	39.0	42.0	38.0	70.0	3.0
4	3	6	-14.929628114918335	1.0	0.47969543147208127	23939.0	1104.0	1766.0	77.0	42.0	1104.0	282.0	26.0	93.0	1374.0	38.0	43.0	70.0	39.0	3.0
3	4	7	-99999.9	1.0	-0.010152284263959392	23974.0	1069.0	1092.0	287.0	33.0	1757.0	88.0	40.0	86.0	1379.0	40.0	43.0	41.0	70.0	1.0
3	7	4	0.15231073211705506	0.43947091514353565	0.009852216748768473	23974.0	1092.0	1069.0	287.0	33.0	1757.0	86.0	43.0	88.0	1379.0	41.0	40.0	40.0	70.0	1.0
4	3	7	-15.154917845646969	1.0	0.5025000000000001	23974.0	1069.0	1757.0	88.0	40.0	1092.0	287.0	33.0	86.0	1379.0	40.0	43.0	70.0	41.0	1.0
3	4	8	1.9087211825341637	0.028148967952152715	0.10212765957446808	23927.0	1116.0	1087.0	284.0	41.0	1771.0	73.0	41.0	97.0	1378.0	30.0	45.0	41.0	68.0	1.0
3	8	4	-99999.9	1.0	-0.14723926380368102	23927.0	1087.0	1116.0	284.0	41.0	1771.0	97.0	45.0	73.0	1378.0	41.0	41.0	30.0	68.0	1.0
4	3	8	-14.872119213912027	1.0	0.46984924623115576	23927.0	1116.0	1771.0	73.0	41.0	1087.0	284.0	41.0	97.0	1378.0	30.0	45.0	68.0	41.0	1.0
3	4	9	-0.1457712201603952	0.5579490228955004	1.105263157894737	23719.0	1324.0	1290.0	84.0	38.0	1748.0	86.0	51.0	107.0	1360.0	38.0	51.0	51.0	50.0	3.0
3	9	4	-1.6763690318445432	0.9531670575068654	0.47727272727272724	23719.0	1290.0	1324.0	84.0	38.0	1748.0	107.0	51.0	86.0	1360.0	51.0	51.0	38.0	50.0	3.0
4	3	9	0.15965419350900426	0.4365767344142373	0.92	23719.0	1324.0	1748.0	86.0	51.0	1290.0	84.0	38.0	107.0	1360.0	38.0	51.0	50.0	51.0	3.0
3	5	6	1.2567994226254025	0.1044132062923927	0.07272727272727272	23925.0	1103.0	1118.0	282.0	27.0	1767.0	78.0	42.0	94.0	1369.0	38.0	41.0	43.0	70.0	3.0
3	6	5	-99999.9	1.0	-0.09302325581395349	23925.0	1118.0	1103.0	282.0	27.0	1767.0	94.0	41.0	78.0	1369.0	43.0	42.0	38.0	70.0	3.0
5	3	6	-14.767393215848484	1.0	0.4795918367346939	23925.0	1103.0	1767.0	78.0	42.0	1118.0	282.0	27.0	94.0	1369.0	38.0	41.0	70.0	43.0	3.0
3	5	7	-99999.9	1.0	-0.005025125628140704	23960.0	1068.0	1106.0	289.0	32.0	1757.0	89.0	41.0	88.0	1374.0	39.0	41.0	45.0	70.0	1.0
3	7	5	0.07532794479486343	0.46997682573497257	0.00495049504950495	23960.0	1106.0	1068.0	289.0	32.0	1757.0	88.0	41.0	89.0	1374.0	45.0	41.0	39.0	70.0	1.0
5	3	7	-15.065588958972777	1.0	0.5012468827930174	23960.0	1068.0	1757.0	89.0	41.0	1106.0	289.0	32.0	88.0	1374.0	39.0	41.0	70.0	45.0	1.0
3	5	8	1.8885497235471689	0.029476029740653886	0.10389610389610389	23910.0	1118.0	1104.0	282.0	41.0	1771.0	75.0	41.0	99.0	1372.0	30.0	43.0	45.0	68.0	1.0
3	8	5	-99999.9	1.0	-0.15094339622641512	23910.0	1104.0	1118.0	282.0	41.0	1771.0	99.0	43.0	75.0	1372.0	45.0	41.0	30.0	68.0	1.0
5	3	8	-14.400191642047162	1.0	0.4692307692307693	23910.0	1118.0	1771.0	75.0	41.0	1104.0	282.0	41.0	99.0	1372.0	30.0	43.0	68.0	45.0	1.0
3	5	9	-0.20913706803842788	0.5828293493582719	1.1875	23703.0	1325.0	1306.0	85.0	36.0	1748.0	88.0	51.0	107.0	1355.0	39.0	51.0	54.0	50.0	2.0
3	9	5	-1.5336718322818002	0.9374447767944993	0.46341463414634143	23703.0	1306.0	1325.0	85.0	36.0	1748.0	107.0	51.0	88.0	1355.0	54.0	51.0	39.0	50.0	2.0
5	3	9	0.24215871036028502	0.40432864500321	0.8800000000000001	23703.0	1325.0	1748.0	88.0	51.0	1306.0	85.0	36.0	107.0	1355.0	39.0	51.0	50.0	54.0	2.0
3	6	7	-99999.9	1.0	-0.03405017921146953	24324.0	719.0	742.0	640.0	30.0	1811.0	63.0	28.0	44.0	1421.0	25.0	31.0	24.0	95.0	3.0
3	7	6	1.8543277403728806	0.03184608190197924	0.030894308943089432	24324.0	742.0	719.0	640.0	30.0	1811.0	44.0	31.0	63.0	1421.0	24.0	28.0	25.0	95.0	3.0
6	3	7	-56.313005589218534	1.0	0.5080988917306052	24324.0	719.0	1811.0	63.0	28.0	742.0	640.0	30.0	44.0	1421.0	25.0	31.0	95.0	24.0	3.0
3	6	8	0.2933358144313714	0.3846328080355127	0.0050933786078098476	24265.0	778.0	749.0	637.0	26.0	1825.0	51.0	26.0	54.0	1418.0	18.0	34.0	23.0	93.0	3.0
3	8	6	-99999.9	1.0	-0.005172413793103448	24265.0	749.0	778.0	637.0	26.0	1825.0	54.0	34.0	51.0	1418.0	23.0	26.0	18.0	93.0	3.0
6	3	8	-57.00492660449657	1.0	0.49871685201026517	24265.0	778.0	1825.0	51.0	26.0	749.0	637.0	26.0	54.0	1418.0	18.0	34.0	93.0	23.0	3.0
3	6	9	-0.14526844358925486	0.5577505570364347	-3.0	23710.0	1333.0	1299.0	88.0	25.0	1758.0	92.0	52.0	95.0	1356.0	39.0	53.0	49.0	49.0	2.0
3	9	6	-0.2542197762811966	0.6003370566495024	0.3	23710.0	1299.0	1333.0	88.0	25.0	1758.0	95.0	53.0	92.0	1356.0	49.0	52.0	39.0	49.0	2.0
6	3	9	0.3389597017082603	0.3673201112528359	0.6363636363636364	23710.0	1333.0	1758.0	92.0	52.0	1299.0	88.0	25.0	95.0	1356.0	39.0	53.0	49.0	49.0	2.0
3	7	8	2.94294614200618	0.0016255932561891617	0.021042084168336674	24634.0	432.0	380.0	992.0	17.0	1861.0	15.0	10.0	36.0	1461.0	11.0	16.0	16.0	119.0	0.0
3	8	7	-99999.9	1.0	-0.02245989304812834	24634.0	380.0	432.0	992.0	17.0	1861.0	36.0	16.0	15.0	1461.0	16.0	10.0	11.0	119.0	0.0
7	3	8	-133.97411960751953	1.0	0.49456802897051216	24634.0	432.0	1861.0	15.0	10.0	380.0	992.0	17.0	36.0	1461.0	11.0	16.0	119.0	16.0	0.0
3	7	9	1.548644182264392	0.060733654683969074	0.47727272727272724	23746.0	1320.0	1263.0	101.0	25.0	1762.0	78.0	46.0	99.0	1368.0	41.0	45.0	51.0	52.0	3.0
3	9	7	-99999.9	1.0	1.105263157894737	23746.0	1263.0	1320.0	101.0	25.0	1762.0	99.0	45.0	78.0	1368.0	51.0	46.0	41.0	52.0	3.0
7	3	9	-0.14748992212041834	0.5586273525985834	0.08	23746.0	1320.0	1762.0	78.0	46.0	1263.0	101.0	25.0	99.0	1368.0	41.0	45.0	52.0	51.0	3.0
3	8	9	0.0844250229596535	0.46635919120967595	0.0	23687.0	1327.0	1322.0	92.0	27.0	1774.0	90.0	49.0	90.0	1363.0	39.0	42.0	44.0	50.0	4.0
3	9	8	0.0844250229596535	0.46635919120967595	0.0	23687.0	1322.0	1327.0	92.0	27.0	1774.0	90.0	42.0	90.0	1363.0	44.0	49.0	39.0	50.0	4.0
8	3	9	-0.1490298070793631	0.5592349616246655	0.5	23687.0	1327.0	1774.0	90.0	49.0	1322.0	92.0	27.0	90.0	1363.0	39.0	42.0	50.0	44.0	4.0
4	5	6	-0.2761490541572653	0.6087831433223119	1.000882612533098	25601.0	1215.0	104.0	6.0	2.0	91.0	7.0	1.0	1141.0	1714.0	104.0	8.0	5.0	1.0	0.0
4	6	5	-313.42917646849565	1.0	0.499779638607316	25601.0	104.0	1215.0	6.0	2.0	91.0	1141.0	8.0	7.0	1714.0	5.0	1.0	104.0	1.0	0.0
5	4	6	0.2763925718417074	0.3911233448822362	0.9991197183098591	25601.0	1215.0	91.0	7.0	1.0	104.0	6.0	2.0	1141.0	1714.0	104.0	8.0	1.0	5.0	0.0
4	5	7	0.300260309581027	0.38198937108397923	0.999104744852283	25625.0	1191.0	106.0	6.0	0.0	92.0	5.0	2.0	1121.0	1726.0	112.0	8.0	5.0	1.0	0.0
4	7	5	-334.7902451828435	1.0	0.5002241147467504	25625.0	106.0	1191.0	6.0	0.0	92.0	1121.0	8.0	5.0	1726.0	5.0	2.0	112.0	1.0	0.0
5	4	7	-0.2999912591244132	0.6179080202481769	1.0008976660682227	25625.0	1191.0	92.0	5.0	2.0	106.0	6.0	0.0	1121.0	1726.0	112.0	8.0	1.0	5.0	0.0
4	5	8	-1.0622828057693297	0.8559463085728006	1.0035682426404995	25593.0	1223.0	105.0	5.0	2.0	88.0	9.0	2.0	1134.0	1716.0	109.0	7.0	5.0	1.0	1.0
4	8	5	-299.8293219283932	1.0	0.49911268855368235	25593.0	105.0	1223.0	5.0	2.0	88.0	1134.0	7.0	9.0	1716.0	5.0	2.0	109.0	1.0	1.0
5	4	8	1.0660598113009538	0.14319833643336366	0.9964695498676082	25593.0	1223.0	88.0	9.0	2.0	105.0	5.0	2.0	1134.0	1716.0	109.0	7.0	1.0	5.0	1.0
4	5	9	-0.3751145080190144	0.6462122876598759	1.0007440476190477	25359.0	1457.0	108.0	3.0	1.0	92.0	4.0	3.0	1349.0	1485.0	125.0	7.0	5.0	2.0	0.0
4	9	5	-504.90412779359923	1.0	0.4998141954663694	25359.0	108.0	1457.0	3.0	1.0	92.0	1349.0	7.0	4.0	1485.0	5.0	3.0	125.0	2.0	0.0
5	4	9	0.3753934035640099	0.35368401340057964	0.9992576095025983	25359.0	1457.0	92.0	4.0	3.0	108.0	3.0	1.0	1349.0	1485.0	125.0	7.0	2.0	5.0	0.0
4	6	7	-99999.9	1.0	-0.03804347826086956	24964.0	741.0	767.0	433.0	23.0	1171.0	51.0	18.0	37.0	1658.0	31.0	13.0	27.0	65.0	1.0
4	7	6	1.509063493244388	0.0656413059840093	0.03414634146341464	24964.0	767.0	741.0	433.0	23.0	1171.0	37.0	13.0	51.0	1658.0	27.0	18.0	31.0	65.0	1.0
6	4	7	-41.17587531566828	1.0	0.5089974293059125	24964.0	741.0	1171.0	51.0	18.0	767.0	433.0	23.0	37.0	1658.0	31.0	13.0	65.0	27.0	1.0
4	6	8	0.20040562284578103	0.42058170626760205	0.0052493438320209964	24924.0	781.0	774.0	428.0	21.0	1166.0	49.0	25.0	51.0	1654.0	21.0	12.0	27.0	66.0	1.0
4	8	6	-99999.9	1.0	-0.005333333333333333	24924.0	774.0	781.0	428.0	21.0	1166.0	51.0	12.0	49.0	1654.0	27.0	25.0	21.0	66.0	1.0
6	4	8	-37.776459906429714	1.0	0.49867724867724866	24924.0	781.0	1166.0	49.0	25.0	774.0	428.0	21.0	51.0	1654.0	21.0	12.0	66.0	27.0	1.0
4	6	9	-0.34200338191771823	0.6338257597785388	1.018957345971564	24332.0	1373.0	1135.0	65.0	23.0	1136.0	69.0	35.0	284.0	1388.0	54.0	28.0	37.0	40.0	1.0
4	9	6	-18.724685159995072	1.0	0.49539170506912444	24332.0	1135.0	1373.0	65.0	23.0	1136.0	284.0	28.0	69.0	1388.0	37.0	35.0	54.0	40.0	1.0
6	4	9	0.34836623553479207	0.36378264370409774	0.9820627802690582	24332.0	1373.0	1136.0	69.0	35.0	1135.0	65.0	23.0	284.0	1388.0	54.0	28.0	40.0	37.0	1.0
4	7	8	2.341813160881564	0.009595139990146051	0.021491782553729456	25308.0	423.0	390.0	792.0	15.0	1187.0	18.0	16.0	35.0	1692.0	9.0	7.0	20.0	88.0	0.0
4	8	7	-99999.9	1.0	-0.022972972972972974	25308.0	390.0	423.0	792.0	15.0	1187.0	35.0	7.0	18.0	1692.0	20.0	16.0	9.0	88.0	0.0
7	4	8	-104.27956251690267	1.0	0.49444807315480077	25308.0	423.0	1187.0	18.0	16.0	390.0	792.0	15.0	35.0	1692.0	9.0	7.0	88.0	20.0	0.0
4	7	9	2.1361611998865118	0.01633308037704695	0.9043824701195219	24376.0	1355.0	1091.0	79.0	27.0	1132.0	55.0	34.0	282.0	1400.0	54.0	34.0	39.0	42.0	0.0
4	9	7	-18.068363482373417	1.0	0.5279069767441861	24376.0	1091.0	1355.0	79.0	27.0	1132.0	282.0	34.0	55.0	1400.0	39.0	34.0	54.0	42.0	0.0
7	4	9	-1.910311557607762	0.9719535114343953	1.1340782122905029	24376.0	1355.0	1132.0	55.0	34.0	1091.0	79.0	27.0	282.0	1400.0	54.0	34.0	42.0	39.0	0.0
4	8	9	0.08438082933249696	0.4663767592104898	0.9953051643192489	24338.0	1360.0	1129.0	71.0	30.0	1123.0	70.0	36.0	282.0	1394.0	54.0	43.0	30.0	40.0	0.0
4	9	8	-17.80435498915674	1.0	0.5011820330969267	24338.0	1129.0	1360.0	71.0	30.0	1123.0	282.0	43.0	70.0	1394.0	30.0	36.0	54.0	40.0	0.0
8	4	9	-0.0839828065526267	0.5334650144724299	1.0047619047619047	24338.0	1360.0	1123.0	70.0	36.0	1129.0	71.0	30.0	282.0	1394.0	54.0	43.0	40.0	30.0	0.0
5	6	7	-99999.9	1.0	-0.04098360655737705	24951.0	741.0	766.0	433.0	24.0	1184.0	52.0	17.0	37.0	1654.0	30.0	14.0	27.0	69.0	1.0
5	7	6	1.6084675750614161	0.05386640310749158	0.03649635036496351	24951.0	766.0	741.0	433.0	24.0	1184.0	37.0	14.0	52.0	1654.0	27.0	17.0	30.0	69.0	1.0
6	5	7	-40.855076406559945	1.0	0.5096525096525096	24951.0	741.0	1184.0	52.0	17.0	766.0	433.0	24.0	37.0	1654.0	30.0	14.0	69.0	27.0	1.0
5	6	8	0.5103671957497699	0.30489711027291255	0.01288659793814433	24908.0	784.0	773.0	429.0	21.0	1182.0	46.0	25.0	51.0	1649.0	21.0	13.0	27.0	70.0	1.0
5	8	6	-99999.9	1.0	-0.013404825737265416	24908.0	773.0	784.0	429.0	21.0	1182.0	51.0	13.0	46.0	1649.0	27.0	25.0	21.0	70.0	1.0
6	5	8	-38.58375999868257	1.0	0.4967148488830486	24908.0	784.0	1182.0	46.0	25.0	773.0	429.0	21.0	51.0	1649.0	21.0	13.0	70.0	27.0	1.0
5	6	9	-0.33700362205936807	0.631942847787609	1.019047619047619	24318.0	1374.0	1133.0	67.0	23.0	1150.0	71.0	32.0	285.0	1382.0	54.0	29.0	37.0	44.0	1.0
5	9	6	-18.36669740223555	1.0	0.49537037037037035	24318.0	1133.0	1374.0	67.0	23.0	1150.0	285.0	29.0	71.0	1382.0	37.0	32.0	54.0	44.0	1.0
6	5	9	0.34330275518197306	0.3656854205718689	0.9819819819819819	24318.0	1374.0	1150.0	71.0	32.0	1133.0	67.0	23.0	285.0	1382.0	54.0	29.0	44.0	37.0	1.0
5	7	8	2.9441608449902468	0.0016192267021990503	0.026282853566958697	25292.0	425.0	389.0	793.0	16.0	1203.0	15.0	17.0	36.0	1688.0	9.0	7.0	19.0	91.0	0.0
5	8	7	-99999.9	1.0	-0.028532608695652172	25292.0	389.0	425.0	793.0	16.0	1203.0	36.0	7.0	15.0	1688.0	19.0	17.0	9.0	91.0	0.0
7	5	8	-106.12998855512453	1.0	0.4931596091205212	25292.0	425.0	1203.0	15.0	17.0	389.0	793.0	16.0	36.0	1688.0	9.0	7.0	91.0	19.0	0.0
5	7	9	2.0247156558432566	0.021448216764182293	0.908	24361.0	1356.0	1090.0	80.0	28.0	1147.0	57.0	31.0	284.0	1395.0	54.0	33.0	38.0	46.0	0.0
5	9	7	-17.958347556174974	1.0	0.5266821345707656	24361.0	1090.0	1356.0	80.0	28.0	1147.0	284.0	33.0	57.0	1395.0	38.0	31.0	54.0	46.0	0.0
7	5	9	-1.8195682545904153	0.9655876658962292	1.12707182320442	24361.0	1356.0	1147.0	57.0	31.0	1090.0	80.0	28.0	284.0	1395.0	54.0	33.0	46.0	38.0	0.0
5	8	9	0.08321341042240131	0.46684085917179996	0.9952153110047847	24320.0	1361.0	1131.0	73.0	30.0	1141.0	72.0	33.0	280.0	1388.0	54.0	43.0	30.0	44.0	0.0
5	9	8	-17.225175957436953	1.0	0.5012048192771085	24320.0	1131.0	1361.0	73.0	30.0	1141.0	280.0	43.0	72.0	1388.0	30.0	33.0	54.0	44.0	0.0
8	5	9	-0.08281334594921667	0.5330000873320786	1.0048543689320388	24320.0	1361.0	1141.0	72.0	33.0	1131.0	73.0	30.0	280.0	1388.0	54.0	43.0	44.0	30.0	0.0
6	7	8	2.121129516192618	0.01695539234750365	0.03448275862068965	25695.0	440.0	395.0	407.0	8.0	800.0	15.0	2.0	29.0	2112.0	15.0	8.0	21.0	53.0	0.0
6	8	7	-99999.9	1.0	-0.03846153846153846	25695.0	395.0	440.0	407.0	8.0	800.0	29.0	8.0	15.0	2112.0	21.0	2.0	15.0	53.0	0.0
7	6	8	-57.270496937200676	1.0	0.4909090909090909	25695.0	440.0	800.0	15.0	2.0	395.0	407.0	8.0	29.0	2112.0	15.0	8.0	53.0	21.0	0.0
6	7	9	2.856786051840399	0.0021398356190027723	0.9549689440993789	24747.0	1388.0	721.0	67.0	22.0	761.0	38.0	18.0	653.0	1431.0	72.0	33.0	24.0	23.0	2.0
6	9	7	-57.72678021994733	1.0	0.5120732722731057	24747.0	721.0	1388.0	67.0	22.0	761.0	653.0	33.0	38.0	1431.0	24.0	18.0	72.0	23.0	2.0
7	6	9	-2.722075815249551	0.9967562849017337	1.052064631956912	24747.0	1388.0	761.0	38.0	18.0	721.0	67.0	22.0	653.0	1431.0	72.0	33.0	23.0	24.0	2.0
6	8	9	0.6798007823807963	0.24831523841206393	0.9885057471264368	24693.0	1397.0	775.0	57.0	23.0	768.0	50.0	19.0	652.0	1425.0	71.0	27.0	18.0	23.0	2.0
6	9	8	-57.783066502367674	1.0	0.5029239766081871	24693.0	775.0	1397.0	57.0	23.0	768.0	652.0	27.0	50.0	1425.0	18.0	19.0	71.0	23.0	2.0
8	6	9	-0.6718961221205545	0.7491751515224445	1.0119047619047619	24693.0	1397.0	768.0	50.0	19.0	775.0	57.0	23.0	652.0	1425.0	71.0	27.0	23.0	18.0	2.0
7	8	9	-3.0317949456599798	0.9987844093446617	1.024390243902439	25077.0	1418.0	431.0	16.0	10.0	384.0	39.0	9.0	1005.0	1473.0	94.0	18.0	9.0	16.0	1.0
7	9	8	-130.3671826633788	1.0	0.4941176470588235	25077.0	431.0	1418.0	16.0	10.0	384.0	1005.0	18.0	39.0	1473.0	9.0	9.0	94.0	16.0	1.0
8	7	9	3.1039805396042652	0.000954747401921141	0.9772727272727273	25077.0	1418.0	384.0	39.0	9.0	431.0	16.0	10.0	1005.0	1473.0	94.0	18.0	16.0	9.0	1.0
