P1	Hybrid	P2	Zscore	Pvalue	Gamma	AAAA	AAAB	AABA	AABB	AABC	ABAA	ABAB	ABAC	ABBA	BAAA	ABBC	CABC	BACA	BCAA	ABCD
1	2	3	1.7008322353525296	0.04448721749587292	0.9179487179487179	73911.0	4804.0	5408.0	453.0	192.0	7731.0	405.0	260.0	942.0	4874.0	170.0	328.0	200.0	305.0	17.0
1	3	2	-17.32722839765391	1.0	0.5233918128654971	73911.0	5408.0	4804.0	453.0	192.0	7731.0	942.0	328.0	405.0	4874.0	200.0	260.0	170.0	305.0	17.0
2	1	3	-1.5488025383377781	0.9392853871452087	1.1088435374149659	73911.0	4804.0	7731.0	405.0	260.0	5408.0	453.0	192.0	942.0	4874.0	170.0	328.0	305.0	200.0	17.0
1	2	4	-0.3353843805543019	0.6313323579639339	1.0212765957446808	73923.0	4792.0	5420.0	430.0	203.0	7695.0	440.0	261.0	920.0	4867.0	199.0	328.0	201.0	301.0	20.0
1	4	2	-16.433834647160896	1.0	0.4948453608247423	73923.0	5420.0	4792.0	430.0	203.0	7695.0	920.0	328.0	440.0	4867.0	201.0	261.0	199.0	301.0	20.0
2	1	4	0.34237155514918316	0.3660357126565843	0.98	73923.0	4792.0	7695.0	440.0	261.0	5420.0	430.0	203.0	920.0	4867.0	199.0	328.0	301.0	201.0	20.0
1	2	5	-0.20164935130221884	0.5799045435100014	1.0126849894291754	73877.0	4838.0	5420.0	434.0	199.0	7695.0	440.0	261.0	919.0	4864.0	203.0	328.0	202.0	301.0	19.0
1	5	2	-16.29998923026264	1.0	0.49688796680497926	73877.0	5420.0	4838.0	434.0	199.0	7695.0	919.0	328.0	440.0	4864.0	202.0	261.0	203.0	301.0	19.0
2	1	5	0.20417523044170385	0.41910831134686466	0.9877800407331976	73877.0	4838.0	7695.0	440.0	261.0	5420.0	434.0	199.0	919.0	4864.0	203.0	328.0	301.0	202.0	19.0
1	2	6	-0.4951755732630363	0.6897619031160827	1.0333333333333334	73883.0	4832.0	5447.0	436.0	170.0	7694.0	451.0	251.0	916.0	4875.0	195.0	334.0	190.0	299.0	27.0
1	6	2	-15.845618344417169	1.0	0.49206349206349204	73883.0	5447.0	4832.0	436.0	170.0	7694.0	916.0	334.0	451.0	4875.0	190.0	251.0	195.0	299.0	27.0
2	1	6	0.5111489788521665	0.3046233635288971	0.9696969696969697	73883.0	4832.0	7694.0	451.0	251.0	5447.0	436.0	170.0	916.0	4875.0	195.0	334.0	299.0	190.0	27.0
1	2	7	-0.13535902232512476	0.5538360193999077	1.0081967213114753	73843.0	4872.0	5442.0	431.0	180.0	7698.0	435.0	263.0	927.0	4850.0	209.0	338.0	201.0	292.0	19.0
1	7	2	-16.784518768315415	1.0	0.4979757085020243	73843.0	5442.0	4872.0	431.0	180.0	7698.0	927.0	338.0	435.0	4850.0	201.0	263.0	209.0	292.0	19.0
2	1	7	0.13645950218142658	0.4457289896757176	0.992	73843.0	4872.0	7698.0	435.0	263.0	5442.0	431.0	180.0	927.0	4850.0	209.0	338.0	292.0	201.0	19.0
1	2	8	0.5522489855990095	0.2903888603884759	0.9679358717434869	73813.0	4902.0	5438.0	441.0	174.0	7707.0	425.0	264.0	908.0	4877.0	201.0	338.0	197.0	293.0	22.0
1	8	2	-16.11876726717104	1.0	0.5084210526315789	73813.0	5438.0	4902.0	441.0	174.0	7707.0	908.0	338.0	425.0	4877.0	197.0	264.0	201.0	293.0	22.0
2	1	8	-0.5339550233431415	0.7033136931406259	1.0354767184035476	73813.0	4902.0	7707.0	425.0	264.0	5438.0	441.0	174.0	908.0	4877.0	201.0	338.0	293.0	197.0	22.0
1	2	9	0.6001484121176077	0.2742036173311426	0.9761904761904762	74032.0	4683.0	5447.0	419.0	187.0	7740.0	402.0	254.0	1099.0	4680.0	207.0	357.0	185.0	288.0	20.0
1	9	2	-24.005936484704307	1.0	0.5061728395061729	74032.0	5447.0	4683.0	419.0	187.0	7740.0	1099.0	357.0	402.0	4680.0	185.0	254.0	207.0	288.0	20.0
2	1	9	-0.5855106459683979	0.7208978373395183	1.0256410256410255	74032.0	4683.0	7740.0	402.0	254.0	5447.0	419.0	187.0	1099.0	4680.0	207.0	357.0	288.0	185.0	20.0
1	3	4	-99999.9	1.0	-0.061946902654867256	75380.0	3939.0	3963.0	1331.0	155.0	8398.0	371.0	232.0	315.0	5024.0	140.0	230.0	113.0	398.0	11.0
1	4	3	2.1858147604003406	0.01441452973115076	0.05223880597014926	75380.0	3963.0	3939.0	1331.0	155.0	8398.0	315.0	230.0	371.0	5024.0	113.0	232.0	140.0	398.0	11.0
3	1	4	-37.47111017829154	1.0	0.5141700404858299	75380.0	3939.0	8398.0	371.0	232.0	3963.0	1331.0	155.0	315.0	5024.0	140.0	230.0	398.0	113.0	11.0
1	3	5	-99999.9	1.0	-0.061878453038674036	75344.0	3975.0	3953.0	1335.0	161.0	8398.0	374.0	229.0	318.0	5017.0	144.0	226.0	115.0	400.0	11.0
1	5	3	2.1763602819579093	0.014764113582488969	0.0521901211556384	75344.0	3953.0	3975.0	1335.0	161.0	8398.0	318.0	226.0	374.0	5017.0	115.0	229.0	144.0	400.0	11.0
3	1	5	-37.34789698145629	1.0	0.5141557128412537	75344.0	3975.0	8398.0	374.0	229.0	3953.0	1335.0	161.0	318.0	5017.0	144.0	226.0	400.0	115.0	11.0
1	3	6	-99999.9	1.0	-0.0773542600896861	75370.0	3949.0	3960.0	1337.0	152.0	8409.0	376.0	216.0	307.0	5025.0	147.0	228.0	115.0	401.0	8.0
1	6	3	2.7077787989571065	0.003386808004410602	0.06278434940855324	75370.0	3960.0	3949.0	1337.0	152.0	8409.0	307.0	228.0	376.0	5025.0	115.0	216.0	147.0	401.0	8.0
3	1	6	-37.712687330402616	1.0	0.5173279758915118	75370.0	3949.0	8409.0	376.0	216.0	3960.0	1337.0	152.0	307.0	5025.0	147.0	228.0	401.0	115.0	8.0
1	3	7	-99999.9	1.0	-0.05257393209200438	75317.0	4002.0	3968.0	1319.0	162.0	8421.0	358.0	222.0	310.0	5008.0	161.0	232.0	120.0	391.0	9.0
1	7	3	1.8939848874748135	0.029113442544756007	0.045411542100283815	75317.0	3968.0	4002.0	1319.0	162.0	8421.0	310.0	232.0	358.0	5008.0	120.0	222.0	161.0	391.0	9.0
3	1	7	-37.919155767985345	1.0	0.5121827411167512	75317.0	4002.0	8421.0	358.0	222.0	3968.0	1319.0	162.0	310.0	5008.0	161.0	232.0	391.0	120.0	9.0
1	3	8	-99999.9	1.0	-0.05531914893617021	75286.0	4033.0	3965.0	1342.0	142.0	8430.0	350.0	221.0	298.0	5024.0	157.0	225.0	125.0	394.0	8.0
1	8	3	2.084209207410847	0.01857050671507432	0.04744525547445255	75286.0	3965.0	4033.0	1342.0	142.0	8430.0	298.0	225.0	350.0	5024.0	125.0	221.0	157.0	394.0	8.0
3	1	8	-39.76029872599154	1.0	0.5127701375245579	75286.0	4033.0	8430.0	350.0	221.0	3965.0	1342.0	142.0	298.0	5024.0	157.0	225.0	394.0	125.0	8.0
1	3	9	1.398785041913581	0.08093878139157162	0.827906976744186	74615.0	4704.0	4864.0	429.0	156.0	8329.0	392.0	280.0	570.0	4729.0	180.0	297.0	146.0	299.0	10.0
1	9	3	-5.330505159724732	0.9999999509251869	0.5579937304075235	74615.0	4864.0	4704.0	429.0	156.0	8329.0	570.0	297.0	392.0	4729.0	146.0	280.0	180.0	299.0	10.0
3	1	9	-1.108026353425927	0.8660747361258496	1.3557692307692308	74615.0	4704.0	8329.0	392.0	280.0	4864.0	429.0	156.0	570.0	4729.0	180.0	297.0	299.0	146.0	10.0
1	4	5	-99999.9	1.0	-0.0006067961165048544	78897.0	446.0	400.0	4988.0	37.0	8879.0	41.0	23.0	38.0	5453.0	17.0	25.0	12.0	743.0	1.0
1	5	4	0.33740739125199865	0.36790497412621914	0.0006056935190793459	78897.0	400.0	446.0	4988.0	37.0	8879.0	38.0	25.0	41.0	5453.0	12.0	23.0	17.0	743.0	1.0
4	1	5	-556.3847881745475	1.0	0.5001515610791148	78897.0	446.0	8879.0	41.0	23.0	400.0	4988.0	37.0	38.0	5453.0	17.0	25.0	743.0	12.0	1.0
1	4	6	-99999.9	1.0	-0.008710078805474909	76740.0	2603.0	2590.0	2691.0	144.0	8535.0	259.0	149.0	238.0	5176.0	94.0	171.0	81.0	514.0	15.0
1	6	4	0.9455634476506244	0.17218563597175462	0.008488278092158446	76740.0	2590.0	2603.0	2691.0	144.0	8535.0	238.0	171.0	259.0	5176.0	81.0	149.0	94.0	514.0	15.0
4	1	6	-109.50525260411057	1.0	0.5021494370522006	76740.0	2603.0	8535.0	259.0	149.0	2590.0	2691.0	144.0	238.0	5176.0	94.0	171.0	514.0	81.0	15.0
1	4	7	0.18346691576521057	0.4272158495274494	0.0016233766233766233	76694.0	2649.0	2591.0	2696.0	138.0	8549.0	236.0	158.0	240.0	5162.0	106.0	174.0	88.0	509.0	10.0
1	7	4	-99999.9	1.0	-0.0016313213703099511	76694.0	2591.0	2649.0	2696.0	138.0	8549.0	240.0	174.0	236.0	5162.0	88.0	158.0	106.0	509.0	10.0
4	1	7	-112.64868627983893	1.0	0.49959316517493896	76694.0	2649.0	8549.0	236.0	158.0	2591.0	2696.0	138.0	240.0	5162.0	106.0	174.0	509.0	88.0	10.0
1	4	8	-99999.9	1.0	-0.0020458265139116204	76655.0	2688.0	2596.0	2686.0	143.0	8546.0	237.0	160.0	232.0	5168.0	108.0	175.0	94.0	504.0	8.0
1	8	4	0.2310839754106329	0.4086248274522426	0.0020333468889792597	76655.0	2596.0	2688.0	2686.0	143.0	8546.0	232.0	175.0	237.0	5168.0	94.0	160.0	108.0	504.0	8.0
4	1	8	-113.18493115612775	1.0	0.5005098919029166	76655.0	2688.0	8546.0	237.0	160.0	2596.0	2686.0	143.0	232.0	5168.0	108.0	175.0	504.0	94.0	8.0
1	4	9	1.2345912051163002	0.10849140979136251	0.8764044943820226	74638.0	4705.0	4841.0	418.0	166.0	8276.0	385.0	282.0	619.0	4713.0	176.0	301.0	169.0	299.0	12.0
1	9	4	-7.51978279479928	0.9999999999999724	0.5379310344827586	74638.0	4841.0	4705.0	418.0	166.0	8276.0	619.0	301.0	385.0	4713.0	169.0	282.0	176.0	299.0	12.0
4	1	9	-1.0604821890101552	0.8555373237142134	1.1964285714285714	74638.0	4705.0	8276.0	385.0	282.0	4841.0	418.0	166.0	619.0	4713.0	176.0	301.0	299.0	169.0	12.0
1	5	6	-99999.9	1.0	-0.008316008316008316	76699.0	2598.0	2631.0	2690.0	150.0	8529.0	265.0	148.0	245.0	5166.0	95.0	170.0	85.0	514.0	15.0
1	6	5	0.8888560613708383	0.18704018771382658	0.008113590263691683	76699.0	2631.0	2598.0	2690.0	150.0	8529.0	245.0	170.0	265.0	5166.0	85.0	148.0	95.0	514.0	15.0
5	1	6	-107.77379744121414	1.0	0.502053388090349	76699.0	2598.0	8529.0	265.0	148.0	2631.0	2690.0	150.0	245.0	5166.0	95.0	170.0	514.0	85.0	15.0
1	5	7	0.36342100199927047	0.3581452696634313	0.003246753246753247	76643.0	2654.0	2642.0	2695.0	134.0	8546.0	239.0	157.0	247.0	5154.0	105.0	170.0	93.0	511.0	10.0
1	7	5	-99999.9	1.0	-0.003278688524590164	76643.0	2642.0	2654.0	2695.0	134.0	8546.0	247.0	170.0	239.0	5154.0	93.0	157.0	105.0	511.0	10.0
5	1	7	-111.20682661177707	1.0	0.499184339314845	76643.0	2654.0	8546.0	239.0	157.0	2642.0	2695.0	134.0	247.0	5154.0	105.0	170.0	511.0	93.0	10.0
1	5	8	-99999.9	1.0	-0.0008173273395995097	76609.0	2688.0	2642.0	2689.0	140.0	8543.0	240.0	159.0	238.0	5162.0	106.0	172.0	97.0	506.0	9.0
1	8	5	0.09150530209125654	0.46354548477784785	0.0008153281695882593	76609.0	2642.0	2688.0	2689.0	140.0	8543.0	238.0	172.0	240.0	5162.0	97.0	159.0	106.0	506.0	9.0
5	1	8	-112.04824241074341	1.0	0.5002040816326531	76609.0	2688.0	8543.0	240.0	159.0	2642.0	2689.0	140.0	238.0	5162.0	106.0	172.0	506.0	97.0	9.0
1	5	9	1.1153254354087476	0.13235554321313336	0.8867924528301888	74594.0	4703.0	4885.0	418.0	168.0	8271.0	388.0	283.0	623.0	4708.0	175.0	302.0	171.0	299.0	12.0
1	9	5	-7.621390475293109	0.9999999999999873	0.5340909090909091	74594.0	4885.0	4703.0	418.0	168.0	8271.0	623.0	302.0	388.0	4708.0	171.0	283.0	175.0	299.0	12.0
5	1	9	-0.9729434649310353	0.8347093001767132	1.1714285714285715	74594.0	4703.0	8271.0	388.0	283.0	4885.0	418.0	168.0	623.0	4708.0	175.0	302.0	299.0	171.0	12.0
1	6	7	1.2446265597492776	0.10663459472795767	0.01070154577883472	76708.0	2622.0	2577.0	2720.0	141.0	8563.0	224.0	157.0	251.0	5165.0	100.0	149.0	97.0	511.0	15.0
1	7	6	-99999.9	1.0	-0.011056511056511056	76708.0	2577.0	2622.0	2720.0	141.0	8563.0	251.0	149.0	224.0	5165.0	97.0	157.0	100.0	511.0	15.0
6	1	7	-113.81418429707296	1.0	0.4972809667673716	76708.0	2622.0	8563.0	224.0	157.0	2577.0	2720.0	141.0	251.0	5165.0	100.0	149.0	511.0	97.0	15.0
1	6	8	0.6042794135447656	0.2728288958839782	0.005195843325339728	76663.0	2667.0	2588.0	2715.0	135.0	8564.0	226.0	154.0	239.0	5173.0	104.0	150.0	100.0	510.0	12.0
1	8	6	-99999.9	1.0	-0.005278116118554608	76663.0	2588.0	2667.0	2715.0	135.0	8564.0	239.0	150.0	226.0	5173.0	100.0	154.0	104.0	510.0	12.0
6	1	8	-115.091986764372	1.0	0.4986908358509567	76663.0	2667.0	8564.0	226.0	154.0	2588.0	2715.0	135.0	239.0	5173.0	104.0	150.0	510.0	100.0	12.0
1	6	9	0.9289378568442429	0.1764606281173542	0.9060150375939849	74608.0	4722.0	4871.0	409.0	158.0	8280.0	384.0	280.0	625.0	4714.0	177.0	291.0	169.0	298.0	14.0
1	9	6	-8.026023083134248	0.9999999999999996	0.5273522975929978	74608.0	4871.0	4722.0	409.0	158.0	8280.0	625.0	291.0	384.0	4714.0	169.0	280.0	177.0	298.0	14.0
6	1	9	-0.8325750086238857	0.797457822511856	1.130890052356021	74608.0	4722.0	8280.0	384.0	280.0	4871.0	409.0	158.0	625.0	4714.0	177.0	291.0	298.0	169.0	14.0
1	7	8	-99999.9	1.0	-0.0027389756231169546	77667.0	1618.0	1584.0	3807.0	92.0	8718.0	146.0	99.0	136.0	5291.0	59.0	99.0	62.0	612.0	10.0
1	8	7	0.596138511910052	0.2755413025601974	0.0027166530834012493	77667.0	1584.0	1618.0	3807.0	92.0	8718.0	136.0	99.0	146.0	5291.0	62.0	99.0	59.0	612.0	10.0
7	1	8	-218.24630921027014	1.0	0.5006819421713039	77667.0	1618.0	8718.0	146.0	99.0	1584.0	3807.0	92.0	136.0	5291.0	59.0	99.0	612.0	62.0	10.0
1	7	9	1.506868293341823	0.06592223774956119	0.8490566037735849	74593.0	4692.0	4886.0	425.0	172.0	8298.0	385.0	280.0	610.0	4693.0	183.0	288.0	189.0	291.0	15.0
1	9	7	-6.969265856705932	0.9999999999983968	0.5487804878048781	74593.0	4886.0	4692.0	425.0	172.0	8298.0	610.0	288.0	385.0	4693.0	189.0	280.0	183.0	291.0	15.0
7	1	9	-1.2389805967477212	0.8923235899847841	1.2758620689655173	74593.0	4692.0	8298.0	385.0	280.0	4886.0	425.0	172.0	610.0	4693.0	183.0	288.0	291.0	189.0	15.0
1	8	9	2.2095585029428717	0.013567862609979997	0.8054607508532423	74542.0	4709.0	4937.0	421.0	159.0	8304.0	364.0	285.0	600.0	4719.0	180.0	292.0	184.0	292.0	12.0
1	9	8	-6.938788982925863	0.9999999999980103	0.5686746987951806	74542.0	4937.0	4709.0	421.0	159.0	8304.0	600.0	292.0	364.0	4719.0	184.0	285.0	180.0	292.0	12.0
8	1	9	-1.675893949265992	0.9531205392619624	1.4672131147540983	74542.0	4709.0	8304.0	364.0	285.0	4937.0	421.0	159.0	600.0	4719.0	180.0	292.0	292.0	184.0	12.0
2	3	4	0.04077424135322477	0.4837378748716359	0.0	77583.0	4059.0	4035.0	1284.0	150.0	6195.0	301.0	182.0	301.0	5184.0	147.0	172.0	113.0	285.0	9.0
2	4	3	0.04077424135322477	0.4837378748716359	0.0	77583.0	4035.0	4059.0	1284.0	150.0	6195.0	301.0	172.0	301.0	5184.0	113.0	182.0	147.0	285.0	9.0
3	2	4	-40.06076185527651	1.0	0.5	77583.0	4059.0	6195.0	301.0	182.0	4035.0	1284.0	150.0	301.0	5184.0	147.0	172.0	285.0	113.0	9.0
2	3	5	-99999.9	1.0	-0.007194244604316546	77549.0	4093.0	4023.0	1287.0	159.0	6193.0	307.0	178.0	300.0	5181.0	151.0	174.0	111.0	284.0	10.0
2	5	3	0.28508004953812915	0.38779147327851726	0.007042253521126761	77549.0	4023.0	4093.0	1287.0	159.0	6193.0	300.0	174.0	307.0	5181.0	111.0	178.0	151.0	284.0	10.0
3	2	5	-39.911206935337965	1.0	0.5017793594306049	77549.0	4093.0	6193.0	307.0	178.0	4023.0	1287.0	159.0	300.0	5181.0	151.0	174.0	284.0	111.0	10.0
2	3	6	-99999.9	1.0	-0.012320328542094455	77550.0	4092.0	4027.0	1290.0	152.0	6229.0	304.0	145.0	292.0	5191.0	149.0	176.0	115.0	282.0	6.0
2	6	3	0.4943232101744623	0.3105389695347458	0.011881188118811881	77550.0	4027.0	4092.0	1290.0	152.0	6229.0	292.0	176.0	304.0	5191.0	115.0	145.0	149.0	282.0	6.0
3	2	6	-40.61689043600155	1.0	0.5030241935483871	77550.0	4092.0	6229.0	304.0	145.0	4027.0	1290.0	152.0	292.0	5191.0	149.0	176.0	282.0	115.0	6.0
2	3	7	0.24815394676114677	0.40200770275707054	0.006072874493927126	77507.0	4135.0	4034.0	1273.0	162.0	6231.0	291.0	156.0	297.0	5168.0	167.0	179.0	114.0	277.0	9.0
2	7	3	-99999.9	1.0	-0.006185567010309278	77507.0	4034.0	4135.0	1273.0	162.0	6231.0	297.0	179.0	291.0	5168.0	114.0	156.0	167.0	277.0	9.0
3	2	7	-40.36637533981339	1.0	0.49846782431052095	77507.0	4135.0	6231.0	291.0	156.0	4034.0	1273.0	162.0	297.0	5168.0	167.0	179.0	277.0	114.0	9.0
2	3	8	-99999.9	1.0	-0.02590673575129534	77491.0	4151.0	4029.0	1295.0	145.0	6225.0	305.0	148.0	280.0	5189.0	163.0	179.0	117.0	276.0	7.0
2	8	3	1.045065034464163	0.14799648314029512	0.024038461538461536	77491.0	4029.0	4151.0	1295.0	145.0	6225.0	280.0	179.0	305.0	5189.0	117.0	148.0	163.0	276.0	7.0
3	2	8	-41.38457536478078	1.0	0.5062344139650874	77491.0	4151.0	6225.0	305.0	148.0	4029.0	1295.0	145.0	280.0	5189.0	163.0	179.0	276.0	117.0	7.0
2	3	9	0.6501866070009499	0.2577857832169882	0.9205607476635514	76832.0	4810.0	4940.0	378.0	151.0	6112.0	361.0	205.0	558.0	4885.0	189.0	233.0	141.0	194.0	11.0
2	9	3	-6.884328780010056	0.9999999999970792	0.5225464190981433	76832.0	4940.0	4810.0	378.0	151.0	6112.0	558.0	233.0	361.0	4885.0	141.0	205.0	189.0	194.0	11.0
3	2	9	-0.5940791333003602	0.7237704525092838	1.1042944785276074	76832.0	4810.0	6112.0	361.0	205.0	4940.0	378.0	151.0	558.0	4885.0	189.0	233.0	194.0	141.0	11.0
2	4	5	-99999.9	1.0	-0.0005989219405070872	81158.0	460.0	414.0	5045.0	34.0	6618.0	33.0	17.0	30.0	5551.0	17.0	19.0	15.0	588.0	1.0
2	5	4	0.37776705442365166	0.352801882629326	0.0005978477481068154	81158.0	414.0	460.0	5045.0	34.0	6618.0	30.0	19.0	33.0	5551.0	15.0	17.0	17.0	588.0	1.0
4	2	5	-631.1228255904564	1.0	0.5001495960905555	81158.0	460.0	6618.0	33.0	17.0	414.0	5045.0	34.0	30.0	5551.0	17.0	19.0	588.0	15.0	1.0
2	4	6	-99999.9	1.0	-0.007328990228013029	78908.0	2710.0	2669.0	2683.0	141.0	6367.0	209.0	92.0	191.0	5311.0	96.0	139.0	90.0	387.0	7.0
2	6	4	0.9028371095439958	0.18330614817799162	0.007171314741035857	78908.0	2669.0	2710.0	2683.0	141.0	6367.0	191.0	139.0	209.0	5311.0	90.0	92.0	96.0	387.0	7.0
4	2	6	-124.08994494510256	1.0	0.5018123238018527	78908.0	2710.0	6367.0	209.0	92.0	2669.0	2683.0	141.0	191.0	5311.0	96.0	139.0	387.0	90.0	7.0
2	4	7	0.25115566159075253	0.40084693697418605	0.001996007984031936	78875.0	2743.0	2666.0	2696.0	131.0	6368.0	196.0	104.0	201.0	5285.0	112.0	138.0	92.0	386.0	7.0
2	7	4	-99999.9	1.0	-0.002008032128514056	78875.0	2666.0	2743.0	2696.0	131.0	6368.0	201.0	138.0	196.0	5285.0	92.0	104.0	112.0	386.0	7.0
4	2	7	-125.32667513378517	1.0	0.4994994994994995	78875.0	2743.0	6368.0	196.0	104.0	2666.0	2696.0	131.0	201.0	5285.0	112.0	138.0	386.0	92.0	7.0
2	4	8	-99999.9	1.0	-0.00902009020090201	78849.0	2769.0	2671.0	2673.0	149.0	6352.0	212.0	104.0	190.0	5303.0	105.0	142.0	96.0	382.0	3.0
2	8	4	1.1014369578562875	0.13535330860877925	0.00878243512974052	78849.0	2671.0	2769.0	2673.0	149.0	6352.0	190.0	142.0	212.0	5303.0	96.0	104.0	105.0	382.0	3.0
4	2	8	-123.21074333110569	1.0	0.5022249190938511	78849.0	2769.0	6352.0	212.0	104.0	2671.0	2673.0	149.0	190.0	5303.0	105.0	142.0	382.0	96.0	3.0
2	4	9	0.8223691853393704	0.20543335123216744	0.9106382978723404	76802.0	4816.0	4970.0	366.0	157.0	6112.0	345.0	211.0	559.0	4863.0	176.0	232.0	179.0	201.0	11.0
2	9	4	-7.5579644176427765	0.9999999999999793	0.5257985257985258	76802.0	4970.0	4816.0	366.0	157.0	6112.0	559.0	232.0	345.0	4863.0	179.0	211.0	176.0	201.0	11.0
4	2	9	-0.741669405469619	0.7708562381999058	1.122093023255814	76802.0	4816.0	6112.0	345.0	211.0	4970.0	366.0	157.0	559.0	4863.0	176.0	232.0	201.0	179.0	11.0
2	5	6	-99999.9	1.0	-0.005707297187117815	78865.0	2707.0	2712.0	2678.0	149.0	6363.0	211.0	93.0	197.0	5306.0	96.0	137.0	93.0	386.0	7.0
2	6	5	0.6948359839648638	0.24357897867119793	0.0056112224448897794	78865.0	2712.0	2707.0	2678.0	149.0	6363.0	197.0	137.0	211.0	5306.0	93.0	93.0	96.0	386.0	7.0
5	2	6	-122.44002660295148	1.0	0.5014147130153597	78865.0	2707.0	6363.0	211.0	93.0	2712.0	2678.0	149.0	197.0	5306.0	96.0	137.0	386.0	93.0	7.0
2	5	7	0.49717445601556787	0.3095330165633965	0.003990422984836392	78826.0	2746.0	2715.0	2694.0	130.0	6363.0	198.0	106.0	208.0	5280.0	111.0	136.0	95.0	386.0	6.0
2	7	5	-99999.9	1.0	-0.004038772213247173	78826.0	2715.0	2746.0	2694.0	130.0	6363.0	208.0	136.0	198.0	5280.0	95.0	106.0	111.0	386.0	6.0
5	2	7	-123.59756976546981	1.0	0.4989963869931754	78826.0	2746.0	6363.0	198.0	106.0	2715.0	2694.0	130.0	208.0	5280.0	111.0	136.0	386.0	95.0	6.0
2	5	8	-99999.9	1.0	-0.007364975450081834	78803.0	2769.0	2717.0	2675.0	147.0	6349.0	213.0	105.0	195.0	5300.0	104.0	140.0	98.0	382.0	3.0
2	8	5	0.8939639678702292	0.18567055363786955	0.007205764611689351	78803.0	2717.0	2769.0	2675.0	147.0	6349.0	195.0	140.0	213.0	5300.0	98.0	105.0	104.0	382.0	3.0
5	2	8	-122.27440493869477	1.0	0.5018211250505868	78803.0	2769.0	6349.0	213.0	105.0	2717.0	2675.0	147.0	195.0	5300.0	104.0	140.0	382.0	98.0	3.0
2	5	9	0.8635580928709862	0.19391530472904828	0.9098360655737705	76754.0	4818.0	5018.0	365.0	156.0	6111.0	343.0	213.0	565.0	4859.0	175.0	227.0	185.0	201.0	10.0
2	9	5	-7.850528117008954	0.9999999999999979	0.5260663507109005	76754.0	5018.0	4818.0	365.0	156.0	6111.0	565.0	227.0	343.0	4859.0	185.0	213.0	175.0	201.0	10.0
5	2	9	-0.7779802638477351	0.7817097400923778	1.1235955056179776	76754.0	4818.0	6111.0	343.0	213.0	5018.0	365.0	156.0	565.0	4859.0	175.0	227.0	201.0	185.0	10.0
2	6	7	1.074052970343658	0.14139950702345627	0.008209538702111026	78862.0	2715.0	2679.0	2719.0	136.0	6409.0	182.0	106.0	203.0	5295.0	112.0	95.0	96.0	382.0	9.0
2	7	6	-99999.9	1.0	-0.00841683366733467	78862.0	2679.0	2715.0	2719.0	136.0	6409.0	203.0	95.0	182.0	5295.0	96.0	106.0	112.0	382.0	9.0
6	2	7	-128.6817749230782	1.0	0.49792202651889966	78862.0	2715.0	6409.0	182.0	106.0	2679.0	2719.0	136.0	203.0	5295.0	112.0	95.0	382.0	96.0	9.0
2	6	8	-99999.9	1.0	-0.004807692307692308	78831.0	2746.0	2689.0	2707.0	138.0	6396.0	199.0	102.0	187.0	5314.0	109.0	101.0	98.0	377.0	6.0
2	8	6	0.6120663218598279	0.27024688716241274	0.004739336492890996	78831.0	2689.0	2746.0	2707.0	138.0	6396.0	187.0	101.0	199.0	5314.0	98.0	102.0	109.0	377.0	6.0
6	2	8	-127.92186126870429	1.0	0.5011933174224343	78831.0	2746.0	6396.0	199.0	102.0	2689.0	2707.0	138.0	187.0	5314.0	109.0	101.0	377.0	98.0	6.0
2	6	9	0.34536187782087086	0.3649112326224285	0.9592760180995475	76748.0	4829.0	5024.0	358.0	152.0	6140.0	349.0	208.0	561.0	4866.0	183.0	202.0	172.0	197.0	11.0
2	9	6	-7.789829021959658	0.9999999999999967	0.5108433734939759	76748.0	5024.0	4829.0	358.0	152.0	6140.0	561.0	202.0	349.0	4866.0	172.0	208.0	183.0	197.0	11.0
6	2	9	-0.33070028866809803	0.6295644897596633	1.0463917525773196	76748.0	4829.0	6140.0	349.0	208.0	5024.0	358.0	152.0	561.0	4866.0	183.0	202.0	197.0	172.0	11.0
2	7	8	-99999.9	1.0	-0.00791268758526603	79887.0	1654.0	1633.0	3843.0	94.0	6498.0	149.0	60.0	120.0	5394.0	59.0	66.0	68.0	473.0	2.0
2	8	7	1.773210436424188	0.038096874670611736	0.007729211087420042	79887.0	1633.0	1654.0	3843.0	94.0	6498.0	120.0	66.0	149.0	5394.0	68.0	60.0	59.0	473.0	2.0
7	2	8	-225.8703224879636	1.0	0.5019549683160307	79887.0	1654.0	6498.0	149.0	60.0	1633.0	3843.0	94.0	120.0	5394.0	59.0	66.0	473.0	68.0	2.0
2	7	9	0.8239825717358501	0.20497467626341404	0.9066666666666666	76735.0	4806.0	5037.0	366.0	167.0	6156.0	345.0	206.0	549.0	4844.0	180.0	198.0	198.0	199.0	14.0
2	9	7	-7.180419553698118	0.9999999999996501	0.5271317829457364	76735.0	5037.0	4806.0	366.0	167.0	6156.0	549.0	198.0	345.0	4844.0	198.0	206.0	180.0	199.0	14.0
7	2	9	-0.7391608364101008	0.7700953993090596	1.1296296296296295	76735.0	4806.0	6156.0	345.0	206.0	5037.0	366.0	167.0	549.0	4844.0	180.0	198.0	199.0	198.0	14.0
2	8	9	1.2151595892099964	0.11215268131353962	0.8832684824902723	76696.0	4824.0	5076.0	355.0	160.0	6150.0	325.0	209.0	552.0	4879.0	180.0	201.0	183.0	198.0	12.0
2	9	8	-7.979547969145631	0.9999999999999993	0.535377358490566	76696.0	5076.0	4824.0	355.0	160.0	6150.0	552.0	201.0	325.0	4879.0	183.0	209.0	180.0	198.0	12.0
8	2	9	-1.0545658109003049	0.8541879965089076	1.1796407185628743	76696.0	4824.0	6150.0	325.0	209.0	5076.0	355.0	160.0	552.0	4879.0	180.0	201.0	198.0	183.0	12.0
3	4	5	0.24241372055835503	0.40422985341884865	0.0004928536224741252	83319.0	459.0	423.0	4089.0	30.0	4457.0	33.0	18.0	35.0	6701.0	17.0	5.0	18.0	394.0	2.0
3	5	4	-99999.9	1.0	-0.000493583415597236	83319.0	423.0	459.0	4089.0	30.0	4457.0	35.0	5.0	33.0	6701.0	18.0	18.0	17.0	394.0	2.0
4	3	5	-491.3726115717804	1.0	0.4998766954377312	83319.0	459.0	4457.0	33.0	18.0	423.0	4089.0	30.0	35.0	6701.0	17.0	5.0	394.0	18.0	2.0
3	4	6	-99999.9	1.0	-0.007412398921832884	81046.0	2732.0	2733.0	1693.0	116.0	4229.0	198.0	81.0	187.0	6458.0	108.0	79.0	107.0	230.0	3.0
3	6	4	0.5624646427090939	0.2868997107101885	0.007251153592617007	81046.0	2733.0	2732.0	1693.0	116.0	4229.0	187.0	79.0	198.0	6458.0	107.0	81.0	108.0	230.0	3.0
4	3	6	-76.44405825909965	1.0	0.501832722425858	81046.0	2732.0	4229.0	198.0	81.0	2733.0	1693.0	116.0	187.0	6458.0	108.0	79.0	230.0	107.0	3.0
3	4	7	0.40710107411124463	0.3419669235112769	0.005194805194805195	81012.0	2766.0	2726.0	1722.0	94.0	4231.0	190.0	87.0	198.0	6421.0	134.0	81.0	107.0	224.0	7.0
3	7	4	-99999.9	1.0	-0.005277044854881266	81012.0	2726.0	2766.0	1722.0	94.0	4231.0	198.0	81.0	190.0	6421.0	107.0	87.0	134.0	224.0	7.0
4	3	7	-77.55275461819208	1.0	0.4986910994764398	81012.0	2766.0	4231.0	190.0	87.0	2726.0	1722.0	94.0	198.0	6421.0	134.0	81.0	224.0	107.0	7.0
3	4	8	-99999.9	1.0	-0.017808219178082188	80977.0	2801.0	2739.0	1697.0	106.0	4224.0	211.0	73.0	185.0	6436.0	132.0	79.0	113.0	225.0	2.0
3	8	4	1.3160679584133028	0.09407568381111919	0.016905071521456434	80977.0	2739.0	2801.0	1697.0	106.0	4224.0	185.0	79.0	211.0	6436.0	113.0	73.0	132.0	225.0	2.0
4	3	8	-75.21834562316033	1.0	0.504336224149433	80977.0	2801.0	4224.0	211.0	73.0	2739.0	1697.0	106.0	185.0	6436.0	132.0	79.0	225.0	113.0	2.0
3	4	9	0.04284938170393016	0.482910735816354	0.99915611814346	78809.0	4969.0	4135.0	273.0	134.0	4105.0	272.0	131.0	1456.0	5050.0	247.0	170.0	135.0	107.0	7.0
3	9	4	-50.69081855574923	1.0	0.5002112378538234	78809.0	4135.0	4969.0	273.0	134.0	4105.0	1456.0	170.0	272.0	5050.0	135.0	131.0	247.0	107.0	7.0
4	3	9	-0.042813191347761306	0.5170748395360457	1.0008460236886634	78809.0	4969.0	4105.0	272.0	131.0	4135.0	273.0	134.0	1456.0	5050.0	247.0	170.0	107.0	135.0	7.0
3	5	6	-99999.9	1.0	-0.00814111261872456	81014.0	2728.0	2765.0	1690.0	123.0	4214.0	204.0	79.0	192.0	6450.0	110.0	89.0	109.0	230.0	3.0
3	6	5	0.6052091561250966	0.2725199665958492	0.007947019867549669	81014.0	2765.0	2728.0	1690.0	123.0	4214.0	192.0	89.0	204.0	6450.0	109.0	79.0	110.0	230.0	3.0
5	3	6	-74.9450671668244	1.0	0.5020107238605898	81014.0	2728.0	4214.0	204.0	79.0	2765.0	1690.0	123.0	192.0	6450.0	110.0	89.0	230.0	109.0	3.0
3	5	7	0.5511119083537577	0.2907784537671214	0.007156798959011061	80974.0	2768.0	2764.0	1721.0	93.0	4215.0	195.0	87.0	206.0	6414.0	132.0	89.0	109.0	225.0	8.0
3	7	5	-99999.9	1.0	-0.007313829787234043	80974.0	2764.0	2768.0	1721.0	93.0	4215.0	206.0	89.0	195.0	6414.0	109.0	87.0	132.0	225.0	8.0
5	3	7	-75.90314010508567	1.0	0.498191384413022	80974.0	2768.0	4215.0	195.0	87.0	2764.0	1721.0	93.0	206.0	6414.0	132.0	89.0	225.0	109.0	8.0
3	5	8	-99999.9	1.0	-0.016415868673050615	80945.0	2797.0	2771.0	1703.0	104.0	4207.0	217.0	73.0	193.0	6428.0	131.0	88.0	115.0	226.0	2.0
3	8	5	1.1933915358833975	0.11635809813457298	0.01564537157757497	80945.0	2771.0	2797.0	1703.0	104.0	4207.0	193.0	88.0	217.0	6428.0	115.0	73.0	131.0	226.0	2.0
5	3	8	-73.89082593011372	1.0	0.5040053404539386	80945.0	2797.0	4207.0	217.0	73.0	2771.0	1703.0	104.0	193.0	6428.0	131.0	88.0	226.0	115.0	2.0
3	5	9	0.0	0.49999999949999996	nan	78769.0	4973.0	4175.0	270.0	133.0	4096.0	270.0	131.0	1459.0	5047.0	246.0	176.0	140.0	108.0	7.0
3	9	5	-51.16167634526906	1.0	0.5	78769.0	4175.0	4973.0	270.0	133.0	4096.0	1459.0	176.0	270.0	5047.0	140.0	131.0	246.0	108.0	7.0
5	3	9	0.0	0.49999999949999996	nan	78769.0	4973.0	4096.0	270.0	131.0	4175.0	270.0	133.0	1459.0	5047.0	246.0	176.0	108.0	140.0	7.0
3	6	7	1.0253192890514569	0.15260629811828097	0.012010113780025287	81029.0	2750.0	2709.0	1727.0	105.0	4242.0	164.0	89.0	183.0	6447.0	133.0	85.0	107.0	222.0	8.0
3	7	6	-99999.9	1.0	-0.012459016393442624	81029.0	2709.0	2750.0	1727.0	105.0	4242.0	183.0	85.0	164.0	6447.0	107.0	89.0	133.0	222.0	8.0
6	3	7	-83.32068327870776	1.0	0.4969423881557773	81029.0	2750.0	4242.0	164.0	89.0	2709.0	1727.0	105.0	183.0	6447.0	133.0	85.0	222.0	107.0	8.0
3	6	8	-99999.9	1.0	-0.01126573889993373	80993.0	2786.0	2723.0	1714.0	104.0	4234.0	188.0	73.0	171.0	6460.0	132.0	83.0	112.0	224.0	3.0
3	8	6	0.9015558445137982	0.18364639931186133	0.010897435897435895	80993.0	2723.0	2786.0	1714.0	104.0	4234.0	171.0	83.0	188.0	6460.0	112.0	73.0	132.0	224.0	3.0
6	3	8	-80.92789521929753	1.0	0.5027696318018898	80993.0	2786.0	4234.0	188.0	73.0	2723.0	1714.0	104.0	171.0	6460.0	132.0	83.0	224.0	112.0	3.0
3	6	9	-0.17442602563963844	0.5692346646799489	1.0033698399326032	78786.0	4993.0	4158.0	260.0	123.0	4102.0	264.0	129.0	1455.0	5055.0	253.0	174.0	138.0	106.0	4.0
3	9	6	-52.10977515984183	1.0	0.49916177703269066	78786.0	4158.0	4993.0	260.0	123.0	4102.0	1455.0	174.0	264.0	5055.0	138.0	129.0	253.0	106.0	4.0
6	3	9	0.17501183932776485	0.4305351700239579	0.9966638865721434	78786.0	4993.0	4102.0	264.0	129.0	4158.0	260.0	123.0	1455.0	5055.0	253.0	174.0	106.0	138.0	4.0
3	7	8	-99999.9	1.0	-0.013417815877748788	82058.0	1680.0	1658.0	2857.0	67.0	4327.0	138.0	45.0	102.0	6543.0	73.0	59.0	79.0	310.0	4.0
3	8	7	2.3338361262017737	0.009802130905251838	0.012898602651379435	82058.0	1658.0	1680.0	2857.0	67.0	4327.0	102.0	59.0	138.0	6543.0	79.0	45.0	73.0	310.0	4.0
7	3	8	-176.26945630951718	1.0	0.5032882718304714	82058.0	1680.0	4327.0	138.0	45.0	1658.0	2857.0	67.0	102.0	6543.0	73.0	59.0	310.0	79.0	4.0
3	7	9	0.606907541583372	0.27195608606399513	0.9882747068676717	78774.0	4964.0	4170.0	276.0	136.0	4117.0	262.0	131.0	1442.0	5029.0	247.0	172.0	166.0	104.0	10.0
3	9	7	-50.54672810615801	1.0	0.5029838022165388	78774.0	4170.0	4964.0	276.0	136.0	4117.0	1442.0	172.0	262.0	5029.0	166.0	131.0	247.0	104.0	10.0
7	3	9	-0.5997069436323829	0.7256492679675544	1.0121527777777777	78774.0	4964.0	4117.0	262.0	131.0	4170.0	276.0	136.0	1442.0	5029.0	247.0	172.0	104.0	166.0	10.0
3	8	9	0.8922207532785874	0.18613727818169534	0.9837662337662337	78730.0	4986.0	4214.0	265.0	125.0	4116.0	245.0	127.0	1457.0	5056.0	247.0	158.0	156.0	111.0	7.0
3	9	8	-53.17635689540377	1.0	0.5041597337770384	78730.0	4214.0	4986.0	265.0	125.0	4116.0	1457.0	158.0	245.0	5056.0	156.0	127.0	247.0	111.0	7.0
8	3	9	-0.8774976385380168	0.8098918369138781	1.0170648464163823	78730.0	4986.0	4116.0	245.0	127.0	4214.0	265.0	125.0	1457.0	5056.0	247.0	158.0	111.0	156.0	7.0
4	5	6	-1.1303959757582869	0.8708452432166751	1.0035828025477707	84804.0	2972.0	471.0	27.0	12.0	424.0	36.0	3.0	2557.0	8321.0	306.0	18.0	24.0	22.0	3.0
4	6	5	-317.7668687409403	1.0	0.4991090873094437	84804.0	471.0	2972.0	27.0	12.0	424.0	2557.0	18.0	36.0	8321.0	24.0	3.0	306.0	22.0	3.0
5	4	6	1.1344315028435008	0.12830684864916508	0.9964552973611658	84804.0	2972.0	424.0	36.0	3.0	471.0	27.0	12.0	2557.0	8321.0	306.0	18.0	22.0	24.0	3.0
4	5	7	-0.6189914980115574	0.732039074392816	1.0019778481012658	84770.0	3006.0	473.0	30.0	7.0	419.0	35.0	9.0	2568.0	8307.0	309.0	18.0	25.0	23.0	1.0
4	7	5	-314.2000843906657	1.0	0.4995070005915993	84770.0	473.0	3006.0	30.0	7.0	419.0	2568.0	18.0	35.0	8307.0	25.0	9.0	309.0	23.0	1.0
5	4	7	0.6202133525279638	0.2675586112186039	0.9980338183248132	84770.0	3006.0	419.0	35.0	9.0	473.0	30.0	7.0	2568.0	8307.0	309.0	18.0	23.0	25.0	1.0
4	5	8	-0.3659983470084234	0.6428167842357638	1.0011881188118812	84731.0	3045.0	470.0	32.0	8.0	421.0	35.0	7.0	2563.0	8301.0	320.0	19.0	22.0	24.0	2.0
4	8	5	-308.7806054261073	1.0	0.4997034987151611	84731.0	470.0	3045.0	32.0	8.0	421.0	2563.0	19.0	35.0	8301.0	22.0	7.0	320.0	24.0	2.0
5	4	8	0.3664326804898415	0.35702117985881676	0.9988161010260458	84731.0	3045.0	421.0	35.0	7.0	470.0	32.0	8.0	2563.0	8301.0	320.0	19.0	24.0	22.0	2.0
4	5	9	0.1220895924509554	0.45141399095741175	0.999810606060606	82451.0	5325.0	463.0	34.0	13.0	414.0	33.0	16.0	5312.0	5379.0	493.0	35.0	18.0	12.0	2.0
4	9	5	-644.3888689561455	1.0	0.500047361939945	82451.0	463.0	5325.0	34.0	13.0	414.0	5312.0	35.0	33.0	5379.0	18.0	16.0	493.0	12.0	2.0
5	4	9	-0.122066465041891	0.5485768510558462	1.0001895016107636	82451.0	5325.0	414.0	33.0	16.0	463.0	34.0	13.0	5312.0	5379.0	493.0	35.0	12.0	18.0	2.0
4	6	7	-99999.9	1.0	-0.02631578947368421	82507.0	2768.0	2736.0	225.0	50.0	2764.0	186.0	49.0	185.0	8041.0	155.0	56.0	140.0	130.0	8.0
4	7	6	0.0525512984672328	0.4790446426798727	0.02439024390243903	82507.0	2736.0	2768.0	225.0	50.0	2764.0	185.0	56.0	186.0	8041.0	140.0	49.0	155.0	130.0	8.0
6	4	7	-2.0495006402220746	0.979793474264766	0.5063291139240506	82507.0	2768.0	2764.0	186.0	49.0	2736.0	225.0	50.0	185.0	8041.0	155.0	56.0	130.0	140.0	8.0
4	6	8	-99999.9	1.0	-0.022727272727272728	82456.0	2819.0	2745.0	222.0	44.0	2771.0	177.0	51.0	176.0	8042.0	163.0	56.0	139.0	134.0	5.0
4	8	6	0.05378880589570728	0.47855164568890185	0.021276595744680847	82456.0	2745.0	2819.0	222.0	44.0	2771.0	176.0	56.0	177.0	8042.0	139.0	51.0	163.0	134.0	5.0
6	4	8	-2.4204962653068223	0.9922503329649808	0.5054945054945055	82456.0	2819.0	2771.0	177.0	51.0	2745.0	222.0	44.0	176.0	8042.0	163.0	56.0	134.0	139.0	5.0
4	6	9	-0.4209236046780648	0.6630945260375412	1.002981736861722	80164.0	5111.0	2750.0	176.0	85.0	2724.0	184.0	91.0	2875.0	5161.0	345.0	162.0	85.0	84.0	3.0
4	9	6	-142.00910112826222	1.0	0.49925788497217066	80164.0	2750.0	5111.0	176.0	85.0	2724.0	2875.0	162.0	184.0	5161.0	85.0	91.0	345.0	84.0	3.0
6	4	9	0.422174956903046	0.3364486990037039	0.9970446989287034	80164.0	5111.0	2724.0	184.0	91.0	2750.0	176.0	85.0	2875.0	5161.0	345.0	162.0	84.0	85.0	3.0
4	7	8	0.3200016200571853	0.37448362006869196	0.00409165302782324	83536.0	1707.0	1665.0	1337.0	41.0	2849.0	120.0	36.0	125.0	8150.0	92.0	29.0	88.0	223.0	2.0
4	8	7	-99999.9	1.0	-0.004142502071251035	83536.0	1665.0	1707.0	1337.0	41.0	2849.0	125.0	29.0	120.0	8150.0	88.0	36.0	92.0	223.0	2.0
7	4	8	-77.56839270186181	1.0	0.49897076986414163	83536.0	1707.0	2849.0	120.0	36.0	1665.0	1337.0	41.0	125.0	8150.0	92.0	29.0	223.0	88.0	2.0
4	7	9	0.6200520561400648	0.26761170308210713	0.9955882352941177	80162.0	5081.0	2752.0	194.0	97.0	2729.0	182.0	94.0	2890.0	5135.0	342.0	142.0	113.0	80.0	7.0
4	9	7	-139.30502861280104	1.0	0.5011102886750556	80162.0	2752.0	5081.0	194.0	97.0	2729.0	2890.0	142.0	182.0	5135.0	113.0	94.0	342.0	80.0	7.0
7	4	9	-0.6173044103964602	0.7314830746148522	1.0044709388971684	80162.0	5081.0	2729.0	182.0	94.0	2752.0	194.0	97.0	2890.0	5135.0	342.0	142.0	80.0	113.0	7.0
4	8	9	1.2766994377811274	0.10085425871455378	0.9911732254505333	80104.0	5097.0	2810.0	190.0	85.0	2742.0	166.0	95.0	2861.0	5157.0	340.0	158.0	107.0	85.0	3.0
4	9	8	-142.086008263058	1.0	0.5022363026462915	80104.0	2810.0	5097.0	190.0	85.0	2742.0	2861.0	158.0	166.0	5157.0	107.0	95.0	340.0	85.0	3.0
8	4	9	-1.2653299437155436	0.8971233927835387	1.0090668681526256	80104.0	5097.0	2742.0	166.0	95.0	2810.0	190.0	85.0	2861.0	5157.0	340.0	158.0	85.0	107.0	3.0
5	6	7	-99999.9	1.0	-0.07317073170731707	82460.0	2768.0	2729.0	230.0	52.0	2811.0	186.0	49.0	183.0	8034.0	153.0	65.0	140.0	132.0	8.0
5	7	6	0.16095222391376404	0.43606550731047933	0.06	82460.0	2729.0	2768.0	230.0	52.0	2811.0	183.0	65.0	186.0	8034.0	140.0	49.0	153.0	132.0	8.0
6	5	7	-2.360632617401866	0.9908781184226949	0.5164835164835164	82460.0	2768.0	2811.0	186.0	49.0	2729.0	230.0	52.0	183.0	8034.0	153.0	65.0	132.0	140.0	8.0
5	6	8	-99999.9	1.0	-0.21621621621621623	82414.0	2814.0	2738.0	227.0	46.0	2813.0	182.0	51.0	174.0	8035.0	161.0	65.0	140.0	136.0	4.0
5	8	6	0.45240704481589566	0.3254879105361461	0.13114754098360656	82414.0	2738.0	2814.0	227.0	46.0	2813.0	174.0	65.0	182.0	8035.0	140.0	51.0	161.0	136.0	4.0
6	5	8	-2.5447896270894126	0.9945327966608621	0.5408163265306122	82414.0	2814.0	2813.0	182.0	51.0	2738.0	227.0	46.0	174.0	8035.0	161.0	65.0	136.0	140.0	4.0
5	6	9	-0.41975896758335307	0.6626691880483131	1.0029850746268656	80119.0	5109.0	2746.0	177.0	88.0	2769.0	185.0	92.0	2873.0	5155.0	342.0	168.0	85.0	89.0	3.0
5	9	6	-141.45877207559008	1.0	0.49925705794947994	80119.0	2746.0	5109.0	177.0	88.0	2769.0	2873.0	168.0	185.0	5155.0	85.0	92.0	342.0	89.0	3.0
6	5	9	0.4210082502249702	0.3368745686187321	0.9970414201183432	80119.0	5109.0	2769.0	185.0	92.0	2746.0	177.0	88.0	2873.0	5155.0	342.0	168.0	89.0	85.0	3.0
5	7	8	-99999.9	1.0	-0.0008230452674897119	83487.0	1702.0	1665.0	1343.0	42.0	2898.0	127.0	34.0	126.0	8143.0	91.0	28.0	87.0	224.0	3.0
5	8	7	0.06288265526550317	0.47492990362326903	0.0008210180623973727	83487.0	1665.0	1702.0	1343.0	42.0	2898.0	126.0	28.0	127.0	8143.0	87.0	34.0	91.0	224.0	3.0
7	5	8	-76.46530880285165	1.0	0.5002055076037814	83487.0	1702.0	2898.0	127.0	34.0	1665.0	1343.0	42.0	126.0	8143.0	91.0	28.0	224.0	87.0	3.0
5	7	9	0.46175289731465957	0.32212928549966546	0.9966863033873343	80110.0	5079.0	2755.0	195.0	100.0	2781.0	186.0	92.0	2893.0	5127.0	340.0	136.0	112.0	87.0	7.0
5	9	7	-138.423257439439	1.0	0.5008325624421832	80110.0	2755.0	5079.0	195.0	100.0	2781.0	2893.0	136.0	186.0	5127.0	112.0	92.0	340.0	87.0	7.0
7	5	9	-0.46021770112853766	0.6773199966474905	1.0033469691335068	80110.0	5079.0	2781.0	186.0	92.0	2755.0	195.0	100.0	2893.0	5127.0	340.0	136.0	87.0	112.0	7.0
5	8	9	1.2216200501730783	0.1109257383873894	0.9915503306392358	80055.0	5097.0	2810.0	190.0	87.0	2791.0	167.0	94.0	2866.0	5152.0	339.0	153.0	106.0	90.0	3.0
5	9	8	-142.1328371418765	1.0	0.5021395348837209	80055.0	2810.0	5097.0	190.0	87.0	2791.0	2866.0	153.0	167.0	5152.0	106.0	94.0	339.0	90.0	3.0
8	5	9	-1.2112098015054307	0.8870924303568832	1.0086694308330193	80055.0	5097.0	2791.0	167.0	94.0	2810.0	190.0	87.0	2866.0	5152.0	339.0	153.0	90.0	106.0	3.0
6	7	8	-99999.9	1.0	-0.004291845493562232	83557.0	1714.0	1670.0	1290.0	43.0	2828.0	120.0	29.0	115.0	8191.0	90.0	34.0	87.0	229.0	3.0
6	8	7	0.3267580983882628	0.37192549539500375	0.004237288135593221	83557.0	1670.0	1714.0	1290.0	43.0	2828.0	115.0	34.0	120.0	8191.0	87.0	29.0	90.0	229.0	3.0
7	6	8	-76.46139502285358	1.0	0.5010660980810234	83557.0	1714.0	2828.0	120.0	29.0	1670.0	1290.0	43.0	115.0	8191.0	90.0	34.0	229.0	87.0	3.0
6	7	9	0.9513476235744287	0.17071396022312924	0.9934758970641536	80165.0	5106.0	2723.0	189.0	91.0	2726.0	171.0	80.0	2912.0	5137.0	347.0	149.0	113.0	83.0	8.0
6	9	7	-143.91775438850962	1.0	0.5016471449487555	80165.0	2723.0	5106.0	189.0	91.0	2726.0	2912.0	149.0	171.0	5137.0	113.0	80.0	347.0	83.0	8.0
7	6	9	-0.9451001747512475	0.8276961436975101	1.0066543438077633	80165.0	5106.0	2726.0	171.0	80.0	2723.0	189.0	91.0	2912.0	5137.0	347.0	149.0	83.0	113.0	8.0
6	8	9	1.7063090472180804	0.04397524615895365	0.9888127029953085	80103.0	5124.0	2785.0	182.0	80.0	2743.0	151.0	83.0	2891.0	5162.0	345.0	153.0	108.0	88.0	2.0
6	9	8	-149.10939383592824	1.0	0.5028445586346119	80103.0	2785.0	5124.0	182.0	80.0	2743.0	2891.0	153.0	151.0	5162.0	108.0	83.0	345.0	88.0	2.0
8	6	9	-1.6870040908444448	0.9541987432336119	1.0115758028379387	80103.0	5124.0	2743.0	151.0	83.0	2785.0	182.0	80.0	2891.0	5162.0	345.0	153.0	88.0	108.0	2.0
7	8	9	0.867739367796462	0.19276847382537798	0.9967046894803548	81196.0	5189.0	1695.0	119.0	49.0	1650.0	106.0	63.0	4038.0	5247.0	425.0	96.0	56.0	66.0	5.0
7	9	8	-261.59004479956457	1.0	0.5008279200101898	81196.0	1695.0	5189.0	119.0	49.0	1650.0	4038.0	96.0	106.0	5247.0	56.0	63.0	425.0	66.0	5.0
8	7	9	-0.8648704431318247	0.8064450907501508	1.0033282130056325	81196.0	5189.0	1650.0	106.0	63.0	1695.0	119.0	49.0	4038.0	5247.0	425.0	96.0	66.0	56.0	5.0
