P1	Hybrid	P2	Zscore	Pvalue	Gamma	AAAA	AAAB	AABA	AABB	AABC	ABAA	ABAB	ABAC	ABBA	BAAA	ABBC	CABC	BACA	BCAA	ABCD
1	2	3	0.3496933838777781	0.3632844749677028	0.9737827715355806	37005.0	2497.0	2595.0	209.0	99.0	3824.0	202.0	126.0	462.0	2461.0	102.0	173.0	93.0	147.0	5.0
1	3	2	-12.63891801729688	1.0	0.50682261208577	37005.0	2595.0	2497.0	209.0	99.0	3824.0	462.0	173.0	202.0	2461.0	93.0	126.0	102.0	147.0	5.0
2	1	3	-0.34027856200414563	0.6331765531007578	1.0284552845528456	37005.0	2497.0	3824.0	202.0	126.0	2595.0	209.0	99.0	462.0	2461.0	102.0	173.0	147.0	93.0	5.0
1	2	4	0.0	0.49999999949999996	nan	37151.0	2351.0	2604.0	198.0	101.0	3812.0	198.0	142.0	462.0	2454.0	109.0	172.0	97.0	144.0	5.0
1	4	2	-13.264824415576207	1.0	0.5	37151.0	2604.0	2351.0	198.0	101.0	3812.0	462.0	172.0	198.0	2454.0	97.0	142.0	109.0	144.0	5.0
2	1	4	0.0	0.49999999949999996	nan	37151.0	2351.0	3812.0	198.0	142.0	2604.0	198.0	101.0	462.0	2454.0	109.0	172.0	144.0	97.0	5.0
1	2	5	0.7199837223743126	0.2357674394816155	0.9508771929824561	37164.0	2338.0	2600.0	205.0	98.0	3819.0	191.0	142.0	462.0	2463.0	100.0	171.0	98.0	143.0	6.0
1	5	2	-13.216844046442725	1.0	0.5132575757575758	37164.0	2600.0	2338.0	205.0	98.0	3819.0	462.0	171.0	191.0	2463.0	98.0	142.0	100.0	143.0	6.0
2	1	5	-0.6827889913291452	0.7526299740557756	1.0576131687242798	37164.0	2338.0	3819.0	191.0	142.0	2600.0	205.0	98.0	462.0	2463.0	100.0	171.0	143.0	98.0	6.0
1	2	6	0.6103419045181498	0.2708176202438657	0.9587628865979382	37152.0	2350.0	2612.0	207.0	84.0	3823.0	195.0	134.0	474.0	2439.0	112.0	174.0	93.0	144.0	7.0
1	6	2	-13.580107375528819	1.0	0.5109890109890111	37152.0	2612.0	2350.0	207.0	84.0	3823.0	474.0	174.0	195.0	2439.0	93.0	134.0	112.0	144.0	7.0
2	1	6	-0.5840906398076918	0.7204203760023005	1.0470588235294118	37152.0	2350.0	3823.0	195.0	134.0	2612.0	207.0	84.0	474.0	2439.0	112.0	174.0	144.0	93.0	7.0
1	2	7	0.6021581822692237	0.27353437553522897	0.9563636363636364	37043.0	2459.0	2598.0	213.0	92.0	3825.0	201.0	126.0	464.0	2451.0	110.0	169.0	93.0	146.0	10.0
1	7	2	-12.59514197913128	1.0	0.5116731517509727	37043.0	2598.0	2459.0	213.0	92.0	3825.0	464.0	169.0	201.0	2451.0	93.0	126.0	110.0	146.0	10.0
2	1	7	-0.574683284218917	0.7172472808429056	1.0502092050209204	37043.0	2459.0	3825.0	201.0	126.0	2598.0	213.0	92.0	464.0	2451.0	110.0	169.0	146.0	93.0	10.0
1	2	8	-0.707502834708942	0.7603730434000544	1.0632911392405062	37054.0	2448.0	2606.0	203.0	94.0	3812.0	218.0	122.0	470.0	2448.0	107.0	172.0	94.0	142.0	10.0
1	8	2	-12.593550457819166	1.0	0.48554913294797686	37054.0	2606.0	2448.0	203.0	94.0	3812.0	470.0	172.0	218.0	2448.0	94.0	122.0	107.0	142.0	10.0
2	1	8	0.7496160986797124	0.2267429081361344	0.9468085106382979	37054.0	2448.0	3812.0	218.0	122.0	2606.0	203.0	94.0	470.0	2448.0	107.0	172.0	142.0	94.0	10.0
1	2	9	0.36965921096644394	0.3558182737693856	0.9814323607427056	37214.0	2288.0	2630.0	186.0	87.0	3852.0	179.0	121.0	549.0	2367.0	109.0	178.0	92.0	140.0	8.0
1	9	2	-19.169470511545597	1.0	0.504774897680764	37214.0	2630.0	2288.0	186.0	87.0	3852.0	549.0	178.0	179.0	2367.0	92.0	121.0	109.0	140.0	8.0
2	1	9	-0.36266565832653824	0.6415726096971993	1.0196629213483146	37214.0	2288.0	3852.0	179.0	121.0	2630.0	186.0	87.0	549.0	2367.0	109.0	178.0	140.0	92.0	8.0
1	3	4	0.21106077314701302	0.4164199573986864	0.008264462809917356	37693.0	1907.0	2062.0	659.0	84.0	4141.0	179.0	139.0	183.0	2501.0	72.0	122.0	69.0	183.0	6.0
1	4	3	-99999.9	1.0	-0.00847457627118644	37693.0	2062.0	1907.0	659.0	84.0	4141.0	183.0	122.0	179.0	2501.0	69.0	139.0	72.0	183.0	6.0
3	1	4	-25.116232004494606	1.0	0.497907949790795	37693.0	1907.0	4141.0	179.0	139.0	2062.0	659.0	84.0	183.0	2501.0	72.0	122.0	183.0	69.0	6.0
1	3	5	0.3234776531536953	0.37316683308316845	0.012072434607645875	37702.0	1898.0	2062.0	662.0	81.0	4154.0	171.0	134.0	177.0	2512.0	67.0	121.0	69.0	184.0	6.0
1	5	3	-99999.9	1.0	-0.012526096033402922	37702.0	2062.0	1898.0	662.0	81.0	4154.0	177.0	121.0	171.0	2512.0	69.0	134.0	67.0	184.0	6.0
3	1	5	-26.147776963257066	1.0	0.4969262295081967	37702.0	1898.0	4154.0	171.0	134.0	2062.0	662.0	81.0	177.0	2512.0	67.0	121.0	184.0	69.0	6.0
1	3	6	0.8005368732868983	0.2116998444538597	0.030303030303030304	37691.0	1909.0	2073.0	653.0	79.0	4164.0	173.0	122.0	188.0	2490.0	78.0	119.0	64.0	191.0	6.0
1	6	3	-99999.9	1.0	-0.03333333333333333	37691.0	2073.0	1909.0	653.0	79.0	4164.0	188.0	119.0	173.0	2490.0	64.0	122.0	78.0	191.0	6.0
3	1	6	-24.81664307189385	1.0	0.49206349206349204	37691.0	1909.0	4164.0	173.0	122.0	2073.0	653.0	79.0	188.0	2490.0	78.0	119.0	191.0	64.0	6.0
1	3	7	-99999.9	1.0	-0.006263048016701461	37577.0	2023.0	2064.0	661.0	80.0	4160.0	179.0	120.0	176.0	2501.0	79.0	122.0	65.0	184.0	9.0
1	7	3	0.15968427288603676	0.4365648864994709	0.006147540983606557	37577.0	2064.0	2023.0	661.0	80.0	4160.0	176.0	122.0	179.0	2501.0	65.0	120.0	79.0	184.0	9.0
3	1	7	-25.65593984368983	1.0	0.5015511892450879	37577.0	2023.0	4160.0	179.0	120.0	2064.0	661.0	80.0	176.0	2501.0	79.0	122.0	184.0	65.0	9.0
1	3	8	-99999.9	1.0	-0.01739130434782609	37589.0	2011.0	2071.0	659.0	75.0	4150.0	191.0	118.0	183.0	2501.0	72.0	121.0	68.0	184.0	7.0
1	8	3	0.41692408717860246	0.3383670090754203	0.01652892561983471	37589.0	2071.0	2011.0	659.0	75.0	4150.0	183.0	121.0	191.0	2501.0	68.0	118.0	72.0	184.0	7.0
3	1	8	-24.390059099948246	1.0	0.5042372881355932	37589.0	2011.0	4150.0	191.0	118.0	2071.0	659.0	75.0	183.0	2501.0	72.0	121.0	184.0	68.0	7.0
1	3	9	0.4705240258666615	0.3189903510133114	0.9217391304347826	37335.0	2265.0	2509.0	202.0	94.0	4134.0	193.0	132.0	299.0	2366.0	91.0	146.0	79.0	146.0	9.0
1	9	3	-5.071203389896239	0.999999802011192	0.5221674876847291	37335.0	2509.0	2265.0	202.0	94.0	4134.0	299.0	146.0	193.0	2366.0	79.0	132.0	91.0	146.0	9.0
3	1	9	-0.4305738727270393	0.6666108436612488	1.1022727272727273	37335.0	2265.0	4134.0	193.0	132.0	2509.0	202.0	94.0	299.0	2366.0	91.0	146.0	146.0	79.0	9.0
1	4	5	0.480022936024376	0.31560555140438007	0.0012458471760797341	39546.0	209.0	218.0	2423.0	9.0	4417.0	18.0	11.0	21.0	2727.0	1.0	14.0	7.0	379.0	0.0
1	5	4	-99999.9	1.0	-0.0012505210504376823	39546.0	218.0	209.0	2423.0	9.0	4417.0	21.0	14.0	18.0	2727.0	7.0	11.0	1.0	379.0	0.0
4	1	5	-384.33836411018416	1.0	0.4996879550655295	39546.0	209.0	4417.0	18.0	11.0	218.0	2423.0	9.0	21.0	2727.0	1.0	14.0	379.0	7.0	0.0
1	4	6	0.8898399616863049	0.18677587980401567	0.011570247933884295	38491.0	1264.0	1273.0	1314.0	63.0	4249.0	118.0	79.0	132.0	2562.0	55.0	90.0	47.0	255.0	8.0
1	6	4	-99999.9	1.0	-0.011986301369863015	38491.0	1273.0	1264.0	1314.0	63.0	4249.0	132.0	90.0	118.0	2562.0	47.0	79.0	55.0	255.0	8.0
4	1	6	-75.12791676522943	1.0	0.49705634987384356	38491.0	1264.0	4249.0	118.0	79.0	1273.0	1314.0	63.0	132.0	2562.0	55.0	90.0	255.0	47.0	8.0
1	4	7	-99999.9	1.0	-0.0016736401673640166	38393.0	1362.0	1248.0	1318.0	84.0	4245.0	121.0	80.0	119.0	2576.0	54.0	94.0	48.0	252.0	6.0
1	7	4	0.12917836620251338	0.44860822169029013	0.0016652789342214821	38393.0	1248.0	1362.0	1318.0	84.0	4245.0	119.0	94.0	121.0	2576.0	48.0	80.0	54.0	252.0	6.0
4	1	7	-77.31325217220407	1.0	0.5004173622704507	38393.0	1362.0	4245.0	121.0	80.0	1248.0	1318.0	84.0	119.0	2576.0	54.0	94.0	252.0	48.0	6.0
1	4	8	-99999.9	1.0	-0.007620660457239627	38406.0	1349.0	1254.0	1329.0	67.0	4229.0	139.0	78.0	130.0	2572.0	47.0	95.0	49.0	252.0	4.0
1	8	4	0.5505541469135103	0.2909696472031792	0.0074503311258278145	38406.0	1254.0	1349.0	1329.0	67.0	4229.0	130.0	95.0	139.0	2572.0	49.0	78.0	47.0	252.0	4.0
4	1	8	-72.79549275856417	1.0	0.5018836333193805	38406.0	1349.0	4229.0	139.0	78.0	1254.0	1329.0	67.0	130.0	2572.0	47.0	95.0	252.0	49.0	4.0
1	4	9	-0.6725212362715645	0.7493741035887238	1.1505376344086022	37471.0	2284.0	2373.0	180.0	97.0	4119.0	194.0	133.0	301.0	2358.0	90.0	159.0	86.0	149.0	6.0
1	9	4	-5.812504970632802	0.9999999969131048	0.4692982456140351	37471.0	2373.0	2284.0	180.0	97.0	4119.0	301.0	159.0	194.0	2358.0	86.0	133.0	90.0	149.0	6.0
4	1	9	0.7605146690547598	0.22347343537081943	0.8962962962962963	37471.0	2284.0	4119.0	194.0	133.0	2373.0	180.0	97.0	301.0	2358.0	90.0	159.0	149.0	86.0	6.0
1	5	6	0.6505376014141686	0.25767244833576064	0.008278145695364239	38502.0	1262.0	1262.0	1312.0	67.0	4259.0	114.0	79.0	124.0	2571.0	57.0	88.0	42.0	253.0	8.0
1	6	5	-99999.9	1.0	-0.008488964346349746	38502.0	1262.0	1262.0	1312.0	67.0	4259.0	124.0	88.0	114.0	2571.0	42.0	79.0	57.0	253.0	8.0
5	1	6	-77.28386704800322	1.0	0.4979044425817267	38502.0	1262.0	4259.0	114.0	79.0	1262.0	1312.0	67.0	124.0	2571.0	57.0	88.0	253.0	42.0	8.0
1	5	7	-99999.9	1.0	-0.005050505050505051	38396.0	1368.0	1245.0	1313.0	83.0	4253.0	119.0	80.0	113.0	2584.0	55.0	92.0	42.0	251.0	6.0
1	7	5	0.39476661432729376	0.34650761931031004	0.0049751243781094535	38396.0	1245.0	1368.0	1313.0	83.0	4253.0	113.0	92.0	119.0	2584.0	42.0	80.0	55.0	251.0	6.0
5	1	7	-78.55855625113148	1.0	0.5012531328320802	38396.0	1368.0	4253.0	119.0	80.0	1245.0	1313.0	83.0	113.0	2584.0	55.0	92.0	251.0	42.0	6.0
1	5	8	-99999.9	1.0	-0.01014370245139476	38408.0	1356.0	1252.0	1328.0	61.0	4241.0	133.0	78.0	121.0	2583.0	48.0	92.0	44.0	251.0	4.0
1	8	5	0.756174630671808	0.22477218325466186	0.009844134536505334	38408.0	1252.0	1356.0	1328.0	61.0	4241.0	121.0	92.0	133.0	2583.0	44.0	78.0	48.0	251.0	4.0
5	1	8	-75.30239030440082	1.0	0.5024979184013323	38408.0	1356.0	4241.0	133.0	78.0	1252.0	1328.0	61.0	121.0	2583.0	48.0	92.0	251.0	44.0	4.0
1	5	9	0.10437277899985761	0.4584367076385153	0.9813084112149533	37486.0	2278.0	2358.0	188.0	95.0	4131.0	186.0	135.0	291.0	2372.0	89.0	157.0	80.0	148.0	6.0
1	9	5	-5.375198118492712	0.9999999616656681	0.5048076923076923	37486.0	2358.0	2278.0	188.0	95.0	4131.0	291.0	157.0	186.0	2372.0	80.0	135.0	89.0	148.0	6.0
5	1	9	-0.10238472606652699	0.5407744022148031	1.0198019801980198	37486.0	2278.0	4131.0	186.0	135.0	2358.0	188.0	95.0	291.0	2372.0	89.0	157.0	148.0	80.0	6.0
1	6	7	-99999.9	1.0	-0.01452991452991453	38393.0	1371.0	1248.0	1319.0	74.0	4265.0	132.0	74.0	115.0	2559.0	53.0	78.0	54.0	259.0	6.0
1	7	6	1.08800810767146	0.13829580490491133	0.013923013923013925	38393.0	1248.0	1371.0	1319.0	74.0	4265.0	115.0	78.0	132.0	2559.0	54.0	74.0	53.0	259.0	6.0
6	1	7	-75.96856610623666	1.0	0.5035549979088247	38393.0	1371.0	4265.0	132.0	74.0	1248.0	1319.0	74.0	115.0	2559.0	53.0	78.0	259.0	54.0	6.0
1	6	8	-99999.9	1.0	-0.023498694516971282	38408.0	1356.0	1252.0	1324.0	65.0	4251.0	148.0	72.0	121.0	2558.0	48.0	82.0	54.0	256.0	5.0
1	8	6	1.6604956540548985	0.04840737228462677	0.02195121951219512	38408.0	1252.0	1356.0	1324.0	65.0	4251.0	121.0	82.0	148.0	2558.0	54.0	72.0	48.0	256.0	5.0
6	1	8	-72.32381070994668	1.0	0.5056746532156369	38408.0	1356.0	4251.0	148.0	72.0	1252.0	1324.0	65.0	121.0	2558.0	48.0	82.0	256.0	54.0	5.0
1	6	9	-0.9312790258852394	0.8241453929441332	1.3088235294117647	37478.0	2286.0	2366.0	182.0	93.0	4138.0	203.0	130.0	292.0	2346.0	89.0	149.0	89.0	154.0	5.0
1	9	6	-4.878128230827441	0.9999994637634885	0.4472361809045226	37478.0	2366.0	2286.0	182.0	93.0	4138.0	292.0	149.0	203.0	2346.0	89.0	130.0	89.0	154.0	5.0
6	1	9	1.1510190207570377	0.12486226208979656	0.8396946564885496	37478.0	2286.0	4138.0	203.0	130.0	2366.0	182.0	93.0	292.0	2346.0	89.0	149.0	154.0	89.0	5.0
1	7	8	-99999.9	1.0	-0.0038377192982456143	38855.0	786.0	805.0	1906.0	53.0	4336.0	75.0	47.0	68.0	2652.0	25.0	50.0	33.0	306.0	3.0
1	8	7	0.5861686613508049	0.27888104678459835	0.0037940379403794042	38855.0	805.0	786.0	1906.0	53.0	4336.0	68.0	50.0	75.0	2652.0	33.0	47.0	25.0	306.0	3.0
7	1	8	-153.32497413333218	1.0	0.5009539384028345	38855.0	786.0	4336.0	75.0	47.0	805.0	1906.0	53.0	68.0	2652.0	25.0	50.0	306.0	33.0	3.0
1	7	9	-0.3023670115931759	0.6188137818038575	1.0566037735849056	37368.0	2273.0	2476.0	183.0	105.0	4138.0	189.0	131.0	301.0	2356.0	88.0	140.0	93.0	149.0	10.0
1	9	7	-5.946551227999135	0.9999999986260191	0.4869565217391304	37368.0	2476.0	2273.0	183.0	105.0	4138.0	301.0	140.0	189.0	2356.0	93.0	131.0	88.0	149.0	10.0
7	1	9	0.3185652443570961	0.3750281750210098	0.9516129032258065	37368.0	2273.0	4138.0	189.0	131.0	2476.0	183.0	105.0	301.0	2356.0	88.0	140.0	149.0	93.0	10.0
1	8	9	-0.15046579260920181	0.5598014483288107	1.0265486725663717	37387.0	2273.0	2457.0	192.0	96.0	4129.0	195.0	130.0	311.0	2355.0	94.0	139.0	88.0	146.0	8.0
1	9	8	-5.968476440164991	0.999999998798407	0.49361702127659574	37387.0	2457.0	2273.0	192.0	96.0	4129.0	311.0	139.0	195.0	2355.0	88.0	130.0	94.0	146.0	8.0
8	1	9	0.15435714931461222	0.4386640558984377	0.9754098360655737	37387.0	2273.0	4129.0	195.0	130.0	2457.0	192.0	96.0	311.0	2355.0	94.0	139.0	146.0	88.0	8.0
2	3	4	0.7078425502168686	0.23952145039453832	0.02484472049689441	38834.0	1995.0	2129.0	612.0	84.0	3000.0	141.0	89.0	153.0	2590.0	74.0	85.0	65.0	141.0	8.0
2	4	3	-99999.9	1.0	-0.02684563758389262	38834.0	2129.0	1995.0	612.0	84.0	3000.0	153.0	85.0	141.0	2590.0	65.0	89.0	74.0	141.0	8.0
3	2	4	-27.07497754579519	1.0	0.4935483870967742	38834.0	1995.0	3000.0	141.0	89.0	2129.0	612.0	84.0	153.0	2590.0	74.0	85.0	141.0	65.0	8.0
2	3	5	0.1769881647270152	0.4297588493404525	0.00631578947368421	38853.0	1976.0	2130.0	615.0	80.0	3003.0	143.0	84.0	146.0	2602.0	69.0	84.0	66.0	141.0	8.0
2	5	3	-99999.9	1.0	-0.006437768240343348	38853.0	2130.0	1976.0	615.0	80.0	3003.0	146.0	84.0	143.0	2602.0	66.0	84.0	69.0	141.0	8.0
3	2	5	-27.66914975232331	1.0	0.4984059511158342	38853.0	1976.0	3003.0	143.0	84.0	2130.0	615.0	80.0	146.0	2602.0	69.0	84.0	141.0	66.0	8.0
2	3	6	0.5735271910322084	0.2831438593036726	0.02100840336134454	38846.0	1983.0	2129.0	616.0	80.0	3009.0	150.0	71.0	160.0	2579.0	78.0	91.0	61.0	139.0	8.0
2	6	3	-99999.9	1.0	-0.02242152466367713	38846.0	2129.0	1983.0	616.0	80.0	3009.0	160.0	91.0	150.0	2579.0	61.0	71.0	78.0	139.0	8.0
3	2	6	-26.152839911068682	1.0	0.4945770065075922	38846.0	1983.0	3009.0	150.0	71.0	2129.0	616.0	80.0	160.0	2579.0	78.0	91.0	139.0	61.0	8.0
2	3	7	-99999.9	1.0	-0.006564551422319475	38746.0	2083.0	2122.0	613.0	90.0	2991.0	153.0	86.0	150.0	2594.0	73.0	90.0	63.0	139.0	7.0
2	7	3	0.1728632803799428	0.43137945037238745	0.0064377682403433485	38746.0	2122.0	2083.0	613.0	90.0	2991.0	150.0	90.0	153.0	2594.0	63.0	86.0	73.0	139.0	7.0
3	2	7	-26.50570299159116	1.0	0.5016251354279524	38746.0	2083.0	2991.0	153.0	86.0	2122.0	613.0	90.0	150.0	2594.0	73.0	90.0	139.0	63.0	7.0
2	3	8	1.0423877330919058	0.14861600141386921	0.03658536585365854	38743.0	2086.0	2123.0	619.0	83.0	2996.0	145.0	89.0	163.0	2585.0	69.0	89.0	63.0	140.0	7.0
2	8	3	-99999.9	1.0	-0.0410958904109589	38743.0	2123.0	2086.0	619.0	83.0	2996.0	163.0	89.0	145.0	2585.0	63.0	89.0	69.0	140.0	7.0
3	2	8	-26.407155904994937	1.0	0.4903225806451613	38743.0	2086.0	2996.0	145.0	89.0	2123.0	619.0	83.0	163.0	2585.0	69.0	89.0	140.0	63.0	7.0
2	3	9	-0.21552255909234416	0.5853200013209447	1.0425531914893618	38497.0	2332.0	2569.0	163.0	93.0	2972.0	167.0	91.0	265.0	2451.0	101.0	120.0	75.0	100.0	4.0
2	9	3	-5.495825256854791	0.9999999805078307	0.49	38497.0	2569.0	2332.0	163.0	93.0	2972.0	265.0	120.0	167.0	2451.0	75.0	91.0	101.0	100.0	4.0
3	2	9	0.22431939823897043	0.4112544330415666	0.9622641509433962	38497.0	2332.0	2972.0	167.0	91.0	2569.0	163.0	93.0	265.0	2451.0	101.0	120.0	100.0	75.0	4.0
2	4	5	-99999.9	1.0	-0.0037159372419488025	40755.0	208.0	228.0	2455.0	8.0	3208.0	24.0	6.0	15.0	2780.0	1.0	10.0	7.0	294.0	1.0
2	5	4	1.4407363394650943	0.0748296376887615	0.0036749693752552064	40755.0	228.0	208.0	2455.0	8.0	3208.0	15.0	10.0	24.0	2780.0	7.0	6.0	1.0	294.0	1.0
4	2	5	-389.1588934710675	1.0	0.5009238349414904	40755.0	208.0	3208.0	24.0	6.0	228.0	2455.0	8.0	15.0	2780.0	1.0	10.0	294.0	7.0	1.0
2	4	6	-99999.9	1.0	-0.0033444816053511705	39641.0	1322.0	1334.0	1298.0	59.0	3099.0	98.0	41.0	94.0	2643.0	59.0	67.0	49.0	190.0	6.0
2	6	4	0.28905895844432694	0.386268196825434	0.003311258278145696	39641.0	1334.0	1322.0	1298.0	59.0	3099.0	94.0	67.0	98.0	2643.0	49.0	41.0	59.0	190.0	6.0
4	2	6	-86.71768753329779	1.0	0.5008319467554077	39641.0	1322.0	3099.0	98.0	41.0	1334.0	1298.0	59.0	94.0	2643.0	59.0	67.0	190.0	49.0	6.0
2	4	7	-99999.9	1.0	-0.011854360711261643	39560.0	1403.0	1308.0	1294.0	89.0	3078.0	99.0	61.0	85.0	2661.0	50.0	68.0	50.0	191.0	3.0
2	7	4	1.0368515880778413	0.14990253817134236	0.011447260834014717	39560.0	1308.0	1403.0	1294.0	89.0	3078.0	85.0	68.0	99.0	2661.0	50.0	61.0	50.0	191.0	3.0
4	2	7	-88.50268912521581	1.0	0.5029118136439268	39560.0	1403.0	3078.0	99.0	61.0	1308.0	1294.0	89.0	85.0	2661.0	50.0	68.0	191.0	50.0	3.0
2	4	8	0.2905700354377963	0.3856901570680672	0.003273322422258592	39552.0	1411.0	1314.0	1311.0	66.0	3083.0	93.0	62.0	97.0	2651.0	48.0	68.0	49.0	191.0	4.0
2	8	4	-99999.9	1.0	-0.0033057851239669425	39552.0	1314.0	1411.0	1311.0	66.0	3083.0	97.0	68.0	93.0	2651.0	49.0	62.0	48.0	191.0	4.0
4	2	8	-88.18800575537121	1.0	0.49917763157894735	39552.0	1411.0	3083.0	93.0	62.0	1314.0	1311.0	66.0	97.0	2651.0	48.0	68.0	191.0	49.0	4.0
2	4	9	-1.0612476574306653	0.855711284648924	1.28	38610.0	2353.0	2456.0	140.0	95.0	2980.0	161.0	97.0	257.0	2446.0	93.0	120.0	86.0	101.0	5.0
2	9	4	-5.912665519970849	0.9999999983112504	0.4507042253521127	38610.0	2456.0	2353.0	140.0	95.0	2980.0	257.0	120.0	161.0	2446.0	86.0	97.0	93.0	101.0	5.0
4	2	9	1.2933955824936234	0.09793720676971163	0.8478260869565217	38610.0	2353.0	2980.0	161.0	97.0	2456.0	140.0	95.0	257.0	2446.0	93.0	120.0	101.0	86.0	5.0
2	5	6	0.216149653586818	0.4144355844677621	0.0024896265560165973	39663.0	1320.0	1312.0	1297.0	62.0	3098.0	95.0	40.0	98.0	2651.0	62.0	64.0	44.0	188.0	6.0
2	6	5	-99999.9	1.0	-0.002508361204013378	39663.0	1312.0	1320.0	1297.0	62.0	3098.0	98.0	64.0	95.0	2651.0	44.0	40.0	62.0	188.0	6.0
5	2	6	-86.3878115501981	1.0	0.4993752603082049	39663.0	1320.0	3098.0	95.0	40.0	1312.0	1297.0	62.0	98.0	2651.0	62.0	64.0	188.0	44.0	6.0
2	5	7	-99999.9	1.0	-0.005054759898904802	39571.0	1412.0	1297.0	1288.0	86.0	3078.0	95.0	60.0	89.0	2670.0	52.0	64.0	45.0	190.0	3.0
2	7	5	0.44323828586597486	0.3287967234108724	0.004979253112033195	39571.0	1297.0	1412.0	1288.0	86.0	3078.0	89.0	64.0	95.0	2670.0	45.0	60.0	52.0	190.0	3.0
5	2	7	-88.13054583968474	1.0	0.5012541806020068	39571.0	1412.0	3078.0	95.0	60.0	1297.0	1288.0	86.0	89.0	2670.0	52.0	64.0	190.0	45.0	3.0
2	5	8	0.9547287581854922	0.16985743345106874	0.01051779935275081	39565.0	1418.0	1301.0	1310.0	60.0	3084.0	87.0	62.0	100.0	2662.0	49.0	64.0	44.0	190.0	4.0
2	8	5	-99999.9	1.0	-0.01086048454469507	39565.0	1301.0	1418.0	1310.0	60.0	3084.0	100.0	64.0	87.0	2662.0	44.0	62.0	49.0	190.0	4.0
5	2	8	-88.8632151849573	1.0	0.4973284011508426	39565.0	1418.0	3084.0	87.0	62.0	1301.0	1310.0	60.0	100.0	2662.0	49.0	64.0	190.0	44.0	4.0
2	5	9	-0.2828839742077141	0.611367044431095	1.05	38631.0	2352.0	2435.0	146.0	90.0	2986.0	151.0	96.0	256.0	2461.0	94.0	115.0	81.0	101.0	5.0
2	9	5	-6.223447432569721	0.9999999997558155	0.48837209302325585	38631.0	2435.0	2352.0	146.0	90.0	2986.0	256.0	115.0	151.0	2461.0	81.0	96.0	94.0	101.0	5.0
5	2	9	0.29635463964617664	0.38347969913673796	0.9565217391304348	38631.0	2352.0	2986.0	151.0	96.0	2435.0	146.0	90.0	256.0	2461.0	94.0	115.0	101.0	81.0	5.0
2	6	7	-99999.9	1.0	-0.006751054852320675	39566.0	1409.0	1302.0	1299.0	78.0	3092.0	106.0	62.0	98.0	2646.0	46.0	41.0	58.0	192.0	5.0
2	7	6	0.5616895330146766	0.28716375107963643	0.006617038875103392	39566.0	1302.0	1409.0	1299.0	78.0	3092.0	98.0	41.0	106.0	2646.0	58.0	62.0	46.0	192.0	5.0
6	2	7	-83.76195161081374	1.0	0.501670843776107	39566.0	1409.0	3092.0	106.0	62.0	1302.0	1299.0	78.0	98.0	2646.0	46.0	41.0	192.0	58.0	5.0
2	6	8	0.6275065658041667	0.26516356003892494	0.00737100737100737	39561.0	1414.0	1305.0	1311.0	63.0	3098.0	99.0	63.0	108.0	2637.0	45.0	42.0	57.0	190.0	7.0
2	8	6	-99999.9	1.0	-0.007537688442211055	39561.0	1305.0	1414.0	1311.0	63.0	3098.0	108.0	42.0	99.0	2637.0	57.0	63.0	45.0	190.0	7.0
6	2	8	-83.87671096249046	1.0	0.49813664596273294	39561.0	1414.0	3098.0	99.0	63.0	1305.0	1311.0	63.0	108.0	2637.0	45.0	42.0	190.0	57.0	7.0
2	6	9	-1.0430072526777512	0.8515275072231688	1.2837837837837838	38622.0	2353.0	2444.0	145.0	90.0	2994.0	166.0	100.0	261.0	2438.0	91.0	102.0	89.0	99.0	6.0
2	9	6	-5.76137339574377	0.9999999958157866	0.45023696682464454	38622.0	2444.0	2353.0	145.0	90.0	2994.0	261.0	102.0	166.0	2438.0	89.0	100.0	91.0	99.0	6.0
6	2	9	1.2735667506380963	0.10140856978517998	0.8467153284671532	38622.0	2353.0	2994.0	166.0	100.0	2444.0	145.0	90.0	261.0	2438.0	91.0	102.0	99.0	89.0	6.0
2	7	8	1.7469990586638278	0.04031870950813865	0.010101010101010102	40045.0	823.0	821.0	1912.0	53.0	3146.0	50.0	35.0	69.0	2714.0	27.0	33.0	29.0	238.0	5.0
2	8	7	-99999.9	1.0	-0.010416666666666666	40045.0	821.0	823.0	1912.0	53.0	3146.0	69.0	33.0	50.0	2714.0	29.0	35.0	27.0	238.0	5.0
7	2	8	-169.45890869039098	1.0	0.4974358974358974	40045.0	823.0	3146.0	50.0	35.0	821.0	1912.0	53.0	69.0	2714.0	27.0	33.0	238.0	29.0	5.0
2	7	9	-0.7049764592646264	0.7595876261136761	1.1354166666666667	38526.0	2342.0	2540.0	142.0	104.0	2980.0	155.0	96.0	264.0	2449.0	97.0	113.0	89.0	97.0	6.0
2	9	7	-6.6159329254065	0.999999999981442	0.47186147186147187	38526.0	2540.0	2342.0	142.0	104.0	2980.0	264.0	113.0	155.0	2449.0	89.0	96.0	97.0	97.0	6.0
7	2	9	0.789056220461325	0.215039511825738	0.9037037037037037	38526.0	2342.0	2980.0	155.0	96.0	2540.0	142.0	104.0	264.0	2449.0	97.0	113.0	97.0	89.0	6.0
2	8	9	-0.7551967332412198	0.7749345931476601	1.2173913043478262	38530.0	2336.0	2536.0	153.0	99.0	2986.0	168.0	94.0	252.0	2443.0	98.0	119.0	82.0	97.0	7.0
2	9	8	-4.9842984393920515	0.9999996885804707	0.4590163934426229	38530.0	2536.0	2336.0	153.0	99.0	2986.0	252.0	119.0	168.0	2443.0	82.0	94.0	98.0	97.0	7.0
8	2	9	0.8900532927485807	0.1867186025917802	0.868421052631579	38530.0	2336.0	2986.0	168.0	94.0	2536.0	153.0	99.0	252.0	2443.0	98.0	119.0	97.0	82.0	7.0
3	4	5	-99999.9	1.0	-0.004598875830352581	41622.0	212.0	234.0	1986.0	5.0	2341.0	20.0	6.0	11.0	3329.0	3.0	8.0	9.0	214.0	0.0
3	5	4	1.6153860101440152	0.053113558884497536	0.004536290322580645	41622.0	234.0	212.0	1986.0	5.0	2341.0	11.0	8.0	20.0	3329.0	9.0	6.0	3.0	214.0	0.0
4	3	5	-352.8720995492387	1.0	0.5011418421720375	41622.0	212.0	2341.0	20.0	6.0	234.0	1986.0	5.0	11.0	3329.0	3.0	8.0	214.0	9.0	0.0
3	4	6	0.7374950077468243	0.23041062015246105	0.013513513513513513	40497.0	1337.0	1358.0	818.0	49.0	2243.0	88.0	36.0	98.0	3184.0	61.0	39.0	62.0	129.0	1.0
3	6	4	-99999.9	1.0	-0.01408450704225352	40497.0	1358.0	1337.0	818.0	49.0	2243.0	98.0	39.0	88.0	3184.0	62.0	36.0	61.0	129.0	1.0
4	3	6	-53.099640557771366	1.0	0.496551724137931	40497.0	1337.0	2243.0	88.0	36.0	1358.0	818.0	49.0	98.0	3184.0	61.0	39.0	129.0	62.0	1.0
3	4	7	-99999.9	1.0	-0.011111111111111112	40399.0	1435.0	1338.0	819.0	68.0	2239.0	91.0	37.0	83.0	3196.0	64.0	40.0	59.0	131.0	1.0
3	7	4	0.6092841952981972	0.271167989352042	0.01075268817204301	40399.0	1338.0	1435.0	819.0	68.0	2239.0	83.0	40.0	91.0	3196.0	59.0	37.0	64.0	131.0	1.0
4	3	7	-55.44486177213596	1.0	0.5027322404371585	40399.0	1435.0	2239.0	91.0	37.0	1338.0	819.0	68.0	83.0	3196.0	64.0	40.0	131.0	59.0	1.0
3	4	8	0.07477295432900301	0.4701976120860645	0.0013605442176870747	40393.0	1441.0	1346.0	823.0	56.0	2242.0	89.0	36.0	90.0	3199.0	54.0	43.0	56.0	131.0	1.0
3	8	4	-99999.9	1.0	-0.001366120218579235	40393.0	1346.0	1441.0	823.0	56.0	2242.0	90.0	43.0	89.0	3199.0	56.0	36.0	54.0	131.0	1.0
4	3	8	-54.808575523159675	1.0	0.4996591683708248	40393.0	1441.0	2242.0	89.0	36.0	1346.0	823.0	56.0	90.0	3199.0	54.0	43.0	131.0	56.0	1.0
3	4	9	-0.9253339646692283	0.8226039112264356	1.026978417266187	39429.0	2405.0	2040.0	120.0	65.0	2161.0	135.0	71.0	706.0	2504.0	133.0	87.0	75.0	63.0	6.0
3	9	4	-36.14971355307782	1.0	0.49351771823681934	39429.0	2040.0	2405.0	120.0	65.0	2161.0	706.0	87.0	135.0	2504.0	75.0	71.0	133.0	63.0	6.0
4	3	9	0.9496422124276144	0.1711470309690606	0.9750415973377704	39429.0	2405.0	2161.0	135.0	71.0	2040.0	120.0	65.0	706.0	2504.0	133.0	87.0	63.0	75.0	6.0
3	5	6	1.3468815166428283	0.08900926106576812	0.024032042723631505	40518.0	1338.0	1337.0	813.0	53.0	2243.0	82.0	35.0	100.0	3195.0	63.0	37.0	57.0	128.0	1.0
3	6	5	-99999.9	1.0	-0.025899280575539568	40518.0	1337.0	1338.0	813.0	53.0	2243.0	100.0	37.0	82.0	3195.0	57.0	35.0	63.0	128.0	1.0
5	3	6	-53.3514734092409	1.0	0.4937673130193906	40518.0	1338.0	2243.0	82.0	35.0	1337.0	813.0	53.0	100.0	3195.0	63.0	37.0	128.0	57.0	1.0
3	5	7	0.07695264479533119	0.46933054079632586	0.001375515818431912	40410.0	1446.0	1327.0	810.0	66.0	2239.0	84.0	37.0	85.0	3208.0	65.0	38.0	54.0	130.0	1.0
3	7	5	-99999.9	1.0	-0.0013812154696132596	40410.0	1327.0	1446.0	810.0	66.0	2239.0	85.0	38.0	84.0	3208.0	54.0	37.0	65.0	130.0	1.0
5	3	7	-55.790667476614985	1.0	0.4996554100620262	40410.0	1446.0	2239.0	84.0	37.0	1327.0	810.0	66.0	85.0	3208.0	65.0	38.0	130.0	54.0	1.0
3	5	8	0.762393574209821	0.222912503575592	0.01335113484646195	40407.0	1449.0	1332.0	821.0	50.0	2242.0	82.0	36.0	92.0	3211.0	55.0	41.0	51.0	130.0	1.0
3	8	5	-99999.9	1.0	-0.013908205841446452	40407.0	1332.0	1449.0	821.0	50.0	2242.0	92.0	41.0	82.0	3211.0	51.0	36.0	55.0	130.0	1.0
5	3	8	-55.57849155989593	1.0	0.49659400544959126	40407.0	1449.0	2242.0	82.0	36.0	1332.0	821.0	50.0	92.0	3211.0	55.0	41.0	130.0	51.0	1.0
3	5	9	-0.12574313008774218	0.5500324082224192	1.0034482758620689	39456.0	2400.0	2013.0	125.0	65.0	2161.0	127.0	72.0	709.0	2518.0	131.0	84.0	69.0	65.0	5.0
3	9	5	-36.71699398562062	1.0	0.49914236706689535	39456.0	2013.0	2400.0	125.0	65.0	2161.0	709.0	84.0	127.0	2518.0	69.0	72.0	131.0	65.0	5.0
5	3	9	0.12617523706398873	0.4497965684945966	0.9965870307167235	39456.0	2400.0	2161.0	127.0	72.0	2013.0	125.0	65.0	709.0	2518.0	131.0	84.0	65.0	69.0	5.0
3	6	7	-99999.9	1.0	-0.02269503546099291	40413.0	1442.0	1324.0	820.0	60.0	2245.0	99.0	36.0	83.0	3187.0	64.0	34.0	60.0	130.0	3.0
3	7	6	1.1961645862293984	0.11581623316442824	0.021248339973439577	40413.0	1324.0	1442.0	820.0	60.0	2245.0	83.0	34.0	99.0	3187.0	60.0	36.0	64.0	130.0	3.0
6	3	7	-53.902166666962216	1.0	0.5054869684499315	40413.0	1442.0	2245.0	99.0	36.0	1324.0	820.0	60.0	83.0	3187.0	64.0	34.0	130.0	60.0	3.0
3	6	8	-99999.9	1.0	-0.011173184357541898	40410.0	1445.0	1329.0	820.0	55.0	2249.0	96.0	35.0	88.0	3190.0	56.0	38.0	58.0	128.0	3.0
3	8	6	0.5925375268718002	0.27674530433683375	0.010810810810810811	40410.0	1329.0	1445.0	820.0	55.0	2249.0	88.0	38.0	96.0	3190.0	58.0	35.0	56.0	128.0	3.0
6	3	8	-53.62464618189791	1.0	0.5027472527472528	40410.0	1445.0	2249.0	96.0	35.0	1329.0	820.0	55.0	88.0	3190.0	56.0	38.0	128.0	58.0	3.0
3	6	9	-1.3734729926423328	0.9151972647476547	1.0427509293680297	39451.0	2404.0	2018.0	122.0	64.0	2165.0	145.0	70.0	706.0	2494.0	134.0	83.0	75.0	66.0	3.0
3	9	6	-34.874270769700956	1.0	0.48995633187772925	39451.0	2018.0	2404.0	122.0	64.0	2165.0	706.0	83.0	145.0	2494.0	75.0	70.0	134.0	66.0	3.0
6	3	9	1.4297829370822146	0.07638971199041478	0.9621087314662273	39451.0	2404.0	2165.0	145.0	70.0	2018.0	122.0	64.0	706.0	2494.0	134.0	83.0	66.0	75.0	3.0
3	7	8	1.0023704649391152	0.15808236145746757	0.00715307582260372	40892.0	845.0	847.0	1433.0	42.0	2299.0	45.0	18.0	55.0	3259.0	32.0	21.0	40.0	172.0	0.0
3	8	7	-99999.9	1.0	-0.007309941520467837	40892.0	847.0	845.0	1433.0	42.0	2299.0	55.0	21.0	45.0	3259.0	40.0	18.0	32.0	172.0	0.0
7	3	8	-138.12665006861025	1.0	0.4981923355025307	40892.0	845.0	2299.0	45.0	18.0	847.0	1433.0	42.0	55.0	3259.0	32.0	21.0	172.0	40.0	0.0
3	7	9	-0.6815380869251203	0.752234529604556	1.0195035460992907	39348.0	2389.0	2121.0	122.0	79.0	2158.0	133.0	71.0	708.0	2503.0	135.0	88.0	78.0	63.0	4.0
3	9	7	-36.307392630738214	1.0	0.4952627045650302	39348.0	2121.0	2389.0	122.0	79.0	2158.0	708.0	88.0	133.0	2503.0	78.0	71.0	135.0	63.0	4.0
7	3	9	0.6945762068489053	0.24366039512839244	0.981574539363484	39348.0	2389.0	2158.0	133.0	71.0	2121.0	122.0	79.0	708.0	2503.0	135.0	88.0	63.0	78.0	4.0
3	8	9	-0.8975274645639286	0.815281267696909	1.0273224043715847	39356.0	2383.0	2113.0	128.0	79.0	2160.0	143.0	72.0	707.0	2502.0	135.0	87.0	69.0	63.0	3.0
3	9	8	-34.64456013216765	1.0	0.4934383202099738	39356.0	2113.0	2383.0	128.0	79.0	2160.0	707.0	87.0	143.0	2502.0	69.0	72.0	135.0	63.0	3.0
8	3	9	0.9213978758555225	0.1784213476177644	0.9747474747474747	39356.0	2383.0	2160.0	143.0	72.0	2113.0	128.0	79.0	707.0	2502.0	135.0	87.0	63.0	69.0	3.0
4	5	6	0.37755168876141204	0.35288188741069204	0.9983922829581994	42523.0	1440.0	217.0	15.0	6.0	238.0	13.0	2.0	1255.0	4112.0	162.0	2.0	6.0	9.0	0.0
4	6	5	-234.08204703207562	1.0	0.500402900886382	42523.0	217.0	1440.0	15.0	6.0	238.0	1255.0	2.0	13.0	4112.0	6.0	2.0	162.0	9.0	0.0
5	4	6	-0.3769437150274967	0.6468922253096971	1.001615508885299	42523.0	1440.0	238.0	13.0	2.0	217.0	15.0	6.0	1255.0	4112.0	162.0	2.0	9.0	6.0	0.0
4	5	7	-0.3642002290390894	0.6421456902628457	1.0016542597187759	42416.0	1547.0	222.0	14.0	2.0	233.0	16.0	4.0	1227.0	4124.0	178.0	1.0	6.0	10.0	0.0
4	7	5	-220.88743891220923	1.0	0.49958745874587457	42416.0	222.0	1547.0	14.0	2.0	233.0	1227.0	1.0	16.0	4124.0	6.0	4.0	178.0	10.0	0.0
5	4	7	0.3648017157922505	0.35762977369781757	0.9983539094650206	42416.0	1547.0	233.0	16.0	4.0	222.0	14.0	2.0	1227.0	4124.0	178.0	1.0	10.0	6.0	0.0
4	5	8	0.928110627976596	0.17667507513875025	0.9959579628132579	42415.0	1548.0	220.0	17.0	1.0	234.0	12.0	7.0	1244.0	4135.0	150.0	1.0	6.0	10.0	0.0
4	8	5	-227.7583481054561	1.0	0.5010166734444895	42415.0	220.0	1548.0	17.0	1.0	234.0	1244.0	1.0	12.0	4135.0	6.0	7.0	150.0	10.0	0.0
5	4	8	-0.9243439452331847	0.8223463851473323	1.0040916530278232	42415.0	1548.0	234.0	12.0	7.0	220.0	17.0	1.0	1244.0	4135.0	150.0	1.0	10.0	6.0	0.0
4	5	9	2.331497555538616	0.009863547624927138	0.9946050096339114	41384.0	2579.0	206.0	25.0	7.0	233.0	11.0	9.0	2592.0	2675.0	262.0	8.0	1.0	8.0	0.0
4	9	5	-427.4967303619713	1.0	0.5013597513597513	41384.0	206.0	2579.0	25.0	7.0	233.0	2592.0	8.0	11.0	2675.0	1.0	9.0	262.0	8.0	0.0
5	4	9	-2.3188509202121765	0.9897984639659141	1.0054837446141793	41384.0	2579.0	233.0	11.0	9.0	206.0	25.0	7.0	2592.0	2675.0	262.0	8.0	8.0	1.0	0.0
4	6	7	-0.6483368778345009	0.7416165184601784	0.7575757575757576	41301.0	1439.0	1337.0	96.0	28.0	1357.0	104.0	34.0	79.0	3968.0	84.0	25.0	74.0	73.0	1.0
4	7	6	1.3777158653983148	0.08414557423162927	0.5952380952380952	41301.0	1337.0	1439.0	96.0	28.0	1357.0	79.0	25.0	104.0	3968.0	74.0	34.0	84.0	73.0	1.0
6	4	7	-99999.9	1.0	1.8888888888888888	41301.0	1439.0	1357.0	104.0	34.0	1337.0	96.0	28.0	79.0	3968.0	84.0	25.0	73.0	74.0	1.0
4	6	8	-0.7546363905912278	0.7747664761637915	0.625	41296.0	1444.0	1339.0	94.0	28.0	1363.0	103.0	29.0	88.0	3975.0	68.0	28.0	75.0	69.0	1.0
4	8	6	0.5030909270608179	0.3074501695641525	0.7142857142857143	41296.0	1339.0	1444.0	94.0	28.0	1363.0	88.0	28.0	103.0	3975.0	75.0	29.0	68.0	69.0	1.0
6	4	8	-99999.9	1.0	-1.9999999999999998	41296.0	1444.0	1363.0	103.0	29.0	1339.0	94.0	28.0	88.0	3975.0	68.0	28.0	69.0	75.0	1.0
4	6	9	-0.2264467280807346	0.5895729633114634	1.0022831050228311	40254.0	2486.0	1336.0	86.0	39.0	1362.0	89.0	44.0	1406.0	2545.0	180.0	65.0	53.0	51.0	4.0
4	9	6	-99.63656035552305	1.0	0.4994311717861206	40254.0	1336.0	2486.0	86.0	39.0	1362.0	1406.0	65.0	89.0	2545.0	53.0	44.0	180.0	51.0	4.0
6	4	9	0.22696255206269525	0.4102264737687744	0.9977324263038548	40254.0	2486.0	1362.0	89.0	44.0	1336.0	86.0	39.0	1406.0	2545.0	180.0	65.0	51.0	53.0	4.0
4	7	8	1.0056109495941656	0.15730138938771743	0.015174506828528073	41790.0	848.0	845.0	694.0	24.0	1401.0	45.0	15.0	55.0	4055.0	36.0	23.0	53.0	115.0	1.0
4	8	7	-99999.9	1.0	-0.01589825119236884	41790.0	845.0	848.0	694.0	24.0	1401.0	55.0	23.0	45.0	4055.0	53.0	15.0	36.0	115.0	1.0
7	4	8	-64.25853967906717	1.0	0.4961180124223602	41790.0	848.0	1401.0	45.0	15.0	845.0	694.0	24.0	55.0	4055.0	36.0	23.0	115.0	53.0	1.0
4	7	9	0.3247971040098667	0.37266738684979006	0.9970059880239521	40163.0	2475.0	1427.0	78.0	58.0	1343.0	74.0	44.0	1406.0	2560.0	180.0	84.0	53.0	50.0	5.0
4	9	7	-107.83263853127575	1.0	0.5007518796992482	40163.0	1427.0	2475.0	78.0	58.0	1343.0	1406.0	84.0	74.0	2560.0	53.0	44.0	180.0	50.0	5.0
7	4	9	-0.32382173733115843	0.6269634322480756	1.0030211480362539	40163.0	2475.0	1343.0	74.0	44.0	1427.0	78.0	58.0	1406.0	2560.0	180.0	84.0	50.0	53.0	5.0
4	8	9	0.3071339096944314	0.3793707927908664	0.9970082273747195	40166.0	2469.0	1424.0	87.0	55.0	1350.0	83.0	46.0	1416.0	2557.0	180.0	67.0	47.0	49.0	4.0
4	9	8	-102.04524149597482	1.0	0.5007513148009015	40166.0	1424.0	2469.0	87.0	55.0	1350.0	1416.0	67.0	83.0	2557.0	47.0	46.0	180.0	49.0	4.0
8	4	9	-0.30621227755731373	0.6202784187814077	1.0030188679245282	40166.0	2469.0	1350.0	83.0	46.0	1424.0	87.0	55.0	1416.0	2557.0	180.0	67.0	49.0	47.0	4.0
5	6	7	-0.48996794897830603	0.6879217064858649	0.7777777777777778	41314.0	1447.0	1335.0	93.0	27.0	1344.0	99.0	31.0	78.0	3974.0	84.0	28.0	75.0	70.0	1.0
5	7	6	1.2249198724457646	0.11030277330418137	0.5833333333333334	41314.0	1335.0	1447.0	93.0	27.0	1344.0	78.0	28.0	99.0	3974.0	75.0	31.0	84.0	70.0	1.0
6	5	7	-99999.9	1.0	1.6666666666666667	41314.0	1447.0	1344.0	99.0	31.0	1335.0	93.0	27.0	78.0	3974.0	84.0	28.0	70.0	75.0	1.0
5	6	8	-1.1473192693765515	0.8743750974674643	0.5625000000000001	41312.0	1449.0	1337.0	91.0	27.0	1347.0	105.0	22.0	87.0	3981.0	68.0	31.0	76.0	66.0	1.0
5	8	6	0.32780550553615745	0.3715294305484196	0.8181818181818182	41312.0	1337.0	1449.0	91.0	27.0	1347.0	87.0	31.0	105.0	3981.0	76.0	22.0	68.0	66.0	1.0
6	5	8	-99999.9	1.0	-0.39999999999999997	41312.0	1449.0	1347.0	105.0	22.0	1337.0	91.0	27.0	87.0	3981.0	68.0	31.0	66.0	76.0	1.0
5	6	9	-1.2820421166920397	0.9000859952657162	1.0131987577639752	40280.0	2481.0	1337.0	78.0	40.0	1336.0	95.0	43.0	1400.0	2558.0	178.0	70.0	55.0	46.0	3.0
5	9	6	-99.6976281333457	1.0	0.49676437000380663	40280.0	1337.0	2481.0	78.0	40.0	1336.0	1400.0	70.0	95.0	2558.0	55.0	43.0	178.0	46.0	3.0
6	5	9	1.298743048480365	0.09701613052880753	0.9873039581777446	40280.0	2481.0	1336.0	95.0	43.0	1337.0	78.0	40.0	1400.0	2558.0	178.0	70.0	46.0	55.0	3.0
5	7	8	0.413512868235218	0.3396154915757894	0.006144393241167434	41797.0	852.0	852.0	692.0	23.0	1394.0	45.0	11.0	49.0	4063.0	36.0	22.0	54.0	109.0	1.0
5	8	7	-99999.9	1.0	-0.006259780907668232	41797.0	852.0	852.0	692.0	23.0	1394.0	49.0	22.0	45.0	4063.0	54.0	11.0	36.0	109.0	1.0
7	5	8	-66.47219356881138	1.0	0.49844961240310076	41797.0	852.0	1394.0	45.0	11.0	852.0	692.0	23.0	49.0	4063.0	36.0	22.0	109.0	54.0	1.0
5	7	9	-0.8127132448215982	0.7918088142215386	1.007645259938838	40179.0	2470.0	1438.0	70.0	59.0	1327.0	80.0	43.0	1398.0	2573.0	177.0	81.0	55.0	45.0	5.0
5	9	7	-107.92831891230811	1.0	0.4981103552532124	40179.0	1438.0	2470.0	70.0	59.0	1327.0	1398.0	81.0	80.0	2573.0	55.0	43.0	177.0	45.0	5.0
7	5	9	0.8188795061631885	0.20642752629168282	0.992526158445441	40179.0	2470.0	1327.0	80.0	43.0	1438.0	70.0	59.0	1398.0	2573.0	177.0	81.0	45.0	55.0	5.0
5	8	9	-0.8419355847561808	0.8000880437374338	1.0083650190114068	40187.0	2462.0	1430.0	79.0	58.0	1329.0	90.0	46.0	1416.0	2570.0	176.0	61.0	48.0	44.0	4.0
5	9	8	-102.33344334718308	1.0	0.49793466015771687	40187.0	1430.0	2462.0	79.0	58.0	1329.0	1416.0	61.0	90.0	2570.0	48.0	46.0	176.0	44.0	4.0
8	5	9	0.8489199674351536	0.1979628667683675	0.9918397626112759	40187.0	2462.0	1329.0	90.0	46.0	1430.0	79.0	58.0	1416.0	2570.0	176.0	61.0	44.0	48.0	4.0
6	7	8	0.9183857127020174	0.17920846172411886	0.01347305389221557	41806.0	852.0	853.0	703.0	21.0	1385.0	44.0	12.0	53.0	4043.0	41.0	17.0	51.0	118.0	1.0
6	8	7	-99999.9	1.0	-0.014040561622464899	41806.0	853.0	852.0	703.0	21.0	1385.0	53.0	17.0	44.0	4043.0	51.0	12.0	41.0	118.0	1.0
7	6	8	-66.32785702847907	1.0	0.4965622612681436	41806.0	852.0	1385.0	44.0	12.0	853.0	703.0	21.0	53.0	4043.0	41.0	17.0	118.0	51.0	1.0
6	7	9	0.5364414077376363	0.29582673962460637	0.994748687171793	40189.0	2469.0	1427.0	89.0	61.0	1317.0	82.0	42.0	1408.0	2548.0	181.0	82.0	52.0	51.0	2.0
6	9	7	-101.08088811513458	1.0	0.5013232514177695	40189.0	1427.0	2469.0	89.0	61.0	1317.0	1408.0	82.0	82.0	2548.0	52.0	42.0	181.0	51.0	2.0
7	6	9	-0.5336095149366081	0.7031941570747058	1.0053353658536586	40189.0	2469.0	1317.0	82.0	42.0	1427.0	89.0	61.0	1408.0	2548.0	181.0	82.0	51.0	52.0	2.0
6	8	9	0.5880478380947417	0.27825004824586175	0.9939894815927873	40193.0	2466.0	1423.0	97.0	56.0	1323.0	89.0	43.0	1412.0	2546.0	180.0	72.0	47.0	50.0	3.0
6	9	8	-96.66036338682312	1.0	0.501516300227445	40193.0	1423.0	2466.0	97.0	56.0	1323.0	1412.0	72.0	89.0	2546.0	47.0	43.0	180.0	50.0	3.0
8	6	9	-0.584491993268772	0.7205553668478593	1.0061208875286916	40193.0	2466.0	1323.0	89.0	43.0	1423.0	97.0	56.0	1412.0	2546.0	180.0	72.0	50.0	47.0	3.0
7	8	9	0.09947918562604978	0.4603788492484092	0.999493670886076	40683.0	2508.0	823.0	51.0	34.0	833.0	50.0	40.0	2024.0	2613.0	227.0	60.0	25.0	29.0	0.0
7	9	8	-196.27243324019506	1.0	0.5001266784899924	40683.0	823.0	2508.0	51.0	34.0	833.0	2024.0	60.0	50.0	2613.0	25.0	40.0	227.0	29.0	0.0
8	7	9	-0.09942879090182177	0.5396011453790497	1.0005070993914806	40683.0	2508.0	833.0	50.0	40.0	823.0	51.0	34.0	2024.0	2613.0	227.0	60.0	29.0	25.0	0.0
