P1	Hybrid	P2	Zscore	Pvalue	Gamma	AAAA	AAAB	AABA	AABB	AABC	ABAA	ABAB	ABAC	ABBA	BAAA	ABBC	CABC	BACA	BCAA	ABCD
1	2	3	-0.8949653587310549	0.8145972279659489	1.056910569105691	22452.0	1213.0	1581.0	108.0	41.0	2510.0	122.0	55.0	382.0	1220.0	70.0	120.0	50.0	72.0	4.0
1	3	2	-17.51575059230778	1.0	0.48689138576779023	22452.0	1581.0	1213.0	108.0	41.0	2510.0	382.0	120.0	122.0	1220.0	50.0	55.0	70.0	72.0	4.0
2	1	3	0.9431558011242656	0.1728005960454525	0.9513888888888888	22452.0	1213.0	2510.0	122.0	55.0	1581.0	108.0	41.0	382.0	1220.0	70.0	120.0	72.0	50.0	4.0
1	2	4	-0.6230885354926569	0.7333868839713522	1.0250696378830084	22566.0	1099.0	1596.0	97.0	37.0	2526.0	106.0	55.0	474.0	1138.0	60.0	129.0	52.0	60.0	5.0
1	4	2	-26.100486431192422	1.0	0.4939597315436242	22566.0	1596.0	1099.0	97.0	37.0	2526.0	474.0	129.0	106.0	1138.0	52.0	55.0	60.0	60.0	5.0
2	1	4	0.6383271138063359	0.26163032319163726	0.9766839378238342	22566.0	1099.0	2526.0	106.0	55.0	1596.0	97.0	37.0	474.0	1138.0	60.0	129.0	60.0	52.0	5.0
1	2	5	-0.5625400156241283	0.7131259588624064	1.0193704600484261	22598.0	1067.0	1590.0	95.0	45.0	2509.0	103.0	75.0	524.0	1109.0	39.0	136.0	52.0	57.0	1.0
1	5	2	-30.166208337843866	1.0	0.49529411764705883	22598.0	1590.0	1067.0	95.0	45.0	2509.0	524.0	136.0	103.0	1109.0	52.0	75.0	39.0	57.0	1.0
2	1	5	0.5732296121205488	0.28324458095292737	0.9816933638443935	22598.0	1067.0	2509.0	103.0	75.0	1590.0	95.0	45.0	524.0	1109.0	39.0	136.0	57.0	52.0	1.0
1	2	6	-0.07189105469488567	0.5286557644773173	1.001980198019802	22619.0	1046.0	1587.0	96.0	47.0	2534.0	97.0	56.0	603.0	1025.0	44.0	138.0	47.0	58.0	3.0
1	6	2	-36.4487647303068	1.0	0.49950641658440276	22619.0	1587.0	1046.0	96.0	47.0	2534.0	603.0	138.0	97.0	1025.0	47.0	56.0	44.0	58.0	3.0
2	1	6	0.07203313187807714	0.4712877015244391	0.9980314960629921	22619.0	1046.0	2534.0	97.0	56.0	1587.0	96.0	47.0	603.0	1025.0	44.0	138.0	58.0	47.0	3.0
1	2	7	-0.9110646750127789	0.8188693762093027	1.017467248908297	22860.0	805.0	1621.0	79.0	30.0	2535.0	91.0	61.0	790.0	833.0	49.0	170.0	32.0	39.0	5.0
1	7	2	-53.98058199450709	1.0	0.4957446808510638	22860.0	1621.0	805.0	79.0	30.0	2535.0	790.0	170.0	91.0	833.0	32.0	61.0	49.0	39.0	5.0
2	1	7	0.9267052702919684	0.17703977121083736	0.983402489626556	22860.0	805.0	2535.0	91.0	61.0	1621.0	79.0	30.0	790.0	833.0	49.0	170.0	39.0	32.0	5.0
1	2	8	-1.8593680012753362	0.9685125645151267	1.0307486631016043	22918.0	747.0	1635.0	62.0	33.0	2548.0	85.0	54.0	856.0	771.0	45.0	174.0	33.0	34.0	5.0
1	8	2	-64.18861708750507	1.0	0.4926517571884984	22918.0	1635.0	747.0	62.0	33.0	2548.0	856.0	174.0	85.0	771.0	33.0	54.0	45.0	34.0	5.0
2	1	8	1.9148355291992436	0.027756673905745655	0.9718482252141983	22918.0	747.0	2548.0	85.0	54.0	1635.0	62.0	33.0	856.0	771.0	45.0	174.0	34.0	33.0	5.0
1	2	9	-2.4856804419685186	0.9935347873494029	1.0186757215619695	23295.0	370.0	1690.0	27.0	13.0	2613.0	49.0	25.0	1249.0	399.0	24.0	215.0	16.0	14.0	1.0
1	9	2	-138.0682500038877	1.0	0.495458298926507	23295.0	1690.0	370.0	27.0	13.0	2613.0	1249.0	215.0	49.0	399.0	16.0	25.0	24.0	14.0	1.0
2	1	9	2.531251250071275	0.005682841219854962	0.9823151125401929	23295.0	370.0	2613.0	49.0	25.0	1690.0	27.0	13.0	1249.0	399.0	24.0	215.0	14.0	16.0	1.0
1	3	4	-0.6145553140464889	0.7305758364871532	1.0918367346938775	22925.0	1108.0	1237.0	93.0	32.0	2843.0	102.0	67.0	209.0	1151.0	32.0	77.0	43.0	77.0	4.0
1	4	3	-7.920935158821413	0.9999999999999989	0.4798206278026906	22925.0	1237.0	1108.0	93.0	32.0	2843.0	209.0	77.0	102.0	1151.0	43.0	67.0	32.0	77.0	4.0
3	1	4	0.6662468825176888	0.25262659020172706	0.928	22925.0	1108.0	2843.0	102.0	67.0	1237.0	93.0	32.0	209.0	1151.0	32.0	77.0	77.0	43.0	4.0
1	3	5	-0.0706281057873949	0.5281531986205538	1.0068027210884354	22955.0	1078.0	1233.0	99.0	30.0	2840.0	100.0	72.0	248.0	1117.0	27.0	81.0	47.0	72.0	1.0
1	5	3	-10.523587762321903	1.0	0.4983164983164983	22955.0	1233.0	1078.0	99.0	30.0	2840.0	248.0	81.0	100.0	1117.0	47.0	72.0	27.0	72.0	1.0
3	1	5	0.0711053227183908	0.47165689690372425	0.9933333333333333	22955.0	1078.0	2840.0	100.0	72.0	1233.0	99.0	30.0	248.0	1117.0	27.0	81.0	72.0	47.0	1.0
1	3	6	0.1567755076488659	0.43771087685801535	0.9915254237288136	22965.0	1068.0	1241.0	83.0	38.0	2873.0	81.0	58.0	315.0	1047.0	30.0	87.0	41.0	70.0	3.0
1	6	3	-18.185958887268445	1.0	0.502145922746781	22965.0	1241.0	1068.0	83.0	38.0	2873.0	315.0	87.0	81.0	1047.0	41.0	58.0	30.0	70.0	3.0
3	1	6	-0.15543554604502946	0.5617610309264807	1.008695652173913	22965.0	1068.0	2873.0	81.0	58.0	1241.0	83.0	38.0	315.0	1047.0	30.0	87.0	70.0	41.0	3.0
1	3	7	-0.07969036183754524	0.5317583043573412	1.0023041474654377	23219.0	814.0	1262.0	78.0	22.0	2868.0	79.0	65.0	514.0	844.0	34.0	113.0	33.0	50.0	5.0
1	7	3	-34.744997761169934	1.0	0.4994259471871412	23219.0	1262.0	814.0	78.0	22.0	2868.0	514.0	113.0	79.0	844.0	33.0	65.0	34.0	50.0	5.0
3	1	7	0.07987355807165454	0.4681688432079725	0.9977116704805492	23219.0	814.0	2868.0	79.0	65.0	1262.0	78.0	22.0	514.0	844.0	34.0	113.0	50.0	33.0	5.0
1	3	8	-1.1974653068674075	0.8844373144347666	1.0287474332648872	23267.0	766.0	1286.0	59.0	17.0	2884.0	73.0	55.0	574.0	786.0	32.0	120.0	30.0	47.0	4.0
1	8	3	-44.04961664547961	1.0	0.4931102362204724	23267.0	1286.0	766.0	59.0	17.0	2884.0	574.0	120.0	73.0	786.0	30.0	55.0	32.0	47.0	4.0
3	1	8	1.2309274112509276	0.1091750748668221	0.9735349716446124	23267.0	766.0	2884.0	73.0	55.0	1286.0	59.0	17.0	574.0	786.0	32.0	120.0	47.0	30.0	4.0
1	3	9	-0.22321342150292003	0.5883152559247941	1.0021668472372698	23676.0	357.0	1309.0	39.0	14.0	2946.0	41.0	25.0	966.0	410.0	16.0	165.0	13.0	23.0	0.0
1	9	3	-103.4594208666033	1.0	0.49946004319654425	23676.0	1309.0	357.0	39.0	14.0	2946.0	966.0	165.0	41.0	410.0	13.0	25.0	16.0	23.0	0.0
3	1	9	0.2236960451169804	0.4114969528305621	0.9978471474703983	23676.0	357.0	2946.0	41.0	25.0	1309.0	39.0	14.0	966.0	410.0	16.0	165.0	23.0	13.0	0.0
1	4	5	-0.44388347523667243	0.6714365552294197	1.2058823529411764	23085.0	1077.0	1103.0	99.0	31.0	2948.0	106.0	75.0	147.0	1124.0	25.0	74.0	34.0	71.0	1.0
1	5	4	-3.043772401622899	0.9988317717803523	0.4606741573033708	23085.0	1103.0	1077.0	99.0	31.0	2948.0	147.0	74.0	106.0	1124.0	34.0	75.0	25.0	71.0	1.0
4	1	5	0.5196684588136652	0.3016473252596287	0.8727272727272727	23085.0	1077.0	2948.0	106.0	75.0	1103.0	99.0	31.0	147.0	1124.0	25.0	74.0	71.0	34.0	1.0
1	4	6	0.23190312814326622	0.40830667333686366	0.9772727272727273	23080.0	1082.0	1126.0	87.0	20.0	2982.0	84.0	63.0	213.0	1055.0	28.0	80.0	30.0	65.0	5.0
1	6	4	-9.739931382017199	1.0	0.5058823529411764	23080.0	1126.0	1082.0	87.0	20.0	2982.0	213.0	80.0	84.0	1055.0	30.0	63.0	28.0	65.0	5.0
4	1	6	-0.22651003213993445	0.5895975784872223	1.024390243902439	23080.0	1082.0	2982.0	84.0	63.0	1126.0	87.0	20.0	213.0	1055.0	28.0	80.0	65.0	30.0	5.0
1	4	7	-0.08122953101004747	0.5323703590592279	1.0029761904761905	23341.0	821.0	1140.0	75.0	18.0	2980.0	76.0	73.0	413.0	855.0	28.0	102.0	25.0	47.0	6.0
1	7	4	-27.455581481395864	1.0	0.4992592592592593	23341.0	1140.0	821.0	75.0	18.0	2980.0	413.0	102.0	76.0	855.0	25.0	73.0	28.0	47.0	6.0
4	1	7	0.08147056819405354	0.46753379876231116	0.9970501474926253	23341.0	821.0	2980.0	76.0	73.0	1140.0	75.0	18.0	413.0	855.0	28.0	102.0	47.0	25.0	6.0
1	4	8	-0.9959071814819153	0.8403523688523727	1.0310880829015545	23401.0	761.0	1152.0	64.0	17.0	2994.0	76.0	59.0	474.0	790.0	32.0	110.0	23.0	43.0	4.0
1	8	4	-34.0268287006321	1.0	0.49257425742574257	23401.0	1152.0	761.0	64.0	17.0	2994.0	474.0	110.0	76.0	790.0	23.0	59.0	32.0	43.0	4.0
4	1	8	1.0259345336874002	0.15246124143446527	0.9715639810426541	23401.0	761.0	2994.0	76.0	59.0	1152.0	64.0	17.0	474.0	790.0	32.0	110.0	43.0	23.0	4.0
1	4	9	-0.2420482071862589	0.5956285438977553	1.002415458937198	23793.0	369.0	1192.0	33.0	8.0	3066.0	35.0	28.0	865.0	416.0	15.0	146.0	13.0	19.0	2.0
1	9	4	-100.69205418948361	1.0	0.4993983152827918	23793.0	1192.0	369.0	33.0	8.0	3066.0	865.0	146.0	35.0	416.0	13.0	28.0	15.0	19.0	2.0
4	1	9	0.242631455878274	0.40414550704749685	0.9976019184652278	23793.0	369.0	3066.0	35.0	28.0	1192.0	33.0	8.0	865.0	416.0	15.0	146.0	19.0	13.0	2.0
1	5	6	0.3678502886992248	0.35649249522285475	0.9438202247191011	23128.0	1060.0	1078.0	100.0	29.0	3015.0	95.0	59.0	179.0	1054.0	31.0	81.0	20.0	69.0	2.0
1	6	5	-5.812034561447758	0.9999999969044191	0.5153374233128835	23128.0	1078.0	1060.0	100.0	29.0	3015.0	179.0	81.0	95.0	1054.0	20.0	59.0	31.0	69.0	2.0
5	1	6	-0.3459544381814138	0.6353114560927644	1.0675675675675675	23128.0	1060.0	3015.0	95.0	59.0	1078.0	100.0	29.0	179.0	1054.0	31.0	81.0	69.0	20.0	2.0
1	5	7	-1.5815121820986393	0.9431195068521423	1.075812274368231	23360.0	828.0	1121.0	70.0	16.0	3006.0	91.0	72.0	389.0	845.0	30.0	100.0	20.0	48.0	4.0
1	7	5	-24.02392314711742	1.0	0.4829821717990275	23360.0	1121.0	828.0	70.0	16.0	3006.0	389.0	100.0	91.0	845.0	20.0	72.0	30.0	48.0	4.0
5	1	7	1.6929610271458586	0.045231415340890146	0.9382352941176471	23360.0	828.0	3006.0	91.0	72.0	1121.0	70.0	16.0	389.0	845.0	30.0	100.0	48.0	20.0	4.0
1	5	8	-2.325600526321836	0.9899800873206643	1.0895522388059702	23421.0	767.0	1132.0	59.0	16.0	3021.0	89.0	59.0	454.0	778.0	32.0	103.0	22.0	45.0	2.0
1	8	5	-30.62040692990417	1.0	0.48026315789473684	23421.0	1132.0	767.0	59.0	16.0	3021.0	454.0	103.0	89.0	778.0	22.0	59.0	32.0	45.0	2.0
5	1	8	2.5167457750606173	0.005922231126164634	0.9294117647058824	23421.0	767.0	3021.0	89.0	59.0	1132.0	59.0	16.0	454.0	778.0	32.0	103.0	45.0	22.0	2.0
1	5	9	-3.113027293674317	0.9990740378493836	1.036649214659686	23809.0	379.0	1176.0	24.0	7.0	3090.0	52.0	27.0	844.0	405.0	15.0	143.0	7.0	22.0	0.0
1	9	5	-91.16722788617648	1.0	0.4913151364764268	23809.0	1176.0	379.0	24.0	7.0	3090.0	844.0	143.0	52.0	405.0	7.0	27.0	15.0	22.0	0.0
5	1	9	3.2230838141577527	0.0006341551806723356	0.9669811320754716	23809.0	379.0	3090.0	52.0	27.0	1176.0	24.0	7.0	844.0	405.0	15.0	143.0	22.0	7.0	0.0
1	6	7	-1.476677126745352	0.9301188606157187	1.10752688172043	23386.0	820.0	1095.0	71.0	23.0	3110.0	91.0	74.0	297.0	848.0	24.0	88.0	17.0	52.0	4.0
1	7	6	-16.686451532222485	1.0	0.47685185185185186	23386.0	1095.0	820.0	71.0	23.0	3110.0	297.0	88.0	91.0	848.0	17.0	74.0	24.0	52.0	4.0
6	1	7	1.620043838079852	0.052611423659206125	0.9186991869918699	23386.0	820.0	3110.0	91.0	74.0	1095.0	71.0	23.0	297.0	848.0	24.0	88.0	52.0	17.0	4.0
1	6	8	-1.5082653080443984	0.9342566534659187	1.075098814229249	23446.0	760.0	1107.0	63.0	19.0	3136.0	82.0	57.0	354.0	786.0	29.0	88.0	21.0	48.0	4.0
1	8	6	-23.10027392846947	1.0	0.48312611012433393	23446.0	1107.0	760.0	63.0	19.0	3136.0	354.0	88.0	82.0	786.0	21.0	57.0	29.0	48.0	4.0
6	1	8	1.613622075885735	0.053304708182439486	0.9387096774193547	23446.0	760.0	3136.0	82.0	57.0	1107.0	63.0	19.0	354.0	786.0	29.0	88.0	48.0	21.0	4.0
1	6	9	-1.604040830283009	0.9456474751804412	1.0204081632653061	23835.0	371.0	1150.0	30.0	9.0	3203.0	44.0	28.0	744.0	413.0	12.0	130.0	7.0	24.0	0.0
1	9	6	-81.8060823444336	1.0	0.495049504950495	23835.0	1150.0	371.0	30.0	9.0	3203.0	744.0	130.0	44.0	413.0	7.0	28.0	12.0	24.0	0.0
6	1	9	1.636121646888669	0.05090705398236639	0.9807692307692307	23835.0	371.0	3203.0	44.0	28.0	1150.0	30.0	9.0	744.0	413.0	12.0	130.0	24.0	7.0	0.0
1	7	8	-1.1090786156695942	0.8663018186629121	1.3125	23713.0	768.0	840.0	60.0	14.0	3357.0	75.0	63.0	138.0	799.0	19.0	83.0	15.0	53.0	3.0
1	8	7	-5.767208801481895	0.9999999959580153	0.44680851063829785	23713.0	840.0	768.0	60.0	14.0	3357.0	138.0	83.0	75.0	799.0	15.0	63.0	19.0	53.0	3.0
7	1	8	1.3731449527337827	0.0848537038164352	0.8387096774193549	23713.0	768.0	3357.0	75.0	63.0	840.0	60.0	14.0	138.0	799.0	19.0	83.0	53.0	15.0	3.0
1	7	9	-1.7910142148047912	0.9633545436355722	1.0315126050420167	24108.0	373.0	877.0	26.0	11.0	3427.0	41.0	27.0	532.0	415.0	9.0	118.0	8.0	28.0	0.0
1	9	7	-60.416879512748366	1.0	0.49247743229689067	24108.0	877.0	373.0	26.0	11.0	3427.0	532.0	118.0	41.0	415.0	8.0	27.0	9.0	28.0	0.0
7	1	9	1.8457295166827379	0.03246568479048717	0.9712092130518234	24108.0	373.0	3427.0	41.0	27.0	877.0	26.0	11.0	532.0	415.0	9.0	118.0	28.0	8.0	0.0
1	8	9	-1.2825537369985174	0.9001756979238064	1.0265060240963855	24182.0	371.0	803.0	30.0	9.0	3510.0	41.0	27.0	467.0	417.0	5.0	100.0	6.0	32.0	0.0
1	9	8	-50.952362097123014	1.0	0.4936268829663963	24182.0	803.0	371.0	30.0	9.0	3510.0	467.0	100.0	41.0	417.0	6.0	27.0	5.0	32.0	0.0
8	1	9	1.315671321756695	0.09414225861248138	0.9754464285714286	24182.0	371.0	3510.0	41.0	27.0	803.0	30.0	9.0	467.0	417.0	5.0	100.0	32.0	6.0	0.0
2	3	4	0.47717955104737775	0.31661714650212347	0.9478260869565217	23821.0	1141.0	1271.0	86.0	33.0	1947.0	80.0	56.0	189.0	1175.0	36.0	63.0	40.0	60.0	2.0
2	4	3	-8.19158229297998	0.9999999999999999	0.5141509433962264	23821.0	1271.0	1141.0	86.0	33.0	1947.0	189.0	63.0	80.0	1175.0	40.0	56.0	36.0	60.0	2.0
3	2	4	-0.45091278676954044	0.6739737713999905	1.0618556701030928	23821.0	1141.0	1947.0	80.0	56.0	1271.0	86.0	33.0	189.0	1175.0	36.0	63.0	60.0	40.0	2.0
2	3	5	0.8866733439604702	0.18762736270908897	0.9341317365269461	23838.0	1124.0	1269.0	87.0	34.0	1957.0	76.0	50.0	232.0	1142.0	26.0	61.0	43.0	59.0	2.0
2	5	3	-11.687966806751655	1.0	0.5182724252491694	23838.0	1269.0	1124.0	87.0	34.0	1957.0	232.0	61.0	76.0	1142.0	43.0	50.0	26.0	59.0	2.0
3	2	5	-0.8241515056042832	0.7950733152698883	1.0820895522388059	23838.0	1124.0	1957.0	76.0	50.0	1269.0	87.0	34.0	232.0	1142.0	26.0	61.0	59.0	43.0	2.0
2	3	6	0.9692212471691704	0.1662174039231168	0.9495798319327731	23884.0	1078.0	1269.0	86.0	35.0	1954.0	74.0	55.0	300.0	1065.0	35.0	74.0	40.0	49.0	2.0
2	6	3	-17.284445574516855	1.0	0.5136363636363637	23884.0	1269.0	1078.0	86.0	35.0	1954.0	300.0	74.0	74.0	1065.0	40.0	55.0	35.0	49.0	2.0
3	2	6	-0.9177581720982408	0.8206272799542469	1.0594059405940595	23884.0	1078.0	1954.0	74.0	55.0	1269.0	86.0	35.0	300.0	1065.0	35.0	74.0	49.0	40.0	2.0
2	3	7	1.1072197429485913	0.13409951311046875	0.971677559912854	24108.0	854.0	1287.0	77.0	26.0	1979.0	64.0	40.0	510.0	855.0	35.0	92.0	32.0	40.0	1.0
2	7	3	-36.878934515133835	1.0	0.5073947667804323	24108.0	1287.0	854.0	77.0	26.0	1979.0	510.0	92.0	64.0	855.0	32.0	40.0	35.0	40.0	1.0
3	2	7	-1.0749465217415697	0.8588006273584831	1.0309523809523808	24108.0	854.0	1979.0	64.0	40.0	1287.0	77.0	26.0	510.0	855.0	35.0	92.0	40.0	32.0	1.0
2	3	8	1.3471847485304405	0.08896043272156118	0.9742173112338858	24157.0	805.0	1309.0	62.0	19.0	1994.0	48.0	41.0	577.0	790.0	33.0	94.0	29.0	40.0	2.0
2	8	3	-49.55715324951267	1.0	0.5067049808429118	24157.0	1309.0	805.0	62.0	19.0	1994.0	577.0	94.0	48.0	790.0	29.0	41.0	33.0	40.0	2.0
3	2	8	-1.3115314659606365	0.9051607978654127	1.0279441117764472	24157.0	805.0	1994.0	48.0	41.0	1309.0	62.0	19.0	577.0	790.0	33.0	94.0	40.0	29.0	2.0
2	3	9	2.893861704355519	0.0019027452671513956	0.9775280898876404	24571.0	391.0	1337.0	40.0	13.0	2051.0	18.0	14.0	975.0	410.0	15.0	128.0	12.0	22.0	3.0
2	9	3	-122.98912243510985	1.0	0.5058139534883721	24571.0	1337.0	391.0	40.0	13.0	2051.0	975.0	128.0	18.0	410.0	12.0	14.0	15.0	22.0	3.0
3	2	9	-2.8273361479335533	0.9976530859221735	1.0240963855421688	24571.0	391.0	2051.0	18.0	14.0	1337.0	40.0	13.0	975.0	410.0	15.0	128.0	22.0	12.0	3.0
2	4	5	0.23968633410553042	0.40528676508146666	0.9347826086956522	23967.0	1125.0	1140.0	85.0	35.0	2066.0	82.0	51.0	125.0	1147.0	23.0	59.0	32.0	62.0	1.0
2	5	4	-3.1958177880737444	0.9993027599321274	0.5180722891566264	23967.0	1140.0	1125.0	85.0	35.0	2066.0	125.0	59.0	82.0	1147.0	32.0	51.0	23.0	62.0	1.0
4	2	5	-0.22296403172607487	0.5882182091939793	1.0810810810810811	23967.0	1125.0	2066.0	82.0	51.0	1140.0	85.0	35.0	125.0	1147.0	23.0	59.0	62.0	32.0	1.0
2	4	6	0.07960567082079739	0.46827537544354914	0.9917355371900827	23997.0	1095.0	1156.0	80.0	24.0	2065.0	79.0	55.0	199.0	1069.0	27.0	64.0	31.0	58.0	1.0
2	6	4	-9.473074827674823	1.0	0.502092050209205	23997.0	1156.0	1095.0	80.0	24.0	2065.0	199.0	64.0	79.0	1069.0	31.0	55.0	27.0	58.0	1.0
4	2	6	-0.07894229023062407	0.5314608044834168	1.0084745762711864	23997.0	1095.0	2065.0	79.0	55.0	1156.0	80.0	24.0	199.0	1069.0	27.0	64.0	58.0	31.0	1.0
2	4	7	0.7948234577718898	0.21335804071435938	0.9744318181818182	24224.0	868.0	1171.0	70.0	19.0	2097.0	61.0	41.0	404.0	863.0	28.0	80.0	27.0	44.0	3.0
2	7	4	-29.49678165509014	1.0	0.5066469719350074	24224.0	1171.0	868.0	70.0	19.0	2097.0	404.0	80.0	61.0	863.0	27.0	41.0	28.0	44.0	3.0
4	2	7	-0.7739680317662133	0.7805252167770939	1.0276923076923077	24224.0	868.0	2097.0	61.0	41.0	1171.0	70.0	19.0	404.0	863.0	28.0	80.0	44.0	27.0	3.0
2	4	8	0.9370906544721233	0.1743559492005562	0.9767981438515081	24286.0	806.0	1180.0	63.0	17.0	2109.0	53.0	37.0	474.0	789.0	32.0	82.0	25.0	45.0	2.0
2	8	4	-38.5144258988043	1.0	0.5060096153846153	24286.0	1180.0	806.0	63.0	17.0	2109.0	474.0	82.0	53.0	789.0	25.0	37.0	32.0	45.0	2.0
4	2	8	-0.914831969092738	0.8198600990963497	1.0249376558603491	24286.0	806.0	2109.0	53.0	37.0	1180.0	63.0	17.0	474.0	789.0	32.0	82.0	45.0	25.0	2.0
2	4	9	2.665083697174733	0.0038485026690355806	0.9783599088838268	24689.0	403.0	1219.0	35.0	6.0	2170.0	16.0	13.0	875.0	407.0	13.0	109.0	17.0	26.0	2.0
2	9	4	-117.82475292772496	1.0	0.505591524426133	24689.0	1219.0	403.0	35.0	6.0	2170.0	875.0	109.0	16.0	407.0	17.0	13.0	13.0	26.0	2.0
4	2	9	-2.606135396538738	0.995421452169891	1.0231425091352009	24689.0	403.0	2170.0	16.0	13.0	1219.0	35.0	6.0	875.0	407.0	13.0	109.0	26.0	17.0	2.0
2	5	6	0.6985561281508663	0.24241466579511983	0.8941176470588236	24038.0	1069.0	1115.0	96.0	34.0	2105.0	87.0	58.0	163.0	1072.0	26.0	60.0	20.0	55.0	2.0
2	6	5	-5.200362287345341	0.999999900359944	0.5314685314685315	24038.0	1115.0	1069.0	96.0	34.0	2105.0	163.0	60.0	87.0	1072.0	20.0	58.0	26.0	55.0	2.0
5	2	6	-0.6158323761330006	0.7309974749064679	1.1551724137931034	24038.0	1069.0	2105.0	87.0	58.0	1115.0	96.0	34.0	163.0	1072.0	26.0	60.0	55.0	20.0	2.0
2	5	7	-0.9899758766946923	0.838907038914742	1.0418118466898956	24232.0	875.0	1163.0	64.0	18.0	2134.0	76.0	40.0	375.0	855.0	31.0	72.0	20.0	44.0	1.0
2	7	5	-25.65687480433745	1.0	0.4901639344262296	24232.0	1163.0	875.0	64.0	18.0	2134.0	375.0	72.0	76.0	855.0	20.0	40.0	31.0	44.0	1.0
5	2	7	1.0297073500068539	0.1515737232354073	0.9628482972136223	24232.0	875.0	2134.0	76.0	40.0	1163.0	64.0	18.0	375.0	855.0	31.0	72.0	44.0	20.0	1.0
2	5	8	-0.5297061872956008	0.7018421883233135	1.0159574468085106	24299.0	808.0	1167.0	60.0	18.0	2143.0	66.0	41.0	448.0	780.0	33.0	74.0	21.0	42.0	0.0
2	8	5	-34.25433344511559	1.0	0.4961038961038961	24299.0	1167.0	808.0	60.0	18.0	2143.0	448.0	74.0	66.0	780.0	21.0	41.0	33.0	42.0	0.0
5	2	8	0.5380261797662123	0.29527946616645484	0.9847715736040609	24299.0	808.0	2143.0	66.0	41.0	1167.0	60.0	18.0	448.0	780.0	33.0	74.0	42.0	21.0	0.0
2	5	9	-0.9214023286811716	0.8215798143440303	1.0086741016109046	24693.0	414.0	1215.0	25.0	5.0	2206.0	32.0	12.0	846.0	400.0	15.0	102.0	8.0	26.0	1.0
2	9	5	-108.06733026389185	1.0	0.4978593272171254	24693.0	1215.0	414.0	25.0	5.0	2206.0	846.0	102.0	32.0	400.0	8.0	12.0	15.0	26.0	1.0
5	2	9	0.9293259359302727	0.17636008103849288	0.9915458937198067	24693.0	414.0	2206.0	32.0	12.0	1215.0	25.0	5.0	846.0	400.0	15.0	102.0	26.0	8.0	1.0
2	6	7	-0.4100711668207958	0.6591230835987246	1.023041474654378	24289.0	864.0	1106.0	70.0	23.0	2207.0	75.0	46.0	297.0	857.0	25.0	77.0	19.0	44.0	1.0
2	7	6	-18.617230973664146	1.0	0.49443207126948774	24289.0	1106.0	864.0	70.0	23.0	2207.0	297.0	77.0	75.0	857.0	19.0	46.0	25.0	44.0	1.0
6	2	7	0.4193070039113543	0.3374959299872127	0.978448275862069	24289.0	864.0	2207.0	75.0	46.0	1106.0	70.0	23.0	297.0	857.0	25.0	77.0	44.0	19.0	1.0
2	6	8	0.6373294017191073	0.26195509230412595	0.9773462783171522	24355.0	798.0	1111.0	65.0	23.0	2227.0	58.0	43.0	360.0	789.0	30.0	78.0	20.0	43.0	0.0
2	8	6	-26.85888192959093	1.0	0.5058626465661641	24355.0	1111.0	798.0	65.0	23.0	2227.0	360.0	78.0	58.0	789.0	20.0	43.0	30.0	43.0	0.0
6	2	8	-0.622556865917671	0.7332121734412678	1.0243055555555556	24355.0	798.0	2227.0	58.0	43.0	1111.0	65.0	23.0	360.0	789.0	30.0	78.0	43.0	20.0	0.0
2	6	9	1.2173904102665813	0.11172792159610556	0.9879518072289156	24749.0	404.0	1159.0	32.0	8.0	2289.0	23.0	16.0	761.0	408.0	10.0	104.0	9.0	27.0	1.0
2	9	6	-98.60862323159326	1.0	0.5030674846625767	24749.0	1159.0	404.0	32.0	8.0	2289.0	761.0	104.0	23.0	408.0	9.0	16.0	10.0	27.0	1.0
6	2	9	-1.2025441857511352	0.8854235561310824	1.0125	24749.0	404.0	2289.0	23.0	16.0	1159.0	32.0	8.0	761.0	408.0	10.0	104.0	27.0	9.0	1.0
2	7	8	0.9585515816416694	0.16889234072371817	0.8837209302325582	24591.0	804.0	875.0	65.0	17.0	2479.0	55.0	47.0	131.0	799.0	21.0	55.0	13.0	48.0	0.0
2	8	7	-6.326440438835016	0.9999999998740031	0.5352112676056339	24591.0	875.0	804.0	65.0	17.0	2479.0	131.0	55.0	55.0	799.0	13.0	47.0	21.0	48.0	0.0
7	2	8	-0.8324263735309234	0.7974158914862893	1.1785714285714286	24591.0	804.0	2479.0	55.0	47.0	875.0	65.0	17.0	131.0	799.0	21.0	55.0	48.0	13.0	0.0
2	7	9	1.0554845294722934	0.14560192089625712	0.9844660194174757	24994.0	401.0	914.0	33.0	10.0	2541.0	25.0	15.0	532.0	408.0	11.0	81.0	7.0	28.0	0.0
2	9	7	-65.83584752583431	1.0	0.5039761431411531	24994.0	914.0	401.0	33.0	10.0	2541.0	532.0	81.0	25.0	408.0	7.0	15.0	11.0	28.0	0.0
7	2	9	-1.0388299412360444	0.850558058724808	1.0162932790224033	24994.0	401.0	2541.0	25.0	15.0	914.0	33.0	10.0	532.0	408.0	11.0	81.0	28.0	7.0	0.0
2	8	9	1.4930916796820972	0.06770662676805128	0.9748858447488584	25065.0	401.0	843.0	33.0	10.0	2627.0	22.0	16.0	449.0	413.0	5.0	78.0	5.0	33.0	0.0
2	9	8	-56.46601261343206	1.0	0.5065243179122183	25065.0	843.0	401.0	33.0	10.0	2627.0	449.0	78.0	22.0	413.0	5.0	16.0	5.0	33.0	0.0
8	2	9	-1.4546279595966096	0.9271138148416384	1.0271604938271606	25065.0	401.0	2627.0	22.0	16.0	843.0	33.0	10.0	449.0	413.0	5.0	78.0	33.0	5.0	0.0
3	4	5	-0.3123625608477936	0.6226174310808159	1.1176470588235294	24620.0	1148.0	1175.0	71.0	31.0	1413.0	75.0	35.0	113.0	1182.0	26.0	36.0	31.0	41.0	3.0
3	5	4	-3.2798068889018417	0.9994805494932966	0.47500000000000003	24620.0	1175.0	1148.0	71.0	31.0	1413.0	113.0	36.0	75.0	1182.0	31.0	35.0	26.0	41.0	3.0
4	3	5	0.3452428304107191	0.3649559770497136	0.9130434782608695	24620.0	1148.0	1413.0	75.0	35.0	1175.0	71.0	31.0	113.0	1182.0	26.0	36.0	41.0	31.0	3.0
3	4	6	0.0	0.49999999949999996	nan	24637.0	1131.0	1201.0	56.0	20.0	1425.0	56.0	42.0	176.0	1114.0	31.0	42.0	30.0	37.0	2.0
3	6	4	-11.333875553312911	1.0	0.5	24637.0	1201.0	1131.0	56.0	20.0	1425.0	176.0	42.0	56.0	1114.0	30.0	42.0	31.0	37.0	2.0
4	3	6	0.0	0.49999999949999996	nan	24637.0	1131.0	1425.0	56.0	42.0	1201.0	56.0	20.0	176.0	1114.0	31.0	42.0	37.0	30.0	2.0
3	4	7	0.0	0.49999999949999996	nan	24875.0	893.0	1212.0	46.0	19.0	1446.0	46.0	31.0	391.0	900.0	30.0	52.0	26.0	31.0	2.0
3	7	4	-35.94920412016049	1.0	0.5	24875.0	1212.0	893.0	46.0	19.0	1446.0	391.0	52.0	46.0	900.0	26.0	31.0	30.0	31.0	2.0
4	3	7	0.0	0.49999999949999996	nan	24875.0	893.0	1446.0	46.0	31.0	1212.0	46.0	19.0	391.0	900.0	30.0	52.0	31.0	26.0	2.0
3	4	8	0.11709672442846893	0.45339165760114297	0.9976190476190476	24927.0	841.0	1224.0	37.0	16.0	1468.0	36.0	19.0	455.0	832.0	34.0	57.0	24.0	28.0	2.0
3	8	4	-48.94643081109999	1.0	0.5005973715651135	24927.0	1224.0	841.0	37.0	16.0	1468.0	455.0	57.0	36.0	832.0	24.0	19.0	34.0	28.0	2.0
4	3	8	-0.11681725730572794	0.546497611303	1.0023980815347722	24927.0	841.0	1468.0	36.0	19.0	1224.0	37.0	16.0	455.0	832.0	34.0	57.0	28.0	24.0	2.0
3	4	9	-0.3154244652567391	0.6237802342504634	1.0023584905660377	25370.0	398.0	1252.0	19.0	6.0	1489.0	21.0	13.0	871.0	435.0	15.0	80.0	16.0	14.0	1.0
3	9	4	-134.37082219937065	1.0	0.49941245593419503	25370.0	1252.0	398.0	19.0	6.0	1489.0	871.0	80.0	21.0	435.0	16.0	13.0	15.0	14.0	1.0
4	3	9	0.31616664046910786	0.37593808244561866	0.9976580796252927	25370.0	398.0	1489.0	21.0	13.0	1252.0	19.0	6.0	871.0	435.0	15.0	80.0	14.0	16.0	1.0
3	5	6	0.26058732011343366	0.3972054437729776	0.9651162790697675	24688.0	1107.0	1150.0	70.0	30.0	1455.0	67.0	40.0	150.0	1111.0	27.0	38.0	22.0	42.0	3.0
3	6	5	-6.9489952030249125	0.9999999999981488	0.5092024539877301	24688.0	1150.0	1107.0	70.0	30.0	1455.0	150.0	38.0	67.0	1111.0	22.0	40.0	27.0	42.0	3.0
5	3	6	-0.2511685013141529	0.599158026286442	1.0389610389610389	24688.0	1107.0	1455.0	67.0	40.0	1150.0	70.0	30.0	150.0	1111.0	27.0	38.0	42.0	22.0	3.0
3	5	7	-2.0876454075405793	0.9815851473663435	1.0771929824561404	24894.0	901.0	1193.0	39.0	18.0	1472.0	61.0	29.0	368.0	890.0	30.0	49.0	21.0	34.0	1.0
3	7	5	-31.219788140038624	1.0	0.48270440251572333	24894.0	1193.0	901.0	39.0	18.0	1472.0	368.0	49.0	61.0	890.0	21.0	29.0	30.0	34.0	1.0
5	3	7	2.2372486615011415	0.012635005036251812	0.9373219373219374	24894.0	901.0	1472.0	61.0	29.0	1193.0	39.0	18.0	368.0	890.0	30.0	49.0	34.0	21.0	1.0
3	5	8	-1.8764242126041981	0.9697015374219444	1.048913043478261	24951.0	844.0	1200.0	34.0	16.0	1491.0	52.0	19.0	438.0	818.0	32.0	51.0	22.0	30.0	2.0
3	8	5	-42.115298994005364	1.0	0.48860759493670886	24951.0	1200.0	844.0	34.0	16.0	1491.0	438.0	51.0	52.0	818.0	22.0	19.0	32.0	30.0	2.0
5	3	8	1.9639258598240832	0.02476927610436519	0.957345971563981	24951.0	844.0	1491.0	52.0	19.0	1200.0	34.0	16.0	438.0	818.0	32.0	51.0	30.0	22.0	2.0
3	5	9	-3.9063198428820805	0.9999531248979525	1.0371794871794873	25391.0	404.0	1231.0	11.0	8.0	1508.0	40.0	14.0	849.0	425.0	14.0	83.0	7.0	15.0	0.0
3	9	5	-112.87917339086853	1.0	0.4911961141469338	25391.0	1231.0	404.0	11.0	8.0	1508.0	849.0	83.0	40.0	425.0	7.0	14.0	14.0	15.0	0.0
5	3	9	4.046348613516914	2.6024408238178864e-05	0.9665513264129181	25391.0	404.0	1508.0	40.0	14.0	1231.0	11.0	8.0	849.0	425.0	14.0	83.0	15.0	7.0	0.0
3	6	7	-1.5236551704079428	0.9362025403956447	1.078048780487805	24943.0	895.0	1144.0	42.0	21.0	1553.0	58.0	32.0	279.0	895.0	26.0	57.0	19.0	34.0	2.0
3	7	6	-22.569142211667657	1.0	0.48253275109170307	24943.0	1144.0	895.0	42.0	21.0	1553.0	279.0	57.0	58.0	895.0	19.0	32.0	26.0	34.0	2.0
6	3	7	1.6339650469985632	0.0511330843577571	0.9367588932806324	24943.0	895.0	1553.0	58.0	32.0	1144.0	42.0	21.0	279.0	895.0	26.0	57.0	34.0	19.0	2.0
3	6	8	-0.679771119554572	0.75167536917726	1.0205479452054795	25000.0	838.0	1151.0	35.0	21.0	1582.0	41.0	20.0	339.0	831.0	30.0	59.0	20.0	31.0	2.0
3	8	6	-34.44173672409837	1.0	0.4950166112956811	25000.0	1151.0	838.0	35.0	21.0	1582.0	339.0	59.0	41.0	831.0	20.0	20.0	30.0	31.0	2.0
6	3	8	0.6934577863912412	0.24401108579403596	0.9806451612903225	25000.0	838.0	1582.0	41.0	20.0	1151.0	35.0	21.0	339.0	831.0	30.0	59.0	31.0	20.0	2.0
3	6	9	-1.7452594489172506	0.959530182190151	1.0168302945301544	25439.0	399.0	1183.0	17.0	7.0	1599.0	29.0	15.0	754.0	434.0	12.0	87.0	9.0	16.0	0.0
3	9	6	-107.18801782100115	1.0	0.49589603283173733	25439.0	1183.0	399.0	17.0	7.0	1599.0	754.0	87.0	29.0	434.0	9.0	15.0	12.0	16.0	0.0
6	3	9	1.7741465018648461	0.03801941311033086	0.9839786381842457	25439.0	399.0	1599.0	29.0	15.0	1183.0	17.0	7.0	754.0	434.0	12.0	87.0	16.0	9.0	0.0
3	7	8	-0.44458521203267565	0.6716902036658173	1.0579710144927537	25244.0	843.0	907.0	36.0	15.0	1826.0	40.0	23.0	113.0	838.0	21.0	41.0	14.0	38.0	1.0
3	8	7	-8.558265331629016	1.0	0.48666666666666664	25244.0	907.0	843.0	36.0	15.0	1826.0	113.0	41.0	40.0	838.0	14.0	23.0	21.0	38.0	1.0
7	3	8	0.4689460455687126	0.31955411652649923	0.9506172839506173	25244.0	843.0	1826.0	40.0	23.0	907.0	36.0	15.0	113.0	838.0	21.0	41.0	38.0	14.0	1.0
3	7	9	-1.818532962078987	0.9655086988607091	1.02680412371134	25692.0	395.0	930.0	18.0	10.0	1843.0	31.0	15.0	529.0	433.0	10.0	68.0	8.0	18.0	0.0
3	9	7	-71.48233412479703	1.0	0.4935579781962339	25692.0	930.0	395.0	18.0	10.0	1843.0	529.0	68.0	31.0	433.0	8.0	15.0	10.0	18.0	0.0
7	3	9	1.8660047060690006	0.031020291104135733	0.9751908396946565	25692.0	395.0	1843.0	31.0	15.0	930.0	18.0	10.0	529.0	433.0	10.0	68.0	18.0	8.0	0.0
3	8	9	-1.4177002166676749	0.9218607957527631	1.024390243902439	25756.0	395.0	866.0	19.0	9.0	1936.0	29.0	15.0	449.0	438.0	5.0	55.0	5.0	22.0	1.0
3	9	8	-60.961109316709994	1.0	0.4941176470588235	25756.0	866.0	395.0	19.0	9.0	1936.0	449.0	55.0	29.0	438.0	5.0	15.0	5.0	22.0	1.0
8	3	9	1.451454983731191	0.0733266471636238	0.9772727272727273	25756.0	395.0	1936.0	29.0	15.0	866.0	19.0	9.0	449.0	438.0	5.0	55.0	22.0	5.0	1.0
4	5	6	0.6198343046081751	0.2676833859845471	0.9213483146067416	24908.0	1125.0	1154.0	72.0	32.0	1235.0	65.0	24.0	147.0	1120.0	27.0	37.0	22.0	31.0	1.0
4	6	5	-6.641081835087595	0.9999999999843473	0.5222929936305732	24908.0	1154.0	1125.0	72.0	32.0	1235.0	147.0	37.0	65.0	1120.0	22.0	24.0	27.0	31.0	1.0
5	4	6	-0.5669216200684529	0.7146163174441391	1.1029411764705883	24908.0	1125.0	1235.0	65.0	24.0	1154.0	72.0	32.0	147.0	1120.0	27.0	37.0	31.0	22.0	1.0
4	5	7	-1.69529351572597	0.9549901510252901	1.0622837370242215	25127.0	906.0	1194.0	43.0	21.0	1239.0	61.0	24.0	368.0	897.0	29.0	48.0	19.0	23.0	1.0
4	7	5	-30.609466256163362	1.0	0.48575949367088606	25127.0	1194.0	906.0	43.0	21.0	1239.0	368.0	48.0	61.0	897.0	19.0	24.0	29.0	23.0	1.0
5	4	7	1.794691832608926	0.036351354958256143	0.9475218658892128	25127.0	906.0	1239.0	61.0	24.0	1194.0	43.0	21.0	368.0	897.0	29.0	48.0	23.0	19.0	1.0
4	5	8	-1.6753066569228656	0.9530629826572204	1.0435967302452316	25189.0	844.0	1206.0	35.0	17.0	1253.0	51.0	20.0	434.0	826.0	34.0	49.0	20.0	21.0	1.0
4	8	5	-41.77795975701396	1.0	0.489769820971867	25189.0	1206.0	844.0	35.0	17.0	1253.0	434.0	49.0	51.0	826.0	20.0	20.0	34.0	21.0	1.0
5	4	8	1.7452933579953616	0.04046686796650745	0.9614457831325302	25189.0	844.0	1253.0	51.0	20.0	1206.0	35.0	17.0	434.0	826.0	34.0	49.0	21.0	20.0	1.0
4	5	9	-3.762752053999416	0.9999159465554773	1.030264817150063	25615.0	418.0	1244.0	7.0	7.0	1284.0	31.0	9.0	848.0	431.0	15.0	71.0	6.0	13.0	1.0
4	9	5	-131.85310322556248	1.0	0.49276236429433057	25615.0	1244.0	418.0	7.0	7.0	1284.0	848.0	71.0	31.0	431.0	6.0	9.0	15.0	13.0	1.0
5	4	9	3.8732857740679427	5.3709385906763885e-05	0.9722543352601156	25615.0	418.0	1284.0	31.0	9.0	1244.0	7.0	7.0	848.0	431.0	15.0	71.0	13.0	6.0	1.0
4	6	7	-1.4698723062901733	0.9292017912992319	1.0731707317073171	25156.0	906.0	1165.0	40.0	24.0	1340.0	55.0	24.0	275.0	905.0	27.0	40.0	17.0	26.0	0.0
4	7	6	-23.02799946521272	1.0	0.4835164835164835	25156.0	1165.0	906.0	40.0	24.0	1340.0	275.0	40.0	55.0	905.0	17.0	24.0	27.0	26.0	0.0
6	4	7	1.5700908726281397	0.05819699462612837	0.9400000000000001	25156.0	906.0	1340.0	55.0	24.0	1165.0	40.0	24.0	275.0	905.0	27.0	40.0	26.0	17.0	0.0
4	6	8	-0.766513048844307	0.7783145206824481	1.0242214532871972	25227.0	835.0	1168.0	37.0	24.0	1355.0	44.0	20.0	340.0	836.0	31.0	41.0	17.0	24.0	1.0
4	8	6	-33.179064828546444	1.0	0.4941569282136895	25227.0	1168.0	835.0	37.0	24.0	1355.0	340.0	41.0	44.0	836.0	17.0	20.0	31.0	24.0	1.0
6	4	8	0.7846400466210305	0.21633225854584204	0.9774193548387097	25227.0	835.0	1355.0	44.0	20.0	1168.0	37.0	24.0	340.0	836.0	31.0	41.0	24.0	17.0	1.0
4	6	9	-1.8341977565582956	0.9666877359356227	1.0152143845089903	25650.0	412.0	1209.0	12.0	8.0	1388.0	23.0	8.0	757.0	438.0	12.0	58.0	7.0	17.0	1.0
4	9	6	-124.22521169417564	1.0	0.49628127112914133	25650.0	1209.0	412.0	12.0	8.0	1388.0	757.0	58.0	23.0	438.0	7.0	8.0	12.0	17.0	1.0
6	4	9	1.8616857338364174	0.031323638408498944	0.9854497354497355	25650.0	412.0	1388.0	23.0	8.0	1209.0	12.0	8.0	757.0	438.0	12.0	58.0	17.0	7.0	1.0
4	7	8	-0.3299195581754248	0.6292695593621496	1.0422535211267605	25479.0	842.0	916.0	38.0	16.0	1591.0	41.0	23.0	115.0	842.0	20.0	30.0	14.0	32.0	1.0
4	8	7	-8.46793532650258	1.0	0.49006622516556286	25479.0	916.0	842.0	38.0	16.0	1591.0	115.0	30.0	41.0	842.0	14.0	23.0	20.0	32.0	1.0
7	4	8	0.3432946753987528	0.3656884594850861	0.9625	25479.0	842.0	1591.0	41.0	23.0	916.0	38.0	16.0	115.0	842.0	20.0	30.0	32.0	14.0	1.0
4	7	9	-1.6859813295299697	0.9541003278636286	1.0200400801603207	25912.0	409.0	947.0	12.0	11.0	1623.0	22.0	10.0	531.0	438.0	8.0	49.0	8.0	19.0	1.0
4	9	7	-87.50243100260512	1.0	0.49513618677042803	25912.0	947.0	409.0	12.0	11.0	1623.0	531.0	49.0	22.0	438.0	8.0	10.0	8.0	19.0	1.0
7	4	9	1.7191047348252542	0.04279761700821538	0.9810964083175804	25912.0	409.0	1623.0	22.0	10.0	947.0	12.0	11.0	531.0	438.0	8.0	49.0	19.0	8.0	1.0
4	8	9	-1.1680891229256092	0.8786145312433311	1.0165876777251184	25987.0	408.0	872.0	14.0	10.0	1705.0	21.0	10.0	450.0	442.0	5.0	48.0	5.0	23.0	0.0
4	9	8	-72.75526537079506	1.0	0.49595375722543356	25987.0	872.0	408.0	14.0	10.0	1705.0	450.0	48.0	21.0	442.0	5.0	10.0	5.0	23.0	0.0
8	4	9	1.1871488522041158	0.11758451898013589	0.9841986455981941	25987.0	408.0	1705.0	21.0	10.0	872.0	14.0	10.0	450.0	442.0	5.0	48.0	23.0	5.0	0.0
5	6	7	0.3911869828637783	0.3478295674929148	0.984251968503937	25229.0	914.0	1137.0	55.0	22.0	1267.0	51.0	20.0	301.0	895.0	27.0	42.0	17.0	21.0	2.0
5	7	6	-24.05799944612239	1.0	0.5040322580645161	25229.0	1137.0	914.0	55.0	22.0	1267.0	301.0	42.0	51.0	895.0	17.0	20.0	27.0	21.0	2.0
6	5	7	-0.38492799113795784	0.6498545614360696	1.0165289256198347	25229.0	914.0	1267.0	51.0	20.0	1137.0	55.0	22.0	301.0	895.0	27.0	42.0	21.0	17.0	2.0
5	6	8	0.8607936652776418	0.1946758042111132	0.975975975975976	25300.0	843.0	1142.0	48.0	24.0	1282.0	40.0	16.0	365.0	826.0	32.0	42.0	16.0	23.0	1.0
5	8	6	-34.10894898662653	1.0	0.5062305295950157	25300.0	1142.0	843.0	48.0	24.0	1282.0	365.0	42.0	40.0	826.0	16.0	16.0	32.0	23.0	1.0
6	5	8	-0.8396048981323461	0.7994350737114445	1.0258899676375404	25300.0	843.0	1282.0	40.0	16.0	1142.0	48.0	24.0	365.0	826.0	32.0	42.0	23.0	16.0	1.0
5	6	9	2.164063248606219	0.015229693816065426	0.9820742637644047	25722.0	421.0	1177.0	28.0	9.0	1316.0	14.0	8.0	781.0	430.0	12.0	66.0	7.0	9.0	0.0
5	9	6	-116.39568758574856	1.0	0.5046052631578948	25722.0	1177.0	421.0	28.0	9.0	1316.0	781.0	66.0	14.0	430.0	7.0	8.0	12.0	9.0	0.0
6	5	9	-2.1245627460240972	0.983188501961593	1.0189445196211095	25722.0	421.0	1316.0	14.0	8.0	1177.0	28.0	9.0	781.0	430.0	12.0	66.0	9.0	7.0	0.0
5	7	8	1.6589197323347813	0.04856596593923079	0.8295454545454546	25519.0	847.0	923.0	53.0	15.0	1551.0	38.0	21.0	111.0	830.0	22.0	27.0	14.0	29.0	0.0
5	8	7	-6.4144896316944875	0.9999999999290216	0.5572519083969465	25519.0	923.0	847.0	53.0	15.0	1551.0	111.0	27.0	38.0	830.0	14.0	21.0	22.0	29.0	0.0
7	5	8	-1.3180458147317442	0.9062557776475535	1.3488372093023255	25519.0	847.0	1551.0	38.0	21.0	923.0	53.0	15.0	111.0	830.0	22.0	27.0	29.0	14.0	0.0
5	7	9	2.5977324549750462	0.004692112516532898	0.9678030303030303	25949.0	417.0	950.0	30.0	11.0	1586.0	13.0	11.0	524.0	430.0	9.0	53.0	8.0	9.0	0.0
5	9	7	-75.48704898574556	1.0	0.508457711442786	25949.0	950.0	417.0	30.0	11.0	1586.0	524.0	53.0	13.0	430.0	8.0	11.0	9.0	9.0	0.0
7	5	9	-2.511310827314428	0.9939857961483132	1.0356394129979036	25949.0	417.0	1586.0	13.0	11.0	950.0	30.0	11.0	524.0	430.0	9.0	53.0	9.0	8.0	0.0
5	8	9	2.967078177494786	0.0015032914284931476	0.9576837416481069	26023.0	419.0	876.0	30.0	9.0	1669.0	11.0	9.0	441.0	435.0	6.0	53.0	5.0	14.0	0.0
5	9	8	-64.18258583949249	1.0	0.511296076099881	26023.0	876.0	419.0	30.0	9.0	1669.0	441.0	53.0	11.0	435.0	5.0	9.0	6.0	14.0	0.0
8	5	9	-2.8359747231403656	0.9977156336488026	1.0484693877551021	26023.0	419.0	1669.0	11.0	9.0	876.0	30.0	9.0	441.0	435.0	6.0	53.0	14.0	5.0	0.0
6	7	8	0.5875020298678643	0.27843325047425016	0.9295774647887324	25653.0	843.0	929.0	41.0	15.0	1417.0	36.0	27.0	102.0	847.0	22.0	30.0	14.0	24.0	0.0
6	8	7	-7.16752476438795	0.9999999999996154	0.5196850393700788	25653.0	929.0	843.0	41.0	15.0	1417.0	102.0	30.0	36.0	847.0	14.0	27.0	22.0	24.0	0.0
7	6	8	-0.54299430033242	0.7064331602647049	1.0892857142857142	25653.0	843.0	1417.0	36.0	27.0	929.0	41.0	15.0	102.0	847.0	22.0	30.0	24.0	14.0	0.0
6	7	9	0.17397673167933334	0.43094187816545104	0.998015873015873	26081.0	415.0	957.0	17.0	11.0	1454.0	16.0	10.0	519.0	443.0	9.0	51.0	8.0	9.0	0.0
6	9	7	-87.33631930302542	1.0	0.5004975124378109	26081.0	957.0	415.0	17.0	11.0	1454.0	519.0	51.0	16.0	443.0	8.0	10.0	9.0	9.0	0.0
7	6	9	-0.17363085348513982	0.5689222051508164	1.001996007984032	26081.0	415.0	1454.0	16.0	10.0	957.0	17.0	11.0	519.0	443.0	9.0	51.0	9.0	8.0	0.0
6	8	9	0.5229275334421877	0.30051232811899886	0.9930715935334873	26167.0	415.0	871.0	18.0	10.0	1525.0	15.0	9.0	445.0	447.0	5.0	54.0	5.0	14.0	0.0
6	9	8	-74.43001892660467	1.0	0.501750291715286	26167.0	871.0	415.0	18.0	10.0	1525.0	445.0	54.0	15.0	447.0	5.0	9.0	5.0	14.0	0.0
8	6	9	-0.5192792018135212	0.698216984286159	1.0070754716981132	26167.0	415.0	1525.0	15.0	9.0	871.0	18.0	10.0	445.0	447.0	5.0	54.0	14.0	5.0	0.0
7	8	9	0.539413845017469	0.2948006430968815	0.9932735426008968	26656.0	414.0	879.0	17.0	10.0	1036.0	14.0	11.0	457.0	450.0	5.0	34.0	5.0	12.0	0.0
7	9	8	-79.11403060256218	1.0	0.5016987542468856	26656.0	879.0	414.0	17.0	10.0	1036.0	457.0	34.0	14.0	450.0	5.0	11.0	5.0	12.0	0.0
8	7	9	-0.5357609295884569	0.703938126184744	1.0068649885583525	26656.0	414.0	1036.0	14.0	11.0	879.0	17.0	10.0	457.0	450.0	5.0	34.0	12.0	5.0	0.0
