P1	Hybrid	P2	Zscore	Pvalue	Gamma	AAAA	AAAB	AABA	AABB	AABC	ABAA	ABAB	ABAC	ABBA	BAAA	ABBC	CABC	BACA	BCAA	ABCD
1	2	3	-0.44180341380549654	0.6706842363394856	1.0158013544018059	72114.0	4950.0	6054.0	487.0	234.0	7679.0	501.0	281.0	1401.0	5108.0	232.0	423.0	226.0	291.0	19.0
1	3	2	-28.843451444158763	1.0	0.4961411245865491	72114.0	6054.0	4950.0	487.0	234.0	7679.0	1401.0	423.0	501.0	5108.0	226.0	281.0	232.0	291.0	19.0
2	1	3	0.44867591135358204	0.3268327581520716	0.9849137931034483	72114.0	4950.0	7679.0	501.0	281.0	6054.0	487.0	234.0	1401.0	5108.0	232.0	423.0	291.0	226.0	19.0
1	2	4	-0.03643105279654257	0.514530732226772	1.0004683840749415	73135.0	3929.0	6207.0	376.0	192.0	7841.0	377.0	243.0	2513.0	3993.0	235.0	501.0	195.0	238.0	25.0
1	4	2	-77.85315982621127	1.0	0.49988298619237065	73135.0	6207.0	3929.0	376.0	192.0	7841.0	2513.0	501.0	377.0	3993.0	195.0	243.0	235.0	238.0	25.0
2	1	4	0.036448108532870546	0.48546246802089754	0.999532273152479	73135.0	3929.0	7841.0	377.0	243.0	6207.0	376.0	192.0	2513.0	3993.0	235.0	501.0	238.0	195.0	25.0
1	2	5	0.0	0.49999999949999996	nan	73183.0	3881.0	6212.0	378.0	185.0	7860.0	378.0	223.0	2488.0	4041.0	212.0	521.0	192.0	225.0	21.0
1	5	2	-76.73488317572784	1.0	0.5	73183.0	6212.0	3881.0	378.0	185.0	7860.0	2488.0	521.0	378.0	4041.0	192.0	223.0	212.0	225.0	21.0
2	1	5	0.0	0.49999999949999996	nan	73183.0	3881.0	7860.0	378.0	223.0	6212.0	378.0	185.0	2488.0	4041.0	212.0	521.0	225.0	192.0	21.0
1	2	6	-0.2938970834095594	0.6155816589989773	1.003780718336484	73159.0	3905.0	6210.0	365.0	200.0	7842.0	373.0	246.0	2497.0	4020.0	224.0	511.0	192.0	237.0	19.0
1	6	2	-78.32357272864739	1.0	0.49906015037593987	73159.0	6210.0	3905.0	365.0	200.0	7842.0	2497.0	511.0	373.0	4020.0	192.0	246.0	224.0	237.0	19.0
2	1	6	0.2950040404092188	0.3839954643212449	0.9962616822429906	73159.0	3905.0	7842.0	373.0	246.0	6210.0	365.0	200.0	2497.0	4020.0	224.0	511.0	237.0	192.0	19.0
1	2	7	-0.1834506321721019	0.5727777626794106	1.0023310023310024	73140.0	3924.0	6209.0	368.0	198.0	7862.0	373.0	226.0	2523.0	3985.0	233.0	519.0	192.0	228.0	20.0
1	7	2	-79.06722246617568	1.0	0.4994192799070848	73140.0	6209.0	3924.0	368.0	198.0	7862.0	2523.0	519.0	373.0	3985.0	192.0	226.0	233.0	228.0	20.0
2	1	7	0.1838772615492463	0.4270548837432312	0.9976851851851852	73140.0	3924.0	7862.0	373.0	226.0	6209.0	368.0	198.0	2523.0	3985.0	233.0	519.0	228.0	192.0	20.0
1	2	8	0.4393404629328542	0.33020746058782735	0.9944029850746269	73074.0	3990.0	6216.0	381.0	178.0	7875.0	369.0	217.0	2501.0	4007.0	233.0	520.0	192.0	227.0	20.0
1	8	2	-77.61681511813764	1.0	0.5014111006585136	73074.0	6216.0	3990.0	381.0	178.0	7875.0	2501.0	520.0	369.0	4007.0	192.0	217.0	233.0	227.0	20.0
2	1	8	-0.4368676273065905	0.6688962925613606	1.0056925996204933	73074.0	3990.0	7875.0	369.0	217.0	6216.0	381.0	178.0	2501.0	4007.0	233.0	520.0	227.0	192.0	20.0
1	2	9	-0.44534140270499883	0.6719634463247599	1.005316792202038	73191.0	3873.0	6216.0	355.0	204.0	7888.0	367.0	206.0	2636.0	3886.0	219.0	532.0	178.0	231.0	18.0
1	9	2	-84.65197829750859	1.0	0.49868131868131865	73191.0	6216.0	3873.0	355.0	204.0	7888.0	2636.0	532.0	367.0	3886.0	178.0	206.0	219.0	231.0	18.0
2	1	9	0.447696667946277	0.32718608998179777	0.9947666812036633	73191.0	3873.0	7888.0	367.0	206.0	6216.0	355.0	204.0	2636.0	3886.0	219.0	532.0	231.0	178.0	18.0
1	3	4	0.950964776720698	0.17081111893955203	0.9794303797468354	74208.0	3960.0	5134.0	394.0	143.0	8846.0	368.0	289.0	1606.0	4043.0	186.0	403.0	154.0	251.0	15.0
1	4	3	-44.32958882251864	1.0	0.5053061224489797	74208.0	5134.0	3960.0	394.0	143.0	8846.0	1606.0	403.0	368.0	4043.0	154.0	289.0	186.0	251.0	15.0
3	1	4	-0.930992980117517	0.8240714196123238	1.0219224283305228	74208.0	3960.0	8846.0	368.0	289.0	5134.0	394.0	143.0	1606.0	4043.0	186.0	403.0	251.0	154.0	15.0
1	3	5	0.2966265280267341	0.38337589566245533	0.9934047815333883	74229.0	3939.0	5166.0	370.0	135.0	8897.0	362.0	244.0	1567.0	4096.0	172.0	405.0	153.0	244.0	21.0
1	5	3	-44.38274425599997	1.0	0.5016652789342215	74229.0	5166.0	3939.0	370.0	135.0	8897.0	1567.0	405.0	362.0	4096.0	153.0	244.0	172.0	244.0	21.0
3	1	5	-0.2946572232763492	0.6158720603774803	1.0067283431455005	74229.0	3939.0	8897.0	362.0	244.0	5166.0	370.0	135.0	1567.0	4096.0	172.0	405.0	244.0	153.0	21.0
1	3	6	0.5557376873579714	0.28919506474273016	0.9878640776699029	74217.0	3951.0	5152.0	376.0	143.0	8869.0	361.0	273.0	1582.0	4072.0	181.0	399.0	152.0	251.0	21.0
1	6	3	-44.68131006358092	1.0	0.5030902348578491	74217.0	5152.0	3951.0	376.0	143.0	8869.0	1582.0	399.0	361.0	4072.0	152.0	273.0	181.0	251.0	21.0
3	1	6	-0.5489104430415345	0.7084665709344372	1.012594458438287	74217.0	3951.0	8869.0	361.0	273.0	5152.0	376.0	143.0	1582.0	4072.0	181.0	399.0	251.0	152.0	21.0
1	3	7	1.820505533270886	0.034340971266552556	0.9629915188897455	74197.0	3971.0	5152.0	383.0	136.0	8907.0	335.0	261.0	1584.0	4065.0	186.0	413.0	150.0	247.0	13.0
1	7	3	-45.55056553038197	1.0	0.5097959183673468	74197.0	5152.0	3971.0	383.0	136.0	8907.0	1584.0	413.0	335.0	4065.0	150.0	261.0	186.0	247.0	13.0
3	1	7	-1.7505421500867364	0.9599876382167168	1.0416305290546402	74197.0	3971.0	8907.0	335.0	261.0	5152.0	383.0	136.0	1584.0	4065.0	186.0	413.0	247.0	150.0	13.0
1	3	8	1.4626704206286298	0.07177883182043865	0.969047619047619	74147.0	4021.0	5143.0	385.0	143.0	8915.0	346.0	242.0	1567.0	4077.0	191.0	414.0	145.0	250.0	14.0
1	8	3	-44.33016505597538	1.0	0.5081148564294632	74147.0	5143.0	4021.0	385.0	143.0	8915.0	1567.0	414.0	346.0	4077.0	145.0	242.0	191.0	250.0	14.0
3	1	8	-1.415951218004128	0.921605054999362	1.0341207349081365	74147.0	4021.0	8915.0	346.0	242.0	5143.0	385.0	143.0	1567.0	4077.0	191.0	414.0	250.0	145.0	14.0
1	3	9	0.5906301758757844	0.27738407623434047	0.9883805374001452	74274.0	3894.0	5133.0	379.0	159.0	8905.0	363.0	235.0	1724.0	3927.0	184.0	427.0	141.0	236.0	19.0
1	9	3	-49.6498491595581	1.0	0.5029563932002956	74274.0	5133.0	3894.0	379.0	159.0	8905.0	1724.0	427.0	363.0	3927.0	141.0	235.0	184.0	236.0	19.0
3	1	9	-0.5836866910748936	0.7202844803083339	1.0120391271632807	74274.0	3894.0	8905.0	363.0	235.0	5133.0	379.0	159.0	1724.0	3927.0	184.0	427.0	236.0	141.0	19.0
1	4	5	-99999.9	1.0	-0.03622250970245796	76136.0	3206.0	3259.0	1123.0	115.0	10316.0	322.0	217.0	294.0	4183.0	88.0	259.0	106.0	364.0	12.0
1	5	4	1.1451457450696958	0.12607444991089645	0.03267211201866978	76136.0	3259.0	3206.0	1123.0	115.0	10316.0	294.0	259.0	322.0	4183.0	106.0	217.0	88.0	364.0	12.0
4	1	5	-32.75934792145805	1.0	0.5085889570552148	76136.0	3206.0	10316.0	322.0	217.0	3259.0	1123.0	115.0	294.0	4183.0	88.0	259.0	364.0	106.0	12.0
1	4	6	-99999.9	1.0	-0.016229712858926344	76115.0	3227.0	3254.0	1122.0	121.0	10294.0	308.0	253.0	295.0	4175.0	95.0	261.0	102.0	367.0	11.0
1	6	4	0.5333183050957913	0.29690661035183186	0.015476190476190475	76115.0	3254.0	3227.0	1122.0	121.0	10294.0	295.0	261.0	308.0	4175.0	102.0	253.0	95.0	367.0	11.0
4	1	6	-33.39393079599803	1.0	0.5039609993906154	76115.0	3227.0	10294.0	308.0	253.0	3254.0	1122.0	121.0	295.0	4175.0	95.0	261.0	367.0	102.0	11.0
1	4	7	0.49826566518524723	0.30914840187748305	0.014336917562724013	76081.0	3261.0	3268.0	1113.0	116.0	10343.0	288.0	224.0	300.0	4151.0	114.0	261.0	111.0	359.0	10.0
1	7	4	-99999.9	1.0	-0.0149812734082397	76081.0	3268.0	3261.0	1113.0	116.0	10343.0	300.0	261.0	288.0	4151.0	111.0	224.0	114.0	359.0	10.0
4	1	7	-33.75749881630053	1.0	0.49633699633699635	76081.0	3261.0	10343.0	288.0	224.0	3268.0	1113.0	116.0	300.0	4151.0	114.0	261.0	359.0	111.0	10.0
1	4	8	-99999.9	1.0	-0.004914004914004914	76030.0	3312.0	3260.0	1118.0	119.0	10341.0	300.0	214.0	296.0	4158.0	111.0	259.0	110.0	362.0	10.0
1	8	4	0.16422539124901153	0.4347768518968027	0.004842615012106538	76030.0	3260.0	3312.0	1118.0	119.0	10341.0	296.0	259.0	300.0	4158.0	110.0	214.0	111.0	362.0	10.0
4	1	8	-33.58409251042275	1.0	0.501219512195122	76030.0	3312.0	10341.0	300.0	214.0	3260.0	1118.0	119.0	296.0	4158.0	111.0	259.0	362.0	110.0	10.0
1	4	9	0.6183860823537404	0.268160380824115	0.8933333333333333	75421.0	3921.0	3986.0	380.0	131.0	10222.0	364.0	269.0	498.0	3946.0	121.0	336.0	121.0	273.0	11.0
1	9	4	-4.560597357358834	0.9999974470601503	0.5317460317460317	75421.0	3986.0	3921.0	380.0	131.0	10222.0	498.0	336.0	364.0	3946.0	121.0	269.0	121.0	273.0	11.0
4	1	9	-0.5445489381920997	0.7069681336134339	1.1568627450980393	75421.0	3921.0	10222.0	364.0	269.0	3986.0	380.0	131.0	498.0	3946.0	121.0	336.0	273.0	121.0	11.0
1	5	6	1.301529036343457	0.09653878387892856	0.005347593582887701	78414.0	981.0	955.0	3435.0	54.0	10696.0	87.0	86.0	105.0	4474.0	32.0	49.0	24.0	604.0	4.0
1	6	5	-99999.9	1.0	-0.005434782608695652	78414.0	955.0	981.0	3435.0	54.0	10696.0	105.0	49.0	87.0	4474.0	24.0	86.0	32.0	604.0	4.0
5	1	6	-240.78287172353973	1.0	0.49865229110512127	78414.0	981.0	10696.0	87.0	86.0	955.0	3435.0	54.0	105.0	4474.0	32.0	49.0	604.0	24.0	4.0
1	5	7	2.1406658626384254	0.016150439246685133	0.027315914489311168	76840.0	2555.0	2509.0	1851.0	84.0	10491.0	213.0	165.0	259.0	4265.0	87.0	154.0	72.0	440.0	15.0
1	7	5	-99999.9	1.0	-0.029754204398447608	76840.0	2509.0	2555.0	1851.0	84.0	10491.0	259.0	154.0	213.0	4265.0	72.0	165.0	87.0	440.0	15.0
5	1	7	-74.08565333305164	1.0	0.49287925696594426	76840.0	2555.0	10491.0	213.0	165.0	2509.0	1851.0	84.0	259.0	4265.0	87.0	154.0	440.0	72.0	15.0
1	5	8	1.1974799639181144	0.11555983073616549	0.015691007845503924	76799.0	2596.0	2491.0	1857.0	96.0	10489.0	226.0	154.0	252.0	4272.0	87.0	155.0	70.0	444.0	12.0
1	8	5	-99999.9	1.0	-0.016466117796073466	76799.0	2491.0	2596.0	1857.0	96.0	10489.0	252.0	155.0	226.0	4272.0	70.0	154.0	87.0	444.0	12.0
5	1	8	-73.92135931109891	1.0	0.495982694684796	76799.0	2596.0	10489.0	226.0	154.0	2491.0	1857.0	96.0	252.0	4272.0	87.0	155.0	444.0	70.0	12.0
1	5	9	0.9459880766175183	0.1720773224733423	0.8723404255319149	75462.0	3933.0	3945.0	376.0	123.0	10243.0	352.0	274.0	516.0	3976.0	119.0	297.0	103.0	269.0	12.0
1	9	5	-5.518263780268858	0.9999999828388867	0.5394736842105263	75462.0	3945.0	3933.0	376.0	123.0	10243.0	516.0	297.0	352.0	3976.0	103.0	274.0	119.0	269.0	12.0
5	1	9	-0.8075507971125154	0.790325447774678	1.206896551724138	75462.0	3933.0	10243.0	352.0	274.0	3945.0	376.0	123.0	516.0	3976.0	119.0	297.0	269.0	103.0	12.0
1	6	7	1.4036197513431015	0.08021610900702436	0.01805054151624549	76814.0	2555.0	2535.0	1849.0	86.0	10473.0	217.0	160.0	247.0	4252.0	86.0	184.0	81.0	445.0	16.0
1	7	6	-99999.9	1.0	-0.019083969465648856	76814.0	2535.0	2555.0	1849.0	86.0	10473.0	247.0	184.0	217.0	4252.0	81.0	160.0	86.0	445.0	16.0
6	1	7	-74.95329472172166	1.0	0.4953617810760668	76814.0	2555.0	10473.0	217.0	160.0	2535.0	1849.0	86.0	247.0	4252.0	86.0	184.0	445.0	81.0	16.0
1	6	8	0.45869227136309865	0.3232276032431991	0.006138735420503375	76761.0	2608.0	2529.0	1853.0	88.0	10466.0	234.0	150.0	244.0	4255.0	86.0	186.0	79.0	448.0	13.0
1	8	6	-99999.9	1.0	-0.006253908692933083	76761.0	2529.0	2608.0	1853.0	88.0	10466.0	244.0	186.0	234.0	4255.0	79.0	150.0	86.0	448.0	13.0
6	1	8	-73.80358646232268	1.0	0.49845105328376704	76761.0	2608.0	10466.0	234.0	150.0	2529.0	1853.0	88.0	244.0	4255.0	86.0	186.0	448.0	79.0	13.0
1	6	9	0.14921132783576463	0.44069342293067204	0.9733333333333334	75430.0	3939.0	3977.0	371.0	122.0	10214.0	367.0	269.0	513.0	3953.0	119.0	329.0	111.0	275.0	11.0
1	9	6	-5.297002138169628	0.9999999410179345	0.5069444444444444	75430.0	3977.0	3939.0	371.0	122.0	10214.0	513.0	329.0	367.0	3953.0	111.0	269.0	119.0	275.0	11.0
6	1	9	-0.1451233462512231	0.557693278663137	1.0289855072463767	75430.0	3939.0	10214.0	367.0	269.0	3977.0	371.0	122.0	513.0	3953.0	119.0	329.0	275.0	111.0	11.0
1	7	8	-99999.9	1.0	-0.006035578144853875	78134.0	1215.0	1156.0	3285.0	49.0	10711.0	118.0	75.0	99.0	4414.0	37.0	86.0	36.0	581.0	4.0
1	8	7	1.292669660145678	0.09806273593358217	0.00592823712948518	78134.0	1156.0	1215.0	3285.0	49.0	10711.0	99.0	86.0	118.0	4414.0	36.0	75.0	37.0	581.0	4.0
7	1	8	-215.4676217727033	1.0	0.5014953565244766	78134.0	1215.0	10711.0	118.0	75.0	1156.0	3285.0	49.0	99.0	4414.0	37.0	86.0	581.0	36.0	4.0
1	7	9	1.3587530325495314	0.08711249222161943	0.7806451612903226	75442.0	3907.0	3965.0	399.0	126.0	10269.0	365.0	270.0	486.0	3937.0	127.0	301.0	129.0	266.0	11.0
1	9	7	-3.476809230347331	0.9997462446432135	0.5817307692307693	75442.0	3965.0	3907.0	399.0	126.0	10269.0	486.0	301.0	365.0	3937.0	129.0	270.0	127.0	266.0	11.0
7	1	9	-0.9769546597670183	0.8357041993922605	1.6415094339622642	75442.0	3907.0	10269.0	365.0	270.0	3965.0	399.0	126.0	486.0	3937.0	127.0	301.0	266.0	129.0	11.0
1	8	9	1.7922840282604053	0.03654368934994756	0.7659574468085105	75380.0	3910.0	4027.0	390.0	132.0	10281.0	346.0	269.0	490.0	3954.0	124.0	285.0	131.0	271.0	10.0
1	9	8	-4.073372791500919	0.9999768193273684	0.5901639344262295	75380.0	4027.0	3910.0	390.0	132.0	10281.0	490.0	285.0	346.0	3954.0	131.0	269.0	124.0	271.0	10.0
8	1	9	-1.244641686291948	0.8933681866742644	1.7857142857142856	75380.0	3910.0	10281.0	346.0	269.0	4027.0	390.0	132.0	490.0	3954.0	124.0	285.0	271.0	131.0	10.0
2	3	4	0.8017696942559235	0.21134303650438946	0.9830781627719581	75747.0	4046.0	5229.0	359.0	144.0	7307.0	338.0	233.0	1558.0	4130.0	198.0	356.0	139.0	199.0	17.0
2	4	3	-45.77723159108827	1.0	0.5043406366267053	75747.0	5229.0	4046.0	359.0	144.0	7307.0	1558.0	356.0	338.0	4130.0	139.0	233.0	198.0	199.0	17.0
3	2	4	-0.787968740502338	0.7846425670998329	1.0178268251273344	75747.0	4046.0	7307.0	338.0	233.0	5229.0	359.0	144.0	1558.0	4130.0	198.0	356.0	199.0	139.0	17.0
2	3	5	0.19031173726826203	0.4245324456687235	0.9958333333333333	75804.0	3989.0	5239.0	349.0	144.0	7322.0	344.0	212.0	1539.0	4162.0	185.0	360.0	138.0	199.0	14.0
2	5	3	-45.29419346984624	1.0	0.5010482180293501	75804.0	5239.0	3989.0	349.0	144.0	7322.0	1539.0	360.0	344.0	4162.0	138.0	212.0	185.0	199.0	14.0
3	2	5	-0.18951545384872953	0.5751555612559379	1.0042194092827004	75804.0	3989.0	7322.0	344.0	212.0	5239.0	349.0	144.0	1539.0	4162.0	185.0	360.0	199.0	138.0	14.0
2	3	6	0.8433280147691693	0.19952246092307435	0.9821428571428571	75767.0	4026.0	5234.0	357.0	141.0	7319.0	335.0	224.0	1545.0	4144.0	197.0	354.0	143.0	198.0	16.0
2	6	3	-45.5397127975351	1.0	0.5045871559633027	75767.0	5234.0	4026.0	357.0	141.0	7319.0	1545.0	354.0	335.0	4144.0	143.0	224.0	197.0	198.0	16.0
3	2	6	-0.8279947781370026	0.7961633244501161	1.0188679245283019	75767.0	4026.0	7319.0	335.0	224.0	5234.0	357.0	141.0	1545.0	4144.0	197.0	354.0	198.0	143.0	16.0
2	3	7	1.6712445510521654	0.047336670375008216	0.9671361502347418	75762.0	4031.0	5240.0	346.0	146.0	7342.0	304.0	232.0	1540.0	4150.0	196.0	369.0	127.0	199.0	16.0
2	7	3	-47.511095094197316	1.0	0.508641975308642	75762.0	5240.0	4031.0	346.0	146.0	7342.0	1540.0	369.0	304.0	4150.0	127.0	232.0	196.0	199.0	16.0
3	2	7	-1.6144546876668975	0.9467855858926717	1.0364583333333333	75762.0	4031.0	7342.0	304.0	232.0	5240.0	346.0	146.0	1540.0	4150.0	196.0	369.0	199.0	127.0	16.0
2	3	8	1.0083822129886109	0.15663551741763604	0.9787408013082584	75715.0	4078.0	5234.0	352.0	146.0	7347.0	326.0	205.0	1523.0	4161.0	202.0	367.0	128.0	199.0	17.0
2	8	3	-45.415983515756224	1.0	0.5054898648648649	75715.0	5234.0	4078.0	352.0	146.0	7347.0	1523.0	367.0	326.0	4161.0	128.0	205.0	202.0	199.0	17.0
3	2	8	-0.9864791741099942	0.8380509804121659	1.022707423580786	75715.0	4078.0	7347.0	326.0	205.0	5234.0	352.0	146.0	1523.0	4161.0	202.0	367.0	199.0	128.0	17.0
2	3	9	0.7838135629956231	0.2165746939012656	0.9854439592430859	75842.0	3951.0	5237.0	340.0	155.0	7337.0	320.0	221.0	1674.0	4014.0	198.0	373.0	138.0	188.0	12.0
2	9	3	-52.28036465180803	1.0	0.503720238095238	75842.0	5237.0	3951.0	340.0	155.0	7337.0	1674.0	373.0	320.0	4014.0	138.0	221.0	198.0	188.0	12.0
3	2	9	-0.7722358146500452	0.7800126786824243	1.0152207001522071	75842.0	3951.0	7337.0	320.0	221.0	5237.0	340.0	155.0	1674.0	4014.0	198.0	373.0	188.0	138.0	12.0
2	4	5	-99999.9	1.0	-0.0048721071863581	77706.0	3270.0	3337.0	1100.0	112.0	8746.0	275.0	200.0	271.0	4254.0	82.0	204.0	115.0	316.0	12.0
2	5	4	0.17157488990155456	0.43188587653458366	0.004801920768307323	77706.0	3337.0	3270.0	1100.0	112.0	8746.0	271.0	204.0	275.0	4254.0	115.0	200.0	82.0	316.0	12.0
4	2	5	-35.38732104219592	1.0	0.5012091898428054	77706.0	3270.0	8746.0	275.0	200.0	3337.0	1100.0	112.0	271.0	4254.0	82.0	204.0	316.0	115.0	12.0
2	4	6	-99999.9	1.0	-0.0024067388688327317	77664.0	3312.0	3337.0	1100.0	112.0	8745.0	267.0	209.0	265.0	4246.0	96.0	208.0	109.0	318.0	12.0
2	6	4	0.08680583918843632	0.4654128588686177	0.0023894862604540022	77664.0	3337.0	3312.0	1100.0	112.0	8745.0	265.0	208.0	267.0	4246.0	109.0	209.0	96.0	318.0	12.0
4	2	6	-36.15463202198362	1.0	0.500599520383693	77664.0	3312.0	8745.0	267.0	209.0	3337.0	1100.0	112.0	265.0	4246.0	96.0	208.0	318.0	109.0	12.0
2	4	7	1.402276886701788	0.08041634393500197	0.03673938002296211	77668.0	3308.0	3334.0	1092.0	123.0	8756.0	253.0	212.0	285.0	4215.0	107.0	210.0	113.0	316.0	8.0
2	7	4	-99999.9	1.0	-0.04129032258064516	77668.0	3334.0	3308.0	1092.0	123.0	8756.0	285.0	210.0	253.0	4215.0	113.0	212.0	107.0	316.0	8.0
4	2	7	-35.36367023651072	1.0	0.4902794653705954	77668.0	3308.0	8756.0	253.0	212.0	3334.0	1092.0	123.0	285.0	4215.0	107.0	210.0	316.0	113.0	8.0
2	4	8	0.04273997578262056	0.4829543425808318	0.0	77619.0	3357.0	3330.0	1093.0	126.0	8752.0	274.0	195.0	274.0	4228.0	105.0	211.0	113.0	317.0	6.0
2	8	4	0.04273997578262056	0.4829543425808318	0.0	77619.0	3330.0	3357.0	1093.0	126.0	8752.0	274.0	211.0	274.0	4228.0	113.0	195.0	105.0	317.0	6.0
4	2	8	-34.982754371951266	1.0	0.5	77619.0	3357.0	8752.0	274.0	195.0	3330.0	1093.0	126.0	274.0	4228.0	105.0	211.0	317.0	113.0	6.0
2	4	9	1.07763518860162	0.1405983336250689	0.8424242424242424	77006.0	3970.0	4073.0	351.0	125.0	8637.0	325.0	259.0	464.0	4019.0	124.0	283.0	128.0	229.0	7.0
2	9	4	-4.683568319691654	0.9999985887778429	0.5515873015873015	77006.0	4073.0	3970.0	351.0	125.0	8637.0	464.0	283.0	325.0	4019.0	128.0	259.0	124.0	229.0	7.0
4	2	9	-0.8760631389351299	0.8095021827479558	1.2988505747126438	77006.0	3970.0	8637.0	325.0	259.0	4073.0	351.0	125.0	464.0	4019.0	124.0	283.0	229.0	128.0	7.0
2	5	6	1.0258762328649813	0.1524749831367358	0.0038359398052522867	80022.0	1021.0	979.0	3450.0	53.0	9088.0	74.0	59.0	87.0	4523.0	34.0	43.0	25.0	540.0	2.0
2	6	5	-99999.9	1.0	-0.0038805970149253734	80022.0	979.0	1021.0	3450.0	53.0	9088.0	87.0	43.0	74.0	4523.0	25.0	59.0	34.0	540.0	2.0
5	2	6	-265.3862900865334	1.0	0.4990354652025523	80022.0	1021.0	9088.0	74.0	59.0	979.0	3450.0	53.0	87.0	4523.0	34.0	43.0	540.0	25.0	2.0
2	5	7	1.9430310293304751	0.0260061361268783	0.023654642223536367	78461.0	2582.0	2541.0	1847.0	94.0	8870.0	196.0	155.0	236.0	4318.0	90.0	145.0	67.0	391.0	7.0
2	7	5	-99999.9	1.0	-0.025461489497135583	78461.0	2541.0	2582.0	1847.0	94.0	8870.0	236.0	145.0	196.0	4318.0	67.0	155.0	90.0	391.0	7.0
5	2	7	-78.25557470628482	1.0	0.4938687921520539	78461.0	2582.0	8870.0	196.0	155.0	2541.0	1847.0	94.0	236.0	4318.0	90.0	145.0	391.0	67.0	7.0
2	5	8	0.4748418258019323	0.3174498714058531	0.00608272506082725	78424.0	2619.0	2525.0	1852.0	105.0	8864.0	218.0	139.0	228.0	4330.0	86.0	145.0	67.0	391.0	7.0
2	8	5	-99999.9	1.0	-0.006195786864931847	78424.0	2525.0	2619.0	1852.0	105.0	8864.0	228.0	145.0	218.0	4330.0	67.0	139.0	86.0	391.0	7.0
5	2	8	-77.11431251023393	1.0	0.4984653161448742	78424.0	2619.0	8864.0	218.0	139.0	2525.0	1852.0	105.0	228.0	4330.0	86.0	145.0	391.0	67.0	7.0
2	5	9	1.0793792859893	0.1402093786499936	0.8547486033519553	77060.0	3983.0	4019.0	346.0	117.0	8645.0	320.0	256.0	473.0	4046.0	125.0	266.0	106.0	229.0	9.0
2	9	5	-5.272352666178509	0.9999999325199644	0.5464285714285715	77060.0	4019.0	3983.0	346.0	117.0	8645.0	473.0	266.0	320.0	4046.0	106.0	256.0	125.0	229.0	9.0
5	2	9	-0.8959553550368701	0.8148617267522347	1.2574257425742574	77060.0	3983.0	8645.0	320.0	256.0	4019.0	346.0	117.0	473.0	4046.0	125.0	266.0	229.0	106.0	9.0
2	6	7	1.4680189454839734	0.07104957692487568	0.017835909631391197	78420.0	2581.0	2582.0	1849.0	93.0	8867.0	197.0	154.0	227.0	4305.0	90.0	157.0	79.0	392.0	7.0
2	7	6	-99999.9	1.0	-0.01884422110552764	78420.0	2582.0	2581.0	1849.0	93.0	8867.0	227.0	157.0	197.0	4305.0	79.0	154.0	90.0	392.0	7.0
6	2	7	-79.3708909858335	1.0	0.49541844838118515	78420.0	2581.0	8867.0	197.0	154.0	2582.0	1849.0	93.0	227.0	4305.0	90.0	157.0	392.0	79.0	7.0
2	6	8	-99999.9	1.0	-0.0012300123001230013	78368.0	2633.0	2581.0	1848.0	95.0	8859.0	220.0	139.0	218.0	4317.0	87.0	160.0	78.0	391.0	6.0
2	8	6	0.09561085668274026	0.46191476143211807	0.0012254901960784314	78368.0	2581.0	2633.0	1848.0	95.0	8859.0	218.0	160.0	220.0	4317.0	78.0	139.0	87.0	391.0	6.0
6	2	8	-77.82723733975038	1.0	0.5003069367710251	78368.0	2633.0	8859.0	220.0	139.0	2581.0	1848.0	95.0	218.0	4317.0	87.0	160.0	391.0	78.0	6.0
2	6	9	0.6064623752906999	0.27210382947639955	0.9032258064516129	77010.0	3991.0	4069.0	344.0	111.0	8634.0	329.0	255.0	469.0	4026.0	127.0	281.0	117.0	229.0	8.0
2	9	6	-5.053853127422501	0.9999997831469767	0.5283018867924528	77010.0	4069.0	3991.0	344.0	111.0	8634.0	469.0	281.0	329.0	4026.0	117.0	255.0	127.0	229.0	8.0
6	2	9	-0.5414842636524106	0.7059131022775741	1.1363636363636362	77010.0	3991.0	8634.0	329.0	255.0	4069.0	344.0	111.0	469.0	4026.0	127.0	281.0	229.0	117.0	8.0
2	7	8	-99999.9	1.0	-0.008860759493670886	79778.0	1224.0	1171.0	3305.0	47.0	9067.0	117.0	67.0	89.0	4458.0	34.0	81.0	40.0	517.0	5.0
2	8	7	1.9565276695932887	0.02520144414896941	0.008631319358816277	79778.0	1171.0	1224.0	3305.0	47.0	9067.0	89.0	81.0	117.0	4458.0	40.0	67.0	34.0	517.0	5.0
7	2	8	-222.76465038083563	1.0	0.5021861336664585	79778.0	1224.0	9067.0	117.0	67.0	1171.0	3305.0	47.0	89.0	4458.0	34.0	81.0	517.0	40.0	5.0
2	7	9	1.5326193001306958	0.06268486178357613	0.7583892617449663	77037.0	3965.0	4042.0	358.0	123.0	8674.0	322.0	255.0	435.0	4018.0	128.0	275.0	132.0	226.0	10.0
2	9	7	-3.2781023919462147	0.9994774028078572	0.5947368421052632	77037.0	4042.0	3965.0	358.0	123.0	8674.0	435.0	275.0	322.0	4018.0	132.0	255.0	128.0	226.0	10.0
7	2	9	-1.0443512045138374	0.8518385083273132	1.878048780487805	77037.0	3965.0	8674.0	322.0	255.0	4042.0	358.0	123.0	435.0	4018.0	128.0	275.0	226.0	132.0	10.0
2	8	9	2.0656457454538386	0.019430905095387252	0.7551020408163265	76986.0	3963.0	4093.0	353.0	130.0	8675.0	305.0	257.0	453.0	4035.0	127.0	256.0	132.0	227.0	8.0
2	9	8	-4.303428636362162	0.9999915851987915	0.5967741935483871	76986.0	4093.0	3963.0	353.0	130.0	8675.0	453.0	256.0	305.0	4035.0	132.0	257.0	127.0	227.0	8.0
8	2	9	-1.395706584766107	0.9185985092841149	1.923076923076923	76986.0	3963.0	8675.0	305.0	257.0	4093.0	353.0	130.0	453.0	4035.0	127.0	256.0	227.0	132.0	8.0
3	4	5	0.09063457708778332	0.46389141583318405	0.002403846153846154	79703.0	3351.0	3423.0	1073.0	121.0	6749.0	243.0	151.0	245.0	4358.0	85.0	144.0	109.0	239.0	6.0
3	5	4	-99999.9	1.0	-0.002421307506053269	79703.0	3423.0	3351.0	1073.0	121.0	6749.0	245.0	144.0	243.0	4358.0	109.0	151.0	85.0	239.0	6.0
4	3	5	-37.522714914342195	1.0	0.4993968636911942	79703.0	3351.0	6749.0	243.0	151.0	3423.0	1073.0	121.0	245.0	4358.0	85.0	144.0	239.0	109.0	6.0
3	4	6	-99999.9	1.0	-0.0024271844660194177	79664.0	3390.0	3422.0	1073.0	122.0	6745.0	247.0	151.0	245.0	4347.0	96.0	143.0	105.0	244.0	6.0
3	6	4	0.09026573428163466	0.46403796194629354	0.0024096385542168672	79664.0	3422.0	3390.0	1073.0	122.0	6745.0	245.0	143.0	247.0	4347.0	105.0	151.0	96.0	244.0	6.0
4	3	6	-37.27974825831503	1.0	0.5006045949214026	79664.0	3390.0	6745.0	247.0	151.0	3422.0	1073.0	122.0	245.0	4347.0	96.0	143.0	244.0	105.0	6.0
3	4	7	0.18112248090090047	0.4281357294205276	0.0049261083743842365	79664.0	3390.0	3440.0	1051.0	126.0	6760.0	243.0	140.0	247.0	4337.0	104.0	142.0	115.0	235.0	6.0
3	7	4	-99999.9	1.0	-0.005	79664.0	3440.0	3390.0	1051.0	126.0	6760.0	247.0	142.0	243.0	4337.0	115.0	140.0	104.0	235.0	6.0
4	3	7	-36.4056186610809	1.0	0.4987593052109181	79664.0	3390.0	6760.0	243.0	140.0	3440.0	1051.0	126.0	247.0	4337.0	104.0	142.0	235.0	115.0	6.0
3	4	8	-99999.9	1.0	-0.01643489254108723	79622.0	3432.0	3440.0	1050.0	127.0	6749.0	246.0	148.0	233.0	4352.0	103.0	142.0	114.0	236.0	6.0
3	8	4	0.598368214426884	0.2747970874695319	0.01566265060240964	79622.0	3440.0	3432.0	1050.0	127.0	6749.0	233.0	142.0	246.0	4352.0	114.0	148.0	103.0	236.0	6.0
4	3	8	-37.00677264609345	1.0	0.5040098704503393	79622.0	3432.0	6749.0	246.0	148.0	3440.0	1050.0	127.0	233.0	4352.0	103.0	142.0	236.0	114.0	6.0
3	4	9	0.0	0.49999999949999996	nan	78968.0	4086.0	4211.0	285.0	121.0	6675.0	285.0	183.0	428.0	4130.0	130.0	181.0	127.0	184.0	6.0
3	9	4	-5.989085553229398	0.9999999989411279	0.5	78968.0	4211.0	4086.0	285.0	121.0	6675.0	428.0	181.0	285.0	4130.0	127.0	183.0	130.0	184.0	6.0
4	3	9	0.0	0.49999999949999996	nan	78968.0	4086.0	6675.0	285.0	183.0	4211.0	285.0	121.0	428.0	4130.0	130.0	181.0	184.0	127.0	6.0
3	5	6	0.08163431058105818	0.46746869192693774	0.0	82086.0	1040.0	1000.0	3494.0	51.0	7024.0	75.0	39.0	75.0	4599.0	36.0	34.0	25.0	420.0	2.0
3	6	5	0.08163431058105818	0.46746869192693774	0.0	82086.0	1000.0	1040.0	3494.0	51.0	7024.0	75.0	34.0	75.0	4599.0	25.0	39.0	36.0	420.0	2.0
5	3	6	-279.06717412638073	1.0	0.5	82086.0	1040.0	7024.0	75.0	39.0	1000.0	3494.0	51.0	75.0	4599.0	36.0	34.0	420.0	25.0	2.0
3	5	7	0.05264014672609928	0.4790092463192397	0.0006056935190793459	80483.0	2643.0	2621.0	1830.0	94.0	6848.0	180.0	110.0	181.0	4445.0	84.0	120.0	70.0	281.0	10.0
3	7	5	-99999.9	1.0	-0.0006067961165048544	80483.0	2621.0	2643.0	1830.0	94.0	6848.0	181.0	120.0	180.0	4445.0	70.0	110.0	84.0	281.0	10.0
5	3	7	-86.80360195133748	1.0	0.4998484389208851	80483.0	2643.0	6848.0	180.0	110.0	2621.0	1830.0	94.0	181.0	4445.0	84.0	120.0	281.0	70.0	10.0
3	5	8	-99999.9	1.0	-0.010423053341508278	80456.0	2670.0	2606.0	1835.0	104.0	6832.0	187.0	119.0	170.0	4458.0	82.0	122.0	67.0	280.0	12.0
3	8	5	0.9037484886912595	0.18306436288778927	0.010107015457788346	80456.0	2606.0	2670.0	1835.0	104.0	6832.0	170.0	122.0	187.0	4458.0	67.0	119.0	82.0	280.0	12.0
5	3	8	-87.6104417272468	1.0	0.5025656504678538	80456.0	2670.0	6832.0	187.0	119.0	2606.0	1835.0	104.0	170.0	4458.0	82.0	122.0	280.0	67.0	12.0
3	5	9	-0.04169151190402356	0.5166277527746205	1.0073529411764706	79039.0	4087.0	4140.0	285.0	120.0	6666.0	286.0	186.0	423.0	4156.0	131.0	195.0	100.0	180.0	6.0
3	9	5	-5.753428642755233	0.9999999956143004	0.49818181818181817	79039.0	4140.0	4087.0	285.0	120.0	6666.0	423.0	195.0	286.0	4156.0	100.0	186.0	131.0	180.0	6.0
5	3	9	0.04199582950916241	0.48325094811214975	0.9928057553956835	79039.0	4087.0	6666.0	286.0	186.0	4140.0	285.0	120.0	423.0	4156.0	131.0	195.0	180.0	100.0	6.0
3	6	7	0.05278652216648804	0.4789509319998644	0.0006053268765133172	80445.0	2641.0	2659.0	1830.0	96.0	6842.0	179.0	112.0	180.0	4436.0	83.0	127.0	80.0	280.0	10.0
3	7	6	-99999.9	1.0	-0.0006064281382656155	80445.0	2659.0	2641.0	1830.0	96.0	6842.0	180.0	127.0	179.0	4436.0	80.0	112.0	83.0	280.0	10.0
6	3	7	-87.09776157470696	1.0	0.4998485307482581	80445.0	2641.0	6842.0	179.0	112.0	2659.0	1830.0	96.0	180.0	4436.0	83.0	127.0	280.0	80.0	10.0
3	6	8	-99999.9	1.0	-0.00984009840098401	80402.0	2684.0	2660.0	1830.0	95.0	6825.0	188.0	120.0	172.0	4446.0	81.0	127.0	78.0	280.0	12.0
3	8	6	0.8468503387679567	0.19853922544426883	0.009557945041816009	80402.0	2660.0	2684.0	1830.0	95.0	6825.0	172.0	127.0	188.0	4446.0	78.0	120.0	81.0	280.0	12.0
6	3	8	-86.90801601606155	1.0	0.5024242424242423	80402.0	2684.0	6825.0	188.0	120.0	2660.0	1830.0	95.0	172.0	4446.0	81.0	127.0	280.0	78.0	12.0
3	6	9	-0.36390003376610075	0.642033608445004	1.0692307692307692	78987.0	4099.0	4192.0	281.0	112.0	6657.0	290.0	186.0	429.0	4139.0	131.0	198.0	113.0	179.0	7.0
3	9	6	-5.984133888598085	0.9999999989084243	0.4843205574912892	78987.0	4192.0	4099.0	281.0	112.0	6657.0	429.0	198.0	290.0	4139.0	113.0	186.0	131.0	179.0	7.0
6	3	9	0.3874619064559922	0.3492071946959582	0.9426751592356688	78987.0	4099.0	6657.0	290.0	186.0	4192.0	281.0	112.0	429.0	4139.0	131.0	198.0	179.0	113.0	7.0
3	7	8	-99999.9	1.0	-0.0053291536050156735	81849.0	1255.0	1213.0	3304.0	50.0	6996.0	97.0	56.0	80.0	4578.0	37.0	48.0	37.0	398.0	2.0
3	8	7	1.2801513617237141	0.10024602259296045	0.005245294662141315	81849.0	1213.0	1255.0	3304.0	50.0	6996.0	80.0	48.0	97.0	4578.0	37.0	56.0	37.0	398.0	2.0
7	3	8	-241.49678923811547	1.0	0.5013217229046804	81849.0	1255.0	6996.0	97.0	56.0	1213.0	3304.0	50.0	80.0	4578.0	37.0	48.0	398.0	37.0	2.0
3	7	9	0.5628066517808408	0.2867832422382661	0.9133333333333333	79035.0	4069.0	4144.0	297.0	126.0	6676.0	284.0	189.0	421.0	4136.0	138.0	187.0	122.0	169.0	7.0
3	9	7	-5.368309601601868	0.9999999601731124	0.524904214559387	79035.0	4144.0	4069.0	297.0	126.0	6676.0	421.0	187.0	284.0	4136.0	122.0	189.0	138.0	169.0	7.0
7	3	9	-0.5094016410279143	0.6947646433120307	1.117117117117117	79035.0	4069.0	6676.0	284.0	189.0	4144.0	297.0	126.0	421.0	4136.0	138.0	187.0	169.0	122.0	7.0
3	8	9	1.0855559569752646	0.13883778718065387	0.8666666666666667	78990.0	4072.0	4189.0	289.0	131.0	6671.0	265.0	188.0	421.0	4153.0	138.0	192.0	124.0	173.0	4.0
3	9	8	-5.9705577633639475	0.999999998813631	0.5416666666666667	78990.0	4189.0	4072.0	289.0	131.0	6671.0	421.0	192.0	265.0	4153.0	124.0	188.0	138.0	173.0	4.0
8	3	9	-0.9185473482098392	0.8208338309319638	1.2222222222222223	78990.0	4072.0	6671.0	265.0	188.0	4189.0	289.0	131.0	421.0	4153.0	138.0	192.0	173.0	124.0	4.0
4	5	6	-99999.9	1.0	-0.0007654037504783774	85383.0	1069.0	1026.0	2670.0	49.0	3727.0	55.0	30.0	53.0	5581.0	36.0	30.0	28.0	262.0	1.0
4	6	5	0.19243182273776074	0.42370200260748137	0.0007636502481863307	85383.0	1026.0	1069.0	2670.0	49.0	3727.0	53.0	30.0	55.0	5581.0	28.0	30.0	36.0	262.0	1.0
5	4	6	-251.60460822962088	1.0	0.500191131498471	85383.0	1069.0	3727.0	55.0	30.0	1026.0	2670.0	49.0	53.0	5581.0	36.0	30.0	262.0	28.0	1.0
4	5	7	1.211151719196912	0.1129186974004528	0.024447031431897553	83728.0	2724.0	2696.0	981.0	68.0	3603.0	143.0	66.0	164.0	5400.0	106.0	62.0	80.0	175.0	4.0
4	7	5	-99999.9	1.0	-0.026381909547738693	83728.0	2696.0	2724.0	981.0	68.0	3603.0	164.0	62.0	143.0	5400.0	80.0	66.0	106.0	175.0	4.0
5	4	7	-47.1195692658989	1.0	0.4936555891238671	83728.0	2724.0	3603.0	143.0	66.0	2696.0	981.0	68.0	164.0	5400.0	106.0	62.0	175.0	80.0	4.0
4	5	8	0.5301433700874547	0.29800624825160493	0.01061320754716981	83687.0	2765.0	2684.0	980.0	81.0	3601.0	141.0	70.0	150.0	5419.0	101.0	64.0	78.0	174.0	5.0
4	8	5	-99999.9	1.0	-0.010962241169305725	83687.0	2684.0	2765.0	980.0	81.0	3601.0	150.0	64.0	141.0	5419.0	78.0	70.0	101.0	174.0	5.0
5	4	8	-48.89099968584305	1.0	0.4973037747153985	83687.0	2765.0	3601.0	141.0	70.0	2684.0	980.0	81.0	150.0	5419.0	101.0	64.0	174.0	78.0	5.0
4	5	9	0.4055920573874224	0.34252122976828536	0.9918781725888325	82190.0	4262.0	3453.0	200.0	92.0	3515.0	192.0	105.0	1169.0	4325.0	176.0	136.0	82.0	96.0	7.0
4	9	5	-49.12733795105157	1.0	0.5020554984583762	82190.0	3453.0	4262.0	200.0	92.0	3515.0	1169.0	136.0	192.0	4325.0	82.0	105.0	176.0	96.0	7.0
5	4	9	-0.40227093511608214	0.6562576304434865	1.0083246618106139	82190.0	4262.0	3515.0	192.0	105.0	3453.0	200.0	92.0	1169.0	4325.0	176.0	136.0	96.0	82.0	7.0
4	6	7	1.336184628588771	0.09074453173044128	0.026558891454965355	83687.0	2722.0	2737.0	983.0	68.0	3600.0	140.0	70.0	163.0	5393.0	108.0	66.0	90.0	170.0	3.0
4	7	6	-99999.9	1.0	-0.028858218318695106	83687.0	2737.0	2722.0	983.0	68.0	3600.0	163.0	66.0	140.0	5393.0	90.0	70.0	108.0	170.0	3.0
6	4	7	-47.637886758382216	1.0	0.4930847865303668	83687.0	2722.0	3600.0	140.0	70.0	2737.0	983.0	68.0	163.0	5393.0	108.0	66.0	170.0	90.0	3.0
4	6	8	0.8253013404262631	0.20460021173338516	0.01645123384253819	83633.0	2776.0	2738.0	976.0	74.0	3594.0	139.0	77.0	153.0	5411.0	100.0	68.0	88.0	169.0	4.0
4	8	6	-99999.9	1.0	-0.0173053152039555	83633.0	2738.0	2776.0	976.0	74.0	3594.0	153.0	68.0	139.0	5411.0	88.0	77.0	100.0	169.0	4.0
6	4	8	-48.515928797915294	1.0	0.49578313253012046	83633.0	2776.0	3594.0	139.0	77.0	2738.0	976.0	74.0	153.0	5411.0	100.0	68.0	169.0	88.0	4.0
4	6	9	0.05085213425203209	0.479721606200298	0.9989785495403473	82134.0	4275.0	3509.0	194.0	85.0	3510.0	193.0	107.0	1171.0	4314.0	179.0	139.0	92.0	91.0	7.0
4	9	6	-49.68253516423523	1.0	0.5002557544757033	82134.0	3509.0	4275.0	194.0	85.0	3510.0	1171.0	139.0	193.0	4314.0	92.0	107.0	179.0	91.0	7.0
6	4	9	-0.05080013820473962	0.5202576771359617	1.0010245901639345	82134.0	4275.0	3510.0	193.0	107.0	3509.0	194.0	85.0	1171.0	4314.0	179.0	139.0	91.0	92.0	7.0
4	7	8	-99999.9	1.0	-0.003743760399334443	85129.0	1295.0	1242.0	2491.0	40.0	3716.0	78.0	35.0	69.0	5515.0	39.0	30.0	45.0	274.0	2.0
4	8	7	0.7432632741292362	0.2286610824759875	0.003702180172768408	85129.0	1242.0	1295.0	2491.0	40.0	3716.0	69.0	30.0	78.0	5515.0	45.0	35.0	39.0	274.0	2.0
7	4	8	-199.27714227487135	1.0	0.5009307135470527	85129.0	1295.0	3716.0	78.0	35.0	1242.0	2491.0	40.0	69.0	5515.0	39.0	30.0	274.0	45.0	2.0
4	7	9	1.0920777777284745	0.13739950001160972	0.9775967413441955	82183.0	4241.0	3460.0	218.0	95.0	3528.0	196.0	105.0	1156.0	4288.0	179.0	136.0	115.0	96.0	4.0
4	9	7	-46.56222525042307	1.0	0.505795574288725	82183.0	3460.0	4241.0	218.0	95.0	3528.0	1156.0	136.0	196.0	4288.0	115.0	105.0	179.0	96.0	4.0
7	4	9	-1.0670509953221967	0.8570255614367365	1.0240174672489084	82183.0	4241.0	3528.0	196.0	105.0	3460.0	218.0	95.0	1156.0	4288.0	179.0	136.0	96.0	115.0	4.0
4	8	9	1.4349575877270233	0.07564963878477537	0.9719157472417251	82133.0	4238.0	3510.0	209.0	107.0	3528.0	181.0	106.0	1150.0	4310.0	178.0	142.0	108.0	96.0	4.0
4	9	8	-48.22482464468319	1.0	0.5073298429319372	82133.0	3510.0	4238.0	209.0	107.0	3528.0	1150.0	142.0	181.0	4310.0	108.0	106.0	178.0	96.0	4.0
8	4	9	-1.3934933849856852	0.9182646221551249	1.0306681270536693	82133.0	4238.0	3528.0	181.0	106.0	3510.0	209.0	107.0	1150.0	4310.0	178.0	142.0	96.0	108.0	4.0
5	6	7	0.3781855862834618	0.35264642358325937	0.9977814753189129	86251.0	2859.0	1080.0	58.0	16.0	1036.0	54.0	19.0	1853.0	6455.0	205.0	33.0	47.0	33.0	1.0
5	7	6	-169.71078184470306	1.0	0.5005564830272676	86251.0	1080.0	2859.0	58.0	16.0	1036.0	1853.0	33.0	54.0	6455.0	47.0	19.0	205.0	33.0	1.0
6	5	7	-0.3773447067141823	0.64704121605175	1.0022333891680626	86251.0	2859.0	1036.0	54.0	19.0	1080.0	58.0	16.0	1853.0	6455.0	205.0	33.0	33.0	47.0	1.0
5	6	8	-0.28436634226793933	0.6119351091544871	1.0016882386043895	86201.0	2909.0	1087.0	54.0	13.0	1026.0	57.0	26.0	1837.0	6470.0	206.0	35.0	46.0	32.0	1.0
5	8	6	-169.0083960879122	1.0	0.4995790064552344	86201.0	1087.0	2909.0	54.0	13.0	1026.0	1837.0	35.0	57.0	6470.0	46.0	26.0	206.0	32.0	1.0
6	5	8	0.28484561138412123	0.3878812791955606	0.9983202687569989	86201.0	2909.0	1026.0	57.0	26.0	1087.0	54.0	13.0	1837.0	6470.0	206.0	35.0	32.0	46.0	1.0
5	6	9	-0.28449513651043423	0.6119844536704869	1.0008278145695364	84625.0	4485.0	1080.0	54.0	20.0	1019.0	57.0	33.0	3684.0	4526.0	303.0	55.0	38.0	19.0	2.0
5	9	6	-344.2391151776267	1.0	0.49979330301777597	84625.0	1080.0	4485.0	54.0	20.0	1019.0	3684.0	55.0	57.0	4526.0	38.0	33.0	303.0	19.0	2.0
6	5	9	0.28473045093269267	0.3879253957557828	0.9991742361684558	84625.0	4485.0	1019.0	57.0	33.0	1080.0	54.0	20.0	3684.0	4526.0	303.0	55.0	19.0	38.0	2.0
5	7	8	-99999.9	1.0	-0.008360128617363344	86018.0	1313.0	1270.0	1637.0	26.0	2827.0	69.0	26.0	56.0	6453.0	47.0	15.0	51.0	190.0	2.0
5	8	7	1.1660589708999949	0.12179536156876059	0.008155583437892095	86018.0	1270.0	1313.0	1637.0	26.0	2827.0	56.0	15.0	69.0	6453.0	51.0	26.0	47.0	190.0	2.0
7	5	8	-140.6446512593225	1.0	0.5020641473483646	86018.0	1313.0	2827.0	69.0	26.0	1270.0	1637.0	26.0	56.0	6453.0	47.0	15.0	190.0	51.0	2.0
5	7	9	1.0073592409961447	0.15688109810570894	0.9901477832512315	83014.0	4317.0	2691.0	170.0	72.0	2697.0	152.0	73.0	1961.0	4373.0	222.0	100.0	96.0	59.0	3.0
5	9	7	-100.23224447911636	1.0	0.5025000000000001	83014.0	2691.0	4317.0	170.0	72.0	2697.0	1961.0	100.0	152.0	4373.0	96.0	73.0	222.0	59.0	3.0
7	5	9	-0.9973357659613572	0.8406992117886367	1.0101522842639594	83014.0	4317.0	2697.0	152.0	73.0	2691.0	170.0	72.0	1961.0	4373.0	222.0	100.0	59.0	96.0	3.0
5	8	9	1.519807206741768	0.06427974261545377	0.9859002169197397	82970.0	4318.0	2735.0	161.0	80.0	2691.0	135.0	72.0	1953.0	4396.0	224.0	114.0	90.0	58.0	3.0
5	9	8	-104.74978901850949	1.0	0.503601108033241	82970.0	2735.0	4318.0	161.0	80.0	2691.0	1953.0	114.0	135.0	4396.0	90.0	72.0	224.0	58.0	3.0
8	5	9	-1.4980717901437008	0.9329426700162555	1.014722536806342	82970.0	4318.0	2691.0	135.0	72.0	2735.0	161.0	80.0	1953.0	4396.0	224.0	114.0	58.0	90.0	3.0
6	7	8	-99999.9	1.0	-0.0025477707006369425	85957.0	1330.0	1270.0	1634.0	28.0	2888.0	60.0	18.0	56.0	6445.0	45.0	15.0	51.0	201.0	2.0
6	8	7	0.3716684059221283	0.3550699350499721	0.0025284450063211123	85957.0	1270.0	1330.0	1634.0	28.0	2888.0	56.0	15.0	60.0	6445.0	51.0	18.0	45.0	201.0	2.0
7	6	8	-146.25151773035748	1.0	0.5006345177664975	85957.0	1330.0	2888.0	60.0	18.0	1270.0	1634.0	28.0	56.0	6445.0	45.0	15.0	201.0	51.0	2.0
6	7	9	1.185180348788883	0.11797313680970523	0.988562091503268	82953.0	4334.0	2691.0	169.0	72.0	2758.0	148.0	60.0	1963.0	4358.0	225.0	98.0	93.0	75.0	3.0
6	9	7	-101.24826408225026	1.0	0.5029093931837075	82953.0	2691.0	4334.0	169.0	72.0	2758.0	1963.0	98.0	148.0	4358.0	93.0	60.0	225.0	75.0	3.0
7	6	9	-1.1714675183070284	0.8792944859980718	1.011844331641286	82953.0	4334.0	2758.0	148.0	60.0	2691.0	169.0	72.0	1963.0	4358.0	225.0	98.0	75.0	93.0	3.0
6	8	9	1.6931750029644943	0.04521105298948447	0.9842988630211154	82896.0	4331.0	2748.0	163.0	81.0	2765.0	134.0	60.0	1952.0	4378.0	226.0	102.0	87.0	74.0	3.0
6	9	8	-104.45138207943027	1.0	0.5040199611865815	82896.0	2748.0	4331.0	163.0	81.0	2765.0	1952.0	102.0	134.0	4378.0	87.0	60.0	226.0	74.0	3.0
8	6	9	-1.6661661607829927	0.9521598581372377	1.0164772727272726	82896.0	4331.0	2765.0	134.0	60.0	2748.0	163.0	81.0	1952.0	4378.0	226.0	102.0	74.0	87.0	3.0
7	8	9	0.6814689683027918	0.24778733048293866	0.9976428992339422	84411.0	4434.0	1300.0	73.0	35.0	1250.0	65.0	26.0	3451.0	4503.0	326.0	51.0	34.0	39.0	2.0
7	9	8	-287.75027186585334	1.0	0.5005913660555884	84411.0	1300.0	4434.0	73.0	35.0	1250.0	3451.0	51.0	65.0	4503.0	34.0	26.0	326.0	39.0	2.0
8	7	9	-0.6798588821402337	0.7517031576948371	1.002373887240356	84411.0	4434.0	1250.0	65.0	26.0	1300.0	73.0	35.0	3451.0	4503.0	326.0	51.0	39.0	34.0	2.0
