P1	Hybrid	P2	Zscore	Pvalue	Gamma	AAAA	AAAB	AABA	AABB	AABC	ABAA	ABAB	ABAC	ABBA	BAAA	ABBC	CABC	BACA	BCAA	ABCD
1	2	3	-1.038141205361603	0.8503978156893266	1.0945273631840795	21688.0	1482.0	1817.0	142.0	61.0	2279.0	161.0	72.0	381.0	1547.0	81.0	125.0	71.0	86.0	7.0
1	3	2	-13.058723583232803	1.0	0.4793028322440087	21688.0	1817.0	1482.0	142.0	61.0	2279.0	381.0	125.0	161.0	1547.0	71.0	72.0	81.0	86.0	7.0
2	1	3	1.1277988549155598	0.12970249017434388	0.9263565891472868	21688.0	1482.0	2279.0	161.0	72.0	1817.0	142.0	61.0	381.0	1547.0	81.0	125.0	86.0	71.0	7.0
1	2	4	-0.44801412409501257	0.6729284719277757	1.011864406779661	22000.0	1170.0	1861.0	117.0	42.0	2323.0	124.0	65.0	721.0	1200.0	88.0	161.0	56.0	63.0	9.0
1	4	2	-38.657218707626804	1.0	0.49708576186511244	22000.0	1861.0	1170.0	117.0	42.0	2323.0	721.0	161.0	124.0	1200.0	56.0	65.0	88.0	63.0	9.0
2	1	4	0.4532672210274499	0.3251781902974229	0.9885433715220949	22000.0	1170.0	2323.0	124.0	65.0	1861.0	117.0	42.0	721.0	1200.0	88.0	161.0	63.0	56.0	9.0
1	2	5	-0.27117769315894286	0.6068727529111577	1.0065897858319606	22018.0	1152.0	1856.0	106.0	58.0	2346.0	110.0	56.0	721.0	1206.0	82.0	163.0	57.0	61.0	8.0
1	5	2	-41.693570323187444	1.0	0.49836867862969003	22018.0	1856.0	1152.0	106.0	58.0	2346.0	721.0	163.0	110.0	1206.0	57.0	56.0	82.0	61.0	8.0
2	1	5	0.2729529972058099	0.3924447366594832	0.9935379644588045	22018.0	1152.0	2346.0	110.0	56.0	1856.0	106.0	58.0	721.0	1206.0	82.0	163.0	61.0	57.0	8.0
1	2	6	-0.6004061115122594	0.725882240251724	1.0150501672240804	22051.0	1119.0	1861.0	106.0	53.0	2336.0	115.0	61.0	722.0	1208.0	79.0	163.0	56.0	61.0	9.0
1	6	2	-41.09446274350575	1.0	0.49632052330335236	22051.0	1861.0	1119.0	106.0	53.0	2336.0	722.0	163.0	115.0	1208.0	56.0	61.0	79.0	61.0	9.0
2	1	6	0.6093083438081578	0.2711599875707663	0.9856	22051.0	1119.0	2336.0	115.0	61.0	1861.0	106.0	53.0	722.0	1208.0	79.0	163.0	61.0	56.0	9.0
1	2	7	-1.2863180157613228	0.9008338827766202	1.0355871886120998	22072.0	1098.0	1862.0	106.0	52.0	2324.0	126.0	62.0	708.0	1217.0	84.0	163.0	56.0	59.0	11.0
1	7	2	-38.718172274415785	1.0	0.49155405405405406	22072.0	1862.0	1098.0	106.0	52.0	2324.0	708.0	163.0	126.0	1217.0	56.0	62.0	84.0	59.0	11.0
2	1	7	1.3305213840005434	0.09167333812286693	0.9678456591639871	22072.0	1098.0	2324.0	126.0	62.0	1862.0	106.0	52.0	708.0	1217.0	84.0	163.0	59.0	56.0	11.0
1	2	8	-0.8203135250709874	0.7939813560776183	1.02233676975945	22072.0	1098.0	1855.0	116.0	49.0	2316.0	129.0	67.0	724.0	1208.0	77.0	163.0	56.0	59.0	11.0
1	8	2	-38.365432557166145	1.0	0.4945968412302577	22072.0	1855.0	1098.0	116.0	49.0	2316.0	724.0	163.0	129.0	1208.0	56.0	67.0	77.0	59.0	11.0
2	1	8	0.8382363415851435	0.20094894002933028	0.9790660225442834	22072.0	1098.0	2316.0	129.0	67.0	1855.0	116.0	49.0	724.0	1208.0	77.0	163.0	59.0	56.0	11.0
1	2	9	-1.2233215177138421	0.8893957913760574	1.0300632911392404	22051.0	1119.0	1867.0	107.0	46.0	2311.0	126.0	75.0	777.0	1160.0	72.0	164.0	54.0	66.0	5.0
1	9	2	-43.13817983517229	1.0	0.4928084784254353	22051.0	1867.0	1119.0	107.0	46.0	2311.0	777.0	164.0	126.0	1160.0	54.0	75.0	72.0	66.0	5.0
2	1	9	1.2590252179236163	0.10401068042315553	0.9724238026124818	22051.0	1119.0	2311.0	126.0	75.0	1867.0	107.0	46.0	777.0	1160.0	72.0	164.0	66.0	54.0	5.0
1	3	4	0.7494264177556906	0.22680004865151626	0.9715025906735751	22328.0	1177.0	1533.0	116.0	36.0	2599.0	105.0	81.0	480.0	1231.0	68.0	126.0	44.0	75.0	1.0
1	4	3	-24.7992014602792	1.0	0.5074424898511501	22328.0	1533.0	1177.0	116.0	36.0	2599.0	480.0	126.0	105.0	1231.0	44.0	81.0	68.0	75.0	1.0
3	1	4	-0.727443242834857	0.7665228330822933	1.0311614730878187	22328.0	1177.0	2599.0	105.0	81.0	1533.0	116.0	36.0	480.0	1231.0	68.0	126.0	75.0	44.0	1.0
1	3	5	1.40748680924767	0.07964159600970877	0.9514563106796117	22349.0	1156.0	1525.0	115.0	45.0	2625.0	95.0	65.0	487.0	1230.0	62.0	118.0	48.0	78.0	2.0
1	5	3	-26.17925465200667	1.0	0.5130890052356021	22349.0	1525.0	1156.0	115.0	45.0	2625.0	487.0	118.0	95.0	1230.0	48.0	65.0	62.0	78.0	2.0
3	1	5	-1.335676257755442	0.909172378775738	1.0568181818181819	22349.0	1156.0	2625.0	95.0	65.0	1525.0	115.0	45.0	487.0	1230.0	62.0	118.0	78.0	48.0	2.0
1	3	6	0.7046060809091788	0.24052763744146433	0.9748110831234257	22379.0	1126.0	1533.0	108.0	44.0	2617.0	98.0	70.0	485.0	1231.0	63.0	119.0	50.0	76.0	1.0
1	6	3	-26.563649250276022	1.0	0.5065445026178012	22379.0	1533.0	1126.0	108.0	44.0	2617.0	485.0	119.0	98.0	1231.0	50.0	70.0	63.0	76.0	1.0
3	1	6	-0.6863992054334893	0.7537693652079747	1.0272479564032697	22379.0	1126.0	2617.0	98.0	70.0	1533.0	108.0	44.0	485.0	1231.0	63.0	119.0	76.0	50.0	1.0
1	3	7	-0.20091006216104876	0.5796155246679291	1.0082191780821919	22403.0	1102.0	1531.0	109.0	45.0	2597.0	112.0	76.0	480.0	1240.0	59.0	118.0	47.0	80.0	1.0
1	7	3	-24.84587768724963	1.0	0.4979702300405954	22403.0	1531.0	1102.0	109.0	45.0	2597.0	480.0	118.0	112.0	1240.0	47.0	76.0	59.0	80.0	1.0
3	1	7	0.20254791592866597	0.41974422825964997	0.9919786096256684	22403.0	1102.0	2597.0	112.0	76.0	1531.0	109.0	45.0	480.0	1240.0	59.0	118.0	80.0	47.0	1.0
1	3	8	-0.7519967176998201	0.7739735513782611	1.030054644808743	22382.0	1123.0	1545.0	98.0	42.0	2595.0	109.0	81.0	486.0	1238.0	55.0	122.0	46.0	76.0	2.0
1	8	3	-26.524975133411846	1.0	0.49281045751633984	22382.0	1545.0	1123.0	98.0	42.0	2595.0	486.0	122.0	109.0	1238.0	46.0	81.0	55.0	76.0	2.0
3	1	8	0.7739382664921226	0.21948358454205286	0.9724310776942355	22382.0	1123.0	2595.0	109.0	81.0	1545.0	98.0	42.0	486.0	1238.0	55.0	122.0	76.0	46.0	2.0
1	3	9	-0.33268786201638	0.6303149756635046	1.0119047619047619	22386.0	1119.0	1532.0	109.0	44.0	2588.0	114.0	83.0	539.0	1186.0	54.0	125.0	40.0	79.0	2.0
1	9	3	-28.611156133408638	1.0	0.49707602339181284	22386.0	1532.0	1119.0	109.0	44.0	2588.0	539.0	125.0	114.0	1186.0	40.0	83.0	54.0	79.0	2.0
3	1	9	0.3366018368636316	0.36820860309780057	0.9885057471264368	22386.0	1119.0	2588.0	114.0	83.0	1532.0	109.0	44.0	539.0	1186.0	54.0	125.0	79.0	40.0	2.0
1	4	5	1.0235241461055988	0.15303006347927084	0.054852320675105495	22874.0	987.0	1000.0	302.0	27.0	3063.0	78.0	64.0	91.0	1258.0	31.0	76.0	37.0	109.0	3.0
1	5	4	-99999.9	1.0	-0.06565656565656565	22874.0	1000.0	987.0	302.0	27.0	3063.0	91.0	76.0	78.0	1258.0	37.0	64.0	31.0	109.0	3.0
4	1	5	-16.612584217560105	1.0	0.4850574712643678	22874.0	987.0	3063.0	78.0	64.0	1000.0	302.0	27.0	91.0	1258.0	31.0	76.0	109.0	37.0	3.0
1	4	6	0.768309589351552	0.22115157372598981	0.043103448275862065	22917.0	944.0	995.0	305.0	29.0	3055.0	83.0	67.0	93.0	1257.0	30.0	73.0	39.0	109.0	4.0
1	6	4	-99999.9	1.0	-0.04950495049504951	22917.0	995.0	944.0	305.0	29.0	3055.0	93.0	73.0	83.0	1257.0	39.0	67.0	30.0	109.0	4.0
4	1	6	-16.28816329425289	1.0	0.48847926267281105	22917.0	944.0	3055.0	83.0	67.0	995.0	305.0	29.0	93.0	1257.0	30.0	73.0	109.0	39.0	4.0
1	4	7	-99999.9	1.0	-0.05025125628140704	22943.0	918.0	991.0	303.0	35.0	3034.0	94.0	77.0	84.0	1268.0	28.0	77.0	37.0	109.0	2.0
1	7	4	0.7642024118457087	0.22237324844933337	0.04366812227074236	22943.0	991.0	918.0	303.0	35.0	3034.0	84.0	77.0	94.0	1268.0	37.0	77.0	28.0	109.0	2.0
4	1	7	-15.971830407575327	1.0	0.5116822429906542	22943.0	918.0	3034.0	94.0	77.0	991.0	303.0	35.0	84.0	1268.0	28.0	77.0	109.0	37.0	2.0
1	4	8	0.21965540811935091	0.4130698063435999	0.014018691588785045	22936.0	925.0	991.0	304.0	34.0	3029.0	93.0	83.0	96.0	1263.0	21.0	78.0	37.0	107.0	3.0
1	8	4	-99999.9	1.0	-0.014634146341463415	22936.0	991.0	925.0	304.0	34.0	3029.0	96.0	78.0	93.0	1263.0	37.0	83.0	21.0	107.0	3.0
4	1	8	-15.229441629608356	1.0	0.4964200477326969	22936.0	925.0	3029.0	93.0	83.0	991.0	304.0	34.0	96.0	1263.0	21.0	78.0	107.0	37.0	3.0
1	4	9	-0.8165892320867811	0.7929184507069792	1.5357142857142858	22723.0	1138.0	1195.0	103.0	31.0	2999.0	118.0	88.0	161.0	1177.0	42.0	92.0	45.0	84.0	4.0
1	9	4	-3.1574783640688873	0.9992042336673415	0.42574257425742573	22723.0	1195.0	1138.0	103.0	31.0	2999.0	161.0	92.0	118.0	1177.0	45.0	88.0	42.0	84.0	4.0
4	1	9	1.1014459409542632	0.13535135472643245	0.7945205479452054	22723.0	1138.0	2999.0	118.0	88.0	1195.0	103.0	31.0	161.0	1177.0	42.0	92.0	84.0	45.0	4.0
1	5	6	-99999.9	1.0	-0.006243496357960458	23603.0	271.0	309.0	994.0	13.0	3181.0	27.0	22.0	21.0	1343.0	9.0	19.0	9.0	178.0	1.0
1	6	5	0.8671191116530856	0.19293833407039618	0.006128702757916242	23603.0	309.0	271.0	994.0	13.0	3181.0	21.0	19.0	27.0	1343.0	9.0	22.0	9.0	178.0	1.0
5	1	6	-139.7506968280887	1.0	0.5015463917525773	23603.0	271.0	3181.0	27.0	22.0	309.0	994.0	13.0	21.0	1343.0	9.0	19.0	178.0	9.0	1.0
1	5	7	-99999.9	1.0	-0.050119331742243436	23153.0	721.0	781.0	511.0	24.0	3097.0	71.0	62.0	50.0	1301.0	22.0	48.0	27.0	130.0	2.0
1	7	5	1.9356321649412962	0.02645631578664709	0.043568464730290454	23153.0	781.0	721.0	511.0	24.0	3097.0	50.0	48.0	71.0	1301.0	27.0	62.0	22.0	130.0	2.0
5	1	7	-40.5561025035319	1.0	0.5116537180910099	23153.0	721.0	3097.0	71.0	62.0	781.0	511.0	24.0	50.0	1301.0	22.0	48.0	130.0	27.0	2.0
1	5	8	-99999.9	1.0	-0.028301886792452834	23148.0	726.0	779.0	509.0	28.0	3092.0	73.0	65.0	61.0	1295.0	17.0	50.0	25.0	130.0	2.0
1	8	5	1.047491778251729	0.14743643858214506	0.026086956521739132	23148.0	779.0	726.0	509.0	28.0	3092.0	61.0	50.0	73.0	1295.0	25.0	65.0	17.0	130.0	2.0
5	1	8	-38.058867943146126	1.0	0.5067873303167421	23148.0	726.0	3092.0	73.0	65.0	779.0	509.0	28.0	61.0	1295.0	17.0	50.0	130.0	25.0	2.0
1	5	9	-0.7341236458911636	0.7685633773642049	1.777777777777778	22727.0	1147.0	1191.0	100.0	25.0	3028.0	114.0	88.0	146.0	1186.0	41.0	78.0	40.0	88.0	1.0
1	9	5	-2.4121205507852523	0.9920699857588381	0.41025641025641024	22727.0	1191.0	1147.0	100.0	25.0	3028.0	146.0	78.0	114.0	1186.0	40.0	88.0	41.0	88.0	1.0
5	1	9	1.0553027409685476	0.1456434741593834	0.7666666666666666	22727.0	1147.0	3028.0	114.0	88.0	1191.0	100.0	25.0	146.0	1186.0	41.0	78.0	88.0	40.0	1.0
1	6	7	-99999.9	1.0	-0.039812646370023415	23195.0	717.0	739.0	515.0	24.0	3088.0	71.0	62.0	54.0	1301.0	24.0	53.0	27.0	128.0	2.0
1	7	6	1.5398173899382943	0.06180245388696204	0.03556485355648535	23195.0	739.0	717.0	515.0	24.0	3088.0	54.0	53.0	71.0	1301.0	27.0	62.0	24.0	128.0	2.0
6	1	7	-40.21640712544718	1.0	0.5093922651933702	23195.0	717.0	3088.0	71.0	62.0	739.0	515.0	24.0	54.0	1301.0	24.0	53.0	128.0	27.0	2.0
1	6	8	-99999.9	1.0	-0.020881670533642694	23190.0	722.0	737.0	514.0	27.0	3084.0	74.0	63.0	65.0	1294.0	20.0	54.0	25.0	128.0	3.0
1	8	6	0.7696951276999268	0.22074031493530877	0.019650655021834062	23190.0	737.0	722.0	514.0	27.0	3084.0	65.0	54.0	74.0	1294.0	25.0	63.0	20.0	128.0	3.0
6	1	8	-37.62953957644085	1.0	0.5050618672665916	23190.0	722.0	3084.0	74.0	63.0	737.0	514.0	27.0	65.0	1294.0	20.0	54.0	128.0	25.0	3.0
1	6	9	-0.4204041185089495	0.6629048298284012	1.25	22769.0	1143.0	1149.0	107.0	22.0	3020.0	114.0	87.0	149.0	1186.0	44.0	83.0	40.0	86.0	1.0
1	9	6	-2.5224247110536933	0.9941725358376585	0.45454545454545453	22769.0	1149.0	1143.0	107.0	22.0	3020.0	149.0	83.0	114.0	1186.0	40.0	87.0	44.0	86.0	1.0
6	1	9	0.5044849422107395	0.30696031661338696	0.8571428571428571	22769.0	1143.0	3020.0	114.0	87.0	1149.0	107.0	22.0	149.0	1186.0	44.0	83.0	86.0	40.0	1.0
1	7	8	1.2347433179312433	0.10846309223477446	0.011061946902654869	23604.0	330.0	323.0	922.0	11.0	3140.0	28.0	27.0	38.0	1352.0	9.0	25.0	13.0	175.0	3.0
1	8	7	-99999.9	1.0	-0.011441647597254004	23604.0	323.0	330.0	922.0	11.0	3140.0	38.0	25.0	28.0	1352.0	13.0	27.0	9.0	175.0	3.0
7	1	8	-109.15130930512197	1.0	0.4971878515185602	23604.0	330.0	3140.0	28.0	27.0	323.0	922.0	11.0	38.0	1352.0	9.0	25.0	175.0	13.0	3.0
1	7	9	0.6447950322124262	0.25952994967897847	0.847457627118644	22814.0	1120.0	1104.0	117.0	35.0	3003.0	108.0	84.0	158.0	1199.0	42.0	91.0	33.0	89.0	3.0
1	9	7	-2.937399591189944	0.9983450450913463	0.5494505494505494	22814.0	1104.0	1120.0	117.0	35.0	3003.0	158.0	91.0	108.0	1199.0	33.0	84.0	42.0	89.0	3.0
7	1	9	-0.5287319264141895	0.7015043033194708	1.28125	22814.0	1120.0	3003.0	108.0	84.0	1104.0	117.0	35.0	158.0	1199.0	42.0	91.0	89.0	33.0	3.0
1	8	9	-0.4286787099817028	0.6659214356227332	1.1891891891891893	22798.0	1129.0	1120.0	108.0	35.0	3001.0	115.0	87.0	159.0	1193.0	41.0	92.0	32.0	89.0	1.0
1	9	8	-3.123230601295267	0.999105544941945	0.4631578947368421	22798.0	1120.0	1129.0	108.0	35.0	3001.0	159.0	92.0	115.0	1193.0	32.0	87.0	41.0	89.0	1.0
8	1	9	0.4968775956606101	0.3096376860248875	0.8793103448275863	22798.0	1129.0	3001.0	115.0	87.0	1120.0	108.0	35.0	159.0	1193.0	41.0	92.0	89.0	32.0	1.0
2	3	4	0.8917537255396896	0.18626244258944502	0.9657894736842105	22765.0	1202.0	1558.0	116.0	41.0	2162.0	103.0	58.0	470.0	1238.0	67.0	111.0	39.0	68.0	2.0
2	4	3	-24.283139910850004	1.0	0.5090152565880721	22765.0	1558.0	1202.0	116.0	41.0	2162.0	470.0	111.0	103.0	1238.0	39.0	58.0	67.0	68.0	2.0
3	2	4	-0.8601657189129431	0.8051511939240513	1.0381231671554252	22765.0	1202.0	2162.0	103.0	58.0	1558.0	116.0	41.0	470.0	1238.0	67.0	111.0	68.0	39.0	2.0
2	3	5	1.4694618079835855	0.0708538249059556	0.9476309226932669	22815.0	1152.0	1549.0	117.0	49.0	2159.0	96.0	68.0	476.0	1236.0	63.0	105.0	41.0	70.0	4.0
2	5	3	-25.120799479338444	1.0	0.5142083897158322	22815.0	1549.0	1152.0	117.0	49.0	2159.0	476.0	105.0	96.0	1236.0	41.0	68.0	63.0	70.0	4.0
3	2	5	-1.388254708068703	0.9174701938626129	1.0621301775147929	22815.0	1152.0	2159.0	96.0	68.0	1549.0	117.0	49.0	476.0	1236.0	63.0	105.0	70.0	41.0	4.0
2	3	6	1.1230820892257645	0.13070136655501163	0.9596977329974811	22834.0	1133.0	1553.0	113.0	49.0	2162.0	97.0	64.0	478.0	1235.0	62.0	106.0	43.0	67.0	4.0
2	6	3	-25.62031016046276	1.0	0.5107238605898125	22834.0	1553.0	1133.0	113.0	49.0	2162.0	478.0	106.0	97.0	1235.0	43.0	64.0	62.0	67.0	4.0
3	2	6	-1.07591853692232	0.8590181175841747	1.0458452722063036	22834.0	1133.0	2162.0	97.0	64.0	1553.0	113.0	49.0	478.0	1235.0	62.0	106.0	67.0	43.0	4.0
2	3	7	1.0170114493464493	0.1545740078031702	0.961038961038961	22846.0	1121.0	1550.0	120.0	45.0	2154.0	105.0	64.0	475.0	1238.0	62.0	104.0	39.0	71.0	6.0
2	7	3	-24.069270967865968	1.0	0.5103448275862069	22846.0	1550.0	1121.0	120.0	45.0	2154.0	475.0	104.0	105.0	1238.0	39.0	64.0	62.0	71.0	6.0
3	2	7	-0.9757812554540256	0.8354135617878315	1.0441176470588236	22846.0	1121.0	2154.0	105.0	64.0	1550.0	120.0	45.0	475.0	1238.0	62.0	104.0	71.0	39.0	6.0
2	3	8	0.06795886219897121	0.4729091213835275	0.9973262032085561	22826.0	1141.0	1562.0	109.0	44.0	2151.0	108.0	64.0	481.0	1236.0	58.0	110.0	39.0	67.0	4.0
2	8	3	-25.280696738017443	1.0	0.5006711409395973	22826.0	1562.0	1141.0	109.0	44.0	2151.0	481.0	110.0	108.0	1236.0	39.0	64.0	58.0	67.0	4.0
3	2	8	-0.06777666685795519	0.5270183604117386	1.0026954177897573	22826.0	1141.0	2151.0	108.0	64.0	1562.0	109.0	44.0	481.0	1236.0	58.0	110.0	67.0	39.0	4.0
2	3	9	0.9794107150031055	0.16368854430150104	0.9681818181818181	22802.0	1165.0	1560.0	112.0	43.0	2172.0	98.0	53.0	524.0	1196.0	55.0	112.0	39.0	66.0	3.0
2	9	3	-28.82265818437709	1.0	0.5083532219570405	22802.0	1560.0	1165.0	112.0	43.0	2172.0	524.0	112.0	98.0	1196.0	39.0	53.0	55.0	66.0	3.0
3	2	9	-0.9472235084067592	0.8282375615707156	1.035175879396985	22802.0	1165.0	2172.0	98.0	53.0	1560.0	112.0	43.0	524.0	1196.0	55.0	112.0	66.0	39.0	3.0
2	4	5	0.8794268295159391	0.18958490846294918	0.04741379310344827	23333.0	990.0	1031.0	297.0	31.0	2604.0	76.0	63.0	87.0	1263.0	30.0	49.0	34.0	109.0	3.0
2	5	4	-99999.9	1.0	-0.05527638190954774	23333.0	1031.0	990.0	297.0	31.0	2604.0	87.0	49.0	76.0	1263.0	34.0	63.0	30.0	109.0	3.0
4	2	5	-16.789057654395197	1.0	0.4872389791183295	23333.0	990.0	2604.0	76.0	63.0	1031.0	297.0	31.0	87.0	1263.0	30.0	49.0	109.0	34.0	3.0
2	4	6	0.6383095457387943	0.2616360400532751	0.03448275862068965	23361.0	962.0	1026.0	301.0	32.0	2611.0	77.0	55.0	85.0	1263.0	32.0	50.0	35.0	107.0	3.0
2	6	4	-99999.9	1.0	-0.03846153846153846	23361.0	1026.0	962.0	301.0	32.0	2611.0	85.0	50.0	77.0	1263.0	35.0	55.0	32.0	107.0	3.0
4	2	6	-17.23435773494744	1.0	0.4909090909090909	23361.0	962.0	2611.0	77.0	55.0	1026.0	301.0	32.0	85.0	1263.0	32.0	50.0	107.0	35.0	3.0
2	4	7	0.4799337778241166	0.3156372504223448	0.02575107296137339	23375.0	948.0	1021.0	304.0	34.0	2602.0	77.0	64.0	83.0	1268.0	29.0	48.0	37.0	108.0	2.0
2	7	4	-99999.9	1.0	-0.027906976744186046	23375.0	1021.0	948.0	304.0	34.0	2602.0	83.0	48.0	77.0	1268.0	37.0	64.0	29.0	108.0	2.0
4	2	7	-17.677560816521623	1.0	0.49330357142857145	23375.0	948.0	2602.0	77.0	64.0	1021.0	304.0	34.0	83.0	1268.0	29.0	48.0	108.0	37.0	2.0
2	4	8	0.6885582439876922	0.24555058470650026	0.039473684210526314	23366.0	957.0	1022.0	303.0	34.0	2599.0	84.0	60.0	93.0	1264.0	23.0	50.0	35.0	107.0	3.0
2	8	4	-99999.9	1.0	-0.04477611940298507	23366.0	1022.0	957.0	303.0	34.0	2599.0	93.0	50.0	84.0	1264.0	35.0	60.0	23.0	107.0	3.0
4	2	8	-16.06635902637949	1.0	0.48951048951048953	23366.0	957.0	2599.0	84.0	60.0	1022.0	303.0	34.0	93.0	1264.0	23.0	50.0	107.0	35.0	3.0
2	4	9	-0.3316700618389779	0.6299307272819827	1.1041666666666667	23141.0	1182.0	1221.0	100.0	38.0	2581.0	105.0	57.0	158.0	1185.0	37.0	69.0	43.0	79.0	4.0
2	9	4	-3.847372717332149	0.999940282547394	0.47747747747747754	23141.0	1221.0	1182.0	100.0	38.0	2581.0	158.0	69.0	105.0	1185.0	43.0	57.0	37.0	79.0	4.0
4	2	9	0.36295969031435316	0.35831756024667394	0.9206349206349206	23141.0	1182.0	2581.0	105.0	57.0	1221.0	100.0	38.0	158.0	1185.0	37.0	69.0	79.0	43.0	4.0
2	5	6	-99999.9	1.0	-0.00412796697626419	24083.0	281.0	304.0	999.0	15.0	2701.0	26.0	13.0	22.0	1342.0	9.0	23.0	7.0	174.0	1.0
2	6	5	0.5777321610394778	0.28172244180030326	0.004077471967380225	24083.0	304.0	281.0	999.0	15.0	2701.0	22.0	23.0	26.0	1342.0	7.0	13.0	9.0	174.0	1.0
5	2	6	-140.53334817285293	1.0	0.501025641025641	24083.0	281.0	2701.0	26.0	13.0	304.0	999.0	15.0	22.0	1342.0	9.0	23.0	174.0	7.0	1.0
2	5	7	-99999.9	1.0	-0.01541850220264317	23623.0	741.0	773.0	523.0	22.0	2627.0	62.0	51.0	55.0	1293.0	25.0	51.0	27.0	126.0	1.0
2	7	5	0.6511063450621161	0.2574888579180419	0.01473684210526316	23623.0	773.0	741.0	523.0	22.0	2627.0	55.0	51.0	62.0	1293.0	27.0	51.0	25.0	126.0	1.0
5	2	7	-42.880003581947946	1.0	0.503767491926803	23623.0	741.0	2627.0	62.0	51.0	773.0	523.0	22.0	55.0	1293.0	25.0	51.0	126.0	27.0	1.0
2	5	8	-99999.9	1.0	-0.011312217194570135	23615.0	749.0	773.0	517.0	28.0	2625.0	70.0	45.0	65.0	1289.0	19.0	52.0	24.0	128.0	1.0
2	8	5	0.43236668226905395	0.3327374991349288	0.010940919037199124	23615.0	773.0	749.0	517.0	28.0	2625.0	65.0	52.0	70.0	1289.0	24.0	45.0	19.0	128.0	1.0
5	2	8	-38.65358139485346	1.0	0.5027808676307007	23615.0	749.0	2625.0	70.0	45.0	773.0	517.0	28.0	65.0	1289.0	19.0	52.0	128.0	24.0	1.0
2	5	9	-0.1391440289502961	0.5553318585227505	1.0526315789473684	23166.0	1198.0	1196.0	97.0	25.0	2589.0	99.0	52.0	139.0	1195.0	39.0	80.0	39.0	82.0	4.0
2	9	5	-2.9220246079562173	0.9982611119138176	0.4878048780487805	23166.0	1196.0	1198.0	97.0	25.0	2589.0	139.0	80.0	99.0	1195.0	39.0	52.0	39.0	82.0	4.0
5	2	9	0.14610123039781092	0.4419207168753001	0.9545454545454546	23166.0	1198.0	2589.0	99.0	52.0	1196.0	97.0	25.0	139.0	1195.0	39.0	80.0	82.0	39.0	4.0
2	6	7	-99999.9	1.0	-0.004291845493562232	23648.0	739.0	748.0	526.0	21.0	2635.0	58.0	53.0	56.0	1294.0	25.0	42.0	30.0	124.0	1.0
2	7	6	0.18761897852412188	0.42558768901198885	0.004237288135593221	23648.0	748.0	739.0	526.0	21.0	2635.0	56.0	42.0	58.0	1294.0	30.0	53.0	25.0	124.0	1.0
6	2	7	-43.902840974644505	1.0	0.5010660980810234	23648.0	739.0	2635.0	58.0	53.0	748.0	526.0	21.0	56.0	1294.0	25.0	42.0	124.0	30.0	1.0
2	6	8	-99999.9	1.0	-0.002202643171806167	23642.0	745.0	746.0	522.0	27.0	2632.0	67.0	47.0	66.0	1289.0	20.0	44.0	27.0	125.0	1.0
2	8	6	0.08677197559638077	0.4654263176885317	0.002188183807439825	23642.0	746.0	745.0	522.0	27.0	2632.0	66.0	44.0	67.0	1289.0	27.0	47.0	20.0	125.0	1.0
6	2	8	-39.48124889635298	1.0	0.5005488474204172	23642.0	745.0	2632.0	67.0	47.0	746.0	522.0	27.0	66.0	1289.0	20.0	44.0	125.0	27.0	1.0
2	6	9	0.3692828794436919	0.355958502979709	0.8958333333333334	23195.0	1192.0	1167.0	104.0	24.0	2594.0	99.0	53.0	142.0	1194.0	39.0	72.0	40.0	81.0	4.0
2	9	6	-2.806549883772062	0.9974961810906404	0.5308641975308641	23195.0	1167.0	1192.0	104.0	24.0	2594.0	142.0	72.0	99.0	1194.0	40.0	53.0	39.0	81.0	4.0
6	2	9	-0.32634300974093705	0.6279175061239133	1.1515151515151516	23195.0	1192.0	2594.0	99.0	53.0	1167.0	104.0	24.0	142.0	1194.0	39.0	72.0	81.0	40.0	4.0
2	7	8	0.38436162760127024	0.3503552738304606	0.0032608695652173916	24058.0	338.0	330.0	946.0	10.0	2686.0	29.0	18.0	32.0	1340.0	10.0	24.0	14.0	163.0	2.0
2	8	7	-99999.9	1.0	-0.003293084522502744	24058.0	330.0	338.0	946.0	10.0	2686.0	32.0	24.0	29.0	1340.0	14.0	18.0	10.0	163.0	2.0
7	2	8	-117.10217587585376	1.0	0.4991807755324959	24058.0	338.0	2686.0	29.0	18.0	330.0	946.0	10.0	32.0	1340.0	10.0	24.0	163.0	14.0	2.0
2	7	9	2.0292470699538536	0.0212164976676692	0.6111111111111112	23233.0	1163.0	1129.0	122.0	35.0	2584.0	94.0	55.0	138.0	1205.0	39.0	86.0	34.0	78.0	5.0
2	9	7	-1.1595697542593448	0.8768879308394311	0.7333333333333333	23233.0	1129.0	1163.0	122.0	35.0	2584.0	138.0	86.0	94.0	1205.0	34.0	55.0	39.0	78.0	5.0
7	2	9	-0.737908025437765	0.7697148979429683	-1.3333333333333333	23233.0	1163.0	2584.0	94.0	55.0	1129.0	122.0	35.0	138.0	1205.0	39.0	86.0	78.0	34.0	5.0
2	8	9	0.8245862002079711	0.20480322534488193	0.8	23215.0	1173.0	1147.0	112.0	35.0	2584.0	101.0	57.0	145.0	1200.0	38.0	79.0	32.0	78.0	4.0
2	9	8	-2.473758600623915	0.9933149905502041	0.5714285714285715	23215.0	1147.0	1173.0	112.0	35.0	2584.0	145.0	79.0	101.0	1200.0	32.0	57.0	38.0	78.0	4.0
8	2	9	-0.6184396501559785	0.7318572701918313	1.5	23215.0	1173.0	2584.0	101.0	57.0	1147.0	112.0	35.0	145.0	1200.0	38.0	79.0	78.0	32.0	4.0
3	4	5	0.1549971430704705	0.438411771980052	0.00975609756097561	23927.0	1000.0	1047.0	286.0	30.0	2010.0	83.0	46.0	85.0	1305.0	32.0	35.0	35.0	78.0	1.0
3	5	4	-99999.9	1.0	-0.010050251256281407	23927.0	1047.0	1000.0	286.0	30.0	2010.0	85.0	35.0	83.0	1305.0	35.0	46.0	32.0	78.0	1.0
4	3	5	-15.577212878582275	1.0	0.4975247524752475	23927.0	1000.0	2010.0	83.0	46.0	1047.0	286.0	30.0	85.0	1305.0	32.0	35.0	78.0	35.0	1.0
3	4	6	0.7265238124250539	0.23375878819931228	0.04017857142857143	23954.0	973.0	1042.0	290.0	31.0	2018.0	75.0	46.0	84.0	1304.0	34.0	35.0	36.0	77.0	1.0
3	6	4	-99999.9	1.0	-0.04568527918781726	23954.0	1042.0	973.0	290.0	31.0	2018.0	84.0	35.0	75.0	1304.0	36.0	46.0	34.0	77.0	1.0
4	3	6	-16.629322817728998	1.0	0.48931116389548696	23954.0	973.0	2018.0	75.0	46.0	1042.0	290.0	31.0	84.0	1304.0	34.0	35.0	77.0	36.0	1.0
3	4	7	0.07896814289374221	0.46852891390177354	0.0046511627906976735	23964.0	963.0	1036.0	294.0	33.0	2013.0	80.0	46.0	81.0	1311.0	30.0	35.0	38.0	75.0	1.0
3	7	4	-99999.9	1.0	-0.0047169811320754715	23964.0	1036.0	963.0	294.0	33.0	2013.0	81.0	35.0	80.0	1311.0	38.0	46.0	30.0	75.0	1.0
4	3	7	-16.82021443636719	1.0	0.49882903981264637	23964.0	963.0	2013.0	80.0	46.0	1036.0	294.0	33.0	81.0	1311.0	30.0	35.0	75.0	38.0	1.0
3	4	8	1.9857622564798694	0.023529795029612943	0.0963855421686747	23939.0	988.0	1038.0	291.0	34.0	2026.0	66.0	47.0	90.0	1309.0	23.0	37.0	37.0	74.0	1.0
3	8	4	-99999.9	1.0	-0.13559322033898305	23939.0	1038.0	988.0	291.0	34.0	2026.0	90.0	37.0	66.0	1309.0	37.0	47.0	23.0	74.0	1.0
4	3	8	-16.63075889801892	1.0	0.47183098591549294	23939.0	988.0	2026.0	66.0	47.0	1038.0	291.0	34.0	90.0	1309.0	23.0	37.0	74.0	37.0	1.0
3	4	9	-0.8062161205798893	0.7899409359987895	1.2666666666666666	23728.0	1199.0	1246.0	80.0	37.0	1994.0	92.0	53.0	149.0	1236.0	37.0	53.0	46.0	48.0	2.0
3	9	4	-4.635742693334366	0.9999982197900052	0.45238095238095233	23728.0	1246.0	1199.0	80.0	37.0	1994.0	149.0	53.0	92.0	1236.0	46.0	53.0	37.0	48.0	2.0
4	3	9	0.9759458301756553	0.1645456550320078	0.8518518518518519	23728.0	1199.0	1994.0	92.0	53.0	1246.0	80.0	37.0	149.0	1236.0	37.0	53.0	48.0	46.0	2.0
3	5	6	1.001534998771726	0.15828412472855713	0.007135575942915392	24688.0	286.0	308.0	995.0	13.0	2096.0	21.0	13.0	28.0	1385.0	10.0	13.0	9.0	135.0	0.0
3	6	5	-99999.9	1.0	-0.007291666666666667	24688.0	308.0	286.0	995.0	13.0	2096.0	28.0	13.0	21.0	1385.0	9.0	13.0	10.0	135.0	0.0
5	3	6	-138.35490625889426	1.0	0.4981968057702215	24688.0	286.0	2096.0	21.0	13.0	308.0	995.0	13.0	28.0	1385.0	10.0	13.0	135.0	9.0	0.0
3	5	7	-99999.9	1.0	-0.0022172949002217295	24214.0	760.0	786.0	510.0	20.0	2036.0	58.0	36.0	57.0	1342.0	24.0	36.0	29.0	90.0	2.0
3	7	5	0.09331099552939189	0.46282818751391597	0.002202643171806167	24214.0	786.0	760.0	510.0	20.0	2036.0	57.0	36.0	58.0	1342.0	29.0	36.0	24.0	90.0	2.0
5	3	7	-42.17656997928513	1.0	0.5005524861878453	24214.0	760.0	2036.0	58.0	36.0	786.0	510.0	20.0	57.0	1342.0	24.0	36.0	90.0	29.0	2.0
3	5	8	1.6926160512817428	0.04526425944530654	0.03797468354430379	24192.0	782.0	785.0	505.0	26.0	2048.0	49.0	33.0	67.0	1337.0	19.0	38.0	26.0	92.0	1.0
3	8	5	-99999.9	1.0	-0.04285714285714285	24192.0	785.0	782.0	505.0	26.0	2048.0	67.0	38.0	49.0	1337.0	26.0	33.0	19.0	92.0	1.0
5	3	8	-41.18699058118904	1.0	0.4899328859060403	24192.0	782.0	2048.0	49.0	33.0	785.0	505.0	26.0	67.0	1337.0	19.0	38.0	92.0	26.0	1.0
3	5	9	-0.4951851838614576	0.6897652948039146	1.1458333333333333	23765.0	1209.0	1209.0	83.0	24.0	1990.0	90.0	50.0	145.0	1240.0	38.0	61.0	44.0	51.0	1.0
3	9	5	-4.3859259142014855	0.9999942207069765	0.4700854700854701	23765.0	1209.0	1209.0	83.0	24.0	1990.0	145.0	61.0	90.0	1240.0	44.0	50.0	38.0	51.0	1.0
5	3	9	0.5582087527165521	0.2883508915210088	0.8985507246376812	23765.0	1209.0	1990.0	90.0	50.0	1209.0	83.0	24.0	145.0	1240.0	38.0	61.0	51.0	44.0	1.0
3	6	7	-99999.9	1.0	-0.015555555555555555	24241.0	755.0	759.0	515.0	20.0	2042.0	58.0	37.0	51.0	1340.0	24.0	36.0	31.0	89.0	2.0
3	7	6	0.6745486810719497	0.24998120698267456	0.014861995753715497	24241.0	759.0	755.0	515.0	20.0	2042.0	51.0	36.0	58.0	1340.0	31.0	37.0	24.0	89.0	2.0
6	3	7	-44.03839246426875	1.0	0.503800217155266	24241.0	755.0	2042.0	58.0	37.0	759.0	515.0	20.0	51.0	1340.0	24.0	36.0	89.0	31.0	2.0
3	6	8	1.0630250064560036	0.14388533841961848	0.023305084745762712	24219.0	777.0	758.0	510.0	26.0	2055.0	49.0	33.0	60.0	1335.0	20.0	38.0	28.0	91.0	1.0
3	8	6	-99999.9	1.0	-0.02505694760820046	24219.0	758.0	777.0	510.0	26.0	2055.0	60.0	38.0	49.0	1335.0	28.0	33.0	20.0	91.0	1.0
6	3	8	-43.48738662774559	1.0	0.49396267837541163	24219.0	777.0	2055.0	49.0	33.0	758.0	510.0	26.0	60.0	1335.0	20.0	38.0	91.0	28.0	1.0
3	6	9	0.07505445357436213	0.4700856248839165	0.98	23793.0	1203.0	1181.0	91.0	22.0	1996.0	90.0	51.0	139.0	1238.0	38.0	61.0	46.0	50.0	1.0
3	9	6	-3.6026137715693585	0.9998424463305984	0.5051546391752578	23793.0	1181.0	1203.0	91.0	22.0	1996.0	139.0	61.0	90.0	1238.0	46.0	51.0	38.0	50.0	1.0
6	3	9	-0.07352273003202821	0.5293049900982914	1.0212765957446808	23793.0	1203.0	1996.0	90.0	51.0	1181.0	91.0	22.0	139.0	1238.0	38.0	61.0	50.0	46.0	1.0
3	7	8	2.8334200804979197	0.002302704184935278	0.019978969505783387	24641.0	359.0	336.0	945.0	9.0	2103.0	13.0	13.0	32.0	1386.0	11.0	18.0	13.0	118.0	3.0
3	8	7	-99999.9	1.0	-0.021252796420581654	24641.0	336.0	359.0	945.0	9.0	2103.0	32.0	18.0	13.0	1386.0	13.0	13.0	11.0	118.0	3.0
7	3	8	-136.15329123655795	1.0	0.4948509485094851	24641.0	359.0	2103.0	13.0	13.0	336.0	945.0	9.0	32.0	1386.0	11.0	18.0	118.0	13.0	3.0
3	7	9	1.2181023751659579	0.11159260238835	0.7794117647058824	23814.0	1186.0	1160.0	98.0	32.0	2003.0	83.0	43.0	136.0	1254.0	39.0	57.0	37.0	53.0	5.0
3	9	7	-3.0858593504204275	0.9989851075591254	0.5824175824175825	23814.0	1160.0	1186.0	98.0	32.0	2003.0	136.0	57.0	83.0	1254.0	37.0	43.0	39.0	53.0	5.0
7	3	9	-0.8733564199303095	0.8087656203169018	1.6521739130434783	23814.0	1186.0	2003.0	83.0	43.0	1160.0	98.0	32.0	136.0	1254.0	39.0	57.0	53.0	37.0	5.0
3	8	9	-0.14357127986813975	0.5570805124156382	1.064516129032258	23785.0	1192.0	1189.0	90.0	34.0	2014.0	92.0	47.0	125.0	1249.0	38.0	57.0	33.0	51.0	4.0
3	9	8	-2.5124973976924436	0.9940059831937677	0.4852941176470588	23785.0	1189.0	1192.0	90.0	34.0	2014.0	125.0	57.0	92.0	1249.0	33.0	47.0	38.0	51.0	4.0
8	3	9	0.1522725695571179	0.4394859642373159	0.9459459459459459	23785.0	1192.0	2014.0	92.0	47.0	1189.0	90.0	34.0	125.0	1249.0	38.0	57.0	51.0	33.0	4.0
4	5	6	-99999.9	1.0	-0.006544502617801047	25645.0	292.0	327.0	790.0	12.0	1139.0	21.0	7.0	16.0	1642.0	11.0	6.0	8.0	83.0	1.0
4	6	5	0.8228151030406978	0.2053065188967801	0.0064184852374839525	25645.0	327.0	292.0	790.0	12.0	1139.0	16.0	6.0	21.0	1642.0	8.0	7.0	11.0	83.0	1.0
5	4	6	-126.5489628476589	1.0	0.5016202203499676	25645.0	292.0	1139.0	21.0	7.0	327.0	790.0	12.0	16.0	1642.0	11.0	6.0	83.0	8.0	1.0
4	5	7	-99999.9	1.0	-0.05309734513274337	25149.0	788.0	828.0	285.0	16.0	1101.0	47.0	19.0	35.0	1604.0	30.0	16.0	29.0	53.0	0.0
4	7	5	1.346084221725968	0.08913774178885547	0.04580152671755725	25149.0	828.0	788.0	285.0	16.0	1101.0	35.0	16.0	47.0	1604.0	29.0	19.0	30.0	53.0	0.0
5	4	7	-26.697337064231697	1.0	0.5122950819672132	25149.0	788.0	1101.0	47.0	19.0	828.0	285.0	16.0	35.0	1604.0	30.0	16.0	53.0	29.0	0.0
4	5	8	0.10385682651503125	0.45864142995645607	0.004273504273504273	25138.0	799.0	827.0	279.0	23.0	1102.0	46.0	19.0	47.0	1601.0	21.0	16.0	27.0	54.0	1.0
4	8	5	-99999.9	1.0	-0.004329004329004329	25138.0	827.0	799.0	279.0	23.0	1102.0	47.0	16.0	46.0	1601.0	27.0	19.0	21.0	54.0	1.0
5	4	8	-24.094783751487228	1.0	0.4989247311827957	25138.0	799.0	1102.0	46.0	19.0	827.0	279.0	23.0	47.0	1601.0	21.0	16.0	54.0	27.0	1.0
4	5	9	0.37691871417180745	0.3531170646464956	0.9860627177700348	24675.0	1262.0	1047.0	59.0	23.0	1080.0	55.0	32.0	338.0	1278.0	53.0	30.0	31.0	37.0	0.0
4	9	5	-26.290080313483553	1.0	0.50355871886121	24675.0	1047.0	1262.0	59.0	23.0	1080.0	338.0	30.0	55.0	1278.0	31.0	32.0	53.0	37.0	0.0
5	4	9	-0.37159124117997977	0.644901334700004	1.0145454545454546	24675.0	1262.0	1080.0	55.0	32.0	1047.0	59.0	23.0	338.0	1278.0	53.0	30.0	37.0	31.0	0.0
4	6	7	-99999.9	1.0	-0.02531645569620253	25186.0	786.0	791.0	287.0	16.0	1097.0	44.0	20.0	38.0	1604.0	29.0	17.0	32.0	53.0	0.0
4	7	6	0.668920722974913	0.25177295937361477	0.023529411764705882	25186.0	791.0	786.0	287.0	16.0	1097.0	38.0	17.0	44.0	1604.0	32.0	20.0	29.0	53.0	0.0
6	4	7	-27.091289280483974	1.0	0.5060975609756098	25186.0	786.0	1097.0	44.0	20.0	791.0	287.0	16.0	38.0	1604.0	29.0	17.0	53.0	32.0	0.0
4	6	8	0.5175175366361192	0.3023974544320822	0.02066115702479339	25177.0	795.0	788.0	282.0	24.0	1097.0	45.0	19.0	50.0	1600.0	21.0	18.0	29.0	54.0	1.0
4	8	6	-99999.9	1.0	-0.022026431718061675	25177.0	788.0	795.0	282.0	24.0	1097.0	50.0	18.0	45.0	1600.0	29.0	19.0	21.0	54.0	1.0
6	4	8	-24.012813699915938	1.0	0.49466950959488276	25177.0	795.0	1097.0	45.0	19.0	788.0	282.0	24.0	50.0	1600.0	21.0	18.0	54.0	29.0	1.0
4	6	9	1.014994556576429	0.15505422678458614	0.9629629629629629	24714.0	1258.0	1008.0	66.0	20.0	1075.0	55.0	31.0	341.0	1276.0	54.0	32.0	33.0	37.0	0.0
4	9	6	-25.37486391441074	1.0	0.5098039215686274	24714.0	1008.0	1258.0	66.0	20.0	1075.0	341.0	32.0	55.0	1276.0	33.0	31.0	54.0	37.0	0.0
6	4	9	-0.9759563044004123	0.8354569403587386	1.0416666666666667	24714.0	1258.0	1075.0	55.0	31.0	1008.0	66.0	20.0	341.0	1276.0	54.0	32.0	37.0	33.0	0.0
4	7	8	2.1398799905248107	0.01618217576769787	0.01778385772913817	25614.0	363.0	351.0	730.0	8.0	1130.0	12.0	10.0	25.0	1645.0	10.0	10.0	17.0	74.0	1.0
4	8	7	-99999.9	1.0	-0.01878612716763006	25614.0	351.0	363.0	730.0	8.0	1130.0	25.0	10.0	12.0	1645.0	17.0	10.0	10.0	74.0	1.0
7	4	8	-116.04733794769139	1.0	0.49543218552354185	25614.0	363.0	1130.0	12.0	10.0	351.0	730.0	8.0	25.0	1645.0	10.0	10.0	74.0	17.0	1.0
4	7	9	2.6744474516322088	0.0037426711479950914	0.9099378881987578	24743.0	1234.0	979.0	76.0	34.0	1074.0	47.0	31.0	340.0	1289.0	51.0	34.0	28.0	40.0	0.0
4	9	7	-24.346694042444923	1.0	0.526032315978456	24743.0	979.0	1234.0	76.0	34.0	1074.0	340.0	34.0	47.0	1289.0	28.0	31.0	51.0	40.0	0.0
7	4	9	-2.4097410485696353	0.992018081261175	1.123404255319149	24743.0	1234.0	1074.0	47.0	31.0	979.0	76.0	34.0	340.0	1289.0	51.0	34.0	40.0	28.0	0.0
4	8	9	0.8221718723428558	0.205489487798442	0.96875	24723.0	1242.0	999.0	66.0	36.0	1076.0	57.0	32.0	336.0	1286.0	52.0	36.0	21.0	38.0	0.0
4	9	8	-24.665156170285677	1.0	0.5081967213114755	24723.0	999.0	1242.0	66.0	36.0	1076.0	336.0	36.0	57.0	1286.0	21.0	32.0	52.0	38.0	0.0
8	4	9	-0.7956501990414734	0.7868823707105528	1.0344827586206897	24723.0	1242.0	1076.0	57.0	32.0	999.0	66.0	36.0	336.0	1286.0	52.0	36.0	38.0	21.0	0.0
5	6	7	0.5775594933145933	0.2817807413533687	0.994328922495274	25951.0	833.0	299.0	15.0	6.0	332.0	12.0	5.0	538.0	1918.0	59.0	9.0	12.0	11.0	0.0
5	7	6	-100.68787166784415	1.0	0.5014299332697807	25951.0	299.0	833.0	15.0	6.0	332.0	538.0	9.0	12.0	1918.0	12.0	5.0	59.0	11.0	0.0
6	5	7	-0.5742654277633694	0.7171059377405494	1.0057692307692307	25951.0	833.0	332.0	12.0	5.0	299.0	15.0	6.0	538.0	1918.0	59.0	9.0	11.0	12.0	0.0
5	6	8	0.5391581754760078	0.29488883665747934	0.9944444444444445	25944.0	840.0	296.0	17.0	7.0	330.0	14.0	5.0	551.0	1908.0	56.0	9.0	12.0	11.0	0.0
5	8	6	-95.97015523472946	1.0	0.5014005602240896	25944.0	296.0	840.0	17.0	7.0	330.0	551.0	9.0	14.0	1908.0	12.0	5.0	56.0	11.0	0.0
6	5	8	-0.5361461186297731	0.7040712359439643	1.0056497175141244	25944.0	840.0	330.0	14.0	5.0	296.0	17.0	7.0	551.0	1908.0	56.0	9.0	11.0	12.0	0.0
5	6	9	1.372695219117838	0.0849236176271192	0.9925163704396632	25461.0	1323.0	294.0	21.0	5.0	328.0	13.0	8.0	1074.0	1350.0	91.0	13.0	11.0	8.0	0.0
5	9	6	-180.68100821638467	1.0	0.5018921475875118	25461.0	294.0	1323.0	21.0	5.0	328.0	1074.0	13.0	13.0	1350.0	11.0	8.0	91.0	8.0	0.0
6	5	9	-1.3623450195391928	0.9134554256707363	1.0076555023923446	25461.0	1323.0	328.0	13.0	8.0	294.0	21.0	5.0	1074.0	1350.0	91.0	13.0	8.0	11.0	0.0
5	7	8	2.741954984595188	0.003053790125007283	0.03219315895372234	25880.0	370.0	360.0	490.0	4.0	864.0	9.0	6.0	25.0	1906.0	11.0	1.0	19.0	53.0	2.0
5	8	7	-99999.9	1.0	-0.035634743875278395	25880.0	360.0	370.0	490.0	4.0	864.0	25.0	1.0	9.0	1906.0	19.0	6.0	11.0	53.0	2.0
7	5	8	-79.68806673979769	1.0	0.4915433403805497	25880.0	370.0	864.0	9.0	6.0	360.0	490.0	4.0	25.0	1906.0	11.0	1.0	53.0	19.0	2.0
5	7	9	2.7079114682580108	0.00338545450185046	0.9529837251356239	24989.0	1261.0	766.0	60.0	28.0	828.0	34.0	17.0	561.0	1318.0	63.0	26.0	22.0	27.0	0.0
5	9	7	-52.179370984510115	1.0	0.5126459143968871	24989.0	766.0	1261.0	60.0	28.0	828.0	561.0	26.0	34.0	1318.0	22.0	17.0	63.0	27.0	0.0
7	5	9	-2.574314318021373	0.9949780215676947	1.0547368421052632	24989.0	1261.0	828.0	34.0	17.0	766.0	60.0	28.0	561.0	1318.0	63.0	26.0	27.0	22.0	0.0
5	8	9	0.7376205230274271	0.23037247140001027	0.9864864864864865	24967.0	1273.0	788.0	49.0	27.0	832.0	42.0	16.0	553.0	1316.0	65.0	30.0	16.0	25.0	1.0
5	9	8	-53.10867765797471	1.0	0.503448275862069	24967.0	788.0	1273.0	49.0	27.0	832.0	553.0	30.0	42.0	1316.0	16.0	16.0	65.0	25.0	1.0
8	5	9	-0.7275161323010241	0.7665451510516967	1.0140845070422535	24967.0	1273.0	832.0	42.0	16.0	788.0	49.0	27.0	553.0	1316.0	65.0	30.0	25.0	16.0	1.0
6	7	8	2.536921853409128	0.0055916179558481716	0.03042596348884381	25917.0	366.0	357.0	488.0	5.0	827.0	10.0	9.0	25.0	1908.0	11.0	4.0	18.0	53.0	2.0
6	8	7	-99999.9	1.0	-0.033482142857142856	25917.0	357.0	366.0	488.0	5.0	827.0	25.0	4.0	10.0	1908.0	18.0	9.0	11.0	53.0	2.0
7	6	8	-78.30632120856177	1.0	0.4920297555791711	25917.0	366.0	827.0	10.0	9.0	357.0	488.0	5.0	25.0	1908.0	11.0	4.0	53.0	18.0	2.0
6	7	9	1.708497103531889	0.04377204001773616	0.9685185185185186	25027.0	1256.0	762.0	59.0	29.0	790.0	42.0	14.0	565.0	1316.0	63.0	26.0	21.0	30.0	0.0
6	9	7	-50.852913787478585	1.0	0.5082604470359573	25027.0	762.0	1256.0	59.0	29.0	790.0	565.0	26.0	42.0	1316.0	21.0	14.0	63.0	30.0	0.0
7	6	9	-1.652962780854944	0.9508307969630865	1.034764826175869	25027.0	1256.0	790.0	42.0	14.0	762.0	59.0	29.0	565.0	1316.0	63.0	26.0	30.0	21.0	0.0
6	8	9	-0.10035214962655273	0.5399676784053944	1.0019723865877712	25006.0	1268.0	783.0	49.0	27.0	793.0	50.0	13.0	558.0	1313.0	65.0	30.0	16.0	28.0	1.0
6	9	8	-51.07924415991533	1.0	0.4995083579154376	25006.0	783.0	1268.0	49.0	27.0	793.0	558.0	30.0	50.0	1313.0	16.0	13.0	65.0	28.0	1.0
8	6	9	0.10054969322817979	0.45995390982608586	0.9980392156862745	25006.0	1268.0	793.0	50.0	13.0	783.0	49.0	27.0	558.0	1313.0	65.0	30.0	28.0	16.0	1.0
7	8	9	-2.8411785102207743	0.9977525791135551	1.0200845665961944	25455.0	1289.0	362.0	12.0	11.0	344.0	31.0	11.0	996.0	1365.0	88.0	13.0	9.0	13.0	1.0
7	9	8	-147.14313968722323	1.0	0.49512570548999485	25455.0	362.0	1289.0	12.0	11.0	344.0	996.0	13.0	31.0	1365.0	9.0	11.0	88.0	13.0	1.0
8	7	9	2.897118812494551	0.0018831022810933407	0.9810568295114656	25455.0	1289.0	344.0	31.0	11.0	362.0	12.0	11.0	996.0	1365.0	88.0	13.0	13.0	9.0	1.0
