P1	Hybrid	P2	Zscore	Pvalue	Gamma	AAAA	AAAB	AABA	AABB	AABC	ABAA	ABAB	ABAC	ABBA	BAAA	ABBC	CABC	BACA	BCAA	ABCD
1	2	3	-1.1402978869981015	0.8729188365442089	1.0869565217391304	7196.0	428.0	656.0	44.0	26.0	813.0	56.0	26.0	206.0	409.0	27.0	63.0	24.0	23.0	3.0
1	3	2	-15.394021474474375	1.0	0.4807692307692307	7196.0	656.0	428.0	44.0	26.0	813.0	206.0	63.0	56.0	409.0	24.0	26.0	27.0	23.0	3.0
2	1	3	1.2315217179579496	0.10906396720033495	0.9310344827586207	7196.0	428.0	813.0	56.0	26.0	656.0	44.0	26.0	206.0	409.0	27.0	63.0	23.0	24.0	3.0
1	2	4	-1.029814261765209	0.8484513765689863	1.036144578313253	7290.0	334.0	675.0	32.0	19.0	838.0	41.0	16.0	299.0	323.0	20.0	70.0	16.0	25.0	2.0
1	4	2	-30.55115643236784	1.0	0.4914285714285714	7290.0	675.0	334.0	32.0	19.0	838.0	299.0	70.0	41.0	323.0	16.0	16.0	20.0	25.0	2.0
2	1	4	1.0657380150826001	0.1432710776557552	0.967391304347826	7290.0	334.0	838.0	41.0	16.0	675.0	32.0	19.0	299.0	323.0	20.0	70.0	25.0	16.0	2.0
1	2	5	-0.40955682647051767	0.6589344183794275	1.0094043887147335	7306.0	318.0	682.0	25.0	19.0	850.0	28.0	17.0	350.0	272.0	20.0	72.0	18.0	22.0	1.0
1	5	2	-44.36865620097278	1.0	0.49768160741885625	7306.0	682.0	318.0	25.0	19.0	850.0	350.0	72.0	28.0	272.0	18.0	17.0	20.0	22.0	1.0
2	1	5	0.41337257330098826	0.3396668763621078	0.9908536585365854	7306.0	318.0	850.0	28.0	17.0	682.0	25.0	19.0	350.0	272.0	20.0	72.0	22.0	18.0	1.0
1	2	6	-0.5038543631158758	0.692818142302947	1.0132013201320131	7299.0	325.0	679.0	29.0	18.0	847.0	33.0	15.0	340.0	280.0	22.0	75.0	19.0	19.0	0.0
1	6	2	-39.174676732259364	1.0	0.4967637540453074	7299.0	679.0	325.0	29.0	18.0	847.0	340.0	75.0	33.0	280.0	19.0	15.0	22.0	19.0	0.0
2	1	6	0.5104192408111967	0.30487888294011656	0.9873015873015873	7299.0	325.0	847.0	33.0	15.0	679.0	29.0	18.0	340.0	280.0	22.0	75.0	19.0	19.0	0.0
1	2	7	-0.8563906341609283	0.8041091727659179	1.0164383561643835	7382.0	242.0	692.0	21.0	13.0	859.0	27.0	9.0	398.0	228.0	16.0	79.0	13.0	19.0	2.0
1	7	2	-53.809878179778345	1.0	0.49598930481283426	7382.0	692.0	242.0	21.0	13.0	859.0	398.0	79.0	27.0	228.0	13.0	9.0	16.0	19.0	2.0
2	1	7	0.8702406174627225	0.19208442171018536	0.9843342036553525	7382.0	242.0	859.0	27.0	9.0	692.0	21.0	13.0	398.0	228.0	16.0	79.0	19.0	13.0	2.0
1	2	8	-1.2162156249798666	0.8880485369420268	1.0201511335012594	7421.0	203.0	699.0	17.0	10.0	861.0	25.0	9.0	430.0	197.0	15.0	82.0	15.0	15.0	1.0
1	8	2	-62.78713163958559	1.0	0.49511002444987773	7421.0	699.0	203.0	17.0	10.0	861.0	430.0	82.0	25.0	197.0	15.0	9.0	15.0	15.0	1.0
2	1	8	1.2402396373251479	0.10744345394779131	0.9809976247030879	7421.0	203.0	861.0	25.0	9.0	699.0	17.0	10.0	430.0	197.0	15.0	82.0	15.0	15.0	1.0
1	2	9	-1.7615316914206003	0.9609258175036769	1.0145985401459854	7558.0	66.0	714.0	6.0	6.0	875.0	14.0	6.0	570.0	68.0	4.0	104.0	5.0	4.0	0.0
1	9	2	-124.18798424515212	1.0	0.49642857142857144	7558.0	714.0	66.0	6.0	6.0	875.0	570.0	104.0	14.0	68.0	5.0	6.0	4.0	4.0	0.0
2	1	9	1.786877471153271	0.03697859744239462	0.986013986013986	7558.0	66.0	875.0	14.0	6.0	714.0	6.0	6.0	570.0	68.0	4.0	104.0	4.0	5.0	0.0
1	3	4	0.5154284019382346	0.3031268351983909	0.9652173913043478	7507.0	345.0	458.0	33.0	7.0	1025.0	29.0	28.0	140.0	341.0	8.0	42.0	10.0	25.0	2.0
1	4	3	-13.78770975184779	1.0	0.5091743119266056	7507.0	458.0	345.0	33.0	7.0	1025.0	140.0	42.0	29.0	341.0	10.0	28.0	8.0	25.0	2.0
3	1	4	-0.496854405471992	0.6903541367377102	1.0388349514563107	7507.0	345.0	1025.0	29.0	28.0	458.0	33.0	7.0	140.0	341.0	8.0	42.0	25.0	10.0	2.0
1	3	5	2.2927782007269335	0.010930358775505855	0.9139784946236559	7532.0	320.0	456.0	33.0	9.0	1042.0	17.0	23.0	187.0	289.0	13.0	43.0	12.0	23.0	1.0
1	5	3	-22.06799018199675	1.0	0.5246913580246914	7532.0	456.0	320.0	33.0	9.0	1042.0	187.0	43.0	17.0	289.0	12.0	23.0	13.0	23.0	1.0
3	1	5	-2.0769873112467514	0.981098699581314	1.1159420289855073	7532.0	320.0	1042.0	17.0	23.0	456.0	33.0	9.0	187.0	289.0	13.0	43.0	23.0	12.0	1.0
1	3	6	-0.27519196599131474	0.608415556642675	1.0128205128205128	7520.0	332.0	458.0	25.0	15.0	1030.0	27.0	25.0	185.0	294.0	10.0	47.0	11.0	20.0	1.0
1	6	3	-22.01535727930522	1.0	0.4968553459119497	7520.0	458.0	332.0	25.0	15.0	1030.0	185.0	47.0	27.0	294.0	11.0	25.0	10.0	20.0	1.0
3	1	6	0.27867540859879975	0.3902470328706913	0.9876543209876543	7520.0	332.0	1030.0	27.0	25.0	458.0	25.0	15.0	185.0	294.0	10.0	47.0	20.0	11.0	1.0
1	3	7	-0.5706301131529229	0.7158748356319886	1.0185185185185186	7607.0	245.0	467.0	22.0	9.0	1040.0	26.0	16.0	246.0	234.0	9.0	50.0	8.0	20.0	1.0
1	7	3	-31.955286336563677	1.0	0.49549549549549543	7607.0	467.0	245.0	22.0	9.0	1040.0	246.0	50.0	26.0	234.0	8.0	16.0	9.0	20.0	1.0
3	1	7	0.5810052061193397	0.280618431672093	0.9824561403508771	7607.0	245.0	1040.0	26.0	16.0	467.0	22.0	9.0	246.0	234.0	9.0	50.0	20.0	8.0	1.0
1	3	8	-0.2998539491235657	0.617855650684066	1.0080645161290323	7650.0	202.0	470.0	21.0	7.0	1047.0	23.0	12.0	273.0	207.0	9.0	53.0	7.0	18.0	1.0
1	8	3	-37.78159758956927	1.0	0.49800796812749004	7650.0	470.0	202.0	21.0	7.0	1047.0	273.0	53.0	23.0	207.0	7.0	12.0	9.0	18.0	1.0
3	1	8	0.30225278071655426	0.3812297541559362	0.9921259842519685	7650.0	202.0	1047.0	23.0	12.0	470.0	21.0	7.0	273.0	207.0	9.0	53.0	18.0	7.0	1.0
1	3	9	-1.3929596878656567	0.918183953414541	1.0151133501259446	7781.0	71.0	491.0	6.0	1.0	1063.0	12.0	7.0	415.0	73.0	1.0	71.0	2.0	6.0	0.0
1	9	3	-94.95341872284226	1.0	0.49630541871921185	7781.0	491.0	71.0	6.0	1.0	1063.0	415.0	71.0	12.0	73.0	2.0	7.0	1.0	6.0	0.0
3	1	9	1.413698541779289	0.0787252685612646	0.9855421686746988	7781.0	71.0	1063.0	12.0	7.0	491.0	6.0	1.0	415.0	73.0	1.0	71.0	6.0	2.0	0.0
1	4	5	0.5592410775370139	0.2879985698289793	0.9354838709677419	7641.0	324.0	347.0	29.0	9.0	1159.0	25.0	23.0	83.0	286.0	11.0	30.0	7.0	26.0	0.0
1	5	4	-7.5497545467496945	0.999999999999978	0.5178571428571428	7641.0	347.0	324.0	29.0	9.0	1159.0	83.0	30.0	25.0	286.0	7.0	23.0	11.0	26.0	0.0
4	1	5	-0.5206727273620476	0.6987026242716639	1.08	7641.0	324.0	1159.0	25.0	23.0	347.0	29.0	9.0	83.0	286.0	11.0	30.0	26.0	7.0	0.0
1	4	6	0.2508371600977076	0.40097006047284245	0.9591836734693877	7638.0	327.0	340.0	34.0	11.0	1151.0	32.0	24.0	79.0	293.0	8.0	32.0	7.0	24.0	0.0
1	6	4	-5.643836102198422	0.9999999916618998	0.5108695652173914	7638.0	340.0	327.0	34.0	11.0	1151.0	79.0	32.0	32.0	293.0	7.0	24.0	8.0	24.0	0.0
4	1	6	-0.24016323839142223	0.5948980940354038	1.0465116279069768	7638.0	327.0	1151.0	32.0	24.0	340.0	34.0	11.0	79.0	293.0	8.0	32.0	24.0	7.0	0.0
1	4	7	0.13063333279381203	0.4480326523521654	0.9912280701754386	7727.0	238.0	347.0	30.0	8.0	1161.0	29.0	17.0	142.0	232.0	6.0	33.0	7.0	23.0	0.0
1	7	4	-14.630933272906972	1.0	0.5022222222222222	7727.0	347.0	238.0	30.0	8.0	1161.0	142.0	33.0	29.0	232.0	7.0	17.0	6.0	23.0	0.0
4	1	7	-0.12947728560094643	0.5515100365208114	1.009009009009009	7727.0	238.0	1161.0	29.0	17.0	347.0	30.0	8.0	142.0	232.0	6.0	33.0	23.0	7.0	0.0
1	4	8	0.583380364621781	0.2798185948423014	0.9727891156462585	7768.0	197.0	352.0	26.0	7.0	1173.0	22.0	12.0	165.0	208.0	7.0	35.0	7.0	21.0	0.0
1	8	4	-20.272467670606872	1.0	0.5070921985815604	7768.0	352.0	197.0	26.0	7.0	1173.0	165.0	35.0	22.0	208.0	7.0	12.0	7.0	21.0	0.0
4	1	8	-0.5670620327442487	0.7146640163598481	1.0296296296296297	7768.0	197.0	1173.0	22.0	12.0	352.0	26.0	7.0	165.0	208.0	7.0	35.0	21.0	7.0	0.0
1	4	9	-2.207289431595083	0.9863531241930736	1.03886925795053	7895.0	70.0	377.0	6.0	2.0	1183.0	17.0	7.0	311.0	69.0	0.0	55.0	1.0	7.0	0.0
1	9	4	-61.20211605786359	1.0	0.49081803005008345	7895.0	377.0	70.0	6.0	2.0	1183.0	311.0	55.0	17.0	69.0	1.0	7.0	0.0	7.0	0.0
4	1	9	2.2898750906003413	0.011014248632953416	0.9651898734177216	7895.0	70.0	1183.0	17.0	7.0	377.0	6.0	2.0	311.0	69.0	0.0	55.0	7.0	1.0	0.0
1	5	6	-99999.9	1.0	-0.09917355371900825	7780.0	208.0	198.0	159.0	5.0	1227.0	26.0	19.0	14.0	300.0	4.0	21.0	6.0	33.0	0.0
1	6	5	1.922522952177805	0.027269926671588784	0.07643312101910828	7780.0	198.0	208.0	159.0	5.0	1227.0	14.0	21.0	26.0	300.0	6.0	19.0	4.0	33.0	0.0
5	1	6	-21.307962719970664	1.0	0.5215827338129497	7780.0	208.0	1227.0	26.0	19.0	198.0	159.0	5.0	14.0	300.0	4.0	21.0	33.0	6.0	0.0
1	5	7	-0.38404855743845834	0.6495287154050764	1.0625	7748.0	240.0	326.0	27.0	9.0	1223.0	30.0	19.0	81.0	232.0	5.0	32.0	6.0	22.0	0.0
1	7	5	-6.91287403389225	0.9999999999976106	0.4857142857142857	7748.0	326.0	240.0	27.0	9.0	1223.0	81.0	32.0	30.0	232.0	6.0	19.0	5.0	22.0	0.0
5	1	7	0.4066396490524853	0.3421363824340623	0.9473684210526315	7748.0	240.0	1223.0	30.0	19.0	326.0	27.0	9.0	81.0	232.0	5.0	32.0	22.0	6.0	0.0
1	5	8	0.14352343344660418	0.442938379850669	0.9882352941176471	7786.0	202.0	334.0	25.0	3.0	1233.0	24.0	15.0	108.0	206.0	4.0	32.0	7.0	21.0	0.0
1	8	5	-11.912444976068112	1.0	0.5029940119760479	7786.0	334.0	202.0	25.0	3.0	1233.0	108.0	32.0	24.0	206.0	7.0	15.0	4.0	21.0	0.0
5	1	8	-0.14181482114366842	0.5563868860502088	1.0121951219512195	7786.0	202.0	1233.0	24.0	15.0	334.0	25.0	3.0	108.0	206.0	4.0	32.0	21.0	7.0	0.0
1	5	9	-2.1004948029227726	0.9821573937541186	1.05	7920.0	68.0	352.0	7.0	3.0	1247.0	18.0	7.0	249.0	69.0	0.0	53.0	0.0	7.0	0.0
1	9	5	-46.21088566430107	1.0	0.48837209302325585	7920.0	352.0	68.0	7.0	3.0	1247.0	249.0	53.0	18.0	69.0	0.0	7.0	0.0	7.0	0.0
5	1	9	2.200518364966714	0.013885021235132688	0.9565217391304348	7920.0	68.0	1247.0	18.0	7.0	352.0	7.0	3.0	249.0	69.0	0.0	53.0	7.0	0.0	0.0
1	6	7	0.2757433066005651	0.3913726793781773	0.9701492537313433	7733.0	245.0	341.0	28.0	3.0	1216.0	26.0	20.0	91.0	236.0	5.0	29.0	6.0	21.0	0.0
1	7	6	-8.685914157917798	1.0	0.5078125000000001	7733.0	341.0	245.0	28.0	3.0	1216.0	91.0	29.0	26.0	236.0	6.0	20.0	5.0	21.0	0.0
6	1	7	-0.26725889716670154	0.605365022779053	1.0327868852459017	7733.0	245.0	1216.0	26.0	20.0	341.0	28.0	3.0	91.0	236.0	5.0	29.0	21.0	6.0	0.0
1	6	8	0.5747084287088219	0.2827442149258361	0.9603960396039604	7779.0	199.0	341.0	27.0	4.0	1223.0	23.0	16.0	120.0	207.0	5.0	30.0	7.0	19.0	0.0
1	8	6	-13.361970967480122	1.0	0.5105263157894737	7779.0	341.0	199.0	27.0	4.0	1223.0	120.0	30.0	23.0	207.0	7.0	16.0	5.0	19.0	0.0
6	1	8	-0.5510091120610354	0.7091863134038272	1.0449438202247192	7779.0	199.0	1223.0	23.0	16.0	341.0	27.0	4.0	120.0	207.0	5.0	30.0	19.0	7.0	0.0
1	6	9	-1.6544492765451835	0.9509818860160194	1.0338983050847457	7908.0	70.0	364.0	7.0	1.0	1240.0	15.0	7.0	259.0	72.0	1.0	50.0	0.0	6.0	0.0
1	9	6	-52.115152211173275	1.0	0.4919354838709677	7908.0	364.0	70.0	7.0	1.0	1240.0	259.0	50.0	15.0	72.0	0.0	7.0	1.0	6.0	0.0
6	1	9	1.7086935151204354	0.04375383626586482	0.9692307692307692	7908.0	70.0	1240.0	15.0	7.0	364.0	7.0	1.0	259.0	72.0	1.0	50.0	6.0	0.0	0.0
1	7	8	0.4552200059871452	0.32447550720735563	0.9090909090909091	7872.0	202.0	248.0	25.0	3.0	1300.0	22.0	14.0	52.0	212.0	4.0	21.0	3.0	22.0	0.0
1	8	7	-4.0969800538843	0.9999790599453265	0.5263157894736842	7872.0	248.0	202.0	25.0	3.0	1300.0	52.0	21.0	22.0	212.0	3.0	14.0	4.0	22.0	0.0
7	1	8	-0.4096980053884306	0.6589862081873595	1.125	7872.0	202.0	1300.0	22.0	14.0	248.0	25.0	3.0	52.0	212.0	4.0	21.0	22.0	3.0	0.0
1	7	9	-1.5493823218892642	0.9393550644868188	1.04	8005.0	69.0	267.0	6.0	3.0	1319.0	13.0	4.0	195.0	72.0	1.0	35.0	2.0	8.0	1.0
1	9	7	-41.833322691010146	1.0	0.49056603773584906	8005.0	267.0	69.0	6.0	3.0	1319.0	195.0	35.0	13.0	72.0	2.0	4.0	1.0	8.0	1.0
7	1	9	1.6089739496542363	0.05381101584120995	0.9642857142857143	8005.0	69.0	1319.0	13.0	4.0	267.0	6.0	3.0	195.0	72.0	1.0	35.0	8.0	2.0	1.0
1	8	9	-1.2962331753671383	0.902552350390001	1.0416666666666667	8049.0	71.0	223.0	7.0	0.0	1353.0	13.0	7.0	163.0	74.0	0.0	33.0	0.0	7.0	0.0
1	9	8	-33.702062559545595	1.0	0.49019607843137253	8049.0	223.0	71.0	7.0	0.0	1353.0	163.0	33.0	13.0	74.0	0.0	7.0	0.0	7.0	0.0
8	1	9	1.3480825023818241	0.08881598754434472	0.9629629629629629	8049.0	71.0	1353.0	13.0	7.0	223.0	7.0	0.0	163.0	74.0	0.0	33.0	7.0	0.0	0.0
2	3	4	1.3512156443961136	0.08831324512651828	0.9090909090909091	7658.0	351.0	470.0	34.0	6.0	874.0	24.0	27.0	124.0	344.0	8.0	46.0	12.0	21.0	1.0
2	4	3	-12.160940799565024	1.0	0.5263157894736842	7658.0	470.0	351.0	34.0	6.0	874.0	124.0	46.0	24.0	344.0	12.0	27.0	8.0	21.0	1.0
3	2	4	-1.2160940799565023	0.8880253907694282	1.125	7658.0	351.0	874.0	24.0	27.0	470.0	34.0	6.0	124.0	344.0	8.0	46.0	21.0	12.0	1.0
2	3	5	1.7278697852940827	0.04200574962200887	0.9212121212121213	7693.0	316.0	463.0	36.0	11.0	881.0	23.0	21.0	175.0	287.0	14.0	48.0	9.0	22.0	1.0
2	5	3	-18.47491539660597	1.0	0.5223367697594501	7693.0	463.0	316.0	36.0	11.0	881.0	175.0	48.0	23.0	287.0	9.0	21.0	14.0	22.0	1.0
3	2	5	-1.580091448393931	0.9429570315838266	1.1031746031746033	7693.0	316.0	881.0	23.0	21.0	463.0	36.0	11.0	175.0	287.0	14.0	48.0	22.0	9.0	1.0
2	3	6	0.0	0.49999999949999996	nan	7675.0	334.0	471.0	26.0	13.0	875.0	26.0	24.0	171.0	292.0	13.0	48.0	10.0	21.0	1.0
2	6	3	-20.088575452819157	1.0	0.5	7675.0	471.0	334.0	26.0	13.0	875.0	171.0	48.0	26.0	292.0	10.0	24.0	13.0	21.0	1.0
3	2	6	0.0	0.49999999949999996	nan	7675.0	334.0	875.0	26.0	24.0	471.0	26.0	13.0	171.0	292.0	13.0	48.0	21.0	10.0	1.0
2	3	7	-0.453132768570982	0.6747734058957553	1.0149253731343284	7758.0	251.0	483.0	20.0	7.0	889.0	23.0	13.0	227.0	237.0	12.0	53.0	8.0	19.0	0.0
2	7	3	-31.26616103139776	1.0	0.4963503649635037	7758.0	483.0	251.0	20.0	7.0	889.0	227.0	53.0	23.0	237.0	8.0	13.0	12.0	19.0	0.0
3	2	7	0.4597964857558494	0.32283117319047516	0.9857142857142858	7758.0	251.0	889.0	23.0	13.0	483.0	20.0	7.0	227.0	237.0	12.0	53.0	19.0	8.0	0.0
2	3	8	1.0355060145062231	0.15021635275675238	0.976	7799.0	210.0	483.0	20.0	7.0	898.0	14.0	13.0	258.0	208.0	10.0	55.0	7.0	18.0	0.0
2	8	3	-41.07507190874682	1.0	0.5062240663900415	7799.0	483.0	210.0	20.0	7.0	898.0	258.0	55.0	14.0	208.0	7.0	13.0	10.0	18.0	0.0
3	2	8	-1.0100427518544308	0.8437625822547183	1.0258620689655173	7799.0	210.0	898.0	14.0	13.0	483.0	20.0	7.0	258.0	208.0	10.0	55.0	18.0	7.0	0.0
2	3	9	0.4993807983832207	0.30875557076410587	0.9950124688279302	7933.0	76.0	500.0	9.0	1.0	911.0	7.0	7.0	406.0	69.0	1.0	71.0	2.0	7.0	0.0
2	9	3	-99.12708847906904	1.0	0.5012562814070353	7933.0	500.0	76.0	9.0	1.0	911.0	406.0	71.0	7.0	69.0	2.0	7.0	1.0	7.0	0.0
3	2	9	-0.4968776364865629	0.6903623283709239	1.0050632911392405	7933.0	76.0	911.0	7.0	7.0	500.0	9.0	1.0	406.0	69.0	1.0	71.0	7.0	2.0	0.0
2	4	5	0.6749425172017407	0.249856076634408	0.9122807017543859	7806.0	322.0	350.0	32.0	9.0	994.0	27.0	23.0	79.0	288.0	13.0	31.0	4.0	21.0	1.0
2	5	4	-6.34445966169637	0.9999999998878957	0.5252525252525252	7806.0	350.0	322.0	32.0	9.0	994.0	79.0	31.0	27.0	288.0	4.0	23.0	13.0	21.0	1.0
4	2	5	-0.610044198240035	0.7290837865814713	1.119047619047619	7806.0	322.0	994.0	27.0	23.0	350.0	32.0	9.0	79.0	288.0	13.0	31.0	21.0	4.0	1.0
2	4	6	0.6570008186235294	0.25559013134370845	0.9	7798.0	330.0	348.0	34.0	9.0	991.0	29.0	24.0	74.0	295.0	11.0	29.0	4.0	22.0	2.0
2	6	4	-5.25600654898824	0.9999999262438066	0.5294117647058824	7798.0	348.0	330.0	34.0	9.0	991.0	74.0	29.0	29.0	295.0	4.0	24.0	11.0	22.0	2.0
4	2	6	-0.5840007276653596	0.720390130697133	1.1428571428571428	7798.0	330.0	991.0	29.0	24.0	348.0	34.0	9.0	74.0	295.0	11.0	29.0	22.0	4.0	2.0
2	4	7	0.5423010994393558	0.29380552587166753	0.9646017699115044	7886.0	242.0	355.0	30.0	6.0	1002.0	26.0	16.0	135.0	237.0	8.0	32.0	5.0	18.0	2.0
2	7	4	-14.235403860283098	1.0	0.5093457943925235	7886.0	355.0	242.0	30.0	6.0	1002.0	135.0	32.0	26.0	237.0	5.0	16.0	8.0	18.0	2.0
4	2	7	-0.5224001416617647	0.6993041345861188	1.0396039603960396	7886.0	242.0	1002.0	26.0	16.0	355.0	30.0	6.0	135.0	237.0	8.0	32.0	18.0	5.0	2.0
2	4	8	1.8786568852985162	0.030145615341032106	0.9230769230769231	7926.0	202.0	356.0	27.0	8.0	1015.0	15.0	14.0	159.0	211.0	10.0	37.0	3.0	17.0	0.0
2	8	4	-20.6652257382837	1.0	0.5217391304347826	7926.0	356.0	202.0	27.0	8.0	1015.0	159.0	37.0	15.0	211.0	3.0	14.0	10.0	17.0	0.0
4	2	8	-1.722102144856973	0.957474526833872	1.1	7926.0	202.0	1015.0	15.0	14.0	356.0	27.0	8.0	159.0	211.0	10.0	37.0	17.0	3.0	0.0
2	4	9	-0.7206317823775674	0.764432022389379	1.01	8051.0	77.0	382.0	7.0	2.0	1027.0	10.0	7.0	313.0	67.0	0.0	48.0	1.0	8.0	0.0
2	9	4	-73.5044418025117	1.0	0.4975369458128079	8051.0	382.0	77.0	7.0	2.0	1027.0	313.0	48.0	10.0	67.0	1.0	7.0	0.0	8.0	0.0
4	2	9	0.7277667505199197	0.2333781213797156	0.9902912621359223	8051.0	77.0	1027.0	10.0	7.0	382.0	7.0	2.0	313.0	67.0	0.0	48.0	8.0	1.0	0.0
2	5	6	-99999.9	1.0	-0.046511627906976744	7943.0	213.0	203.0	156.0	4.0	1064.0	21.0	19.0	15.0	300.0	4.0	15.0	7.0	36.0	0.0
2	6	5	1.0123216559203292	0.15569215646603896	0.04081632653061224	7943.0	203.0	213.0	156.0	4.0	1064.0	15.0	15.0	21.0	300.0	7.0	19.0	4.0	36.0	0.0
5	2	6	-22.777237258207382	1.0	0.5108695652173914	7943.0	213.0	1064.0	21.0	19.0	203.0	156.0	4.0	15.0	300.0	4.0	15.0	36.0	7.0	0.0
2	5	7	0.0	0.49999999949999996	nan	7915.0	241.0	326.0	30.0	7.0	1056.0	30.0	18.0	84.0	230.0	5.0	29.0	8.0	21.0	0.0
2	7	5	-6.965567799926605	0.9999999999983542	0.5	7915.0	326.0	241.0	30.0	7.0	1056.0	84.0	29.0	30.0	230.0	8.0	18.0	5.0	21.0	0.0
5	2	7	0.0	0.49999999949999996	nan	7915.0	241.0	1056.0	30.0	18.0	326.0	30.0	7.0	84.0	230.0	5.0	29.0	21.0	8.0	0.0
2	5	8	1.4825671596349106	0.06909475850538116	0.9019607843137255	7950.0	206.0	332.0	29.0	2.0	1069.0	19.0	16.0	111.0	203.0	5.0	31.0	7.0	20.0	0.0
2	8	5	-12.157050709006265	1.0	0.5287356321839081	7950.0	332.0	206.0	29.0	2.0	1069.0	111.0	31.0	19.0	203.0	7.0	16.0	5.0	20.0	0.0
5	2	8	-1.3214185553267683	0.9068190125393454	1.1388888888888888	7950.0	206.0	1069.0	19.0	16.0	332.0	29.0	2.0	111.0	203.0	5.0	31.0	20.0	7.0	0.0
2	5	9	-0.6193173468063644	0.7321463948989768	1.0125523012552302	8082.0	74.0	351.0	10.0	2.0	1085.0	13.0	6.0	255.0	64.0	0.0	48.0	1.0	9.0	0.0
2	9	5	-50.577583322519764	1.0	0.4969199178644764	8082.0	351.0	74.0	10.0	2.0	1085.0	255.0	48.0	13.0	64.0	1.0	6.0	0.0	9.0	0.0
5	2	9	0.6269948345766914	0.26533125391241075	0.9879032258064516	8082.0	74.0	1085.0	13.0	6.0	351.0	10.0	2.0	255.0	64.0	0.0	48.0	9.0	1.0	0.0
2	6	7	0.5481197827364938	0.2918048027688931	0.9402985074626866	7899.0	247.0	342.0	30.0	1.0	1050.0	26.0	18.0	89.0	234.0	5.0	30.0	8.0	21.0	0.0
2	7	6	-8.084766795363286	0.9999999999999997	0.5163934426229508	7899.0	342.0	247.0	30.0	1.0	1050.0	89.0	30.0	26.0	234.0	8.0	18.0	5.0	21.0	0.0
6	2	7	-0.5133185266897323	0.6961357453194486	1.0727272727272728	7899.0	247.0	1050.0	26.0	18.0	342.0	30.0	1.0	89.0	234.0	5.0	30.0	21.0	8.0	0.0
2	6	8	1.810322561939541	0.03512283592771026	0.8928571428571429	7941.0	205.0	341.0	29.0	3.0	1061.0	17.0	16.0	117.0	205.0	6.0	33.0	7.0	19.0	0.0
2	8	6	-13.275698787556644	1.0	0.5319148936170213	7941.0	341.0	205.0	29.0	3.0	1061.0	117.0	33.0	17.0	205.0	7.0	16.0	6.0	19.0	0.0
6	2	8	-1.5930838545067965	0.9444293078691247	1.1578947368421053	7941.0	205.0	1061.0	17.0	16.0	341.0	29.0	3.0	117.0	205.0	6.0	33.0	19.0	7.0	0.0
2	6	9	0.0	0.49999999949999996	nan	8070.0	76.0	363.0	10.0	0.0	1078.0	10.0	6.0	262.0	66.0	0.0	48.0	2.0	9.0	0.0
2	9	6	-56.20856682992918	1.0	0.5	8070.0	363.0	76.0	10.0	0.0	1078.0	262.0	48.0	10.0	66.0	2.0	6.0	0.0	9.0	0.0
6	2	9	0.0	0.49999999949999996	nan	8070.0	76.0	1078.0	10.0	6.0	363.0	10.0	0.0	262.0	66.0	0.0	48.0	9.0	2.0	0.0
2	7	8	2.0746697479626706	0.019008511524062133	0.74	8033.0	208.0	249.0	27.0	2.0	1139.0	14.0	16.0	51.0	212.0	5.0	21.0	3.0	20.0	0.0
2	8	7	-3.830159534700314	0.9999359471639628	0.6065573770491803	8033.0	249.0	208.0	27.0	2.0	1139.0	51.0	21.0	14.0	212.0	3.0	16.0	5.0	20.0	0.0
7	2	8	-1.3457317284082189	0.9108054114187621	2.1818181818181817	8033.0	208.0	1139.0	14.0	16.0	249.0	27.0	2.0	51.0	212.0	5.0	21.0	20.0	3.0	0.0
2	7	9	0.22934954980310643	0.40929866669310644	0.9947916666666666	8168.0	73.0	265.0	10.0	3.0	1156.0	9.0	4.0	200.0	67.0	1.0	32.0	2.0	9.0	1.0
2	9	7	-43.576414462590286	1.0	0.5013123359580053	8168.0	265.0	73.0	10.0	3.0	1156.0	200.0	32.0	9.0	67.0	2.0	4.0	1.0	9.0	1.0
7	2	9	-0.2281487668198441	0.5902346616460217	1.0052910052910053	8168.0	73.0	1156.0	9.0	4.0	265.0	10.0	3.0	200.0	67.0	1.0	32.0	9.0	2.0	1.0
2	8	9	0.2294909419708122	0.4092437245596833	0.993421052631579	8206.0	76.0	227.0	10.0	0.0	1196.0	9.0	6.0	160.0	69.0	0.0	32.0	0.0	9.0	0.0
2	9	8	-34.42364129562191	1.0	0.5016611295681063	8206.0	227.0	76.0	10.0	0.0	1196.0	160.0	32.0	9.0	69.0	0.0	6.0	0.0	9.0	0.0
8	2	9	-0.2279711344080916	0.5901656158085762	1.0067114093959733	8206.0	76.0	1196.0	9.0	6.0	227.0	10.0	0.0	160.0	69.0	0.0	32.0	9.0	0.0	0.0
3	4	5	-1.262857403462608	0.8966797159128441	1.2702702702702702	8199.0	333.0	375.0	18.0	9.0	601.0	28.0	11.0	75.0	312.0	12.0	10.0	5.0	11.0	1.0
3	5	4	-7.198287199736863	0.9999999999996929	0.4519230769230769	8199.0	375.0	333.0	18.0	9.0	601.0	75.0	10.0	28.0	312.0	5.0	11.0	12.0	11.0	1.0
4	3	5	1.5315504680291205	0.06281672217837664	0.8507462686567164	8199.0	333.0	601.0	28.0	11.0	375.0	18.0	9.0	75.0	312.0	12.0	10.0	11.0	5.0	1.0
3	4	6	0.8463441697929464	0.19868033935738905	0.9166666666666666	8179.0	353.0	371.0	21.0	10.0	610.0	16.0	14.0	71.0	318.0	10.0	9.0	5.0	12.0	1.0
3	6	4	-8.463441697929465	1.0	0.5238095238095238	8179.0	371.0	353.0	21.0	10.0	610.0	71.0	9.0	16.0	318.0	5.0	14.0	10.0	12.0	1.0
4	3	6	-0.7694037907208602	0.7791732461141347	1.1111111111111112	8179.0	353.0	610.0	16.0	14.0	371.0	21.0	10.0	71.0	318.0	10.0	9.0	12.0	5.0	1.0
3	4	7	0.6563357182934393	0.2558040066879551	0.968	8274.0	258.0	373.0	21.0	8.0	614.0	17.0	9.0	138.0	254.0	7.0	11.0	5.0	10.0	1.0
3	7	4	-19.197819760083096	1.0	0.5084033613445379	8274.0	373.0	258.0	21.0	8.0	614.0	138.0	11.0	17.0	254.0	5.0	9.0	7.0	10.0	1.0
4	3	7	-0.6346386697548131	0.7371680078713507	1.0353982300884956	8274.0	258.0	614.0	17.0	9.0	373.0	21.0	8.0	138.0	254.0	7.0	11.0	10.0	5.0	1.0
3	4	8	0.8789365940608426	0.18971779102125919	0.967741935483871	8324.0	208.0	373.0	19.0	10.0	617.0	14.0	9.0	164.0	228.0	7.0	15.0	4.0	8.0	0.0
3	8	4	-25.489161227764427	1.0	0.5084745762711865	8324.0	373.0	208.0	19.0	10.0	617.0	164.0	15.0	14.0	228.0	4.0	9.0	7.0	8.0	0.0
4	3	8	-0.8496387075921478	0.8022370542815088	1.0357142857142858	8324.0	208.0	617.0	14.0	9.0	373.0	19.0	10.0	164.0	228.0	7.0	15.0	8.0	4.0	0.0
3	4	9	-1.3622801453092563	0.9134451932097456	1.0161290322580645	8448.0	84.0	396.0	4.0	2.0	630.0	9.0	1.0	324.0	75.0	0.0	23.0	1.0	3.0	0.0
3	9	4	-87.1859292997927	1.0	0.49606299212598426	8448.0	396.0	84.0	4.0	2.0	630.0	324.0	23.0	9.0	75.0	1.0	1.0	0.0	3.0	0.0
4	3	9	1.3839036396792446	0.08319403871684639	0.9846153846153847	8448.0	84.0	630.0	9.0	1.0	396.0	4.0	2.0	324.0	75.0	0.0	23.0	3.0	1.0	0.0
3	5	6	1.3137365997218906	0.09446749678503119	0.048275862068965524	8343.0	231.0	207.0	149.0	4.0	664.0	11.0	11.0	18.0	322.0	5.0	8.0	6.0	21.0	0.0
3	6	5	-99999.9	1.0	-0.056451612903225805	8343.0	207.0	231.0	149.0	4.0	664.0	18.0	8.0	11.0	322.0	6.0	11.0	5.0	21.0	0.0
5	3	6	-24.585642080509682	1.0	0.48698884758364314	8343.0	231.0	664.0	11.0	11.0	207.0	149.0	4.0	18.0	322.0	5.0	8.0	21.0	6.0	0.0
3	5	7	0.34664253804744677	0.3644300079964964	0.972972972972973	8312.0	262.0	335.0	18.0	7.0	659.0	16.0	11.0	88.0	252.0	5.0	16.0	8.0	11.0	0.0
3	7	5	-12.132488831660652	1.0	0.5070422535211268	8312.0	335.0	262.0	18.0	7.0	659.0	88.0	16.0	16.0	252.0	8.0	11.0	5.0	11.0	0.0
5	3	7	-0.3370135786572399	0.631946600616254	1.0294117647058822	8312.0	262.0	659.0	16.0	11.0	335.0	18.0	7.0	88.0	252.0	5.0	16.0	11.0	8.0	0.0
3	5	8	0.8582260655480575	0.1953837789305306	0.9532710280373832	8360.0	214.0	337.0	20.0	3.0	659.0	15.0	12.0	117.0	224.0	4.0	20.0	7.0	8.0	0.0
3	8	5	-16.64958567163231	1.0	0.5125628140703519	8360.0	337.0	214.0	20.0	3.0	659.0	117.0	20.0	15.0	224.0	7.0	12.0	4.0	8.0	0.0
5	3	8	-0.8161561603741332	0.7927946427389746	1.0543478260869565	8360.0	214.0	659.0	15.0	12.0	337.0	20.0	3.0	117.0	224.0	4.0	20.0	8.0	7.0	0.0
3	5	9	-0.9855066114515868	0.8378123530033408	1.0155642023346303	8492.0	82.0	352.0	6.0	2.0	675.0	10.0	1.0	271.0	74.0	0.0	31.0	1.0	3.0	0.0
3	9	5	-65.28981300866764	1.0	0.49619771863117873	8492.0	352.0	82.0	6.0	2.0	675.0	271.0	31.0	10.0	74.0	1.0	1.0	0.0	3.0	0.0
5	3	9	1.0006101610523772	0.15850766799871863	0.9851301115241635	8492.0	82.0	675.0	10.0	1.0	352.0	6.0	2.0	271.0	74.0	0.0	31.0	3.0	1.0	0.0
3	6	7	1.1208842107290689	0.13116862620156333	0.9166666666666666	8281.0	269.0	366.0	18.0	0.0	668.0	12.0	10.0	78.0	256.0	5.0	17.0	8.0	11.0	1.0
3	7	6	-11.208842107290685	1.0	0.5238095238095238	8281.0	366.0	269.0	18.0	0.0	668.0	78.0	17.0	12.0	256.0	8.0	10.0	5.0	11.0	1.0
6	3	7	-1.0189856461173354	0.8458950923381447	1.1111111111111112	8281.0	269.0	668.0	12.0	10.0	366.0	18.0	0.0	78.0	256.0	5.0	17.0	11.0	8.0	1.0
3	6	8	1.0787696944557799	0.14034524182318364	0.9405940594059405	8336.0	214.0	361.0	19.0	4.0	666.0	13.0	11.0	108.0	226.0	5.0	22.0	7.0	8.0	0.0
3	8	6	-16.001750467760733	1.0	0.516304347826087	8336.0	361.0	214.0	19.0	4.0	666.0	108.0	22.0	13.0	226.0	7.0	11.0	5.0	8.0	0.0
6	3	8	-1.0106368716480463	0.8439048552311083	1.072289156626506	8336.0	214.0	666.0	13.0	11.0	361.0	19.0	4.0	108.0	226.0	5.0	22.0	8.0	7.0	0.0
3	6	9	-0.27566730726924044	0.6085981320101016	1.003921568627451	8466.0	84.0	378.0	6.0	0.0	682.0	7.0	1.0	263.0	76.0	0.0	32.0	2.0	3.0	0.0
3	9	6	-70.84649796819474	1.0	0.4990253411306043	8466.0	378.0	84.0	6.0	0.0	682.0	263.0	32.0	7.0	76.0	2.0	1.0	0.0	3.0	0.0
6	3	9	0.2767441326882609	0.3909883551691913	0.9961240310077519	8466.0	84.0	682.0	7.0	1.0	378.0	6.0	0.0	263.0	76.0	0.0	32.0	3.0	2.0	0.0
3	7	8	1.1843562133836705	0.11813610542522146	0.8235294117647058	8429.0	218.0	268.0	17.0	2.0	743.0	11.0	9.0	39.0	232.0	5.0	14.0	3.0	10.0	0.0
3	8	7	-4.342639449073457	0.9999929556165514	0.56	8429.0	268.0	218.0	17.0	2.0	743.0	39.0	14.0	11.0	232.0	3.0	9.0	5.0	10.0	0.0
7	3	8	-0.9305655962300268	0.8239608585960072	1.375	8429.0	218.0	743.0	11.0	9.0	268.0	17.0	2.0	39.0	232.0	5.0	14.0	10.0	3.0	0.0
3	7	9	0.0	0.49999999949999996	nan	8568.0	79.0	276.0	6.0	5.0	756.0	6.0	1.0	199.0	77.0	0.0	22.0	2.0	3.0	0.0
3	9	7	-55.48359894659074	1.0	0.5	8568.0	276.0	79.0	6.0	5.0	756.0	199.0	22.0	6.0	77.0	2.0	1.0	0.0	3.0	0.0
7	3	9	0.0	0.49999999949999996	nan	8568.0	79.0	756.0	6.0	1.0	276.0	6.0	5.0	199.0	77.0	0.0	22.0	3.0	2.0	0.0
3	8	9	0.0	0.49999999949999996	nan	8613.0	84.0	231.0	6.0	0.0	789.0	6.0	1.0	167.0	79.0	0.0	21.0	0.0	3.0	0.0
3	9	8	-46.28424575337362	1.0	0.5	8613.0	231.0	84.0	6.0	0.0	789.0	167.0	21.0	6.0	79.0	0.0	1.0	0.0	3.0	0.0
8	3	9	0.0	0.49999999949999996	nan	8613.0	84.0	789.0	6.0	1.0	231.0	6.0	0.0	167.0	79.0	0.0	21.0	3.0	0.0	0.0
4	5	6	-99999.9	1.0	-0.06451612903225806	8568.0	232.0	221.0	146.0	5.0	439.0	14.0	7.0	6.0	331.0	4.0	6.0	6.0	15.0	0.0
4	6	5	1.793107995341384	0.036477777712210946	0.05405405405405405	8568.0	221.0	232.0	146.0	5.0	439.0	6.0	6.0	14.0	331.0	6.0	7.0	4.0	15.0	0.0
5	4	6	-29.586281923132816	1.0	0.5147058823529411	8568.0	232.0	439.0	14.0	7.0	221.0	146.0	5.0	6.0	331.0	4.0	6.0	15.0	6.0	0.0
4	5	7	-0.5057830355912181	0.6934955200712116	1.0535714285714286	8538.0	262.0	350.0	15.0	7.0	433.0	18.0	9.0	77.0	259.0	5.0	12.0	8.0	7.0	0.0
4	7	5	-10.452849402218508	1.0	0.48760330578512395	8538.0	350.0	262.0	15.0	7.0	433.0	77.0	12.0	18.0	259.0	8.0	9.0	5.0	7.0	0.0
5	4	7	0.5315008170619578	0.2975358696928496	0.9538461538461539	8538.0	262.0	433.0	18.0	9.0	350.0	15.0	7.0	77.0	259.0	5.0	12.0	7.0	8.0	0.0
4	5	8	-0.37238658216797105	0.6451974193338358	1.0232558139534884	8584.0	216.0	357.0	13.0	2.0	435.0	15.0	10.0	103.0	233.0	5.0	14.0	7.0	6.0	0.0
4	8	5	-16.75739619755871	1.0	0.4943820224719101	8584.0	357.0	216.0	13.0	2.0	435.0	103.0	14.0	15.0	233.0	7.0	10.0	5.0	6.0	0.0
5	4	8	0.3808499135808795	0.351657366395298	0.9782608695652174	8584.0	216.0	435.0	15.0	10.0	357.0	13.0	2.0	103.0	233.0	5.0	14.0	6.0	7.0	0.0
4	5	9	0.3006224146436721	0.381851286956827	0.9961685823754789	8714.0	86.0	364.0	6.0	2.0	453.0	5.0	2.0	265.0	76.0	0.0	25.0	1.0	1.0	0.0
4	9	5	-77.86120539271116	1.0	0.5009633911368016	8714.0	364.0	86.0	6.0	2.0	453.0	265.0	25.0	5.0	76.0	1.0	2.0	0.0	1.0	0.0
5	4	9	-0.2994661745873503	0.6177077431642513	1.003875968992248	8714.0	86.0	453.0	5.0	2.0	364.0	6.0	2.0	265.0	76.0	0.0	25.0	1.0	1.0	0.0
4	6	7	0.1866206043393202	0.42597906965275	0.9857142857142858	8521.0	268.0	367.0	15.0	1.0	428.0	14.0	9.0	83.0	263.0	5.0	11.0	8.0	7.0	0.0
4	7	6	-12.69020109507377	1.0	0.5036496350364963	8521.0	367.0	268.0	15.0	1.0	428.0	83.0	11.0	14.0	263.0	8.0	9.0	5.0	7.0	0.0
6	4	7	-0.1839159578996199	0.5729602949954453	1.0149253731343284	8521.0	268.0	428.0	14.0	9.0	367.0	15.0	1.0	83.0	263.0	5.0	11.0	7.0	8.0	0.0
4	6	8	-0.20689560784145555	0.5819542767550323	1.0104166666666667	8572.0	217.0	369.0	11.0	3.0	430.0	12.0	9.0	109.0	236.0	6.0	13.0	7.0	6.0	0.0
4	8	6	-20.27576956846263	1.0	0.4974358974358974	8572.0	369.0	217.0	11.0	3.0	430.0	109.0	13.0	12.0	236.0	7.0	9.0	6.0	6.0	0.0
6	4	8	0.2090285522521922	0.4172130061090755	0.98989898989899	8572.0	217.0	430.0	12.0	9.0	369.0	11.0	3.0	109.0	236.0	6.0	13.0	6.0	7.0	0.0
4	6	9	1.405507300649667	0.07993529340080863	0.9854545454545455	8701.0	88.0	377.0	6.0	0.0	447.0	2.0	2.0	273.0	78.0	0.0	23.0	2.0	1.0	0.0
4	9	6	-93.81761231836516	1.0	0.5037174721189591	8701.0	377.0	88.0	6.0	0.0	447.0	273.0	23.0	2.0	78.0	2.0	2.0	0.0	1.0	0.0
6	4	9	-1.3847618054371258	0.9169372857895904	1.015209125475285	8701.0	88.0	447.0	2.0	2.0	377.0	6.0	0.0	273.0	78.0	0.0	23.0	1.0	2.0	0.0
4	7	8	0.21129473266672782	0.41632867940012475	0.9666666666666667	8672.0	216.0	269.0	12.0	3.0	500.0	11.0	11.0	40.0	241.0	4.0	12.0	3.0	6.0	0.0
4	8	7	-5.916252514668375	0.9999999983476379	0.5087719298245614	8672.0	269.0	216.0	12.0	3.0	500.0	40.0	12.0	11.0	241.0	3.0	11.0	4.0	6.0	0.0
7	4	8	-0.2040087074023579	0.5808266249716907	1.037037037037037	8672.0	216.0	500.0	11.0	11.0	269.0	12.0	3.0	40.0	241.0	4.0	12.0	6.0	3.0	0.0
4	7	9	1.8670263195278136	0.030948893688044432	0.9761904761904762	8805.0	83.0	273.0	6.0	5.0	519.0	1.0	2.0	206.0	79.0	0.0	18.0	2.0	1.0	0.0
4	9	7	-74.68105278111234	1.0	0.5061728395061729	8805.0	273.0	83.0	6.0	5.0	519.0	206.0	18.0	1.0	79.0	2.0	2.0	0.0	1.0	0.0
7	4	9	-1.8214890922222569	0.9657337844517593	1.0256410256410255	8805.0	83.0	519.0	1.0	2.0	273.0	6.0	5.0	206.0	79.0	0.0	18.0	1.0	2.0	0.0
4	8	9	1.8652601711111365	0.031072410170967846	0.9719101123595506	8853.0	88.0	225.0	6.0	0.0	549.0	1.0	2.0	174.0	81.0	0.0	20.0	0.0	1.0	0.0
4	9	8	-62.67274174933417	1.0	0.5073313782991202	8853.0	225.0	88.0	6.0	0.0	549.0	174.0	20.0	1.0	81.0	0.0	2.0	0.0	1.0	0.0
8	4	9	-1.8113509176108145	0.9649567800943812	1.030674846625767	8853.0	88.0	549.0	1.0	2.0	225.0	6.0	0.0	174.0	81.0	0.0	20.0	1.0	0.0	0.0
5	6	7	0.8320904919698567	0.20267888221997876	0.9856459330143541	8727.0	280.0	244.0	8.0	1.0	222.0	5.0	6.0	211.0	272.0	9.0	6.0	4.0	5.0	0.0
5	7	6	-56.3047899566271	1.0	0.5036674816625917	8727.0	244.0	280.0	8.0	1.0	222.0	211.0	6.0	5.0	272.0	4.0	6.0	9.0	5.0	0.0
6	5	7	-0.8199726692712667	0.7938842112714516	1.015	8727.0	280.0	222.0	5.0	6.0	244.0	8.0	1.0	211.0	272.0	9.0	6.0	5.0	4.0	0.0
5	6	8	0.25781665363609835	0.398274263794101	0.9957627118644068	8777.0	230.0	242.0	8.0	3.0	225.0	7.0	1.0	242.0	241.0	9.0	7.0	4.0	4.0	0.0
5	8	6	-60.3290969508471	1.0	0.5010660980810234	8777.0	242.0	230.0	8.0	3.0	225.0	242.0	7.0	7.0	241.0	4.0	1.0	9.0	4.0	0.0
6	5	8	-0.25671956149296604	0.6013023073861737	1.0042918454935623	8777.0	230.0	225.0	7.0	1.0	242.0	8.0	3.0	242.0	241.0	9.0	7.0	4.0	4.0	0.0
5	6	9	1.3275487176968792	0.09216368343751302	0.9927184466019418	8918.0	89.0	249.0	4.0	0.0	230.0	1.0	2.0	410.0	81.0	1.0	14.0	1.0	0.0	0.0
5	9	6	-179.6615931283111	1.0	0.5018404907975459	8918.0	249.0	89.0	4.0	0.0	230.0	410.0	14.0	1.0	81.0	1.0	2.0	1.0	0.0	0.0
6	5	9	-1.3178111965401784	0.9062165040024875	1.0074441687344913	8918.0	89.0	230.0	1.0	2.0	249.0	4.0	0.0	410.0	81.0	1.0	14.0	0.0	1.0	0.0
5	7	8	0.48218449101546057	0.3148374547362587	0.9354838709677419	8744.0	227.0	275.0	10.0	4.0	428.0	8.0	3.0	37.0	241.0	3.0	9.0	3.0	8.0	0.0
5	8	7	-6.509490628708717	0.9999999999621101	0.5178571428571428	8744.0	275.0	227.0	10.0	4.0	428.0	37.0	9.0	8.0	241.0	3.0	3.0	3.0	8.0	0.0
7	5	8	-0.44893038818680814	0.6732590371003602	1.08	8744.0	227.0	428.0	8.0	3.0	275.0	10.0	4.0	37.0	241.0	3.0	9.0	8.0	3.0	0.0
5	7	9	1.6144211340681929	0.053218050541221196	0.9803921568627451	8888.0	83.0	279.0	5.0	5.0	436.0	1.0	2.0	201.0	80.0	0.0	17.0	2.0	1.0	0.0
5	9	7	-79.10663556934155	1.0	0.5050505050505051	8888.0	279.0	83.0	5.0	5.0	436.0	201.0	17.0	1.0	80.0	2.0	2.0	0.0	1.0	0.0
7	5	9	-1.582132711386829	0.9431903562065811	1.0208333333333333	8888.0	83.0	436.0	1.0	2.0	279.0	5.0	5.0	201.0	80.0	0.0	17.0	1.0	2.0	0.0
5	8	9	1.4054628130706568	0.07994190336847984	0.976878612716763	8932.0	87.0	235.0	6.0	0.0	470.0	2.0	2.0	171.0	81.0	0.0	13.0	0.0	1.0	0.0
5	9	8	-57.97534103916471	1.0	0.5059880239520957	8932.0	235.0	87.0	6.0	0.0	470.0	171.0	13.0	2.0	81.0	0.0	2.0	0.0	1.0	0.0
8	5	9	-1.3721974210453156	0.9149989463092998	1.0248447204968945	8932.0	87.0	470.0	2.0	2.0	235.0	6.0	0.0	171.0	81.0	0.0	13.0	1.0	0.0	0.0
6	7	8	0.2800063169671474	0.389736394270046	0.96875	8721.0	228.0	281.0	7.0	3.0	451.0	6.0	4.0	37.0	244.0	4.0	3.0	3.0	8.0	0.0
6	8	7	-8.400189509014412	1.0	0.5081967213114755	8721.0	281.0	228.0	7.0	3.0	451.0	37.0	3.0	6.0	244.0	3.0	4.0	4.0	8.0	0.0
7	6	8	-0.27097385512949745	0.6067943669086112	1.0344827586206897	8721.0	228.0	451.0	6.0	4.0	281.0	7.0	3.0	37.0	244.0	4.0	3.0	8.0	3.0	0.0
6	7	9	0.5684566140717177	0.2848624433955558	0.9950738916256158	8864.0	85.0	284.0	2.0	5.0	460.0	1.0	0.0	203.0	82.0	0.0	10.0	2.0	2.0	0.0
6	9	7	-114.25977942841541	1.0	0.501240694789082	8864.0	284.0	85.0	2.0	5.0	460.0	203.0	10.0	1.0	82.0	2.0	0.0	0.0	2.0	0.0
7	6	9	-0.5656424724178972	0.7141816095584832	1.005	8864.0	85.0	460.0	1.0	0.0	284.0	2.0	5.0	203.0	82.0	0.0	10.0	2.0	2.0	0.0
6	8	9	0.4436043463609913	0.328664360131417	0.9940828402366864	8913.0	89.0	235.0	3.0	0.0	489.0	2.0	0.0	170.0	83.0	0.0	14.0	0.0	2.0	0.0
6	9	8	-74.08192584228526	1.0	0.5014925373134328	8913.0	235.0	89.0	3.0	0.0	489.0	170.0	14.0	2.0	83.0	0.0	0.0	0.0	2.0	0.0
8	6	9	-0.44096384429931873	0.6703803838445128	1.0060240963855422	8913.0	89.0	489.0	2.0	0.0	235.0	3.0	0.0	170.0	83.0	0.0	14.0	2.0	0.0	0.0
7	8	9	0.0	0.49999999949999996	nan	9088.0	84.0	236.0	2.0	0.0	314.0	2.0	5.0	175.0	84.0	0.0	8.0	0.0	2.0	0.0
7	9	8	-85.43861011018927	1.0	0.5	9088.0	236.0	84.0	2.0	0.0	314.0	175.0	8.0	2.0	84.0	0.0	5.0	0.0	2.0	0.0
8	7	9	0.0	0.49999999949999996	nan	9088.0	84.0	314.0	2.0	5.0	236.0	2.0	0.0	175.0	84.0	0.0	8.0	2.0	0.0	0.0
