P1	Hybrid	P2	Zscore	Pvalue	Gamma	AAAA	AAAB	AABA	AABB	AABC	ABAA	ABAB	ABAC	ABBA	BAAA	ABBC	CABC	BACA	BCAA	ABCD
1	2	3	0.6286363615963945	0.2647935176434959	0.989149057681325	72083.0	4428.0	6384.0	471.0	223.0	7738.0	452.0	274.0	2184.0	4515.0	267.0	494.0	224.0	235.0	28.0
1	3	2	-56.6765309165591	1.0	0.5027576197387518	72083.0	6384.0	4428.0	471.0	223.0	7738.0	2184.0	494.0	452.0	4515.0	224.0	274.0	267.0	235.0	28.0
2	1	3	-0.6217402352278427	0.7329437099587808	1.011216056670602	72083.0	4428.0	7738.0	452.0	274.0	6384.0	471.0	223.0	2184.0	4515.0	267.0	494.0	235.0	224.0	28.0
1	2	4	0.6793759116604654	0.24844978716526112	0.9938503587290741	72996.0	3515.0	6542.0	362.0	174.0	7914.0	344.0	206.0	3253.0	3471.0	242.0	610.0	170.0	182.0	19.0
1	4	2	-109.11532003391139	1.0	0.501551724137931	72996.0	6542.0	3515.0	362.0	174.0	7914.0	3253.0	610.0	344.0	3471.0	170.0	206.0	242.0	182.0	19.0
2	1	4	-0.6751721418392593	0.7502168647852501	1.006265227984685	72996.0	3515.0	7914.0	344.0	206.0	6542.0	362.0	174.0	3253.0	3471.0	242.0	610.0	182.0	170.0	19.0
1	2	5	-0.04057929235167892	0.5161844159140936	1.0003003003003004	73480.0	3031.0	6605.0	303.0	170.0	7970.0	304.0	190.0	3635.0	3113.0	218.0	648.0	152.0	166.0	15.0
1	5	2	-135.2102021157939	1.0	0.49992495872730003	73480.0	6605.0	3031.0	303.0	170.0	7970.0	3635.0	648.0	304.0	3113.0	152.0	190.0	218.0	166.0	15.0
2	1	5	0.040591474667005155	0.4838107280380761	0.9996999699969997	73480.0	3031.0	7970.0	304.0	190.0	6605.0	303.0	170.0	3635.0	3113.0	218.0	648.0	166.0	152.0	15.0
1	2	6	-0.5947385015700445	0.7239909053635083	1.0045358330813425	73566.0	2945.0	6624.0	309.0	145.0	7967.0	324.0	173.0	3646.0	3102.0	218.0	651.0	154.0	162.0	14.0
1	6	2	-132.30949198261558	1.0	0.49887370476047455	73566.0	6624.0	2945.0	309.0	145.0	7967.0	3646.0	651.0	324.0	3102.0	154.0	173.0	218.0	162.0	14.0
2	1	6	0.5974239553700297	0.27511213490677	0.9955250596658711	73566.0	2945.0	7967.0	324.0	173.0	6624.0	309.0	145.0	3646.0	3102.0	218.0	651.0	162.0	154.0	14.0
1	2	7	0.31110754038873717	0.3778595034099488	0.9982997328151567	74019.0	2492.0	6728.0	257.0	93.0	8066.0	250.0	148.0	4360.0	2430.0	176.0	719.0	126.0	126.0	10.0
1	7	2	-182.35346260214075	1.0	0.5004261536588336	74019.0	6728.0	2492.0	257.0	93.0	8066.0	4360.0	719.0	250.0	2430.0	126.0	148.0	176.0	126.0	10.0
2	1	7	-0.31057767353162735	0.6219390799506612	1.001708984375	74019.0	2492.0	8066.0	250.0	148.0	6728.0	257.0	93.0	4360.0	2430.0	176.0	719.0	126.0	126.0	10.0
1	2	8	0.6966505137698021	0.2430106988554811	0.9965745604019183	74292.0	2219.0	6733.0	240.0	105.0	8119.0	225.0	120.0	4589.0	2202.0	175.0	748.0	113.0	106.0	14.0
1	8	2	-201.98220562565834	1.0	0.5008607827384367	74292.0	6733.0	2219.0	240.0	105.0	8119.0	4589.0	748.0	225.0	2202.0	113.0	120.0	175.0	106.0	14.0
2	1	8	-0.6942559771734348	0.7562392218270895	1.0034610059990772	74292.0	2219.0	8119.0	225.0	120.0	6733.0	240.0	105.0	4589.0	2202.0	175.0	748.0	106.0	113.0	14.0
1	2	9	-1.640052978213433	0.9495029364328665	1.003251503820517	75805.0	706.0	6980.0	64.0	34.0	8344.0	84.0	36.0	6255.0	656.0	55.0	921.0	27.0	29.0	4.0
1	9	2	-507.6783994059706	1.0	0.4991910694062449	75805.0	6980.0	706.0	64.0	34.0	8344.0	6255.0	921.0	84.0	656.0	27.0	36.0	55.0	29.0	4.0
2	1	9	1.645368333838821	0.04994692380056387	0.9967799066172919	75805.0	706.0	8344.0	84.0	36.0	6980.0	64.0	34.0	6255.0	656.0	55.0	921.0	29.0	27.0	4.0
1	3	4	0.0752229795075254	0.47001858232773297	0.9982978723404256	74892.0	3575.0	4646.0	355.0	121.0	9825.0	353.0	238.0	1526.0	3514.0	151.0	426.0	118.0	244.0	16.0
1	4	3	-44.043054501656016	1.0	0.5004266211604095	74892.0	4646.0	3575.0	355.0	121.0	9825.0	1526.0	426.0	353.0	3514.0	118.0	238.0	151.0	244.0	16.0
3	1	4	-0.07509472208296014	0.5299303947085223	1.001710863986313	74892.0	3575.0	9825.0	353.0	238.0	4646.0	355.0	121.0	1526.0	3514.0	151.0	426.0	244.0	118.0	16.0
1	3	5	-0.5533795016541535	0.709998242492258	1.0089801154586273	75374.0	3093.0	4711.0	310.0	101.0	9876.0	324.0	216.0	1897.0	3149.0	145.0	480.0	96.0	213.0	15.0
1	5	3	-62.729519223224266	1.0	0.49778481012658227	75374.0	4711.0	3093.0	310.0	101.0	9876.0	1897.0	480.0	324.0	3149.0	96.0	216.0	145.0	213.0	15.0
3	1	5	0.5583046847585134	0.28831814235253306	0.9912554653341662	75374.0	3093.0	9876.0	324.0	216.0	4711.0	310.0	101.0	1897.0	3149.0	145.0	480.0	213.0	96.0	15.0
1	3	6	-0.6300095046807965	0.7356558746417221	1.0102695763799743	75467.0	3000.0	4723.0	311.0	88.0	9881.0	327.0	208.0	1901.0	3147.0	143.0	482.0	106.0	204.0	12.0
1	6	3	-62.60719452765418	1.0	0.4974715549936789	75467.0	4723.0	3000.0	311.0	88.0	9881.0	1901.0	482.0	327.0	3147.0	106.0	208.0	143.0	204.0	12.0
3	1	6	0.6364136673713257	0.26225335834738117	0.9900373599003736	75467.0	3000.0	9881.0	327.0	208.0	4723.0	311.0	88.0	1901.0	3147.0	143.0	482.0	204.0	106.0	12.0
1	3	7	0.39961727999020114	0.3447192629475937	0.9961718417694598	75981.0	2486.0	4766.0	259.0	97.0	9989.0	250.0	177.0	2592.0	2474.0	125.0	564.0	82.0	153.0	5.0
1	7	3	-103.58967935746018	1.0	0.5009625668449198	75981.0	4766.0	2486.0	259.0	97.0	9989.0	2592.0	564.0	250.0	2474.0	82.0	177.0	125.0	153.0	5.0
3	1	7	-0.3980816029962166	0.6547149325242004	1.0038726333907058	75981.0	2486.0	9989.0	250.0	177.0	4766.0	259.0	97.0	2592.0	2474.0	125.0	564.0	153.0	82.0	5.0
1	3	8	0.5558506806298029	0.2891564382836562	0.9954163483575248	76213.0	2254.0	4812.0	240.0	70.0	10041.0	228.0	147.0	2834.0	2240.0	117.0	581.0	72.0	142.0	9.0
1	8	3	-120.15638879614207	1.0	0.5011538461538461	76213.0	4812.0	2254.0	240.0	70.0	10041.0	2834.0	581.0	228.0	2240.0	72.0	147.0	117.0	142.0	9.0
3	1	8	-0.5532911226222981	0.7099679891218831	1.0046475600309837	76213.0	2254.0	10041.0	228.0	147.0	4812.0	240.0	70.0	2834.0	2240.0	117.0	581.0	142.0	72.0	9.0
1	3	9	-0.08188630673513853	0.5326315044471661	1.0002267573696144	77763.0	704.0	5022.0	74.0	26.0	10300.0	75.0	41.0	4486.0	667.0	38.0	734.0	25.0	40.0	5.0
1	9	3	-361.28238531542877	1.0	0.49994332993312934	77763.0	5022.0	704.0	74.0	26.0	10300.0	4486.0	734.0	75.0	667.0	25.0	41.0	38.0	40.0	5.0
3	1	9	0.08190487084911158	0.46736111434370664	0.9997733967822343	77763.0	704.0	10300.0	75.0	41.0	5022.0	74.0	26.0	4486.0	667.0	38.0	734.0	40.0	25.0	5.0
1	4	5	1.3717456943413986	0.08507136881522748	0.9261744966442953	76437.0	3101.0	3648.0	326.0	77.0	11231.0	293.0	253.0	707.0	3186.0	92.0	315.0	90.0	235.0	9.0
1	5	4	-15.8374275619416	1.0	0.5207547169811322	76437.0	3648.0	3101.0	326.0	77.0	11231.0	707.0	315.0	293.0	3186.0	90.0	253.0	92.0	235.0	9.0
4	1	5	-1.2624036462417219	0.89659814230229	1.0948275862068966	76437.0	3101.0	11231.0	293.0	253.0	3648.0	326.0	77.0	707.0	3186.0	92.0	315.0	235.0	90.0	9.0
1	4	6	0.8201305760649125	0.20607078149760316	0.9527186761229315	76542.0	2996.0	3648.0	321.0	82.0	11243.0	301.0	233.0	704.0	3189.0	92.0	317.0	90.0	236.0	6.0
1	6	4	-15.705500531643064	1.0	0.5127226463104326	76542.0	3648.0	2996.0	321.0	82.0	11243.0	704.0	317.0	301.0	3189.0	90.0	233.0	92.0	236.0	6.0
4	1	6	-0.7794293067812939	0.7821366311559702	1.0550964187327825	76542.0	2996.0	11243.0	301.0	233.0	3648.0	321.0	82.0	704.0	3189.0	92.0	317.0	236.0	90.0	6.0
1	4	7	2.136499900188125	0.016319286570541713	0.9621087314662273	77038.0	2500.0	3709.0	262.0	80.0	11366.0	216.0	195.0	1384.0	2518.0	83.0	395.0	72.0	174.0	8.0
1	7	4	-52.11201930458863	1.0	0.5100436681222708	77038.0	3709.0	2500.0	262.0	80.0	11366.0	1384.0	395.0	216.0	2518.0	72.0	195.0	83.0	174.0	8.0
4	1	7	-2.052356924667018	0.9799325729498971	1.0427509293680297	77038.0	2500.0	11366.0	216.0	195.0	3709.0	262.0	80.0	1384.0	2518.0	83.0	395.0	174.0	72.0	8.0
1	4	8	1.322342756555967	0.0930270867526708	0.9806228373702423	77284.0	2254.0	3741.0	242.0	68.0	11398.0	214.0	165.0	1631.0	2270.0	84.0	427.0	56.0	158.0	8.0
1	8	4	-65.59764603058	1.0	0.5049893086243763	77284.0	3741.0	2254.0	242.0	68.0	11398.0	1631.0	427.0	214.0	2270.0	56.0	165.0	84.0	158.0	8.0
4	1	8	-1.296213189030514	0.9025489085253914	1.020573108008817	77284.0	2254.0	11398.0	214.0	165.0	3741.0	242.0	68.0	1631.0	2270.0	84.0	427.0	158.0	56.0	8.0
1	4	9	0.41827844713483225	0.337871814122793	0.9984399375975039	78826.0	712.0	3959.0	74.0	18.0	11661.0	69.0	47.0	3269.0	681.0	35.0	590.0	17.0	39.0	3.0
1	9	4	-267.2799277191571	1.0	0.5003909304143862	78826.0	3959.0	712.0	74.0	18.0	11661.0	3269.0	590.0	69.0	681.0	17.0	47.0	35.0	39.0	3.0
4	1	9	-0.41762488706118406	0.6618892595187151	1.0015673981191222	78826.0	712.0	11661.0	69.0	47.0	3959.0	74.0	18.0	3269.0	681.0	35.0	590.0	39.0	17.0	3.0
1	5	6	-99999.9	1.0	-0.010610079575596818	78097.0	1988.0	2093.0	1351.0	60.0	11899.0	208.0	146.0	196.0	3323.0	50.0	169.0	49.0	363.0	8.0
1	6	5	0.5998551270361658	0.2743013471369453	0.010282776349614395	78097.0	2093.0	1988.0	1351.0	60.0	11899.0	196.0	169.0	208.0	3323.0	49.0	146.0	50.0	363.0	8.0
5	1	6	-57.136200850194676	1.0	0.5026109660574413	78097.0	1988.0	11899.0	208.0	146.0	2093.0	1351.0	60.0	196.0	3323.0	50.0	169.0	363.0	49.0	8.0
1	5	7	2.5238868655297138	0.00580328337113678	0.9318463444857497	77570.0	2515.0	3177.0	278.0	49.0	11832.0	223.0	198.0	975.0	2530.0	64.0	338.0	53.0	192.0	6.0
1	7	5	-31.98452991407656	1.0	0.5189786059351276	77570.0	3177.0	2515.0	278.0	49.0	11832.0	975.0	338.0	223.0	2530.0	53.0	198.0	64.0	192.0	6.0
5	1	7	-2.339294076162514	0.9903399105469534	1.0856697819314642	77570.0	2515.0	11832.0	223.0	198.0	3177.0	278.0	49.0	975.0	2530.0	64.0	338.0	192.0	53.0	6.0
1	5	8	1.2420280381440298	0.10711317691578481	0.9749759384023099	77805.0	2280.0	3220.0	237.0	47.0	11876.0	211.0	166.0	1224.0	2281.0	64.0	356.0	48.0	175.0	10.0
1	8	5	-47.1492951403137	1.0	0.5065	77805.0	3220.0	2280.0	237.0	47.0	11876.0	1224.0	356.0	211.0	2281.0	48.0	166.0	64.0	175.0	10.0
5	1	8	-1.210149727194627	0.886889211703716	1.0270551508844954	77805.0	2280.0	11876.0	211.0	166.0	3220.0	237.0	47.0	1224.0	2281.0	64.0	356.0	175.0	48.0	10.0
1	5	9	1.3954923525251903	0.08143376512054179	0.9939393939393939	79384.0	701.0	3401.0	83.0	20.0	12141.0	66.0	46.0	2854.0	684.0	31.0	525.0	17.0	44.0	3.0
1	9	5	-227.4652534616061	1.0	0.5015290519877675	79384.0	3401.0	701.0	83.0	20.0	12141.0	2854.0	525.0	66.0	684.0	17.0	46.0	31.0	44.0	3.0
5	1	9	-1.3869832528146708	0.9172765081277745	1.0061728395061729	79384.0	701.0	12141.0	66.0	46.0	3401.0	83.0	20.0	2854.0	684.0	31.0	525.0	44.0	17.0	3.0
1	6	7	2.8416080068500253	0.0022443958962834465	0.9265060240963855	77684.0	2506.0	3063.0	274.0	62.0	11852.0	213.0	199.0	982.0	2534.0	64.0	311.0	59.0	194.0	3.0
1	7	6	-32.98128637458716	1.0	0.5206499661475965	77684.0	3063.0	2506.0	274.0	62.0	11852.0	982.0	311.0	213.0	2534.0	59.0	199.0	64.0	194.0	3.0
6	1	7	-2.6162008697656924	0.9955542516007273	1.0942812982998456	77684.0	2506.0	11852.0	213.0	199.0	3063.0	274.0	62.0	982.0	2534.0	64.0	311.0	194.0	59.0	3.0
1	6	8	2.6063365800809986	0.004575859196261023	0.9490268767377201	77928.0	2262.0	3097.0	259.0	43.0	11892.0	204.0	168.0	1228.0	2284.0	68.0	336.0	52.0	176.0	3.0
1	8	6	-45.918911747245254	1.0	0.5137982940291018	77928.0	3097.0	2262.0	259.0	43.0	11892.0	1228.0	336.0	204.0	2284.0	52.0	168.0	68.0	176.0	3.0
6	1	8	-2.4663477989243043	0.9931750560611932	1.0601750547045952	77928.0	2262.0	11892.0	204.0	168.0	3097.0	259.0	43.0	1228.0	2284.0	68.0	336.0	176.0	52.0	3.0
1	6	9	0.9084681130006675	0.18181545066996097	0.9960881934566145	79483.0	707.0	3302.0	79.0	18.0	12148.0	68.0	48.0	2869.0	681.0	30.0	503.0	18.0	42.0	4.0
1	9	6	-230.42054866107821	1.0	0.5009837238418888	79483.0	3302.0	707.0	79.0	18.0	12148.0	2869.0	503.0	68.0	681.0	18.0	48.0	30.0	42.0	4.0
6	1	9	-0.9049004053094831	0.817240951230125	1.003958258366319	79483.0	707.0	12148.0	68.0	48.0	3302.0	79.0	18.0	2869.0	681.0	30.0	503.0	42.0	18.0	4.0
1	7	8	1.0472800341634811	0.14748524831536625	0.9228070175438596	78477.0	2270.0	2548.0	248.0	46.0	12740.0	226.0	179.0	489.0	2268.0	49.0	227.0	46.0	181.0	6.0
1	8	7	-11.472476737881765	1.0	0.5218253968253969	78477.0	2548.0	2270.0	248.0	46.0	12740.0	489.0	227.0	226.0	2268.0	46.0	179.0	49.0	181.0	6.0
7	1	8	-0.9596748602030378	0.8313905661498049	1.1004566210045663	78477.0	2270.0	12740.0	226.0	179.0	2548.0	248.0	46.0	489.0	2268.0	49.0	227.0	181.0	46.0	6.0
1	7	9	0.41272634102916433	0.339903605534168	0.9975393700787402	80030.0	717.0	2755.0	76.0	11.0	13027.0	71.0	47.0	2098.0	681.0	27.0	395.0	15.0	47.0	3.0
1	9	7	-166.90653231219346	1.0	0.5006174364040503	80030.0	2755.0	717.0	76.0	11.0	13027.0	2098.0	395.0	71.0	681.0	15.0	47.0	27.0	47.0	3.0
7	1	9	-0.4117082691470006	0.659723324151428	1.0024789291026277	80030.0	717.0	13027.0	71.0	47.0	2755.0	76.0	11.0	2098.0	681.0	27.0	395.0	47.0	15.0	3.0
1	8	9	0.4020128804022753	0.3438373219062292	0.9971687429218573	80313.0	712.0	2472.0	80.0	12.0	13333.0	75.0	48.0	1836.0	681.0	23.0	351.0	11.0	51.0	2.0
1	9	8	-141.18692359727916	1.0	0.5007108330963891	80313.0	2472.0	712.0	80.0	12.0	13333.0	1836.0	351.0	75.0	681.0	11.0	48.0	23.0	51.0	2.0
8	1	9	-0.40087144689744203	0.6557425646133076	1.0028555111364934	80313.0	712.0	13333.0	75.0	48.0	2472.0	80.0	12.0	1836.0	681.0	23.0	351.0	51.0	11.0	2.0
2	3	4	-0.6886764484958047	0.7544866179835384	1.0156114483954901	76213.0	3608.0	4697.0	327.0	130.0	8504.0	345.0	213.0	1516.0	3558.0	147.0	385.0	112.0	228.0	17.0
2	4	3	-45.49090540341731	1.0	0.49618644067796613	76213.0	4697.0	3608.0	327.0	130.0	8504.0	1516.0	385.0	345.0	3558.0	112.0	213.0	147.0	228.0	17.0
3	2	4	0.6992624229389511	0.24219395411143274	0.9850869925434963	76213.0	3608.0	8504.0	345.0	213.0	4697.0	327.0	130.0	1516.0	3558.0	147.0	385.0	228.0	112.0	17.0
2	3	5	-0.5297397818336004	0.7018538361918498	1.0082330588980368	76699.0	3122.0	4751.0	292.0	111.0	8551.0	305.0	206.0	1897.0	3183.0	141.0	440.0	94.0	197.0	11.0
2	5	3	-65.40248844945586	1.0	0.4979668439161714	76699.0	4751.0	3122.0	292.0	111.0	8551.0	1897.0	440.0	305.0	3183.0	94.0	206.0	141.0	197.0	11.0
3	2	5	0.534065546383749	0.2966480736904453	0.9919653893695921	76699.0	3122.0	8551.0	305.0	206.0	4751.0	292.0	111.0	1897.0	3183.0	141.0	440.0	197.0	94.0	11.0
2	3	6	-0.20889436339572906	0.5827346164803799	1.0031152647975077	76760.0	3061.0	4773.0	283.0	98.0	8588.0	288.0	186.0	1898.0	3187.0	136.0	435.0	98.0	192.0	17.0
2	6	3	-67.47287937682034	1.0	0.49922480620155035	76760.0	4773.0	3061.0	283.0	98.0	8588.0	1898.0	435.0	288.0	3187.0	98.0	186.0	136.0	192.0	17.0
3	2	6	0.20954310365472203	0.41701217690078307	0.9969135802469136	76760.0	3061.0	8588.0	288.0	186.0	4773.0	283.0	98.0	1898.0	3187.0	136.0	435.0	192.0	98.0	17.0
2	3	7	0.09348268740120332	0.46275999054971106	0.9991578947368421	77258.0	2563.0	4827.0	230.0	97.0	8712.0	228.0	122.0	2601.0	2499.0	121.0	494.0	86.0	157.0	5.0
2	7	3	-110.82372591412619	1.0	0.5002107925801013	77258.0	4827.0	2563.0	230.0	97.0	8712.0	2601.0	494.0	228.0	2499.0	86.0	122.0	121.0	157.0	5.0
3	2	7	-0.0934038987898243	0.5372087143124744	1.0008442380751372	77258.0	2563.0	8712.0	228.0	122.0	4827.0	230.0	97.0	2601.0	2499.0	121.0	494.0	157.0	86.0	5.0
2	3	8	0.04851061329717884	0.48065458646704173	0.9996191926884996	77543.0	2278.0	4868.0	213.0	73.0	8711.0	212.0	139.0	2837.0	2265.0	119.0	522.0	71.0	144.0	5.0
2	8	3	-127.29184929179685	1.0	0.5000952562392837	77543.0	4868.0	2278.0	213.0	73.0	8711.0	2837.0	522.0	212.0	2265.0	71.0	139.0	119.0	144.0	5.0
3	2	8	-0.04849213306354182	0.5193380496451638	1.0003812428516965	77543.0	2278.0	8711.0	212.0	139.0	4868.0	213.0	73.0	2837.0	2265.0	119.0	522.0	144.0	71.0	5.0
2	3	9	1.823171187988168	0.03413867732476328	0.9953114534494307	79100.0	721.0	5049.0	77.0	28.0	8963.0	56.0	43.0	4514.0	669.0	38.0	679.0	24.0	35.0	4.0
2	9	3	-385.2100267192143	1.0	0.5011804384485666	79100.0	5049.0	721.0	77.0	28.0	8963.0	4514.0	679.0	56.0	669.0	24.0	43.0	38.0	35.0	4.0
3	2	9	-1.814582898408143	0.9652060386377496	1.0047554347826086	79100.0	721.0	8963.0	56.0	43.0	5049.0	77.0	28.0	4514.0	669.0	38.0	679.0	35.0	24.0	4.0
2	4	5	1.5036345158683297	0.06633777804795082	0.9258474576271186	77775.0	3135.0	3675.0	307.0	83.0	9893.0	272.0	240.0	709.0	3218.0	88.0	286.0	92.0	222.0	5.0
2	5	4	-17.27031643940195	1.0	0.5208581644815257	77775.0	3675.0	3135.0	307.0	83.0	9893.0	709.0	286.0	272.0	3218.0	92.0	240.0	88.0	222.0	5.0
4	2	5	-1.3832061221488983	0.9166991056976136	1.095367847411444	77775.0	3135.0	9893.0	272.0	240.0	3675.0	307.0	83.0	709.0	3218.0	88.0	286.0	222.0	92.0	5.0
2	4	6	1.882027512936423	0.029916075856505797	0.9122448979591837	77855.0	3055.0	3678.0	303.0	84.0	9930.0	260.0	215.0	707.0	3221.0	87.0	284.0	92.0	222.0	7.0
2	6	4	-17.682305005263128	1.0	0.5252643948296122	77855.0	3678.0	3055.0	303.0	84.0	9930.0	707.0	284.0	260.0	3221.0	92.0	215.0	87.0	222.0	7.0
4	2	6	-1.7009823606852683	0.9555268799266374	1.1191135734072022	77855.0	3055.0	9930.0	260.0	215.0	3678.0	303.0	84.0	707.0	3221.0	87.0	284.0	222.0	92.0	7.0
2	4	7	1.9150926890258342	0.02774027496805087	0.967663702506063	78348.0	2562.0	3737.0	244.0	84.0	10056.0	204.0	145.0	1401.0	2535.0	79.0	350.0	74.0	175.0	6.0
2	7	4	-55.39405603007229	1.0	0.5084961767204758	78348.0	3737.0	2562.0	244.0	84.0	10056.0	1401.0	350.0	204.0	2535.0	74.0	145.0	79.0	175.0	6.0
4	2	7	-1.8510962750233002	0.9679222085874812	1.035810205908684	78348.0	2562.0	10056.0	204.0	145.0	3737.0	244.0	84.0	1401.0	2535.0	79.0	350.0	175.0	74.0	6.0
2	4	8	0.7736551223097096	0.21956731782306738	0.989010989010989	78639.0	2271.0	3772.0	224.0	69.0	10043.0	208.0	154.0	1648.0	2283.0	84.0	379.0	57.0	163.0	6.0
2	8	4	-68.85530588556415	1.0	0.5027932960893854	78639.0	3772.0	2271.0	224.0	69.0	10043.0	1648.0	379.0	208.0	2283.0	57.0	154.0	84.0	163.0	6.0
4	2	8	-0.765058954284046	0.7778818462466539	1.0113636363636365	78639.0	2271.0	10043.0	208.0	154.0	3772.0	224.0	69.0	1648.0	2283.0	84.0	379.0	163.0	57.0	6.0
2	4	9	2.176810772988897	0.014747292499150744	0.9926583052921383	80178.0	732.0	3971.0	73.0	21.0	10309.0	49.0	47.0	3294.0	685.0	36.0	553.0	15.0	36.0	1.0
2	9	4	-292.1461458248851	1.0	0.5018558614290133	80178.0	3971.0	732.0	73.0	21.0	10309.0	3294.0	553.0	49.0	685.0	15.0	47.0	36.0	36.0	1.0
4	2	9	-2.1607110939282705	0.9846412227873971	1.0075070378479825	80178.0	732.0	10309.0	49.0	47.0	3971.0	73.0	21.0	3294.0	685.0	36.0	553.0	36.0	15.0	1.0
2	5	6	0.20605623486320163	0.41837352158651964	0.003424657534246575	79423.0	2027.0	2110.0	1351.0	64.0	10573.0	187.0	128.0	191.0	3339.0	52.0	157.0	47.0	347.0	4.0
2	6	5	-99999.9	1.0	-0.0034602076124567475	79423.0	2110.0	2027.0	1351.0	64.0	10573.0	191.0	157.0	187.0	3339.0	47.0	128.0	52.0	347.0	4.0
5	2	6	-59.75630811032861	1.0	0.4991394148020654	79423.0	2027.0	10573.0	187.0	128.0	2110.0	1351.0	64.0	191.0	3339.0	52.0	157.0	347.0	47.0	4.0
2	5	7	2.606846055710164	0.00456905682342057	0.9320987654320988	78871.0	2579.0	3214.0	262.0	49.0	10531.0	207.0	150.0	962.0	2553.0	67.0	314.0	53.0	185.0	3.0
2	7	5	-33.178040709038456	1.0	0.5189003436426117	78871.0	3214.0	2579.0	262.0	49.0	10531.0	962.0	314.0	207.0	2553.0	53.0	150.0	67.0	185.0	3.0
5	2	7	-2.416943362910086	0.9921742768730301	1.0852713178294573	78871.0	2579.0	10531.0	207.0	150.0	3214.0	262.0	49.0	962.0	2553.0	67.0	314.0	185.0	53.0	3.0
2	5	8	0.9207693868769403	0.17858539920646765	0.9814995131450828	79164.0	2286.0	3247.0	226.0	52.0	10517.0	207.0	164.0	1215.0	2297.0	70.0	338.0	44.0	170.0	3.0
2	8	5	-47.9284696642787	1.0	0.5047571357035553	79164.0	3247.0	2286.0	226.0	52.0	10517.0	1215.0	338.0	207.0	2297.0	44.0	164.0	70.0	170.0	3.0
5	2	8	-0.9034136147036648	0.8168468194975174	1.0195876288659793	79164.0	2286.0	10517.0	207.0	164.0	3247.0	226.0	52.0	1215.0	2297.0	70.0	338.0	170.0	44.0	3.0
2	5	9	3.0655273973489945	0.0010865011674086045	0.9877063575693713	80728.0	722.0	3421.0	83.0	21.0	10797.0	48.0	43.0	2860.0	687.0	35.0	499.0	14.0	41.0	1.0
2	9	5	-243.22770235537592	1.0	0.5031311504741456	80728.0	3421.0	722.0	83.0	21.0	10797.0	2860.0	499.0	48.0	687.0	14.0	43.0	35.0	41.0	1.0
5	2	9	-3.027371828747567	0.9987664792299666	1.012764405543399	80728.0	722.0	10797.0	48.0	43.0	3421.0	83.0	21.0	2860.0	687.0	35.0	499.0	41.0	14.0	1.0
2	6	7	2.887402808443466	0.0019422493007321684	0.9261083743842364	78963.0	2570.0	3122.0	258.0	62.0	10573.0	198.0	150.0	950.0	2557.0	66.0	284.0	58.0	187.0	2.0
2	7	6	-33.30137905738129	1.0	0.520775623268698	78963.0	3122.0	2570.0	258.0	62.0	10573.0	950.0	284.0	198.0	2557.0	58.0	150.0	66.0	187.0	2.0
6	2	7	-2.657024924791062	0.9960582760116242	1.0949367088607596	78963.0	2570.0	10573.0	198.0	150.0	3122.0	258.0	62.0	950.0	2557.0	66.0	284.0	187.0	58.0	2.0
2	6	8	2.2414198784954813	0.012499404600256447	0.9562737642585551	79255.0	2278.0	3156.0	241.0	45.0	10565.0	195.0	161.0	1201.0	2304.0	68.0	304.0	49.0	174.0	4.0
2	8	6	-46.777458333818736	1.0	0.5116988809766022	79255.0	3156.0	2278.0	241.0	45.0	10565.0	1201.0	304.0	195.0	2304.0	49.0	161.0	68.0	174.0	4.0
6	2	8	-2.138929506317756	0.9837793686681228	1.0503282275711159	79255.0	2278.0	10565.0	195.0	161.0	3156.0	241.0	45.0	1201.0	2304.0	68.0	304.0	174.0	49.0	4.0
2	6	9	2.268455942967413	0.01165068060803709	0.990819209039548	80809.0	724.0	3340.0	79.0	23.0	10822.0	53.0	46.0	2859.0	682.0	32.0	475.0	14.0	41.0	1.0
2	9	6	-242.55028928651595	1.0	0.502327246688149	80809.0	3340.0	724.0	79.0	23.0	10822.0	2859.0	475.0	53.0	682.0	14.0	46.0	32.0	41.0	1.0
6	2	9	-2.2474367503383497	0.9876939749919111	1.009440813362382	80809.0	724.0	10822.0	53.0	46.0	3340.0	79.0	23.0	2859.0	682.0	32.0	475.0	41.0	14.0	1.0
2	7	8	0.9812599500160958	0.16323228627066066	0.9283154121863799	79801.0	2284.0	2610.0	232.0	48.0	11416.0	212.0	179.0	471.0	2291.0	51.0	183.0	45.0	174.0	3.0
2	8	7	-11.72605640269234	1.0	0.5200803212851406	79801.0	2610.0	2284.0	232.0	48.0	11416.0	471.0	183.0	212.0	2291.0	45.0	179.0	51.0	174.0	3.0
7	2	8	-0.9054869809028837	0.8173963001646349	1.091324200913242	79801.0	2284.0	11416.0	212.0	179.0	2610.0	232.0	48.0	471.0	2291.0	51.0	183.0	174.0	45.0	3.0
2	7	9	2.208419562708394	0.01360747309075716	0.987934362934363	81347.0	738.0	2802.0	77.0	11.0	11710.0	52.0	45.0	2099.0	684.0	30.0	347.0	13.0	43.0	2.0
2	9	7	-178.6169742318544	1.0	0.5030720078643403	81347.0	2802.0	738.0	77.0	11.0	11710.0	2099.0	347.0	52.0	684.0	13.0	45.0	30.0	43.0	2.0
7	2	9	-2.1814481464564595	0.9854249083040267	1.0125187781672509	81347.0	738.0	11710.0	52.0	45.0	2802.0	77.0	11.0	2099.0	684.0	30.0	347.0	43.0	13.0	2.0
2	8	9	2.1763327831554977	0.014765140906615404	0.9861725663716814	81677.0	734.0	2472.0	79.0	13.0	11969.0	54.0	47.0	1837.0	686.0	25.0	350.0	9.0	47.0	1.0
2	9	8	-153.03972131149445	1.0	0.503530076249647	81677.0	2472.0	734.0	79.0	13.0	11969.0	1837.0	350.0	54.0	686.0	9.0	47.0	25.0	47.0	1.0
8	2	9	-2.1458177413277424	0.9840562953743313	1.0144258511252164	81677.0	734.0	11969.0	54.0	47.0	2472.0	79.0	13.0	1837.0	686.0	25.0	350.0	47.0	9.0	1.0
3	4	5	2.1265245141062867	0.01672974585488385	0.9142857142857143	81395.0	3322.0	3855.0	230.0	81.0	6273.0	188.0	137.0	636.0	3389.0	88.0	179.0	95.0	128.0	4.0
3	5	4	-20.556403636360763	1.0	0.5245901639344263	81395.0	3855.0	3322.0	230.0	81.0	6273.0	636.0	179.0	188.0	3389.0	95.0	137.0	88.0	128.0	4.0
4	3	5	-1.927162840908822	0.9730203981561568	1.1153846153846154	81395.0	3322.0	6273.0	188.0	137.0	3855.0	230.0	81.0	636.0	3389.0	88.0	179.0	128.0	95.0	4.0
3	4	6	1.8745049728731333	0.030430365227354983	0.9240246406570842	81493.0	3224.0	3855.0	226.0	85.0	6292.0	189.0	117.0	639.0	3383.0	91.0	175.0	90.0	137.0	4.0
3	6	4	-20.923528480989305	1.0	0.5214368482039397	81493.0	3855.0	3224.0	226.0	85.0	6292.0	639.0	175.0	189.0	3383.0	90.0	117.0	91.0	137.0	4.0
4	3	6	-1.720379008436898	0.9573182496361015	1.0984042553191489	81493.0	3224.0	6292.0	189.0	117.0	3855.0	226.0	85.0	639.0	3383.0	91.0	175.0	137.0	90.0	4.0
3	4	7	1.7905460987144906	0.03668303115820182	0.9743178170144462	82070.0	2647.0	3900.0	179.0	87.0	6334.0	147.0	117.0	1361.0	2669.0	83.0	227.0	70.0	106.0	3.0
3	7	4	-66.13829652126648	1.0	0.506677796327212	82070.0	3900.0	2647.0	179.0	87.0	6334.0	1361.0	227.0	147.0	2669.0	70.0	117.0	83.0	106.0	3.0
4	3	7	-1.7433488374633674	0.9593636906325753	1.0278260869565217	82070.0	2647.0	6334.0	147.0	117.0	3900.0	179.0	87.0	1361.0	2669.0	83.0	227.0	106.0	70.0	3.0
3	4	8	0.6862249957773553	0.24628555103222016	0.9918809201623816	82320.0	2397.0	3934.0	160.0	72.0	6362.0	148.0	88.0	1614.0	2415.0	84.0	251.0	59.0	95.0	1.0
3	8	4	-83.14759532168948	1.0	0.502054794520548	82320.0	3934.0	2397.0	160.0	72.0	6362.0	1614.0	251.0	148.0	2415.0	59.0	88.0	84.0	95.0	1.0
4	3	8	-0.6806078743930932	0.7519402457794531	1.0083217753120666	82320.0	2397.0	6362.0	148.0	88.0	3934.0	160.0	72.0	1614.0	2415.0	84.0	251.0	95.0	59.0	1.0
3	4	9	0.7877463340702668	0.21542248624006133	0.9978941034897714	83959.0	758.0	4104.0	43.0	19.0	6528.0	36.0	34.0	3353.0	726.0	34.0	361.0	19.0	25.0	1.0
3	9	4	-372.4914808246557	1.0	0.500528142447563	83959.0	4104.0	758.0	43.0	19.0	6528.0	3353.0	361.0	36.0	726.0	19.0	34.0	34.0	25.0	1.0
4	3	9	-0.7860839209444027	0.7840909010325764	1.002119285498032	83959.0	758.0	6528.0	36.0	34.0	4104.0	43.0	19.0	3353.0	726.0	34.0	361.0	25.0	19.0	1.0
3	5	6	-99999.9	1.0	-0.0033250207813798833	83117.0	2133.0	2231.0	1341.0	61.0	6879.0	134.0	75.0	130.0	3483.0	59.0	97.0	45.0	213.0	2.0
3	6	5	0.24653017785477782	0.4026359767351618	0.0032921810699588472	83117.0	2231.0	2133.0	1341.0	61.0	6879.0	130.0	97.0	134.0	3483.0	45.0	75.0	59.0	213.0	2.0
5	3	6	-74.39048116767903	1.0	0.5008271298593879	83117.0	2133.0	6879.0	134.0	75.0	2231.0	1341.0	61.0	130.0	3483.0	59.0	97.0	213.0	45.0	2.0
3	5	7	2.768267397376971	0.0028178172693660297	0.9368029739776952	82586.0	2664.0	3384.0	203.0	46.0	6816.0	152.0	120.0	908.0	2689.0	75.0	198.0	45.0	108.0	6.0
3	7	5	-38.267225787269886	1.0	0.517453798767967	82586.0	3384.0	2664.0	203.0	46.0	6816.0	908.0	198.0	152.0	2689.0	45.0	120.0	75.0	108.0	6.0
5	3	7	-2.581519199934874	0.9950816433618301	1.0779816513761469	82586.0	2664.0	6816.0	152.0	120.0	3384.0	203.0	46.0	908.0	2689.0	75.0	198.0	108.0	45.0	6.0
3	5	8	1.3038648004017657	0.09613990943534167	0.9780534351145038	82838.0	2412.0	3416.0	170.0	47.0	6843.0	147.0	98.0	1172.0	2429.0	71.0	212.0	46.0	94.0	5.0
3	8	5	-56.80315347837254	1.0	0.5056734089787864	82838.0	3416.0	2412.0	170.0	47.0	6843.0	1172.0	212.0	147.0	2429.0	46.0	98.0	71.0	94.0	5.0
5	3	8	-1.2746073463439698	0.8987758032896815	1.0234933605720122	82838.0	2412.0	6843.0	147.0	98.0	3416.0	170.0	47.0	1172.0	2429.0	71.0	212.0	94.0	46.0	5.0
3	5	9	1.618442656401518	0.05278361172532453	0.9944540727902946	84508.0	742.0	3555.0	57.0	21.0	7017.0	41.0	30.0	2910.0	728.0	34.0	315.0	12.0	26.0	4.0
3	9	5	-288.5885561695952	1.0	0.5013981125480601	84508.0	3555.0	742.0	57.0	21.0	7017.0	2910.0	315.0	41.0	728.0	12.0	30.0	34.0	26.0	4.0
5	3	9	-1.6094168346857898	0.9462373899554017	1.0056397603101868	84508.0	742.0	7017.0	41.0	30.0	3555.0	57.0	21.0	2910.0	728.0	34.0	315.0	26.0	12.0	4.0
3	6	7	2.9266221429508197	0.001713392531970559	0.9347290640394089	82694.0	2654.0	3276.0	198.0	61.0	6842.0	145.0	119.0	904.0	2688.0	70.0	176.0	53.0	116.0	4.0
3	7	6	-38.98481571553357	1.0	0.5180887372013653	82694.0	3276.0	2654.0	198.0	61.0	6842.0	904.0	176.0	145.0	2688.0	53.0	119.0	70.0	116.0	4.0
6	3	7	-2.7222598589239513	0.9967580909174681	1.0811638591117918	82694.0	2654.0	6842.0	145.0	119.0	3276.0	198.0	61.0	904.0	2688.0	70.0	176.0	116.0	53.0	4.0
3	6	8	2.6764409537750358	0.0037204799223842233	0.9551401869158879	82951.0	2397.0	3303.0	190.0	42.0	6869.0	142.0	95.0	1164.0	2429.0	69.0	194.0	51.0	100.0	4.0
3	8	6	-54.30944768701839	1.0	0.5120240480961924	82951.0	3303.0	2397.0	190.0	42.0	6869.0	1164.0	194.0	142.0	2429.0	51.0	95.0	69.0	100.0	4.0
6	3	8	-2.5507372690576173	0.9946252087644856	1.0518358531317495	82951.0	2397.0	6869.0	142.0	95.0	3303.0	190.0	42.0	1164.0	2429.0	69.0	194.0	100.0	51.0	4.0
3	6	9	0.8086528949670078	0.20935735710250292	0.9972144846796658	84601.0	747.0	3462.0	53.0	20.0	7030.0	45.0	31.0	2909.0	721.0	32.0	303.0	15.0	28.0	3.0
3	9	6	-288.6890835032212	1.0	0.5006993006993007	84601.0	3462.0	747.0	53.0	20.0	7030.0	2909.0	303.0	45.0	721.0	15.0	31.0	32.0	28.0	3.0
6	3	9	-0.8063940879978261	0.7899922311991199	1.002808988764045	84601.0	747.0	7030.0	45.0	31.0	3462.0	53.0	20.0	2909.0	721.0	32.0	303.0	28.0	15.0	3.0
3	7	8	0.7282595548936528	0.23322728855905006	0.9527272727272728	83564.0	2406.0	2690.0	173.0	50.0	7653.0	160.0	109.0	422.0	2416.0	48.0	152.0	46.0	108.0	3.0
3	8	7	-13.948971474501516	1.0	0.5127201565557731	83564.0	2690.0	2406.0	173.0	50.0	7653.0	422.0	152.0	160.0	2416.0	46.0	109.0	48.0	108.0	3.0
7	3	8	-0.6921245388111433	0.7555705070940746	1.055084745762712	83564.0	2406.0	7653.0	160.0	109.0	2690.0	173.0	50.0	422.0	2416.0	48.0	152.0	108.0	46.0	3.0
3	7	9	0.20849644705140807	0.41742070927523645	0.9990448901623686	85213.0	757.0	2850.0	47.0	16.0	7844.0	45.0	33.0	2137.0	723.0	26.0	261.0	13.0	34.0	1.0
3	9	7	-217.87878716872078	1.0	0.5002391200382591	85213.0	2850.0	757.0	47.0	16.0	7844.0	2137.0	261.0	45.0	723.0	13.0	33.0	26.0	34.0	1.0
7	3	9	-0.20829711966416964	0.5825014788789378	1.0009578544061302	85213.0	757.0	7844.0	45.0	33.0	2850.0	47.0	16.0	2137.0	723.0	26.0	261.0	34.0	13.0	1.0
3	8	9	0.5244910670593947	0.299968501306106	0.997275204359673	85496.0	758.0	2567.0	48.0	14.0	8150.0	43.0	34.0	1873.0	727.0	22.0	219.0	11.0	37.0	1.0
3	9	8	-191.4392394766786	1.0	0.5006839945280438	85496.0	2567.0	758.0	48.0	14.0	8150.0	1873.0	219.0	43.0	727.0	11.0	34.0	22.0	37.0	1.0
8	3	9	-0.5230580313570468	0.6995330785720395	1.0027472527472527	85496.0	758.0	8150.0	43.0	34.0	2567.0	48.0	14.0	1873.0	727.0	22.0	219.0	37.0	11.0	1.0
4	5	6	-99999.9	1.0	-0.002533783783783784	85488.0	2180.0	2297.0	1289.0	61.0	4508.0	102.0	60.0	99.0	3594.0	54.0	62.0	50.0	154.0	2.0
4	6	5	0.21180958245769987	0.4161278295283679	0.002514668901927913	85488.0	2297.0	2180.0	1289.0	61.0	4508.0	99.0	62.0	102.0	3594.0	50.0	60.0	54.0	154.0	2.0
5	4	6	-83.80599145909697	1.0	0.5006310475389146	85488.0	2180.0	4508.0	102.0	60.0	2297.0	1289.0	61.0	99.0	3594.0	54.0	62.0	154.0	50.0	2.0
4	5	7	1.309251151216997	0.095224712517332	0.9735516372795969	84946.0	2722.0	3458.0	142.0	47.0	4456.0	121.0	93.0	894.0	2781.0	72.0	138.0	52.0	77.0	1.0
4	7	5	-46.88366027215147	1.0	0.5068852459016393	84946.0	3458.0	2722.0	142.0	47.0	4456.0	894.0	138.0	121.0	2781.0	52.0	93.0	72.0	77.0	1.0
5	4	7	-1.273682879321063	0.8986120180497109	1.0287277701778386	84946.0	2722.0	4456.0	121.0	93.0	3458.0	142.0	47.0	894.0	2781.0	72.0	138.0	77.0	52.0	1.0
4	5	8	0.13140071796646283	0.44772912691251276	0.9981024667931688	85199.0	2469.0	3483.0	117.0	47.0	4482.0	115.0	73.0	1167.0	2508.0	72.0	150.0	47.0	68.0	3.0
4	8	5	-68.98537693239356	1.0	0.500475737392959	85199.0	3483.0	2469.0	117.0	47.0	4482.0	1167.0	150.0	115.0	2508.0	47.0	73.0	72.0	68.0	3.0
5	4	8	-0.13115090671557603	0.5521720680798442	1.001908396946565	85199.0	2469.0	4482.0	115.0	73.0	3483.0	117.0	47.0	1167.0	2508.0	72.0	150.0	68.0	47.0	3.0
4	5	9	1.6133480990879352	0.05333444662662923	0.995588734306074	86903.0	765.0	3584.0	39.0	24.0	4622.0	26.0	22.0	2960.0	754.0	33.0	236.0	14.0	18.0	0.0
4	9	5	-362.50690749506737	1.0	0.5011101622544833	86903.0	3584.0	765.0	39.0	24.0	4622.0	2960.0	236.0	26.0	754.0	14.0	22.0	33.0	18.0	0.0
5	4	9	-1.6061996582944302	0.9458849780747907	1.0044704264099038	86903.0	765.0	4622.0	26.0	22.0	3584.0	39.0	24.0	2960.0	754.0	33.0	236.0	18.0	14.0	0.0
4	6	7	1.6104056422906194	0.0536546612494071	0.9688667496886674	85072.0	2713.0	3332.0	136.0	62.0	4464.0	111.0	94.0	889.0	2787.0	70.0	135.0	56.0	79.0	0.0
4	7	6	-48.50541794579343	1.0	0.5081645983017635	85072.0	3332.0	2713.0	136.0	62.0	4464.0	889.0	135.0	111.0	2787.0	56.0	94.0	70.0	79.0	0.0
6	4	7	-1.558657389003646	0.9404612416567781	1.0343406593406594	85072.0	2713.0	4464.0	111.0	94.0	3332.0	136.0	62.0	889.0	2787.0	70.0	135.0	79.0	56.0	0.0
4	6	8	1.9483071051720002	0.025689045024198887	0.9723756906077348	85332.0	2453.0	3350.0	136.0	44.0	4488.0	106.0	75.0	1162.0	2514.0	70.0	149.0	50.0	69.0	2.0
4	8	6	-66.63210299688234	1.0	0.5072046109510087	85332.0	3350.0	2453.0	136.0	44.0	4488.0	1162.0	149.0	106.0	2514.0	50.0	75.0	70.0	69.0	2.0
6	4	8	-1.8929574715023407	0.9708183026007966	1.0301204819277108	85332.0	2453.0	4488.0	106.0	75.0	3350.0	136.0	44.0	1162.0	2514.0	70.0	149.0	69.0	50.0	2.0
4	6	9	0.5078924814206264	0.305764368213183	0.9986389928547125	87012.0	773.0	3475.0	33.0	22.0	4619.0	29.0	21.0	2964.0	750.0	32.0	235.0	15.0	19.0	1.0
4	9	6	-372.15821576096374	1.0	0.5003409478349813	87012.0	3475.0	773.0	33.0	22.0	4619.0	2964.0	235.0	29.0	750.0	15.0	21.0	32.0	19.0	1.0
6	4	9	-0.5072002940524211	0.6939928609395509	1.0013665869490946	87012.0	773.0	4619.0	29.0	21.0	3475.0	33.0	22.0	2964.0	750.0	32.0	235.0	19.0	15.0	1.0
4	7	8	-0.31509192143921066	0.6236540000082779	1.0183150183150182	85942.0	2462.0	2740.0	121.0	50.0	5275.0	126.0	87.0	404.0	2499.0	51.0	120.0	45.0	77.0	1.0
4	8	7	-17.83420275345936	1.0	0.49554367201426025	85942.0	2740.0	2462.0	121.0	50.0	5275.0	404.0	120.0	126.0	2499.0	45.0	87.0	51.0	77.0	1.0
7	4	8	0.3207590423284051	0.3741965688434372	0.9826388888888888	85942.0	2462.0	5275.0	126.0	87.0	2740.0	121.0	50.0	404.0	2499.0	51.0	120.0	77.0	45.0	1.0
4	7	9	-0.13468499677641957	0.553569562683083	1.0004666355576295	87618.0	786.0	2869.0	27.0	15.0	5439.0	28.0	21.0	2172.0	754.0	28.0	207.0	12.0	23.0	1.0
4	9	7	-288.89931808542116	1.0	0.4998834227092562	87618.0	2869.0	786.0	27.0	15.0	5439.0	2172.0	207.0	28.0	754.0	12.0	21.0	28.0	23.0	1.0
7	4	9	0.13474781627118468	0.44640560240282223	0.9995340167753961	87618.0	786.0	5439.0	28.0	21.0	2869.0	27.0	15.0	2172.0	754.0	28.0	207.0	23.0	12.0	1.0
4	8	9	0.1301124639101073	0.44823869004413397	0.9994632313472893	87898.0	784.0	2589.0	30.0	14.0	5748.0	29.0	22.0	1891.0	755.0	24.0	179.0	10.0	27.0	0.0
4	9	8	-242.13929533671038	1.0	0.5001343002954606	87898.0	2589.0	784.0	30.0	14.0	5748.0	1891.0	179.0	29.0	755.0	10.0	22.0	24.0	27.0	0.0
8	4	9	-0.13004258610994077	0.5517336676544595	1.000537634408602	87898.0	784.0	5748.0	29.0	22.0	2589.0	30.0	14.0	1891.0	755.0	24.0	179.0	27.0	10.0	0.0
5	6	7	0.6031983484296184	0.2731883240049482	0.9964610717896866	87175.0	2821.0	2227.0	71.0	44.0	2361.0	64.0	33.0	2035.0	2897.0	105.0	94.0	39.0	34.0	0.0
5	7	6	-169.24022233082454	1.0	0.5008894536213468	87175.0	2227.0	2821.0	71.0	44.0	2361.0	2035.0	94.0	64.0	2897.0	39.0	33.0	105.0	34.0	0.0
6	5	7	-0.6010560914844092	0.7260987347525063	1.0035769034236075	87175.0	2821.0	2361.0	64.0	33.0	2227.0	71.0	44.0	2035.0	2897.0	105.0	94.0	34.0	39.0	0.0
5	6	8	2.503951118492362	0.006140765637951295	0.987429562201994	87450.0	2546.0	2231.0	82.0	29.0	2370.0	53.0	35.0	2331.0	2606.0	100.0	99.0	34.0	31.0	3.0
5	8	6	-194.1857263961837	1.0	0.50320300419704	87450.0	2231.0	2546.0	82.0	29.0	2370.0	2331.0	99.0	53.0	2606.0	34.0	35.0	100.0	31.0	3.0
6	5	8	-2.4720746556142763	0.9932834180349124	1.013063063063063	87450.0	2546.0	2370.0	53.0	35.0	2231.0	82.0	29.0	2331.0	2606.0	100.0	99.0	31.0	34.0	3.0
5	6	9	-1.2943105416426979	0.9022208435252512	1.0019134178426214	89209.0	787.0	2316.0	15.0	11.0	2422.0	23.0	13.0	4212.0	777.0	48.0	146.0	11.0	10.0	0.0
5	9	6	-679.0276679092995	1.0	0.4995230145480563	89209.0	2316.0	787.0	15.0	11.0	2422.0	4212.0	146.0	23.0	777.0	11.0	13.0	48.0	10.0	0.0
6	5	9	1.2967823688886135	0.09735310739566272	0.9980975029726517	89209.0	787.0	2422.0	23.0	13.0	2316.0	15.0	11.0	4212.0	777.0	48.0	146.0	10.0	11.0	0.0
5	7	8	-0.41350130693273246	0.6603802740642801	1.0204081632653061	86894.0	2508.0	2787.0	100.0	49.0	4323.0	106.0	61.0	406.0	2542.0	52.0	71.0	45.0	55.0	1.0
5	8	7	-21.088566653569295	1.0	0.495049504950495	86894.0	2787.0	2508.0	100.0	49.0	4323.0	406.0	71.0	106.0	2542.0	45.0	61.0	52.0	55.0	1.0
7	5	8	0.4217713330713871	0.33659600550049884	0.9807692307692307	86894.0	2508.0	4323.0	106.0	61.0	2787.0	100.0	49.0	406.0	2542.0	52.0	71.0	55.0	45.0	1.0
5	7	9	-1.629640727210766	0.9484112836726697	1.0060213061602594	88627.0	775.0	2898.0	25.0	13.0	4430.0	38.0	22.0	2210.0	760.0	30.0	140.0	13.0	19.0	0.0
5	9	7	-273.90499915042676	1.0	0.49850814780812486	88627.0	2898.0	775.0	25.0	13.0	4430.0	2210.0	140.0	38.0	760.0	13.0	22.0	30.0	19.0	0.0
7	5	9	1.639394562134219	0.05056554443431671	0.9940855323020928	88627.0	775.0	4430.0	38.0	22.0	2898.0	25.0	13.0	2210.0	760.0	30.0	140.0	19.0	13.0	0.0
5	8	9	-1.379282941346936	0.9160961745494527	1.0059171597633136	88905.0	776.0	2620.0	26.0	11.0	4741.0	37.0	22.0	1907.0	762.0	24.0	132.0	12.0	24.0	1.0
5	9	8	-235.85738297032594	1.0	0.49853372434017595	88905.0	2620.0	776.0	26.0	11.0	4741.0	1907.0	132.0	37.0	762.0	12.0	22.0	24.0	24.0	1.0
8	5	9	1.3873963704136827	0.08266052257916612	0.9941860465116279	88905.0	776.0	4741.0	37.0	22.0	2620.0	26.0	11.0	1907.0	762.0	24.0	132.0	24.0	12.0	1.0
6	7	8	-2.261613945005735	0.9881394036191807	1.15	87037.0	2499.0	2783.0	88.0	47.0	4180.0	124.0	52.0	400.0	2549.0	53.0	81.0	46.0	60.0	1.0
6	8	7	-19.6006541900497	1.0	0.4693877551020408	87037.0	2783.0	2499.0	88.0	47.0	4180.0	400.0	81.0	124.0	2549.0	46.0	52.0	53.0	60.0	1.0
7	6	8	2.5566070682673527	0.005284952894511807	0.896551724137931	87037.0	2499.0	4180.0	124.0	52.0	2783.0	88.0	47.0	400.0	2549.0	53.0	81.0	60.0	46.0	1.0
6	7	9	-0.649523835424497	0.7420001396024556	1.0022925263640532	88754.0	782.0	2877.0	27.0	14.0	4303.0	32.0	21.0	2218.0	756.0	28.0	153.0	14.0	21.0	0.0
6	9	7	-284.6213446830142	1.0	0.49942883253369885	88754.0	2877.0	782.0	27.0	14.0	4303.0	2218.0	153.0	32.0	756.0	14.0	21.0	28.0	21.0	0.0
7	6	9	0.65100948006179	0.25752012113304656	0.9977231329690346	88754.0	782.0	4303.0	32.0	21.0	2877.0	27.0	14.0	2218.0	756.0	28.0	153.0	21.0	14.0	0.0
6	8	9	-0.2622396008549491	0.6034315779822759	1.0010504201680672	89035.0	785.0	2596.0	28.0	10.0	4611.0	30.0	20.0	1936.0	759.0	24.0	127.0	13.0	25.0	1.0
6	9	8	-250.17657921562034	1.0	0.49973780807551127	89035.0	2596.0	785.0	28.0	10.0	4611.0	1936.0	127.0	30.0	759.0	13.0	20.0	24.0	25.0	1.0
8	6	9	0.26251477357357966	0.3964623584488458	0.9989528795811519	89035.0	785.0	4611.0	30.0	20.0	2596.0	28.0	10.0	1936.0	759.0	24.0	127.0	25.0	13.0	1.0
7	8	9	0.15236017992799603	0.43945141593330783	0.9994683678894205	90417.0	800.0	2640.0	22.0	13.0	3229.0	21.0	14.0	1901.0	772.0	24.0	118.0	11.0	18.0	0.0
7	9	8	-286.28477808470467	1.0	0.5001330140994946	90417.0	2640.0	800.0	22.0	13.0	3229.0	1901.0	118.0	21.0	772.0	11.0	14.0	24.0	18.0	0.0
8	7	9	-0.15227913727909817	0.5605166256964297	1.0005324813631522	90417.0	800.0	3229.0	21.0	14.0	2640.0	22.0	13.0	1901.0	772.0	24.0	118.0	18.0	11.0	0.0
