P1	Hybrid	P2	Zscore	Pvalue	Gamma	AAAA	AAAB	AABA	AABB	AABC	ABAA	ABAB	ABAC	ABBA	BAAA	ABBC	CABC	BACA	BCAA	ABCD
1	2	3	-99999.9	1.0	-0.008695652173913044	35610.0	2262.0	2142.0	922.0	144.0	2927.0	226.0	98.0	220.0	4790.0	145.0	93.0	151.0	262.0	8.0
1	3	2	0.2852547896661927	0.3877245397096496	0.008474576271186442	35610.0	2142.0	2262.0	922.0	144.0	2927.0	220.0	93.0	226.0	4790.0	151.0	98.0	145.0	262.0	8.0
2	1	3	-33.08955560127851	1.0	0.502145922746781	35610.0	2262.0	2927.0	226.0	98.0	2142.0	922.0	144.0	220.0	4790.0	145.0	93.0	262.0	151.0	8.0
1	2	4	0.04743350037756306	0.4810837986349472	0.0014513788098693761	35746.0	2126.0	2171.0	910.0	127.0	2941.0	222.0	88.0	223.0	4792.0	140.0	85.0	159.0	260.0	10.0
1	4	2	-99999.9	1.0	-0.001457725947521866	35746.0	2171.0	2126.0	910.0	127.0	2941.0	223.0	85.0	222.0	4792.0	159.0	88.0	140.0	260.0	10.0
2	1	4	-32.58681475938573	1.0	0.49963636363636366	35746.0	2126.0	2941.0	222.0	88.0	2171.0	910.0	127.0	223.0	4792.0	140.0	85.0	260.0	159.0	10.0
1	2	5	-99999.9	1.0	-0.02748091603053435	35690.0	2182.0	2181.0	908.0	119.0	2925.0	235.0	91.0	217.0	4803.0	135.0	85.0	159.0	258.0	12.0
1	5	2	0.85660353225319	0.19583197202875113	0.025387870239774332	35690.0	2181.0	2182.0	908.0	119.0	2925.0	217.0	85.0	235.0	4803.0	159.0	91.0	135.0	258.0	12.0
2	1	5	-32.027454289244254	1.0	0.5065982404692082	35690.0	2182.0	2925.0	235.0	91.0	2181.0	908.0	119.0	217.0	4803.0	135.0	85.0	258.0	159.0	12.0
1	2	6	-99999.9	1.0	-0.004431314623338257	35720.0	2152.0	2178.0	907.0	123.0	2944.0	227.0	80.0	224.0	4790.0	141.0	89.0	156.0	258.0	11.0
1	6	2	0.14155454402716838	0.4437159122550516	0.004373177842565598	35720.0	2178.0	2152.0	907.0	123.0	2944.0	224.0	89.0	227.0	4790.0	156.0	80.0	141.0	258.0	11.0
2	1	6	-32.085696646158546	1.0	0.5011005135730008	35720.0	2152.0	2944.0	227.0	80.0	2178.0	907.0	123.0	224.0	4790.0	141.0	89.0	258.0	156.0	11.0
1	2	7	-99999.9	1.0	-0.0576	35637.0	2235.0	2179.0	906.0	123.0	2910.0	245.0	96.0	209.0	4793.0	153.0	88.0	158.0	256.0	12.0
1	7	2	1.7251164899784224	0.042253204771081965	0.04911323328785811	35637.0	2179.0	2235.0	906.0	123.0	2910.0	209.0	88.0	245.0	4793.0	158.0	96.0	153.0	256.0	12.0
2	1	7	-31.6750555521038	1.0	0.5132547864506628	35637.0	2235.0	2910.0	245.0	96.0	2179.0	906.0	123.0	209.0	4793.0	153.0	88.0	256.0	158.0	12.0
1	2	8	-99999.9	1.0	-0.03863987635239567	35642.0	2230.0	2173.0	910.0	125.0	2923.0	238.0	90.0	213.0	4778.0	164.0	91.0	163.0	252.0	8.0
1	8	2	1.1955544916132863	0.11593529403241665	0.03462603878116343	35642.0	2173.0	2230.0	910.0	125.0	2923.0	213.0	91.0	238.0	4778.0	163.0	90.0	164.0	252.0	8.0
2	1	8	-32.136504734565115	1.0	0.5091307523739956	35642.0	2230.0	2923.0	238.0	90.0	2173.0	910.0	125.0	213.0	4778.0	164.0	91.0	252.0	163.0	8.0
1	2	9	0.8842058937000694	0.18829250369813044	0.986449864498645	34799.0	3073.0	2815.0	269.0	124.0	2864.0	249.0	138.0	1705.0	3143.0	307.0	229.0	143.0	132.0	10.0
1	9	2	-63.48598316766496	1.0	0.5034578146611343	34799.0	2815.0	3073.0	269.0	124.0	2864.0	1705.0	229.0	249.0	3143.0	143.0	138.0	307.0	132.0	10.0
2	1	9	-0.8720602083470466	0.8084122730242362	1.0141242937853108	34799.0	3073.0	2864.0	249.0	138.0	2815.0	269.0	124.0	1705.0	3143.0	307.0	229.0	132.0	143.0	10.0
1	3	4	0.05617642559080592	0.47760056161781983	0.0007052186177715093	36272.0	1480.0	1645.0	1575.0	108.0	3014.0	158.0	68.0	159.0	4906.0	102.0	76.0	109.0	324.0	4.0
1	4	3	-99999.9	1.0	-0.0007067137809187279	36272.0	1645.0	1480.0	1575.0	108.0	3014.0	159.0	76.0	158.0	4906.0	109.0	68.0	102.0	324.0	4.0
3	1	4	-79.54581863658098	1.0	0.49982350864807623	36272.0	1480.0	3014.0	158.0	68.0	1645.0	1575.0	108.0	159.0	4906.0	102.0	76.0	324.0	109.0	4.0
1	3	5	-99999.9	1.0	-0.012829650748396293	36228.0	1524.0	1643.0	1588.0	97.0	3001.0	167.0	72.0	149.0	4924.0	94.0	77.0	106.0	324.0	6.0
1	5	3	1.0180009384437505	0.1543387718171786	0.012354152367879205	36228.0	1643.0	1524.0	1588.0	97.0	3001.0	149.0	77.0	167.0	4924.0	106.0	72.0	94.0	324.0	6.0
3	1	5	-80.36551852936492	1.0	0.5031468531468531	36228.0	1524.0	3001.0	167.0	72.0	1643.0	1588.0	97.0	149.0	4924.0	94.0	77.0	324.0	106.0	6.0
1	3	6	-99999.9	1.0	-0.0006997900629811056	36255.0	1497.0	1643.0	1591.0	94.0	3018.0	161.0	61.0	160.0	4907.0	100.0	79.0	105.0	324.0	5.0
1	6	3	0.05582523934785457	0.4777404452117344	0.0006983240223463686	36255.0	1643.0	1497.0	1591.0	94.0	3018.0	160.0	79.0	161.0	4907.0	105.0	61.0	100.0	324.0	5.0
3	1	6	-79.83009226743187	1.0	0.5001747640685075	36255.0	1497.0	3018.0	161.0	61.0	1643.0	1591.0	94.0	160.0	4907.0	100.0	79.0	324.0	105.0	5.0
1	3	7	-99999.9	1.0	-0.023340627279358133	36168.0	1584.0	1648.0	1584.0	96.0	2982.0	181.0	77.0	149.0	4908.0	110.0	76.0	107.0	321.0	9.0
1	7	3	1.7769161268837725	0.03779097252061081	0.021813224267211995	36168.0	1648.0	1584.0	1584.0	96.0	2982.0	149.0	76.0	181.0	4908.0	107.0	77.0	110.0	321.0	9.0
3	1	7	-77.9066664380604	1.0	0.5056377730796335	36168.0	1584.0	2982.0	181.0	77.0	1648.0	1584.0	96.0	149.0	4908.0	110.0	76.0	321.0	107.0	9.0
1	3	8	-99999.9	1.0	-0.018129079042784626	36164.0	1588.0	1651.0	1584.0	93.0	2993.0	180.0	67.0	155.0	4893.0	119.0	79.0	106.0	320.0	8.0
1	8	3	1.3757729534284282	0.08444602781427091	0.0171939477303989	36164.0	1651.0	1588.0	1584.0	93.0	2993.0	155.0	79.0	180.0	4893.0	106.0	67.0	119.0	320.0	8.0
3	1	8	-77.26340906454057	1.0	0.5044122837980939	36164.0	1588.0	2993.0	180.0	67.0	1651.0	1584.0	93.0	155.0	4893.0	119.0	79.0	320.0	106.0	8.0
1	3	9	1.0215865763624636	0.15348832495256293	0.984	34711.0	3041.0	2903.0	292.0	133.0	2829.0	268.0	143.0	1744.0	3120.0	303.0	225.0	147.0	129.0	12.0
1	9	3	-61.80598786992914	1.0	0.5040983606557377	34711.0	2903.0	3041.0	292.0	133.0	2829.0	1744.0	225.0	268.0	3120.0	147.0	143.0	303.0	129.0	12.0
3	1	9	-1.0049754125191714	0.8425456434747152	1.0168067226890756	34711.0	3041.0	2829.0	268.0	143.0	2903.0	292.0	133.0	1744.0	3120.0	303.0	225.0	129.0	147.0	12.0
1	4	5	-99999.9	1.0	-0.011042097998619738	36427.0	1490.0	1444.0	1621.0	98.0	3025.0	156.0	68.0	140.0	4941.0	92.0	62.0	100.0	329.0	7.0
1	5	4	0.9342844923265734	0.17507856474049843	0.01068804275217101	36427.0	1444.0	1490.0	1621.0	98.0	3025.0	140.0	62.0	156.0	4941.0	100.0	68.0	92.0	329.0	7.0
4	1	5	-85.5454238286519	1.0	0.5027155465037338	36427.0	1490.0	3025.0	156.0	68.0	1444.0	1621.0	98.0	140.0	4941.0	92.0	62.0	329.0	100.0	7.0
1	4	6	0.057364075022895526	0.4771275207475095	0.0	36444.0	1473.0	1454.0	1611.0	98.0	3039.0	152.0	58.0	152.0	4924.0	97.0	66.0	97.0	330.0	5.0
1	6	4	0.057364075022895526	0.4771275207475095	0.0	36444.0	1454.0	1473.0	1611.0	98.0	3039.0	152.0	66.0	152.0	4924.0	97.0	58.0	97.0	330.0	5.0
4	1	6	-83.66562926645834	1.0	0.5	36444.0	1473.0	3039.0	152.0	58.0	1454.0	1611.0	98.0	152.0	4924.0	97.0	66.0	330.0	97.0	5.0
1	4	7	-99999.9	1.0	-0.02127659574468085	36376.0	1541.0	1440.0	1612.0	111.0	3003.0	172.0	74.0	142.0	4923.0	108.0	62.0	101.0	328.0	7.0
1	7	4	1.7065503209185435	0.0439528016692845	0.019999999999999997	36376.0	1440.0	1541.0	1612.0	111.0	3003.0	142.0	62.0	172.0	4923.0	101.0	74.0	108.0	328.0	7.0
4	1	7	-81.91441540409008	1.0	0.5051546391752578	36376.0	1541.0	3003.0	172.0	74.0	1440.0	1612.0	111.0	142.0	4923.0	108.0	62.0	328.0	101.0	7.0
1	4	8	-99999.9	1.0	-0.016129032258064516	36377.0	1540.0	1438.0	1616.0	109.0	3020.0	167.0	62.0	144.0	4910.0	119.0	63.0	102.0	326.0	7.0
1	8	4	1.3126191578367965	0.09465572238053233	0.015384615384615385	36377.0	1438.0	1540.0	1616.0	109.0	3020.0	144.0	63.0	167.0	4910.0	102.0	62.0	119.0	326.0	7.0
4	1	8	-82.69500694371814	1.0	0.5039370078740157	36377.0	1540.0	3020.0	167.0	62.0	1438.0	1616.0	109.0	144.0	4910.0	119.0	63.0	326.0	102.0	7.0
1	4	9	0.2621075815867572	0.3966193107196281	0.9959432048681541	34842.0	3075.0	2772.0	266.0	125.0	2847.0	260.0	142.0	1733.0	3133.0	307.0	218.0	142.0	123.0	15.0
1	9	4	-64.08530369796196	1.0	0.5010204081632653	34842.0	2772.0	3075.0	266.0	125.0	2847.0	1733.0	218.0	260.0	3133.0	142.0	142.0	307.0	123.0	15.0
4	1	9	-0.2610399335965871	0.6029690845718076	1.004106776180698	34842.0	3075.0	2847.0	260.0	142.0	2772.0	266.0	125.0	1733.0	3133.0	307.0	218.0	123.0	142.0	15.0
1	5	6	1.7040820630592273	0.04418284805789785	0.006920415224913495	37360.0	511.0	538.0	2630.0	41.0	3168.0	47.0	12.0	65.0	5094.0	38.0	24.0	32.0	439.0	1.0
1	6	5	-99999.9	1.0	-0.007067137809187279	37360.0	538.0	511.0	2630.0	41.0	3168.0	65.0	24.0	47.0	5094.0	32.0	12.0	38.0	439.0	1.0
5	1	6	-242.83169398593958	1.0	0.4982517482517482	37360.0	511.0	3168.0	47.0	12.0	538.0	2630.0	41.0	65.0	5094.0	38.0	24.0	439.0	32.0	1.0
1	5	7	-99999.9	1.0	-0.006528835690968444	36655.0	1216.0	1161.0	1974.0	74.0	3049.0	124.0	54.0	112.0	4998.0	87.0	46.0	74.0	369.0	7.0
1	7	5	0.7832230941822673	0.21674799441845294	0.0064034151547491995	36655.0	1161.0	1216.0	1974.0	74.0	3049.0	112.0	46.0	124.0	4998.0	74.0	54.0	87.0	369.0	7.0
5	1	7	-120.74689368643273	1.0	0.5016163793103449	36655.0	1216.0	3049.0	124.0	54.0	1161.0	1974.0	74.0	112.0	4998.0	87.0	46.0	369.0	74.0	7.0
1	5	8	-99999.9	1.0	-0.002151694459386767	36654.0	1217.0	1161.0	1983.0	65.0	3061.0	120.0	46.0	116.0	4985.0	96.0	50.0	74.0	366.0	6.0
1	8	5	0.2605919227206257	0.3972036688980345	0.002137894174238375	36654.0	1161.0	1217.0	1983.0	65.0	3061.0	116.0	50.0	120.0	4985.0	74.0	46.0	96.0	366.0	6.0
5	1	8	-121.37068800713172	1.0	0.5005361930294906	36654.0	1217.0	3061.0	120.0	46.0	1161.0	1983.0	65.0	116.0	4985.0	96.0	50.0	366.0	74.0	6.0
1	5	9	1.6134843666680745	0.053319654001625416	0.9756738987508218	34825.0	3046.0	2789.0	287.0	133.0	2836.0	250.0	141.0	1734.0	3151.0	312.0	228.0	134.0	123.0	11.0
1	9	5	-63.1003210423974	1.0	0.5063118389628113	34825.0	2789.0	3046.0	287.0	133.0	2836.0	1734.0	228.0	250.0	3151.0	134.0	141.0	312.0	123.0	11.0
5	1	9	-1.573255982863008	0.942170213652185	1.026241134751773	34825.0	3046.0	2836.0	250.0	141.0	2789.0	287.0	133.0	1734.0	3151.0	312.0	228.0	123.0	134.0	11.0
1	6	7	-99999.9	1.0	-0.017308766052484645	36673.0	1225.0	1143.0	1961.0	78.0	3060.0	139.0	58.0	108.0	4981.0	84.0	39.0	76.0	369.0	6.0
1	7	6	1.984312117303955	0.023610458848877025	0.016454352441613588	36673.0	1143.0	1225.0	1961.0	78.0	3060.0	108.0	39.0	139.0	4981.0	76.0	58.0	84.0	369.0	6.0
6	1	7	-116.62634444283242	1.0	0.50421768707483	36673.0	1225.0	3060.0	139.0	58.0	1143.0	1961.0	78.0	108.0	4981.0	84.0	39.0	369.0	76.0	6.0
1	6	8	-99999.9	1.0	-0.0126861555432984	36678.0	1220.0	1137.0	1970.0	75.0	3072.0	134.0	51.0	111.0	4969.0	93.0	44.0	76.0	366.0	4.0
1	8	6	1.4764514786243854	0.06991140218394909	0.012221041445270989	36678.0	1137.0	1220.0	1970.0	75.0	3072.0	111.0	44.0	134.0	4969.0	76.0	51.0	93.0	366.0	4.0
6	1	8	-117.85934411975518	1.0	0.5031123139377537	36678.0	1220.0	3072.0	134.0	51.0	1137.0	1970.0	75.0	111.0	4969.0	93.0	44.0	366.0	76.0	4.0
1	6	9	1.087010187823675	0.138516194086588	0.9832439678284183	34842.0	3056.0	2772.0	281.0	129.0	2857.0	256.0	144.0	1723.0	3141.0	309.0	218.0	138.0	124.0	10.0
1	9	6	-62.698747633669655	1.0	0.50429700928154	34842.0	2772.0	3056.0	281.0	129.0	2857.0	1723.0	218.0	256.0	3141.0	138.0	144.0	309.0	124.0	10.0
6	1	9	-1.0684858151613768	0.857349252617478	1.0176429075511644	34842.0	3056.0	2857.0	256.0	144.0	2772.0	281.0	129.0	1723.0	3141.0	309.0	218.0	124.0	138.0	10.0
1	7	8	0.8628780218980376	0.19410222547488543	0.003411675511751327	37270.0	546.0	545.0	2679.0	40.0	3138.0	50.0	19.0	59.0	5097.0	40.0	30.0	32.0	453.0	2.0
1	8	7	-99999.9	1.0	-0.0034469551895825357	37270.0	545.0	546.0	2679.0	40.0	3138.0	59.0	30.0	50.0	5097.0	32.0	19.0	40.0	453.0	2.0
7	1	8	-251.19337970809644	1.0	0.49914269384644694	37270.0	546.0	3138.0	50.0	19.0	545.0	2679.0	40.0	59.0	5097.0	40.0	30.0	453.0	32.0	2.0
1	7	9	1.0950235570824673	0.13675320093587562	0.9835634451019066	34750.0	3066.0	2864.0	277.0	123.0	2815.0	252.0	140.0	1748.0	3133.0	315.0	235.0	150.0	123.0	9.0
1	9	7	-64.43118609873244	1.0	0.5042130097741827	34750.0	2864.0	3066.0	277.0	123.0	2815.0	1748.0	235.0	252.0	3133.0	150.0	140.0	315.0	123.0	9.0
7	1	9	-1.0767243666232014	0.8591982511394087	1.0172890733056708	34750.0	3066.0	2815.0	252.0	140.0	2864.0	277.0	123.0	1748.0	3133.0	315.0	235.0	123.0	150.0	9.0
1	8	9	1.1855401365644145	0.11790204048635267	0.9821664464993395	34750.0	3065.0	2864.0	277.0	124.0	2835.0	250.0	142.0	1737.0	3126.0	316.0	226.0	159.0	119.0	10.0
1	9	8	-64.10698516237207	1.0	0.504580929759077	34750.0	2864.0	3065.0	277.0	124.0	2835.0	1737.0	226.0	250.0	3126.0	159.0	142.0	316.0	119.0	10.0
8	1	9	-1.1640138529818729	0.8777907417249226	1.0188415910676902	34750.0	3065.0	2835.0	250.0	142.0	2864.0	277.0	124.0	1737.0	3126.0	316.0	226.0	119.0	159.0	10.0
2	3	4	0.5474190081922043	0.2920454238470209	0.013831258644536652	37044.0	1493.0	1643.0	877.0	66.0	2242.0	164.0	49.0	174.0	5674.0	126.0	63.0	124.0	254.0	7.0
2	4	3	-99999.9	1.0	-0.01443001443001443	37044.0	1643.0	1493.0	877.0	66.0	2242.0	174.0	63.0	164.0	5674.0	124.0	49.0	126.0	254.0	7.0
3	2	4	-38.48355627591196	1.0	0.4964689265536723	37044.0	1493.0	2242.0	164.0	49.0	1643.0	877.0	66.0	174.0	5674.0	126.0	63.0	254.0	124.0	7.0
2	3	5	0.553937914319952	0.2898106393096541	0.013568521031207597	36982.0	1555.0	1633.0	887.0	66.0	2247.0	160.0	48.0	170.0	5691.0	113.0	66.0	118.0	258.0	6.0
2	5	3	-99999.9	1.0	-0.014144271570014145	36982.0	1633.0	1555.0	887.0	66.0	2247.0	170.0	66.0	160.0	5691.0	118.0	48.0	113.0	258.0	6.0
3	2	5	-39.717348456740524	1.0	0.49653739612188363	36982.0	1555.0	2247.0	160.0	48.0	1633.0	887.0	66.0	170.0	5691.0	113.0	66.0	258.0	118.0	6.0
2	3	6	0.9141479324012742	0.1803195356542623	0.022818791946308727	37034.0	1503.0	1630.0	896.0	60.0	2239.0	168.0	48.0	185.0	5668.0	121.0	67.0	119.0	258.0	4.0
2	6	3	-99999.9	1.0	-0.02449567723342939	37034.0	1630.0	1503.0	896.0	60.0	2239.0	185.0	67.0	168.0	5668.0	119.0	48.0	121.0	258.0	4.0
3	2	6	-38.232892937488565	1.0	0.4940931202223766	37034.0	1503.0	2239.0	168.0	48.0	1630.0	896.0	60.0	185.0	5668.0	121.0	67.0	258.0	119.0	4.0
2	3	7	0.16324341904766626	0.43516338508041374	0.00410958904109589	36913.0	1624.0	1634.0	895.0	57.0	2237.0	168.0	50.0	171.0	5665.0	138.0	68.0	122.0	253.0	5.0
2	7	3	-99999.9	1.0	-0.004160887656033287	36913.0	1634.0	1624.0	895.0	57.0	2237.0	171.0	68.0	168.0	5665.0	122.0	50.0	138.0	253.0	5.0
3	2	7	-39.39607846350336	1.0	0.49896623018607855	36913.0	1624.0	2237.0	168.0	50.0	1634.0	895.0	57.0	171.0	5665.0	138.0	68.0	253.0	122.0	5.0
2	3	8	0.376397912898962	0.35331060676108317	0.009668508287292817	36924.0	1613.0	1641.0	888.0	57.0	2233.0	171.0	51.0	178.0	5651.0	145.0	66.0	118.0	258.0	6.0
2	8	3	-99999.9	1.0	-0.00995732574679943	36924.0	1641.0	1613.0	888.0	57.0	2233.0	178.0	66.0	171.0	5651.0	118.0	51.0	145.0	258.0	6.0
3	2	8	-38.177502594037584	1.0	0.49754730203223546	36924.0	1613.0	2233.0	171.0	51.0	1641.0	888.0	57.0	178.0	5651.0	145.0	66.0	258.0	118.0	6.0
2	3	9	0.19533362485390157	0.42256590885867706	0.9981549815498155	35393.0	3144.0	2270.0	212.0	104.0	2147.0	208.0	100.0	2372.0	3230.0	372.0	230.0	106.0	99.0	13.0
2	9	3	-105.48015742110786	1.0	0.5004625346901018	35393.0	2270.0	3144.0	212.0	104.0	2147.0	2372.0	230.0	208.0	3230.0	106.0	100.0	372.0	99.0	13.0
3	2	9	-0.1949725645491809	0.577292766154484	1.0018552875695732	35393.0	3144.0	2147.0	208.0	100.0	2270.0	212.0	104.0	2372.0	3230.0	372.0	230.0	99.0	106.0	13.0
2	4	5	0.05700776123624438	0.4772694372016111	0.0	37172.0	1515.0	1443.0	926.0	67.0	2280.0	154.0	45.0	154.0	5701.0	107.0	49.0	114.0	264.0	9.0
2	5	4	0.05700776123624438	0.4772694372016111	0.0	37172.0	1443.0	1515.0	926.0	67.0	2280.0	154.0	49.0	154.0	5701.0	114.0	45.0	107.0	264.0	9.0
4	2	5	-43.98164321571624	1.0	0.5	37172.0	1515.0	2280.0	154.0	45.0	1443.0	926.0	67.0	154.0	5701.0	107.0	49.0	264.0	114.0	9.0
2	4	6	0.44386245858964585	0.32857104262675374	0.010416666666666666	37212.0	1475.0	1452.0	920.0	64.0	2271.0	160.0	48.0	168.0	5681.0	113.0	52.0	114.0	264.0	6.0
2	6	4	-99999.9	1.0	-0.01075268817204301	37212.0	1452.0	1475.0	920.0	64.0	2271.0	168.0	52.0	160.0	5681.0	114.0	48.0	113.0	264.0	6.0
4	2	6	-41.72307110742671	1.0	0.4973544973544973	37212.0	1475.0	2271.0	160.0	48.0	1452.0	920.0	64.0	168.0	5681.0	113.0	52.0	264.0	114.0	6.0
2	4	7	-99999.9	1.0	-0.007936507936507936	37109.0	1578.0	1438.0	922.0	76.0	2270.0	160.0	49.0	154.0	5678.0	130.0	52.0	117.0	263.0	4.0
2	7	4	0.3398145694762943	0.36699815463168384	0.007751937984496124	37109.0	1438.0	1578.0	922.0	76.0	2270.0	154.0	52.0	160.0	5678.0	117.0	49.0	130.0	263.0	4.0
4	2	7	-43.1564503234894	1.0	0.5019607843137255	37109.0	1578.0	2270.0	160.0	49.0	1438.0	922.0	76.0	154.0	5678.0	130.0	52.0	263.0	117.0	4.0
2	4	8	-99999.9	1.0	-0.005284015852047556	37129.0	1558.0	1436.0	924.0	76.0	2268.0	163.0	48.0	159.0	5662.0	141.0	50.0	115.0	266.0	5.0
2	8	4	0.22344404177158775	0.41159500605720245	0.005201560468140442	37129.0	1436.0	1558.0	924.0	76.0	2268.0	159.0	50.0	163.0	5662.0	115.0	48.0	141.0	266.0	5.0
4	2	8	-42.510228947044446	1.0	0.5013106159895151	37129.0	1558.0	2268.0	163.0	48.0	1436.0	924.0	76.0	159.0	5662.0	141.0	50.0	266.0	115.0	5.0
2	4	9	-0.8152198491355452	0.7925268173984795	1.007497656982193	35502.0	3185.0	2161.0	183.0	92.0	2187.0	199.0	93.0	2349.0	3239.0	374.0	213.0	106.0	100.0	17.0
2	9	4	-110.36038707672458	1.0	0.4981464318813716	35502.0	2161.0	3185.0	183.0	92.0	2187.0	2349.0	213.0	199.0	3239.0	106.0	93.0	374.0	100.0	17.0
4	2	9	0.8212866015012052	0.20574146401205184	0.9926672777268561	35502.0	3185.0	2187.0	199.0	93.0	2161.0	183.0	92.0	2349.0	3239.0	374.0	213.0	100.0	106.0	17.0
2	5	6	0.6424761522238396	0.2602819736826263	0.003725385843533795	38117.0	498.0	547.0	1928.0	33.0	2411.0	56.0	16.0	63.0	5864.0	42.0	17.0	35.0	371.0	2.0
2	6	5	-99999.9	1.0	-0.003767491926803014	38117.0	547.0	498.0	1928.0	33.0	2411.0	63.0	17.0	56.0	5864.0	35.0	16.0	42.0	371.0	2.0
5	2	6	-171.1740034139233	1.0	0.49906341985549907	38117.0	498.0	2411.0	56.0	16.0	547.0	1928.0	33.0	63.0	5864.0	42.0	17.0	371.0	35.0	2.0
2	5	7	-99999.9	1.0	-0.005154639175257732	37380.0	1235.0	1167.0	1289.0	52.0	2324.0	119.0	40.0	113.0	5754.0	102.0	39.0	82.0	298.0	6.0
2	7	5	0.3947856068937756	0.3465006103728152	0.005076142131979695	37380.0	1167.0	1235.0	1289.0	52.0	2324.0	113.0	39.0	119.0	5754.0	82.0	40.0	102.0	298.0	6.0
5	2	7	-76.98319334428628	1.0	0.5012787723785166	37380.0	1235.0	2324.0	119.0	40.0	1167.0	1289.0	52.0	113.0	5754.0	102.0	39.0	298.0	82.0	6.0
2	5	8	-99999.9	1.0	-0.0034275921165381317	37394.0	1221.0	1171.0	1294.0	43.0	2321.0	123.0	39.0	119.0	5738.0	112.0	37.0	79.0	302.0	7.0
2	8	5	0.25749932215895666	0.398396727356793	0.0033927056827820186	37394.0	1171.0	1221.0	1294.0	43.0	2321.0	119.0	37.0	123.0	5738.0	79.0	39.0	112.0	302.0	7.0
5	2	8	-75.38292656203431	1.0	0.5008525149190111	37394.0	1221.0	2321.0	123.0	39.0	1171.0	1294.0	43.0	119.0	5738.0	112.0	37.0	302.0	79.0	7.0
2	5	9	0.6060616859686531	0.27223684582377383	0.9944289693593314	35460.0	3155.0	2203.0	203.0	102.0	2201.0	191.0	91.0	2333.0	3254.0	382.0	215.0	99.0	104.0	7.0
2	9	5	-107.57594925943579	1.0	0.5014044943820225	35460.0	2203.0	3155.0	203.0	102.0	2201.0	2333.0	215.0	191.0	3254.0	99.0	91.0	382.0	104.0	7.0
5	2	9	-0.6026663824058035	0.7266347240117269	1.0056657223796035	35460.0	3155.0	2201.0	191.0	91.0	2203.0	203.0	102.0	2333.0	3254.0	382.0	215.0	104.0	99.0	7.0
2	6	7	-99999.9	1.0	-0.012389380530973451	37419.0	1245.0	1128.0	1280.0	51.0	2314.0	136.0	41.0	122.0	5732.0	101.0	40.0	87.0	299.0	5.0
2	7	6	0.8761064181278673	0.19048605412403363	0.01194539249146758	37419.0	1128.0	1245.0	1280.0	51.0	2314.0	122.0	40.0	136.0	5732.0	87.0	41.0	101.0	299.0	5.0
6	2	7	-71.59041016701997	1.0	0.5030408340573413	37419.0	1245.0	2314.0	136.0	41.0	1128.0	1280.0	51.0	122.0	5732.0	101.0	40.0	299.0	87.0	5.0
2	6	8	-99999.9	1.0	-0.011473962930273609	37438.0	1226.0	1127.0	1285.0	47.0	2312.0	139.0	40.0	126.0	5717.0	112.0	39.0	84.0	303.0	5.0
2	8	6	0.8024540981690731	0.2111451057588094	0.011092150170648464	37438.0	1127.0	1226.0	1285.0	47.0	2312.0	126.0	39.0	139.0	5717.0	84.0	40.0	112.0	303.0	5.0
6	2	8	-70.73941511551973	1.0	0.502819956616052	37438.0	1226.0	2312.0	139.0	40.0	1127.0	1285.0	47.0	126.0	5717.0	112.0	39.0	303.0	84.0	5.0
2	6	9	0.0	0.49999999949999996	nan	35496.0	3168.0	2167.0	193.0	99.0	2203.0	193.0	95.0	2328.0	3249.0	378.0	218.0	102.0	104.0	7.0
2	9	6	-108.65456527829167	1.0	0.5	35496.0	2167.0	3168.0	193.0	99.0	2203.0	2328.0	218.0	193.0	3249.0	102.0	95.0	378.0	104.0	7.0
6	2	9	0.0	0.49999999949999996	nan	35496.0	3168.0	2203.0	193.0	95.0	2167.0	193.0	99.0	2328.0	3249.0	378.0	218.0	104.0	102.0	7.0
2	7	8	0.2822985481037626	0.3888573649449054	0.0015487867836861124	38003.0	544.0	562.0	1989.0	25.0	2405.0	55.0	16.0	58.0	5849.0	48.0	14.0	36.0	391.0	5.0
2	8	7	-99999.9	1.0	-0.0015560165975103733	38003.0	562.0	544.0	1989.0	25.0	2405.0	58.0	14.0	55.0	5849.0	36.0	16.0	48.0	391.0	5.0
7	2	8	-181.7061654627886	1.0	0.4996119016817594	38003.0	544.0	2405.0	55.0	16.0	562.0	1989.0	25.0	58.0	5849.0	48.0	14.0	391.0	36.0	5.0
2	7	9	0.0	0.49999999949999996	nan	35386.0	3161.0	2277.0	202.0	97.0	2179.0	202.0	95.0	2354.0	3226.0	375.0	216.0	116.0	105.0	9.0
2	9	7	-107.05275338322208	1.0	0.5	35386.0	2277.0	3161.0	202.0	97.0	2179.0	2354.0	216.0	202.0	3226.0	116.0	95.0	375.0	105.0	9.0
7	2	9	0.0	0.49999999949999996	nan	35386.0	3161.0	2179.0	202.0	95.0	2277.0	202.0	97.0	2354.0	3226.0	375.0	216.0	105.0	116.0	9.0
2	8	9	-0.19733381667600652	0.5782168183486064	1.0018700327255727	35405.0	3160.0	2258.0	203.0	97.0	2180.0	207.0	90.0	2350.0	3214.0	376.0	219.0	123.0	105.0	13.0
2	9	8	-105.91892610084611	1.0	0.49953379953379956	35405.0	2258.0	3160.0	203.0	97.0	2180.0	2350.0	219.0	207.0	3214.0	123.0	90.0	376.0	105.0	13.0
8	2	9	0.1977021485783416	0.4216390773615577	0.99814039981404	35405.0	3160.0	2180.0	207.0	90.0	2258.0	203.0	97.0	2350.0	3214.0	376.0	219.0	105.0	123.0	13.0
3	4	5	-99999.9	1.0	-0.38709677419354843	37778.0	1508.0	1451.0	214.0	41.0	1674.0	171.0	35.0	159.0	6528.0	118.0	36.0	137.0	149.0	1.0
3	5	4	0.719121136288467	0.2360330732474093	0.1791044776119403	37778.0	1451.0	1508.0	214.0	41.0	1674.0	159.0	36.0	171.0	6528.0	137.0	35.0	118.0	149.0	1.0
4	3	5	-2.576850738367004	0.9950147204631049	0.5612244897959183	37778.0	1508.0	1674.0	171.0	35.0	1451.0	214.0	41.0	159.0	6528.0	118.0	36.0	149.0	137.0	1.0
3	4	6	0.05393801132847625	0.4784922075802527	0.0	37815.0	1471.0	1458.0	209.0	39.0	1668.0	177.0	35.0	177.0	6508.0	120.0	37.0	137.0	148.0	1.0
3	6	4	0.05393801132847625	0.4784922075802527	0.0	37815.0	1458.0	1471.0	209.0	39.0	1668.0	177.0	37.0	177.0	6508.0	137.0	35.0	120.0	148.0	1.0
4	3	6	-1.7005406386531348	0.9554853900162871	0.5	37815.0	1471.0	1668.0	177.0	35.0	1458.0	209.0	39.0	177.0	6508.0	120.0	37.0	148.0	137.0	1.0
3	4	7	-99999.9	1.0	-0.25806451612903225	37707.0	1579.0	1443.0	213.0	50.0	1672.0	174.0	34.0	166.0	6502.0	137.0	35.0	137.0	148.0	3.0
3	7	4	0.466129102172373	0.3205615635343819	0.14545454545454545	37707.0	1443.0	1579.0	213.0	50.0	1672.0	166.0	35.0	174.0	6502.0	137.0	34.0	137.0	148.0	3.0
4	3	7	-2.2723793730903186	0.9884682310479793	0.5465116279069767	37707.0	1579.0	1672.0	174.0	34.0	1443.0	213.0	50.0	166.0	6502.0	137.0	35.0	148.0	137.0	3.0
3	4	8	-99999.9	1.0	-0.022727272727272728	37717.0	1569.0	1440.0	215.0	51.0	1680.0	170.0	30.0	169.0	6491.0	145.0	36.0	136.0	146.0	5.0
3	8	4	0.05488779085974613	0.47811386066406647	0.021276595744680847	37717.0	1440.0	1569.0	215.0	51.0	1680.0	169.0	36.0	170.0	6491.0	136.0	30.0	145.0	146.0	5.0
4	3	8	-2.4699505886885684	0.9932434057172126	0.5054945054945055	37717.0	1569.0	1680.0	170.0	30.0	1440.0	215.0	51.0	169.0	6491.0	145.0	36.0	146.0	136.0	5.0
3	4	9	-0.9207967536776573	0.8214217462012859	1.0055248618784531	36043.0	3243.0	1497.0	142.0	67.0	1646.0	158.0	76.0	3070.0	3305.0	430.0	156.0	78.0	75.0	14.0
3	9	4	-168.50580592301122	1.0	0.4986301369863014	36043.0	1497.0	3243.0	142.0	67.0	1646.0	3070.0	156.0	158.0	3305.0	78.0	76.0	430.0	75.0	14.0
4	3	9	0.9258560765000621	0.17726037084257484	0.9945652173913043	36043.0	3243.0	1646.0	158.0	76.0	1497.0	142.0	67.0	3070.0	3305.0	430.0	156.0	75.0	78.0	14.0
3	5	6	1.1675211593969568	0.12150004418620242	0.011304347826086955	38726.0	503.0	547.0	1193.0	23.0	1802.0	56.0	11.0	69.0	6722.0	45.0	11.0	44.0	248.0	0.0
3	6	5	-99999.9	1.0	-0.011701170117011701	38726.0	547.0	503.0	1193.0	23.0	1802.0	69.0	11.0	56.0	6722.0	44.0	11.0	45.0	248.0	0.0
5	3	6	-100.94567562785984	1.0	0.497125165855816	38726.0	503.0	1802.0	56.0	11.0	547.0	1193.0	23.0	69.0	6722.0	45.0	11.0	248.0	44.0	0.0
3	5	7	0.25404152386179074	0.39973179607797893	0.009009009009009009	37984.0	1245.0	1166.0	563.0	34.0	1720.0	123.0	26.0	127.0	6598.0	111.0	26.0	92.0	180.0	5.0
3	7	5	-99999.9	1.0	-0.009259259259259259	37984.0	1166.0	1245.0	563.0	34.0	1720.0	127.0	26.0	123.0	6598.0	92.0	26.0	111.0	180.0	5.0
5	3	7	-27.690526100935273	1.0	0.497716894977169	37984.0	1245.0	1720.0	123.0	26.0	1166.0	563.0	34.0	127.0	6598.0	111.0	26.0	180.0	92.0	5.0
3	5	8	0.8342045846856342	0.20208280274203916	0.02807775377969762	37987.0	1242.0	1170.0	568.0	25.0	1728.0	118.0	23.0	131.0	6587.0	118.0	26.0	92.0	179.0	6.0
3	8	5	-99999.9	1.0	-0.03066037735849057	37987.0	1170.0	1242.0	568.0	25.0	1728.0	131.0	26.0	118.0	6587.0	92.0	23.0	118.0	179.0	6.0
5	3	8	-28.04210796212475	1.0	0.49267192784667424	37987.0	1242.0	1728.0	118.0	23.0	1170.0	568.0	25.0	131.0	6587.0	118.0	26.0	179.0	92.0	6.0
3	5	9	0.57062000327794	0.28412859165481463	0.9965928449744463	36017.0	3212.0	1523.0	159.0	81.0	1644.0	149.0	76.0	3074.0	3328.0	434.0	154.0	64.0	74.0	11.0
3	9	5	-166.33573095551927	1.0	0.5008561643835616	36017.0	1523.0	3212.0	159.0	81.0	1644.0	3074.0	154.0	149.0	3328.0	64.0	76.0	434.0	74.0	11.0
5	3	9	-0.5686691656598957	0.7152096971038291	1.0034423407917383	36017.0	3212.0	1644.0	149.0	76.0	1523.0	159.0	81.0	3074.0	3328.0	434.0	154.0	74.0	64.0	11.0
3	6	7	-99999.9	1.0	-0.022443890274314215	38019.0	1254.0	1131.0	552.0	36.0	1714.0	142.0	26.0	133.0	6579.0	110.0	26.0	92.0	180.0	6.0
3	7	6	0.5480267578701217	0.2918367388851997	0.021028037383177572	38019.0	1131.0	1254.0	552.0	36.0	1714.0	133.0	26.0	142.0	6579.0	92.0	26.0	110.0	180.0	6.0
6	3	7	-24.96566341408331	1.0	0.5054282267792521	38019.0	1254.0	1714.0	142.0	26.0	1131.0	552.0	36.0	133.0	6579.0	110.0	26.0	180.0	92.0	6.0
3	6	8	-99999.9	1.0	-0.002386634844868735	38027.0	1246.0	1130.0	557.0	32.0	1723.0	137.0	22.0	136.0	6568.0	118.0	26.0	92.0	180.0	6.0
3	8	6	0.06058296757518412	0.4758455996960921	0.002369668246445498	38027.0	1130.0	1246.0	557.0	32.0	1723.0	136.0	26.0	137.0	6568.0	92.0	22.0	118.0	180.0	6.0
6	3	8	-25.44484638157726	1.0	0.5005945303210464	38027.0	1246.0	1723.0	137.0	22.0	1130.0	557.0	32.0	136.0	6568.0	118.0	26.0	180.0	92.0	6.0
3	6	9	0.0574487843559324	0.4770937822377429	0.9996578857338351	36047.0	3226.0	1493.0	152.0	74.0	1652.0	151.0	79.0	3073.0	3319.0	430.0	147.0	71.0	75.0	11.0
3	9	6	-167.80789910367832	1.0	0.5000855724798905	36047.0	1493.0	3226.0	152.0	74.0	1652.0	3073.0	147.0	151.0	3319.0	71.0	79.0	430.0	75.0	11.0
6	3	9	-0.05742912358099882	0.5228983871728375	1.0003424657534246	36047.0	3226.0	1652.0	151.0	79.0	1493.0	152.0	74.0	3073.0	3319.0	430.0	147.0	75.0	71.0	11.0
3	7	8	0.8137420852715299	0.2078963027859082	0.007389162561576355	38603.0	547.0	554.0	1266.0	22.0	1805.0	57.0	11.0	66.0	6700.0	47.0	14.0	40.0	263.0	5.0
3	8	7	-99999.9	1.0	-0.007556675062972291	38603.0	554.0	547.0	1266.0	22.0	1805.0	66.0	14.0	57.0	6700.0	40.0	11.0	47.0	263.0	5.0
7	3	8	-108.4989447028706	1.0	0.49813200498132004	38603.0	547.0	1805.0	57.0	11.0	554.0	1266.0	22.0	66.0	6700.0	47.0	14.0	263.0	40.0	5.0
3	7	9	0.0	0.49999999949999996	nan	35924.0	3226.0	1616.0	158.0	68.0	1641.0	158.0	74.0	3079.0	3301.0	433.0	152.0	82.0	74.0	14.0
3	9	7	-164.2930942437855	1.0	0.5	35924.0	1616.0	3226.0	158.0	68.0	1641.0	3079.0	152.0	158.0	3301.0	82.0	74.0	433.0	74.0	14.0
7	3	9	0.0	0.49999999949999996	nan	35924.0	3226.0	1641.0	158.0	74.0	1616.0	158.0	68.0	3079.0	3301.0	433.0	152.0	74.0	82.0	14.0
3	8	9	-0.16838177314938957	0.5668585278985703	1.0010312822275695	35931.0	3226.0	1609.0	157.0	69.0	1654.0	160.0	71.0	3072.0	3292.0	433.0	146.0	89.0	73.0	18.0
3	9	8	-163.61095624348962	1.0	0.4997425776557405	35931.0	1609.0	3226.0	157.0	69.0	1654.0	3072.0	146.0	160.0	3292.0	89.0	71.0	433.0	73.0	18.0
8	3	9	0.16855524338271655	0.4330732427764976	0.9989718985606579	35931.0	3226.0	1654.0	160.0	71.0	1609.0	157.0	69.0	3072.0	3292.0	433.0	146.0	73.0	89.0	18.0
4	5	6	2.069751395453795	0.019237750152557798	0.02053571428571429	38939.0	513.0	544.0	1148.0	22.0	1589.0	51.0	6.0	74.0	6772.0	45.0	9.0	42.0	243.0	3.0
4	6	5	-99999.9	1.0	-0.021883920076117985	38939.0	544.0	513.0	1148.0	22.0	1589.0	74.0	9.0	51.0	6772.0	42.0	6.0	45.0	243.0	3.0
5	4	6	-96.64839124858152	1.0	0.49470290188853067	38939.0	513.0	1589.0	51.0	6.0	544.0	1148.0	22.0	74.0	6772.0	45.0	9.0	243.0	42.0	3.0
4	5	7	0.5857413031093046	0.27902464419897566	0.0225	38208.0	1244.0	1171.0	507.0	36.0	1496.0	116.0	34.0	125.0	6656.0	110.0	23.0	91.0	178.0	5.0
4	7	5	-99999.9	1.0	-0.02412868632707775	38208.0	1171.0	1244.0	507.0	36.0	1496.0	125.0	23.0	116.0	6656.0	91.0	34.0	110.0	178.0	5.0
5	4	7	-24.86146419863943	1.0	0.49417852522639066	38208.0	1244.0	1496.0	116.0	34.0	1171.0	507.0	36.0	125.0	6656.0	110.0	23.0	178.0	91.0	5.0
4	5	8	0.7085509859255862	0.2393015115491981	0.027093596059113302	38221.0	1231.0	1176.0	513.0	25.0	1494.0	118.0	34.0	129.0	6643.0	119.0	22.0	91.0	178.0	6.0
4	8	5	-99999.9	1.0	-0.029490616621983913	38221.0	1176.0	1231.0	513.0	25.0	1494.0	129.0	22.0	118.0	6643.0	91.0	34.0	119.0	178.0	6.0
5	4	8	-24.73487078140221	1.0	0.49293966623876767	38221.0	1231.0	1494.0	118.0	34.0	1176.0	513.0	25.0	129.0	6643.0	119.0	22.0	178.0	91.0	6.0
4	5	9	1.7037299911052475	0.04421574079900048	0.9907038512616202	36201.0	3251.0	1488.0	150.0	76.0	1460.0	122.0	64.0	3106.0	3341.0	444.0	157.0	59.0	70.0	11.0
4	9	5	-179.8652090609686	1.0	0.5023569023569023	36201.0	1488.0	3251.0	150.0	76.0	1460.0	3106.0	157.0	122.0	3341.0	59.0	64.0	444.0	70.0	11.0
5	4	9	-1.6877432485613646	0.9542697631769509	1.0095628415300546	36201.0	3251.0	1460.0	122.0	64.0	1488.0	150.0	76.0	3106.0	3341.0	444.0	157.0	70.0	59.0	11.0
4	6	7	-99999.9	1.0	-0.04297994269340974	38229.0	1254.0	1150.0	499.0	34.0	1504.0	135.0	33.0	120.0	6635.0	110.0	20.0	93.0	177.0	7.0
4	7	6	0.9552645806935788	0.16972194945272157	0.03807106598984772	38229.0	1150.0	1254.0	499.0	34.0	1504.0	120.0	20.0	135.0	6635.0	93.0	33.0	110.0	177.0	7.0
6	4	7	-23.181087158164154	1.0	0.5100942126514133	38229.0	1254.0	1504.0	135.0	33.0	1150.0	499.0	34.0	120.0	6635.0	110.0	20.0	177.0	93.0	7.0
4	6	8	-99999.9	1.0	-0.039436619718309855	38247.0	1236.0	1150.0	505.0	28.0	1503.0	136.0	33.0	122.0	6623.0	120.0	20.0	93.0	177.0	7.0
4	8	6	0.885410845338431	0.1879675080121621	0.03526448362720403	38247.0	1150.0	1236.0	505.0	28.0	1503.0	122.0	20.0	136.0	6623.0	93.0	33.0	120.0	177.0	7.0
6	4	8	-23.33690013784861	1.0	0.5093085106382979	38247.0	1236.0	1503.0	136.0	33.0	1150.0	505.0	28.0	122.0	6623.0	120.0	20.0	177.0	93.0	7.0
4	6	9	1.0467094362482765	0.1476168323567204	0.9942953020134229	36214.0	3269.0	1475.0	141.0	67.0	1485.0	124.0	63.0	3087.0	3334.0	444.0	151.0	64.0	71.0	11.0
4	9	6	-181.38858818749551	1.0	0.5014384836689796	36214.0	1475.0	3269.0	141.0	67.0	1485.0	3087.0	151.0	124.0	3334.0	64.0	63.0	444.0	71.0	11.0
6	4	9	-1.040704015925556	0.8509935054995663	1.00580402867873	36214.0	3269.0	1485.0	124.0	63.0	1475.0	141.0	67.0	3087.0	3334.0	444.0	151.0	71.0	64.0	11.0
4	7	8	0.2824399063665222	0.38880317516882523	0.002604166666666667	38835.0	544.0	562.0	1204.0	21.0	1573.0	55.0	16.0	58.0	6756.0	49.0	14.0	41.0	269.0	3.0
4	8	7	-99999.9	1.0	-0.0026246719160104987	38835.0	562.0	544.0	1204.0	21.0	1573.0	58.0	14.0	55.0	6756.0	41.0	16.0	49.0	269.0	3.0
7	4	8	-107.8920442320116	1.0	0.4993464052287582	38835.0	544.0	1573.0	55.0	16.0	562.0	1204.0	21.0	58.0	6756.0	49.0	14.0	269.0	41.0	3.0
4	7	9	0.9687108824677854	0.16634472828097646	0.9946470391435263	36113.0	3266.0	1576.0	145.0	66.0	1452.0	129.0	63.0	3102.0	3317.0	444.0	169.0	76.0	71.0	11.0
4	9	7	-179.0298799660777	1.0	0.5013490725126476	36113.0	1576.0	3266.0	145.0	66.0	1452.0	3102.0	169.0	129.0	3317.0	76.0	63.0	444.0	71.0	11.0
7	4	9	-0.9634975040219448	0.8323510463887016	1.0054403264195853	36113.0	3266.0	1452.0	129.0	63.0	1576.0	145.0	66.0	3102.0	3317.0	444.0	169.0	71.0	76.0	11.0
4	8	9	0.7853381981484341	0.21612758975105217	0.9956405097250167	36131.0	3266.0	1558.0	144.0	67.0	1454.0	131.0	60.0	3100.0	3308.0	444.0	169.0	83.0	70.0	15.0
4	9	8	-178.57382413282872	1.0	0.5010970464135021	36131.0	1558.0	3266.0	144.0	67.0	1454.0	3100.0	169.0	131.0	3308.0	83.0	60.0	444.0	70.0	15.0
8	4	9	-0.7818995330841264	0.7828632538521983	1.0044172612979951	36131.0	3266.0	1454.0	131.0	60.0	1558.0	144.0	67.0	3100.0	3308.0	444.0	169.0	70.0	83.0	15.0
5	6	7	-2.3280817084593197	0.9900461398332685	1.0392156862745099	39190.0	1338.0	514.0	46.0	10.0	543.0	72.0	12.0	761.0	7219.0	183.0	15.0	50.0	46.0	1.0
5	7	6	-64.02224698263127	1.0	0.49074074074074076	39190.0	514.0	1338.0	46.0	10.0	543.0	761.0	15.0	72.0	7219.0	50.0	12.0	183.0	46.0	1.0
6	5	7	2.4159338484011808	0.007847453012143069	0.9649122807017544	39190.0	1338.0	543.0	72.0	12.0	514.0	46.0	10.0	761.0	7219.0	183.0	15.0	46.0	50.0	1.0
5	6	8	-2.2323566106639428	0.9872043406196747	1.037593984962406	39201.0	1327.0	514.0	47.0	9.0	549.0	72.0	6.0	762.0	7212.0	189.0	16.0	50.0	46.0	0.0
5	8	6	-63.84539906498875	1.0	0.49110320284697506	39201.0	514.0	1327.0	47.0	9.0	549.0	762.0	16.0	72.0	7212.0	50.0	6.0	189.0	46.0	0.0
6	5	8	2.3132390965575644	0.010354722836722896	0.9662162162162162	39201.0	1327.0	549.0	72.0	6.0	514.0	47.0	9.0	762.0	7212.0	189.0	16.0	46.0	50.0	0.0
5	6	9	-0.8326472902783326	0.797478211809743	1.0019607843137255	37153.0	3375.0	508.0	42.0	20.0	546.0	50.0	31.0	4138.0	3486.0	539.0	67.0	25.0	18.0	2.0
5	9	6	-426.3154126225065	1.0	0.4995112414467253	37153.0	508.0	3375.0	42.0	20.0	546.0	4138.0	67.0	50.0	3486.0	25.0	31.0	539.0	18.0	2.0
6	5	9	0.8342767370303449	0.20206247754217865	0.9980506822612085	37153.0	3375.0	546.0	50.0	31.0	508.0	42.0	20.0	4138.0	3486.0	539.0	67.0	18.0	25.0	2.0
5	7	8	0.09409123599191892	0.4625182805046686	0.001314060446780552	39149.0	555.0	566.0	816.0	12.0	1259.0	56.0	4.0	57.0	7231.0	53.0	11.0	47.0	182.0	2.0
5	8	7	-99999.9	1.0	-0.0013192612137203166	39149.0	566.0	555.0	816.0	12.0	1259.0	57.0	11.0	56.0	7231.0	47.0	4.0	53.0	182.0	2.0
7	5	8	-71.41524811786705	1.0	0.49967083607636603	39149.0	555.0	1259.0	56.0	4.0	566.0	816.0	12.0	57.0	7231.0	53.0	11.0	182.0	47.0	2.0
5	7	9	-0.6729507434192243	0.7495107522928288	1.002988643156007	36417.0	3287.0	1244.0	105.0	45.0	1148.0	115.0	56.0	3471.0	3385.0	485.0	132.0	61.0	43.0	6.0
5	9	7	-226.51522023491086	1.0	0.49925617375781023	36417.0	1244.0	3287.0	105.0	45.0	1148.0	3471.0	132.0	115.0	3385.0	61.0	56.0	485.0	43.0	6.0
7	5	9	0.6749559601755392	0.2498518060946644	0.9970379146919431	36417.0	3287.0	1148.0	115.0	56.0	1244.0	105.0	45.0	3471.0	3385.0	485.0	132.0	43.0	61.0	6.0
5	8	9	-0.8723836268671441	0.808500474339717	1.003888722704158	36429.0	3286.0	1232.0	104.0	47.0	1156.0	117.0	54.0	3473.0	3376.0	485.0	122.0	68.0	42.0	9.0
5	9	8	-226.08157222426274	1.0	0.4990334572490706	36429.0	1232.0	3286.0	104.0	47.0	1156.0	3473.0	122.0	117.0	3376.0	68.0	54.0	485.0	42.0	9.0
8	5	9	0.8757629436577499	0.190579421518152	0.9961561206386753	36429.0	3286.0	1156.0	117.0	54.0	1232.0	104.0	47.0	3473.0	3376.0	485.0	122.0	42.0	68.0	9.0
6	7	8	-99999.9	1.0	-0.0012755102040816326	39179.0	554.0	571.0	839.0	12.0	1229.0	54.0	7.0	53.0	7205.0	53.0	10.0	46.0	185.0	3.0
6	8	7	0.09668880550848244	0.4614867059336716	0.0012706480304955528	39179.0	571.0	554.0	839.0	12.0	1229.0	53.0	10.0	54.0	7205.0	46.0	7.0	53.0	185.0	3.0
7	6	8	-75.90071232415848	1.0	0.5003182686187141	39179.0	554.0	1229.0	54.0	7.0	571.0	839.0	12.0	53.0	7205.0	53.0	10.0	185.0	46.0	3.0
6	7	9	-0.1360098174987288	0.5540932695856349	1.0005986231667165	36432.0	3301.0	1267.0	107.0	48.0	1133.0	109.0	48.0	3452.0	3377.0	482.0	128.0	60.0	49.0	7.0
6	9	7	-227.47641976662536	1.0	0.4998504784688995	36432.0	1267.0	3301.0	107.0	48.0	1133.0	3452.0	128.0	109.0	3377.0	60.0	48.0	482.0	49.0	7.0
7	6	9	0.13609118741646659	0.4458745676287872	0.9994024499551838	36432.0	3301.0	1133.0	109.0	48.0	1267.0	107.0	48.0	3452.0	3377.0	482.0	128.0	49.0	60.0	7.0
6	8	9	-0.27193379158317293	0.6071634730234912	1.001197246333433	36449.0	3301.0	1250.0	106.0	49.0	1136.0	110.0	46.0	3455.0	3368.0	482.0	122.0	68.0	48.0	10.0
6	9	8	-227.6765670030121	1.0	0.4997012249775919	36449.0	1250.0	3301.0	106.0	49.0	1136.0	3455.0	122.0	110.0	3368.0	68.0	46.0	482.0	48.0	10.0
8	6	9	0.27225897399463267	0.3927115125939622	0.9988070384730092	36449.0	3301.0	1136.0	110.0	46.0	1250.0	106.0	49.0	3455.0	3368.0	482.0	122.0	48.0	68.0	10.0
7	8	9	-0.2039670081674045	0.5808103319507137	1.000479271507309	37022.0	3386.0	543.0	47.0	25.0	563.0	49.0	22.0	4224.0	3455.0	550.0	60.0	29.0	20.0	5.0
7	9	8	-425.98509655762666	1.0	0.4998802681992337	37022.0	543.0	3386.0	47.0	25.0	563.0	4224.0	60.0	49.0	3455.0	29.0	22.0	550.0	20.0	5.0
8	7	9	0.20406471691383204	0.4191514908126506	0.9995214166068438	37022.0	3386.0	563.0	49.0	22.0	543.0	47.0	25.0	4224.0	3455.0	550.0	60.0	20.0	29.0	5.0
