P1	Hybrid	P2	Zscore	Pvalue	Gamma	AAAA	AAAB	AABA	AABB	AABC	ABAA	ABAB	ABAC	ABBA	BAAA	ABBC	CABC	BACA	BCAA	ABCD
1	2	3	2.536557252994496	0.00559744393703876	0.8389261744966443	7304.0	421.0	599.0	60.0	24.0	818.0	36.0	22.0	161.0	439.0	26.0	45.0	19.0	25.0	1.0
1	3	2	-10.674678439685168	1.0	0.5530973451327433	7304.0	599.0	421.0	60.0	24.0	818.0	161.0	45.0	36.0	439.0	19.0	22.0	26.0	25.0	1.0
2	1	3	-2.0495382604195527	0.9797953116365867	1.3116883116883118	7304.0	421.0	818.0	36.0	22.0	599.0	60.0	24.0	161.0	439.0	26.0	45.0	25.0	19.0	1.0
1	2	4	2.1216187171726144	0.016934824730309828	0.8571428571428571	7313.0	412.0	599.0	58.0	26.0	815.0	38.0	23.0	158.0	442.0	26.0	45.0	19.0	25.0	1.0
1	4	2	-10.608093585863074	1.0	0.5454545454545454	7313.0	599.0	412.0	58.0	26.0	815.0	158.0	45.0	38.0	442.0	19.0	23.0	26.0	25.0	1.0
2	1	4	-1.7680155976438454	0.9614708978310933	1.25	7313.0	412.0	815.0	38.0	23.0	599.0	58.0	26.0	158.0	442.0	26.0	45.0	25.0	19.0	1.0
1	2	5	1.3507652641372303	0.08838538211764702	0.9111111111111111	7287.0	438.0	605.0	48.0	30.0	813.0	36.0	27.0	159.0	436.0	31.0	46.0	21.0	22.0	1.0
1	5	2	-12.494578693269387	1.0	0.5256410256410257	7287.0	605.0	438.0	48.0	30.0	813.0	159.0	46.0	36.0	436.0	21.0	27.0	31.0	22.0	1.0
2	1	5	-1.2189832871482322	0.8885746652956685	1.121212121212121	7287.0	438.0	813.0	36.0	27.0	605.0	48.0	30.0	159.0	436.0	31.0	46.0	22.0	21.0	1.0
1	2	6	2.653361673276795	0.003984764102346272	0.8287671232876712	7293.0	432.0	604.0	60.0	19.0	807.0	35.0	34.0	156.0	438.0	32.0	47.0	20.0	23.0	0.0
1	6	2	-10.188908825382896	1.0	0.5576036866359446	7293.0	604.0	432.0	60.0	19.0	807.0	156.0	47.0	35.0	438.0	20.0	34.0	32.0	23.0	0.0
2	1	6	-2.105146451525391	0.9823607809815997	1.352112676056338	7293.0	432.0	807.0	35.0	34.0	604.0	60.0	19.0	156.0	438.0	32.0	47.0	23.0	20.0	0.0
1	2	7	1.950321136368583	0.02556885869656156	0.8656716417910448	7285.0	440.0	608.0	55.0	20.0	811.0	37.0	28.0	153.0	443.0	30.0	47.0	20.0	23.0	0.0
1	7	2	-10.618415075784512	1.0	0.5420560747663551	7285.0	608.0	440.0	55.0	20.0	811.0	153.0	47.0	37.0	443.0	20.0	28.0	30.0	23.0	0.0
2	1	7	-1.6476850979665618	0.9502913609313918	1.225	7285.0	440.0	811.0	37.0	28.0	608.0	55.0	20.0	153.0	443.0	30.0	47.0	23.0	20.0	0.0
1	2	8	1.7227216991648406	0.042469396868395126	0.8980891719745223	7338.0	387.0	618.0	54.0	11.0	809.0	38.0	29.0	179.0	430.0	17.0	47.0	18.0	24.0	1.0
1	8	2	-13.458763274725316	1.0	0.5300751879699247	7338.0	618.0	387.0	54.0	11.0	809.0	179.0	47.0	38.0	430.0	18.0	29.0	17.0	24.0	1.0
2	1	8	-1.5272355489050007	0.9366487534709845	1.146788990825688	7338.0	387.0	809.0	38.0	29.0	618.0	54.0	11.0	179.0	430.0	17.0	47.0	24.0	18.0	1.0
1	2	9	0.2246424186922962	0.4111287730603508	0.989010989010989	7351.0	374.0	630.0	41.0	12.0	819.0	39.0	18.0	219.0	387.0	20.0	52.0	18.0	20.0	0.0
1	9	2	-19.993175263614305	1.0	0.5027932960893854	7351.0	630.0	374.0	41.0	12.0	819.0	219.0	52.0	39.0	387.0	18.0	18.0	20.0	20.0	0.0
2	1	9	-0.22214639181793733	0.5878999976296919	1.0113636363636365	7351.0	374.0	819.0	39.0	18.0	630.0	41.0	12.0	219.0	387.0	20.0	52.0	20.0	18.0	0.0
1	3	4	-99999.9	1.0	-0.010822510822510822	7883.0	20.0	29.0	474.0	2.0	1016.0	7.0	1.0	2.0	492.0	0.0	0.0	0.0	74.0	0.0
1	4	3	1.656574451675623	0.048802753265177135	0.010482180293501047	7883.0	29.0	20.0	474.0	2.0	1016.0	2.0	0.0	7.0	492.0	0.0	1.0	0.0	74.0	0.0
3	1	4	-154.72405378650328	1.0	0.5026624068157615	7883.0	20.0	1016.0	7.0	1.0	29.0	474.0	2.0	2.0	492.0	0.0	0.0	74.0	0.0	0.0
1	3	5	-99999.9	1.0	-0.005494505494505495	7609.0	294.0	283.0	206.0	16.0	983.0	23.0	18.0	22.0	460.0	12.0	13.0	10.0	50.0	1.0
1	5	3	0.14929187657415133	0.4406616446312075	0.005405405405405406	7609.0	283.0	294.0	206.0	16.0	983.0	22.0	13.0	23.0	460.0	10.0	18.0	12.0	50.0	1.0
3	1	5	-27.32041341306961	1.0	0.5013623978201635	7609.0	294.0	983.0	23.0	18.0	283.0	206.0	16.0	22.0	460.0	12.0	13.0	50.0	10.0	1.0
1	3	6	-99999.9	1.0	-0.02222222222222222	7611.0	292.0	286.0	208.0	11.0	976.0	24.0	24.0	20.0	462.0	12.0	14.0	7.0	53.0	0.0
1	6	3	0.6075263235865271	0.27175078873595404	0.020833333333333336	7611.0	286.0	292.0	208.0	11.0	976.0	20.0	14.0	24.0	462.0	7.0	24.0	12.0	53.0	0.0
3	1	6	-27.94621088498025	1.0	0.5053763440860215	7611.0	292.0	976.0	24.0	24.0	286.0	208.0	11.0	20.0	462.0	12.0	14.0	53.0	7.0	0.0
1	3	7	-99999.9	1.0	-0.04597701149425287	7611.0	292.0	282.0	210.0	13.0	976.0	28.0	20.0	20.0	465.0	9.0	15.0	7.0	52.0	0.0
1	7	3	1.1691669856474947	0.12116824015797745	0.04040404040404041	7611.0	282.0	292.0	210.0	13.0	976.0	20.0	15.0	28.0	465.0	7.0	20.0	9.0	52.0	0.0
3	1	7	-26.598548923480504	1.0	0.5107526881720431	7611.0	292.0	976.0	28.0	20.0	282.0	210.0	13.0	20.0	465.0	9.0	15.0	52.0	7.0	0.0
1	3	8	0.8934727687005298	0.1858019927233523	0.6190476190476191	7516.0	387.0	440.0	52.0	13.0	954.0	44.0	26.0	57.0	426.0	11.0	24.0	16.0	34.0	0.0
1	8	3	-0.5584204804378319	0.7117213855048885	0.7222222222222222	7516.0	440.0	387.0	52.0	13.0	954.0	57.0	24.0	44.0	426.0	16.0	26.0	11.0	34.0	0.0
3	1	8	-0.34364337257712707	0.6344426824607649	-1.6666666666666667	7516.0	387.0	954.0	44.0	26.0	440.0	52.0	13.0	57.0	426.0	11.0	24.0	34.0	16.0	0.0
1	3	9	-1.021985163673049	0.8466060205197162	1.282051282051282	7524.0	379.0	457.0	38.0	10.0	958.0	49.0	17.0	99.0	383.0	12.0	33.0	12.0	29.0	0.0
1	9	3	-5.667372271277817	0.9999999927293932	0.45045045045045046	7524.0	457.0	379.0	38.0	10.0	958.0	99.0	33.0	49.0	383.0	12.0	17.0	12.0	29.0	0.0
3	1	9	1.2468218996811198	0.10623147277603828	0.8472222222222222	7524.0	379.0	958.0	49.0	17.0	457.0	38.0	10.0	99.0	383.0	12.0	33.0	29.0	12.0	0.0
1	4	5	0.6075814532853848	0.271732501740255	0.02105263157894737	7620.0	292.0	272.0	206.0	18.0	980.0	20.0	18.0	24.0	463.0	12.0	14.0	10.0	50.0	1.0
1	5	4	-99999.9	1.0	-0.022471910112359553	7620.0	272.0	292.0	206.0	18.0	980.0	24.0	14.0	20.0	463.0	10.0	18.0	12.0	50.0	1.0
4	1	5	-27.644956124485024	1.0	0.4945652173913044	7620.0	292.0	980.0	20.0	18.0	272.0	206.0	18.0	24.0	463.0	12.0	14.0	50.0	10.0	1.0
1	4	6	0.1527134651933496	0.43931210598122594	0.005376344086021506	7618.0	294.0	279.0	206.0	11.0	973.0	21.0	24.0	22.0	465.0	12.0	15.0	7.0	53.0	0.0
1	6	4	-99999.9	1.0	-0.00546448087431694	7618.0	279.0	294.0	206.0	11.0	973.0	22.0	15.0	21.0	465.0	7.0	24.0	12.0	53.0	0.0
4	1	6	-28.09927759557636	1.0	0.4986449864498645	7618.0	294.0	973.0	21.0	24.0	279.0	206.0	11.0	22.0	465.0	12.0	15.0	53.0	7.0	0.0
1	4	7	-99999.9	1.0	-0.016666666666666666	7617.0	295.0	276.0	208.0	12.0	973.0	25.0	20.0	22.0	468.0	9.0	16.0	7.0	52.0	0.0
1	7	4	0.4401848431561508	0.3299016487062325	0.015873015873015872	7617.0	276.0	295.0	208.0	12.0	973.0	22.0	16.0	25.0	468.0	7.0	20.0	9.0	52.0	0.0
4	1	7	-26.851275432525174	1.0	0.5040650406504066	7617.0	295.0	973.0	25.0	20.0	276.0	208.0	12.0	22.0	468.0	9.0	16.0	52.0	7.0	0.0
1	4	8	1.1367750973375947	0.12781621184802983	0.6428571428571429	7523.0	389.0	433.0	51.0	12.0	951.0	41.0	26.0	59.0	429.0	11.0	25.0	16.0	34.0	0.0
1	8	4	-0.909420077870077	0.818435811895065	0.6923076923076923	7523.0	433.0	389.0	51.0	12.0	951.0	59.0	25.0	41.0	429.0	16.0	26.0	11.0	34.0	0.0
4	1	8	-0.5052333765944869	0.6933025390624872	-4.000000000000001	7523.0	389.0	951.0	41.0	26.0	433.0	51.0	12.0	59.0	429.0	11.0	25.0	34.0	16.0	0.0
1	4	9	-0.8889205027392657	0.8129771304298659	1.2	7531.0	381.0	450.0	37.0	9.0	956.0	46.0	16.0	100.0	386.0	13.0	34.0	12.0	29.0	0.0
1	9	4	-6.222443519174859	0.9999999997542481	0.4615384615384615	7531.0	450.0	381.0	37.0	9.0	956.0	100.0	34.0	46.0	386.0	12.0	16.0	13.0	29.0	0.0
4	1	9	1.0370739198624765	0.14985072808557431	0.875	7531.0	381.0	956.0	46.0	16.0	450.0	37.0	9.0	100.0	386.0	13.0	34.0	29.0	12.0	0.0
1	5	6	-99999.9	1.0	-0.00851063829787234	7649.0	243.0	248.0	254.0	14.0	980.0	17.0	21.0	15.0	466.0	12.0	15.0	10.0	56.0	0.0
1	6	5	0.35429063176058095	0.3615606081440367	0.008298755186721992	7649.0	248.0	243.0	254.0	14.0	980.0	15.0	15.0	17.0	466.0	10.0	21.0	12.0	56.0	0.0
5	1	6	-41.9834398636288	1.0	0.5021008403361344	7649.0	243.0	980.0	17.0	21.0	248.0	254.0	14.0	15.0	466.0	12.0	15.0	56.0	10.0	0.0
1	5	7	-99999.9	1.0	-0.02575107296137339	7645.0	247.0	248.0	259.0	9.0	980.0	20.0	18.0	14.0	470.0	9.0	17.0	10.0	54.0	0.0
1	7	5	1.035473943825614	0.15022383761743907	0.023904382470119518	7645.0	248.0	247.0	259.0	9.0	980.0	14.0	17.0	20.0	470.0	10.0	18.0	9.0	54.0	0.0
5	1	7	-41.24637876238694	1.0	0.506198347107438	7645.0	247.0	980.0	20.0	18.0	248.0	259.0	9.0	14.0	470.0	9.0	17.0	54.0	10.0	0.0
1	5	8	1.494751310645673	0.0674897100269014	0.4838709677419355	7508.0	384.0	448.0	54.0	14.0	953.0	38.0	27.0	53.0	427.0	13.0	29.0	21.0	31.0	0.0
1	8	5	-99999.9	1.0	1.0714285714285714	7508.0	448.0	384.0	54.0	14.0	953.0	53.0	29.0	38.0	427.0	21.0	27.0	13.0	31.0	0.0
5	1	8	-0.09965008737637845	0.5396889934787159	0.058823529411764705	7508.0	384.0	953.0	38.0	27.0	448.0	54.0	14.0	53.0	427.0	13.0	29.0	31.0	21.0	0.0
1	5	9	-0.5267730447367305	0.700824413676302	1.1	7513.0	379.0	468.0	38.0	10.0	957.0	43.0	18.0	98.0	383.0	12.0	35.0	18.0	27.0	1.0
1	9	5	-6.321276536840767	0.9999999998697209	0.4782608695652174	7513.0	468.0	379.0	38.0	10.0	957.0	98.0	35.0	43.0	383.0	18.0	18.0	12.0	27.0	1.0
5	1	9	0.5746615033491606	0.28276008586255275	0.9230769230769231	7513.0	379.0	957.0	43.0	18.0	468.0	38.0	10.0	98.0	383.0	12.0	35.0	27.0	18.0	1.0
1	6	7	-99999.9	1.0	-0.014534883720930232	7752.0	145.0	141.0	363.0	7.0	988.0	14.0	8.0	9.0	482.0	2.0	14.0	4.0	70.0	1.0
1	7	6	1.0444222769897331	0.1481450570828342	0.013927576601671309	7752.0	141.0	145.0	363.0	7.0	988.0	9.0	14.0	14.0	482.0	4.0	8.0	2.0	70.0	1.0
6	1	7	-72.90067493388331	1.0	0.5035561877667141	7752.0	145.0	988.0	14.0	8.0	141.0	363.0	7.0	9.0	482.0	2.0	14.0	70.0	4.0	1.0
1	6	8	1.624522850327889	0.05213212598985262	0.47058823529411764	7511.0	386.0	445.0	55.0	11.0	947.0	37.0	26.0	53.0	429.0	11.0	35.0	20.0	34.0	0.0
1	8	6	-99999.9	1.0	1.1428571428571428	7511.0	445.0	386.0	55.0	11.0	947.0	53.0	35.0	37.0	429.0	20.0	26.0	11.0	34.0	0.0
6	1	8	-0.20306535629098577	0.5804579982857292	0.09999999999999999	7511.0	386.0	947.0	37.0	26.0	445.0	55.0	11.0	53.0	429.0	11.0	35.0	34.0	20.0	0.0
1	6	9	-0.7174406513372077	0.7634489474024668	1.1521739130434783	7515.0	382.0	466.0	37.0	8.0	949.0	44.0	17.0	97.0	384.0	12.0	44.0	16.0	28.0	1.0
1	9	6	-6.149491297176061	0.9999999996098013	0.4690265486725664	7515.0	466.0	382.0	37.0	8.0	949.0	97.0	44.0	44.0	384.0	16.0	17.0	12.0	28.0	1.0
6	1	9	0.812196963777971	0.20833925357209238	0.8955223880597015	7515.0	382.0	949.0	44.0	17.0	466.0	37.0	8.0	97.0	384.0	12.0	44.0	28.0	16.0	1.0
1	7	8	1.54114172397726	0.06164116607665493	0.6	7503.0	390.0	453.0	52.0	10.0	945.0	38.0	28.0	59.0	430.0	11.0	31.0	18.0	32.0	0.0
1	8	7	-0.77057086198863	0.7795193965297129	0.75	7503.0	453.0	390.0	52.0	10.0	945.0	59.0	31.0	38.0	430.0	18.0	28.0	11.0	32.0	0.0
7	1	8	-0.5137139079924199	0.6962739953882775	-1.0	7503.0	390.0	945.0	38.0	28.0	453.0	52.0	10.0	59.0	430.0	11.0	31.0	32.0	18.0	0.0
1	7	9	-0.8438597387744318	0.8006261541603896	1.1538461538461537	7510.0	383.0	471.0	34.0	10.0	951.0	42.0	18.0	102.0	386.0	12.0	37.0	16.0	27.0	1.0
1	9	7	-7.172807779582671	0.9999999999996301	0.46875	7510.0	471.0	383.0	34.0	10.0	951.0	102.0	37.0	42.0	386.0	16.0	18.0	12.0	27.0	1.0
7	1	9	0.9563743706110226	0.16944155693578022	0.8947368421052632	7510.0	383.0	951.0	42.0	18.0	471.0	34.0	10.0	102.0	386.0	12.0	37.0	27.0	16.0	1.0
1	8	9	-0.10828698077538196	0.5431160267619457	1.0256410256410255	7585.0	371.0	396.0	41.0	15.0	977.0	42.0	16.0	82.0	392.0	12.0	31.0	10.0	30.0	0.0
1	9	8	-4.439766211790687	0.9999954933125683	0.49382716049382713	7585.0	396.0	371.0	41.0	15.0	977.0	82.0	31.0	42.0	392.0	10.0	16.0	12.0	30.0	0.0
8	1	9	0.11099415529476647	0.45581044106119784	0.9761904761904762	7585.0	371.0	977.0	42.0	16.0	396.0	41.0	15.0	82.0	392.0	12.0	31.0	30.0	10.0	0.0
2	3	4	-99999.9	1.0	-0.00449438202247191	8101.0	21.0	27.0	451.0	1.0	798.0	4.0	3.0	2.0	521.0	1.0	2.0	0.0	68.0	0.0
2	4	3	0.8103925139929412	0.20885725188887583	0.004434589800443459	8101.0	27.0	21.0	451.0	1.0	798.0	2.0	2.0	4.0	521.0	0.0	3.0	1.0	68.0	0.0
3	2	4	-181.12272687742325	1.0	0.5011160714285714	8101.0	21.0	798.0	4.0	3.0	27.0	451.0	1.0	2.0	521.0	1.0	2.0	68.0	0.0	0.0
2	3	5	1.409451326044132	0.07935093081326527	0.056179775280898875	7825.0	297.0	275.0	189.0	15.0	767.0	21.0	17.0	31.0	477.0	16.0	12.0	8.0	50.0	0.0
2	5	3	-99999.9	1.0	-0.06756756756756757	7825.0	275.0	297.0	189.0	15.0	767.0	31.0	12.0	21.0	477.0	8.0	17.0	16.0	50.0	0.0
3	2	5	-22.269330951497274	1.0	0.48466257668711654	7825.0	297.0	767.0	21.0	17.0	275.0	189.0	15.0	31.0	477.0	16.0	12.0	50.0	8.0	0.0
2	3	6	-99999.9	1.0	-0.006329113924050633	7820.0	302.0	280.0	187.0	12.0	767.0	28.0	10.0	27.0	486.0	11.0	13.0	7.0	50.0	0.0
2	6	3	0.13512250403997264	0.44625747857482034	0.006211180124223602	7820.0	280.0	302.0	187.0	12.0	767.0	27.0	13.0	28.0	486.0	7.0	10.0	11.0	50.0	0.0
3	2	6	-21.48447814235559	1.0	0.5015673981191223	7820.0	302.0	767.0	28.0	10.0	280.0	187.0	12.0	27.0	486.0	11.0	13.0	50.0	7.0	0.0
2	3	7	0.1351150651095498	0.44626041930474813	0.006097560975609756	7820.0	302.0	276.0	190.0	13.0	767.0	27.0	11.0	28.0	487.0	9.0	13.0	7.0	50.0	0.0
2	7	3	-99999.9	1.0	-0.006211180124223602	7820.0	276.0	302.0	190.0	13.0	767.0	28.0	13.0	27.0	487.0	7.0	11.0	9.0	50.0	0.0
3	2	7	-21.888640547747016	1.0	0.49846153846153846	7820.0	302.0	767.0	27.0	11.0	276.0	190.0	13.0	28.0	487.0	9.0	13.0	50.0	7.0	0.0
2	3	8	-0.645938264026055	0.7408403925531284	1.4666666666666668	7718.0	404.0	429.0	36.0	14.0	752.0	43.0	10.0	65.0	449.0	10.0	27.0	16.0	27.0	0.0
2	8	3	-2.6760299509650847	0.9962749545661539	0.4313725490196078	7718.0	429.0	404.0	36.0	14.0	752.0	65.0	27.0	43.0	449.0	16.0	10.0	10.0	27.0	0.0
3	2	8	0.8514640753070727	0.1972557595182427	0.8055555555555556	7718.0	404.0	752.0	43.0	10.0	429.0	36.0	14.0	65.0	449.0	10.0	27.0	27.0	16.0	0.0
2	3	9	-1.0174538092508572	0.8455311858101132	1.1343283582089552	7730.0	392.0	440.0	29.0	10.0	752.0	38.0	15.0	114.0	398.0	12.0	35.0	12.0	23.0	0.0
2	9	3	-9.6092859762581	1.0	0.47204968944099385	7730.0	440.0	392.0	29.0	10.0	752.0	114.0	35.0	38.0	398.0	12.0	15.0	12.0	23.0	0.0
3	2	9	1.1379417603463535	0.1275724550208972	0.9042553191489362	7730.0	392.0	752.0	38.0	15.0	440.0	29.0	10.0	114.0	398.0	12.0	35.0	23.0	12.0	0.0
2	4	5	1.7237301660972653	0.042378247726563845	0.06521739130434782	7833.0	295.0	267.0	191.0	15.0	767.0	19.0	16.0	31.0	478.0	16.0	12.0	9.0	50.0	1.0
2	5	4	-99999.9	1.0	-0.08108108108108107	7833.0	267.0	295.0	191.0	15.0	767.0	31.0	12.0	19.0	478.0	9.0	16.0	16.0	50.0	1.0
4	2	5	-22.98306888129686	1.0	0.4819277108433735	7833.0	295.0	767.0	19.0	16.0	267.0	191.0	15.0	31.0	478.0	16.0	12.0	50.0	9.0	1.0
2	4	6	0.13764052036964608	0.4452622367350435	0.00617283950617284	7825.0	303.0	275.0	187.0	11.0	766.0	26.0	10.0	27.0	487.0	11.0	14.0	8.0	50.0	0.0
2	6	4	-99999.9	1.0	-0.006289308176100629	7825.0	275.0	303.0	187.0	11.0	766.0	27.0	14.0	26.0	487.0	8.0	10.0	11.0	50.0	0.0
4	2	6	-22.022483259143414	1.0	0.49844236760124605	7825.0	303.0	766.0	26.0	10.0	275.0	187.0	11.0	27.0	487.0	11.0	14.0	50.0	8.0	0.0
2	4	7	0.41498818083619937	0.3390753204078937	0.01785714285714286	7824.0	304.0	272.0	190.0	11.0	766.0	25.0	11.0	28.0	488.0	9.0	14.0	8.0	50.0	0.0
2	7	4	-99999.9	1.0	-0.018867924528301886	7824.0	272.0	304.0	190.0	11.0	766.0	28.0	14.0	25.0	488.0	8.0	11.0	9.0	50.0	0.0
4	2	7	-22.40936176515477	1.0	0.4954128440366972	7824.0	304.0	766.0	25.0	11.0	272.0	190.0	11.0	28.0	488.0	9.0	14.0	50.0	8.0	0.0
2	4	8	-0.5066674206343231	0.6938059081889868	1.277777777777778	7722.0	406.0	425.0	35.0	13.0	752.0	40.0	10.0	63.0	452.0	10.0	29.0	16.0	27.0	0.0
2	8	4	-2.83733755555221	0.9977253621859254	0.45098039215686275	7722.0	425.0	406.0	35.0	13.0	752.0	63.0	29.0	40.0	452.0	16.0	10.0	10.0	27.0	0.0
4	2	8	0.6168125120765675	0.2686791454529893	0.8484848484848485	7722.0	406.0	752.0	40.0	10.0	425.0	35.0	13.0	63.0	452.0	10.0	29.0	27.0	16.0	0.0
2	4	9	-0.8325759714158609	0.7974580941054628	1.1	7735.0	393.0	435.0	28.0	10.0	752.0	35.0	15.0	112.0	401.0	12.0	37.0	12.0	23.0	0.0
2	9	4	-9.990911656990338	1.0	0.4782608695652174	7735.0	435.0	393.0	28.0	10.0	752.0	112.0	37.0	35.0	401.0	12.0	15.0	12.0	23.0	0.0
4	2	9	0.9082646960900302	0.18186916892487748	0.9230769230769231	7735.0	393.0	752.0	35.0	15.0	435.0	28.0	10.0	112.0	401.0	12.0	37.0	23.0	12.0	0.0
2	5	6	-99999.9	1.0	-0.04854368932038835	7849.0	251.0	251.0	237.0	13.0	780.0	21.0	9.0	11.0	486.0	9.0	16.0	14.0	53.0	0.0
2	6	5	1.7786986706218648	0.03764454048776078	0.0423728813559322	7849.0	251.0	251.0	237.0	13.0	780.0	11.0	16.0	21.0	486.0	14.0	9.0	9.0	53.0	0.0
5	2	6	-38.41989128543231	1.0	0.5113122171945701	7849.0	251.0	780.0	21.0	9.0	251.0	237.0	13.0	11.0	486.0	9.0	16.0	53.0	14.0	0.0
2	5	7	-99999.9	1.0	-0.032407407407407406	7847.0	253.0	249.0	244.0	8.0	778.0	21.0	11.0	14.0	486.0	6.0	16.0	14.0	53.0	0.0
2	7	5	1.1920381049783846	0.11662321601514913	0.029535864978902954	7847.0	249.0	253.0	244.0	8.0	778.0	14.0	16.0	21.0	486.0	14.0	11.0	6.0	53.0	0.0
5	2	7	-37.97492820145427	1.0	0.5077262693156733	7847.0	253.0	778.0	21.0	11.0	249.0	244.0	8.0	14.0	486.0	6.0	16.0	53.0	14.0	0.0
2	5	8	0.0	0.49999999949999996	nan	7701.0	399.0	446.0	40.0	15.0	760.0	40.0	10.0	51.0	445.0	10.0	33.0	23.0	27.0	0.0
2	8	5	-1.2290694591156495	0.8904770501146377	0.5	7701.0	446.0	399.0	40.0	15.0	760.0	51.0	33.0	40.0	445.0	23.0	10.0	10.0	27.0	0.0
5	2	8	0.0	0.49999999949999996	nan	7701.0	399.0	760.0	40.0	10.0	446.0	40.0	15.0	51.0	445.0	10.0	33.0	27.0	23.0	0.0
2	5	9	-0.482524020950852	0.685283122714666	1.064516129032258	7710.0	390.0	460.0	30.0	11.0	760.0	34.0	16.0	100.0	395.0	11.0	41.0	19.0	23.0	0.0
2	9	5	-8.444170366639916	1.0	0.4852941176470588	7710.0	460.0	390.0	30.0	11.0	760.0	100.0	41.0	34.0	395.0	19.0	16.0	11.0	23.0	0.0
5	2	9	0.5117679010084795	0.30440672122918233	0.9459459459459459	7710.0	390.0	760.0	34.0	16.0	460.0	30.0	11.0	100.0	395.0	11.0	41.0	23.0	19.0	0.0
2	6	7	0.3924698709214547	0.34735558669552713	0.005952380952380953	7949.0	151.0	147.0	346.0	8.0	791.0	12.0	4.0	14.0	505.0	2.0	3.0	4.0	64.0	0.0
2	7	6	-99999.9	1.0	-0.006060606060606061	7949.0	147.0	151.0	346.0	8.0	791.0	14.0	3.0	12.0	505.0	4.0	4.0	2.0	64.0	0.0
6	2	7	-65.14999857296156	1.0	0.4984984984984985	7949.0	151.0	791.0	12.0	4.0	147.0	346.0	8.0	14.0	505.0	2.0	3.0	64.0	4.0	0.0
2	6	8	0.24571783647581996	0.4029503850133257	0.9130434782608695	7695.0	405.0	452.0	37.0	12.0	763.0	35.0	9.0	56.0	454.0	11.0	25.0	19.0	27.0	0.0
2	8	6	-2.334319446520294	0.9902105205628791	0.525	7695.0	452.0	405.0	37.0	12.0	763.0	56.0	25.0	35.0	454.0	19.0	9.0	11.0	27.0	0.0
6	2	8	-0.22231613776383716	0.5879660646295015	1.1176470588235294	7695.0	405.0	763.0	35.0	9.0	452.0	37.0	12.0	56.0	454.0	11.0	25.0	27.0	19.0	0.0
2	6	9	-0.7633343429818685	0.7773680536441638	1.084507042253521	7703.0	397.0	467.0	25.0	9.0	761.0	31.0	15.0	108.0	401.0	12.0	32.0	16.0	23.0	0.0
2	9	6	-10.559458411249187	1.0	0.48125	7703.0	467.0	397.0	25.0	9.0	761.0	108.0	32.0	31.0	401.0	16.0	15.0	12.0	23.0	0.0
6	2	9	0.8228149411362998	0.20530656493879174	0.9325842696629214	7703.0	397.0	761.0	31.0	15.0	467.0	25.0	9.0	108.0	401.0	12.0	32.0	23.0	16.0	0.0
2	7	8	-0.3179596215329654	0.6247421481066108	1.1764705882352942	7688.0	408.0	459.0	36.0	10.0	760.0	39.0	9.0	59.0	451.0	11.0	25.0	18.0	27.0	0.0
2	8	7	-2.4376904317527357	0.9926092852827859	0.46511627906976744	7688.0	459.0	408.0	36.0	10.0	760.0	59.0	25.0	39.0	451.0	18.0	9.0	11.0	27.0	0.0
7	2	8	0.3656535647629102	0.35731186131433246	0.8846153846153846	7688.0	408.0	760.0	39.0	9.0	459.0	36.0	10.0	59.0	451.0	11.0	25.0	27.0	18.0	0.0
2	7	9	-1.0647335017575543	0.8565016941327012	1.1343283582089552	7703.0	393.0	467.0	26.0	12.0	758.0	35.0	15.0	111.0	398.0	12.0	32.0	15.0	23.0	0.0
2	9	7	-10.055816405488017	1.0	0.47204968944099385	7703.0	467.0	393.0	26.0	12.0	758.0	111.0	32.0	35.0	398.0	15.0	15.0	12.0	23.0	0.0
7	2	9	1.190820363807791	0.11686212004368424	0.9042553191489362	7703.0	393.0	758.0	35.0	15.0	467.0	26.0	12.0	111.0	398.0	12.0	32.0	23.0	15.0	0.0
2	8	9	0.1312148126646588	0.4478026556173147	0.9821428571428571	7759.0	388.0	411.0	30.0	13.0	803.0	29.0	12.0	84.0	410.0	14.0	14.0	9.0	23.0	1.0
2	9	8	-7.085599883891586	0.9999999999993031	0.5045871559633027	7759.0	411.0	388.0	30.0	13.0	803.0	84.0	14.0	29.0	410.0	9.0	12.0	14.0	23.0	1.0
8	2	9	-0.12882908879802862	0.5512535917266412	1.0188679245283019	7759.0	388.0	803.0	29.0	12.0	411.0	30.0	13.0	84.0	410.0	14.0	14.0	23.0	9.0	1.0
3	4	5	1.9625332555522863	0.024850147299238845	0.9863013698630136	8571.0	328.0	21.0	4.0	3.0	29.0	0.0	2.0	288.0	715.0	37.0	1.0	1.0	0.0	0.0
3	5	4	-139.3398611442134	1.0	0.5034965034965035	8571.0	21.0	328.0	4.0	3.0	29.0	288.0	1.0	0.0	715.0	1.0	2.0	37.0	0.0	0.0
4	3	5	-1.935275849225171	0.9735218410427509	1.0142857142857142	8571.0	328.0	29.0	0.0	2.0	21.0	4.0	3.0	288.0	715.0	37.0	1.0	0.0	1.0	0.0
3	4	6	1.6957530600462642	0.04496629939265695	0.9898305084745763	8563.0	336.0	24.0	3.0	1.0	28.0	0.0	3.0	292.0	721.0	27.0	0.0	2.0	0.0	0.0
3	6	4	-163.35754478445733	1.0	0.5025817555938038	8563.0	24.0	336.0	3.0	1.0	28.0	292.0	0.0	0.0	721.0	2.0	3.0	27.0	0.0	0.0
4	3	6	-1.678330939566337	0.9533587678761075	1.0104895104895104	8563.0	336.0	28.0	0.0	3.0	24.0	3.0	1.0	292.0	721.0	27.0	0.0	0.0	2.0	0.0
3	4	7	1.6956692198794667	0.044974242133296594	0.9897260273972602	8562.0	337.0	25.0	3.0	0.0	28.0	0.0	3.0	289.0	725.0	26.0	0.0	2.0	0.0	0.0
3	7	4	-161.6537989618451	1.0	0.5026086956521739	8562.0	25.0	337.0	3.0	0.0	28.0	289.0	0.0	0.0	725.0	2.0	3.0	26.0	0.0	0.0
4	3	7	-1.6780671172509602	0.9533330248393415	1.010600706713781	8562.0	337.0	28.0	0.0	3.0	25.0	3.0	0.0	289.0	725.0	26.0	0.0	0.0	2.0	0.0
3	4	8	0.9877745507915335	0.1616315420881398	0.9959349593495935	8446.0	453.0	24.0	3.0	1.0	28.0	1.0	2.0	491.0	511.0	38.0	2.0	0.0	0.0	0.0
3	8	4	-241.01699039313678	1.0	0.5010224948875256	8446.0	24.0	453.0	3.0	1.0	28.0	491.0	2.0	1.0	511.0	0.0	2.0	38.0	0.0	0.0
4	3	8	-0.98374281793116	0.8373790058588835	1.0041152263374487	8446.0	453.0	28.0	1.0	2.0	24.0	3.0	1.0	491.0	511.0	38.0	2.0	0.0	0.0	0.0
3	4	9	0.8102737740711959	0.20889136481217485	0.9964221824686941	8459.0	440.0	23.0	4.0	1.0	28.0	2.0	1.0	559.0	448.0	33.0	2.0	0.0	0.0	0.0
3	9	4	-224.85097230475552	1.0	0.5008992805755396	8459.0	23.0	440.0	4.0	1.0	28.0	559.0	2.0	2.0	448.0	0.0	1.0	33.0	0.0	0.0
4	3	9	-0.8073643529793783	0.7902717592963495	1.003616636528029	8459.0	440.0	28.0	2.0	1.0	23.0	4.0	1.0	559.0	448.0	33.0	2.0	0.0	0.0	0.0
3	5	6	-99999.9	1.0	-0.01818181818181818	8329.0	263.0	258.0	68.0	9.0	300.0	12.0	6.0	11.0	695.0	10.0	9.0	16.0	13.0	1.0
3	6	5	0.20971861683540943	0.41694367912551944	0.017241379310344827	8329.0	258.0	263.0	68.0	9.0	300.0	11.0	9.0	12.0	695.0	16.0	6.0	10.0	13.0	1.0
5	3	6	-11.744242542782919	1.0	0.504424778761062	8329.0	263.0	300.0	12.0	6.0	258.0	68.0	9.0	11.0	695.0	10.0	9.0	13.0	16.0	1.0
3	5	7	-99999.9	1.0	-0.03571428571428571	8329.0	263.0	258.0	72.0	5.0	296.0	14.0	8.0	12.0	697.0	7.0	9.0	16.0	14.0	0.0
3	7	5	0.3969151673515866	0.3457150600584449	0.03225806451612903	8329.0	258.0	263.0	72.0	5.0	296.0	12.0	9.0	14.0	697.0	16.0	8.0	7.0	14.0	0.0
5	3	7	-11.510539853196017	1.0	0.5084745762711865	8329.0	263.0	296.0	14.0	8.0	258.0	72.0	5.0	12.0	697.0	7.0	9.0	14.0	16.0	0.0
3	5	8	1.0789417807482748	0.1403068789073738	0.965	8168.0	424.0	302.0	25.0	8.0	293.0	18.0	7.0	211.0	480.0	25.0	17.0	14.0	7.0	1.0
3	8	5	-28.669024459882728	1.0	0.5092348284960422	8168.0	302.0	424.0	25.0	8.0	293.0	211.0	17.0	18.0	480.0	14.0	7.0	25.0	7.0	1.0
5	3	8	-1.0398091773014462	0.8507856929577529	1.0391061452513966	8168.0	424.0	293.0	18.0	7.0	302.0	25.0	8.0	211.0	480.0	25.0	17.0	7.0	14.0	1.0
3	5	9	0.7100430933083471	0.23883863744227063	0.9848484848484849	8176.0	416.0	306.0	18.0	11.0	294.0	14.0	10.0	274.0	424.0	18.0	21.0	12.0	6.0	0.0
3	9	5	-45.44275797173422	1.0	0.5038759689922481	8176.0	306.0	416.0	18.0	11.0	294.0	274.0	21.0	14.0	424.0	12.0	10.0	18.0	6.0	0.0
5	3	9	-0.6991193534112956	0.7577613465627342	1.0158730158730158	8176.0	416.0	294.0	14.0	10.0	306.0	18.0	11.0	274.0	424.0	18.0	21.0	6.0	12.0	0.0
3	6	7	-99999.9	1.0	-0.011834319526627219	8433.0	154.0	154.0	181.0	5.0	307.0	10.0	3.0	8.0	712.0	3.0	2.0	5.0	22.0	1.0
3	7	6	0.4722034042404543	0.31839081862458674	0.011428571428571427	8433.0	154.0	154.0	181.0	5.0	307.0	8.0	2.0	10.0	712.0	5.0	3.0	3.0	22.0	1.0
6	3	7	-40.373391062558895	1.0	0.502906976744186	8433.0	154.0	307.0	10.0	3.0	154.0	181.0	5.0	8.0	712.0	3.0	2.0	22.0	5.0	1.0
3	6	8	1.3842287974352554	0.08314426169482725	0.9605911330049262	8157.0	430.0	313.0	21.0	6.0	301.0	13.0	6.0	208.0	489.0	26.0	12.0	10.0	8.0	0.0
3	8	6	-32.356348140049114	1.0	0.5104712041884816	8157.0	313.0	430.0	21.0	6.0	301.0	208.0	12.0	13.0	489.0	10.0	6.0	26.0	8.0	0.0
6	3	8	-1.3274399236943217	0.9078183340869644	1.0446927374301676	8157.0	430.0	301.0	13.0	6.0	313.0	21.0	6.0	208.0	489.0	26.0	12.0	8.0	10.0	0.0
3	6	9	0.7869988678163916	0.21564120181960866	0.9851851851851852	8165.0	422.0	317.0	15.0	8.0	299.0	11.0	10.0	277.0	428.0	18.0	13.0	11.0	6.0	0.0
3	9	6	-51.54842584197366	1.0	0.5037878787878789	8165.0	317.0	422.0	15.0	8.0	299.0	277.0	13.0	11.0	428.0	11.0	10.0	18.0	6.0	0.0
6	3	9	-0.7751642983755435	0.7808787740053226	1.0155038759689923	8165.0	422.0	299.0	11.0	10.0	317.0	15.0	8.0	277.0	428.0	18.0	13.0	6.0	11.0	0.0
3	7	8	0.49563683780966994	0.3100753296664819	0.9850746268656716	8154.0	433.0	316.0	20.0	4.0	294.0	17.0	6.0	215.0	486.0	26.0	12.0	9.0	8.0	0.0
3	8	7	-32.216394457628546	1.0	0.5038167938931297	8154.0	316.0	433.0	20.0	4.0	294.0	215.0	12.0	17.0	486.0	9.0	6.0	26.0	8.0	0.0
7	3	8	-0.48812718875194766	0.6872701180966614	1.015625	8154.0	433.0	294.0	17.0	6.0	316.0	20.0	4.0	215.0	486.0	26.0	12.0	8.0	9.0	0.0
3	7	9	0.1924261923372982	0.42370420760319216	0.9962825278810409	8166.0	421.0	316.0	14.0	10.0	295.0	13.0	9.0	281.0	427.0	19.0	13.0	10.0	6.0	0.0
3	9	7	-51.377793354058554	1.0	0.5009345794392523	8166.0	316.0	421.0	14.0	10.0	295.0	281.0	13.0	13.0	427.0	10.0	9.0	19.0	6.0	0.0
7	3	9	-0.19170818415693516	0.576014584148886	1.0037593984962405	8166.0	421.0	295.0	13.0	9.0	316.0	14.0	10.0	281.0	427.0	19.0	13.0	6.0	10.0	0.0
3	8	9	1.5736651348476933	0.0577824507907172	0.8472222222222222	8072.0	398.0	410.0	32.0	15.0	490.0	21.0	10.0	82.0	419.0	11.0	17.0	10.0	12.0	1.0
3	9	8	-7.153023340216791	0.9999999999995726	0.5495495495495496	8072.0	410.0	398.0	32.0	15.0	490.0	82.0	17.0	21.0	419.0	10.0	10.0	11.0	12.0	1.0
8	3	9	-1.2898894547931914	0.9014554103625114	1.282051282051282	8072.0	398.0	490.0	21.0	10.0	410.0	32.0	15.0	82.0	419.0	11.0	17.0	12.0	10.0	1.0
4	5	6	0.20980993935202005	0.4169080395558582	0.01818181818181818	8335.0	265.0	256.0	65.0	9.0	294.0	11.0	5.0	12.0	697.0	10.0	10.0	16.0	14.0	1.0
4	6	5	-99999.9	1.0	-0.01923076923076923	8335.0	256.0	265.0	65.0	9.0	294.0	12.0	10.0	11.0	697.0	16.0	5.0	10.0	14.0	1.0
5	4	6	-11.119926785657057	1.0	0.4953271028037384	8335.0	265.0	294.0	11.0	5.0	256.0	65.0	9.0	12.0	697.0	10.0	10.0	14.0	16.0	1.0
4	5	7	0.19738315763730244	0.42176387713805874	0.0	8334.0	266.0	256.0	69.0	5.0	291.0	13.0	6.0	13.0	699.0	7.0	10.0	16.0	15.0	0.0
4	7	5	0.19738315763730244	0.42176387713805874	0.0	8334.0	256.0	266.0	69.0	5.0	291.0	13.0	10.0	13.0	699.0	16.0	6.0	7.0	15.0	0.0
5	4	7	-10.961444097607792	1.0	0.5	8334.0	266.0	291.0	13.0	6.0	256.0	69.0	5.0	13.0	699.0	7.0	10.0	15.0	16.0	0.0
4	5	8	0.7874403462319272	0.2155120055662959	0.9747474747474747	8174.0	426.0	300.0	23.0	7.0	287.0	18.0	5.0	211.0	482.0	26.0	19.0	14.0	7.0	1.0
4	8	5	-29.60775701832044	1.0	0.5065616797900263	8174.0	300.0	426.0	23.0	7.0	287.0	211.0	19.0	18.0	482.0	14.0	5.0	26.0	7.0	1.0
5	4	8	-0.7670403372621881	0.7784712994095639	1.0273224043715847	8174.0	426.0	287.0	18.0	5.0	300.0	23.0	7.0	211.0	482.0	26.0	19.0	7.0	14.0	1.0
4	5	9	0.3657483863678347	0.357276479750013	0.9923954372623575	8184.0	416.0	303.0	16.0	11.0	286.0	14.0	10.0	275.0	426.0	18.0	23.0	12.0	6.0	0.0
4	9	5	-47.36441603463462	1.0	0.5019230769230769	8184.0	303.0	416.0	16.0	11.0	286.0	275.0	23.0	14.0	426.0	12.0	10.0	18.0	6.0	0.0
5	4	9	-0.362945716740495	0.6416772204558046	1.0077821011673151	8184.0	416.0	286.0	14.0	10.0	303.0	16.0	11.0	275.0	426.0	18.0	23.0	6.0	12.0	0.0
4	6	7	-99999.9	1.0	-0.011904761904761904	8436.0	155.0	154.0	180.0	5.0	304.0	10.0	2.0	8.0	713.0	3.0	2.0	5.0	22.0	1.0
4	7	6	0.47221554747938693	0.31838648525847213	0.011494252873563218	8436.0	154.0	155.0	180.0	5.0	304.0	8.0	2.0	10.0	713.0	5.0	2.0	3.0	22.0	1.0
6	4	7	-40.13832153574791	1.0	0.5029239766081871	8436.0	155.0	304.0	10.0	2.0	154.0	180.0	5.0	8.0	713.0	3.0	2.0	22.0	5.0	1.0
4	6	8	1.228925207475956	0.10954999220838268	0.9651741293532339	8161.0	430.0	313.0	20.0	6.0	297.0	13.0	6.0	207.0	491.0	26.0	13.0	10.0	7.0	0.0
4	8	6	-32.82985911400051	1.0	0.5091863517060368	8161.0	313.0	430.0	20.0	6.0	297.0	207.0	13.0	13.0	491.0	10.0	6.0	26.0	7.0	0.0
6	4	8	-1.184582545350535	0.8819086664281661	1.038888888888889	8161.0	430.0	297.0	13.0	6.0	313.0	20.0	6.0	207.0	491.0	26.0	13.0	7.0	10.0	0.0
4	6	9	0.19994863664355686	0.42076040070534715	0.9962264150943396	8170.0	421.0	317.0	13.0	9.0	294.0	12.0	10.0	276.0	430.0	18.0	14.0	10.0	6.0	0.0
4	9	6	-52.58649143725547	1.0	0.5009487666034156	8170.0	317.0	421.0	13.0	9.0	294.0	276.0	14.0	12.0	430.0	10.0	10.0	18.0	6.0	0.0
6	4	9	-0.19919125544414948	0.5789434060403367	1.0038167938931297	8170.0	421.0	294.0	12.0	10.0	317.0	13.0	9.0	276.0	430.0	18.0	14.0	6.0	10.0	0.0
4	7	8	0.33436763526615165	0.36905114705001907	0.9899497487437185	8157.0	433.0	317.0	19.0	4.0	291.0	17.0	6.0	214.0	488.0	26.0	12.0	9.0	7.0	0.0
4	8	7	-32.600844438449805	1.0	0.5025510204081632	8157.0	317.0	433.0	19.0	4.0	291.0	214.0	12.0	17.0	488.0	9.0	6.0	26.0	7.0	0.0
7	4	8	-0.33097303998426175	0.629667506935414	1.0103626943005182	8157.0	433.0	291.0	17.0	6.0	317.0	19.0	4.0	214.0	488.0	26.0	12.0	7.0	9.0	0.0
4	7	9	-0.38978206306763513	0.6516510924701076	1.0075757575757576	8170.0	420.0	317.0	12.0	11.0	291.0	14.0	9.0	280.0	429.0	19.0	13.0	9.0	6.0	0.0
4	9	7	-52.23079645106321	1.0	0.49812734082397003	8170.0	317.0	420.0	12.0	11.0	291.0	280.0	13.0	14.0	429.0	9.0	9.0	19.0	6.0	0.0
7	4	9	0.3927127552711511	0.3472658765423027	0.9925925925925926	8170.0	420.0	291.0	14.0	9.0	317.0	12.0	11.0	280.0	429.0	19.0	13.0	6.0	9.0	0.0
4	8	9	1.3359471495983641	0.09078333891098134	0.8714285714285714	8076.0	398.0	411.0	29.0	16.0	486.0	20.0	11.0	81.0	422.0	11.0	17.0	10.0	12.0	0.0
4	9	8	-7.718805753234991	0.999999999999994	0.5398230088495575	8076.0	411.0	398.0	29.0	16.0	486.0	81.0	17.0	20.0	422.0	10.0	11.0	11.0	12.0	0.0
8	4	9	-1.1388401931002448	0.8726150386792351	1.2093023255813953	8076.0	398.0	486.0	20.0	11.0	411.0	29.0	16.0	81.0	422.0	11.0	17.0	12.0	10.0	0.0
5	6	7	0.23598946042687552	0.4067204724545139	0.0	8473.0	156.0	152.0	126.0	3.0	267.0	9.0	2.0	9.0	765.0	2.0	3.0	9.0	24.0	0.0
5	7	6	0.23598946042687552	0.4067204724545139	0.0	8473.0	152.0	156.0	126.0	3.0	267.0	9.0	3.0	9.0	765.0	9.0	2.0	2.0	24.0	0.0
6	5	7	-27.50087894125271	1.0	0.5	8473.0	156.0	267.0	9.0	2.0	152.0	126.0	3.0	9.0	765.0	2.0	3.0	24.0	9.0	0.0
5	6	8	0.37860726788623866	0.35248981948217994	0.9919028340080972	8201.0	428.0	260.0	15.0	6.0	257.0	13.0	8.0	258.0	491.0	27.0	15.0	8.0	12.0	1.0
5	8	6	-46.00078304817804	1.0	0.5020491803278689	8201.0	260.0	428.0	15.0	6.0	257.0	258.0	15.0	13.0	491.0	8.0	8.0	27.0	12.0	1.0
6	5	8	-0.3755165963116572	0.6463617886696942	1.008298755186722	8201.0	428.0	257.0	13.0	8.0	260.0	15.0	6.0	258.0	491.0	27.0	15.0	12.0	8.0	1.0
5	6	9	-0.21732049658687239	0.586020670574789	1.0031948881789137	8206.0	423.0	264.0	10.0	7.0	258.0	11.0	9.0	325.0	429.0	22.0	18.0	8.0	10.0	0.0
5	9	6	-68.45595642486457	1.0	0.49920508744038156	8206.0	264.0	423.0	10.0	7.0	258.0	325.0	18.0	11.0	429.0	8.0	9.0	22.0	10.0	0.0
6	5	9	0.21801260007918724	0.4137096845251773	0.9968354430379747	8206.0	423.0	258.0	11.0	9.0	264.0	10.0	7.0	325.0	429.0	22.0	18.0	10.0	8.0	0.0
5	7	8	-0.7217074581752871	0.7647628915436747	1.016260162601626	8194.0	431.0	267.0	13.0	5.0	254.0	17.0	8.0	267.0	489.0	27.0	9.0	6.0	12.0	1.0
5	8	7	-45.82842359413073	1.0	0.49603174603174605	8194.0	267.0	431.0	13.0	5.0	254.0	267.0	9.0	17.0	489.0	6.0	8.0	27.0	12.0	1.0
7	5	8	0.7332547775060918	0.23170145658616847	0.9844961240310077	8194.0	431.0	254.0	17.0	8.0	267.0	13.0	5.0	267.0	489.0	27.0	9.0	12.0	6.0	1.0
5	7	9	-1.0286370321786782	0.8481748446258736	1.0159744408945688	8204.0	421.0	266.0	9.0	10.0	257.0	14.0	8.0	332.0	428.0	23.0	12.0	6.0	10.0	0.0
5	9	7	-66.44995227874251	1.0	0.4960998439937598	8204.0	266.0	421.0	9.0	10.0	257.0	332.0	12.0	14.0	428.0	6.0	8.0	23.0	10.0	0.0
7	5	9	1.0448105704204813	0.14805529079212376	0.9847560975609756	8204.0	421.0	257.0	14.0	8.0	266.0	9.0	10.0	332.0	428.0	23.0	12.0	10.0	6.0	0.0
5	8	9	1.1726625149139414	0.1204656454507278	0.8904109589041096	8066.0	395.0	404.0	29.0	16.0	496.0	21.0	13.0	86.0	416.0	10.0	19.0	11.0	18.0	0.0
5	9	8	-8.355220418761835	1.0	0.5327868852459017	8066.0	404.0	395.0	29.0	16.0	496.0	86.0	19.0	21.0	416.0	11.0	13.0	10.0	18.0	0.0
8	5	9	-1.028334820770687	0.8481038009350195	1.163265306122449	8066.0	395.0	496.0	21.0	13.0	404.0	29.0	16.0	86.0	416.0	10.0	19.0	18.0	11.0	0.0
6	7	8	-1.1960345747349606	0.884158402182825	1.0139275766016713	8299.0	441.0	159.0	6.0	2.0	149.0	11.0	4.0	375.0	505.0	35.0	9.0	2.0	3.0	0.0
6	8	7	-88.2673516154401	1.0	0.4965893587994543	8299.0	159.0	441.0	6.0	2.0	149.0	375.0	9.0	11.0	505.0	2.0	4.0	35.0	3.0	0.0
7	6	8	1.21246362109121	0.1126675461715475	0.9866310160427807	8299.0	441.0	149.0	11.0	4.0	159.0	6.0	2.0	375.0	505.0	35.0	9.0	3.0	2.0	0.0
6	7	9	-0.8956997573615865	0.8147934607955508	1.0069124423963134	8307.0	433.0	157.0	4.0	6.0	154.0	7.0	3.0	444.0	440.0	31.0	9.0	2.0	3.0	0.0
6	9	7	-131.3692977463658	1.0	0.4982896237172178	8307.0	157.0	433.0	4.0	6.0	154.0	444.0	9.0	7.0	440.0	2.0	3.0	31.0	3.0	0.0
7	6	9	0.9018487259475928	0.18356858740882998	0.9932279909706546	8307.0	433.0	154.0	7.0	3.0	157.0	4.0	6.0	444.0	440.0	31.0	9.0	3.0	2.0	0.0
6	8	9	1.2449379650705283	0.10657734544233399	0.8947368421052632	8057.0	401.0	407.0	26.0	16.0	505.0	18.0	10.0	86.0	421.0	11.0	16.0	10.0	16.0	0.0
6	9	8	-9.33703473802896	1.0	0.53125	8057.0	407.0	401.0	26.0	16.0	505.0	86.0	16.0	18.0	421.0	10.0	10.0	11.0	16.0	0.0
8	6	9	-1.0984746750622307	0.8640013210664771	1.1538461538461537	8057.0	401.0	505.0	18.0	10.0	407.0	26.0	16.0	86.0	421.0	11.0	16.0	16.0	10.0	0.0
7	8	9	1.6598325086402481	0.04847405770010371	0.8571428571428571	8050.0	398.0	411.0	29.0	16.0	512.0	18.0	13.0	84.0	419.0	11.0	14.0	10.0	15.0	0.0
7	9	8	-8.29916254320124	1.0	0.5454545454545454	8050.0	411.0	398.0	29.0	16.0	512.0	84.0	14.0	18.0	419.0	10.0	13.0	11.0	15.0	0.0
8	7	9	-1.3831937572002067	0.9166972105298663	1.25	8050.0	398.0	512.0	18.0	13.0	411.0	29.0	16.0	84.0	419.0	11.0	14.0	15.0	10.0	0.0
