P1	Hybrid	P2	Zscore	Pvalue	Gamma	AAAA	AAAB	AABA	AABB	AABC	ABAA	ABAB	ABAC	ABBA	BAAA	ABBC	CABC	BACA	BCAA	ABCD
1	2	3	-99999.9	1.0	-0.01402961808261886	37465.0	1582.0	1556.0	1457.0	111.0	4053.0	156.0	81.0	138.0	2936.0	52.0	79.0	58.0	270.0	6.0
1	3	2	1.0558515897404366	0.14551804246530287	0.013462976813762156	37465.0	1556.0	1582.0	1457.0	111.0	4053.0	138.0	79.0	156.0	2936.0	58.0	81.0	52.0	270.0	6.0
2	1	3	-76.31460656957267	1.0	0.5034351145038167	37465.0	1582.0	4053.0	156.0	81.0	1556.0	1457.0	111.0	138.0	2936.0	52.0	79.0	270.0	58.0	6.0
1	2	4	-99999.9	1.0	-0.01644479248238058	37574.0	1473.0	1582.0	1447.0	95.0	4054.0	149.0	87.0	128.0	2946.0	52.0	78.0	59.0	270.0	6.0
1	4	2	1.2699969640084803	0.10204292457476694	0.01567164179104478	37574.0	1582.0	1473.0	1447.0	95.0	4054.0	128.0	78.0	149.0	2946.0	59.0	87.0	52.0	270.0	6.0
2	1	4	-78.49790758490512	1.0	0.5040122277416889	37574.0	1473.0	4054.0	149.0	87.0	1582.0	1447.0	95.0	128.0	2946.0	52.0	78.0	270.0	59.0	6.0
1	2	5	-99999.9	1.0	-0.0022900763358778627	37526.0	1521.0	1581.0	1455.0	88.0	4071.0	142.0	77.0	139.0	2928.0	59.0	81.0	57.0	267.0	8.0
1	5	2	0.17913263104507426	0.4289167884070193	0.0022744503411675507	37526.0	1581.0	1521.0	1455.0	88.0	4071.0	139.0	81.0	142.0	2928.0	57.0	77.0	59.0	267.0	8.0
2	1	5	-78.40038152072731	1.0	0.500570559147965	37526.0	1521.0	4071.0	142.0	77.0	1581.0	1455.0	88.0	139.0	2928.0	59.0	81.0	267.0	57.0	8.0
1	2	6	-0.45157884727712155	0.6742137697461148	1.033003300330033	36581.0	2466.0	2799.0	232.0	93.0	3877.0	242.0	171.0	555.0	2465.0	106.0	181.0	96.0	133.0	3.0
1	6	2	-14.585996767051055	1.0	0.49213836477987416	36581.0	2799.0	2466.0	232.0	93.0	3877.0	555.0	181.0	242.0	2465.0	96.0	171.0	106.0	133.0	3.0
2	1	6	0.46600628648725323	0.32060551729364606	0.96996996996997	36581.0	2466.0	3877.0	242.0	171.0	2799.0	232.0	93.0	555.0	2465.0	106.0	181.0	133.0	96.0	3.0
1	2	7	-0.8486683936713887	0.8019671279418885	1.0335820895522387	36814.0	2233.0	2840.0	208.0	76.0	3933.0	226.0	131.0	780.0	2236.0	110.0	196.0	92.0	115.0	10.0
1	7	2	-26.96879562111307	1.0	0.4920071047957371	36814.0	2840.0	2233.0	208.0	76.0	3933.0	780.0	196.0	226.0	2236.0	92.0	131.0	110.0	115.0	10.0
2	1	7	0.8762424570036722	0.19044908215414602	0.9694915254237289	36814.0	2233.0	3933.0	226.0	131.0	2840.0	208.0	76.0	780.0	2236.0	110.0	196.0	115.0	92.0	10.0
1	2	8	-0.5254405225600081	0.700361519941318	1.01085776330076	37124.0	1923.0	2875.0	174.0	75.0	3992.0	184.0	114.0	1115.0	1919.0	92.0	245.0	72.0	92.0	4.0
1	8	2	-49.443953172896734	1.0	0.4973290598290598	37124.0	2875.0	1923.0	174.0	75.0	3992.0	1115.0	245.0	184.0	1919.0	72.0	114.0	92.0	92.0	4.0
2	1	8	0.5310843520182251	0.2976801458967355	0.9894847528916929	37124.0	1923.0	3992.0	184.0	114.0	2875.0	174.0	75.0	1115.0	1919.0	92.0	245.0	92.0	72.0	4.0
1	2	9	0.9657027088354672	0.16709647824069762	0.9964622641509434	38494.0	553.0	3060.0	48.0	16.0	4225.0	39.0	26.0	2574.0	517.0	35.0	364.0	23.0	25.0	1.0
1	9	2	-271.0405602798201	1.0	0.5008891523414345	38494.0	3060.0	553.0	48.0	16.0	4225.0	2574.0	364.0	39.0	517.0	23.0	26.0	35.0	25.0	1.0
2	1	9	-0.9622741785082405	0.8320440568817096	1.0035756853396902	38494.0	553.0	4225.0	39.0	26.0	3060.0	48.0	16.0	2574.0	517.0	35.0	364.0	25.0	23.0	1.0
1	3	4	-99999.9	1.0	-0.004875076173065204	37856.0	1165.0	1300.0	1768.0	82.0	4080.0	119.0	71.0	111.0	2996.0	43.0	69.0	39.0	297.0	4.0
1	4	3	0.5285723674863745	0.298551050169664	0.004804804804804805	37856.0	1300.0	1165.0	1768.0	82.0	4080.0	111.0	69.0	119.0	2996.0	39.0	71.0	43.0	297.0	4.0
3	1	4	-108.95197924812905	1.0	0.5012099213551119	37856.0	1165.0	4080.0	119.0	71.0	1300.0	1768.0	82.0	111.0	2996.0	43.0	69.0	297.0	39.0	4.0
1	3	5	0.8618361503985762	0.19438880161794847	0.007738095238095238	37806.0	1215.0	1301.0	1775.0	74.0	4101.0	108.0	61.0	121.0	2979.0	50.0	69.0	40.0	294.0	6.0
1	5	3	-99999.9	1.0	-0.007921998781230956	37806.0	1301.0	1215.0	1775.0	74.0	4101.0	121.0	69.0	108.0	2979.0	40.0	61.0	50.0	294.0	6.0
3	1	5	-109.65207636609567	1.0	0.49804275820535987	37806.0	1215.0	4101.0	108.0	61.0	1301.0	1775.0	74.0	121.0	2979.0	50.0	69.0	294.0	40.0	6.0
1	3	6	-0.5942111574742506	0.72381460032264	1.0403726708074534	36551.0	2470.0	2829.0	223.0	98.0	3860.0	236.0	174.0	571.0	2475.0	104.0	182.0	92.0	129.0	6.0
1	6	3	-15.906575600079945	1.0	0.4904831625183016	36551.0	2829.0	2470.0	223.0	98.0	3860.0	571.0	182.0	236.0	2475.0	92.0	174.0	104.0	129.0	6.0
3	1	6	0.6172700979135499	0.2685282394864361	0.96398891966759	36551.0	2470.0	3860.0	236.0	174.0	2829.0	223.0	98.0	571.0	2475.0	104.0	182.0	129.0	92.0	6.0
1	3	7	-0.4904360376746577	0.6880873059145161	1.0178890876565294	36789.0	2232.0	2865.0	199.0	86.0	3928.0	209.0	133.0	778.0	2259.0	113.0	203.0	86.0	108.0	12.0
1	7	3	-28.39624658136272	1.0	0.49564459930313587	36789.0	2865.0	2232.0	199.0	86.0	3928.0	778.0	203.0	209.0	2259.0	86.0	133.0	113.0	108.0	12.0
3	1	7	0.49905530019969563	0.3088702123411633	0.9830220713073005	36789.0	2232.0	3928.0	209.0	133.0	2865.0	199.0	86.0	778.0	2259.0	113.0	203.0	108.0	86.0	12.0
1	3	8	-0.16313228770058918	0.5647928664379511	1.0031813361611877	37096.0	1925.0	2903.0	167.0	80.0	3992.0	170.0	108.0	1116.0	1941.0	93.0	244.0	64.0	93.0	8.0
1	8	3	-51.60418034261957	1.0	0.49920844327176783	37096.0	2903.0	1925.0	167.0	80.0	3992.0	1116.0	244.0	170.0	1941.0	64.0	108.0	93.0	93.0	8.0
3	1	8	0.16364962053684898	0.43500348467372174	0.9968487394957983	37096.0	1925.0	3992.0	170.0	108.0	2903.0	167.0	80.0	1116.0	1941.0	93.0	244.0	93.0	64.0	8.0
1	3	9	0.3292738439022018	0.3709744244325546	0.9988267500977708	38467.0	554.0	3087.0	43.0	20.0	4205.0	40.0	25.0	2594.0	522.0	34.0	364.0	17.0	24.0	4.0
1	9	3	-279.99252526483946	1.0	0.5002938295788443	38467.0	3087.0	554.0	43.0	20.0	4205.0	2594.0	364.0	40.0	522.0	17.0	25.0	34.0	24.0	4.0
3	1	9	-0.3288870696141412	0.6288794076599218	1.001177394034537	38467.0	554.0	4205.0	40.0	25.0	3087.0	43.0	20.0	2594.0	522.0	34.0	364.0	24.0	17.0	4.0
1	4	5	1.9969291977093229	0.02291636832305688	0.009341825902335456	38517.0	639.0	590.0	2383.0	42.0	4181.0	50.0	29.0	72.0	3059.0	23.0	38.0	18.0	357.0	2.0
1	5	4	-99999.9	1.0	-0.00961118392311053	38517.0	590.0	639.0	2383.0	42.0	4181.0	72.0	38.0	50.0	3059.0	18.0	29.0	23.0	357.0	2.0
4	1	5	-209.7683352684658	1.0	0.4976313522825151	38517.0	639.0	4181.0	50.0	29.0	590.0	2383.0	42.0	72.0	3059.0	23.0	38.0	357.0	18.0	2.0
1	4	6	0.18920995992598943	0.42496414731182963	0.9883381924198251	36677.0	2479.0	2703.0	228.0	84.0	3868.0	224.0	168.0	563.0	2489.0	102.0	182.0	90.0	135.0	8.0
1	6	4	-15.846334143801748	1.0	0.5029673590504451	36677.0	2703.0	2479.0	228.0	84.0	3868.0	563.0	182.0	224.0	2489.0	90.0	168.0	102.0	135.0	8.0
4	1	6	-0.18697739402715777	0.5741608067166701	1.012084592145015	36677.0	2479.0	3868.0	224.0	168.0	2703.0	228.0	84.0	563.0	2489.0	102.0	182.0	135.0	90.0	8.0
1	4	7	-0.29834429420511	0.6172797314972231	1.0105633802816902	36929.0	2227.0	2725.0	197.0	93.0	3927.0	203.0	130.0	777.0	2267.0	110.0	205.0	84.0	116.0	10.0
1	7	4	-28.83994843982722	1.0	0.49740034662045063	36929.0	2725.0	2227.0	197.0	93.0	3927.0	777.0	205.0	203.0	2267.0	84.0	130.0	110.0	116.0	10.0
4	1	7	0.3014628756776373	0.3815308458622395	0.9897610921501706	36929.0	2227.0	3927.0	203.0	130.0	2725.0	197.0	93.0	777.0	2267.0	110.0	205.0	116.0	84.0	10.0
1	4	8	-0.2121105011090688	0.5839895527728773	1.0042194092827004	37237.0	1919.0	2762.0	175.0	78.0	3970.0	179.0	111.0	1131.0	1935.0	88.0	251.0	61.0	97.0	6.0
1	8	4	-50.694409765067306	1.0	0.49895178197064993	37237.0	2762.0	1919.0	175.0	78.0	3970.0	1131.0	251.0	179.0	1935.0	61.0	111.0	88.0	97.0	6.0
4	1	8	0.21300172170196405	0.4156628440237974	0.9958333333333333	37237.0	1919.0	3970.0	179.0	111.0	2762.0	175.0	78.0	1131.0	1935.0	88.0	251.0	97.0	61.0	6.0
1	4	9	0.1097191450236089	0.45631600766993374	0.9996087636932708	38598.0	558.0	2956.0	42.0	17.0	4194.0	41.0	25.0	2596.0	522.0	36.0	373.0	16.0	25.0	1.0
1	9	4	-280.2226963902961	1.0	0.5000978665100804	38598.0	2956.0	558.0	42.0	17.0	4194.0	2596.0	373.0	41.0	522.0	16.0	25.0	36.0	25.0	1.0
4	1	9	-0.10967620210970531	0.5436669633854462	1.00039169604387	38598.0	558.0	4194.0	41.0	25.0	2956.0	42.0	17.0	2596.0	522.0	36.0	373.0	25.0	16.0	1.0
1	5	6	-0.40673167217862843	0.6578974157121061	1.0295081967213116	36647.0	2460.0	2733.0	233.0	98.0	3877.0	242.0	172.0	556.0	2467.0	104.0	180.0	94.0	127.0	10.0
1	6	5	-14.597147790410805	1.0	0.4929356357927786	36647.0	2733.0	2460.0	233.0	98.0	3877.0	556.0	180.0	242.0	2467.0	94.0	172.0	104.0	127.0	10.0
5	1	6	0.41838958634935336	0.3378311907060769	0.9728915662650602	36647.0	2460.0	3877.0	242.0	172.0	2733.0	233.0	98.0	556.0	2467.0	104.0	180.0	127.0	94.0	10.0
1	5	7	-1.0472086406046477	0.8524982921117018	1.0414312617702448	36875.0	2232.0	2779.0	200.0	85.0	3937.0	222.0	132.0	775.0	2245.0	107.0	197.0	87.0	116.0	11.0
1	7	5	-27.370225833985092	1.0	0.49024822695035464	36875.0	2779.0	2232.0	200.0	85.0	3937.0	775.0	197.0	222.0	2245.0	87.0	132.0	107.0	116.0	11.0
5	1	7	1.0888697438475088	0.13810570617449258	0.9631490787269682	36875.0	2232.0	3937.0	222.0	132.0	2779.0	200.0	85.0	775.0	2245.0	107.0	197.0	116.0	87.0	11.0
1	5	8	-0.25608953280561747	0.6010590903652782	1.0054054054054054	37204.0	1903.0	2795.0	187.0	82.0	3990.0	192.0	109.0	1122.0	1915.0	90.0	240.0	68.0	95.0	8.0
1	8	5	-47.88874263465052	1.0	0.49865951742627346	37204.0	2795.0	1903.0	187.0	82.0	3990.0	1122.0	240.0	192.0	1915.0	68.0	109.0	90.0	95.0	8.0
5	1	8	0.25746635825080894	0.39840944925816424	0.9946808510638298	37204.0	1903.0	3990.0	192.0	109.0	2795.0	187.0	82.0	1122.0	1915.0	90.0	240.0	95.0	68.0	8.0
1	5	9	-0.43070831301830775	0.6666597280020137	1.0015822784810127	38555.0	552.0	2999.0	41.0	24.0	4220.0	45.0	26.0	2577.0	515.0	35.0	366.0	19.0	25.0	1.0
1	9	5	-273.06907045360623	1.0	0.4996053670086819	38555.0	2999.0	552.0	41.0	24.0	4220.0	2577.0	366.0	45.0	515.0	19.0	26.0	35.0	25.0	1.0
5	1	9	0.4313887368935341	0.3330929039393975	0.9984251968503937	38555.0	552.0	4220.0	45.0	26.0	2999.0	41.0	24.0	2577.0	515.0	35.0	366.0	25.0	19.0	1.0
1	6	7	-1.3840045794302933	0.9168214161193142	1.1565656565656566	37139.0	2241.0	2515.0	198.0	78.0	4249.0	229.0	135.0	458.0	2245.0	100.0	202.0	80.0	121.0	10.0
1	7	6	-11.607780343608916	1.0	0.46830265848670755	37139.0	2515.0	2241.0	198.0	78.0	4249.0	458.0	202.0	229.0	2245.0	80.0	135.0	100.0	121.0	10.0
6	1	7	1.5713589111435642	0.05804966058932581	0.8934707903780069	37139.0	2241.0	4249.0	229.0	135.0	2515.0	198.0	78.0	458.0	2245.0	100.0	202.0	121.0	80.0	10.0
1	6	8	-1.351600068495649	0.9117482930105815	1.0445969125214407	37443.0	1937.0	2556.0	163.0	72.0	4309.0	189.0	115.0	798.0	1925.0	80.0	245.0	61.0	101.0	6.0
1	8	6	-33.010232442105305	1.0	0.4895498392282958	37443.0	2556.0	1937.0	163.0	72.0	4309.0	798.0	245.0	189.0	1925.0	61.0	115.0	80.0	101.0	6.0
6	1	8	1.4093038481030167	0.07937272337960788	0.9606656580937972	37443.0	1937.0	4309.0	189.0	115.0	2556.0	163.0	72.0	798.0	1925.0	80.0	245.0	101.0	61.0	6.0
1	6	9	0.5243817392758646	0.3000065131097711	0.9977426636568849	38831.0	549.0	2723.0	48.0	20.0	4547.0	43.0	23.0	2253.0	518.0	32.0	363.0	18.0	30.0	2.0
1	9	6	-231.25234702065583	1.0	0.5005662514156285	38831.0	2723.0	549.0	48.0	20.0	4547.0	2253.0	363.0	43.0	518.0	18.0	23.0	32.0	30.0	2.0
6	1	9	-0.5231953552503535	0.6995808570125203	1.0022727272727272	38831.0	549.0	4547.0	43.0	23.0	2723.0	48.0	20.0	2253.0	518.0	32.0	363.0	30.0	18.0	2.0
1	7	8	-1.212971104224273	0.8874294996001739	1.0646067415730338	37684.0	1970.0	2315.0	156.0	46.0	4605.0	179.0	125.0	558.0	1935.0	61.0	189.0	61.0	113.0	3.0
1	8	7	-21.200625386876407	1.0	0.4852752880921895	37684.0	2315.0	1970.0	156.0	46.0	4605.0	558.0	189.0	179.0	1935.0	61.0	125.0	61.0	113.0	3.0
7	1	8	1.2865814878579362	0.09912016819750702	0.9458823529411765	37684.0	1970.0	4605.0	179.0	125.0	2315.0	156.0	46.0	558.0	1935.0	61.0	189.0	113.0	61.0	3.0
1	7	9	1.2718271082396517	0.1017173462866775	0.9944331983805668	39094.0	560.0	2460.0	43.0	14.0	4849.0	32.0	28.0	1997.0	530.0	27.0	317.0	17.0	30.0	2.0
1	9	7	-225.92274268184394	1.0	0.501403419239602	39094.0	2460.0	560.0	43.0	14.0	4849.0	1997.0	317.0	32.0	530.0	17.0	28.0	27.0	30.0	2.0
7	1	9	-1.2647074653945445	0.8970118248025627	1.0056613484302626	39094.0	560.0	4849.0	32.0	28.0	2460.0	43.0	14.0	1997.0	530.0	27.0	317.0	30.0	17.0	2.0
1	8	9	0.7347660793332753	0.23124091539184666	0.9955974842767296	39439.0	560.0	2115.0	49.0	8.0	5279.0	42.0	31.0	1625.0	528.0	22.0	259.0	9.0	33.0	1.0
1	9	8	-165.4273344327489	1.0	0.50110794555239	39439.0	2115.0	560.0	49.0	8.0	5279.0	1625.0	259.0	42.0	528.0	9.0	31.0	22.0	33.0	1.0
8	1	9	-0.7315169557986366	0.7677683433287528	1.004461440407903	39439.0	560.0	5279.0	42.0	31.0	2115.0	49.0	8.0	1625.0	528.0	22.0	259.0	33.0	9.0	1.0
2	3	4	0.07151236314788038	0.4714949236725079	0.0	40290.0	1228.0	1338.0	445.0	36.0	1646.0	98.0	29.0	98.0	4500.0	65.0	44.0	65.0	116.0	2.0
2	4	3	0.07151236314788038	0.4714949236725079	0.0	40290.0	1338.0	1228.0	445.0	36.0	1646.0	98.0	44.0	98.0	4500.0	65.0	29.0	65.0	116.0	2.0
3	2	4	-24.779393817860488	1.0	0.5	40290.0	1228.0	1646.0	98.0	29.0	1338.0	445.0	36.0	98.0	4500.0	65.0	44.0	116.0	65.0	2.0
2	3	5	0.5714397052102587	0.2838507737310817	0.022346368715083796	40256.0	1262.0	1341.0	446.0	32.0	1651.0	96.0	26.0	104.0	4488.0	71.0	46.0	66.0	114.0	1.0
2	5	3	-99999.9	1.0	-0.02395209580838323	40256.0	1341.0	1262.0	446.0	32.0	1651.0	104.0	46.0	96.0	4488.0	66.0	26.0	71.0	114.0	1.0
3	2	5	-24.42904739773855	1.0	0.49421965317919075	40256.0	1262.0	1651.0	96.0	26.0	1341.0	446.0	32.0	104.0	4488.0	71.0	46.0	114.0	66.0	1.0
2	3	6	0.0	0.49999999949999996	nan	38818.0	2700.0	1640.0	114.0	65.0	1593.0	114.0	66.0	1819.0	2666.0	178.0	123.0	50.0	47.0	7.0
2	6	3	-112.89162921754429	1.0	0.5	38818.0	1640.0	2700.0	114.0	65.0	1593.0	1819.0	123.0	114.0	2666.0	50.0	66.0	178.0	47.0	7.0
3	2	6	0.0	0.49999999949999996	nan	38818.0	2700.0	1593.0	114.0	66.0	1640.0	114.0	65.0	1819.0	2666.0	178.0	123.0	47.0	50.0	7.0
2	3	7	0.6328418346633382	0.26341840901410407	0.9954221770091557	39086.0	2432.0	1661.0	106.0	52.0	1631.0	97.0	45.0	2054.0	2416.0	193.0	131.0	46.0	44.0	6.0
2	7	3	-136.97509932490914	1.0	0.5011523687580025	39086.0	1661.0	2432.0	106.0	52.0	1631.0	2054.0	131.0	97.0	2416.0	46.0	45.0	193.0	44.0	6.0
3	2	7	-0.629931473645469	0.7356303476210329	1.004641567818463	39086.0	2432.0	1631.0	97.0	45.0	1661.0	106.0	52.0	2054.0	2416.0	193.0	131.0	44.0	46.0	6.0
2	3	8	0.7102773319094887	0.2387660176114681	0.9962041332770982	39430.0	2088.0	1686.0	85.0	48.0	1658.0	76.0	39.0	2438.0	2073.0	152.0	139.0	36.0	43.0	9.0
2	8	3	-185.6980624425586	1.0	0.5009544008483563	39430.0	1686.0	2088.0	85.0	48.0	1658.0	2438.0	139.0	76.0	2073.0	36.0	39.0	152.0	43.0	9.0
3	2	8	-0.7075709407210106	0.7603941972693924	1.003839590443686	39430.0	2088.0	1658.0	76.0	39.0	1686.0	85.0	48.0	2438.0	2073.0	152.0	139.0	43.0	36.0	9.0
2	3	9	-0.7610261410364921	0.7766793399048159	1.0012413108242304	40932.0	586.0	1787.0	19.0	13.0	1740.0	24.0	9.0	4057.0	556.0	50.0	201.0	10.0	14.0	2.0
2	9	3	-614.6047115010706	1.0	0.49969024903977205	40932.0	1787.0	586.0	19.0	13.0	1740.0	4057.0	201.0	24.0	556.0	10.0	9.0	50.0	14.0	2.0
3	2	9	0.7619696398475961	0.2230389956023876	0.9987632945832303	40932.0	586.0	1740.0	24.0	9.0	1787.0	19.0	13.0	4057.0	556.0	50.0	201.0	14.0	10.0	2.0
2	4	5	0.6848298073754409	0.2467255940856512	0.006815968841285297	40974.0	654.0	623.0	1069.0	17.0	1724.0	49.0	15.0	56.0	4570.0	37.0	21.0	31.0	160.0	0.0
2	5	4	-99999.9	1.0	-0.006958250497017893	40974.0	623.0	654.0	1069.0	17.0	1724.0	56.0	21.0	49.0	4570.0	31.0	15.0	37.0	160.0	0.0
4	2	5	-99.1046564101887	1.0	0.49827840629611414	40974.0	654.0	1724.0	49.0	15.0	623.0	1069.0	17.0	56.0	4570.0	37.0	21.0	160.0	31.0	0.0
2	4	6	1.3764862303834633	0.0843356326817194	0.9878260869565217	38927.0	2701.0	1531.0	128.0	50.0	1618.0	107.0	63.0	1811.0	2675.0	177.0	106.0	48.0	49.0	9.0
2	6	4	-110.31553932073177	1.0	0.5031000885739592	38927.0	1531.0	2701.0	128.0	50.0	1618.0	1811.0	106.0	107.0	2675.0	48.0	63.0	177.0	49.0	9.0
4	2	6	-1.3595224916287376	0.913009398200977	1.0126353790613718	38927.0	2701.0	1618.0	107.0	63.0	1531.0	128.0	50.0	1811.0	2675.0	177.0	106.0	49.0	48.0	9.0
2	4	7	1.11833626501193	0.13171175120582568	0.9918905220476432	39210.0	2418.0	1537.0	111.0	61.0	1646.0	95.0	47.0	2052.0	2422.0	189.0	118.0	42.0	47.0	5.0
2	7	4	-135.66816814925988	1.0	0.5020523345305286	39210.0	1537.0	2418.0	111.0	61.0	1646.0	2052.0	118.0	95.0	2422.0	42.0	47.0	189.0	47.0	5.0
4	2	7	-1.109192994577494	0.8663264861429649	1.0083116883116883	39210.0	2418.0	1646.0	95.0	47.0	1537.0	111.0	61.0	2052.0	2422.0	189.0	118.0	47.0	42.0	5.0
2	4	8	0.750731687172952	0.22640700661010005	0.9957698815566836	39542.0	2086.0	1574.0	94.0	41.0	1665.0	84.0	39.0	2438.0	2070.0	155.0	132.0	31.0	43.0	6.0
2	8	4	-175.9715074733399	1.0	0.501064282673478	39542.0	1574.0	2086.0	94.0	41.0	1665.0	2438.0	132.0	84.0	2070.0	31.0	39.0	155.0	43.0	6.0
4	2	8	-0.7475425126310109	0.772631992648402	1.0042844901456727	39542.0	2086.0	1665.0	84.0	39.0	1574.0	94.0	41.0	2438.0	2070.0	155.0	132.0	43.0	31.0	6.0
2	4	9	-0.9026525909099035	0.8166448755284625	1.0014906832298136	41038.0	590.0	1681.0	19.0	9.0	1754.0	25.0	9.0	4056.0	556.0	51.0	188.0	9.0	14.0	1.0
2	9	4	-607.3347515838819	1.0	0.49962816063460586	41038.0	1681.0	590.0	19.0	9.0	1754.0	4056.0	188.0	25.0	556.0	9.0	9.0	51.0	14.0	1.0
4	2	9	0.9039961571578468	0.18299869181852302	0.9985159534998763	41038.0	590.0	1754.0	25.0	9.0	1681.0	19.0	9.0	4056.0	556.0	51.0	188.0	14.0	9.0	1.0
2	5	6	0.25423867137789763	0.3996556450128037	0.9976470588235294	38910.0	2687.0	1548.0	126.0	66.0	1614.0	122.0	65.0	1818.0	2654.0	178.0	103.0	54.0	47.0	8.0
2	6	5	-107.542957992851	1.0	0.500590318772137	38910.0	1548.0	2687.0	126.0	66.0	1614.0	1818.0	103.0	122.0	2654.0	54.0	65.0	178.0	47.0	8.0
5	2	6	-0.2536390518699309	0.600112731486334	1.0023696682464456	38910.0	2687.0	1614.0	122.0	65.0	1548.0	126.0	66.0	1818.0	2654.0	178.0	103.0	47.0	54.0	8.0
2	5	7	0.20375850817451763	0.41927113672406313	0.9984646878198568	39168.0	2429.0	1579.0	110.0	51.0	1644.0	107.0	50.0	2058.0	2405.0	187.0	114.0	47.0	46.0	5.0
2	7	5	-132.30719130798732	1.0	0.5003847140292382	39168.0	1579.0	2429.0	110.0	51.0	1644.0	2058.0	114.0	107.0	2405.0	47.0	50.0	187.0	46.0	5.0
5	2	7	-0.20344519422037943	0.5806064333948977	1.0015424164524422	39168.0	2429.0	1644.0	107.0	50.0	1579.0	110.0	51.0	2058.0	2405.0	187.0	114.0	46.0	47.0	5.0
2	5	8	0.7228747219831927	0.2348783580676912	0.9957573186253712	39525.0	2072.0	1591.0	101.0	48.0	1669.0	91.0	41.0	2438.0	2056.0	156.0	128.0	38.0	40.0	6.0
2	8	5	-168.93582252747234	1.0	0.501067463706234	39525.0	1591.0	2072.0	101.0	48.0	1669.0	2438.0	128.0	91.0	2056.0	38.0	41.0	156.0	40.0	6.0
5	2	8	-0.7197947274285136	0.7641743735469462	1.0042973785990545	39525.0	2072.0	1669.0	91.0	41.0	1591.0	101.0	48.0	2438.0	2056.0	156.0	128.0	40.0	38.0	6.0
2	5	9	-1.7554012230362384	0.960404691603952	1.0027417746759721	41010.0	587.0	1709.0	14.0	17.0	1765.0	25.0	11.0	4048.0	553.0	49.0	185.0	12.0	14.0	1.0
2	9	5	-643.7535030661948	1.0	0.4993173637830458	41010.0	1709.0	587.0	14.0	17.0	1765.0	4048.0	185.0	25.0	553.0	12.0	11.0	49.0	14.0	1.0
5	2	9	1.760200977809641	0.03918682394319373	0.9972805933250927	41010.0	587.0	1765.0	25.0	11.0	1709.0	14.0	17.0	4048.0	553.0	49.0	185.0	14.0	12.0	1.0
2	6	7	-0.352543132241187	0.6377844467646359	1.0281124497991967	38152.0	2306.0	2595.0	188.0	96.0	3236.0	195.0	104.0	451.0	2288.0	91.0	129.0	76.0	88.0	5.0
2	7	6	-13.245549111347415	1.0	0.49325626204238926	38152.0	2595.0	2306.0	188.0	96.0	3236.0	451.0	129.0	195.0	2288.0	76.0	104.0	91.0	88.0	5.0
6	2	7	0.362182983513407	0.35860770968773925	0.9740740740740741	38152.0	2306.0	3236.0	195.0	104.0	2595.0	188.0	96.0	451.0	2288.0	91.0	129.0	88.0	76.0	5.0
2	6	8	-0.6217849789366435	0.7329584227732661	1.0178571428571428	38457.0	2001.0	2659.0	148.0	72.0	3295.0	159.0	81.0	786.0	1964.0	80.0	154.0	62.0	77.0	5.0
2	8	6	-36.0635287783253	1.0	0.49565217391304345	38457.0	2659.0	2001.0	148.0	72.0	3295.0	786.0	154.0	159.0	1964.0	62.0	81.0	80.0	77.0	5.0
6	2	8	0.6326934873390407	0.26346685362623024	0.9830508474576272	38457.0	2001.0	3295.0	159.0	81.0	2659.0	148.0	72.0	786.0	1964.0	80.0	154.0	77.0	62.0	5.0
2	6	9	-0.11241176450992382	0.5447515847858637	1.0004492362982929	39900.0	558.0	2819.0	39.0	21.0	3478.0	40.0	17.0	2267.0	531.0	32.0	253.0	19.0	26.0	0.0
2	9	6	-250.4534113281083	1.0	0.49988776655443323	39900.0	2819.0	558.0	39.0	21.0	3478.0	2267.0	253.0	40.0	531.0	19.0	17.0	32.0	26.0	0.0
6	2	9	0.1124622412789	0.4552284048214448	0.9995513683266039	39900.0	558.0	3478.0	40.0	17.0	2819.0	39.0	21.0	2267.0	531.0	32.0	253.0	26.0	19.0	0.0
2	7	8	-0.6279473048104349	0.7349808265919014	1.0306406685236769	38717.0	2030.0	2399.0	143.0	48.0	3572.0	154.0	90.0	524.0	1972.0	63.0	139.0	59.0	89.0	1.0
2	8	7	-21.74981119388868	1.0	0.492676431424767	38717.0	2399.0	2030.0	143.0	48.0	3572.0	524.0	139.0	154.0	1972.0	59.0	90.0	63.0	89.0	1.0
7	2	8	0.6466160084669614	0.2589401857663607	0.9719387755102041	38717.0	2030.0	3572.0	154.0	90.0	2399.0	143.0	48.0	524.0	1972.0	63.0	139.0	89.0	59.0	1.0
2	7	9	0.6110536429191258	0.2705819821825337	0.9974554707379135	40180.0	567.0	2539.0	36.0	15.0	3763.0	31.0	22.0	1991.0	541.0	27.0	244.0	18.0	26.0	0.0
2	9	7	-238.92197438137836	1.0	0.5006385696040868	40180.0	2539.0	567.0	36.0	15.0	3763.0	1991.0	244.0	31.0	541.0	18.0	22.0	27.0	26.0	0.0
7	2	9	-0.6094948326055565	0.7289018028587144	1.0025641025641026	40180.0	567.0	3763.0	31.0	22.0	2539.0	36.0	15.0	1991.0	541.0	27.0	244.0	26.0	18.0	0.0
2	8	9	-0.11240127841192586	0.5447474277912265	1.0006313131313131	40546.0	570.0	2173.0	39.0	9.0	4172.0	40.0	23.0	1625.0	540.0	20.0	201.0	10.0	31.0	1.0
2	9	8	-178.2684275613136	1.0	0.49984232103437404	40546.0	2173.0	570.0	39.0	9.0	4172.0	1625.0	201.0	40.0	540.0	10.0	23.0	20.0	31.0	1.0
8	2	9	0.11247219404499333	0.45522445928203836	0.9993698802772527	40546.0	570.0	4172.0	40.0	23.0	2173.0	39.0	9.0	1625.0	540.0	20.0	201.0	31.0	10.0	1.0
3	4	5	0.5904041825047607	0.2774598091593351	0.008941877794336812	41277.0	659.0	630.0	714.0	11.0	1421.0	49.0	10.0	55.0	4966.0	40.0	15.0	33.0	119.0	1.0
3	5	4	-99999.9	1.0	-0.009188361408882083	41277.0	630.0	659.0	714.0	11.0	1421.0	55.0	15.0	49.0	4966.0	33.0	10.0	40.0	119.0	1.0
4	3	5	-64.84605937843946	1.0	0.49773413897280966	41277.0	659.0	1421.0	49.0	10.0	630.0	714.0	11.0	55.0	4966.0	40.0	15.0	119.0	33.0	1.0
3	4	6	1.2306413028384255	0.10922859280351083	0.9922817173178967	39182.0	2754.0	1229.0	93.0	33.0	1363.0	77.0	40.0	2134.0	2716.0	211.0	85.0	34.0	43.0	6.0
3	6	4	-156.98368119332656	1.0	0.5019521717911176	39182.0	1229.0	2754.0	93.0	33.0	1363.0	2134.0	85.0	77.0	2716.0	34.0	40.0	211.0	43.0	6.0
4	3	6	-1.221068983516396	0.8889699820279697	1.0079012345679013	39182.0	2754.0	1363.0	77.0	40.0	1229.0	93.0	33.0	2134.0	2716.0	211.0	85.0	43.0	34.0	6.0
3	4	7	0.649676932460718	0.257950401412683	0.9965457685664939	39487.0	2449.0	1230.0	80.0	45.0	1369.0	72.0	39.0	2380.0	2463.0	218.0	97.0	31.0	37.0	3.0
3	7	4	-186.7821180824565	1.0	0.5008680555555555	39487.0	1230.0	2449.0	80.0	45.0	1369.0	2380.0	97.0	72.0	2463.0	31.0	39.0	218.0	37.0	3.0
4	3	7	-0.6474250193499356	0.7413216079176014	1.0034904013961605	39487.0	2449.0	1369.0	72.0	39.0	1230.0	80.0	45.0	2380.0	2463.0	218.0	97.0	37.0	31.0	3.0
3	4	8	0.09088800550119802	0.46379072822030265	0.9996318114874816	39827.0	2109.0	1261.0	61.0	33.0	1380.0	60.0	40.0	2775.0	2116.0	170.0	108.0	25.0	30.0	5.0
3	8	4	-246.67004693025444	1.0	0.5000920979922637	39827.0	1261.0	2109.0	61.0	33.0	1380.0	2775.0	108.0	60.0	2116.0	25.0	40.0	170.0	30.0	5.0
4	3	8	-0.09085452925607787	0.536195971733759	1.0003685956505712	39827.0	2109.0	1380.0	60.0	40.0	1261.0	61.0	33.0	2775.0	2116.0	170.0	108.0	30.0	25.0	5.0
3	4	9	-0.32393579507205983	0.6270066096697648	1.0004525910839557	41343.0	593.0	1329.0	18.0	8.0	1449.0	20.0	11.0	4441.0	565.0	55.0	155.0	4.0	6.0	3.0
3	9	4	-716.3840108018586	1.0	0.4998869289914066	41343.0	1329.0	593.0	18.0	8.0	1449.0	4441.0	155.0	20.0	565.0	4.0	11.0	55.0	6.0	3.0
4	3	9	0.3240823392001178	0.37293791728211567	0.9995480225988701	41343.0	593.0	1449.0	20.0	11.0	1329.0	18.0	8.0	4441.0	565.0	55.0	155.0	6.0	4.0	3.0
3	5	6	0.14747209182588605	0.44137968370416436	0.9990272373540856	39166.0	2741.0	1245.0	93.0	46.0	1358.0	91.0	42.0	2145.0	2692.0	211.0	79.0	44.0	42.0	5.0
3	6	5	-151.30636621335873	1.0	0.5002435460301997	39166.0	1245.0	2741.0	93.0	46.0	1358.0	2145.0	79.0	91.0	2692.0	44.0	42.0	211.0	42.0	5.0
5	3	6	-0.14732849679976542	0.558563649250979	1.0009756097560976	39166.0	2741.0	1358.0	91.0	42.0	1245.0	93.0	46.0	2145.0	2692.0	211.0	79.0	42.0	44.0	5.0
3	5	7	-0.3178321688892961	0.6246938072305942	1.0017383746197306	39446.0	2461.0	1271.0	77.0	36.0	1366.0	81.0	44.0	2386.0	2448.0	214.0	94.0	37.0	36.0	3.0
3	7	5	-183.46861949134552	1.0	0.499566536627655	39446.0	1271.0	2461.0	77.0	36.0	1366.0	2386.0	94.0	81.0	2448.0	37.0	44.0	214.0	36.0	3.0
5	3	7	0.3183837214600368	0.37509701125993633	0.9982706441850411	39446.0	2461.0	1366.0	81.0	44.0	1271.0	77.0	36.0	2386.0	2448.0	214.0	94.0	36.0	37.0	3.0
3	5	8	0.34310927846416045	0.36575819203688065	0.9985256173977147	39810.0	2097.0	1278.0	70.0	36.0	1384.0	66.0	41.0	2775.0	2101.0	172.0	104.0	34.0	26.0	6.0
3	8	5	-232.02764956138884	1.0	0.5003694126339121	39810.0	1278.0	2097.0	70.0	36.0	1384.0	2775.0	104.0	66.0	2101.0	34.0	41.0	172.0	26.0	6.0
5	3	8	-0.342602657159673	0.6340512320545371	1.0014809329877823	39810.0	2097.0	1384.0	66.0	41.0	1278.0	70.0	36.0	2775.0	2101.0	172.0	104.0	26.0	34.0	6.0
3	5	9	-1.215328220737245	0.8878794672616611	1.0015894641235241	41315.0	592.0	1357.0	13.0	14.0	1460.0	20.0	11.0	4431.0	562.0	55.0	154.0	7.0	6.0	3.0
3	9	5	-767.045725602456	1.0	0.4996035791142825	41315.0	1357.0	592.0	13.0	14.0	1460.0	4431.0	154.0	20.0	562.0	7.0	11.0	55.0	6.0	3.0
5	3	9	1.2172568758143612	0.11175331481308381	0.9984180790960452	41315.0	592.0	1460.0	20.0	11.0	1357.0	13.0	14.0	4431.0	562.0	55.0	154.0	6.0	7.0	3.0
3	6	7	-0.8474234206418095	0.8016204699954956	1.0779816513761469	38105.0	2306.0	2612.0	177.0	91.0	3283.0	194.0	105.0	429.0	2298.0	100.0	134.0	74.0	89.0	3.0
3	7	6	-12.561806000102118	1.0	0.48254620123203285	38105.0	2612.0	2306.0	177.0	91.0	3283.0	429.0	134.0	194.0	2298.0	74.0	105.0	100.0	89.0	3.0
6	3	7	0.9087263914967489	0.18174725889272214	0.9368029739776952	38105.0	2306.0	3283.0	194.0	105.0	2612.0	177.0	91.0	429.0	2298.0	100.0	134.0	89.0	74.0	3.0
3	6	8	-1.3629704154375561	0.9135540215342078	1.0407470288624787	38420.0	1991.0	2668.0	136.0	76.0	3332.0	160.0	90.0	773.0	1979.0	75.0	158.0	62.0	74.0	6.0
3	8	6	-36.175506443071804	1.0	0.4904	38420.0	2668.0	1991.0	136.0	76.0	3332.0	773.0	158.0	160.0	1979.0	62.0	90.0	75.0	74.0	6.0
6	3	8	1.4163330418168407	0.07833906016989034	0.9636913767019667	38420.0	1991.0	3332.0	160.0	90.0	2668.0	136.0	76.0	773.0	1979.0	75.0	158.0	74.0	62.0	6.0
3	6	9	0.22640703199374337	0.41044247231092024	0.9991003148897886	39854.0	557.0	2818.0	40.0	22.0	3524.0	38.0	20.0	2259.0	535.0	33.0	262.0	16.0	21.0	1.0
3	9	6	-251.1986019970573	1.0	0.5002252252252252	39854.0	2818.0	557.0	40.0	22.0	3524.0	2259.0	262.0	38.0	535.0	16.0	20.0	33.0	21.0	1.0
6	3	9	-0.2262031535317949	0.5894782483964048	1.0009021199819577	39854.0	557.0	3524.0	38.0	20.0	2818.0	40.0	22.0	2259.0	535.0	33.0	262.0	21.0	16.0	1.0
3	7	8	-1.096171889047489	0.8634981772857151	1.0542857142857143	38692.0	2025.0	2396.0	132.0	46.0	3597.0	151.0	98.0	520.0	1987.0	59.0	146.0	63.0	85.0	3.0
3	8	7	-22.384983839496083	1.0	0.48745046235138706	38692.0	2396.0	2025.0	132.0	46.0	3597.0	520.0	146.0	151.0	1987.0	63.0	98.0	59.0	85.0	3.0
7	3	8	1.1526143440390941	0.12453441367432494	0.9533169533169533	38692.0	2025.0	3597.0	151.0	98.0	2396.0	132.0	46.0	520.0	1987.0	59.0	146.0	85.0	63.0	3.0
3	7	9	1.1532398770253345	0.12440602732255446	0.9954476479514416	40148.0	569.0	2524.0	35.0	15.0	3795.0	26.0	25.0	1994.0	546.0	26.0	256.0	17.0	22.0	2.0
3	9	7	-251.02187989918082	1.0	0.5011459129106188	40148.0	2524.0	569.0	35.0	15.0	3795.0	1994.0	256.0	26.0	546.0	17.0	25.0	26.0	22.0	2.0
7	3	9	-1.1479659141730845	0.8745086260871655	1.0046153846153847	40148.0	569.0	3795.0	26.0	25.0	2524.0	35.0	15.0	1994.0	546.0	26.0	256.0	22.0	17.0	2.0
3	8	9	0.43666912127323504	0.3311756954101728	0.9975062344139651	40522.0	566.0	2150.0	44.0	9.0	4196.0	40.0	27.0	1640.0	541.0	20.0	209.0	8.0	25.0	3.0
3	9	8	-174.23097938802087	1.0	0.5006257822277848	40522.0	2150.0	566.0	44.0	9.0	4196.0	1640.0	209.0	40.0	541.0	8.0	27.0	20.0	25.0	3.0
8	3	9	-0.43557744847005203	0.6684282993141761	1.0025125628140703	40522.0	566.0	4196.0	40.0	27.0	2150.0	44.0	9.0	1640.0	541.0	20.0	209.0	25.0	8.0	3.0
4	5	6	-1.6012917834123443	0.9453438467711421	1.0055452865064696	39890.0	2808.0	655.0	36.0	27.0	634.0	51.0	15.0	2771.0	2775.0	253.0	43.0	26.0	16.0	0.0
4	6	5	-291.9688685088506	1.0	0.49862511457378556	39890.0	655.0	2808.0	36.0	27.0	634.0	2771.0	43.0	51.0	2775.0	26.0	15.0	253.0	16.0	0.0
5	4	6	1.6101224366296918	0.053685561443654994	0.9945454545454545	39890.0	2808.0	634.0	51.0	15.0	655.0	36.0	27.0	2771.0	2775.0	253.0	43.0	16.0	26.0	0.0
4	5	7	-1.5997035026367217	0.945167813068167	1.0047185709470845	40181.0	2517.0	675.0	31.0	12.0	631.0	45.0	24.0	3026.0	2515.0	258.0	50.0	20.0	15.0	0.0
4	7	5	-342.2222850283551	1.0	0.4988286479250335	40181.0	675.0	2517.0	31.0	12.0	631.0	3026.0	50.0	45.0	2515.0	20.0	24.0	258.0	15.0	0.0
5	4	7	1.6072163671241133	0.05400345383901706	0.9953472914589565	40181.0	2517.0	631.0	45.0	24.0	675.0	31.0	12.0	3026.0	2515.0	258.0	50.0	15.0	20.0	0.0
4	5	8	0.12795020332192408	0.4490941541495507	0.9997068308413954	40542.0	2156.0	665.0	31.0	22.0	652.0	30.0	18.0	3440.0	2155.0	204.0	52.0	22.0	11.0	0.0
4	8	5	-436.18224312443897	1.0	0.5000733245343892	40542.0	665.0	2156.0	31.0	22.0	652.0	3440.0	52.0	30.0	2155.0	22.0	18.0	204.0	11.0	0.0
5	4	8	-0.127912681268164	0.5508909987440258	1.000293427230047	40542.0	2156.0	652.0	30.0	18.0	665.0	31.0	22.0	3440.0	2155.0	204.0	52.0	11.0	22.0	0.0
4	5	9	-1.0877226910170847	0.8616411856527801	1.000971250971251	42092.0	606.0	700.0	8.0	10.0	683.0	13.0	4.0	5166.0	570.0	63.0	76.0	6.0	3.0	0.0
4	9	5	-1122.094728053209	1.0	0.499757540490738	42092.0	700.0	606.0	8.0	10.0	683.0	5166.0	76.0	13.0	570.0	6.0	4.0	63.0	3.0	0.0
5	4	9	1.0887781176530416	0.13812591275912445	0.9990315707921751	42092.0	606.0	683.0	13.0	4.0	700.0	8.0	10.0	5166.0	570.0	63.0	76.0	3.0	6.0	0.0
4	6	7	-1.2762424609146676	0.8990650197583124	1.1135371179039302	38252.0	2293.0	2604.0	171.0	96.0	3136.0	197.0	115.0	452.0	2308.0	92.0	119.0	75.0	85.0	5.0
4	7	6	-13.793235827577762	1.0	0.4757462686567164	38252.0	2604.0	2293.0	171.0	96.0	3136.0	452.0	119.0	197.0	2308.0	75.0	115.0	92.0	85.0	5.0
6	4	7	1.406369143204006	0.07980732231405963	0.9153094462540716	38252.0	2293.0	3136.0	197.0	115.0	2604.0	171.0	96.0	452.0	2308.0	92.0	119.0	85.0	75.0	5.0
4	6	8	-1.23253078021337	0.8911244942610356	1.0358306188925082	38553.0	1992.0	2654.0	142.0	75.0	3199.0	164.0	85.0	800.0	1978.0	74.0	145.0	65.0	69.0	5.0
4	8	6	-36.86387515365443	1.0	0.49149922720247297	38553.0	2654.0	1992.0	142.0	75.0	3199.0	800.0	145.0	164.0	1978.0	65.0	85.0	74.0	69.0	5.0
6	4	8	1.2751654927364742	0.10112540485714638	0.9676470588235294	38553.0	1992.0	3199.0	164.0	85.0	2654.0	142.0	75.0	800.0	1978.0	74.0	145.0	69.0	65.0	5.0
4	6	9	0.44729233897780374	0.3273320256741368	0.9982222222222222	39986.0	559.0	2806.0	42.0	23.0	3392.0	38.0	18.0	2284.0	535.0	33.0	249.0	16.0	19.0	0.0
4	9	6	-250.70735599705878	1.0	0.500445632798574	39986.0	2806.0	559.0	42.0	23.0	3392.0	2284.0	249.0	38.0	535.0	16.0	18.0	33.0	19.0	0.0
6	4	9	-0.44649573641506507	0.6723803769128631	1.0017873100983021	39986.0	559.0	3392.0	38.0	18.0	2806.0	42.0	23.0	2284.0	535.0	33.0	249.0	19.0	16.0	0.0
4	7	8	-1.403283327936702	0.9197337622158839	1.0714285714285714	38830.0	2026.0	2377.0	134.0	49.0	3459.0	159.0	89.0	534.0	1987.0	59.0	151.0	61.0	83.0	2.0
4	8	7	-22.452533246987226	1.0	0.4838709677419355	38830.0	2377.0	2026.0	134.0	49.0	3459.0	534.0	151.0	159.0	1987.0	61.0	89.0	59.0	83.0	2.0
7	4	8	1.496835549799149	0.06721805743158238	0.9411764705882353	38830.0	2026.0	3459.0	159.0	89.0	2377.0	134.0	49.0	534.0	1987.0	59.0	151.0	83.0	61.0	2.0
4	7	9	1.1348275831051413	0.12822383665280634	0.9954796584630838	40284.0	572.0	2508.0	36.0	16.0	3659.0	27.0	21.0	2009.0	545.0	26.0	257.0	17.0	22.0	1.0
4	9	7	-248.77942460738348	1.0	0.5011378002528446	40284.0	2508.0	572.0	36.0	16.0	3659.0	2009.0	257.0	27.0	545.0	17.0	21.0	26.0	22.0	1.0
7	4	9	-1.129674481062787	0.8706932409318769	1.0045824847250509	40284.0	572.0	3659.0	27.0	21.0	2508.0	36.0	16.0	2009.0	545.0	26.0	257.0	22.0	17.0	1.0
4	8	9	0.4366678932766805	0.3311761407610532	0.9975124378109452	40636.0	571.0	2156.0	44.0	9.0	4082.0	40.0	22.0	1644.0	542.0	21.0	199.0	7.0	24.0	3.0
4	9	8	-174.66715731067205	1.0	0.5006242197253433	40636.0	2156.0	571.0	44.0	9.0	4082.0	1644.0	199.0	40.0	542.0	7.0	22.0	21.0	24.0	3.0
8	4	9	-0.4355789459119007	0.6684288426416191	1.0025062656641603	40636.0	571.0	4082.0	40.0	22.0	2156.0	44.0	9.0	1644.0	542.0	21.0	199.0	24.0	7.0	3.0
5	6	7	-0.44993119188507386	0.6736199467029068	1.037344398340249	38221.0	2303.0	2591.0	188.0	95.0	3167.0	197.0	105.0	447.0	2288.0	92.0	137.0	76.0	88.0	5.0
5	7	6	-12.948019855359352	1.0	0.4911591355599214	38221.0	2591.0	2303.0	188.0	95.0	3167.0	447.0	137.0	197.0	2288.0	76.0	105.0	92.0	88.0	5.0
6	5	7	0.46612871479293644	0.3205617021672992	0.9664179104477612	38221.0	2303.0	3167.0	197.0	105.0	2591.0	188.0	95.0	447.0	2288.0	92.0	137.0	88.0	76.0	5.0
5	6	8	-1.1387747008837559	0.872601377605051	1.0352348993288591	38548.0	1976.0	2646.0	153.0	75.0	3204.0	174.0	91.0	791.0	1960.0	76.0	162.0	63.0	76.0	5.0
5	8	6	-34.59705996018268	1.0	0.49163346613545816	38548.0	2646.0	1976.0	153.0	75.0	3204.0	791.0	162.0	174.0	1960.0	63.0	91.0	76.0	76.0	5.0
6	5	8	1.1775336453222633	0.11949135001345068	0.9681335356600911	38548.0	1976.0	3204.0	174.0	91.0	2646.0	153.0	75.0	791.0	1960.0	76.0	162.0	76.0	63.0	5.0
5	6	9	1.0135139596791378	0.1554073809278339	0.9959767545820295	39966.0	558.0	2809.0	44.0	21.0	3412.0	35.0	22.0	2263.0	530.0	34.0	267.0	16.0	22.0	1.0
5	9	6	-249.88749739199957	1.0	0.5010119181470654	39966.0	2809.0	558.0	44.0	21.0	3412.0	2263.0	267.0	35.0	530.0	16.0	22.0	34.0	22.0	1.0
6	5	9	-1.0094198727684054	0.8436133306310042	1.0040723981900452	39966.0	558.0	3412.0	35.0	22.0	2809.0	44.0	21.0	2263.0	530.0	34.0	267.0	22.0	16.0	1.0
5	7	8	-1.2095034439315229	0.886765189742566	1.0650887573964498	38799.0	2013.0	2395.0	143.0	48.0	3490.0	165.0	96.0	525.0	1973.0	63.0	142.0	59.0	88.0	1.0
5	8	7	-21.00137798099281	1.0	0.48517520215633425	38799.0	2395.0	2013.0	143.0	48.0	3490.0	525.0	142.0	165.0	1973.0	59.0	96.0	63.0	88.0	1.0
7	5	8	1.2834175432828936	0.09967298399691149	0.9455445544554455	38799.0	2013.0	3490.0	165.0	96.0	2395.0	143.0	48.0	525.0	1973.0	63.0	142.0	88.0	59.0	1.0
5	7	9	1.7521095228844514	0.039877446187427834	0.9929435483870968	40245.0	567.0	2530.0	39.0	17.0	3698.0	25.0	28.0	1995.0	540.0	26.0	249.0	16.0	24.0	1.0
5	9	7	-244.79473048299863	1.0	0.5017829852266938	40245.0	2530.0	567.0	39.0	17.0	3698.0	1995.0	249.0	25.0	540.0	16.0	28.0	26.0	24.0	1.0
7	5	9	-1.7396579831279124	0.9590404938082375	1.007209062821833	40245.0	567.0	3698.0	25.0	28.0	2530.0	39.0	17.0	1995.0	540.0	26.0	249.0	24.0	16.0	1.0
5	8	9	1.0015578453929068	0.15827860507283786	0.9944203347799132	40625.0	569.0	2150.0	45.0	9.0	4093.0	36.0	28.0	1640.0	537.0	20.0	209.0	8.0	28.0	3.0
5	9	8	-177.49830704463182	1.0	0.5014066895904971	40625.0	2150.0	569.0	45.0	9.0	4093.0	1640.0	209.0	36.0	537.0	8.0	28.0	20.0	28.0	3.0
8	5	9	-0.9959381317965627	0.8403598884457433	1.0056746532156369	40625.0	569.0	4093.0	36.0	28.0	2150.0	45.0	9.0	1640.0	537.0	20.0	209.0	28.0	8.0	3.0
6	7	8	-0.24205840805742745	0.5956324959634895	1.0106951871657754	39327.0	2061.0	2425.0	133.0	47.0	2962.0	137.0	76.0	515.0	1989.0	60.0	122.0	63.0	82.0	1.0
6	8	7	-23.116577969484258	1.0	0.49736842105263157	39327.0	2425.0	2061.0	133.0	47.0	2962.0	515.0	122.0	137.0	1989.0	63.0	76.0	60.0	82.0	1.0
7	6	8	0.24461987269295582	0.40337544017370286	0.9896373056994818	39327.0	2061.0	2962.0	137.0	76.0	2425.0	133.0	47.0	515.0	1989.0	60.0	122.0	82.0	63.0	1.0
6	7	9	0.2539170158690676	0.3997798910469367	0.9989785495403473	40821.0	567.0	2557.0	32.0	16.0	3122.0	30.0	23.0	1986.0	551.0	27.0	231.0	15.0	20.0	2.0
6	9	7	-248.07692450407868	1.0	0.5002557544757033	40821.0	2557.0	567.0	32.0	16.0	3122.0	1986.0	231.0	30.0	551.0	15.0	23.0	27.0	20.0	2.0
7	6	9	-0.2536573870184857	0.600119814585784	1.0010245901639345	40821.0	567.0	3122.0	30.0	23.0	2557.0	32.0	16.0	1986.0	551.0	27.0	231.0	20.0	15.0	2.0
6	8	9	0.11107685480954704	0.4557776515420966	0.9993674889310563	41187.0	565.0	2191.0	41.0	9.0	3531.0	40.0	28.0	1620.0	548.0	21.0	188.0	8.0	21.0	2.0
6	9	8	-175.39035374427453	1.0	0.5001582779360557	41187.0	2191.0	565.0	41.0	9.0	3531.0	1620.0	188.0	40.0	548.0	8.0	28.0	21.0	21.0	2.0
8	6	9	-0.11100655300270557	0.5441944745234844	1.0006337135614702	41187.0	565.0	3531.0	40.0	28.0	2191.0	41.0	9.0	1620.0	548.0	21.0	188.0	21.0	8.0	2.0
7	8	9	-0.7477326979376328	0.772689365950776	1.0037950664136623	41709.0	580.0	2234.0	29.0	11.0	3009.0	35.0	18.0	1622.0	561.0	21.0	143.0	7.0	20.0	1.0
7	9	8	-198.52303130244172	1.0	0.4990566037735849	41709.0	2234.0	580.0	29.0	11.0	3009.0	1622.0	143.0	35.0	561.0	7.0	18.0	21.0	20.0	1.0
8	7	9	0.7505596646595141	0.22645878392131535	0.9962476547842402	41709.0	580.0	3009.0	35.0	18.0	2234.0	29.0	11.0	1622.0	561.0	21.0	143.0	20.0	7.0	1.0
