P1	Hybrid	P2	Zscore	Pvalue	Gamma	AAAA	AAAB	AABA	AABB	AABC	ABAA	ABAB	ABAC	ABBA	BAAA	ABBC	CABC	BACA	BCAA	ABCD
1	2	3	1.7282059895304225	0.041975613467821304	0.9754879709487063	69797.0	4633.0	6906.0	526.0	245.0	8216.0	472.0	295.0	2621.0	4705.0	293.0	660.0	277.0	320.0	34.0
1	3	2	-67.04799163085626	1.0	0.5063619227144203	69797.0	6906.0	4633.0	526.0	245.0	8216.0	2621.0	660.0	472.0	4705.0	277.0	295.0	293.0	320.0	34.0
2	1	3	-1.6847796873272383	0.9539844826300405	1.0264576188143066	69797.0	4633.0	8216.0	472.0	295.0	6906.0	526.0	245.0	2621.0	4705.0	293.0	660.0	320.0	277.0	34.0
1	2	4	0.7577300230474657	0.22430624377153063	0.9887271019257867	69809.0	4621.0	6924.0	519.0	234.0	8201.0	495.0	287.0	2600.0	4721.0	298.0	640.0	288.0	326.0	37.0
1	4	2	-65.70150741507406	1.0	0.5028666985188724	69809.0	6924.0	4621.0	519.0	234.0	8201.0	2600.0	640.0	495.0	4721.0	288.0	287.0	298.0	326.0	37.0
2	1	4	-0.7490908208844542	0.7730988344179903	1.0116674769081186	69809.0	4621.0	8201.0	495.0	287.0	6924.0	519.0	234.0	2600.0	4721.0	298.0	640.0	326.0	288.0	37.0
1	2	5	0.2836386074617925	0.38834373942835376	0.9956958393113343	69746.0	4684.0	6932.0	510.0	235.0	8191.0	501.0	291.0	2583.0	4724.0	312.0	645.0	284.0	325.0	37.0
1	5	2	-65.3314259186997	1.0	0.5010830324909747	69746.0	6932.0	4684.0	510.0	235.0	8191.0	2583.0	645.0	501.0	4724.0	284.0	291.0	312.0	325.0	37.0
2	1	5	-0.2824125039713236	0.6111863202753	1.004360465116279	69746.0	4684.0	8191.0	501.0	291.0	6932.0	510.0	235.0	2583.0	4724.0	312.0	645.0	325.0	284.0	37.0
1	2	6	-1.16871179301011	0.8787400553225195	1.018981018981019	69773.0	4657.0	6959.0	499.0	219.0	8178.0	537.0	268.0	2577.0	4733.0	309.0	658.0	281.0	319.0	33.0
1	6	2	-63.91008173355298	1.0	0.4953861097620204	69773.0	6959.0	4657.0	499.0	219.0	8178.0	2577.0	658.0	537.0	4733.0	281.0	268.0	309.0	319.0	33.0
2	1	6	1.190481914644612	0.11692858066460554	0.9820415879017014	69773.0	4657.0	8178.0	537.0	268.0	6959.0	499.0	219.0	2577.0	4733.0	309.0	658.0	319.0	281.0	33.0
1	2	7	-0.282418491070321	0.6111886154033597	1.0043186180422266	69758.0	4672.0	6938.0	501.0	238.0	8204.0	510.0	269.0	2603.0	4707.0	309.0	661.0	293.0	308.0	29.0
1	7	2	-65.96040758109066	1.0	0.49892729439809297	69758.0	6938.0	4672.0	501.0	238.0	8204.0	2603.0	661.0	510.0	4707.0	293.0	269.0	309.0	308.0	29.0
2	1	7	0.28363290407540126	0.38834592504151866	0.995736617716722	69758.0	4672.0	8204.0	510.0	269.0	6938.0	501.0	238.0	2603.0	4707.0	309.0	661.0	308.0	293.0	29.0
1	2	8	0.125235891139587	0.4501683633407898	0.9980732177263969	69717.0	4713.0	6947.0	513.0	217.0	8208.0	509.0	266.0	2581.0	4731.0	307.0	665.0	290.0	308.0	28.0
1	8	2	-64.74695571916773	1.0	0.5004830917874395	69717.0	6947.0	4713.0	513.0	217.0	8208.0	2581.0	665.0	509.0	4731.0	290.0	266.0	307.0	308.0	28.0
2	1	8	-0.12499412300997388	0.5497359372970498	1.001937984496124	69717.0	4713.0	8208.0	509.0	266.0	6947.0	513.0	217.0	2581.0	4731.0	307.0	665.0	308.0	290.0	28.0
1	2	9	0.033926776354258864	0.48646771343023776	0.9996424740793708	70262.0	4168.0	6991.0	435.0	251.0	8315.0	434.0	234.0	3230.0	4102.0	287.0	721.0	243.0	291.0	36.0
1	9	2	-94.82533991014917	1.0	0.5000894294401717	70262.0	6991.0	4168.0	435.0	251.0	8315.0	3230.0	721.0	434.0	4102.0	243.0	234.0	287.0	291.0	36.0
2	1	9	-0.033914642314074935	0.5135274485611543	1.0003579098067288	70262.0	4168.0	8315.0	434.0	234.0	6991.0	435.0	251.0	3230.0	4102.0	287.0	721.0	291.0	243.0	36.0
1	3	4	-99999.9	1.0	-0.0906200317965024	72635.0	4068.0	4098.0	1131.0	175.0	10718.0	445.0	334.0	388.0	4922.0	144.0	335.0	137.0	452.0	18.0
1	4	3	2.0376630432085268	0.020791753632139143	0.07125	72635.0	4098.0	4068.0	1131.0	175.0	10718.0	388.0	335.0	445.0	4922.0	137.0	334.0	144.0	452.0	18.0
3	1	4	-24.523453467386823	1.0	0.5199440167949614	72635.0	4068.0	10718.0	445.0	334.0	4098.0	1131.0	175.0	388.0	4922.0	144.0	335.0	452.0	137.0	18.0
1	3	5	-99999.9	1.0	-0.1008	72597.0	4106.0	4081.0	1139.0	184.0	10700.0	451.0	346.0	388.0	4917.0	149.0	331.0	141.0	453.0	17.0
1	5	3	2.248937529729294	0.012258196453316272	0.07739557739557738	72597.0	4081.0	4106.0	1139.0	184.0	10700.0	388.0	331.0	451.0	4917.0	141.0	346.0	149.0	453.0	17.0
3	1	5	-24.559825721488178	1.0	0.5218902015288395	72597.0	4106.0	10700.0	451.0	346.0	4081.0	1139.0	184.0	388.0	4917.0	149.0	331.0	453.0	141.0	17.0
1	3	6	-99999.9	1.0	-0.20772058823529413	72625.0	4078.0	4107.0	1138.0	159.0	10707.0	481.0	309.0	368.0	4934.0	152.0	338.0	136.0	455.0	13.0
1	6	3	4.0629845764047525	2.4237063655840885e-05	0.12797281993204984	72625.0	4107.0	4078.0	1138.0	159.0	10707.0	368.0	338.0	481.0	4934.0	136.0	309.0	152.0	455.0	13.0
3	1	6	-23.622839528300187	1.0	0.539593552908199	72625.0	4078.0	10707.0	481.0	309.0	4107.0	1138.0	159.0	368.0	4934.0	152.0	338.0	455.0	136.0	13.0
1	3	7	-99999.9	1.0	-0.0888529886914378	72578.0	4125.0	4118.0	1116.0	170.0	10746.0	442.0	309.0	387.0	4916.0	151.0	335.0	152.0	437.0	18.0
1	7	3	1.9702593964009745	0.02440425548065217	0.07015306122448979	72578.0	4118.0	4125.0	1116.0	170.0	10746.0	387.0	335.0	442.0	4916.0	152.0	309.0	151.0	437.0	18.0
3	1	7	-24.14463333044104	1.0	0.51960085531005	72578.0	4125.0	10746.0	442.0	309.0	4118.0	1116.0	170.0	387.0	4916.0	151.0	335.0	437.0	152.0	18.0
1	3	8	-99999.9	1.0	-0.13636363636363635	72543.0	4160.0	4121.0	1129.0	154.0	10746.0	454.0	297.0	373.0	4928.0	153.0	335.0	148.0	444.0	15.0
1	8	3	2.9297022457001165	0.0016965027300649416	0.09677419354838708	72543.0	4121.0	4160.0	1129.0	154.0	10746.0	373.0	335.0	454.0	4928.0	148.0	297.0	153.0	444.0	15.0
3	1	8	-24.414185380834308	1.0	0.5283018867924528	72543.0	4160.0	10746.0	454.0	297.0	4121.0	1129.0	154.0	373.0	4928.0	153.0	335.0	444.0	148.0	15.0
1	3	9	1.0638630261332684	0.1436954104304493	0.9537313432835821	72465.0	4238.0	4788.0	459.0	157.0	10759.0	428.0	310.0	1067.0	4218.0	169.0	440.0	133.0	343.0	26.0
1	9	3	-20.865442577065423	1.0	0.51242983159583	72465.0	4788.0	4238.0	459.0	157.0	10759.0	1067.0	440.0	428.0	4218.0	133.0	310.0	169.0	343.0	26.0
3	1	9	-1.0122515178232039	0.8442910807041077	1.0537261698440208	72465.0	4238.0	10759.0	428.0	310.0	4788.0	459.0	157.0	1067.0	4218.0	169.0	440.0	343.0	133.0	26.0
1	4	5	-99999.9	1.0	-0.0014708972473208657	76156.0	577.0	522.0	4820.0	32.0	11335.0	54.0	52.0	47.0	5432.0	25.0	37.0	23.0	886.0	2.0
1	5	4	0.6966210041369946	0.2430199350294754	0.0014644351464435145	76156.0	522.0	577.0	4820.0	32.0	11335.0	47.0	37.0	54.0	5432.0	23.0	52.0	25.0	886.0	2.0
4	1	5	-474.299386530991	1.0	0.5003669147709403	76156.0	577.0	11335.0	54.0	52.0	522.0	4820.0	32.0	47.0	5432.0	25.0	37.0	886.0	23.0	2.0
1	4	6	-99999.9	1.0	-0.03691709844559586	73496.0	3237.0	3236.0	1982.0	156.0	10811.0	381.0	249.0	324.0	5061.0	119.0	278.0	109.0	543.0	18.0
1	6	4	2.1769926728051066	0.01474050513509273	0.03323615160349855	73496.0	3236.0	3237.0	1982.0	156.0	10811.0	324.0	278.0	381.0	5061.0	109.0	249.0	119.0	543.0	18.0
4	1	6	-61.14675910808729	1.0	0.5087450138079166	73496.0	3237.0	10811.0	381.0	249.0	3236.0	1982.0	156.0	324.0	5061.0	119.0	278.0	543.0	109.0	18.0
1	4	7	-99999.9	1.0	-0.0018621973929236497	73444.0	3289.0	3252.0	1958.0	164.0	10852.0	344.0	245.0	341.0	5041.0	122.0	275.0	125.0	531.0	17.0
1	7	4	0.11472108225166848	0.45433305459679585	0.001851851851851852	73444.0	3252.0	3289.0	1958.0	164.0	10852.0	341.0	275.0	344.0	5041.0	125.0	245.0	122.0	531.0	17.0
4	1	7	-61.719942251397484	1.0	0.500464252553389	73444.0	3289.0	10852.0	344.0	245.0	3252.0	1958.0	164.0	341.0	5041.0	122.0	275.0	531.0	125.0	17.0
1	4	8	-99999.9	1.0	-0.014631043256997456	73412.0	3321.0	3252.0	1957.0	165.0	10839.0	362.0	240.0	339.0	5050.0	115.0	276.0	118.0	537.0	17.0
1	8	4	0.8743763685382642	0.19095662272861258	0.014015843997562463	73412.0	3252.0	3321.0	1957.0	165.0	10839.0	339.0	276.0	362.0	5050.0	118.0	240.0	115.0	537.0	17.0
4	1	8	-60.63610033993625	1.0	0.5035792094615624	73412.0	3321.0	10839.0	362.0	240.0	3252.0	1957.0	165.0	339.0	5050.0	115.0	276.0	537.0	118.0	17.0
1	4	9	0.899695854178574	0.1841410358094311	0.9642365887207703	72497.0	4236.0	4756.0	445.0	173.0	10711.0	419.0	311.0	1120.0	4212.0	172.0	435.0	148.0	343.0	22.0
1	9	4	-23.357488521943687	1.0	0.5094476744186047	72497.0	4756.0	4236.0	445.0	173.0	10711.0	1120.0	435.0	419.0	4212.0	148.0	311.0	172.0	343.0	22.0
4	1	9	-0.8663262504572572	0.8068444038652414	1.0400616332819723	72497.0	4236.0	10711.0	419.0	311.0	4756.0	445.0	173.0	1120.0	4212.0	172.0	435.0	343.0	148.0	22.0
1	5	6	-99999.9	1.0	-0.03363518758085382	73444.0	3234.0	3288.0	1976.0	165.0	10795.0	378.0	246.0	326.0	5062.0	121.0	292.0	111.0	543.0	19.0
1	6	5	1.9856074167014397	0.02353839690402193	0.030552291421856642	73444.0	3288.0	3234.0	1976.0	165.0	10795.0	326.0	292.0	378.0	5062.0	111.0	246.0	121.0	543.0	19.0
5	1	6	-61.01924330555576	1.0	0.5080049261083743	73444.0	3234.0	10795.0	378.0	246.0	3288.0	1976.0	165.0	326.0	5062.0	121.0	292.0	543.0	111.0	19.0
1	5	7	0.19103947149615633	0.42424735230116994	0.003094059405940594	73386.0	3292.0	3310.0	1952.0	167.0	10834.0	341.0	244.0	346.0	5041.0	122.0	288.0	128.0	530.0	19.0
1	7	5	-99999.9	1.0	-0.003123048094940662	73386.0	3310.0	3292.0	1952.0	167.0	10834.0	346.0	288.0	341.0	5041.0	128.0	244.0	122.0	530.0	19.0
5	1	7	-61.36187824456527	1.0	0.49922287845819086	73386.0	3292.0	10834.0	341.0	244.0	3310.0	1952.0	167.0	346.0	5041.0	122.0	288.0	530.0	128.0	19.0
1	5	8	-99999.9	1.0	-0.009511731135066582	73357.0	3321.0	3307.0	1950.0	172.0	10821.0	358.0	240.0	343.0	5050.0	116.0	290.0	122.0	534.0	19.0
1	8	5	0.5690251627626153	0.28466949619088755	0.009247842170160296	73357.0	3307.0	3321.0	1950.0	172.0	10821.0	343.0	290.0	358.0	5050.0	122.0	240.0	116.0	534.0	19.0
5	1	8	-60.39253727453891	1.0	0.5023444826508283	73357.0	3321.0	10821.0	358.0	240.0	3307.0	1950.0	172.0	343.0	5050.0	116.0	290.0	534.0	122.0	19.0
1	5	9	0.7938355728943385	0.2136455189699904	0.9686221009549796	72435.0	4243.0	4818.0	444.0	167.0	10688.0	421.0	310.0	1131.0	4207.0	171.0	447.0	151.0	344.0	23.0
1	9	5	-23.711523416452614	1.0	0.5082319255547603	72435.0	4818.0	4243.0	444.0	167.0	10688.0	1131.0	447.0	421.0	4207.0	151.0	310.0	171.0	344.0	23.0
5	1	9	-0.7681197726456488	0.7787920503047516	1.0346385542168675	72435.0	4243.0	10688.0	421.0	310.0	4818.0	444.0	167.0	1131.0	4207.0	171.0	447.0	344.0	151.0	23.0
1	6	7	2.427276972303692	0.007606317789829564	0.023957042544403142	74080.0	2652.0	2616.0	2625.0	134.0	10945.0	262.0	206.0	320.0	5133.0	98.0	203.0	115.0	591.0	20.0
1	7	6	-99999.9	1.0	-0.0258121940364931	74080.0	2616.0	2652.0	2625.0	134.0	10945.0	320.0	203.0	262.0	5133.0	115.0	206.0	98.0	591.0	20.0
6	1	7	-96.46333484758634	1.0	0.49378748928877464	74080.0	2652.0	10945.0	262.0	206.0	2616.0	2625.0	134.0	320.0	5133.0	98.0	203.0	591.0	115.0	20.0
1	6	8	1.3275620767514724	0.09216147550886322	0.013524936601859678	74047.0	2685.0	2617.0	2612.0	146.0	10937.0	278.0	198.0	310.0	5143.0	98.0	207.0	109.0	600.0	13.0
1	8	6	-99999.9	1.0	-0.01409691629955947	74047.0	2617.0	2685.0	2612.0	146.0	10937.0	310.0	207.0	278.0	5143.0	109.0	198.0	98.0	600.0	13.0
6	1	8	-95.50149689630909	1.0	0.49654874892148404	74047.0	2685.0	10937.0	278.0	198.0	2617.0	2612.0	146.0	310.0	5143.0	98.0	207.0	600.0	109.0	13.0
1	6	9	1.1646807198469122	0.12207418752795196	0.9578544061302682	72471.0	4261.0	4782.0	434.0	159.0	10698.0	401.0	314.0	1151.0	4226.0	174.0	417.0	152.0	340.0	20.0
1	9	6	-25.30533564031022	1.0	0.5112474437627812	72471.0	4782.0	4261.0	434.0	159.0	10698.0	1151.0	417.0	401.0	4226.0	152.0	314.0	174.0	340.0	20.0
6	1	9	-1.113434768173648	0.8672390772138358	1.0482456140350878	72471.0	4261.0	10698.0	401.0	314.0	4782.0	434.0	159.0	1151.0	4226.0	174.0	417.0	340.0	152.0	20.0
1	7	8	-99999.9	1.0	-0.004986287708800798	75503.0	1193.0	1161.0	4172.0	78.0	11239.0	141.0	88.0	121.0	5342.0	47.0	94.0	47.0	769.0	5.0
1	8	7	1.2379466722872954	0.1078679855424558	0.0049127978383689515	75503.0	1161.0	1193.0	4172.0	78.0	11239.0	121.0	94.0	141.0	5342.0	47.0	88.0	47.0	769.0	5.0
7	1	8	-249.50815179950445	1.0	0.5012373174956694	75503.0	1193.0	11239.0	141.0	88.0	1161.0	4172.0	78.0	121.0	5342.0	47.0	94.0	769.0	47.0	5.0
1	7	9	1.669495602203528	0.04750957959087165	0.936	72476.0	4220.0	4777.0	462.0	172.0	10742.0	414.0	312.0	1116.0	4205.0	189.0	408.0	160.0	331.0	16.0
1	9	7	-22.74687758002305	1.0	0.5176991150442478	72476.0	4777.0	4220.0	462.0	172.0	10742.0	1116.0	408.0	414.0	4205.0	160.0	312.0	189.0	331.0	16.0
7	1	9	-1.555342056753714	0.9400676737033122	1.0792079207920793	72476.0	4220.0	10742.0	414.0	312.0	4777.0	462.0	172.0	1116.0	4205.0	189.0	408.0	331.0	160.0	16.0
1	8	9	2.087786098826117	0.0184085033070297	0.9248407643312102	72438.0	4226.0	4815.0	456.0	172.0	10744.0	397.0	313.0	1123.0	4223.0	184.0	399.0	159.0	335.0	16.0
1	9	8	-23.602598778254563	1.0	0.5211773151471644	72438.0	4815.0	4226.0	456.0	172.0	10744.0	1123.0	399.0	397.0	4223.0	159.0	313.0	184.0	335.0	16.0
8	1	9	-1.9181175315661432	0.9724520122674785	1.0970394736842106	72438.0	4226.0	10744.0	397.0	313.0	4815.0	456.0	172.0	1123.0	4223.0	184.0	399.0	335.0	159.0	16.0
2	3	4	-99999.9	1.0	-0.0550314465408805	73898.0	4115.0	4112.0	1113.0	175.0	9455.0	442.0	290.0	407.0	4996.0	148.0	302.0	128.0	396.0	23.0
2	4	3	1.2278987080217656	0.10974256473811461	0.04723346828609987	73898.0	4112.0	4115.0	1113.0	175.0	9455.0	407.0	302.0	442.0	4996.0	128.0	290.0	148.0	396.0	23.0
3	2	4	-23.540572373788734	1.0	0.5127087872185911	73898.0	4115.0	9455.0	442.0	290.0	4112.0	1113.0	175.0	407.0	4996.0	148.0	302.0	396.0	128.0	23.0
2	3	5	-99999.9	1.0	-0.05271317829457365	73850.0	4163.0	4087.0	1123.0	190.0	9447.0	444.0	296.0	410.0	4988.0	153.0	303.0	127.0	398.0	21.0
2	5	3	1.1884341981701043	0.11733125822280233	0.04551539491298527	73850.0	4087.0	4163.0	1123.0	190.0	9447.0	410.0	303.0	444.0	4988.0	127.0	296.0	153.0	398.0	21.0
3	2	5	-23.733730016397075	1.0	0.512212643678161	73850.0	4163.0	9447.0	444.0	296.0	4087.0	1123.0	190.0	410.0	4988.0	153.0	303.0	398.0	127.0	21.0
2	3	6	-99999.9	1.0	-0.029325513196480937	73836.0	4177.0	4115.0	1121.0	164.0	9496.0	419.0	272.0	399.0	5001.0	151.0	299.0	131.0	405.0	14.0
2	6	3	0.7083659608170957	0.23935894324779616	0.026954177897574125	73836.0	4115.0	4177.0	1121.0	164.0	9496.0	399.0	299.0	419.0	5001.0	131.0	272.0	151.0	405.0	14.0
3	2	6	-24.863645224680113	1.0	0.5070224719101123	73836.0	4177.0	9496.0	419.0	272.0	4115.0	1121.0	164.0	399.0	5001.0	151.0	299.0	405.0	131.0	14.0
2	3	7	0.3160618032414213	0.37597786809698563	0.01276595744680851	73840.0	4173.0	4122.0	1102.0	176.0	9484.0	406.0	297.0	415.0	4976.0	160.0	303.0	134.0	391.0	21.0
2	7	3	-99999.9	1.0	-0.01327433628318584	73840.0	4122.0	4173.0	1102.0	176.0	9484.0	415.0	303.0	406.0	4976.0	134.0	297.0	160.0	391.0	21.0
3	2	7	-24.126050980761644	1.0	0.4967462039045553	73840.0	4173.0	9484.0	406.0	297.0	4122.0	1102.0	176.0	415.0	4976.0	160.0	303.0	391.0	134.0	21.0
2	3	8	-99999.9	1.0	-0.03129657228017883	73802.0	4211.0	4123.0	1115.0	162.0	9487.0	423.0	277.0	402.0	4994.0	155.0	304.0	135.0	392.0	18.0
2	8	3	0.7411971957040568	0.2292868731317702	0.028610354223433245	73802.0	4123.0	4211.0	1115.0	162.0	9487.0	402.0	304.0	423.0	4994.0	135.0	277.0	155.0	392.0	18.0
3	2	8	-24.42421235367652	1.0	0.5074733096085409	73802.0	4211.0	9487.0	423.0	277.0	4123.0	1115.0	162.0	402.0	4994.0	155.0	304.0	392.0	135.0	18.0
2	3	9	0.6940409319804964	0.24382820135218908	0.9708454810495627	73769.0	4244.0	4808.0	437.0	155.0	9455.0	417.0	315.0	1083.0	4287.0	181.0	404.0	124.0	296.0	25.0
2	9	3	-22.41752210296998	1.0	0.5076219512195121	73769.0	4808.0	4244.0	437.0	155.0	9455.0	1083.0	404.0	417.0	4287.0	124.0	315.0	181.0	296.0	25.0
3	2	9	-0.673198861951052	0.7495896737890266	1.0319488817891374	73769.0	4244.0	9455.0	417.0	315.0	4808.0	437.0	155.0	1083.0	4287.0	181.0	404.0	296.0	124.0	25.0
2	4	5	0.2955422779269379	0.3837898981559307	0.0006242197253433209	77419.0	591.0	518.0	4853.0	32.0	10072.0	50.0	42.0	53.0	5487.0	26.0	35.0	22.0	798.0	2.0
2	5	4	-99999.9	1.0	-0.0006253908692933083	77419.0	518.0	591.0	4853.0	32.0	10072.0	53.0	35.0	50.0	5487.0	22.0	42.0	26.0	798.0	2.0
4	2	5	-472.8676446831044	1.0	0.499843798812871	77419.0	591.0	10072.0	50.0	42.0	518.0	4853.0	32.0	53.0	5487.0	26.0	35.0	798.0	22.0	2.0
2	4	6	0.11749589930761858	0.4532335019143754	0.0018170805572380378	74670.0	3340.0	3281.0	1973.0	149.0	9637.0	325.0	202.0	328.0	5115.0	123.0	229.0	111.0	498.0	19.0
2	6	4	-99999.9	1.0	-0.0018270401948842874	74670.0	3281.0	3340.0	1973.0	149.0	9637.0	328.0	229.0	325.0	5115.0	111.0	202.0	123.0	498.0	19.0
4	2	6	-64.42691812034398	1.0	0.49954448830853326	74670.0	3340.0	9637.0	325.0	202.0	3281.0	1973.0	149.0	328.0	5115.0	123.0	229.0	498.0	111.0	19.0
2	4	7	1.568667634083414	0.058362711179509974	0.023823704586063133	74676.0	3334.0	3286.0	1951.0	166.0	9620.0	312.0	232.0	352.0	5088.0	126.0	230.0	116.0	491.0	20.0
2	7	4	-99999.9	1.0	-0.025657472738935212	74676.0	3286.0	3334.0	1951.0	166.0	9620.0	352.0	230.0	312.0	5088.0	116.0	232.0	126.0	491.0	20.0
4	2	7	-62.70748867248444	1.0	0.49382334774552195	74676.0	3334.0	9620.0	312.0	232.0	3286.0	1951.0	166.0	352.0	5088.0	126.0	230.0	491.0	116.0	20.0
2	4	8	0.4645321916481216	0.321133268289683	0.0073846153846153844	74636.0	3374.0	3289.0	1943.0	171.0	9615.0	330.0	219.0	342.0	5108.0	116.0	236.0	114.0	493.0	14.0
2	8	4	-99999.9	1.0	-0.007551919446192575	74636.0	3289.0	3374.0	1943.0	171.0	9615.0	342.0	236.0	330.0	5108.0	114.0	219.0	116.0	493.0	14.0
4	2	8	-61.97633656905358	1.0	0.4981331673926571	74636.0	3374.0	9615.0	330.0	219.0	3289.0	1943.0	171.0	342.0	5108.0	116.0	236.0	493.0	114.0	14.0
2	4	9	0.4587929925521633	0.32319143444780574	0.9820193637621023	73759.0	4251.0	4818.0	415.0	170.0	9449.0	402.0	313.0	1112.0	4276.0	178.0	381.0	150.0	309.0	17.0
2	9	4	-24.59836275452738	1.0	0.5046197583511016	73759.0	4818.0	4251.0	415.0	170.0	9449.0	1112.0	381.0	402.0	4276.0	150.0	313.0	178.0	309.0	17.0
4	2	9	-0.4503925574772645	0.6737862695604375	1.0190058479532165	73759.0	4251.0	9449.0	402.0	313.0	4818.0	415.0	170.0	1112.0	4276.0	178.0	381.0	309.0	150.0	17.0
2	5	6	-99999.9	1.0	-0.0006086427267194157	74607.0	3330.0	3344.0	1969.0	163.0	9632.0	325.0	203.0	324.0	5113.0	122.0	238.0	113.0	499.0	18.0
2	6	5	0.03926230141818777	0.48434056983703755	0.0006075334143377886	74607.0	3344.0	3330.0	1969.0	163.0	9632.0	324.0	238.0	325.0	5113.0	113.0	203.0	122.0	499.0	18.0
5	2	6	-64.54722353150329	1.0	0.5001520218911524	74607.0	3330.0	9632.0	325.0	203.0	3344.0	1969.0	163.0	324.0	5113.0	122.0	238.0	499.0	113.0	18.0
2	5	7	1.4873506501878924	0.06846114507696943	0.022686567164179102	74609.0	3328.0	3353.0	1951.0	172.0	9611.0	314.0	235.0	352.0	5082.0	125.0	239.0	120.0	490.0	19.0
2	7	5	-99999.9	1.0	-0.024343369634849458	74609.0	3353.0	3328.0	1951.0	172.0	9611.0	352.0	239.0	314.0	5082.0	120.0	235.0	125.0	490.0	19.0
5	2	7	-62.586149727643125	1.0	0.4941285537700866	74609.0	3328.0	9611.0	314.0	235.0	3353.0	1951.0	172.0	352.0	5082.0	125.0	239.0	490.0	120.0	19.0
2	5	8	0.38689055015416696	0.3494186730717863	0.0061766522544780735	74571.0	3366.0	3354.0	1940.0	182.0	9607.0	331.0	222.0	341.0	5103.0	115.0	245.0	118.0	491.0	14.0
2	8	5	-99999.9	1.0	-0.0062932662051604785	74571.0	3354.0	3366.0	1940.0	182.0	9607.0	341.0	245.0	331.0	5103.0	118.0	222.0	115.0	491.0	14.0
5	2	8	-61.8637989696514	1.0	0.4984413965087282	74571.0	3366.0	9607.0	331.0	222.0	3354.0	1940.0	182.0	341.0	5103.0	115.0	245.0	491.0	118.0	14.0
2	5	9	0.45880989955515855	0.3231853633376601	0.9819444444444444	73679.0	4258.0	4898.0	415.0	163.0	9444.0	402.0	314.0	1109.0	4272.0	178.0	389.0	154.0	308.0	17.0
2	9	5	-24.493390022406	1.0	0.5046395431834404	73679.0	4898.0	4258.0	415.0	163.0	9444.0	1109.0	389.0	402.0	4272.0	154.0	314.0	178.0	308.0	17.0
5	2	9	-0.45037350819134364	0.6737794029534433	1.0190895741556534	73679.0	4258.0	9444.0	402.0	314.0	4898.0	415.0	163.0	1109.0	4272.0	178.0	389.0	308.0	154.0	17.0
2	6	7	1.3657504661303872	0.08600870994745824	0.01285240464344942	75269.0	2682.0	2693.0	2626.0	143.0	9756.0	245.0	193.0	276.0	5170.0	105.0	170.0	101.0	553.0	18.0
2	7	6	-99999.9	1.0	-0.013367830961621387	75269.0	2693.0	2682.0	2626.0	143.0	9756.0	276.0	170.0	245.0	5170.0	101.0	193.0	105.0	553.0	18.0
6	2	7	-103.5326966260133	1.0	0.49672373705347705	75269.0	2682.0	9756.0	245.0	193.0	2693.0	2626.0	143.0	276.0	5170.0	105.0	170.0	553.0	101.0	18.0
2	6	8	0.04360718587210488	0.48260869759729874	0.0	75227.0	2724.0	2698.0	2612.0	152.0	9757.0	263.0	174.0	263.0	5188.0	100.0	173.0	101.0	555.0	13.0
2	8	6	0.04360718587210488	0.48260869759729874	0.0	75227.0	2698.0	2724.0	2612.0	152.0	9757.0	263.0	173.0	263.0	5188.0	101.0	174.0	100.0	555.0	13.0
6	2	8	-102.41153270033763	1.0	0.5	75227.0	2724.0	9757.0	263.0	174.0	2698.0	2612.0	152.0	263.0	5188.0	100.0	173.0	555.0	101.0	13.0
2	6	9	0.5654993529383633	0.2858670480088481	0.9776223776223776	73689.0	4262.0	4888.0	417.0	157.0	9480.0	401.0	313.0	1100.0	4271.0	180.0	362.0	156.0	312.0	12.0
2	9	6	-24.13975362855644	1.0	0.5057887120115774	73689.0	4888.0	4262.0	417.0	157.0	9480.0	1100.0	362.0	401.0	4271.0	156.0	313.0	180.0	312.0	12.0
6	2	9	-0.5525551617409187	0.7097160020492401	1.0239880059970015	73689.0	4262.0	9480.0	401.0	313.0	4888.0	417.0	157.0	1100.0	4271.0	180.0	362.0	312.0	156.0	12.0
2	7	8	-99999.9	1.0	-0.005949429846306396	76758.0	1204.0	1167.0	4203.0	81.0	9984.0	145.0	73.0	121.0	5356.0	39.0	88.0	51.0	724.0	6.0
2	8	7	1.4747923801355374	0.07013422195340224	0.0058451047247929854	76758.0	1167.0	1204.0	4203.0	81.0	9984.0	121.0	88.0	145.0	5356.0	51.0	73.0	39.0	724.0	6.0
7	2	8	-249.36281160791702	1.0	0.5014742014742015	76758.0	1204.0	9984.0	145.0	73.0	1167.0	4203.0	81.0	121.0	5356.0	39.0	88.0	724.0	51.0	6.0
2	7	9	1.023521167476985	0.153030767268455	0.958273381294964	73729.0	4233.0	4848.0	432.0	171.0	9489.0	403.0	310.0	1069.0	4262.0	185.0	384.0	163.0	304.0	18.0
2	9	7	-22.482171851132442	1.0	0.511128165771297	73729.0	4848.0	4233.0	432.0	171.0	9489.0	1069.0	384.0	403.0	4262.0	163.0	310.0	185.0	304.0	18.0
7	2	9	-0.9789534289532126	0.8361985028763832	1.0476973684210527	73729.0	4233.0	9489.0	403.0	310.0	4848.0	432.0	171.0	1069.0	4262.0	185.0	384.0	304.0	163.0	18.0
2	8	9	1.289337193179721	0.09864051134487117	0.9506849315068493	73689.0	4236.0	4888.0	426.0	174.0	9493.0	390.0	310.0	1084.0	4282.0	186.0	365.0	156.0	306.0	15.0
2	9	8	-23.566218697562675	1.0	0.5133136094674556	73689.0	4888.0	4236.0	426.0	174.0	9493.0	1084.0	365.0	390.0	4282.0	156.0	310.0	186.0	306.0	15.0
8	2	9	-1.2224551485767383	0.8892321554162731	1.0578778135048232	73689.0	4236.0	9493.0	390.0	310.0	4888.0	426.0	174.0	1084.0	4282.0	186.0	365.0	306.0	156.0	15.0
3	4	5	-99999.9	1.0	-0.00166270783847981	82741.0	612.0	556.0	4261.0	30.0	4750.0	44.0	27.0	37.0	6442.0	26.0	13.0	23.0	435.0	3.0
3	5	4	0.7778305684125126	0.21833438794201587	0.0016544552115339162	82741.0	556.0	612.0	4261.0	30.0	4750.0	37.0	13.0	44.0	6442.0	23.0	27.0	26.0	435.0	3.0
4	3	5	-468.5873581422244	1.0	0.5004146428148324	82741.0	612.0	4750.0	44.0	27.0	556.0	4261.0	30.0	37.0	6442.0	26.0	13.0	435.0	23.0	3.0
3	4	6	-99999.9	1.0	-0.027484143763213533	79834.0	3519.0	3498.0	1218.0	131.0	4473.0	246.0	102.0	220.0	6151.0	134.0	120.0	130.0	217.0	7.0
3	6	4	1.218081855437898	0.11159650081705652	0.025390625	79834.0	3498.0	3519.0	1218.0	131.0	4473.0	220.0	120.0	246.0	6151.0	130.0	102.0	134.0	217.0	7.0
4	3	6	-45.537521672524534	1.0	0.5065989847715736	79834.0	3519.0	4473.0	246.0	102.0	3498.0	1218.0	131.0	220.0	6151.0	134.0	120.0	217.0	130.0	7.0
3	4	7	0.5031531738791294	0.3074282888741524	0.011167512690355331	79820.0	3533.0	3504.0	1210.0	133.0	4476.0	236.0	109.0	247.0	6105.0	153.0	117.0	128.0	215.0	14.0
3	7	4	-99999.9	1.0	-0.011554621848739496	79820.0	3504.0	3533.0	1210.0	133.0	4476.0	247.0	117.0	236.0	6105.0	128.0	109.0	153.0	215.0	14.0
4	3	7	-44.04877331323655	1.0	0.4971605575632421	79820.0	3533.0	4476.0	236.0	109.0	3504.0	1210.0	133.0	247.0	6105.0	153.0	117.0	215.0	128.0	14.0
3	4	8	-99999.9	1.0	-0.01282051282051282	79778.0	3575.0	3511.0	1202.0	134.0	4473.0	254.0	94.0	242.0	6120.0	143.0	114.0	127.0	222.0	11.0
3	8	4	0.5419530213188435	0.2939254115904607	0.01234567901234568	79778.0	3511.0	3575.0	1202.0	134.0	4473.0	242.0	114.0	254.0	6120.0	127.0	94.0	143.0	222.0	11.0
4	3	8	-42.814288684188526	1.0	0.5031446540880503	79778.0	3575.0	4473.0	254.0	94.0	3511.0	1202.0	134.0	242.0	6120.0	143.0	114.0	222.0	127.0	11.0
3	4	9	-0.04354082184121363	0.5173648520693771	1.0007199424046076	78788.0	4565.0	4436.0	263.0	148.0	4420.0	264.0	137.0	1654.0	4628.0	223.0	221.0	128.0	109.0	16.0
3	9	4	-60.56528318112798	1.0	0.4998202085580726	78788.0	4436.0	4565.0	263.0	148.0	4420.0	1654.0	221.0	264.0	4628.0	128.0	137.0	223.0	109.0	16.0
4	3	9	0.04357214617347349	0.482622663160605	0.9992816091954023	78788.0	4565.0	4420.0	264.0	137.0	4436.0	263.0	148.0	1654.0	4628.0	223.0	221.0	109.0	128.0	16.0
3	5	6	-99999.9	1.0	-0.021119324181626188	79788.0	3509.0	3544.0	1215.0	144.0	4451.0	248.0	101.0	228.0	6147.0	134.0	134.0	132.0	219.0	6.0
3	6	5	0.9250436551079784	0.17747158031436483	0.019860973187686197	79788.0	3544.0	3509.0	1215.0	144.0	4451.0	228.0	134.0	248.0	6147.0	132.0	101.0	134.0	219.0	6.0
5	3	6	-44.725860724470714	1.0	0.5051177072671443	79788.0	3509.0	4451.0	248.0	101.0	3544.0	1215.0	144.0	228.0	6147.0	134.0	134.0	219.0	132.0	6.0
3	5	7	0.9511604786056971	0.1707614493756936	0.021233569261880688	79768.0	3529.0	3556.0	1206.0	141.0	4452.0	238.0	110.0	259.0	6099.0	151.0	129.0	132.0	218.0	12.0
3	7	5	-99999.9	1.0	-0.02267818574514039	79768.0	3556.0	3529.0	1206.0	141.0	4452.0	259.0	129.0	238.0	6099.0	132.0	110.0	151.0	218.0	12.0
5	3	7	-42.89280824950457	1.0	0.4945169712793734	79768.0	3529.0	4452.0	238.0	110.0	3556.0	1206.0	141.0	259.0	6099.0	151.0	129.0	218.0	132.0	12.0
3	5	8	-99999.9	1.0	-0.003198294243070362	79730.0	3567.0	3559.0	1198.0	146.0	4448.0	257.0	95.0	254.0	6113.0	142.0	127.0	131.0	223.0	10.0
3	8	5	0.1329074072065037	0.4471332722152166	0.0031678986272439284	79730.0	3559.0	3567.0	1198.0	146.0	4448.0	254.0	127.0	257.0	6113.0	131.0	95.0	142.0	223.0	10.0
5	3	8	-41.68862339377323	1.0	0.5007957559681697	79730.0	3567.0	4448.0	257.0	95.0	3559.0	1198.0	146.0	254.0	6113.0	142.0	127.0	223.0	131.0	10.0
3	5	9	-0.08763422558965753	0.5349163644660366	1.0014306151645207	78723.0	4574.0	4501.0	259.0	143.0	4400.0	261.0	139.0	1661.0	4626.0	222.0	234.0	133.0	110.0	14.0
3	9	5	-61.43159213834976	1.0	0.49964311206281226	78723.0	4501.0	4574.0	259.0	143.0	4400.0	1661.0	234.0	261.0	4626.0	133.0	139.0	222.0	110.0	14.0
5	3	9	0.0877594173404999	0.4650338829941161	0.9985754985754985	78723.0	4574.0	4400.0	261.0	139.0	4501.0	259.0	143.0	1661.0	4626.0	222.0	234.0	110.0	133.0	14.0
3	6	7	1.7597047664078205	0.03922889454066736	0.018665158371040724	80468.0	2864.0	2856.0	1897.0	115.0	4557.0	162.0	94.0	195.0	6198.0	134.0	88.0	109.0	254.0	9.0
3	7	6	-99999.9	1.0	-0.019772318753744758	80468.0	2856.0	2864.0	1897.0	115.0	4557.0	195.0	88.0	162.0	6198.0	109.0	94.0	134.0	254.0	9.0
6	3	7	-90.75810643715485	1.0	0.49519930171661336	80468.0	2864.0	4557.0	162.0	94.0	2856.0	1897.0	115.0	195.0	6198.0	134.0	88.0	254.0	109.0	9.0
3	6	8	0.522656225109824	0.3006067396491192	0.005824111822947001	80428.0	2904.0	2861.0	1886.0	121.0	4556.0	179.0	78.0	189.0	6210.0	128.0	84.0	112.0	259.0	5.0
3	8	6	-99999.9	1.0	-0.005927682276229994	80428.0	2861.0	2904.0	1886.0	121.0	4556.0	189.0	84.0	179.0	6210.0	112.0	78.0	128.0	259.0	5.0
6	3	8	-88.69476140113724	1.0	0.4985311398354877	80428.0	2904.0	4556.0	179.0	78.0	2861.0	1886.0	121.0	189.0	6210.0	128.0	84.0	259.0	112.0	5.0
3	6	9	0.13415722639937908	0.4466390931293108	0.9978813559322034	78741.0	4591.0	4483.0	252.0	133.0	4428.0	249.0	136.0	1662.0	4636.0	229.0	205.0	135.0	112.0	8.0
3	9	6	-63.05389640770802	1.0	0.5005313496280552	78741.0	4483.0	4591.0	252.0	133.0	4428.0	1662.0	205.0	249.0	4636.0	135.0	136.0	229.0	112.0	8.0
6	3	9	-0.1338723915237965	0.5532482902920528	1.0021321961620469	78741.0	4591.0	4428.0	249.0	136.0	4483.0	252.0	133.0	1662.0	4636.0	229.0	205.0	112.0	135.0	8.0
3	7	8	-99999.9	1.0	-0.007558139534883721	82036.0	1288.0	1253.0	3563.0	60.0	4706.0	97.0	37.0	71.0	6345.0	53.0	52.0	59.0	375.0	5.0
3	8	7	2.010475550883699	0.022190371866349423	0.007390562819783968	82036.0	1253.0	1288.0	3563.0	60.0	4706.0	71.0	52.0	97.0	6345.0	59.0	37.0	53.0	375.0	5.0
7	3	8	-268.0118561293426	1.0	0.5018683529749928	82036.0	1288.0	4706.0	97.0	37.0	1253.0	3563.0	60.0	71.0	6345.0	53.0	52.0	375.0	59.0	5.0
3	7	9	1.2700335171813193	0.10203641444015565	0.9794472005669738	78773.0	4551.0	4451.0	280.0	145.0	4445.0	251.0	144.0	1633.0	4612.0	224.0	217.0	157.0	106.0	11.0
3	9	7	-59.25363271539052	1.0	0.5053016453382084	78773.0	4451.0	4551.0	280.0	145.0	4445.0	1633.0	217.0	251.0	4612.0	157.0	144.0	224.0	106.0	11.0
7	3	9	-1.2433830309307705	0.8931365715224129	1.0219033232628398	78773.0	4551.0	4445.0	251.0	144.0	4451.0	280.0	145.0	1633.0	4612.0	224.0	217.0	106.0	157.0	11.0
3	8	9	1.5121630009699745	0.06524622662577517	0.9763888888888889	78734.0	4555.0	4490.0	275.0	146.0	4448.0	241.0	140.0	1647.0	4628.0	226.0	200.0	151.0	111.0	8.0
3	9	8	-61.02022462737668	1.0	0.5061195104391648	78734.0	4490.0	4555.0	275.0	146.0	4448.0	1647.0	200.0	241.0	4628.0	151.0	140.0	226.0	111.0	8.0
8	3	9	-1.4755957591257505	0.9299737413420508	1.0254110612855007	78734.0	4555.0	4448.0	241.0	140.0	4490.0	275.0	146.0	1647.0	4628.0	226.0	200.0	111.0	151.0	8.0
4	5	6	-0.22623642270082553	0.5894911855505927	1.0006220839813376	83679.0	3812.0	628.0	38.0	17.0	560.0	40.0	6.0	3257.0	7516.0	365.0	21.0	30.0	27.0	4.0
4	6	5	-364.12752233697853	1.0	0.4998446239900559	83679.0	628.0	3812.0	38.0	17.0	560.0	3257.0	21.0	40.0	7516.0	30.0	6.0	365.0	27.0	4.0
5	4	6	0.22637707325892364	0.4104541217050792	0.999379074821484	83679.0	3812.0	560.0	40.0	6.0	628.0	38.0	17.0	3257.0	7516.0	365.0	21.0	27.0	30.0	4.0
4	5	7	-0.3556062176824445	0.6389321927564893	1.0009225092250922	83665.0	3826.0	631.0	34.0	18.0	555.0	37.0	14.0	3292.0	7463.0	383.0	21.0	30.0	26.0	5.0
4	7	5	-386.18835240313604	1.0	0.4997696913864578	83665.0	631.0	3826.0	34.0	18.0	555.0	3292.0	21.0	37.0	7463.0	30.0	14.0	383.0	26.0	5.0
5	4	7	0.35593396534851124	0.3609450731822501	0.9990800367985281	83665.0	3826.0	555.0	37.0	14.0	631.0	34.0	18.0	3292.0	7463.0	383.0	21.0	26.0	30.0	5.0
4	5	8	-0.47075558975928494	0.6810923447102419	1.001231527093596	83622.0	3869.0	629.0	34.0	20.0	556.0	38.0	12.0	3290.0	7474.0	374.0	21.0	32.0	26.0	3.0
4	8	5	-383.1950500640588	1.0	0.4996926859250153	83622.0	629.0	3869.0	34.0	20.0	556.0	3290.0	21.0	38.0	7474.0	32.0	12.0	374.0	26.0	3.0
5	4	8	0.47133462492504064	0.318700910645054	0.9987730061349693	83622.0	3869.0	556.0	38.0	12.0	629.0	34.0	20.0	3290.0	7474.0	374.0	21.0	26.0	32.0	3.0
4	5	9	-0.23549501559612365	0.5930876785751555	1.0003519267992258	82577.0	4914.0	631.0	35.0	17.0	546.0	37.0	23.0	5722.0	4944.0	472.0	43.0	19.0	16.0	4.0
4	9	5	-669.6300768475796	1.0	0.4999120647203658	82577.0	631.0	4914.0	35.0	17.0	546.0	5722.0	43.0	37.0	4944.0	19.0	23.0	472.0	16.0	4.0
5	4	9	0.23557786344681708	0.4068801741664376	0.9996484443663209	82577.0	4914.0	546.0	37.0	23.0	631.0	35.0	17.0	5722.0	4944.0	472.0	43.0	16.0	19.0	4.0
4	6	7	1.8386604930492074	0.03298251006430841	0.04556962025316456	81441.0	2866.0	2855.0	935.0	77.0	3584.0	181.0	73.0	217.0	7220.0	149.0	67.0	129.0	194.0	12.0
4	7	6	-99999.9	1.0	-0.05278592375366569	81441.0	2855.0	2866.0	935.0	77.0	3584.0	217.0	67.0	181.0	7220.0	129.0	73.0	149.0	194.0	12.0
6	4	7	-36.671062055814744	1.0	0.4877717391304348	81441.0	2866.0	3584.0	181.0	73.0	2855.0	935.0	77.0	217.0	7220.0	149.0	67.0	194.0	129.0	12.0
4	6	8	1.7072891033827662	0.04388413386885026	0.0423076923076923	81393.0	2914.0	2858.0	924.0	85.0	3591.0	177.0	70.0	210.0	7237.0	139.0	66.0	130.0	194.0	12.0
4	8	6	-99999.9	1.0	-0.04845814977973569	81393.0	2858.0	2914.0	924.0	85.0	3591.0	210.0	66.0	177.0	7237.0	130.0	70.0	139.0	194.0	12.0
6	4	8	-36.93952787319077	1.0	0.4887063655030801	81393.0	2914.0	3591.0	177.0	70.0	2858.0	924.0	85.0	210.0	7237.0	139.0	66.0	194.0	130.0	12.0
4	6	9	0.29664155746911786	0.3833701578594335	0.9975093399750934	79651.0	4656.0	3557.0	208.0	102.0	3518.0	202.0	118.0	2605.0	4694.0	287.0	188.0	104.0	98.0	12.0
4	9	6	-118.50830220891235	1.0	0.500625	79651.0	3557.0	4656.0	208.0	102.0	3518.0	2605.0	188.0	202.0	4694.0	104.0	118.0	287.0	98.0	12.0
6	4	9	-0.2959008794230027	0.6163470424432655	1.002509410288582	79651.0	4656.0	3518.0	202.0	118.0	3557.0	208.0	102.0	2605.0	4694.0	287.0	188.0	98.0	104.0	12.0
4	7	8	-99999.9	1.0	-0.0008041817450743868	83001.0	1295.0	1250.0	2580.0	48.0	3741.0	91.0	36.0	89.0	7384.0	57.0	37.0	69.0	319.0	3.0
4	8	7	0.14908829253190922	0.44074196387854325	0.0008022462896109106	83001.0	1250.0	1295.0	2580.0	48.0	3741.0	89.0	37.0	91.0	7384.0	69.0	36.0	57.0	319.0	3.0
7	4	8	-185.54038005596138	1.0	0.5002008032128514	83001.0	1295.0	3741.0	91.0	36.0	1250.0	2580.0	48.0	89.0	7384.0	57.0	37.0	319.0	69.0	3.0
4	7	9	1.2341783782708744	0.10856828907900873	0.9891440501043841	79681.0	4615.0	3527.0	237.0	114.0	3537.0	211.0	120.0	2580.0	4664.0	286.0	194.0	125.0	97.0	12.0
4	9	7	-111.21845924187149	1.0	0.5027589134125637	79681.0	3527.0	4615.0	237.0	114.0	3537.0	2580.0	194.0	211.0	4664.0	125.0	120.0	286.0	97.0	12.0
7	4	9	-1.2206331533510593	0.8888874591956457	1.0112214069917997	79681.0	4615.0	3537.0	211.0	120.0	3527.0	237.0	114.0	2580.0	4664.0	286.0	194.0	97.0	125.0	12.0
4	8	9	1.5482024955945155	0.06078679082511251	0.9867054424594931	79637.0	4614.0	3571.0	232.0	120.0	3545.0	200.0	122.0	2575.0	4684.0	285.0	191.0	116.0	98.0	10.0
4	9	8	-113.357451474311	1.0	0.503391267486223	79637.0	3571.0	4614.0	232.0	120.0	3545.0	2575.0	191.0	200.0	4684.0	116.0	122.0	285.0	98.0	10.0
8	4	9	-1.5273425040749262	0.9366620455427721	1.0138468195586325	79637.0	4614.0	3545.0	200.0	122.0	3571.0	232.0	120.0	2575.0	4684.0	285.0	191.0	98.0	116.0	10.0
5	6	7	1.8976402622970567	0.02887167770782928	0.046894803548795945	81372.0	2867.0	2848.0	931.0	79.0	3653.0	179.0	74.0	216.0	7216.0	149.0	75.0	128.0	202.0	11.0
5	7	6	-99999.9	1.0	-0.05457227138643068	81372.0	2848.0	2867.0	931.0	79.0	3653.0	216.0	75.0	179.0	7216.0	128.0	74.0	149.0	202.0	11.0
6	5	7	-36.67061587952419	1.0	0.48738922972051807	81372.0	2867.0	3653.0	179.0	74.0	2848.0	931.0	79.0	216.0	7216.0	149.0	75.0	202.0	128.0	11.0
5	6	8	1.8263234201727385	0.03390072286150736	0.04481434058898848	81325.0	2914.0	2853.0	919.0	86.0	3659.0	173.0	74.0	208.0	7233.0	140.0	73.0	128.0	203.0	12.0
5	8	6	-99999.9	1.0	-0.051775147928994084	81325.0	2853.0	2914.0	919.0	86.0	3659.0	208.0	73.0	173.0	7233.0	128.0	74.0	140.0	203.0	12.0
6	5	8	-37.10045576408045	1.0	0.4879890185312285	81325.0	2914.0	3659.0	173.0	74.0	2853.0	919.0	86.0	208.0	7233.0	140.0	73.0	203.0	128.0	12.0
5	6	9	0.4468554362491641	0.327489747983293	0.996271748135874	79579.0	4660.0	3544.0	208.0	106.0	3590.0	199.0	117.0	2604.0	4692.0	285.0	202.0	104.0	100.0	10.0
5	9	6	-118.96284725033271	1.0	0.5009373047281817	79579.0	3544.0	4660.0	208.0	106.0	3590.0	2604.0	202.0	199.0	4692.0	104.0	117.0	285.0	100.0	10.0
6	5	9	-0.44518321216340845	0.6719062932093711	1.0037704231252618	79579.0	4660.0	3590.0	199.0	117.0	3544.0	208.0	106.0	2604.0	4692.0	285.0	202.0	100.0	104.0	10.0
5	7	8	0.0753714775942313	0.4699595079030462	0.0	82925.0	1295.0	1253.0	2577.0	47.0	3817.0	88.0	39.0	88.0	7377.0	58.0	35.0	69.0	329.0	3.0
5	8	7	0.0753714775942313	0.4699595079030462	0.0	82925.0	1253.0	1295.0	2577.0	47.0	3817.0	88.0	35.0	88.0	7377.0	69.0	39.0	58.0	329.0	3.0
7	5	8	-187.56215702651303	1.0	0.5	82925.0	1295.0	3817.0	88.0	39.0	1253.0	2577.0	47.0	88.0	7377.0	58.0	35.0	329.0	69.0	3.0
5	7	9	1.231441794952752	0.10907890434750178	0.9891349770162975	79601.0	4619.0	3522.0	238.0	117.0	3617.0	212.0	115.0	2579.0	4659.0	285.0	200.0	124.0	101.0	11.0
5	9	7	-110.87712469170731	1.0	0.5027612574341547	79601.0	3522.0	4619.0	238.0	117.0	3617.0	2579.0	200.0	212.0	4659.0	124.0	115.0	285.0	101.0	11.0
7	5	9	-1.2179151846152907	0.8883718307126951	1.0112311015118791	79601.0	4619.0	3617.0	212.0	115.0	3522.0	238.0	117.0	2579.0	4659.0	285.0	200.0	101.0	124.0	11.0
5	8	9	1.5518165463443243	0.06035307717805016	0.9866666666666667	79557.0	4621.0	3566.0	231.0	122.0	3625.0	199.0	116.0	2567.0	4682.0	285.0	204.0	114.0	101.0	10.0
5	9	8	-113.28260788313565	1.0	0.5034013605442177	79557.0	3566.0	4621.0	231.0	122.0	3625.0	2567.0	204.0	199.0	4682.0	114.0	116.0	285.0	101.0	10.0
8	5	9	-1.5308460524748064	0.9370962569219133	1.0138888888888888	79557.0	4621.0	3625.0	199.0	116.0	3566.0	231.0	122.0	2567.0	4682.0	285.0	204.0	101.0	114.0	10.0
6	7	8	-99999.9	1.0	-0.001156737998843262	83714.0	1311.0	1270.0	1814.0	36.0	3028.0	83.0	28.0	81.0	8201.0	67.0	25.0	71.0	268.0	3.0
6	8	7	0.15621403525038743	0.4379321452743512	0.0011527377521613833	83714.0	1270.0	1311.0	1814.0	36.0	3028.0	81.0	25.0	83.0	8201.0	71.0	28.0	67.0	268.0	3.0
7	6	8	-135.20324750921068	1.0	0.5002886836027713	83714.0	1311.0	3028.0	83.0	28.0	1270.0	1814.0	36.0	81.0	8201.0	67.0	25.0	268.0	71.0	3.0
6	7	9	1.0315255405382568	0.15114724051154205	0.9939644218551461	80322.0	4703.0	2847.0	180.0	93.0	2896.0	161.0	82.0	3290.0	4732.0	327.0	164.0	107.0	86.0	10.0
6	9	7	-168.84444374073584	1.0	0.5015226799166533	80322.0	2847.0	4703.0	180.0	93.0	2896.0	3290.0	164.0	161.0	4732.0	107.0	82.0	327.0	86.0	10.0
7	6	9	-1.0252618827337738	0.8473801624829005	1.006146878032999	80322.0	4703.0	2896.0	161.0	82.0	2847.0	180.0	93.0	3290.0	4732.0	327.0	164.0	86.0	107.0	10.0
6	8	9	1.5074610332624172	0.06584628990845376	0.9914475768134304	80279.0	4705.0	2890.0	175.0	96.0	2903.0	148.0	83.0	3278.0	4751.0	326.0	169.0	101.0	88.0	8.0
6	9	8	-173.2463550449364	1.0	0.5021658912241297	80279.0	2890.0	4705.0	175.0	96.0	2903.0	3278.0	169.0	148.0	4751.0	101.0	83.0	326.0	88.0	8.0
8	6	9	-1.494457375786991	0.932471911345165	1.008777633289987	80279.0	4705.0	2903.0	148.0	83.0	2890.0	175.0	96.0	3278.0	4751.0	326.0	169.0	88.0	101.0	8.0
7	8	9	0.6367139163888669	0.2621555443492649	0.998359983599836	81919.0	4823.0	1299.0	83.0	40.0	1263.0	75.0	38.0	4945.0	4887.0	451.0	93.0	36.0	44.0	4.0
7	9	8	-386.9628826853348	1.0	0.5004110152075627	81919.0	1299.0	4823.0	83.0	40.0	1263.0	4945.0	93.0	75.0	4887.0	36.0	38.0	451.0	44.0	4.0
8	7	9	-0.635667979770569	0.7375036334948716	1.0016481252575196	81919.0	4823.0	1263.0	75.0	38.0	1299.0	83.0	40.0	4945.0	4887.0	451.0	93.0	44.0	36.0	4.0
