P1	Hybrid	P2	Zscore	Pvalue	Gamma	AAAA	AAAB	AABA	AABB	AABC	ABAA	ABAB	ABAC	ABBA	BAAA	ABBC	CABC	BACA	BCAA	ABCD
1	2	3	-99999.9	1.0	-0.03816793893129771	7245.0	373.0	397.0	182.0	11.0	1055.0	46.0	29.0	41.0	508.0	13.0	26.0	16.0	56.0	2.0
1	3	2	0.5440274610158665	0.29321126380397966	0.03424657534246576	7245.0	397.0	373.0	182.0	11.0	1055.0	41.0	26.0	46.0	508.0	16.0	29.0	13.0	56.0	2.0
2	1	3	-14.797546939631587	1.0	0.5090252707581228	7245.0	373.0	1055.0	46.0	29.0	397.0	182.0	11.0	41.0	508.0	13.0	26.0	56.0	16.0	2.0
1	2	4	-99999.9	1.0	-0.022388059701492536	7221.0	397.0	402.0	177.0	11.0	1062.0	40.0	28.0	37.0	503.0	22.0	30.0	16.0	52.0	2.0
1	4	2	0.34500892631931507	0.3650438961583826	0.02097902097902098	7221.0	402.0	397.0	177.0	11.0	1062.0	37.0	30.0	40.0	503.0	16.0	28.0	22.0	52.0	2.0
2	1	4	-15.755407635248705	1.0	0.5054151624548736	7221.0	397.0	1062.0	40.0	28.0	402.0	177.0	11.0	37.0	503.0	22.0	30.0	52.0	16.0	2.0
1	2	5	-99999.9	1.0	-0.048	7228.0	390.0	403.0	173.0	14.0	1058.0	42.0	30.0	36.0	505.0	21.0	29.0	16.0	53.0	2.0
1	5	2	0.691239646116943	0.24470740810710867	0.04195804195804196	7228.0	403.0	390.0	173.0	14.0	1058.0	36.0	29.0	42.0	505.0	16.0	30.0	21.0	53.0	2.0
2	1	5	-15.092065606886589	1.0	0.5111940298507462	7228.0	390.0	1058.0	42.0	30.0	403.0	173.0	14.0	36.0	505.0	21.0	29.0	53.0	16.0	2.0
1	2	6	-99999.9	1.0	-0.07874015748031496	7247.0	371.0	396.0	182.0	12.0	1054.0	45.0	31.0	35.0	511.0	16.0	27.0	16.0	53.0	4.0
1	6	2	1.1445516497622508	0.1261975208484778	0.06369426751592357	7247.0	396.0	371.0	182.0	12.0	1054.0	35.0	27.0	45.0	511.0	16.0	31.0	16.0	53.0	4.0
2	1	6	-15.680357601742838	1.0	0.517605633802817	7247.0	371.0	1054.0	45.0	31.0	396.0	182.0	12.0	35.0	511.0	16.0	27.0	53.0	16.0	4.0
1	2	7	-99999.9	1.0	-0.046875	7229.0	389.0	400.0	178.0	12.0	1055.0	44.0	31.0	38.0	507.0	17.0	28.0	14.0	54.0	4.0
1	7	2	0.6740488575571364	0.2501400597110026	0.0410958904109589	7229.0	400.0	389.0	178.0	12.0	1055.0	38.0	28.0	44.0	507.0	14.0	31.0	17.0	54.0	4.0
2	1	7	-15.053757818776043	1.0	0.510948905109489	7229.0	389.0	1055.0	44.0	31.0	400.0	178.0	12.0	38.0	507.0	17.0	28.0	54.0	14.0	4.0
1	2	8	-99999.9	1.0	-0.07142857142857142	7239.0	379.0	402.0	177.0	11.0	1053.0	42.0	35.0	33.0	514.0	15.0	26.0	15.0	53.0	6.0
1	8	2	1.0622144055506002	0.1440692132967265	0.058823529411764705	7239.0	402.0	379.0	177.0	11.0	1053.0	33.0	26.0	42.0	514.0	15.0	35.0	15.0	53.0	6.0
2	1	8	-15.93321608325901	1.0	0.5161290322580646	7239.0	379.0	1053.0	42.0	35.0	402.0	177.0	11.0	33.0	514.0	15.0	26.0	53.0	15.0	6.0
1	2	9	0.5130848257699522	0.3039459843567125	0.7058823529411765	7143.0	475.0	508.0	63.0	19.0	1040.0	58.0	32.0	70.0	473.0	19.0	37.0	26.0	34.0	3.0
1	9	2	-0.7183187560779323	0.7637196854388191	0.631578947368421	7143.0	508.0	475.0	63.0	19.0	1040.0	70.0	37.0	58.0	473.0	26.0	32.0	19.0	34.0	3.0
2	1	9	-0.2992994816991386	0.6176441567841688	3.5000000000000004	7143.0	475.0	1040.0	58.0	32.0	508.0	63.0	19.0	70.0	473.0	19.0	37.0	34.0	26.0	3.0
1	3	4	0.656491443682384	0.2557539219267635	0.022321428571428572	7313.0	329.0	310.0	246.0	10.0	1074.0	27.0	21.0	32.0	521.0	17.0	23.0	11.0	65.0	1.0
1	4	3	-99999.9	1.0	-0.02392344497607655	7313.0	310.0	329.0	246.0	10.0	1074.0	32.0	23.0	27.0	521.0	11.0	21.0	17.0	65.0	1.0
3	1	4	-28.097833789606078	1.0	0.4942263279445727	7313.0	329.0	1074.0	27.0	21.0	310.0	246.0	10.0	32.0	521.0	17.0	23.0	65.0	11.0	1.0
1	3	5	0.2548864533477581	0.3994054567920635	0.0091324200913242	7322.0	320.0	309.0	247.0	10.0	1070.0	30.0	22.0	32.0	522.0	16.0	21.0	11.0	67.0	1.0
1	5	3	-99999.9	1.0	-0.009389671361502348	7322.0	309.0	320.0	247.0	10.0	1070.0	32.0	21.0	30.0	522.0	11.0	22.0	16.0	67.0	1.0
3	1	5	-27.400293734884045	1.0	0.4976851851851852	7322.0	320.0	1070.0	30.0	22.0	309.0	247.0	10.0	32.0	522.0	16.0	21.0	67.0	11.0	1.0
1	3	6	-99999.9	1.0	-0.034653465346534656	7335.0	307.0	308.0	245.0	13.0	1064.0	36.0	22.0	29.0	526.0	15.0	23.0	10.0	66.0	1.0
1	6	3	0.8784035420927386	0.18986234435648508	0.03139013452914798	7335.0	308.0	307.0	245.0	13.0	1064.0	29.0	23.0	36.0	526.0	10.0	22.0	15.0	66.0	1.0
3	1	6	-26.226620042483226	1.0	0.5082352941176471	7335.0	307.0	1064.0	36.0	22.0	308.0	245.0	13.0	29.0	526.0	15.0	23.0	66.0	10.0	1.0
1	3	7	-99999.9	1.0	-0.00909090909090909	7328.0	314.0	301.0	253.0	12.0	1068.0	31.0	23.0	29.0	524.0	17.0	24.0	10.0	65.0	1.0
1	7	3	0.25905575463378416	0.3977961698843633	0.008849557522123894	7328.0	301.0	314.0	253.0	12.0	1068.0	29.0	24.0	31.0	524.0	10.0	23.0	17.0	65.0	1.0
3	1	7	-28.75518876435003	1.0	0.5022421524663677	7328.0	314.0	1068.0	31.0	23.0	301.0	253.0	12.0	29.0	524.0	17.0	24.0	65.0	10.0	1.0
1	3	8	-99999.9	1.0	-0.027397260273972605	7341.0	301.0	300.0	256.0	10.0	1063.0	31.0	28.0	25.0	530.0	15.0	24.0	10.0	64.0	2.0
1	8	3	0.8091255669341051	0.20922140381207066	0.025316455696202535	7341.0	300.0	301.0	256.0	10.0	1063.0	25.0	24.0	31.0	530.0	10.0	28.0	15.0	64.0	2.0
3	1	8	-30.34220876002897	1.0	0.5065789473684211	7341.0	301.0	1063.0	31.0	28.0	300.0	256.0	10.0	25.0	530.0	15.0	24.0	64.0	10.0	2.0
1	3	9	0.520924679343738	0.3012096087059599	0.7727272727272726	7160.0	482.0	491.0	59.0	16.0	1034.0	54.0	34.0	71.0	483.0	16.0	42.0	20.0	34.0	4.0
1	9	3	-1.250219230424972	0.8943901945384132	0.5862068965517241	7160.0	491.0	482.0	59.0	16.0	1034.0	71.0	42.0	54.0	483.0	20.0	34.0	16.0	34.0	4.0
3	1	9	-0.3677115383602857	0.643455771199496	1.7142857142857144	7160.0	482.0	1034.0	54.0	34.0	491.0	59.0	16.0	71.0	483.0	16.0	42.0	34.0	20.0	4.0
1	4	5	-99999.9	1.0	-0.005893909626719057	7571.0	52.0	60.0	520.0	5.0	1114.0	8.0	7.0	5.0	553.0	1.0	4.0	2.0	98.0	0.0
1	5	4	0.8301691071605706	0.2032215370845215	0.005791505791505791	7571.0	60.0	52.0	520.0	5.0	1114.0	5.0	4.0	8.0	553.0	2.0	7.0	1.0	98.0	0.0
4	1	5	-141.68219428873707	1.0	0.501460564751704	7571.0	52.0	1114.0	8.0	7.0	60.0	520.0	5.0	5.0	553.0	1.0	4.0	98.0	2.0	0.0
1	4	6	-99999.9	1.0	-0.0594059405940594	7329.0	294.0	314.0	249.0	22.0	1072.0	35.0	22.0	23.0	519.0	17.0	21.0	18.0	64.0	1.0
1	6	4	1.5975968695166374	0.05506636213564842	0.050420168067226885	7329.0	314.0	294.0	249.0	22.0	1072.0	23.0	21.0	35.0	519.0	18.0	22.0	17.0	64.0	1.0
4	1	6	-28.49047750638004	1.0	0.5136363636363637	7329.0	294.0	1072.0	35.0	22.0	314.0	249.0	22.0	23.0	519.0	17.0	21.0	64.0	18.0	1.0
1	4	7	-99999.9	1.0	-0.04166666666666667	7317.0	306.0	312.0	257.0	16.0	1073.0	32.0	24.0	23.0	516.0	20.0	25.0	17.0	61.0	1.0
1	7	4	1.2276894898972015	0.10978184410199887	0.037037037037037035	7317.0	312.0	306.0	257.0	16.0	1073.0	23.0	25.0	32.0	516.0	17.0	24.0	20.0	61.0	1.0
4	1	7	-30.692237247430047	1.0	0.5098039215686274	7317.0	306.0	1073.0	32.0	24.0	312.0	257.0	16.0	23.0	516.0	20.0	25.0	61.0	17.0	1.0
1	4	8	-99999.9	1.0	-0.056074766355140186	7329.0	294.0	312.0	258.0	15.0	1069.0	32.0	28.0	20.0	522.0	17.0	23.0	17.0	62.0	2.0
1	8	4	1.6838869819159197	0.04610173128860717	0.048	7329.0	312.0	294.0	258.0	15.0	1069.0	20.0	23.0	32.0	522.0	17.0	28.0	17.0	62.0	2.0
4	1	8	-31.713204826083185	1.0	0.5129310344827587	7329.0	294.0	1069.0	32.0	28.0	312.0	258.0	15.0	20.0	522.0	17.0	23.0	62.0	17.0	2.0
1	4	9	1.0208783044507157	0.15365606746155092	0.38461538461538464	7150.0	473.0	501.0	68.0	16.0	1043.0	52.0	34.0	62.0	477.0	20.0	42.0	28.0	31.0	3.0
1	9	4	-99999.9	1.0	2.5	7150.0	501.0	473.0	68.0	16.0	1043.0	62.0	42.0	52.0	477.0	28.0	34.0	20.0	31.0	3.0
4	1	9	-0.6125269826704292	0.7299054766019656	0.2727272727272727	7150.0	473.0	1043.0	52.0	34.0	501.0	68.0	16.0	62.0	477.0	20.0	42.0	31.0	28.0	3.0
1	5	6	-99999.9	1.0	-0.043478260869565216	7338.0	293.0	305.0	251.0	21.0	1067.0	35.0	21.0	26.0	520.0	17.0	23.0	17.0	65.0	1.0
1	6	5	1.1671653721676643	0.12157185595128528	0.038461538461538464	7338.0	305.0	293.0	251.0	21.0	1067.0	26.0	23.0	35.0	520.0	17.0	21.0	17.0	65.0	1.0
5	1	6	-28.011968932023947	1.0	0.5102040816326531	7338.0	293.0	1067.0	35.0	21.0	305.0	251.0	21.0	26.0	520.0	17.0	23.0	65.0	17.0	1.0
1	5	7	-99999.9	1.0	-0.027397260273972605	7323.0	308.0	306.0	257.0	14.0	1068.0	32.0	23.0	26.0	517.0	20.0	27.0	16.0	62.0	1.0
1	7	5	0.7951537518965368	0.2132619741956101	0.025316455696202535	7323.0	306.0	308.0	257.0	14.0	1068.0	26.0	27.0	32.0	517.0	16.0	23.0	20.0	62.0	1.0
5	1	7	-29.818265696120147	1.0	0.5065789473684211	7323.0	308.0	1068.0	32.0	23.0	306.0	257.0	14.0	26.0	517.0	20.0	27.0	62.0	16.0	1.0
1	5	8	-99999.9	1.0	-0.04166666666666667	7334.0	297.0	307.0	257.0	13.0	1064.0	32.0	27.0	23.0	523.0	17.0	25.0	16.0	63.0	2.0
1	8	5	1.2276894898972015	0.10978184410199887	0.037037037037037035	7334.0	307.0	297.0	257.0	13.0	1064.0	23.0	25.0	32.0	523.0	16.0	27.0	17.0	63.0	2.0
5	1	8	-30.692237247430047	1.0	0.5098039215686274	7334.0	297.0	1064.0	32.0	27.0	307.0	257.0	13.0	23.0	523.0	17.0	25.0	63.0	16.0	2.0
1	5	9	1.2650330542893615	0.10292980831832377	0.4193548387096774	7161.0	470.0	490.0	70.0	17.0	1038.0	52.0	33.0	65.0	478.0	20.0	44.0	27.0	32.0	3.0
1	9	5	-99999.9	1.0	1.625	7161.0	490.0	470.0	70.0	17.0	1038.0	65.0	44.0	52.0	478.0	27.0	33.0	20.0	32.0	3.0
5	1	9	-0.48655117472667797	0.6867117785147963	0.2173913043478261	7161.0	470.0	1038.0	52.0	33.0	490.0	70.0	17.0	65.0	478.0	20.0	44.0	32.0	27.0	3.0
1	6	7	0.5373420919234316	0.2955156468472159	0.014285714285714285	7384.0	259.0	245.0	302.0	18.0	1071.0	26.0	19.0	30.0	529.0	13.0	20.0	10.0	72.0	2.0
1	7	6	-99999.9	1.0	-0.014925373134328358	7384.0	245.0	259.0	302.0	18.0	1071.0	30.0	20.0	26.0	529.0	10.0	19.0	13.0	72.0	2.0
6	1	7	-36.5392622507934	1.0	0.4963503649635037	7384.0	259.0	1071.0	26.0	19.0	245.0	302.0	18.0	30.0	529.0	13.0	20.0	72.0	10.0	2.0
1	6	8	0.14153362836439132	0.443724173209887	0.0	7391.0	252.0	250.0	297.0	18.0	1068.0	25.0	23.0	25.0	536.0	11.0	19.0	10.0	72.0	3.0
1	8	6	0.14153362836439132	0.443724173209887	0.0	7391.0	250.0	252.0	297.0	18.0	1068.0	25.0	19.0	25.0	536.0	10.0	23.0	11.0	72.0	3.0
6	1	8	-38.428199891566436	1.0	0.5	7391.0	252.0	1068.0	25.0	23.0	250.0	297.0	18.0	25.0	536.0	11.0	19.0	72.0	10.0	3.0
1	6	9	0.4055843701728471	0.3425240543781274	0.8518518518518519	7156.0	487.0	495.0	58.0	12.0	1029.0	54.0	33.0	77.0	477.0	18.0	41.0	26.0	33.0	4.0
1	9	6	-1.9265257583210276	0.9729806883872576	0.5476190476190477	7156.0	495.0	487.0	58.0	12.0	1029.0	77.0	41.0	54.0	477.0	26.0	33.0	18.0	33.0	4.0
6	1	9	-0.3350479579688738	0.6312054775629387	1.2666666666666666	7156.0	487.0	1029.0	54.0	33.0	495.0	58.0	12.0	77.0	477.0	18.0	41.0	33.0	26.0	4.0
1	7	8	-99999.9	1.0	-0.006666666666666667	7530.0	99.0	111.0	463.0	5.0	1098.0	10.0	13.0	7.0	553.0	5.0	7.0	8.0	90.0	1.0
1	8	7	0.7270172900056111	0.23360761274872743	0.006535947712418301	7530.0	111.0	99.0	463.0	5.0	1098.0	7.0	7.0	10.0	553.0	8.0	13.0	5.0	90.0	1.0
7	1	8	-109.77961079084749	1.0	0.5016501650165017	7530.0	99.0	1098.0	10.0	13.0	111.0	463.0	5.0	7.0	553.0	5.0	7.0	90.0	8.0	1.0
1	7	9	0.20358821100821645	0.4193376807065762	0.9047619047619048	7145.0	484.0	506.0	54.0	19.0	1037.0	52.0	32.0	71.0	477.0	17.0	39.0	28.0	35.0	4.0
1	9	7	-1.7304997935698343	0.9582295282028649	0.5277777777777778	7145.0	506.0	484.0	54.0	19.0	1037.0	71.0	39.0	52.0	477.0	28.0	32.0	17.0	35.0	4.0
7	1	9	-0.1821578730073515	0.5722705731824551	1.1333333333333333	7145.0	484.0	1037.0	52.0	32.0	506.0	54.0	19.0	71.0	477.0	17.0	39.0	35.0	28.0	4.0
1	8	9	1.0821399374221323	0.13959521500958516	0.7058823529411765	7155.0	486.0	496.0	57.0	14.0	1032.0	47.0	33.0	71.0	482.0	18.0	44.0	28.0	32.0	5.0
1	9	8	-1.5149959123909844	0.9351132549940959	0.631578947368421	7155.0	496.0	486.0	57.0	14.0	1032.0	71.0	44.0	47.0	482.0	28.0	33.0	18.0	32.0	5.0
8	1	9	-0.6312482968295771	0.7360609641129334	3.5000000000000004	7155.0	486.0	1032.0	47.0	33.0	496.0	57.0	14.0	71.0	482.0	18.0	44.0	32.0	28.0	5.0
2	3	4	0.14066959583401184	0.4440654571525904	0.011494252873563218	7954.0	346.0	329.0	111.0	8.0	433.0	25.0	6.0	26.0	698.0	22.0	10.0	9.0	23.0	0.0
2	4	3	-99999.9	1.0	-0.011904761904761904	7954.0	329.0	346.0	111.0	8.0	433.0	26.0	10.0	25.0	698.0	9.0	6.0	22.0	23.0	0.0
3	2	4	-11.956915645891026	1.0	0.49707602339181284	7954.0	346.0	433.0	25.0	6.0	329.0	111.0	8.0	26.0	698.0	22.0	10.0	23.0	9.0	0.0
2	3	5	0.14647402740000484	0.4417735755927288	0.010869565217391306	7958.0	342.0	328.0	114.0	6.0	434.0	23.0	7.0	24.0	699.0	23.0	10.0	9.0	23.0	0.0
2	5	3	-99999.9	1.0	-0.011235955056179775	7958.0	328.0	342.0	114.0	6.0	434.0	24.0	10.0	23.0	699.0	9.0	7.0	23.0	23.0	0.0
3	2	5	-13.182662466000457	1.0	0.4972375690607735	7958.0	342.0	434.0	23.0	7.0	328.0	114.0	6.0	24.0	699.0	23.0	10.0	23.0	9.0	0.0
2	3	6	-99999.9	1.0	-0.11940298507462688	7971.0	329.0	330.0	106.0	12.0	428.0	31.0	5.0	23.0	706.0	17.0	7.0	9.0	25.0	1.0
2	6	3	1.1218090514501602	0.1309718685688499	0.0879120879120879	7971.0	330.0	329.0	106.0	12.0	428.0	23.0	7.0	31.0	706.0	9.0	5.0	17.0	25.0	1.0
3	2	6	-10.516959857345254	1.0	0.5253164556962026	7971.0	329.0	428.0	31.0	5.0	330.0	106.0	12.0	23.0	706.0	17.0	7.0	25.0	9.0	1.0
2	3	7	0.14649113240036776	0.44176682451945015	0.01111111111111111	7961.0	339.0	323.0	112.0	13.0	435.0	23.0	6.0	24.0	706.0	16.0	7.0	10.0	24.0	1.0
2	7	3	-99999.9	1.0	-0.011494252873563218	7961.0	323.0	339.0	112.0	13.0	435.0	24.0	7.0	23.0	706.0	10.0	6.0	16.0	24.0	1.0
3	2	7	-12.89121965123238	1.0	0.4971751412429378	7961.0	339.0	435.0	23.0	6.0	323.0	112.0	13.0	24.0	706.0	16.0	7.0	24.0	10.0	1.0
2	3	8	-99999.9	1.0	-0.04545454545454545	7969.0	331.0	323.0	115.0	10.0	435.0	23.0	6.0	19.0	711.0	16.0	7.0	10.0	24.0	1.0
2	8	3	0.6266444026911652	0.2654461211789356	0.039999999999999994	7969.0	323.0	331.0	115.0	10.0	435.0	19.0	7.0	23.0	711.0	10.0	6.0	16.0	24.0	1.0
3	2	8	-14.412821261896786	1.0	0.5106382978723404	7969.0	331.0	435.0	23.0	6.0	323.0	115.0	10.0	19.0	711.0	16.0	7.0	24.0	10.0	1.0
2	3	9	-0.2520263148396148	0.5994895821920413	1.0132450331125828	7777.0	523.0	406.0	30.0	12.0	417.0	32.0	15.0	185.0	528.0	33.0	13.0	10.0	18.0	1.0
2	9	3	-19.532039400070175	1.0	0.4967532467532467	7777.0	406.0	523.0	30.0	12.0	417.0	185.0	13.0	32.0	528.0	10.0	15.0	33.0	18.0	1.0
3	2	9	0.2553207764715052	0.39923773438623966	0.9872611464968153	7777.0	523.0	417.0	32.0	15.0	406.0	30.0	12.0	185.0	528.0	33.0	13.0	18.0	10.0	1.0
2	4	5	0.3756339790965813	0.3535945713285217	0.0025252525252525255	8223.0	60.0	63.0	398.0	4.0	462.0	3.0	4.0	4.0	726.0	2.0	2.0	2.0	47.0	0.0
2	5	4	-99999.9	1.0	-0.0025445292620865138	8223.0	63.0	60.0	398.0	4.0	462.0	4.0	2.0	3.0	726.0	2.0	4.0	2.0	47.0	0.0
4	2	5	-147.99978776405283	1.0	0.49936628643852976	8223.0	60.0	462.0	3.0	4.0	63.0	398.0	4.0	4.0	726.0	2.0	2.0	47.0	2.0	0.0
2	4	6	-99999.9	1.0	-0.10126582278481013	7970.0	313.0	331.0	117.0	17.0	431.0	30.0	8.0	22.0	693.0	17.0	5.0	23.0	22.0	1.0
2	6	4	1.1385350643281622	0.12744861706187327	0.07766990291262135	7970.0	331.0	313.0	117.0	17.0	431.0	22.0	5.0	30.0	693.0	23.0	8.0	17.0	22.0	1.0
4	2	6	-12.38156882456877	1.0	0.521978021978022	7970.0	313.0	431.0	30.0	8.0	331.0	117.0	17.0	22.0	693.0	17.0	5.0	22.0	23.0	1.0
2	4	7	0.14492085841437038	0.4423866570997017	0.0	7954.0	329.0	330.0	119.0	16.0	436.0	24.0	9.0	24.0	693.0	15.0	6.0	22.0	22.0	1.0
2	7	4	0.14492085841437038	0.4423866570997017	0.0	7954.0	330.0	329.0	119.0	16.0	436.0	24.0	6.0	24.0	693.0	22.0	9.0	15.0	22.0	1.0
4	2	7	-13.697807767301214	1.0	0.5	7954.0	329.0	436.0	24.0	9.0	330.0	119.0	16.0	24.0	693.0	15.0	6.0	22.0	22.0	1.0
2	4	8	-99999.9	1.0	-0.05494505494505495	7961.0	322.0	331.0	119.0	15.0	437.0	23.0	9.0	18.0	700.0	14.0	6.0	21.0	23.0	1.0
2	8	4	0.7940623586739769	0.21357950349717347	0.04716981132075472	7961.0	331.0	322.0	119.0	15.0	437.0	18.0	6.0	23.0	700.0	21.0	9.0	14.0	23.0	1.0
4	2	8	-15.245997286540343	1.0	0.5126903553299492	7961.0	322.0	437.0	23.0	9.0	331.0	119.0	15.0	18.0	700.0	14.0	6.0	23.0	21.0	1.0
2	4	9	1.37379545012983	0.08475265642213992	0.9320987654320988	7771.0	512.0	412.0	39.0	14.0	422.0	28.0	19.0	179.0	521.0	32.0	14.0	21.0	16.0	0.0
2	9	4	-17.484669365288767	1.0	0.5189003436426117	7771.0	412.0	512.0	39.0	14.0	422.0	179.0	14.0	28.0	521.0	21.0	19.0	32.0	16.0	0.0
4	2	9	-1.2737176358819617	0.8986181792629893	1.0852713178294573	7771.0	512.0	422.0	28.0	19.0	412.0	39.0	14.0	179.0	521.0	32.0	14.0	16.0	21.0	0.0
2	5	6	-99999.9	1.0	-0.1097560975609756	7974.0	312.0	327.0	120.0	15.0	431.0	29.0	8.0	20.0	694.0	17.0	7.0	23.0	22.0	1.0
2	6	5	1.318042197792874	0.09374482771365056	0.08256880733944953	7974.0	327.0	312.0	120.0	15.0	431.0	20.0	7.0	29.0	694.0	23.0	8.0	17.0	22.0	1.0
5	2	6	-13.326871111016839	1.0	0.5235602094240838	7974.0	312.0	431.0	29.0	8.0	327.0	120.0	15.0	20.0	694.0	17.0	7.0	22.0	23.0	1.0
2	5	7	-99999.9	1.0	-0.010416666666666666	7955.0	331.0	329.0	120.0	13.0	436.0	23.0	9.0	22.0	694.0	15.0	8.0	22.0	22.0	1.0
2	7	5	0.1496295338727909	0.4405284353493497	0.010101010101010102	7955.0	329.0	331.0	120.0	13.0	436.0	22.0	8.0	23.0	694.0	22.0	9.0	15.0	22.0	1.0
5	2	7	-14.514064785660688	1.0	0.5025641025641026	7955.0	331.0	436.0	23.0	9.0	329.0	120.0	13.0	22.0	694.0	15.0	8.0	22.0	22.0	1.0
2	5	8	-99999.9	1.0	-0.06593406593406594	7962.0	324.0	330.0	120.0	12.0	436.0	23.0	9.0	17.0	700.0	14.0	8.0	21.0	23.0	1.0
2	8	5	0.9659992321042149	0.16702227917750845	0.05504587155963303	7962.0	330.0	324.0	120.0	12.0	436.0	17.0	8.0	23.0	700.0	21.0	9.0	14.0	23.0	1.0
5	2	8	-15.616987585684809	1.0	0.515	7962.0	324.0	436.0	23.0	9.0	330.0	120.0	12.0	17.0	700.0	14.0	8.0	23.0	21.0	1.0
2	5	9	1.7385313448521007	0.041058576785713674	0.9151515151515152	7776.0	510.0	407.0	41.0	14.0	423.0	27.0	18.0	178.0	522.0	31.0	14.0	21.0	17.0	1.0
2	9	5	-17.01277101748127	1.0	0.5243055555555556	7776.0	407.0	510.0	41.0	14.0	423.0	178.0	14.0	27.0	522.0	21.0	18.0	31.0	17.0	1.0
5	2	9	-1.5773430082432969	0.9426416827682629	1.113821138211382	7776.0	510.0	423.0	27.0	18.0	407.0	41.0	14.0	178.0	522.0	31.0	14.0	17.0	21.0	1.0
2	6	7	1.3932971508682732	0.08176503181390882	0.056249999999999994	8020.0	281.0	264.0	168.0	15.0	435.0	17.0	6.0	26.0	707.0	13.0	5.0	15.0	28.0	0.0
2	7	6	-99999.9	1.0	-0.06766917293233082	8020.0	264.0	281.0	168.0	15.0	435.0	26.0	5.0	17.0	707.0	15.0	6.0	13.0	28.0	0.0
6	2	7	-21.983132824810532	1.0	0.484641638225256	8020.0	281.0	435.0	17.0	6.0	264.0	168.0	15.0	26.0	707.0	13.0	5.0	28.0	15.0	0.0
2	6	8	0.6384886628342106	0.26157775618973345	0.02666666666666666	8025.0	276.0	267.0	164.0	16.0	434.0	18.0	6.0	22.0	712.0	12.0	5.0	14.0	29.0	0.0
2	8	6	-99999.9	1.0	-0.028985507246376812	8025.0	267.0	276.0	164.0	16.0	434.0	22.0	5.0	18.0	712.0	14.0	6.0	12.0	29.0	0.0
6	2	8	-22.66634753061449	1.0	0.4930555555555556	8025.0	276.0	434.0	18.0	6.0	267.0	164.0	16.0	22.0	712.0	12.0	5.0	29.0	14.0	0.0
2	6	9	-0.2652316303676664	0.6045844242655778	1.0126582278481013	7772.0	529.0	411.0	27.0	9.0	413.0	29.0	16.0	189.0	524.0	33.0	13.0	17.0	17.0	1.0
2	9	6	-21.483762059780965	1.0	0.4968944099378882	7772.0	411.0	529.0	27.0	9.0	413.0	189.0	13.0	29.0	524.0	17.0	16.0	33.0	17.0	1.0
6	2	9	0.26854702574726225	0.39413920315138995	0.9878048780487805	7772.0	529.0	413.0	29.0	16.0	411.0	27.0	9.0	189.0	524.0	33.0	13.0	17.0	17.0	1.0
2	7	8	-99999.9	1.0	-0.012084592145015106	8175.0	109.0	117.0	345.0	2.0	453.0	10.0	3.0	6.0	725.0	8.0	2.0	9.0	36.0	0.0
2	8	7	0.9998091354611524	0.15870145179670803	0.011661807580174927	8175.0	117.0	109.0	345.0	2.0	453.0	6.0	2.0	10.0	725.0	9.0	3.0	8.0	36.0	0.0
7	2	8	-83.73401509487151	1.0	0.5029673590504451	8175.0	109.0	453.0	10.0	3.0	117.0	345.0	2.0	6.0	725.0	8.0	2.0	36.0	9.0	0.0
2	7	9	-0.5260567629520114	0.7005756308719868	1.0268456375838926	7762.0	522.0	421.0	26.0	17.0	420.0	30.0	16.0	183.0	523.0	33.0	12.0	17.0	17.0	1.0
2	9	7	-20.647727945866468	1.0	0.4935483870967742	7762.0	421.0	522.0	26.0	17.0	420.0	183.0	12.0	30.0	523.0	17.0	16.0	33.0	17.0	1.0
7	2	9	0.5398098809376848	0.29466405397294615	0.9751552795031055	7762.0	522.0	420.0	30.0	16.0	421.0	26.0	17.0	183.0	523.0	33.0	12.0	17.0	17.0	1.0
2	8	9	0.27870567660332246	0.39023541763296876	0.9874213836477987	7767.0	525.0	416.0	27.0	13.0	420.0	25.0	16.0	182.0	528.0	34.0	13.0	17.0	16.0	1.0
2	9	8	-21.59968993675752	1.0	0.5032051282051283	7767.0	416.0	525.0	27.0	13.0	420.0	182.0	13.0	25.0	528.0	17.0	16.0	34.0	16.0	1.0
8	2	9	-0.27515528581856674	0.6084014670435389	1.0130718954248366	7767.0	525.0	420.0	25.0	16.0	416.0	27.0	13.0	182.0	528.0	34.0	13.0	16.0	17.0	1.0
3	4	5	-99999.9	1.0	-0.01	8326.0	61.0	66.0	308.0	3.0	359.0	5.0	1.0	2.0	828.0	2.0	1.0	3.0	35.0	0.0
3	5	4	1.1267046566953534	0.12993373782559203	0.00970873786407767	8326.0	66.0	61.0	308.0	3.0	359.0	2.0	1.0	5.0	828.0	3.0	1.0	2.0	35.0	0.0
4	3	5	-113.79717032623044	1.0	0.5024630541871922	8326.0	61.0	359.0	5.0	1.0	66.0	308.0	3.0	2.0	828.0	2.0	1.0	35.0	3.0	0.0
3	4	6	-99999.9	1.0	-0.7999999999999999	8066.0	321.0	333.0	33.0	11.0	335.0	24.0	6.0	20.0	789.0	23.0	5.0	24.0	10.0	0.0
3	6	4	0.6594812186709663	0.2547933371538479	0.23529411764705882	8066.0	333.0	321.0	33.0	11.0	335.0	20.0	5.0	24.0	789.0	24.0	6.0	23.0	10.0	0.0
4	3	6	-1.483832742009675	0.9310733164847069	0.5909090909090908	8066.0	321.0	335.0	24.0	6.0	333.0	33.0	11.0	20.0	789.0	23.0	5.0	10.0	24.0	0.0
3	4	7	-99999.9	1.0	2.3333333333333335	8063.0	324.0	333.0	33.0	11.0	327.0	29.0	9.0	22.0	790.0	20.0	5.0	23.0	11.0	0.0
3	7	4	1.0394685955294545	0.14929345275907258	0.3888888888888889	8063.0	333.0	324.0	33.0	11.0	327.0	22.0	5.0	29.0	790.0	23.0	9.0	20.0	11.0	0.0
4	3	7	-0.5939820545882593	0.7237379879657392	0.7333333333333333	8063.0	324.0	327.0	29.0	9.0	333.0	33.0	11.0	22.0	790.0	20.0	5.0	11.0	23.0	0.0
3	4	8	-99999.9	1.0	1.1538461538461537	8070.0	317.0	334.0	33.0	10.0	328.0	31.0	6.0	16.0	797.0	19.0	5.0	22.0	12.0	0.0
3	8	4	1.9867442635944341	0.0234753027503789	0.46875	8070.0	334.0	317.0	33.0	10.0	328.0	16.0	5.0	31.0	797.0	22.0	6.0	19.0	12.0	0.0
4	3	8	-0.2648992351459241	0.6044563954398177	0.8947368421052632	8070.0	317.0	328.0	31.0	6.0	334.0	33.0	10.0	16.0	797.0	19.0	5.0	12.0	22.0	0.0
3	4	9	1.588815411668348	0.0560510394137369	0.956	7859.0	528.0	335.0	30.0	12.0	334.0	19.0	12.0	258.0	539.0	35.0	12.0	18.0	7.0	2.0
3	9	4	-32.93181035094394	1.0	0.5117773019271948	7859.0	335.0	528.0	30.0	12.0	334.0	258.0	12.0	19.0	539.0	18.0	12.0	35.0	7.0	2.0
4	3	9	-1.5156900161522318	0.9352010981689131	1.0506912442396312	7859.0	528.0	334.0	19.0	12.0	335.0	30.0	12.0	258.0	539.0	35.0	12.0	7.0	18.0	2.0
3	5	6	-99999.9	1.0	-0.09090909090909091	8072.0	320.0	327.0	35.0	10.0	333.0	23.0	6.0	22.0	791.0	23.0	5.0	23.0	10.0	0.0
3	6	5	0.15421972288480043	0.43871823230316465	0.07142857142857144	8072.0	327.0	320.0	35.0	10.0	333.0	22.0	5.0	23.0	791.0	23.0	6.0	23.0	10.0	0.0
5	3	6	-1.8506366746175997	0.9678891405412622	0.52	8072.0	320.0	333.0	23.0	6.0	327.0	35.0	10.0	22.0	791.0	23.0	5.0	10.0	23.0	0.0
3	5	7	-99999.9	1.0	-4.000000000000001	8066.0	326.0	330.0	33.0	9.0	325.0	28.0	9.0	24.0	792.0	20.0	5.0	22.0	11.0	0.0
3	7	5	0.6172043287167808	0.26854992670566324	0.30769230769230765	8066.0	330.0	326.0	33.0	9.0	325.0	24.0	5.0	28.0	792.0	22.0	9.0	20.0	11.0	0.0
5	3	7	-0.771505410895975	0.779796357059747	0.6428571428571429	8066.0	326.0	325.0	28.0	9.0	330.0	33.0	9.0	24.0	792.0	20.0	5.0	11.0	22.0	0.0
3	5	8	-99999.9	1.0	1.2	8072.0	320.0	332.0	32.0	8.0	326.0	30.0	6.0	18.0	799.0	19.0	5.0	21.0	12.0	0.0
3	8	5	1.6335179968471485	0.051180038875400125	0.4615384615384615	8072.0	332.0	320.0	32.0	8.0	326.0	18.0	5.0	30.0	799.0	21.0	6.0	19.0	12.0	0.0
5	3	8	-0.2722529994745244	0.6072861906382045	0.875	8072.0	320.0	326.0	30.0	6.0	332.0	32.0	8.0	18.0	799.0	19.0	5.0	12.0	21.0	0.0
3	5	9	2.1638311240295494	0.015238602245410293	0.9420849420849421	7866.0	526.0	328.0	32.0	12.0	333.0	17.0	12.0	261.0	541.0	34.0	10.0	18.0	7.0	3.0
3	9	5	-33.03448849351781	1.0	0.5158562367864693	7866.0	328.0	526.0	32.0	12.0	333.0	261.0	10.0	17.0	541.0	18.0	12.0	34.0	7.0	3.0
5	3	9	-2.030808718863798	0.9788628668779316	1.0700934579439252	7866.0	526.0	333.0	17.0	12.0	328.0	32.0	12.0	261.0	541.0	34.0	10.0	7.0	18.0	3.0
3	6	7	-99999.9	1.0	-0.03225806451612903	8124.0	275.0	272.0	85.0	8.0	331.0	21.0	8.0	19.0	802.0	16.0	4.0	19.0	16.0	0.0
3	7	6	0.3200879083875038	0.3744509146229551	0.029411764705882356	8124.0	272.0	275.0	85.0	8.0	331.0	19.0	4.0	21.0	802.0	19.0	8.0	16.0	16.0	0.0
6	3	7	-10.242813068400114	1.0	0.5076923076923077	8124.0	275.0	331.0	21.0	8.0	272.0	85.0	8.0	19.0	802.0	16.0	4.0	16.0	19.0	0.0
3	6	8	-99999.9	1.0	-0.2173913043478261	8127.0	272.0	277.0	79.0	9.0	332.0	23.0	5.0	13.0	809.0	15.0	4.0	18.0	17.0	0.0
3	8	6	1.7084714176375826	0.043774421080745585	0.13157894736842105	8127.0	277.0	272.0	79.0	9.0	332.0	13.0	4.0	23.0	809.0	18.0	5.0	15.0	17.0	0.0
6	3	8	-9.567439938770463	1.0	0.540983606557377	8127.0	272.0	332.0	23.0	5.0	277.0	79.0	9.0	13.0	809.0	15.0	4.0	17.0	18.0	0.0
3	6	9	0.33408535014110635	0.3691576450012569	0.9918367346938776	7855.0	544.0	339.0	19.0	7.0	330.0	17.0	13.0	260.0	542.0	35.0	14.0	17.0	7.0	1.0
3	9	6	-40.25728469200333	1.0	0.5020661157024793	7855.0	339.0	544.0	19.0	7.0	330.0	260.0	14.0	17.0	542.0	17.0	13.0	35.0	7.0	1.0
6	3	9	-0.3313356764773936	0.6298044590125496	1.00836820083682	7855.0	544.0	330.0	17.0	13.0	339.0	19.0	7.0	260.0	542.0	35.0	14.0	7.0	17.0	1.0
3	7	8	-99999.9	1.0	-0.03524229074889868	8285.0	111.0	119.0	246.0	3.0	343.0	11.0	0.0	3.0	831.0	8.0	3.0	8.0	29.0	0.0
3	8	7	2.125288490731344	0.016781214558431623	0.03187250996015936	8285.0	119.0	111.0	246.0	3.0	343.0	3.0	3.0	11.0	831.0	8.0	0.0	8.0	29.0	0.0
7	3	8	-62.43034941523325	1.0	0.5083682008368201	8285.0	111.0	343.0	11.0	0.0	119.0	246.0	3.0	3.0	831.0	8.0	3.0	29.0	8.0	0.0
3	7	9	0.0	0.49999999949999996	nan	7859.0	537.0	335.0	19.0	14.0	323.0	19.0	12.0	268.0	539.0	35.0	13.0	18.0	8.0	1.0
3	9	7	-40.34008967076881	1.0	0.5	7859.0	335.0	537.0	19.0	14.0	323.0	268.0	13.0	19.0	539.0	18.0	12.0	35.0	8.0	1.0
7	3	9	0.0	0.49999999949999996	nan	7859.0	537.0	323.0	19.0	12.0	335.0	19.0	14.0	268.0	539.0	35.0	13.0	8.0	18.0	1.0
3	8	9	1.0062852828650077	0.15713919127234854	0.9770992366412213	7865.0	539.0	329.0	21.0	10.0	322.0	15.0	12.0	271.0	543.0	36.0	11.0	18.0	7.0	1.0
3	9	8	-41.92855345270871	1.0	0.5059288537549407	7865.0	329.0	539.0	21.0	10.0	322.0	271.0	11.0	15.0	543.0	18.0	12.0	36.0	7.0	1.0
8	3	9	-0.9827004715478593	0.8371225575670876	1.0245901639344261	7865.0	539.0	322.0	15.0	12.0	329.0	21.0	10.0	271.0	543.0	36.0	11.0	7.0	18.0	1.0
4	5	6	0.8107328687666576	0.2087594891793323	0.993103448275862	8339.0	346.0	62.0	4.0	1.0	66.0	2.0	1.0	290.0	828.0	53.0	2.0	2.0	4.0	0.0
4	6	5	-115.9348002336319	1.0	0.5017421602787456	8339.0	62.0	346.0	4.0	1.0	66.0	290.0	2.0	2.0	828.0	2.0	1.0	53.0	4.0	0.0
5	4	6	-0.8051027794002225	0.7896198728216977	1.0070422535211268	8339.0	346.0	66.0	2.0	1.0	62.0	4.0	1.0	290.0	828.0	53.0	2.0	4.0	2.0	0.0
4	5	7	0.0	0.49999999949999996	nan	8326.0	359.0	64.0	3.0	0.0	65.0	3.0	1.0	293.0	829.0	49.0	2.0	2.0	4.0	0.0
4	7	5	-117.41756787594261	1.0	0.5	8326.0	64.0	359.0	3.0	0.0	65.0	293.0	2.0	3.0	829.0	2.0	1.0	49.0	4.0	0.0
5	4	7	0.0	0.49999999949999996	nan	8326.0	359.0	65.0	3.0	1.0	64.0	3.0	0.0	293.0	829.0	49.0	2.0	4.0	2.0	0.0
4	5	8	-0.374449653563979	0.6459650377358651	1.0035211267605635	8334.0	351.0	64.0	3.0	0.0	64.0	4.0	1.0	289.0	836.0	46.0	2.0	2.0	4.0	0.0
4	8	5	-107.09260091929848	1.0	0.4991243432574431	8334.0	64.0	351.0	3.0	0.0	64.0	289.0	2.0	4.0	836.0	2.0	1.0	46.0	4.0	0.0
5	4	8	0.3757635119975368	0.3535464164487858	0.9965156794425087	8334.0	351.0	64.0	4.0	1.0	64.0	3.0	0.0	289.0	836.0	46.0	2.0	4.0	2.0	0.0
4	5	9	1.4055017679141155	0.07993611543254886	0.9925650557620818	8135.0	550.0	58.0	6.0	3.0	64.0	2.0	3.0	536.0	573.0	62.0	5.0	1.0	1.0	1.0
4	9	5	-186.2289842486215	1.0	0.5018796992481203	8135.0	58.0	550.0	6.0	3.0	64.0	536.0	5.0	2.0	573.0	1.0	3.0	62.0	1.0	1.0
5	4	9	-1.3949736647836726	0.9184880538331551	1.0076045627376427	8135.0	550.0	64.0	2.0	3.0	58.0	6.0	3.0	536.0	573.0	62.0	5.0	1.0	1.0	1.0
4	6	7	0.2992996697888025	0.382355771465686	0.03448275862068965	8126.0	275.0	264.0	78.0	9.0	329.0	22.0	7.0	24.0	793.0	15.0	7.0	19.0	32.0	0.0
4	7	6	-99999.9	1.0	-0.03846153846153846	8126.0	264.0	275.0	78.0	9.0	329.0	24.0	7.0	22.0	793.0	19.0	7.0	15.0	32.0	0.0
6	4	7	-8.081091084297665	0.9999999999999997	0.4909090909090909	8126.0	275.0	329.0	22.0	7.0	264.0	78.0	9.0	24.0	793.0	15.0	7.0	32.0	19.0	0.0
4	6	8	-99999.9	1.0	-0.08695652173913043	8129.0	272.0	269.0	72.0	10.0	330.0	22.0	6.0	18.0	801.0	13.0	7.0	19.0	32.0	0.0
4	8	6	0.6495672177025906	0.25798584497340826	0.06896551724137931	8129.0	269.0	272.0	72.0	10.0	330.0	18.0	7.0	22.0	801.0	19.0	6.0	13.0	32.0	0.0
6	4	8	-8.119590221282381	0.9999999999999998	0.5192307692307693	8129.0	272.0	330.0	22.0	6.0	269.0	72.0	10.0	18.0	801.0	13.0	7.0	32.0	19.0	0.0
4	6	9	-1.3344686622687711	0.9089747798347221	1.039301310043668	7867.0	534.0	326.0	17.0	8.0	318.0	26.0	14.0	264.0	533.0	35.0	23.0	17.0	18.0	0.0
4	9	6	-36.6237510644874	1.0	0.49072164948453606	7867.0	326.0	534.0	17.0	8.0	318.0	264.0	23.0	26.0	533.0	17.0	14.0	35.0	18.0	0.0
6	4	9	1.3849317629428004	0.08303672423793806	0.96484375	7867.0	534.0	318.0	26.0	14.0	326.0	17.0	8.0	264.0	533.0	35.0	23.0	18.0	17.0	0.0
4	7	8	-99999.9	1.0	-0.02654867256637168	8282.0	108.0	116.0	243.0	3.0	346.0	11.0	3.0	5.0	822.0	7.0	4.0	9.0	41.0	0.0
4	8	7	1.4998566911494637	0.06682579403026889	0.024590163934426233	8282.0	116.0	108.0	243.0	3.0	346.0	5.0	4.0	11.0	822.0	9.0	3.0	7.0	41.0	0.0
7	4	8	-57.9944587244459	1.0	0.5063829787234043	8282.0	108.0	346.0	11.0	3.0	116.0	243.0	3.0	5.0	822.0	7.0	4.0	41.0	9.0	0.0
4	7	9	-1.5831103007247098	0.943301832113022	1.0478260869565217	7862.0	528.0	331.0	17.0	14.0	320.0	28.0	12.0	269.0	530.0	35.0	16.0	18.0	19.0	1.0
4	9	7	-36.267617798420595	1.0	0.48884381338742394	7862.0	331.0	528.0	17.0	14.0	320.0	269.0	16.0	28.0	530.0	18.0	12.0	35.0	19.0	1.0
7	4	9	1.655368447230817	0.04892487419457592	0.9581749049429658	7862.0	528.0	320.0	28.0	12.0	331.0	17.0	14.0	269.0	530.0	35.0	16.0	19.0	18.0	1.0
4	8	9	-0.7521169156814913	0.7740096916079513	1.0206611570247934	7868.0	530.0	325.0	19.0	10.0	319.0	24.0	12.0	271.0	535.0	36.0	15.0	17.0	17.0	2.0
4	9	8	-37.9066925503472	1.0	0.4949899799599198	7868.0	325.0	530.0	19.0	10.0	319.0	271.0	15.0	24.0	535.0	17.0	12.0	36.0	17.0	2.0
8	4	9	0.7673419544604689	0.22143904921634272	0.980544747081712	7868.0	530.0	319.0	24.0	12.0	325.0	19.0	10.0	271.0	535.0	36.0	15.0	17.0	17.0	2.0
5	6	7	0.6058286154283589	0.27231423282992595	0.06666666666666667	8128.0	277.0	263.0	77.0	9.0	327.0	21.0	6.0	25.0	796.0	15.0	7.0	19.0	30.0	0.0
5	7	6	-99999.9	1.0	-0.08333333333333333	8128.0	263.0	277.0	77.0	9.0	327.0	25.0	7.0	21.0	796.0	19.0	6.0	15.0	30.0	0.0
6	5	7	-7.87577200056866	0.9999999999999982	0.4814814814814815	8128.0	277.0	327.0	21.0	6.0	263.0	77.0	9.0	25.0	796.0	15.0	7.0	30.0	19.0	0.0
5	6	8	-99999.9	1.0	-0.02	8130.0	275.0	268.0	71.0	10.0	329.0	20.0	5.0	19.0	804.0	13.0	7.0	19.0	30.0	0.0
5	8	6	0.16137298506991896	0.4358998141117263	0.01886792452830189	8130.0	268.0	275.0	71.0	10.0	329.0	19.0	7.0	20.0	804.0	19.0	5.0	13.0	30.0	0.0
6	5	8	-8.230022238565844	0.9999999999999999	0.5048543689320388	8130.0	275.0	329.0	20.0	5.0	268.0	71.0	10.0	19.0	804.0	13.0	7.0	30.0	19.0	0.0
5	6	9	-1.9398695976236857	0.9738022985429919	1.0575221238938053	7872.0	533.0	327.0	14.0	8.0	313.0	27.0	14.0	266.0	536.0	34.0	20.0	17.0	18.0	1.0
5	9	6	-37.60362604624379	1.0	0.48676171079429736	7872.0	327.0	533.0	14.0	8.0	313.0	266.0	20.0	27.0	536.0	17.0	14.0	34.0	18.0	1.0
6	5	9	2.045385517159702	0.02040836564190196	0.9509433962264151	7872.0	533.0	313.0	27.0	14.0	327.0	14.0	8.0	266.0	536.0	34.0	20.0	18.0	17.0	1.0
5	7	8	-99999.9	1.0	-0.021929824561403508	8281.0	110.0	117.0	243.0	3.0	347.0	10.0	2.0	5.0	824.0	7.0	3.0	9.0	39.0	0.0
5	8	7	1.2911100165057565	0.09833283390360881	0.020576131687242802	8281.0	117.0	110.0	243.0	3.0	347.0	5.0	3.0	10.0	824.0	9.0	2.0	7.0	39.0	0.0
7	5	8	-60.165726769168295	1.0	0.505307855626327	8281.0	110.0	347.0	10.0	2.0	117.0	243.0	3.0	5.0	824.0	7.0	3.0	39.0	9.0	0.0
5	7	9	-2.1207156944223566	0.9830271925541876	1.0666666666666667	7865.0	526.0	334.0	15.0	14.0	317.0	30.0	12.0	270.0	532.0	34.0	12.0	18.0	19.0	2.0
5	9	7	-36.0521668051801	1.0	0.48484848484848486	7865.0	334.0	526.0	15.0	14.0	317.0	270.0	12.0	30.0	532.0	18.0	12.0	34.0	19.0	2.0
7	5	9	2.2532604253237545	0.012121328605521842	0.9444444444444444	7865.0	526.0	317.0	30.0	12.0	334.0	15.0	14.0	270.0	532.0	34.0	12.0	19.0	18.0	2.0
5	8	9	-1.3354998019913809	0.909143525178154	1.0381355932203389	7870.0	528.0	329.0	17.0	10.0	317.0	26.0	12.0	271.0	537.0	35.0	11.0	17.0	17.0	3.0
5	9	8	-37.69077218953458	1.0	0.49098196392785565	7870.0	329.0	528.0	17.0	10.0	317.0	271.0	11.0	26.0	537.0	17.0	12.0	35.0	17.0	3.0
8	5	9	1.3845589783910643	0.083093738613222	0.9657794676806084	7870.0	528.0	317.0	26.0	12.0	329.0	17.0	10.0	271.0	537.0	35.0	11.0	17.0	17.0	3.0
6	7	8	0.23566332727804462	0.4068470124926016	0.0	8346.0	109.0	113.0	189.0	2.0	282.0	9.0	4.0	9.0	887.0	7.0	3.0	9.0	30.0	1.0
6	8	7	0.23566332727804462	0.4068470124926016	0.0	8346.0	113.0	109.0	189.0	2.0	282.0	9.0	3.0	9.0	887.0	9.0	4.0	7.0	30.0	1.0
7	6	8	-42.30904452500414	1.0	0.5	8346.0	109.0	282.0	9.0	4.0	113.0	189.0	2.0	9.0	887.0	7.0	3.0	30.0	9.0	1.0
6	7	9	-0.4058626532185241	0.6575781930459026	1.006514657980456	7908.0	547.0	277.0	11.0	16.0	274.0	13.0	8.0	322.0	542.0	39.0	17.0	13.0	13.0	0.0
6	9	7	-63.11164257548035	1.0	0.4983870967741935	7908.0	277.0	547.0	11.0	16.0	274.0	322.0	17.0	13.0	542.0	13.0	8.0	39.0	13.0	0.0
7	6	9	0.40848959595780254	0.3414571792680484	0.9936102236421726	7908.0	547.0	274.0	13.0	8.0	277.0	11.0	16.0	322.0	542.0	39.0	17.0	13.0	13.0	0.0
6	8	9	0.8543589067450352	0.19645303356124733	0.9871794871794872	7910.0	549.0	275.0	13.0	12.0	277.0	9.0	8.0	317.0	547.0	41.0	19.0	12.0	11.0	0.0
6	9	8	-64.93127691262248	1.0	0.5032679738562091	7910.0	275.0	549.0	13.0	12.0	277.0	317.0	19.0	9.0	547.0	12.0	8.0	41.0	11.0	0.0
8	6	9	-0.8432633365275672	0.8004594571770134	1.0133333333333334	7910.0	549.0	277.0	9.0	8.0	275.0	13.0	12.0	317.0	547.0	41.0	19.0	11.0	12.0	0.0
7	8	9	1.885740846386754	0.029664878256804306	0.988	8071.0	557.0	111.0	8.0	3.0	116.0	2.0	7.0	496.0	556.0	54.0	4.0	8.0	7.0	0.0
7	9	8	-153.37358883945615	1.0	0.5030549898167006	8071.0	111.0	557.0	8.0	3.0	116.0	496.0	4.0	2.0	556.0	8.0	7.0	54.0	7.0	0.0
8	7	9	-1.8628371114103965	0.9687574685654883	1.012448132780083	8071.0	557.0	116.0	2.0	7.0	111.0	8.0	3.0	496.0	556.0	54.0	4.0	7.0	8.0	0.0
