P1	Hybrid	P2	Zscore	Pvalue	Gamma	AAAA	AAAB	AABA	AABB	AABC	ABAA	ABAB	ABAC	ABBA	BAAA	ABBC	CABC	BACA	BCAA	ABCD
1	2	3	-99999.9	1.0	-0.03754266211604096	21885.0	1168.0	1104.0	453.0	43.0	3033.0	149.0	100.0	138.0	1587.0	48.0	92.0	43.0	152.0	5.0
1	3	2	0.6595235910486499	0.2547797369198168	0.03374233128834356	21885.0	1104.0	1168.0	453.0	43.0	3033.0	138.0	92.0	149.0	1587.0	43.0	100.0	48.0	152.0	5.0
2	1	3	-18.226833788980887	1.0	0.5088852988691437	21885.0	1168.0	3033.0	149.0	100.0	1104.0	453.0	43.0	138.0	1587.0	48.0	92.0	152.0	43.0	5.0
1	2	4	0.3027124617153571	0.3810545685255601	0.016025641025641024	21863.0	1190.0	1100.0	443.0	57.0	3046.0	136.0	100.0	141.0	1591.0	41.0	95.0	45.0	145.0	7.0
1	4	2	-99999.9	1.0	-0.016835016835016835	21863.0	1100.0	1190.0	443.0	57.0	3046.0	141.0	95.0	136.0	1591.0	45.0	100.0	41.0	145.0	7.0
2	1	4	-18.283832687607486	1.0	0.49589490968801314	21863.0	1190.0	3046.0	136.0	100.0	1100.0	443.0	57.0	141.0	1591.0	41.0	95.0	145.0	45.0	7.0
1	2	5	0.23964148900372373	0.4053041491662964	0.012738853503184712	21854.0	1199.0	1094.0	449.0	57.0	3042.0	139.0	101.0	143.0	1586.0	44.0	92.0	46.0	148.0	6.0
1	5	2	-99999.9	1.0	-0.013245033112582781	21854.0	1094.0	1199.0	449.0	57.0	3042.0	143.0	92.0	139.0	1586.0	46.0	101.0	44.0	148.0	6.0
2	1	5	-18.332573908784855	1.0	0.4967532467532467	21854.0	1199.0	3042.0	139.0	101.0	1094.0	449.0	57.0	143.0	1586.0	44.0	92.0	148.0	46.0	6.0
1	2	6	1.0678218442824963	0.14280047563602227	0.050746268656716415	21906.0	1147.0	1113.0	442.0	45.0	3062.0	124.0	96.0	141.0	1593.0	39.0	94.0	44.0	145.0	9.0
1	6	2	-99999.9	1.0	-0.05985915492957747	21906.0	1113.0	1147.0	442.0	45.0	3062.0	141.0	94.0	124.0	1593.0	44.0	96.0	39.0	145.0	9.0
2	1	6	-18.906727948766513	1.0	0.48626817447495957	21906.0	1147.0	3062.0	124.0	96.0	1113.0	442.0	45.0	141.0	1593.0	39.0	94.0	145.0	44.0	9.0
1	2	7	0.2467139869674555	0.40256484405769444	0.012539184952978058	21901.0	1152.0	1115.0	446.0	39.0	3051.0	131.0	100.0	135.0	1594.0	44.0	92.0	44.0	151.0	5.0
1	7	2	-99999.9	1.0	-0.013029315960912051	21901.0	1115.0	1152.0	446.0	39.0	3051.0	135.0	92.0	131.0	1594.0	44.0	100.0	44.0	151.0	5.0
2	1	7	-19.182012486719668	1.0	0.4968051118210863	21901.0	1152.0	3051.0	131.0	100.0	1115.0	446.0	39.0	135.0	1594.0	44.0	92.0	151.0	44.0	5.0
1	2	8	0.4872375323099198	0.3130450106565936	0.025078369905956112	21882.0	1171.0	1118.0	445.0	37.0	3044.0	134.0	104.0	142.0	1586.0	45.0	92.0	44.0	151.0	5.0
1	8	2	-99999.9	1.0	-0.02711864406779661	21882.0	1118.0	1171.0	445.0	37.0	3044.0	142.0	92.0	134.0	1586.0	44.0	104.0	45.0	151.0	5.0
2	1	8	-18.4541215362382	1.0	0.49348534201954397	21882.0	1171.0	3044.0	134.0	104.0	1118.0	445.0	37.0	142.0	1586.0	45.0	92.0	151.0	44.0	5.0
1	2	9	-1.2052751986281984	0.8859513942203082	1.3246753246753247	21675.0	1378.0	1407.0	147.0	46.0	3005.0	172.0	105.0	274.0	1439.0	60.0	120.0	46.0	122.0	4.0
1	9	2	-6.122798009031248	0.9999999995384797	0.4454148471615721	21675.0	1407.0	1378.0	147.0	46.0	3005.0	274.0	120.0	172.0	1439.0	46.0	105.0	60.0	122.0	4.0
2	1	9	1.5006857865272667	0.06671845503389262	0.8355263157894737	21675.0	1378.0	3005.0	172.0	105.0	1407.0	147.0	46.0	274.0	1439.0	60.0	120.0	122.0	46.0	4.0
1	3	4	0.9665596757226688	0.16688209732403947	0.023178807947019868	22045.0	944.0	918.0	690.0	56.0	3082.0	100.0	81.0	114.0	1631.0	34.0	86.0	41.0	174.0	4.0
1	4	3	-99999.9	1.0	-0.02491103202846975	22045.0	918.0	944.0	690.0	56.0	3082.0	114.0	86.0	100.0	1631.0	41.0	81.0	34.0	174.0	4.0
3	1	4	-39.76702665830406	1.0	0.4939965694682676	22045.0	944.0	3082.0	100.0	81.0	918.0	690.0	56.0	114.0	1631.0	34.0	86.0	174.0	41.0	4.0
1	3	5	0.8198483727804213	0.20615122031474964	0.01993355481727575	22026.0	963.0	922.0	693.0	49.0	3079.0	103.0	81.0	115.0	1626.0	38.0	83.0	42.0	177.0	3.0
1	5	3	-99999.9	1.0	-0.021201413427561835	22026.0	922.0	963.0	693.0	49.0	3079.0	115.0	83.0	103.0	1626.0	42.0	81.0	38.0	177.0	3.0
3	1	5	-39.48936328892366	1.0	0.49486301369863017	22026.0	963.0	3079.0	103.0	81.0	922.0	693.0	49.0	115.0	1626.0	38.0	83.0	177.0	42.0	3.0
1	3	6	1.6893389708563071	0.04557721803090842	0.039473684210526314	22091.0	898.0	928.0	676.0	60.0	3100.0	92.0	71.0	116.0	1627.0	36.0	81.0	42.0	178.0	4.0
1	6	3	-99999.9	1.0	-0.04477611940298507	22091.0	928.0	898.0	676.0	60.0	3100.0	116.0	81.0	92.0	1627.0	42.0	71.0	36.0	178.0	4.0
3	1	6	-39.417909319980446	1.0	0.48951048951048953	22091.0	898.0	3100.0	92.0	71.0	928.0	676.0	60.0	116.0	1627.0	36.0	81.0	178.0	42.0	4.0
1	3	7	0.831312472195387	0.20289851318807228	0.019867549668874177	22099.0	890.0	917.0	692.0	55.0	3084.0	100.0	79.0	112.0	1629.0	38.0	82.0	40.0	180.0	3.0
1	7	3	-99999.9	1.0	-0.02112676056338028	22099.0	917.0	890.0	692.0	55.0	3084.0	112.0	82.0	100.0	1629.0	40.0	79.0	38.0	180.0	3.0
3	1	7	-40.18010282277702	1.0	0.4948805460750853	22099.0	890.0	3084.0	100.0	79.0	917.0	692.0	55.0	112.0	1629.0	38.0	82.0	180.0	40.0	3.0
1	3	8	0.9448303131241225	0.1723727448258423	0.02321724709784411	22077.0	912.0	923.0	694.0	47.0	3075.0	105.0	83.0	119.0	1617.0	43.0	84.0	42.0	177.0	2.0
1	8	3	-99999.9	1.0	-0.024955436720142603	22077.0	923.0	912.0	694.0	47.0	3075.0	119.0	84.0	105.0	1617.0	42.0	83.0	43.0	177.0	2.0
3	1	8	-38.80553071759785	1.0	0.49398625429553267	22077.0	912.0	3075.0	105.0	83.0	923.0	694.0	47.0	119.0	1617.0	43.0	84.0	177.0	42.0	2.0
1	3	9	-0.42825736761247096	0.6657680866633523	1.08	21626.0	1363.0	1456.0	157.0	51.0	2992.0	165.0	106.0	273.0	1445.0	61.0	134.0	47.0	121.0	3.0
1	9	3	-6.209731830380827	0.9999999997335314	0.48214285714285715	21626.0	1456.0	1363.0	157.0	51.0	2992.0	273.0	134.0	165.0	1445.0	47.0	106.0	61.0	121.0	3.0
3	1	9	0.4599801355837651	0.3227652595665811	0.9354838709677419	21626.0	1363.0	2992.0	165.0	106.0	1456.0	157.0	51.0	273.0	1445.0	61.0	134.0	121.0	47.0	3.0
1	4	5	-99999.9	1.0	-0.0013280212483399733	22802.0	161.0	146.0	1530.0	14.0	3245.0	22.0	15.0	20.0	1746.0	6.0	12.0	3.0	277.0	1.0
1	5	4	0.3084246114219669	0.3788796973054156	0.0013227513227513227	22802.0	146.0	161.0	1530.0	14.0	3245.0	20.0	12.0	22.0	1746.0	3.0	15.0	6.0	277.0	1.0
4	1	5	-232.5521570121626	1.0	0.5003313452617627	22802.0	161.0	3245.0	22.0	15.0	146.0	1530.0	14.0	20.0	1746.0	6.0	12.0	277.0	3.0	1.0
1	4	6	0.8733604874751906	0.19123327149947822	0.019736842105263153	22073.0	890.0	946.0	686.0	58.0	3118.0	90.0	74.0	102.0	1635.0	35.0	77.0	36.0	174.0	6.0
1	6	4	-99999.9	1.0	-0.020979020979020976	22073.0	946.0	890.0	686.0	58.0	3118.0	102.0	77.0	90.0	1635.0	36.0	74.0	35.0	174.0	6.0
4	1	6	-42.503543723792596	1.0	0.4949152542372881	22073.0	890.0	3118.0	90.0	74.0	946.0	686.0	58.0	102.0	1635.0	35.0	77.0	174.0	36.0	6.0
1	4	7	-99999.9	1.0	-0.005008347245409015	22082.0	881.0	934.0	698.0	58.0	3107.0	96.0	79.0	93.0	1639.0	40.0	78.0	34.0	175.0	6.0
1	7	4	0.2186831493210292	0.41344847600232293	0.004934210526315789	22082.0	934.0	881.0	698.0	58.0	3107.0	93.0	78.0	96.0	1639.0	34.0	79.0	40.0	175.0	6.0
4	1	7	-43.882418630419956	1.0	0.5012427506213754	22082.0	881.0	3107.0	96.0	79.0	934.0	698.0	58.0	93.0	1639.0	40.0	78.0	175.0	34.0	6.0
1	4	8	0.1395398861788184	0.44451174336215016	0.003316749585406302	22066.0	897.0	934.0	703.0	53.0	3097.0	102.0	83.0	104.0	1628.0	40.0	77.0	34.0	176.0	6.0
1	8	4	-99999.9	1.0	-0.0033500837520938024	22066.0	934.0	897.0	703.0	53.0	3097.0	104.0	77.0	102.0	1628.0	34.0	83.0	40.0	176.0	6.0
4	1	8	-41.79219591055611	1.0	0.49916666666666665	22066.0	897.0	3097.0	102.0	83.0	934.0	703.0	53.0	104.0	1628.0	40.0	77.0	176.0	34.0	6.0
1	4	9	-0.9064794654558761	0.8176589623341093	1.24	21592.0	1371.0	1490.0	148.0	52.0	3009.0	166.0	107.0	259.0	1451.0	62.0	131.0	40.0	119.0	3.0
1	9	4	-5.58995670364457	0.9999999886135927	0.4558823529411765	21592.0	1490.0	1371.0	148.0	52.0	3009.0	259.0	131.0	166.0	1451.0	40.0	107.0	62.0	119.0	3.0
4	1	9	1.0819271039312068	0.13964249900758774	0.8604651162790697	21592.0	1371.0	3009.0	166.0	107.0	1490.0	148.0	52.0	259.0	1451.0	62.0	131.0	119.0	40.0	3.0
1	5	6	1.00971758261033	0.1563153216984331	0.02298850574712644	22061.0	887.0	958.0	686.0	61.0	3113.0	91.0	73.0	105.0	1631.0	35.0	79.0	39.0	176.0	5.0
1	6	5	-99999.9	1.0	-0.02469135802469136	22061.0	958.0	887.0	686.0	61.0	3113.0	105.0	79.0	91.0	1631.0	39.0	73.0	35.0	176.0	5.0
5	1	6	-41.90327967832871	1.0	0.494047619047619	22061.0	887.0	3113.0	91.0	73.0	958.0	686.0	61.0	105.0	1631.0	35.0	79.0	176.0	39.0	5.0
1	5	7	-99999.9	1.0	-0.0016722408026755853	22066.0	882.0	950.0	697.0	58.0	3101.0	98.0	78.0	97.0	1634.0	40.0	80.0	37.0	177.0	5.0
1	7	5	0.07165215587894445	0.47143929716413724	0.0016638935108153079	22066.0	950.0	882.0	697.0	58.0	3101.0	97.0	80.0	98.0	1634.0	37.0	78.0	40.0	177.0	5.0
5	1	7	-42.91964137148797	1.0	0.5004170141784821	22066.0	882.0	3101.0	98.0	78.0	950.0	697.0	58.0	97.0	1634.0	40.0	80.0	177.0	37.0	5.0
1	5	8	0.3438865057400551	0.3654658865890301	0.008361204013377926	22047.0	901.0	953.0	697.0	55.0	3089.0	104.0	84.0	109.0	1623.0	39.0	80.0	37.0	177.0	5.0
1	8	5	-99999.9	1.0	-0.008576329331046312	22047.0	953.0	901.0	697.0	55.0	3089.0	109.0	80.0	104.0	1623.0	37.0	84.0	39.0	177.0	5.0
5	1	8	-40.441053075030496	1.0	0.49788314987298904	22047.0	901.0	3089.0	104.0	84.0	953.0	697.0	55.0	109.0	1623.0	39.0	80.0	177.0	37.0	5.0
1	5	9	-1.0798684899391975	0.8598995884140166	1.3013698630136987	21573.0	1375.0	1509.0	146.0	50.0	3003.0	168.0	106.0	263.0	1445.0	63.0	133.0	44.0	120.0	2.0
1	9	5	-5.742936969222098	0.9999999953337189	0.4481132075471698	21573.0	1509.0	1375.0	146.0	50.0	3003.0	263.0	133.0	168.0	1445.0	44.0	106.0	63.0	120.0	2.0
5	1	9	1.3299432981356432	0.09176854245900712	0.841726618705036	21573.0	1375.0	3003.0	168.0	106.0	1509.0	146.0	50.0	263.0	1445.0	63.0	133.0	120.0	44.0	2.0
1	6	7	-99999.9	1.0	-0.01752021563342318	22268.0	751.0	748.0	838.0	48.0	3150.0	83.0	64.0	70.0	1659.0	32.0	58.0	27.0	198.0	6.0
1	7	6	1.0579645481236173	0.14503583377539697	0.016645326504481434	22268.0	748.0	751.0	838.0	48.0	3150.0	70.0	58.0	83.0	1659.0	27.0	64.0	32.0	198.0	6.0
6	1	7	-61.44332567948694	1.0	0.5042678923177938	22268.0	751.0	3150.0	83.0	64.0	748.0	838.0	48.0	70.0	1659.0	32.0	58.0	198.0	27.0	6.0
1	6	8	-99999.9	1.0	-0.02051983584131327	22241.0	778.0	759.0	837.0	38.0	3140.0	91.0	66.0	76.0	1648.0	37.0	62.0	25.0	196.0	6.0
1	8	6	1.1696756140707063	0.12106582801837795	0.019329896907216496	22241.0	759.0	778.0	837.0	38.0	3140.0	76.0	62.0	91.0	1648.0	25.0	66.0	37.0	196.0	6.0
6	1	8	-58.17186720644981	1.0	0.5049767750497677	22241.0	778.0	3140.0	91.0	66.0	759.0	837.0	38.0	76.0	1648.0	37.0	62.0	196.0	25.0	6.0
1	6	9	-0.943399983325058	0.8272618365810412	1.2794117647058825	21648.0	1371.0	1434.0	147.0	53.0	3020.0	166.0	111.0	253.0	1446.0	62.0	126.0	45.0	116.0	2.0
1	9	6	-5.263178854339799	0.9999999290642182	0.45077720207253885	21648.0	1434.0	1371.0	147.0	53.0	3020.0	253.0	126.0	166.0	1446.0	45.0	111.0	62.0	116.0	2.0
6	1	9	1.1494298647408752	0.1251894421655848	0.848	21648.0	1371.0	3020.0	166.0	111.0	1434.0	147.0	53.0	253.0	1446.0	62.0	126.0	116.0	45.0	2.0
1	7	8	0.12398576998176414	0.45066323138932585	0.0007710100231303007	22704.0	312.0	296.0	1328.0	13.0	3218.0	32.0	28.0	33.0	1719.0	17.0	27.0	13.0	260.0	0.0
1	8	7	-99999.9	1.0	-0.0007727975270479134	22704.0	296.0	312.0	1328.0	13.0	3218.0	33.0	27.0	32.0	1719.0	13.0	28.0	17.0	260.0	0.0
7	1	8	-160.5615721263843	1.0	0.49980702431493634	22704.0	312.0	3218.0	32.0	28.0	296.0	1328.0	13.0	33.0	1719.0	17.0	27.0	260.0	13.0	0.0
1	7	9	0.05626940895668371	0.4775635251864818	0.9896907216494846	21658.0	1358.0	1424.0	160.0	53.0	3015.0	159.0	104.0	255.0	1452.0	62.0	129.0	46.0	122.0	3.0
1	9	7	-5.3455938508849865	0.9999999548417309	0.5026178010471204	21658.0	1424.0	1358.0	160.0	53.0	3015.0	255.0	129.0	159.0	1452.0	46.0	104.0	62.0	122.0	3.0
7	1	9	-0.0556832692800516	0.5222030048585444	1.0106382978723405	21658.0	1358.0	3015.0	159.0	104.0	1424.0	160.0	53.0	255.0	1452.0	62.0	129.0	122.0	46.0	3.0
1	8	9	-0.5716544119675813	0.7162219743763345	1.139240506329114	21635.0	1365.0	1447.0	156.0	50.0	3006.0	167.0	105.0	257.0	1444.0	63.0	136.0	46.0	120.0	3.0
1	9	8	-5.248826873520515	0.9999999233120116	0.47120418848167545	21635.0	1447.0	1365.0	156.0	50.0	3006.0	257.0	136.0	167.0	1444.0	46.0	105.0	63.0	120.0	3.0
8	1	9	0.6415232845413968	0.2605913184484038	0.9017857142857143	21635.0	1365.0	3006.0	167.0	105.0	1447.0	156.0	50.0	257.0	1444.0	63.0	136.0	120.0	46.0	3.0
2	3	4	0.41550047694500325	0.33888782552029506	0.016722408026755856	23893.0	1025.0	1016.0	365.0	36.0	1234.0	71.0	29.0	76.0	2064.0	52.0	26.0	44.0	66.0	3.0
2	4	3	-99999.9	1.0	-0.017605633802816902	23893.0	1016.0	1025.0	365.0	36.0	1234.0	76.0	26.0	71.0	2064.0	44.0	29.0	52.0	66.0	3.0
3	2	4	-24.015927567421212	1.0	0.4957118353344769	23893.0	1025.0	1234.0	71.0	29.0	1016.0	365.0	36.0	76.0	2064.0	52.0	26.0	66.0	44.0	3.0
2	3	5	0.08148971455069025	0.4675261857913253	0.003424657534246575	23878.0	1040.0	1018.0	366.0	33.0	1227.0	75.0	32.0	76.0	2064.0	52.0	26.0	44.0	66.0	3.0
2	5	3	-99999.9	1.0	-0.0034602076124567475	23878.0	1018.0	1040.0	366.0	33.0	1227.0	76.0	26.0	75.0	2064.0	44.0	32.0	52.0	66.0	3.0
3	2	5	-23.63201721970001	1.0	0.4991394148020654	23878.0	1040.0	1227.0	75.0	32.0	1018.0	366.0	33.0	76.0	2064.0	52.0	26.0	66.0	44.0	3.0
2	3	6	0.6654509572812269	0.2528809856202625	0.02711864406779661	23946.0	972.0	1022.0	357.0	38.0	1245.0	70.0	19.0	78.0	2063.0	51.0	25.0	47.0	61.0	6.0
2	6	3	-99999.9	1.0	-0.029520295202952032	23946.0	1022.0	972.0	357.0	38.0	1245.0	78.0	25.0	70.0	2063.0	47.0	19.0	51.0	61.0	6.0
3	2	6	-23.207602135182782	1.0	0.4929328621908127	23946.0	972.0	1245.0	70.0	19.0	1022.0	357.0	38.0	78.0	2063.0	51.0	25.0	61.0	47.0	6.0
2	3	7	0.33770606576791984	0.36779241890431635	0.01346801346801347	23939.0	979.0	1013.0	362.0	42.0	1244.0	69.0	21.0	73.0	2075.0	44.0	25.0	47.0	64.0	3.0
2	7	3	-99999.9	1.0	-0.014035087719298246	23939.0	1013.0	979.0	362.0	42.0	1244.0	73.0	25.0	69.0	2075.0	47.0	21.0	44.0	64.0	3.0
3	2	7	-24.399263251732197	1.0	0.4965635738831615	23939.0	979.0	1244.0	69.0	21.0	1013.0	362.0	42.0	73.0	2075.0	44.0	25.0	64.0	47.0	3.0
2	3	8	0.7419729285218559	0.22905180034951034	0.02990033222591362	23907.0	1011.0	1019.0	363.0	35.0	1245.0	71.0	18.0	80.0	2063.0	49.0	27.0	48.0	62.0	2.0
2	8	3	-99999.9	1.0	-0.03284671532846715	23907.0	1019.0	1011.0	363.0	35.0	1245.0	80.0	27.0	71.0	2063.0	48.0	18.0	49.0	62.0	2.0
3	2	8	-23.330926530187256	1.0	0.49217391304347824	23907.0	1011.0	1245.0	71.0	18.0	1019.0	363.0	35.0	80.0	2063.0	49.0	27.0	62.0	48.0	2.0
2	3	9	1.2298692623275833	0.10937310069606487	0.9656652360515021	23399.0	1519.0	1281.0	95.0	41.0	1219.0	79.0	36.0	529.0	1588.0	75.0	53.0	41.0	40.0	5.0
2	9	3	-33.36020374063568	1.0	0.5090497737556562	23399.0	1281.0	1519.0	95.0	41.0	1219.0	529.0	53.0	79.0	1588.0	41.0	36.0	75.0	40.0	5.0
3	2	9	-1.1861405774448248	0.8822165428827002	1.0382775119617225	23399.0	1519.0	1219.0	79.0	36.0	1281.0	95.0	41.0	529.0	1588.0	75.0	53.0	40.0	41.0	5.0
2	4	5	-99999.9	1.0	-0.004051863857374392	24734.0	175.0	162.0	1255.0	9.0	1313.0	16.0	7.0	11.0	2160.0	8.0	5.0	7.0	138.0	0.0
2	5	4	0.9616873653946861	0.16810333026482027	0.0040032025620496394	24734.0	162.0	175.0	1255.0	9.0	1313.0	11.0	5.0	16.0	2160.0	7.0	7.0	8.0	138.0	0.0
4	2	5	-238.30612914480244	1.0	0.5010068465565849	24734.0	175.0	1313.0	16.0	7.0	162.0	1255.0	9.0	11.0	2160.0	8.0	5.0	138.0	7.0	0.0
2	4	6	0.48773189756169305	0.3128698826918357	0.01948051948051948	23949.0	960.0	1019.0	376.0	31.0	1242.0	74.0	20.0	80.0	2052.0	47.0	26.0	54.0	67.0	3.0
2	6	4	-99999.9	1.0	-0.020689655172413796	23949.0	1019.0	960.0	376.0	31.0	1242.0	80.0	26.0	74.0	2052.0	54.0	20.0	47.0	67.0	3.0
4	2	6	-24.06144027971019	1.0	0.4949832775919732	23949.0	960.0	1242.0	74.0	20.0	1019.0	376.0	31.0	80.0	2052.0	47.0	26.0	67.0	54.0	3.0
2	4	7	-99999.9	1.0	-0.016666666666666666	23944.0	965.0	1008.0	380.0	38.0	1245.0	75.0	16.0	70.0	2063.0	46.0	27.0	53.0	69.0	1.0
2	7	4	0.41818327778537573	0.3379066017625345	0.015873015873015872	23944.0	1008.0	965.0	380.0	38.0	1245.0	70.0	27.0	75.0	2063.0	53.0	16.0	46.0	69.0	1.0
4	2	7	-25.50917994490794	1.0	0.5040650406504066	23944.0	965.0	1245.0	75.0	16.0	1008.0	380.0	38.0	70.0	2063.0	46.0	27.0	69.0	53.0	1.0
2	4	8	0.487633087539151	0.31290488258225413	0.019047619047619046	23918.0	991.0	1008.0	383.0	35.0	1245.0	74.0	17.0	80.0	2055.0	44.0	27.0	53.0	69.0	1.0
2	8	4	-99999.9	1.0	-0.020202020202020204	23918.0	1008.0	991.0	383.0	35.0	1245.0	80.0	27.0	74.0	2055.0	53.0	17.0	44.0	69.0	1.0
4	2	8	-24.625470920727103	1.0	0.4950980392156863	23918.0	991.0	1245.0	74.0	17.0	1008.0	383.0	35.0	80.0	2055.0	44.0	27.0	69.0	53.0	1.0
2	4	9	0.6010786846433418	0.27389374146736034	0.981941309255079	23385.0	1524.0	1295.0	94.0	37.0	1216.0	86.0	34.0	521.0	1582.0	76.0	64.0	40.0	42.0	4.0
2	9	4	-32.08257479283841	1.0	0.5046403712296984	23385.0	1295.0	1524.0	94.0	37.0	1216.0	521.0	64.0	86.0	1582.0	40.0	34.0	76.0	42.0	4.0
4	2	9	-0.5900243640062229	0.7224128866190992	1.0190930787589498	23385.0	1524.0	1216.0	86.0	34.0	1295.0	94.0	37.0	521.0	1582.0	76.0	64.0	42.0	40.0	4.0
2	5	6	0.8855351748968908	0.1879339939647685	0.03514376996805112	23940.0	956.0	1028.0	376.0	35.0	1234.0	74.0	21.0	85.0	2051.0	47.0	29.0	55.0	66.0	3.0
2	6	5	-99999.9	1.0	-0.039285714285714285	23940.0	1028.0	956.0	376.0	35.0	1234.0	85.0	29.0	74.0	2051.0	55.0	21.0	47.0	66.0	3.0
5	2	6	-23.42643053590866	1.0	0.49072512647554806	23940.0	956.0	1234.0	74.0	21.0	1028.0	376.0	35.0	85.0	2051.0	47.0	29.0	66.0	55.0	3.0
2	5	7	0.08175614349780747	0.46742024959440287	0.0	23929.0	967.0	1023.0	377.0	39.0	1238.0	75.0	16.0	75.0	2062.0	46.0	29.0	54.0	69.0	1.0
2	7	5	0.08175614349780747	0.46742024959440287	0.0	23929.0	1023.0	967.0	377.0	39.0	1238.0	75.0	29.0	75.0	2062.0	54.0	16.0	46.0	69.0	1.0
5	2	7	-24.64998145252028	1.0	0.5	23929.0	967.0	1238.0	75.0	16.0	1023.0	377.0	39.0	75.0	2062.0	46.0	29.0	69.0	54.0	1.0
2	5	8	0.8856231742935883	0.1879102752389905	0.03536977491961415	23898.0	998.0	1028.0	374.0	37.0	1238.0	74.0	17.0	85.0	2054.0	44.0	29.0	54.0	69.0	1.0
2	8	5	-99999.9	1.0	-0.03956834532374101	23898.0	1028.0	998.0	374.0	37.0	1238.0	85.0	29.0	74.0	2054.0	54.0	17.0	44.0	69.0	1.0
5	2	8	-23.267736124622463	1.0	0.4906621392190153	23898.0	998.0	1238.0	74.0	17.0	1028.0	374.0	37.0	85.0	2054.0	44.0	29.0	69.0	54.0	1.0
2	5	9	0.3010259682380949	0.3816974146725327	0.990990990990991	23368.0	1528.0	1312.0	91.0	36.0	1208.0	87.0	34.0	527.0	1579.0	77.0	66.0	42.0	41.0	4.0
2	9	5	-32.81183053795234	1.0	0.5022831050228311	23368.0	1312.0	1528.0	91.0	36.0	1208.0	527.0	66.0	87.0	1579.0	42.0	34.0	77.0	41.0	4.0
5	2	9	-0.29828936852683957	0.6172587729678465	1.0092592592592593	23368.0	1528.0	1208.0	87.0	34.0	1312.0	91.0	36.0	527.0	1579.0	77.0	66.0	41.0	42.0	4.0
2	6	7	-99999.9	1.0	-0.017241379310344827	24152.0	816.0	800.0	534.0	33.0	1266.0	62.0	20.0	54.0	2088.0	38.0	22.0	41.0	73.0	1.0
2	7	6	0.7477559916024489	0.22730360759779078	0.01639344262295082	24152.0	800.0	816.0	534.0	33.0	1266.0	54.0	22.0	62.0	2088.0	41.0	20.0	38.0	73.0	1.0
6	2	7	-44.11760350454452	1.0	0.5042016806722689	24152.0	816.0	1266.0	62.0	20.0	800.0	534.0	33.0	54.0	2088.0	38.0	22.0	73.0	41.0	1.0
2	6	8	-99999.9	1.0	-0.002145922746781116	24115.0	853.0	811.0	532.0	24.0	1266.0	65.0	17.0	64.0	2076.0	40.0	22.0	41.0	73.0	1.0
2	8	6	0.08810350292476055	0.464897142524612	0.0021321961620469087	24115.0	811.0	853.0	532.0	24.0	1266.0	64.0	22.0	65.0	2076.0	41.0	17.0	40.0	73.0	1.0
6	2	8	-41.144335865862885	1.0	0.5005347593582887	24115.0	853.0	1266.0	65.0	17.0	811.0	532.0	24.0	64.0	2076.0	40.0	22.0	73.0	41.0	1.0
2	6	9	0.2993743799924203	0.3823272722501956	0.9908256880733946	23442.0	1526.0	1238.0	92.0	37.0	1226.0	88.0	34.0	520.0	1580.0	80.0	55.0	40.0	37.0	5.0
2	9	6	-32.03305865918907	1.0	0.5023255813953489	23442.0	1238.0	1526.0	92.0	37.0	1226.0	520.0	55.0	88.0	1580.0	40.0	34.0	80.0	37.0	5.0
6	2	9	-0.29660239499249047	0.6166148909949929	1.009433962264151	23442.0	1526.0	1226.0	88.0	34.0	1238.0	92.0	37.0	520.0	1580.0	80.0	55.0	37.0	40.0	5.0
2	7	8	1.0013944583701884	0.1583180815266082	0.00674373795761079	24606.0	346.0	320.0	1052.0	11.0	1316.0	21.0	5.0	28.0	2146.0	17.0	8.0	15.0	109.0	0.0
2	8	7	-99999.9	1.0	-0.00688298918387414	24606.0	320.0	346.0	1052.0	11.0	1316.0	28.0	8.0	21.0	2146.0	15.0	5.0	17.0	109.0	0.0
7	2	8	-146.4897036244394	1.0	0.4982968369829684	24606.0	346.0	1316.0	21.0	5.0	320.0	1052.0	11.0	28.0	2146.0	17.0	8.0	109.0	15.0	0.0
2	7	9	2.270544464162948	0.011587249685555245	0.9369747899159664	23442.0	1510.0	1238.0	106.0	39.0	1231.0	76.0	35.0	522.0	1589.0	80.0	48.0	43.0	39.0	2.0
2	9	7	-31.48488323639289	1.0	0.5174013921113689	23442.0	1238.0	1510.0	106.0	39.0	1231.0	522.0	48.0	76.0	1589.0	43.0	35.0	80.0	39.0	2.0
7	2	9	-2.117817258053332	0.9829047868161456	1.077720207253886	23442.0	1510.0	1231.0	76.0	35.0	1238.0	106.0	39.0	522.0	1589.0	80.0	48.0	39.0	43.0	2.0
2	8	9	0.9676775620859597	0.16660271095212742	0.9708520179372198	23409.0	1517.0	1271.0	99.0	39.0	1232.0	86.0	34.0	519.0	1582.0	81.0	50.0	40.0	39.0	2.0
2	9	8	-31.263428928931003	1.0	0.5076201641266119	23409.0	1271.0	1517.0	99.0	39.0	1232.0	519.0	50.0	86.0	1582.0	40.0	34.0	81.0	39.0	2.0
8	2	9	-0.9386248870117855	0.8260383290510518	1.031941031941032	23409.0	1517.0	1232.0	86.0	34.0	1271.0	99.0	39.0	519.0	1582.0	81.0	50.0	39.0	40.0	2.0
3	4	5	0.1887419118032599	0.4251475665725425	0.0	24946.0	181.0	159.0	959.0	7.0	1101.0	14.0	3.0	14.0	2473.0	8.0	5.0	9.0	121.0	0.0
3	5	4	0.1887419118032599	0.4251475665725425	0.0	24946.0	159.0	181.0	959.0	7.0	1101.0	14.0	5.0	14.0	2473.0	9.0	3.0	8.0	121.0	0.0
4	3	5	-178.27015765494832	1.0	0.5	24946.0	181.0	1101.0	14.0	3.0	159.0	959.0	7.0	14.0	2473.0	8.0	5.0	121.0	9.0	0.0
3	4	6	0.4831973618612791	0.3144778118005045	0.29411764705882354	24160.0	967.0	1031.0	78.0	16.0	1031.0	66.0	21.0	71.0	2361.0	63.0	23.0	54.0	56.0	2.0
3	6	4	-99999.9	1.0	-2.5	24160.0	1031.0	967.0	78.0	16.0	1031.0	71.0	23.0	66.0	2361.0	54.0	21.0	63.0	56.0	2.0
4	3	6	-0.6764763066057892	0.7506309247212031	0.3684210526315789	24160.0	967.0	1031.0	66.0	21.0	1031.0	78.0	16.0	71.0	2361.0	63.0	23.0	56.0	54.0	2.0
3	4	7	-99999.9	1.0	-4.500000000000002	24166.0	961.0	1017.0	83.0	25.0	1023.0	72.0	23.0	63.0	2375.0	57.0	25.0	54.0	54.0	2.0
3	7	4	0.866265063499108	0.19317236896314594	0.3103448275862069	24166.0	1017.0	961.0	83.0	25.0	1023.0	63.0	25.0	72.0	2375.0	54.0	23.0	57.0	54.0	2.0
4	3	7	-1.0587684109433542	0.8551473369812772	0.6451612903225806	24166.0	961.0	1023.0	72.0	23.0	1017.0	83.0	25.0	63.0	2375.0	57.0	25.0	54.0	54.0	2.0
3	4	8	0.3678515020470804	0.3564920428332581	0.22222222222222224	24135.0	992.0	1017.0	85.0	23.0	1028.0	71.0	19.0	75.0	2364.0	56.0	23.0	53.0	58.0	1.0
3	8	4	-99999.9	1.0	-0.6666666666666667	24135.0	1017.0	992.0	85.0	23.0	1028.0	75.0	23.0	71.0	2364.0	53.0	19.0	56.0	58.0	1.0
4	3	8	-0.9196287551177044	0.8211166243679708	0.41666666666666663	24135.0	992.0	1028.0	71.0	19.0	1017.0	85.0	23.0	75.0	2364.0	56.0	23.0	58.0	53.0	1.0
3	4	9	-0.4223624318529513	0.6636197132925796	1.006993006993007	23589.0	1538.0	1029.0	67.0	29.0	1012.0	72.0	34.0	792.0	1614.0	89.0	59.0	37.0	37.0	2.0
3	9	4	-61.24255261867797	1.0	0.4982698961937716	23589.0	1029.0	1538.0	67.0	29.0	1012.0	792.0	59.0	72.0	1614.0	37.0	34.0	89.0	37.0	2.0
4	3	9	0.42529550429637464	0.3353106730906785	0.9931506849315068	23589.0	1538.0	1012.0	72.0	34.0	1029.0	67.0	29.0	792.0	1614.0	89.0	59.0	37.0	37.0	2.0
3	5	6	0.4782916970232432	0.31622131286118815	0.2777777777777778	24142.0	963.0	1049.0	80.0	18.0	1032.0	67.0	21.0	72.0	2359.0	65.0	21.0	55.0	54.0	2.0
3	6	5	-99999.9	1.0	-1.6666666666666667	24142.0	1049.0	963.0	80.0	18.0	1032.0	72.0	21.0	67.0	2359.0	55.0	21.0	65.0	54.0	2.0
5	3	6	-0.7652667152371903	0.7779436962460435	0.380952380952381	24142.0	963.0	1032.0	67.0	21.0	1049.0	80.0	18.0	72.0	2359.0	65.0	21.0	54.0	55.0	2.0
3	5	7	-99999.9	1.0	-9.000000000000002	24143.0	962.0	1040.0	83.0	24.0	1024.0	73.0	23.0	64.0	2373.0	59.0	23.0	55.0	52.0	2.0
3	7	5	0.860360614955751	0.19479510139225198	0.32142857142857145	24143.0	1040.0	962.0	83.0	24.0	1024.0	64.0	23.0	73.0	2373.0	55.0	23.0	59.0	52.0	2.0
5	3	7	-0.9559562388397213	0.8304528354499656	0.6551724137931034	24143.0	962.0	1024.0	73.0	23.0	1040.0	83.0	24.0	64.0	2373.0	59.0	23.0	52.0	55.0	2.0
3	5	8	0.37284646516517495	0.35463141825745403	0.36363636363636365	24107.0	998.0	1045.0	79.0	23.0	1029.0	72.0	19.0	76.0	2362.0	58.0	21.0	54.0	56.0	1.0
3	8	5	-99999.9	1.0	4.000000000000001	24107.0	1045.0	998.0	79.0	23.0	1029.0	76.0	21.0	72.0	2362.0	54.0	19.0	58.0	56.0	1.0
5	3	8	-0.27963484887388057	0.6101211011621648	0.3	24107.0	998.0	1029.0	72.0	19.0	1045.0	79.0	23.0	76.0	2362.0	58.0	21.0	56.0	54.0	1.0
3	5	9	-0.7577182505042664	0.7756902316595935	1.0126227208976157	23564.0	1541.0	1054.0	65.0	28.0	1012.0	74.0	34.0	796.0	1610.0	90.0	55.0	39.0	36.0	2.0
3	9	5	-61.54356012429103	1.0	0.4969029593943565	23564.0	1054.0	1541.0	65.0	28.0	1012.0	796.0	55.0	74.0	1610.0	39.0	34.0	90.0	36.0	2.0
5	3	9	0.7671634918540426	0.22149209215334686	0.9878378378378379	23564.0	1541.0	1012.0	74.0	34.0	1054.0	65.0	28.0	796.0	1610.0	90.0	55.0	36.0	39.0	2.0
3	6	7	-99999.9	1.0	-0.10526315789473684	24374.0	817.0	809.0	231.0	21.0	1044.0	63.0	18.0	47.0	2391.0	43.0	20.0	47.0	73.0	2.0
3	7	6	1.5687765337299622	0.05835001823370645	0.08	24374.0	809.0	817.0	231.0	21.0	1044.0	47.0	20.0	63.0	2391.0	47.0	18.0	43.0	73.0	2.0
6	3	7	-16.472153604164607	1.0	0.5227272727272727	24374.0	817.0	1044.0	63.0	18.0	809.0	231.0	21.0	47.0	2391.0	43.0	20.0	73.0	47.0	2.0
3	6	8	-99999.9	1.0	-0.025	24335.0	856.0	817.0	228.0	16.0	1046.0	64.0	15.0	60.0	2378.0	43.0	20.0	46.0	75.0	1.0
3	8	6	0.36303111896401963	0.3582908812023695	0.023255813953488372	24335.0	817.0	856.0	228.0	16.0	1046.0	60.0	20.0	64.0	2378.0	46.0	15.0	43.0	75.0	1.0
6	3	8	-14.884275877524846	1.0	0.5060240963855421	24335.0	856.0	1046.0	64.0	15.0	817.0	228.0	16.0	60.0	2378.0	43.0	20.0	75.0	46.0	1.0
3	6	9	-0.3322314726001993	0.6301426918042448	1.0056338028169014	23654.0	1537.0	964.0	70.0	27.0	1014.0	74.0	37.0	788.0	1605.0	88.0	61.0	44.0	34.0	3.0
3	9	6	-59.63554933173572	1.0	0.49860335195530725	23654.0	964.0	1537.0	70.0	27.0	1014.0	788.0	61.0	74.0	1605.0	44.0	37.0	88.0	34.0	3.0
6	3	9	0.33409271334305757	0.3691548669521363	0.9944598337950139	23654.0	1537.0	1014.0	74.0	37.0	964.0	70.0	27.0	788.0	1605.0	88.0	61.0	34.0	44.0	3.0
3	7	8	1.3912120706617535	0.08208062028280538	0.013550135501355014	24837.0	346.0	315.0	749.0	5.0	1085.0	21.0	5.0	31.0	2450.0	20.0	10.0	17.0	108.0	1.0
3	8	7	-99999.9	1.0	-0.014124293785310734	24837.0	315.0	346.0	749.0	5.0	1085.0	31.0	10.0	21.0	2450.0	17.0	5.0	20.0	108.0	1.0
7	3	8	-99.88902667351374	1.0	0.49654218533886585	24837.0	346.0	1085.0	21.0	5.0	315.0	749.0	5.0	31.0	2450.0	20.0	10.0	108.0	17.0	1.0
3	7	9	1.4730607443328794	0.07036736580549674	0.9759036144578314	23664.0	1519.0	954.0	85.0	30.0	1009.0	67.0	35.0	796.0	1615.0	90.0	58.0	41.0	34.0	3.0
3	9	7	-58.18589940114873	1.0	0.50625	23664.0	954.0	1519.0	85.0	30.0	1009.0	796.0	58.0	67.0	1615.0	41.0	35.0	90.0	34.0	3.0
7	3	9	-1.4366888741024382	0.9245967446698173	1.025974025974026	23664.0	1519.0	1009.0	67.0	35.0	954.0	85.0	30.0	796.0	1615.0	90.0	58.0	34.0	41.0	3.0
3	8	9	0.24294044059558506	0.4040258201066993	0.9958563535911602	23627.0	1525.0	991.0	78.0	31.0	1014.0	75.0	37.0	796.0	1606.0	86.0	53.0	42.0	36.0	3.0
3	9	8	-58.143745449209895	1.0	0.5010423905489924	23627.0	991.0	1525.0	78.0	31.0	1014.0	796.0	53.0	75.0	1606.0	42.0	37.0	86.0	36.0	3.0
8	3	9	-0.24192959271515962	0.5955825890488442	1.0041958041958041	23627.0	1525.0	1014.0	75.0	37.0	991.0	78.0	31.0	796.0	1606.0	86.0	53.0	36.0	42.0	3.0
4	5	6	0.19969876647545168	0.4208581138645324	0.9989384288747346	25009.0	1038.0	182.0	13.0	3.0	165.0	12.0	1.0	953.0	2473.0	127.0	7.0	10.0	7.0	0.0
4	6	5	-187.71684048692524	1.0	0.5002658160552897	25009.0	182.0	1038.0	13.0	3.0	165.0	953.0	7.0	12.0	2473.0	10.0	1.0	127.0	7.0	0.0
5	4	6	-0.19948654674487207	0.5790588925661573	1.0010649627263046	25009.0	1038.0	165.0	12.0	1.0	182.0	13.0	3.0	953.0	2473.0	127.0	7.0	7.0	10.0	0.0
4	5	7	-0.19948430810494774	0.5790580170740782	1.001085776330076	25004.0	1043.0	185.0	12.0	1.0	163.0	13.0	2.0	935.0	2489.0	129.0	7.0	10.0	7.0	0.0
4	7	5	-184.1240163808667	1.0	0.4997289972899729	25004.0	185.0	1043.0	12.0	1.0	163.0	935.0	7.0	13.0	2489.0	10.0	2.0	129.0	7.0	0.0
5	4	7	0.1997006685258859	0.42085737003840196	0.9989177489177489	25004.0	1043.0	163.0	13.0	2.0	185.0	12.0	1.0	935.0	2489.0	129.0	7.0	7.0	10.0	0.0
4	5	8	-1.3370223074823813	0.9093922576841267	1.0075675675675675	24977.0	1070.0	186.0	10.0	2.0	159.0	17.0	2.0	949.0	2480.0	124.0	7.0	10.0	7.0	0.0
4	8	5	-179.35199238942207	1.0	0.49812934259754144	24977.0	186.0	1070.0	10.0	2.0	159.0	949.0	7.0	17.0	2480.0	10.0	2.0	124.0	7.0	0.0
5	4	8	1.3470643205214121	0.08897982242474267	0.992600422832981	24977.0	1070.0	159.0	17.0	2.0	186.0	10.0	2.0	949.0	2480.0	124.0	7.0	7.0	10.0	0.0
4	5	9	-0.8135176349232869	0.7920393870081319	1.002371072910492	24414.0	1633.0	187.0	10.0	1.0	162.0	14.0	2.0	1705.0	1697.0	151.0	13.0	7.0	4.0	0.0
4	9	5	-344.72809779874297	1.0	0.4994093325457767	24414.0	187.0	1633.0	10.0	1.0	162.0	1705.0	13.0	14.0	1697.0	7.0	2.0	151.0	4.0	0.0
5	4	9	0.8154419817829519	0.2074096245903425	0.9976456739258387	24414.0	1633.0	162.0	14.0	2.0	187.0	10.0	1.0	1705.0	1697.0	151.0	13.0	4.0	7.0	0.0
4	6	7	-99999.9	1.0	-0.11594202898550726	24375.0	816.0	814.0	217.0	23.0	1043.0	63.0	19.0	47.0	2404.0	44.0	15.0	45.0	74.0	1.0
4	7	6	1.5720842616357087	0.057965513633612575	0.08602150537634408	24375.0	814.0	816.0	217.0	23.0	1043.0	47.0	15.0	63.0	2404.0	45.0	19.0	44.0	74.0	1.0
6	4	7	-15.131311018243698	1.0	0.5246913580246914	24375.0	816.0	1043.0	63.0	19.0	814.0	217.0	23.0	47.0	2404.0	44.0	15.0	74.0	45.0	1.0
4	6	8	-99999.9	1.0	-0.027972027972027972	24339.0	852.0	824.0	213.0	17.0	1042.0	66.0	17.0	62.0	2393.0	40.0	11.0	48.0	75.0	1.0
4	8	6	0.3577628240419521	0.3602604702677289	0.02580645161290323	24339.0	824.0	852.0	213.0	17.0	1042.0	62.0	11.0	66.0	2393.0	48.0	17.0	40.0	75.0	1.0
6	4	8	-13.147783783541735	1.0	0.5067114093959731	24339.0	852.0	1042.0	66.0	17.0	824.0	213.0	17.0	62.0	2393.0	40.0	11.0	75.0	48.0	1.0
4	6	9	-0.2556608312749577	0.6008935714772341	1.004149377593361	23641.0	1550.0	960.0	67.0	27.0	1027.0	70.0	28.0	796.0	1607.0	92.0	57.0	41.0	35.0	2.0
4	9	6	-62.1255819998148	1.0	0.49896907216494846	23641.0	960.0	1550.0	67.0	27.0	1027.0	796.0	57.0	70.0	1607.0	41.0	28.0	92.0	35.0	2.0
6	4	9	0.25671728099097	0.3986985729106458	0.9959016393442623	23641.0	1550.0	1027.0	70.0	28.0	960.0	67.0	27.0	796.0	1607.0	92.0	57.0	35.0	41.0	2.0
4	7	8	1.4625195393927213	0.07179948696358229	0.015193370165745854	24850.0	339.0	313.0	736.0	7.0	1072.0	23.0	10.0	34.0	2463.0	15.0	9.0	21.0	108.0	0.0
4	8	7	-99999.9	1.0	-0.015918958031837918	24850.0	313.0	339.0	736.0	7.0	1072.0	34.0	9.0	23.0	2463.0	21.0	10.0	15.0	108.0	0.0
7	4	8	-93.3353378776084	1.0	0.49611307420494705	24850.0	339.0	1072.0	23.0	10.0	313.0	736.0	7.0	34.0	2463.0	15.0	9.0	108.0	21.0	0.0
4	7	9	1.7604690579414024	0.03916411042332313	0.9725848563968669	23658.0	1531.0	943.0	83.0	30.0	1015.0	62.0	28.0	807.0	1614.0	91.0	58.0	42.0	37.0	1.0
4	9	7	-60.694266569027356	1.0	0.5071477195371001	23658.0	943.0	1531.0	83.0	30.0	1015.0	807.0	58.0	62.0	1614.0	42.0	28.0	91.0	37.0	1.0
7	4	9	-1.7108450979188932	0.9564451763354768	1.0298719772403984	23658.0	1531.0	1015.0	62.0	28.0	943.0	83.0	30.0	807.0	1614.0	91.0	58.0	37.0	42.0	1.0
4	8	9	0.41077316189761537	0.34061948175709733	0.9932523616734144	23629.0	1534.0	972.0	77.0	33.0	1012.0	72.0	31.0	808.0	1609.0	90.0	60.0	37.0	34.0	2.0
4	9	8	-60.05503626943144	1.0	0.501704158145876	23629.0	972.0	1534.0	77.0	33.0	1012.0	808.0	60.0	72.0	1609.0	37.0	31.0	90.0	34.0	2.0
8	4	9	-0.40798258335211524	0.6583567233363428	1.0068870523415978	23629.0	1534.0	1012.0	72.0	31.0	972.0	77.0	33.0	808.0	1609.0	90.0	60.0	34.0	37.0	2.0
5	6	7	-99999.9	1.0	-0.1	24356.0	818.0	811.0	217.0	23.0	1062.0	63.0	17.0	49.0	2400.0	44.0	16.0	45.0	78.0	1.0
5	7	6	1.3612590987504134	0.08671597323186853	0.07692307692307693	24356.0	811.0	818.0	217.0	23.0	1062.0	49.0	16.0	63.0	2400.0	45.0	17.0	44.0	78.0	1.0
6	5	7	-14.973850086254547	1.0	0.5217391304347826	24356.0	818.0	1062.0	63.0	17.0	811.0	217.0	23.0	49.0	2400.0	44.0	16.0	78.0	45.0	1.0
5	6	8	0.36338802164963413	0.3581575861987103	0.025316455696202535	24316.0	858.0	820.0	214.0	17.0	1065.0	60.0	17.0	64.0	2389.0	40.0	13.0	48.0	78.0	1.0
5	8	6	-99999.9	1.0	-0.027397260273972605	24316.0	820.0	858.0	214.0	17.0	1065.0	64.0	13.0	60.0	2389.0	48.0	17.0	40.0	78.0	1.0
6	5	8	-13.62705081186132	1.0	0.4934210526315789	24316.0	858.0	1065.0	60.0	17.0	820.0	214.0	17.0	64.0	2389.0	40.0	13.0	78.0	48.0	1.0
5	6	9	0.08484569561800896	0.4661919672732402	0.9986301369863013	23622.0	1552.0	954.0	70.0	27.0	1046.0	69.0	27.0	798.0	1602.0	93.0	61.0	40.0	37.0	2.0
5	9	6	-61.76766640991086	1.0	0.5003431708991077	23622.0	954.0	1552.0	70.0	27.0	1046.0	798.0	61.0	69.0	1602.0	40.0	27.0	93.0	37.0	2.0
6	5	9	-0.08472930920426683	0.533761767910063	1.0013755158184319	23622.0	1552.0	1046.0	69.0	27.0	954.0	70.0	27.0	798.0	1602.0	93.0	61.0	37.0	40.0	2.0
5	7	8	2.3871374173739763	0.008490061936387239	0.023035230352303523	24823.0	344.0	313.0	738.0	7.0	1099.0	17.0	11.0	34.0	2459.0	15.0	9.0	21.0	110.0	0.0
5	8	7	-99999.9	1.0	-0.024745269286754003	24823.0	313.0	344.0	738.0	7.0	1099.0	34.0	9.0	17.0	2459.0	21.0	11.0	15.0	110.0	0.0
7	5	8	-98.85557304889899	1.0	0.49403508771929827	24823.0	344.0	1099.0	17.0	11.0	313.0	738.0	7.0	34.0	2459.0	15.0	9.0	110.0	21.0	0.0
5	7	9	2.0834555663857985	0.01860479476476118	0.9675745784695201	23634.0	1533.0	942.0	86.0	30.0	1039.0	61.0	27.0	807.0	1609.0	92.0	59.0	41.0	39.0	1.0
5	9	7	-60.08685853456639	1.0	0.5085207907293797	23634.0	942.0	1533.0	86.0	30.0	1039.0	807.0	59.0	61.0	1609.0	41.0	27.0	92.0	39.0	1.0
7	5	9	-2.013634669388956	0.9779761168554393	1.035919540229885	23634.0	1533.0	1039.0	61.0	27.0	942.0	86.0	30.0	807.0	1609.0	92.0	59.0	39.0	41.0	1.0
5	8	9	0.7361170208838095	0.2308296736596429	0.9878378378378379	23600.0	1536.0	976.0	80.0	33.0	1041.0	71.0	30.0	802.0	1604.0	91.0	62.0	36.0	36.0	2.0
5	9	8	-59.05294323090114	1.0	0.5030970406056434	23600.0	976.0	1536.0	80.0	33.0	1041.0	802.0	62.0	71.0	1604.0	36.0	30.0	91.0	36.0	2.0
8	5	9	-0.7270540206266901	0.7664036374042273	1.0126227208976157	23600.0	1536.0	1041.0	71.0	30.0	976.0	80.0	33.0	802.0	1604.0	91.0	62.0	36.0	36.0	2.0
6	7	8	2.0716205423160634	0.019150356092324072	0.02422145328719723	25066.0	352.0	315.0	580.0	3.0	856.0	16.0	4.0	30.0	2645.0	20.0	11.0	20.0	82.0	0.0
6	8	7	-99999.9	1.0	-0.02611940298507463	25066.0	315.0	352.0	580.0	3.0	856.0	30.0	11.0	16.0	2645.0	20.0	4.0	20.0	82.0	0.0
7	6	8	-81.38509273384527	1.0	0.4937163375224417	25066.0	352.0	856.0	16.0	4.0	315.0	580.0	3.0	30.0	2645.0	20.0	11.0	82.0	20.0	0.0
6	7	9	2.185086399649525	0.014441205519344802	0.9732905982905983	23877.0	1541.0	791.0	79.0	28.0	796.0	54.0	26.0	965.0	1626.0	104.0	52.0	29.0	29.0	3.0
6	9	7	-77.43946200357914	1.0	0.5069560378408459	23877.0	791.0	1541.0	79.0	28.0	796.0	965.0	52.0	54.0	1626.0	29.0	26.0	104.0	29.0	3.0
7	6	9	-2.125122447957716	0.9832118610188639	1.0290360046457607	23877.0	1541.0	796.0	54.0	26.0	791.0	79.0	28.0	965.0	1626.0	104.0	52.0	29.0	29.0	3.0
6	8	9	0.9511973181430545	0.1707521004549566	0.987912087912088	23834.0	1547.0	834.0	73.0	28.0	807.0	62.0	28.0	961.0	1618.0	102.0	45.0	29.0	29.0	3.0
6	9	8	-76.78756531918474	1.0	0.5030777839955233	23834.0	834.0	1547.0	73.0	28.0	807.0	961.0	45.0	62.0	1618.0	29.0	28.0	102.0	29.0	3.0
8	6	9	-0.9395586412803475	0.8262780142909473	1.0125427594070695	23834.0	1547.0	807.0	62.0	28.0	834.0	73.0	28.0	961.0	1618.0	102.0	45.0	29.0	29.0	3.0
7	8	9	-2.041855117038001	0.979417114877227	1.0104602510460252	24331.0	1591.0	342.0	19.0	11.0	310.0	34.0	12.0	1483.0	1687.0	137.0	15.0	13.0	14.0	1.0
7	9	8	-199.2850594229084	1.0	0.4974253347064882	24331.0	342.0	1591.0	19.0	11.0	310.0	1483.0	15.0	34.0	1687.0	13.0	12.0	137.0	14.0	1.0
8	7	9	2.0629923335704854	0.01955661234545314	0.9898580121703854	24331.0	1591.0	310.0	34.0	12.0	342.0	19.0	11.0	1483.0	1687.0	137.0	15.0	14.0	13.0	1.0
