P1	Hybrid	P2	Zscore	Pvalue	Gamma	AAAA	AAAB	AABA	AABB	AABC	ABAA	ABAB	ABAC	ABBA	BAAA	ABBC	CABC	BACA	BCAA	ABCD
1	2	3	-0.03329019222267919	0.5132784690473788	1.0080645161290323	74240.0	4853.0	5040.0	447.0	182.0	8001.0	448.0	272.0	573.0	4959.0	172.0	308.0	185.0	308.0	12.0
1	3	2	-4.194564220057745	0.9999863216782294	0.49800796812749004	74240.0	5040.0	4853.0	447.0	182.0	8001.0	573.0	308.0	448.0	4959.0	185.0	272.0	172.0	308.0	12.0
2	1	3	0.03355651376046061	0.4866153431117848	0.9921259842519685	74240.0	4853.0	8001.0	448.0	272.0	5040.0	447.0	182.0	573.0	4959.0	172.0	308.0	308.0	185.0	12.0
1	2	4	0.15451264877959076	0.43860275610697386	0.9971098265895953	75166.0	3927.0	5187.0	338.0	144.0	8176.0	334.0	211.0	1714.0	3829.0	161.0	409.0	153.0	242.0	9.0
1	4	2	-53.15235118017907	1.0	0.5007256894049347	75166.0	5187.0	3927.0	338.0	144.0	8176.0	1714.0	409.0	334.0	3829.0	153.0	211.0	161.0	242.0	9.0
2	1	4	-0.154064786029505	0.5612206869351566	1.0029154518950438	75166.0	3927.0	8176.0	334.0	211.0	5187.0	338.0	144.0	1714.0	3829.0	161.0	409.0	242.0	153.0	9.0
1	2	5	-0.1212476139407162	0.5482525859341254	1.0017889087656529	75596.0	3497.0	5229.0	304.0	136.0	8204.0	307.0	210.0	1987.0	3558.0	159.0	431.0	139.0	233.0	10.0
1	5	2	-68.0199114207416	1.0	0.4995539696699376	75596.0	5229.0	3497.0	304.0	136.0	8204.0	1987.0	431.0	307.0	3558.0	139.0	210.0	159.0	233.0	10.0
2	1	5	0.1214641275370389	0.4516616715189028	0.998220640569395	75596.0	3497.0	8204.0	307.0	210.0	5229.0	304.0	136.0	1987.0	3558.0	159.0	431.0	233.0	139.0	10.0
1	2	6	0.04053066502421093	0.4838349676688789	0.9994086339444116	75578.0	3515.0	5220.0	305.0	144.0	8197.0	304.0	220.0	1994.0	3551.0	159.0	426.0	140.0	237.0	10.0
1	6	2	-68.45629322589208	1.0	0.5001479727730098	75578.0	5220.0	3515.0	305.0	144.0	8197.0	1994.0	426.0	304.0	3551.0	140.0	220.0	159.0	237.0	10.0
2	1	6	-0.04050668238218477	0.5161554724757587	1.0005924170616114	75578.0	3515.0	8197.0	304.0	220.0	5220.0	305.0	144.0	1994.0	3551.0	159.0	426.0	237.0	140.0	10.0
1	2	7	-0.24367481509648986	0.5962586078537342	1.003556609365738	75619.0	3474.0	5243.0	299.0	127.0	8205.0	305.0	211.0	1998.0	3526.0	180.0	431.0	141.0	228.0	13.0
1	7	2	-69.00058514148917	1.0	0.4991155660377358	75619.0	5243.0	3474.0	299.0	127.0	8205.0	1998.0	431.0	305.0	3526.0	141.0	211.0	180.0	228.0	13.0
2	1	7	0.2445383997926381	0.40340698536649944	0.9964809384164223	75619.0	3474.0	8205.0	305.0	211.0	5243.0	299.0	127.0	1998.0	3526.0	180.0	431.0	228.0	141.0	13.0
1	2	8	0.5653672106949394	0.28591197704702875	0.9916765755053508	75554.0	3539.0	5219.0	316.0	134.0	8221.0	302.0	198.0	1970.0	3565.0	169.0	437.0	138.0	222.0	16.0
1	8	2	-66.7940976063879	1.0	0.50210716435882	75554.0	5219.0	3539.0	316.0	134.0	8221.0	1970.0	437.0	302.0	3565.0	138.0	198.0	169.0	222.0	16.0
2	1	8	-0.5606219223557731	0.7124723801478476	1.0085365853658537	75554.0	3539.0	8221.0	302.0	198.0	5219.0	316.0	134.0	1970.0	3565.0	169.0	437.0	222.0	138.0	16.0
1	2	9	0.4514106337064451	0.3258468350235715	0.9942648592283628	75749.0	3344.0	5245.0	304.0	120.0	8244.0	293.0	184.0	2200.0	3352.0	152.0	462.0	126.0	213.0	12.0
1	9	2	-77.80677831885613	1.0	0.5014462266631606	75749.0	5245.0	3344.0	304.0	120.0	8244.0	2200.0	462.0	293.0	3352.0	126.0	184.0	152.0	213.0	12.0
2	1	9	-0.44880679680514934	0.6732144563472899	1.0058355437665782	75749.0	3344.0	8244.0	293.0	184.0	5245.0	304.0	120.0	2200.0	3352.0	152.0	462.0	213.0	126.0	12.0
1	3	4	-0.07629293008467426	0.5304070427590581	1.0016129032258065	75343.0	3937.0	5010.0	342.0	130.0	8336.0	344.0	202.0	1586.0	3847.0	159.0	377.0	125.0	243.0	19.0
1	4	3	-47.45420251266726	1.0	0.499597747385358	75343.0	5010.0	3937.0	342.0	130.0	8336.0	1586.0	377.0	344.0	3847.0	125.0	202.0	159.0	243.0	19.0
3	1	4	0.07641578504455297	0.4695440878976319	0.9983948635634029	75343.0	3937.0	8336.0	344.0	202.0	5010.0	342.0	130.0	1586.0	3847.0	159.0	377.0	243.0	125.0	19.0
1	3	5	0.20324782393326626	0.4194706945973803	0.9967928159076331	75767.0	3513.0	5058.0	306.0	118.0	8364.0	301.0	217.0	1855.0	3590.0	147.0	403.0	113.0	229.0	19.0
1	5	3	-62.96617585452572	1.0	0.5008056719303899	75767.0	5058.0	3513.0	306.0	118.0	8364.0	1855.0	403.0	301.0	3590.0	113.0	217.0	147.0	229.0	19.0
3	1	5	-0.20259387340581045	0.5802737337446188	1.003238341968912	75767.0	3513.0	8364.0	301.0	217.0	5058.0	306.0	118.0	1855.0	3590.0	147.0	403.0	229.0	113.0	19.0
1	3	6	0.2429725567948901	0.4040133802343122	0.9961685823754789	75749.0	3531.0	5049.0	309.0	124.0	8352.0	303.0	227.0	1863.0	3579.0	150.0	402.0	113.0	231.0	18.0
1	6	3	-62.929892209876854	1.0	0.5009633911368016	75749.0	5049.0	3531.0	309.0	124.0	8352.0	1863.0	402.0	303.0	3579.0	113.0	227.0	150.0	231.0	18.0
3	1	6	-0.24203804696106357	0.5956246075695611	1.003875968992248	75749.0	3531.0	8352.0	303.0	227.0	5049.0	309.0	124.0	1863.0	3579.0	150.0	402.0	231.0	113.0	18.0
1	3	7	0.7654731468334556	0.22199485924016615	0.9880201765447667	75825.0	3455.0	5037.0	321.0	124.0	8353.0	302.0	227.0	1869.0	3556.0	167.0	412.0	114.0	230.0	8.0
1	7	3	-62.365917436746805	1.0	0.5030497592295345	75825.0	5037.0	3455.0	321.0	124.0	8353.0	1869.0	412.0	302.0	3556.0	114.0	227.0	167.0	230.0	8.0
3	1	7	-0.7561917238661068	0.7752329402309491	1.012426422498365	75825.0	3455.0	8353.0	302.0	227.0	5037.0	321.0	124.0	1869.0	3556.0	167.0	412.0	230.0	114.0	8.0
1	3	8	1.1550791220716459	0.12402907114971162	0.9815168897386871	75749.0	3531.0	5024.0	335.0	123.0	8363.0	306.0	213.0	1846.0	3589.0	157.0	419.0	110.0	224.0	11.0
1	8	3	-60.18360529138816	1.0	0.5047525401507703	75749.0	5024.0	3531.0	335.0	123.0	8363.0	1846.0	419.0	306.0	3589.0	110.0	213.0	157.0	224.0	11.0
3	1	8	-1.1333276321105565	0.871461601066396	1.0195681511470984	75749.0	3531.0	8363.0	306.0	213.0	5024.0	335.0	123.0	1846.0	3589.0	157.0	419.0	224.0	110.0	11.0
1	3	9	1.2575813694441376	0.1042716660218641	0.982948294829483	75944.0	3336.0	5050.0	324.0	108.0	8401.0	293.0	188.0	2080.0	3370.0	142.0	425.0	108.0	214.0	17.0
1	9	3	-71.23589950786784	1.0	0.5043748235958228	75944.0	5050.0	3336.0	324.0	108.0	8401.0	2080.0	425.0	293.0	3370.0	108.0	188.0	142.0	214.0	17.0
3	1	9	-1.2357654643222749	0.891727054199751	1.0179710144927536	75944.0	3336.0	8401.0	293.0	188.0	5050.0	324.0	108.0	2080.0	3370.0	142.0	425.0	214.0	108.0	17.0
1	4	5	-0.19931936824633092	0.5789935109669155	1.0161812297734627	76829.0	3524.0	3996.0	307.0	106.0	9728.0	312.0	259.0	626.0	3589.0	101.0	268.0	103.0	241.0	11.0
1	5	4	-12.716575694115987	1.0	0.49605055292259087	76829.0	3996.0	3524.0	307.0	106.0	9728.0	626.0	268.0	312.0	3589.0	103.0	259.0	101.0	241.0	11.0
4	1	5	0.20249324353687762	0.4197655966158562	0.9845679012345679	76829.0	3524.0	9728.0	312.0	259.0	3996.0	307.0	106.0	626.0	3589.0	101.0	268.0	241.0	103.0	11.0
1	4	6	-0.4341251055879164	0.667901168748571	1.0358306188925082	76807.0	3546.0	3991.0	304.0	114.0	9714.0	315.0	270.0	633.0	3581.0	102.0	270.0	99.0	243.0	11.0
1	6	4	-12.984287248947691	1.0	0.49149922720247297	76807.0	3991.0	3546.0	304.0	114.0	9714.0	633.0	270.0	315.0	3581.0	99.0	270.0	102.0	243.0	11.0
4	1	6	0.4491420117560518	0.32666463372467214	0.9676470588235294	76807.0	3546.0	9714.0	315.0	270.0	3991.0	304.0	114.0	633.0	3581.0	102.0	270.0	243.0	99.0	11.0
1	4	7	0.08082395999290817	0.4677909099609556	0.9938271604938271	76865.0	3488.0	3997.0	309.0	103.0	9732.0	307.0	260.0	629.0	3564.0	123.0	273.0	101.0	240.0	9.0
1	7	4	-12.931833598865552	1.0	0.501557632398754	76865.0	3997.0	3488.0	309.0	103.0	9732.0	629.0	273.0	307.0	3564.0	101.0	260.0	123.0	240.0	9.0
4	1	7	-0.08032194781903919	0.5320094653671342	1.0062893081761006	76865.0	3488.0	9732.0	307.0	260.0	3997.0	309.0	103.0	629.0	3564.0	123.0	273.0	240.0	101.0	9.0
1	4	8	0.24062684262355383	0.4049222225481429	0.9801324503311258	76789.0	3564.0	3984.0	320.0	105.0	9747.0	314.0	238.0	610.0	3592.0	114.0	271.0	99.0	241.0	12.0
1	8	4	-11.630297393471732	1.0	0.5051194539249146	76789.0	3984.0	3564.0	320.0	105.0	9747.0	610.0	271.0	314.0	3592.0	99.0	238.0	114.0	241.0	12.0
4	1	8	-0.23574927148929262	0.5931863349047928	1.0211267605633803	76789.0	3564.0	9747.0	314.0	238.0	3984.0	320.0	105.0	610.0	3592.0	114.0	271.0	241.0	99.0	12.0
1	4	9	0.1222959356851395	0.45133228435072803	0.994413407821229	76977.0	3376.0	4017.0	304.0	88.0	9771.0	301.0	227.0	835.0	3379.0	102.0	300.0	91.0	221.0	11.0
1	9	4	-21.646380616269642	1.0	0.5014084507042254	76977.0	4017.0	3376.0	304.0	88.0	9771.0	835.0	300.0	301.0	3379.0	91.0	227.0	102.0	221.0	11.0
4	1	9	-0.12160887986668366	0.548395651260569	1.0056818181818181	76977.0	3376.0	9771.0	301.0	227.0	4017.0	304.0	88.0	835.0	3379.0	102.0	300.0	221.0	91.0	11.0
1	5	6	0.6119648005655585	0.2702804711534552	0.002213788741302973	80120.0	705.0	678.0	3217.0	42.0	10513.0	62.0	47.0	69.0	3918.0	17.0	35.0	15.0	560.0	2.0
1	6	5	-99999.9	1.0	-0.0022285896211397646	80120.0	678.0	705.0	3217.0	42.0	10513.0	69.0	35.0	62.0	3918.0	15.0	47.0	17.0	560.0	2.0
5	1	6	-275.2093131686247	1.0	0.49944470886879266	80120.0	705.0	10513.0	62.0	47.0	678.0	3217.0	42.0	69.0	3918.0	17.0	35.0	560.0	15.0	2.0
1	5	7	0.9228004269444608	0.17805558863190962	0.023612750885478154	78050.0	2775.0	2812.0	1057.0	68.0	10199.0	230.0	193.0	250.0	3667.0	87.0	185.0	75.0	345.0	7.0
1	7	5	-99999.9	1.0	-0.025412960609911057	78050.0	2812.0	2775.0	1057.0	68.0	10199.0	250.0	185.0	230.0	3667.0	75.0	193.0	87.0	345.0	7.0
5	1	7	-37.234997227208986	1.0	0.4938800489596083	78050.0	2775.0	10199.0	230.0	193.0	2812.0	1057.0	68.0	250.0	3667.0	87.0	185.0	345.0	75.0	7.0
1	5	8	-99999.9	1.0	-0.0024539877300613494	77976.0	2849.0	2797.0	1056.0	84.0	10208.0	239.0	175.0	237.0	3694.0	73.0	183.0	72.0	345.0	12.0
1	8	5	0.09177112780339945	0.46343988014288684	0.00243605359317905	77976.0	2797.0	2849.0	1056.0	84.0	10208.0	237.0	183.0	239.0	3694.0	72.0	175.0	73.0	345.0	12.0
5	1	8	-37.48850570768856	1.0	0.5006112469437654	77976.0	2849.0	10208.0	239.0	175.0	2797.0	1056.0	84.0	237.0	3694.0	73.0	183.0	345.0	72.0	12.0
1	5	9	2.1765103249422855	0.014758509229317873	0.8231046931407943	77459.0	3366.0	3535.0	318.0	84.0	10124.0	269.0	229.0	497.0	3425.0	82.0	285.0	77.0	242.0	8.0
1	9	5	-7.950925472748348	0.9999999999999991	0.5601965601965603	77459.0	3535.0	3366.0	318.0	84.0	10124.0	497.0	285.0	269.0	3425.0	77.0	229.0	82.0	242.0	8.0
5	1	9	-1.7087515270380222	0.9562515392063339	1.376923076923077	77459.0	3366.0	10124.0	269.0	229.0	3535.0	318.0	84.0	497.0	3425.0	82.0	285.0	242.0	77.0	8.0
1	6	7	0.5503009133250527	0.29105647179963745	0.014388489208633093	78027.0	2771.0	2835.0	1057.0	72.0	10190.0	235.0	192.0	247.0	3663.0	85.0	197.0	74.0	346.0	9.0
1	7	6	-99999.9	1.0	-0.015037593984962407	78027.0	2835.0	2771.0	1057.0	72.0	10190.0	247.0	197.0	235.0	3663.0	74.0	192.0	85.0	346.0	9.0
6	1	7	-37.14531164944109	1.0	0.4963235294117647	78027.0	2771.0	10190.0	235.0	192.0	2835.0	1057.0	72.0	247.0	3663.0	85.0	197.0	346.0	74.0	9.0
1	6	8	-99999.9	1.0	-0.011292346298619825	77943.0	2855.0	2830.0	1054.0	80.0	10194.0	248.0	175.0	239.0	3685.0	71.0	195.0	72.0	345.0	14.0
1	8	6	0.4099480982142581	0.34092205558576183	0.010922330097087379	77943.0	2830.0	2855.0	1054.0	80.0	10194.0	239.0	195.0	248.0	3685.0	72.0	175.0	71.0	345.0	14.0
6	1	8	-36.71312968452141	1.0	0.5027760641579271	77943.0	2855.0	10194.0	248.0	175.0	2830.0	1054.0	80.0	239.0	3685.0	71.0	195.0	345.0	72.0	14.0
1	6	9	1.5218129964566263	0.06402799539464865	0.8622047244094488	77435.0	3363.0	3559.0	317.0	88.0	10107.0	282.0	228.0	501.0	3413.0	81.0	298.0	76.0	243.0	9.0
1	9	6	-8.00038832422912	0.9999999999999993	0.543424317617866	77435.0	3559.0	3363.0	317.0	88.0	10107.0	501.0	298.0	282.0	3413.0	76.0	228.0	81.0	243.0	9.0
6	1	9	-1.2786008737352474	0.8994811102639663	1.2348993288590604	77435.0	3363.0	10107.0	282.0	228.0	3559.0	317.0	88.0	501.0	3413.0	81.0	298.0	243.0	76.0	9.0
1	7	8	-99999.9	1.0	-0.006768189509306261	78885.0	1977.0	1888.0	1962.0	50.0	10331.0	177.0	126.0	165.0	3763.0	44.0	132.0	65.0	428.0	7.0
1	8	7	0.6508004530224203	0.25758759140539444	0.006633499170812604	78885.0	1888.0	1977.0	1962.0	50.0	10331.0	165.0	132.0	177.0	3763.0	65.0	126.0	44.0	428.0	7.0
7	1	8	-96.80656738708487	1.0	0.501675041876047	78885.0	1977.0	10331.0	177.0	126.0	1888.0	1962.0	50.0	165.0	3763.0	44.0	132.0	428.0	65.0	7.0
1	7	9	2.1106832930875026	0.01739971022059983	0.8228782287822878	77506.0	3356.0	3488.0	324.0	88.0	10124.0	276.0	234.0	499.0	3395.0	78.0	283.0	100.0	242.0	7.0
1	9	7	-7.695199506048178	0.9999999999999929	0.5603015075376885	77506.0	3488.0	3356.0	324.0	88.0	10124.0	499.0	283.0	276.0	3395.0	100.0	234.0	78.0	242.0	7.0
7	1	9	-1.6563658129610443	0.9511761372638258	1.3779527559055118	77506.0	3356.0	10124.0	276.0	234.0	3488.0	324.0	88.0	499.0	3395.0	78.0	283.0	242.0	100.0	7.0
1	8	9	2.574977611127559	0.005012358233348113	0.8027210884353742	77418.0	3355.0	3576.0	325.0	88.0	10127.0	267.0	234.0	503.0	3423.0	79.0	276.0	81.0	242.0	6.0
1	9	8	-7.9025174962190645	0.9999999999999987	0.5700483091787439	77418.0	3576.0	3355.0	325.0	88.0	10127.0	503.0	276.0	267.0	3423.0	81.0	234.0	79.0	242.0	6.0
8	1	9	-1.9421441304267186	0.9739402413090441	1.4833333333333334	77418.0	3355.0	10127.0	267.0	234.0	3576.0	325.0	88.0	503.0	3423.0	79.0	276.0	242.0	81.0	6.0
2	3	4	-0.3375380678965891	0.6321442726456552	1.006339144215531	78185.0	4056.0	5157.0	275.0	141.0	5494.0	283.0	144.0	1553.0	4003.0	158.0	263.0	123.0	154.0	11.0
2	4	3	-53.921706346479965	1.0	0.4984301412872842	78185.0	5157.0	4056.0	275.0	141.0	5494.0	1553.0	263.0	283.0	4003.0	123.0	144.0	158.0	154.0	11.0
3	2	4	0.3396642919463313	0.3670547447402164	0.9937791601866252	78185.0	4056.0	5494.0	283.0	144.0	5157.0	275.0	141.0	1553.0	4003.0	158.0	263.0	154.0	123.0	11.0
2	3	5	-0.39536969680620565	0.653714914061976	1.0057729313662604	78604.0	3637.0	5196.0	253.0	124.0	5527.0	262.0	132.0	1830.0	3728.0	156.0	290.0	105.0	144.0	12.0
2	5	3	-69.27755687370971	1.0	0.49856915739268676	78604.0	5196.0	3637.0	253.0	124.0	5527.0	1830.0	290.0	262.0	3728.0	105.0	132.0	156.0	144.0	12.0
3	2	5	0.39763903817818	0.34544819024192397	0.9943253467843631	78604.0	3637.0	5527.0	262.0	132.0	5196.0	253.0	124.0	1830.0	3728.0	156.0	290.0	144.0	105.0	12.0
2	3	6	-0.3893698429414377	0.6514986579285604	1.0057729313662604	78585.0	3656.0	5190.0	261.0	122.0	5516.0	270.0	135.0	1838.0	3715.0	161.0	286.0	108.0	143.0	14.0
2	6	3	-68.22624914651621	1.0	0.49856915739268676	78585.0	5190.0	3656.0	261.0	122.0	5516.0	1838.0	286.0	270.0	3715.0	108.0	135.0	161.0	143.0	14.0
3	2	6	0.39160474637668835	0.34767519280948256	0.9943253467843631	78585.0	3656.0	5516.0	270.0	135.0	5190.0	261.0	122.0	1838.0	3715.0	161.0	286.0	143.0	108.0	14.0
2	3	7	0.9475152596955692	0.1716881312759344	0.987045033929673	78639.0	3602.0	5185.0	259.0	129.0	5539.0	238.0	144.0	1838.0	3709.0	167.0	295.0	106.0	139.0	11.0
2	7	3	-71.24412357425267	1.0	0.5033029254482542	78639.0	5185.0	3602.0	259.0	129.0	5539.0	1838.0	295.0	238.0	3709.0	106.0	144.0	167.0	139.0	11.0
3	2	7	-0.9350791219120647	0.825126253094249	1.0134788189987163	78639.0	3602.0	5539.0	238.0	144.0	5185.0	259.0	129.0	1838.0	3709.0	167.0	295.0	139.0	106.0	11.0
2	3	8	0.5739474782587342	0.2830016338071364	0.9917091836734694	78588.0	3653.0	5187.0	265.0	121.0	5524.0	252.0	145.0	1807.0	3746.0	161.0	295.0	105.0	137.0	14.0
2	8	3	-68.07900088268987	1.0	0.5020988052954471	78588.0	5187.0	3653.0	265.0	121.0	5524.0	1807.0	295.0	252.0	3746.0	105.0	145.0	161.0	137.0	14.0
3	2	8	-0.5691492035208797	0.7153725909749602	1.0085022890778286	78588.0	3653.0	5524.0	252.0	145.0	5187.0	265.0	121.0	1807.0	3746.0	161.0	295.0	137.0	105.0	14.0
2	3	9	0.4439476525072894	0.3285402440929812	0.9944567627494457	78789.0	3452.0	5204.0	260.0	109.0	5556.0	250.0	115.0	2044.0	3517.0	153.0	307.0	102.0	131.0	11.0
2	9	3	-79.20026120730053	1.0	0.5013974287311347	78789.0	5204.0	3452.0	260.0	109.0	5556.0	2044.0	307.0	250.0	3517.0	102.0	115.0	153.0	131.0	11.0
3	2	9	-0.4414730279113736	0.6705646782849435	1.0056369785794814	78789.0	3452.0	5556.0	250.0	115.0	5204.0	260.0	109.0	2044.0	3517.0	153.0	307.0	131.0	102.0	11.0
2	4	5	-0.9264364290516649	0.8228904092281004	1.0782918149466192	79688.0	3654.0	4112.0	249.0	111.0	6869.0	271.0	170.0	574.0	3728.0	107.0	204.0	96.0	160.0	7.0
2	5	4	-13.685992701899584	1.0	0.482484076433121	79688.0	4112.0	3654.0	249.0	111.0	6869.0	574.0	204.0	271.0	3728.0	96.0	170.0	107.0	160.0	7.0
4	2	5	0.9937024404019509	0.16018388460396726	0.9365994236311239	79688.0	3654.0	6869.0	271.0	170.0	4112.0	249.0	111.0	574.0	3728.0	107.0	204.0	160.0	96.0	7.0
2	4	6	-1.2698964553102292	0.8979391732281199	1.114814814814815	79667.0	3675.0	4108.0	249.0	115.0	6854.0	280.0	176.0	581.0	3719.0	109.0	205.0	94.0	160.0	8.0
2	6	4	-13.600181392354715	1.0	0.4755134281200632	79667.0	4108.0	3675.0	249.0	115.0	6854.0	581.0	205.0	280.0	3719.0	94.0	176.0	109.0	160.0	8.0
4	2	6	1.4006831334318808	0.08065447872865916	0.9146005509641874	79667.0	3675.0	6854.0	280.0	176.0	4108.0	249.0	115.0	581.0	3719.0	109.0	205.0	160.0	94.0	8.0
2	4	7	-0.1791883640322792	0.5711050917966881	1.0124223602484472	79709.0	3633.0	4115.0	244.0	113.0	6888.0	248.0	174.0	574.0	3712.0	123.0	210.0	93.0	157.0	7.0
2	7	4	-14.783040032662992	1.0	0.4969512195121952	79709.0	4115.0	3633.0	244.0	113.0	6888.0	574.0	210.0	248.0	3712.0	93.0	174.0	123.0	157.0	7.0
4	2	7	0.18138699426580407	0.4280319233469043	0.9880239520958084	79709.0	3633.0	6888.0	248.0	174.0	4115.0	244.0	113.0	574.0	3712.0	123.0	210.0	157.0	93.0	7.0
2	4	8	-0.680296574845175	0.7518417208270564	1.0601503759398496	79669.0	3673.0	4106.0	252.0	114.0	6867.0	268.0	175.0	550.0	3743.0	116.0	209.0	92.0	158.0	8.0
2	8	4	-12.67052370649138	1.0	0.4862068965517241	79669.0	4106.0	3673.0	252.0	114.0	6867.0	550.0	209.0	268.0	3743.0	92.0	175.0	116.0	158.0	8.0
4	2	8	0.7188949620704332	0.23610275097680478	0.9490445859872612	79669.0	3673.0	6867.0	268.0	175.0	4106.0	252.0	114.0	550.0	3743.0	116.0	209.0	158.0	92.0	8.0
2	4	9	-1.15378701151618	0.8757061923710223	1.0523138832997987	79843.0	3499.0	4150.0	227.0	95.0	6905.0	253.0	152.0	776.0	3529.0	104.0	226.0	87.0	148.0	6.0
2	9	4	-24.362656512399315	1.0	0.48787313432835816	79843.0	4150.0	3499.0	227.0	95.0	6905.0	776.0	226.0	253.0	3529.0	87.0	152.0	104.0	148.0	6.0
4	2	9	1.211145448035149	0.11291989891409271	0.9547826086956521	79843.0	3499.0	6905.0	253.0	152.0	4150.0	227.0	95.0	776.0	3529.0	104.0	226.0	148.0	87.0	6.0
2	5	6	0.09664325640476032	0.46150479266855693	0.00031104199066874026	83069.0	731.0	706.0	3267.0	41.0	7564.0	53.0	30.0	54.0	4023.0	18.0	22.0	17.0	405.0	0.0
2	6	5	-99999.9	1.0	-0.0003113325031133251	83069.0	706.0	731.0	3267.0	41.0	7564.0	54.0	22.0	53.0	4023.0	17.0	30.0	18.0	405.0	0.0
5	2	6	-310.5147828284952	1.0	0.49992220320522796	83069.0	731.0	7564.0	53.0	30.0	706.0	3267.0	41.0	54.0	4023.0	18.0	22.0	405.0	17.0	0.0
2	5	7	1.7627154996734662	0.03897419788708856	0.03837471783295711	80914.0	2886.0	2910.0	1027.0	77.0	7335.0	175.0	137.0	209.0	3804.0	82.0	128.0	74.0	238.0	4.0
2	7	5	-99999.9	1.0	-0.04336734693877551	80914.0	2910.0	2886.0	1027.0	77.0	7335.0	209.0	128.0	175.0	3804.0	74.0	137.0	82.0	238.0	4.0
5	2	7	-42.40886113920282	1.0	0.48982035928143713	80914.0	2886.0	7335.0	175.0	137.0	2910.0	1027.0	77.0	209.0	3804.0	82.0	128.0	238.0	74.0	4.0
2	5	8	-99999.9	1.0	-0.014705882352941176	80880.0	2920.0	2895.0	1029.0	90.0	7304.0	201.0	142.0	189.0	3832.0	74.0	133.0	70.0	234.0	7.0
2	8	5	0.6116185999050456	0.2703950125678116	0.014084507042253521	80880.0	2895.0	2920.0	1029.0	90.0	7304.0	189.0	133.0	201.0	3832.0	70.0	142.0	74.0	234.0	7.0
5	2	8	-42.2016833934481	1.0	0.5035971223021583	80880.0	2920.0	7304.0	201.0	142.0	2895.0	1029.0	90.0	189.0	3832.0	74.0	133.0	234.0	70.0	7.0
2	5	9	1.5788632404477208	0.05718372067667632	0.872093023255814	80323.0	3477.0	3670.0	261.0	83.0	7260.0	228.0	159.0	453.0	3559.0	83.0	194.0	82.0	165.0	3.0
2	9	5	-9.186113398968557	1.0	0.539568345323741	80323.0	3670.0	3477.0	261.0	83.0	7260.0	453.0	194.0	228.0	3559.0	82.0	159.0	83.0	165.0	3.0
5	2	9	-1.3472966318487216	0.9110575784114583	1.2075471698113207	80323.0	3477.0	7260.0	228.0	159.0	3670.0	261.0	83.0	453.0	3559.0	83.0	194.0	165.0	82.0	3.0
2	6	7	1.7899631856337452	0.03672986453692839	0.03950338600451467	80894.0	2881.0	2930.0	1031.0	78.0	7323.0	180.0	137.0	215.0	3797.0	81.0	134.0	76.0	238.0	5.0
2	7	6	-99999.9	1.0	-0.04481434058898848	80894.0	2930.0	2881.0	1031.0	78.0	7323.0	215.0	134.0	180.0	3797.0	76.0	137.0	81.0	238.0	5.0
6	2	7	-41.73171312791816	1.0	0.489502099580084	80894.0	2881.0	7323.0	180.0	137.0	2930.0	1031.0	78.0	215.0	3797.0	81.0	134.0	238.0	76.0	5.0
2	6	8	-99999.9	1.0	-0.014906832298136646	80850.0	2925.0	2925.0	1027.0	87.0	7287.0	210.0	143.0	198.0	3823.0	72.0	141.0	70.0	234.0	8.0
2	8	6	0.5980423395900303	0.2749057939213332	0.014268727705112961	80850.0	2925.0	2925.0	1027.0	87.0	7287.0	198.0	141.0	210.0	3823.0	70.0	143.0	72.0	234.0	8.0
6	2	8	-40.716715953754594	1.0	0.5036452004860268	80850.0	2925.0	7287.0	210.0	143.0	2925.0	1027.0	87.0	198.0	3823.0	72.0	141.0	234.0	70.0	8.0
2	6	9	1.0789171253030079	0.14031237486835713	0.908	80298.0	3477.0	3695.0	259.0	85.0	7244.0	236.0	160.0	463.0	3549.0	81.0	200.0	84.0	165.0	4.0
2	9	6	-9.569525807035387	1.0	0.5266821345707656	80298.0	3695.0	3477.0	259.0	85.0	7244.0	463.0	200.0	236.0	3549.0	84.0	160.0	81.0	165.0	4.0
6	2	9	-0.9695995311093111	0.8338769286643763	1.12707182320442	80298.0	3477.0	7244.0	236.0	160.0	3695.0	259.0	85.0	463.0	3549.0	81.0	200.0	165.0	84.0	4.0
2	7	8	-99999.9	1.0	-0.020373514431239387	81797.0	2027.0	1978.0	1957.0	55.0	7419.0	154.0	99.0	118.0	3890.0	45.0	89.0	59.0	306.0	7.0
2	8	7	2.197929389352559	0.01397702066426032	0.0192	81797.0	1978.0	2027.0	1957.0	55.0	7419.0	118.0	89.0	154.0	3890.0	59.0	99.0	45.0	306.0	7.0
7	2	8	-110.07963025007379	1.0	0.5049423393739704	81797.0	2027.0	7419.0	154.0	99.0	1978.0	1957.0	55.0	118.0	3890.0	45.0	89.0	306.0	59.0	7.0
2	7	9	1.1965759737706834	0.11573599930659961	0.8898678414096917	80349.0	3475.0	3644.0	254.0	92.0	7281.0	229.0	162.0	431.0	3544.0	78.0	195.0	96.0	163.0	7.0
2	9	7	-8.471757894296431	1.0	0.5329815303430079	80349.0	3644.0	3475.0	254.0	92.0	7281.0	431.0	195.0	229.0	3544.0	96.0	162.0	78.0	163.0	7.0
7	2	9	-1.048484887907975	0.8527923415149512	1.1644736842105263	80349.0	3475.0	7281.0	229.0	162.0	3644.0	254.0	92.0	431.0	3544.0	78.0	195.0	163.0	96.0	7.0
2	8	9	1.8636229306782988	0.031187275428229744	0.8602941176470589	80296.0	3479.0	3697.0	253.0	89.0	7249.0	215.0	162.0	449.0	3575.0	79.0	209.0	79.0	162.0	7.0
2	9	8	-9.61237090560385	1.0	0.5441860465116278	80296.0	3697.0	3479.0	253.0	89.0	7249.0	449.0	209.0	215.0	3575.0	79.0	162.0	79.0	162.0	7.0
8	2	9	-1.5609833094570362	0.9407361439523176	1.240506329113924	80296.0	3479.0	7249.0	215.0	162.0	3697.0	253.0	89.0	449.0	3575.0	79.0	209.0	162.0	79.0	7.0
3	4	5	-0.7015621043010831	0.7585239232221664	1.0536912751677852	79994.0	3685.0	4137.0	238.0	108.0	6563.0	254.0	156.0	568.0	3767.0	97.0	185.0	104.0	132.0	12.0
3	5	4	-14.469718401209835	1.0	0.48757763975155277	79994.0	4137.0	3685.0	238.0	108.0	6563.0	568.0	185.0	254.0	3767.0	104.0	156.0	97.0	132.0	12.0
4	3	5	0.737310491781393	0.2304667078146173	0.953757225433526	79994.0	3685.0	6563.0	254.0	156.0	4137.0	238.0	108.0	568.0	3767.0	97.0	185.0	132.0	104.0	12.0
3	4	6	-0.9475626645736585	0.8283239404981132	1.0761245674740485	79964.0	3715.0	4137.0	238.0	108.0	6557.0	260.0	156.0	571.0	3757.0	104.0	186.0	102.0	133.0	12.0
3	6	4	-14.342653059228574	1.0	0.48291925465838514	79964.0	4137.0	3715.0	238.0	108.0	6557.0	571.0	186.0	260.0	3757.0	102.0	156.0	104.0	133.0	12.0
4	3	6	1.0145928209100588	0.15514999693868248	0.9380281690140845	79964.0	3715.0	6557.0	260.0	156.0	4137.0	238.0	108.0	571.0	3757.0	104.0	186.0	133.0	102.0	12.0
3	4	7	-1.1198708466402012	0.868615548725192	1.0912280701754387	80038.0	3641.0	4140.0	232.0	111.0	6559.0	258.0	156.0	569.0	3747.0	116.0	190.0	102.0	134.0	7.0
3	7	4	-14.515249050682588	1.0	0.4799382716049383	80038.0	4140.0	3641.0	232.0	111.0	6559.0	569.0	190.0	258.0	3747.0	102.0	156.0	116.0	134.0	7.0
4	3	7	1.213493489767678	0.11247066722189902	0.928374655647383	80038.0	3641.0	6559.0	258.0	156.0	4140.0	232.0	111.0	569.0	3747.0	116.0	190.0	134.0	102.0	7.0
3	4	8	-1.3463129175879827	0.9108991256956138	1.138655462184874	79983.0	3696.0	4129.0	244.0	110.0	6553.0	277.0	143.0	548.0	3773.0	111.0	188.0	98.0	136.0	11.0
3	8	4	-12.402397786265047	1.0	0.471304347826087	79983.0	4129.0	3696.0	244.0	110.0	6553.0	548.0	188.0	277.0	3773.0	98.0	143.0	111.0	136.0	11.0
4	3	8	1.5102550809843054	0.06548920112126866	0.9020771513353116	79983.0	3696.0	6553.0	277.0	143.0	4129.0	244.0	110.0	548.0	3773.0	111.0	188.0	136.0	98.0	11.0
3	4	9	-1.4356809059089979	0.9244533728254128	1.0673469387755101	80178.0	3501.0	4167.0	229.0	87.0	6570.0	262.0	141.0	785.0	3548.0	99.0	200.0	98.0	127.0	8.0
3	9	4	-24.189047990466744	1.0	0.484708063021316	80178.0	4167.0	3501.0	229.0	87.0	6570.0	785.0	200.0	262.0	3548.0	98.0	141.0	99.0	127.0	8.0
4	3	9	1.526268802457749	0.06347148945297176	0.9439728353140917	80178.0	3501.0	6570.0	262.0	141.0	4167.0	229.0	87.0	785.0	3548.0	99.0	200.0	127.0	98.0	8.0
3	5	6	-99999.9	1.0	-0.00030873726458783575	83395.0	736.0	706.0	3288.0	37.0	7238.0	48.0	30.0	47.0	4056.0	22.0	29.0	15.0	351.0	2.0
3	6	5	0.10255936471059447	0.459156291990267	0.00030845157310302283	83395.0	706.0	736.0	3288.0	37.0	7238.0	47.0	29.0	48.0	4056.0	15.0	30.0	22.0	351.0	2.0
5	3	6	-332.2923416623269	1.0	0.5000771485881808	83395.0	736.0	7238.0	48.0	30.0	706.0	3288.0	37.0	47.0	4056.0	22.0	29.0	351.0	15.0	2.0
3	5	7	0.10324894069208788	0.4588826441397902	0.002358490566037736	81248.0	2883.0	2930.0	1033.0	68.0	7001.0	187.0	128.0	189.0	3849.0	87.0	128.0	71.0	187.0	11.0
3	7	5	-99999.9	1.0	-0.0023752969121140144	81248.0	2930.0	2883.0	1033.0	68.0	7001.0	189.0	128.0	187.0	3849.0	71.0	128.0	87.0	187.0	11.0
5	3	7	-43.57105297206142	1.0	0.49940828402366866	81248.0	2883.0	7001.0	187.0	128.0	2930.0	1033.0	68.0	189.0	3849.0	87.0	128.0	187.0	71.0	11.0
3	5	8	-99999.9	1.0	-0.043037974683544304	81198.0	2933.0	2914.0	1032.0	85.0	6986.0	208.0	122.0	174.0	3873.0	78.0	129.0	67.0	190.0	11.0
3	8	5	1.7670988542292454	0.038605791489795815	0.03811659192825111	81198.0	2914.0	2933.0	1032.0	85.0	6986.0	174.0	129.0	208.0	3873.0	67.0	122.0	78.0	190.0	11.0
5	3	8	-42.82616046720287	1.0	0.5101070154577885	81198.0	2933.0	6986.0	208.0	122.0	2914.0	1032.0	85.0	174.0	3873.0	78.0	129.0	190.0	67.0	11.0
3	5	9	0.7905202571965602	0.2146119363519906	0.9244444444444444	80654.0	3477.0	3691.0	257.0	83.0	6929.0	240.0	147.0	448.0	3592.0	85.0	178.0	76.0	136.0	7.0
3	9	5	-8.881727595561353	1.0	0.5213032581453634	80654.0	3691.0	3477.0	257.0	83.0	6929.0	448.0	178.0	240.0	3592.0	76.0	147.0	85.0	136.0	7.0
5	3	9	-0.7259104284833798	0.7660532278111349	1.0977011494252873	80654.0	3477.0	6929.0	240.0	147.0	3691.0	257.0	83.0	448.0	3592.0	85.0	178.0	136.0	76.0	7.0
3	6	7	0.05066042230306335	0.4797979898158894	0.0	81226.0	2875.0	2952.0	1037.0	72.0	6991.0	195.0	128.0	195.0	3840.0	84.0	132.0	72.0	189.0	12.0
3	7	6	0.05066042230306335	0.4797979898158894	0.0	81226.0	2952.0	2875.0	1037.0	72.0	6991.0	195.0	132.0	195.0	3840.0	72.0	128.0	84.0	189.0	12.0
6	3	7	-42.63086220937466	1.0	0.5	81226.0	2875.0	6991.0	195.0	128.0	2952.0	1037.0	72.0	195.0	3840.0	84.0	132.0	189.0	72.0	12.0
3	6	8	-99999.9	1.0	-0.04487179487179487	81161.0	2940.0	2951.0	1031.0	79.0	6976.0	216.0	122.0	181.0	3862.0	76.0	132.0	70.0	191.0	12.0
3	8	6	1.7855164898155675	0.03708874000561757	0.03954802259887005	81161.0	2951.0	2940.0	1031.0	79.0	6976.0	181.0	132.0	216.0	3862.0	70.0	122.0	76.0	191.0	12.0
6	3	8	-41.5770268342768	1.0	0.5105105105105104	81161.0	2940.0	6976.0	216.0	122.0	2951.0	1031.0	79.0	181.0	3862.0	76.0	132.0	191.0	70.0	12.0
3	6	9	0.40942199355449876	0.34111504626882505	0.958904109589041	80623.0	3478.0	3722.0	256.0	83.0	6919.0	247.0	148.0	457.0	3580.0	82.0	179.0	81.0	137.0	8.0
3	9	6	-9.143757856050446	1.0	0.510948905109489	80623.0	3722.0	3478.0	256.0	83.0	6919.0	457.0	179.0	247.0	3580.0	81.0	148.0	82.0	137.0	8.0
6	3	9	-0.39187533668787733	0.6524247840037506	1.046875	80623.0	3478.0	6919.0	247.0	148.0	3722.0	256.0	83.0	457.0	3580.0	82.0	179.0	137.0	81.0	8.0
3	7	8	-99999.9	1.0	-0.018171493469619535	82134.0	2044.0	1978.0	1948.0	58.0	7082.0	155.0	81.0	123.0	3937.0	47.0	84.0	56.0	268.0	5.0
3	8	7	1.9317051921025499	0.026697883754171814	0.017232094776521267	82134.0	1978.0	2044.0	1948.0	58.0	7082.0	123.0	84.0	155.0	3937.0	56.0	81.0	47.0	268.0	5.0
7	3	8	-108.23585654499594	1.0	0.5044223327805417	82134.0	2044.0	7082.0	155.0	81.0	1978.0	1948.0	58.0	123.0	3937.0	47.0	84.0	268.0	56.0	5.0
3	7	9	0.5527158953271801	0.2902289553153603	0.9473684210526315	80707.0	3471.0	3638.0	254.0	92.0	6923.0	242.0	153.0	458.0	3570.0	79.0	174.0	96.0	137.0	6.0
3	9	7	-9.396170220562041	1.0	0.5142857142857143	80707.0	3638.0	3471.0	254.0	92.0	6923.0	458.0	174.0	242.0	3570.0	96.0	153.0	79.0	137.0	6.0
7	3	9	-0.5220094566978923	0.6991681399372169	1.0625	80707.0	3471.0	6923.0	242.0	153.0	3638.0	254.0	92.0	458.0	3570.0	79.0	174.0	137.0	96.0	6.0
3	8	9	1.2525627664152799	0.10518250479328972	0.9044117647058824	80632.0	3480.0	3713.0	248.0	89.0	6913.0	222.0	154.0	468.0	3602.0	78.0	174.0	84.0	140.0	3.0
3	9	8	-10.598608023513911	1.0	0.5278969957081545	80632.0	3713.0	3480.0	248.0	89.0	6913.0	468.0	174.0	222.0	3602.0	84.0	154.0	78.0	140.0	3.0
8	3	9	-1.1201780837860227	0.8686810096095418	1.134020618556701	80632.0	3480.0	6913.0	222.0	154.0	3713.0	248.0	89.0	468.0	3602.0	78.0	174.0	140.0	84.0	3.0
4	5	6	0.8682965902374934	0.19261595361204142	0.002114164904862579	85798.0	759.0	723.0	3333.0	39.0	4835.0	29.0	26.0	36.0	4082.0	19.0	23.0	17.0	280.0	1.0
4	6	5	-99999.9	1.0	-0.002127659574468085	85798.0	723.0	759.0	3333.0	39.0	4835.0	36.0	23.0	29.0	4082.0	17.0	26.0	19.0	280.0	1.0
5	4	6	-408.9676940018617	1.0	0.49946977730646874	85798.0	759.0	4835.0	29.0	26.0	723.0	3333.0	39.0	36.0	4082.0	19.0	23.0	280.0	17.0	1.0
4	5	7	0.4783539926745099	0.31619914689103656	0.00904977375565611	83591.0	2966.0	3006.0	1013.0	76.0	4658.0	137.0	95.0	145.0	3907.0	85.0	96.0	69.0	149.0	7.0
4	7	5	-99999.9	1.0	-0.009302325581395349	83591.0	3006.0	2966.0	1013.0	76.0	4658.0	145.0	96.0	137.0	3907.0	69.0	95.0	85.0	149.0	7.0
5	4	7	-51.90140820518432	1.0	0.4977064220183486	83591.0	2966.0	4658.0	137.0	95.0	3006.0	1013.0	76.0	145.0	3907.0	85.0	96.0	149.0	69.0	7.0
4	5	8	-99999.9	1.0	-0.023837902264600714	83540.0	3017.0	2996.0	1007.0	92.0	4644.0	148.0	98.0	128.0	3936.0	73.0	93.0	69.0	152.0	7.0
4	8	5	1.2152261354653964	0.11213999388768481	0.02224694104560623	83540.0	2996.0	3017.0	1007.0	92.0	4644.0	128.0	93.0	148.0	3936.0	69.0	98.0	73.0	152.0	7.0
5	4	8	-52.1939625182388	1.0	0.5057537399309552	83540.0	3017.0	4644.0	148.0	98.0	2996.0	1007.0	92.0	128.0	3936.0	73.0	93.0	152.0	69.0	7.0
4	5	9	2.7872717163710727	0.0026577537647900495	0.8152173913043478	82962.0	3595.0	3786.0	216.0	93.0	4621.0	165.0	104.0	390.0	3667.0	80.0	141.0	72.0	102.0	6.0
4	9	5	-9.509515267618955	1.0	0.5639097744360902	82962.0	3786.0	3595.0	216.0	93.0	4621.0	390.0	141.0	165.0	3667.0	72.0	104.0	80.0	102.0	6.0
5	4	9	-2.155490127326963	0.9844383050897958	1.4146341463414633	82962.0	3595.0	4621.0	165.0	104.0	3786.0	216.0	93.0	390.0	3667.0	80.0	141.0	102.0	72.0	6.0
4	6	7	0.1183749714304203	0.4528852340075573	0.0022805017103762833	83562.0	2959.0	3035.0	1017.0	79.0	4655.0	142.0	97.0	144.0	3900.0	84.0	100.0	71.0	149.0	6.0
4	7	6	-99999.9	1.0	-0.002296211251435132	83562.0	3035.0	2959.0	1017.0	79.0	4655.0	144.0	100.0	142.0	3900.0	71.0	97.0	84.0	149.0	6.0
6	4	7	-51.670675029378295	1.0	0.4994279176201373	83562.0	2959.0	4655.0	142.0	97.0	3035.0	1017.0	79.0	144.0	3900.0	84.0	100.0	149.0	71.0	6.0
4	6	8	-99999.9	1.0	-0.03284671532846715	83498.0	3023.0	3038.0	1004.0	89.0	4639.0	155.0	100.0	128.0	3928.0	72.0	98.0	70.0	152.0	6.0
4	8	6	1.6243794083216634	0.05214742173002307	0.02990033222591362	83498.0	3038.0	3023.0	1004.0	89.0	4639.0	128.0	98.0	155.0	3928.0	70.0	100.0	72.0	152.0	6.0
6	4	8	-51.07770806167009	1.0	0.5078260869565216	83498.0	3023.0	4639.0	155.0	100.0	3038.0	1004.0	89.0	128.0	3928.0	72.0	98.0	152.0	70.0	6.0
4	6	9	2.333508378536707	0.009810718202933999	0.8358778625954199	82924.0	3597.0	3824.0	214.0	93.0	4618.0	171.0	105.0	390.0	3658.0	80.0	144.0	75.0	101.0	6.0
4	9	6	-9.551104060987457	1.0	0.5544303797468355	82924.0	3824.0	3597.0	214.0	93.0	4618.0	390.0	144.0	171.0	3658.0	75.0	105.0	80.0	101.0	6.0
6	4	9	-1.875330934349135	0.9696264584225114	1.3233082706766917	82924.0	3597.0	4618.0	171.0	105.0	3824.0	214.0	93.0	390.0	3658.0	80.0	144.0	101.0	75.0	6.0
4	7	8	-99999.9	1.0	-0.016030956329463792	84498.0	2099.0	2038.0	1955.0	62.0	4718.0	117.0	64.0	88.0	3979.0	46.0	59.0	57.0	219.0	1.0
4	8	7	2.0361152862375502	0.02086932233234684	0.01529535864978903	84498.0	2038.0	2099.0	1955.0	62.0	4718.0	88.0	59.0	117.0	3979.0	57.0	64.0	46.0	219.0	1.0
7	4	8	-129.0475826242972	1.0	0.5039136302294197	84498.0	2099.0	4718.0	117.0	64.0	2038.0	1955.0	62.0	88.0	3979.0	46.0	59.0	219.0	57.0	1.0
4	7	9	2.6489911839139775	0.004036663921930916	0.8260869565217391	82996.0	3601.0	3752.0	210.0	93.0	4634.0	162.0	103.0	390.0	3644.0	79.0	128.0	98.0	107.0	3.0
4	9	7	-9.933716939677423	1.0	0.5588235294117647	82996.0	3752.0	3601.0	210.0	93.0	4634.0	390.0	128.0	162.0	3644.0	98.0	103.0	79.0	107.0	3.0
7	4	9	-2.0913088294057713	0.9817498689574626	1.3636363636363635	82996.0	3601.0	4634.0	162.0	103.0	3752.0	210.0	93.0	390.0	3644.0	79.0	128.0	107.0	98.0	3.0
4	8	9	3.5954519112873506	0.00016195192194268238	0.7961783439490446	82931.0	3605.0	3817.0	210.0	89.0	4614.0	146.0	105.0	396.0	3677.0	80.0	142.0	81.0	103.0	4.0
4	9	8	-10.449282117178873	1.0	0.573394495412844	82931.0	3817.0	3605.0	210.0	89.0	4614.0	396.0	142.0	146.0	3677.0	81.0	105.0	80.0	103.0	4.0
8	4	9	-2.6750162219977893	0.9962636723490766	1.5245901639344261	82931.0	3605.0	4614.0	146.0	105.0	3817.0	210.0	89.0	396.0	3677.0	80.0	142.0	103.0	81.0	4.0
5	6	7	0.2356294553589111	0.4068601553940091	0.9991850040749797	87484.0	3149.0	765.0	37.0	12.0	733.0	35.0	14.0	2487.0	5008.0	200.0	27.0	26.0	21.0	2.0
5	7	6	-288.6460828146646	1.0	0.5002039983680131	87484.0	765.0	3149.0	37.0	12.0	733.0	2487.0	27.0	35.0	5008.0	26.0	14.0	200.0	21.0	2.0
6	5	7	-0.23543726167591034	0.5930652680851046	1.0008169934640523	87484.0	3149.0	733.0	35.0	14.0	765.0	37.0	12.0	2487.0	5008.0	200.0	27.0	21.0	26.0	2.0
5	6	8	-0.6868096501629054	0.7538987240451437	1.0024803637866888	87416.0	3217.0	768.0	35.0	11.0	721.0	41.0	20.0	2466.0	5029.0	200.0	30.0	25.0	20.0	1.0
5	8	6	-278.2723765910034	1.0	0.49938220757825375	87416.0	768.0	3217.0	35.0	11.0	721.0	2466.0	30.0	41.0	5029.0	25.0	20.0	200.0	20.0	1.0
6	5	8	0.6885089730086693	0.2455660927331047	0.9975379565038982	87416.0	3217.0	721.0	41.0	20.0	768.0	35.0	11.0	2466.0	5029.0	200.0	30.0	20.0	25.0	1.0
5	6	9	-0.866526680571602	0.8068993403917348	1.0019948703334283	86816.0	3817.0	767.0	29.0	18.0	726.0	36.0	20.0	3552.0	3930.0	213.0	39.0	19.0	14.0	4.0
5	9	6	-436.1104993791079	1.0	0.49950277027986933	86816.0	767.0	3817.0	29.0	18.0	726.0	3552.0	39.0	36.0	3930.0	19.0	20.0	213.0	14.0	4.0
6	5	9	0.8682518474555614	0.19262819766443462	0.9980169971671388	86816.0	3817.0	726.0	36.0	20.0	767.0	29.0	18.0	3552.0	3930.0	213.0	39.0	14.0	19.0	4.0
5	7	8	-99999.9	1.0	-0.019812304483837334	86110.0	2139.0	2074.0	1077.0	47.0	3106.0	99.0	42.0	80.0	4933.0	56.0	31.0	63.0	143.0	0.0
5	8	7	1.4302737569092059	0.07631927985183218	0.018700787401574805	86110.0	2074.0	2139.0	1077.0	47.0	3106.0	80.0	31.0	99.0	4933.0	63.0	42.0	56.0	143.0	0.0
7	5	8	-73.62145969774754	1.0	0.5048101265822784	86110.0	2139.0	3106.0	99.0	42.0	2074.0	1077.0	47.0	80.0	4933.0	56.0	31.0	143.0	63.0	0.0
5	7	9	-0.29855251273254735	0.617359180362389	1.0047664442326025	84592.0	3657.0	2991.0	137.0	70.0	3038.0	142.0	67.0	1196.0	3758.0	115.0	83.0	85.0	66.0	3.0
5	9	7	-63.23342219675368	1.0	0.4988168480832939	84592.0	2991.0	3657.0	137.0	70.0	3038.0	1196.0	83.0	142.0	3758.0	85.0	67.0	115.0	66.0	3.0
7	5	9	0.2999687959997796	0.3821005469630836	0.9953007518796992	84592.0	3657.0	3038.0	142.0	67.0	2991.0	137.0	70.0	1196.0	3758.0	115.0	83.0	66.0	85.0	3.0
5	8	9	0.805861481028323	0.21016130301166192	0.987906976744186	84521.0	3663.0	3062.0	138.0	63.0	3024.0	125.0	68.0	1187.0	3790.0	118.0	106.0	70.0	62.0	3.0
5	9	8	-65.02682258451604	1.0	0.5030791094268119	84521.0	3062.0	3663.0	138.0	63.0	3024.0	1187.0	106.0	125.0	3790.0	70.0	68.0	118.0	62.0	3.0
8	5	9	-0.795996886627788	0.7869831383468575	1.0125482625482625	84521.0	3663.0	3024.0	125.0	68.0	3062.0	138.0	63.0	1187.0	3790.0	118.0	106.0	62.0	70.0	3.0
6	7	8	-99999.9	1.0	-0.011213047910295617	86070.0	2147.0	2067.0	1084.0	47.0	3146.0	92.0	41.0	81.0	4929.0	56.0	37.0	63.0	140.0	0.0
6	8	7	0.8400560735567774	0.2004384241752999	0.010848126232741617	86070.0	2067.0	2147.0	1084.0	47.0	3146.0	81.0	37.0	92.0	4929.0	63.0	41.0	56.0	140.0	0.0
7	6	8	-75.75778408802935	1.0	0.5027568922305765	86070.0	2147.0	3146.0	92.0	41.0	2067.0	1084.0	47.0	81.0	4929.0	56.0	37.0	140.0	63.0	0.0
6	7	9	0.17982087601961466	0.42864660575982483	0.9971857410881801	84554.0	3663.0	2988.0	141.0	69.0	3076.0	138.0	65.0	1201.0	3750.0	115.0	81.0	85.0	70.0	4.0
6	9	7	-63.536709526930835	1.0	0.5007065473386717	84554.0	2988.0	3663.0	141.0	69.0	3076.0	1201.0	81.0	138.0	3750.0	85.0	65.0	115.0	70.0	4.0
7	6	9	-0.17931338530648314	0.5711541730819596	1.0028382213812677	84554.0	3663.0	3076.0	138.0	65.0	2988.0	141.0	69.0	1201.0	3750.0	115.0	81.0	70.0	85.0	4.0
6	8	9	1.360182611625012	0.08688613340541851	0.9797235023041475	84470.0	3667.0	3072.0	144.0	62.0	3075.0	122.0	67.0	1185.0	3781.0	118.0	98.0	70.0	65.0	4.0
6	9	8	-64.36136812280171	1.0	0.5052281368821293	84470.0	3072.0	3667.0	144.0	62.0	3075.0	1185.0	98.0	122.0	3781.0	70.0	67.0	118.0	65.0	4.0
8	6	9	-1.3320320778002235	0.9085751108830148	1.0215897939156036	84470.0	3667.0	3075.0	122.0	67.0	3072.0	144.0	62.0	1185.0	3781.0	118.0	98.0	65.0	70.0	4.0
7	8	9	1.0404336733205521	0.14906925702996066	0.9932595089070775	85492.0	3724.0	2138.0	98.0	44.0	2053.0	84.0	48.0	2147.0	3837.0	169.0	70.0	40.0	55.0	1.0
7	9	8	-152.27489975955814	1.0	0.5017023346303502	85492.0	2138.0	3724.0	98.0	44.0	2053.0	2147.0	70.0	84.0	3837.0	40.0	48.0	169.0	55.0	1.0
8	7	9	-1.0333730473261327	0.8492853002097372	1.0068796068796069	85492.0	3724.0	2053.0	84.0	48.0	2138.0	98.0	44.0	2147.0	3837.0	169.0	70.0	55.0	40.0	1.0
