P1	Hybrid	P2	Zscore	Pvalue	Gamma	AAAA	AAAB	AABA	AABB	AABC	ABAA	ABAB	ABAC	ABBA	BAAA	ABBC	CABC	BACA	BCAA	ABCD
1	2	3	-0.28890668293295124	0.6136735384439349	-0.6	22270.0	1444.0	1521.0	125.0	50.0	2407.0	141.0	71.0	147.0	1538.0	62.0	87.0	52.0	80.0	5.0
1	3	2	-0.3972466890328075	0.6544071717291768	0.21428571428571427	22270.0	1521.0	1444.0	125.0	50.0	2407.0	147.0	87.0	141.0	1538.0	52.0	71.0	62.0	80.0	5.0
2	1	3	1.059324504087491	0.1447260410414113	0.5789473684210527	22270.0	1444.0	2407.0	141.0	71.0	1521.0	125.0	50.0	147.0	1538.0	62.0	87.0	80.0	52.0	5.0
1	2	4	-1.3697272178652478	0.9146139053998548	1.054945054945055	22618.0	1096.0	1568.0	90.0	38.0	2457.0	110.0	52.0	494.0	1202.0	51.0	113.0	46.0	56.0	9.0
1	4	2	-27.668489800877996	1.0	0.4873096446700507	22618.0	1568.0	1096.0	90.0	38.0	2457.0	494.0	113.0	110.0	1202.0	46.0	52.0	51.0	56.0	9.0
2	1	4	1.4410671771290628	0.07478289807484795	0.9528301886792453	22618.0	1096.0	2457.0	110.0	52.0	1568.0	90.0	38.0	494.0	1202.0	51.0	113.0	56.0	46.0	9.0
1	2	5	-1.9045056414116932	0.9715778849426424	1.0547368421052632	22667.0	1047.0	1580.0	74.0	42.0	2463.0	100.0	56.0	601.0	1094.0	52.0	126.0	37.0	58.0	3.0
1	5	2	-38.60286434707547	1.0	0.48735408560311283	22667.0	1580.0	1047.0	74.0	42.0	2463.0	601.0	126.0	100.0	1094.0	37.0	56.0	52.0	58.0	3.0
2	1	5	2.003342261524875	0.02257021313829044	0.9529837251356239	22667.0	1047.0	2463.0	100.0	56.0	1580.0	74.0	42.0	601.0	1094.0	52.0	126.0	58.0	37.0	3.0
1	2	6	-2.1712089994004398	0.9850423641661803	1.0634249471458774	22694.0	1020.0	1582.0	73.0	41.0	2460.0	103.0	56.0	606.0	1094.0	47.0	128.0	35.0	58.0	3.0
1	6	2	-38.575146556014474	1.0	0.4855212355212355	22694.0	1582.0	1020.0	73.0	41.0	2460.0	606.0	128.0	103.0	1094.0	35.0	56.0	47.0	58.0	3.0
2	1	6	2.300704565965078	0.0107041395298908	0.9467140319715808	22694.0	1020.0	2460.0	103.0	56.0	1582.0	73.0	41.0	606.0	1094.0	47.0	128.0	58.0	35.0	3.0
1	2	7	-2.302909834629782	0.9893580695682846	1.073008849557522	22740.0	974.0	1584.0	77.0	35.0	2452.0	110.0	57.0	595.0	1096.0	56.0	127.0	37.0	54.0	6.0
1	7	2	-36.14870588903718	1.0	0.4835493519441675	22740.0	1584.0	974.0	77.0	35.0	2452.0	595.0	127.0	110.0	1096.0	37.0	57.0	56.0	54.0	6.0
2	1	7	2.4596026687386123	0.006954551679089094	0.9401088929219602	22740.0	974.0	2452.0	110.0	57.0	1584.0	77.0	35.0	595.0	1096.0	56.0	127.0	54.0	37.0	6.0
1	2	8	-1.7773452665872282	0.9622443227775492	1.0555555555555556	22738.0	976.0	1570.0	87.0	39.0	2435.0	113.0	71.0	607.0	1090.0	50.0	125.0	40.0	54.0	5.0
1	8	2	-35.546905331744576	1.0	0.48717948717948717	22738.0	1570.0	976.0	87.0	39.0	2435.0	607.0	125.0	113.0	1090.0	40.0	71.0	50.0	54.0	5.0
2	1	8	1.8708897543023457	0.03068011870727516	0.9523809523809523	22738.0	976.0	2435.0	113.0	71.0	1570.0	87.0	39.0	607.0	1090.0	50.0	125.0	54.0	40.0	5.0
1	2	9	-1.966481701550055	0.9753785721524378	1.0517560073937153	22760.0	954.0	1587.0	81.0	28.0	2450.0	109.0	60.0	678.0	1012.0	57.0	131.0	34.0	56.0	3.0
1	9	2	-41.92819913662081	1.0	0.4879931389365351	22760.0	1587.0	954.0	81.0	28.0	2450.0	678.0	131.0	109.0	1012.0	34.0	60.0	57.0	56.0	3.0
2	1	9	2.0632505726280894	0.01954434782602088	0.9552	22760.0	954.0	2450.0	109.0	60.0	1587.0	81.0	28.0	678.0	1012.0	57.0	131.0	56.0	34.0	3.0
1	3	4	-1.0947136072957917	0.8631788945963299	1.0415512465373962	22693.0	1098.0	1493.0	82.0	44.0	2488.0	97.0	56.0	473.0	1212.0	46.0	103.0	49.0	64.0	2.0
1	4	3	-28.535534696843637	1.0	0.49022164276401564	22693.0	1493.0	1098.0	82.0	44.0	2488.0	473.0	103.0	97.0	1212.0	49.0	56.0	46.0	64.0	2.0
3	1	4	1.13838569269323	0.12747978692683792	0.9630541871921182	22693.0	1098.0	2488.0	97.0	56.0	1493.0	82.0	44.0	473.0	1212.0	46.0	103.0	64.0	49.0	2.0
1	3	5	0.0	0.49999999949999996	nan	22754.0	1037.0	1493.0	88.0	38.0	2499.0	88.0	54.0	584.0	1097.0	50.0	107.0	46.0	63.0	2.0
1	5	3	-37.376789829309175	1.0	0.5	22754.0	1493.0	1037.0	88.0	38.0	2499.0	584.0	107.0	88.0	1097.0	46.0	54.0	50.0	63.0	2.0
3	1	5	0.0	0.49999999949999996	nan	22754.0	1037.0	2499.0	88.0	54.0	1493.0	88.0	38.0	584.0	1097.0	50.0	107.0	63.0	46.0	2.0
1	3	6	-0.15303372112575112	0.5608141731157967	1.0040160642570282	22778.0	1013.0	1498.0	84.0	37.0	2499.0	86.0	56.0	586.0	1100.0	45.0	109.0	46.0	62.0	1.0
1	6	3	-38.41146400256352	1.0	0.499001996007984	22778.0	1498.0	1013.0	84.0	37.0	2499.0	586.0	109.0	86.0	1100.0	46.0	56.0	45.0	62.0	1.0
3	1	6	0.15364585601025413	0.43894447515733526	0.996031746031746	22778.0	1013.0	2499.0	86.0	56.0	1498.0	84.0	37.0	586.0	1100.0	45.0	109.0	62.0	46.0	1.0
1	3	7	-0.7324246287246782	0.7680453536575673	1.0213675213675213	22824.0	967.0	1500.0	86.0	33.0	2491.0	96.0	54.0	574.0	1106.0	51.0	109.0	41.0	63.0	5.0
1	7	3	-35.74232188176433	1.0	0.494824016563147	22824.0	1500.0	967.0	86.0	33.0	2491.0	574.0	109.0	96.0	1106.0	41.0	54.0	51.0	63.0	5.0
3	1	7	0.7477473197021819	0.22730622343147078	0.9799196787148594	22824.0	967.0	2491.0	96.0	54.0	1500.0	86.0	33.0	574.0	1106.0	51.0	109.0	63.0	41.0	5.0
1	3	8	-1.9024858840088799	0.9714462348261987	1.0565217391304347	22788.0	1003.0	1520.0	74.0	25.0	2470.0	100.0	71.0	586.0	1102.0	43.0	111.0	41.0	60.0	6.0
1	8	3	-37.464337408174856	1.0	0.48697394789579157	22788.0	1520.0	1003.0	74.0	25.0	2470.0	586.0	111.0	100.0	1102.0	41.0	71.0	43.0	60.0	6.0
3	1	8	2.0042649642233465	0.022520773437633812	0.9516728624535316	22788.0	1003.0	2470.0	100.0	71.0	1520.0	74.0	25.0	586.0	1102.0	43.0	111.0	60.0	41.0	6.0
1	3	9	-0.7591166115340932	0.7761086654544486	1.0180831826401446	22842.0	949.0	1505.0	80.0	34.0	2489.0	90.0	62.0	653.0	1026.0	52.0	117.0	39.0	60.0	2.0
1	9	3	-43.497381840903564	1.0	0.49559859154929575	22842.0	1505.0	949.0	80.0	34.0	2489.0	653.0	117.0	90.0	1026.0	39.0	62.0	52.0	60.0	2.0
3	1	9	0.7726000326981091	0.21987949746020874	0.9828473413379074	22842.0	949.0	2489.0	90.0	62.0	1505.0	80.0	34.0	653.0	1026.0	52.0	117.0	60.0	39.0	2.0
1	4	5	-0.07201443798413712	0.528704860012557	1.0089285714285714	23145.0	1041.0	1102.0	95.0	27.0	2906.0	96.0	62.0	209.0	1108.0	41.0	75.0	27.0	65.0	1.0
1	5	4	-8.209645930191682	0.9999999999999999	0.4977973568281938	23145.0	1102.0	1041.0	95.0	27.0	2906.0	209.0	75.0	96.0	1108.0	27.0	62.0	41.0	65.0	1.0
4	1	5	0.07265173389550118	0.47104156007041786	0.991304347826087	23145.0	1041.0	2906.0	96.0	62.0	1102.0	95.0	27.0	209.0	1108.0	41.0	75.0	65.0	27.0	1.0
1	4	6	-0.21297100105766956	0.5843251750846834	1.0267857142857142	23176.0	1010.0	1100.0	95.0	29.0	2906.0	98.0	60.0	213.0	1107.0	38.0	75.0	27.0	65.0	1.0
1	6	4	-8.376859374935018	1.0	0.49356223175965663	23176.0	1100.0	1010.0	95.0	29.0	2906.0	213.0	75.0	98.0	1107.0	27.0	60.0	38.0	65.0	1.0
4	1	6	0.21852676630265222	0.4135093906693885	0.9752066115702479	23176.0	1010.0	2906.0	98.0	60.0	1100.0	95.0	29.0	213.0	1107.0	38.0	75.0	65.0	27.0	1.0
1	4	7	-0.7664000481164643	0.7782809139155028	1.1134020618556701	23215.0	971.0	1109.0	86.0	29.0	2898.0	97.0	69.0	205.0	1116.0	37.0	71.0	30.0	63.0	4.0
1	7	4	-8.291055065987207	1.0	0.4757709251101322	23215.0	1109.0	971.0	86.0	29.0	2898.0	205.0	71.0	97.0	1116.0	30.0	69.0	37.0	63.0	4.0
4	1	7	0.8444593122764745	0.1992063470218186	0.9153846153846154	23215.0	971.0	2898.0	97.0	69.0	1109.0	86.0	29.0	205.0	1116.0	37.0	71.0	63.0	30.0	4.0
1	4	8	-1.1576942851253875	0.8765055333533789	1.1935483870967742	23195.0	991.0	1113.0	90.0	21.0	2873.0	108.0	83.0	219.0	1107.0	32.0	75.0	28.0	62.0	3.0
1	8	4	-8.296809043398609	1.0	0.46249999999999997	23195.0	1113.0	991.0	90.0	21.0	2873.0	219.0	75.0	108.0	1107.0	28.0	83.0	32.0	62.0	3.0
4	1	8	1.345428493524099	0.08924351302029443	0.8775510204081631	23195.0	991.0	2873.0	108.0	83.0	1113.0	90.0	21.0	219.0	1107.0	32.0	75.0	62.0	28.0	3.0
1	4	9	-1.3538771313434206	0.9121121472407747	1.1151515151515152	23219.0	967.0	1128.0	77.0	19.0	2903.0	96.0	65.0	280.0	1035.0	43.0	76.0	24.0	65.0	3.0
1	9	4	-14.465108298037597	1.0	0.4754521963824289	23219.0	1128.0	967.0	77.0	19.0	2903.0	280.0	76.0	96.0	1035.0	24.0	65.0	43.0	65.0	3.0
4	1	9	1.4936796612104042	0.06762971500773407	0.9144144144144144	23219.0	967.0	2903.0	96.0	65.0	1128.0	77.0	19.0	280.0	1035.0	43.0	76.0	65.0	24.0	3.0
1	5	6	0.1794059116785462	0.42880950330252043	0.0010672358591248667	24074.0	173.0	202.0	951.0	10.0	3163.0	15.0	12.0	16.0	1209.0	6.0	15.0	8.0	145.0	1.0
1	6	5	-99999.9	1.0	-0.0010706638115631692	24074.0	202.0	173.0	951.0	10.0	3163.0	16.0	15.0	15.0	1209.0	8.0	12.0	6.0	145.0	1.0
5	1	6	-167.74452741944054	1.0	0.4997327632282202	24074.0	173.0	3163.0	15.0	12.0	202.0	951.0	10.0	16.0	1209.0	6.0	15.0	145.0	8.0	1.0
1	5	7	-99999.9	1.0	-0.01408450704225352	23470.0	777.0	854.0	289.0	20.0	3054.0	73.0	63.0	70.0	1141.0	20.0	50.0	29.0	88.0	2.0
1	7	5	0.25242349843835554	0.40035692552389035	0.013513513513513513	23470.0	854.0	777.0	289.0	20.0	3054.0	70.0	50.0	73.0	1141.0	29.0	63.0	20.0	88.0	2.0
5	1	7	-18.174491887561555	1.0	0.503448275862069	23470.0	777.0	3054.0	73.0	63.0	854.0	289.0	20.0	70.0	1141.0	20.0	50.0	88.0	29.0	2.0
1	5	8	-99999.9	1.0	-0.030612244897959183	23461.0	786.0	847.0	287.0	29.0	3036.0	85.0	69.0	79.0	1131.0	21.0	52.0	27.0	88.0	2.0
1	8	5	0.47457297801150217	0.31754569747872674	0.028037383177570097	23461.0	847.0	786.0	287.0	29.0	3036.0	79.0	52.0	85.0	1131.0	27.0	69.0	21.0	88.0	2.0
5	1	8	-15.97729025972057	1.0	0.5073170731707317	23461.0	786.0	3036.0	85.0	69.0	847.0	287.0	29.0	79.0	1131.0	21.0	52.0	88.0	27.0	2.0
1	5	9	-1.1767807525648049	0.8803584250218959	1.3214285714285714	23283.0	964.0	1064.0	77.0	22.0	3023.0	95.0	72.0	169.0	1031.0	31.0	67.0	29.0	73.0	0.0
1	9	5	-6.014657179775669	0.9999999990953996	0.4457831325301205	23283.0	1064.0	964.0	77.0	22.0	3023.0	169.0	67.0	95.0	1031.0	29.0	72.0	31.0	73.0	0.0
5	1	9	1.4630247194048929	0.07173034740394035	0.8363636363636363	23283.0	964.0	3023.0	95.0	72.0	1064.0	77.0	22.0	169.0	1031.0	31.0	67.0	73.0	29.0	0.0
1	6	7	-99999.9	1.0	-0.02392344497607655	23498.0	778.0	826.0	290.0	18.0	3054.0	76.0	64.0	71.0	1141.0	20.0	49.0	26.0	88.0	1.0
1	7	6	0.4166031198461318	0.3384844054617383	0.022321428571428572	23498.0	826.0	778.0	290.0	18.0	3054.0	71.0	49.0	76.0	1141.0	26.0	64.0	20.0	88.0	1.0
6	1	7	-17.83061352941446	1.0	0.5057736720554272	23498.0	778.0	3054.0	76.0	64.0	826.0	290.0	18.0	71.0	1141.0	20.0	49.0	88.0	26.0	1.0
1	6	8	-99999.9	1.0	-0.04145077720207254	23490.0	786.0	818.0	290.0	26.0	3037.0	89.0	68.0	81.0	1131.0	20.0	49.0	23.0	90.0	2.0
1	8	6	0.6238607368724925	0.26635946804912614	0.03686635944700461	23490.0	818.0	786.0	290.0	26.0	3037.0	81.0	49.0	89.0	1131.0	23.0	68.0	20.0	90.0	2.0
6	1	8	-15.674501013921377	1.0	0.5097560975609757	23490.0	786.0	3037.0	89.0	68.0	818.0	290.0	26.0	81.0	1131.0	20.0	49.0	90.0	23.0	2.0
1	6	9	-1.2040149658399	0.8857080376417327	1.3518518518518519	23313.0	963.0	1034.0	80.0	20.0	3025.0	99.0	70.0	172.0	1029.0	31.0	62.0	27.0	74.0	1.0
1	9	6	-5.829967203014252	0.9999999972192806	0.44242424242424244	23313.0	1034.0	963.0	80.0	20.0	3025.0	172.0	62.0	99.0	1029.0	27.0	70.0	31.0	74.0	1.0
6	1	9	1.5173887240722028	0.0645843092388616	0.8288288288288288	23313.0	963.0	3025.0	99.0	70.0	1034.0	80.0	20.0	172.0	1029.0	31.0	62.0	74.0	27.0	1.0
1	7	8	-99999.9	1.0	-0.010548523206751054	23778.0	546.0	530.0	537.0	19.0	3068.0	58.0	48.0	53.0	1168.0	22.0	46.0	17.0	108.0	2.0
1	8	7	0.4765863876096591	0.3168283504543771	0.010224948875255624	23778.0	530.0	546.0	537.0	19.0	3068.0	53.0	46.0	58.0	1168.0	17.0	48.0	22.0	108.0	2.0
7	1	8	-45.65697593300536	1.0	0.5025960539979232	23778.0	546.0	3068.0	58.0	48.0	530.0	537.0	19.0	53.0	1168.0	22.0	46.0	108.0	17.0	2.0
1	7	9	-0.8840662681619545	0.8116698145498615	1.2	23375.0	949.0	972.0	82.0	32.0	3005.0	95.0	74.0	173.0	1039.0	31.0	81.0	21.0	70.0	1.0
1	9	7	-6.188463877133683	0.9999999996949992	0.4615384615384615	23375.0	972.0	949.0	82.0	32.0	3005.0	173.0	81.0	95.0	1039.0	21.0	74.0	31.0	70.0	1.0
7	1	9	1.0314106461889467	0.15117416697836883	0.875	23375.0	949.0	3005.0	95.0	74.0	972.0	82.0	32.0	173.0	1039.0	31.0	81.0	70.0	21.0	1.0
1	8	9	-1.414166359873846	0.9213434170678532	1.4107142857142856	23352.0	956.0	995.0	79.0	28.0	2989.0	102.0	76.0	181.0	1033.0	29.0	89.0	20.0	69.0	2.0
1	9	8	-6.271520378570969	0.9999999998204643	0.4364640883977901	23352.0	995.0	956.0	79.0	28.0	2989.0	181.0	89.0	102.0	1033.0	20.0	76.0	29.0	69.0	2.0
8	1	9	1.8258856798371177	0.03393368503336924	0.8160000000000001	23352.0	956.0	2989.0	102.0	76.0	995.0	79.0	28.0	181.0	1033.0	29.0	89.0	69.0	20.0	2.0
2	3	4	0.6083999121572637	0.27146108395561575	0.98	23554.0	1123.0	1521.0	92.0	43.0	1627.0	84.0	44.0	476.0	1219.0	48.0	72.0	45.0	47.0	5.0
2	4	3	-29.203195783548704	1.0	0.5051546391752578	23554.0	1521.0	1123.0	92.0	43.0	1627.0	476.0	72.0	84.0	1219.0	45.0	44.0	48.0	47.0	5.0
3	2	4	-0.5959835874193604	0.7244069509798245	1.0212765957446808	23554.0	1123.0	1627.0	84.0	44.0	1521.0	92.0	43.0	476.0	1219.0	48.0	72.0	47.0	45.0	5.0
2	3	5	2.0510199026382083	0.02013243747761606	0.9519408502772643	23610.0	1067.0	1520.0	96.0	40.0	1643.0	70.0	42.0	585.0	1111.0	47.0	79.0	45.0	41.0	4.0
2	5	3	-38.57495124577246	1.0	0.5129482071713147	23610.0	1520.0	1067.0	96.0	40.0	1643.0	585.0	79.0	70.0	1111.0	45.0	42.0	47.0	41.0	4.0
3	2	5	-1.947473266776862	0.974261057838516	1.0561555075593954	23610.0	1067.0	1643.0	70.0	42.0	1520.0	96.0	40.0	585.0	1111.0	47.0	79.0	41.0	45.0	4.0
2	3	6	2.136516855185707	0.016318596328712465	0.9506398537477148	23631.0	1046.0	1523.0	96.0	37.0	1646.0	69.0	40.0	589.0	1111.0	43.0	81.0	45.0	39.0	4.0
2	6	3	-39.01121517061313	1.0	0.5133267522211253	23631.0	1523.0	1046.0	96.0	37.0	1646.0	589.0	81.0	69.0	1111.0	45.0	40.0	43.0	39.0	4.0
3	2	6	-2.0255823261664494	0.9785962661491504	1.05793991416309	23631.0	1046.0	1646.0	69.0	40.0	1523.0	96.0	37.0	589.0	1111.0	43.0	81.0	39.0	45.0	4.0
2	3	7	1.8491864552483905	0.032215386654643074	0.9546313799621928	23667.0	1010.0	1525.0	99.0	32.0	1648.0	75.0	32.0	580.0	1112.0	51.0	78.0	40.0	44.0	7.0
2	7	3	-37.060778540603145	1.0	0.5121703853955375	23667.0	1525.0	1010.0	99.0	32.0	1648.0	580.0	78.0	75.0	1112.0	40.0	32.0	51.0	44.0	7.0
3	2	7	-1.7613043266821304	0.960906590362471	1.052516411378556	23667.0	1010.0	1648.0	75.0	32.0	1525.0	99.0	32.0	580.0	1112.0	51.0	78.0	44.0	40.0	7.0
2	3	8	0.15274591694437534	0.4392993097531843	0.99609375	23630.0	1047.0	1543.0	87.0	26.0	1628.0	85.0	42.0	595.0	1106.0	42.0	79.0	40.0	43.0	7.0
2	8	3	-38.7974629038713	1.0	0.5009823182711198	23630.0	1543.0	1047.0	87.0	26.0	1628.0	595.0	79.0	85.0	1106.0	40.0	42.0	42.0	43.0	7.0
3	2	8	-0.15214691334851504	0.5604644836453221	1.0039525691699605	23630.0	1047.0	1628.0	85.0	42.0	1543.0	87.0	26.0	595.0	1106.0	42.0	79.0	43.0	40.0	7.0
2	3	9	1.3714983645042913	0.0851098862831402	0.9717607973421927	23675.0	1002.0	1535.0	87.0	34.0	1656.0	70.0	29.0	655.0	1040.0	48.0	85.0	39.0	39.0	6.0
2	9	3	-45.82418064931983	1.0	0.5073720728534258	23675.0	1535.0	1002.0	87.0	34.0	1656.0	655.0	85.0	70.0	1040.0	39.0	29.0	48.0	39.0	6.0
3	2	9	-1.3316428564759615	0.908511147246263	1.030852994555354	23675.0	1002.0	1656.0	70.0	29.0	1535.0	87.0	34.0	655.0	1040.0	48.0	85.0	39.0	39.0	6.0
2	4	5	1.9832993159864383	0.023666933637686016	0.8275862068965517	24000.0	1075.0	1130.0	102.0	26.0	2051.0	77.0	47.0	197.0	1115.0	36.0	59.0	34.0	51.0	0.0
2	5	4	-7.536537400748466	0.9999999999999757	0.5581395348837209	24000.0	1130.0	1075.0	102.0	26.0	2051.0	197.0	59.0	77.0	1115.0	34.0	47.0	36.0	51.0	0.0
4	2	5	-1.5701119584892638	0.941805457750483	1.3571428571428572	24000.0	1075.0	2051.0	77.0	47.0	1130.0	102.0	26.0	197.0	1115.0	36.0	59.0	51.0	34.0	0.0
2	4	6	1.9264229800923578	0.027025722413364095	0.8367346938775511	24022.0	1053.0	1132.0	99.0	27.0	2060.0	75.0	40.0	198.0	1116.0	34.0	58.0	34.0	52.0	0.0
2	6	4	-7.946494792880973	0.9999999999999991	0.5540540540540541	24022.0	1132.0	1053.0	99.0	27.0	2060.0	198.0	58.0	75.0	1116.0	34.0	40.0	34.0	52.0	0.0
4	2	6	-1.5505355693426293	0.9394934737294145	1.32	24022.0	1053.0	2060.0	75.0	40.0	1132.0	99.0	27.0	198.0	1116.0	34.0	58.0	52.0	34.0	0.0
2	4	7	1.7189985955776723	0.04280727945426721	0.8467153284671532	24055.0	1020.0	1137.0	94.0	27.0	2058.0	73.0	44.0	189.0	1122.0	37.0	59.0	32.0	49.0	4.0
2	7	4	-7.776422218089474	0.9999999999999962	0.5497630331753554	24055.0	1137.0	1020.0	94.0	27.0	2058.0	189.0	59.0	73.0	1122.0	32.0	44.0	37.0	49.0	4.0
4	2	7	-1.4078005739644732	0.9204048818422694	1.2837837837837838	24055.0	1020.0	2058.0	73.0	44.0	1137.0	94.0	27.0	189.0	1122.0	37.0	59.0	49.0	32.0	4.0
2	4	8	0.610635051444533	0.27072055452088284	0.9365079365079365	24029.0	1046.0	1144.0	95.0	19.0	2039.0	87.0	49.0	205.0	1112.0	31.0	58.0	32.0	52.0	2.0
2	8	4	-8.396231957362327	1.0	0.5175438596491229	24029.0	1144.0	1046.0	95.0	19.0	2039.0	205.0	58.0	87.0	1112.0	32.0	49.0	31.0	52.0	2.0
4	2	8	-0.5692360649059206	0.7154020613697666	1.0784313725490196	24029.0	1046.0	2039.0	87.0	49.0	1144.0	95.0	19.0	205.0	1112.0	31.0	58.0	52.0	32.0	2.0
2	4	9	0.7886507691900484	0.21515801225485842	0.9502487562189055	24061.0	1014.0	1149.0	89.0	20.0	2061.0	79.0	35.0	270.0	1041.0	37.0	65.0	29.0	47.0	3.0
2	9	4	-14.274578922339867	1.0	0.5134408602150538	24061.0	1149.0	1014.0	89.0	20.0	2061.0	270.0	65.0	79.0	1041.0	29.0	35.0	37.0	47.0	3.0
4	2	9	-0.7473601530020877	0.7725769724614123	1.0584795321637426	24061.0	1014.0	2061.0	79.0	35.0	1149.0	89.0	20.0	270.0	1041.0	37.0	65.0	47.0	29.0	3.0
2	5	6	0.9620177037003068	0.1680203504790203	0.005091649694501019	24948.0	182.0	206.0	988.0	9.0	2289.0	11.0	7.0	16.0	1204.0	6.0	11.0	10.0	113.0	0.0
2	6	5	-99999.9	1.0	-0.005170630816959669	24948.0	206.0	182.0	988.0	9.0	2289.0	16.0	11.0	11.0	1204.0	10.0	7.0	6.0	113.0	0.0
5	2	6	-187.0162415993399	1.0	0.49871729091841965	24948.0	182.0	2289.0	11.0	7.0	206.0	988.0	9.0	16.0	1204.0	6.0	11.0	113.0	10.0	0.0
2	5	7	0.09505413406963095	0.46213585433883264	0.003875968992248062	24319.0	811.0	873.0	312.0	18.0	2205.0	55.0	47.0	56.0	1145.0	25.0	45.0	27.0	61.0	1.0
2	7	5	-99999.9	1.0	-0.00392156862745098	24319.0	873.0	811.0	312.0	18.0	2205.0	56.0	45.0	55.0	1145.0	27.0	47.0	25.0	61.0	1.0
5	2	7	-24.33385832182551	1.0	0.4990253411306043	24319.0	811.0	2205.0	55.0	47.0	873.0	312.0	18.0	56.0	1145.0	25.0	45.0	61.0	27.0	1.0
2	5	8	-99999.9	1.0	-0.00847457627118644	24305.0	825.0	868.0	306.0	29.0	2192.0	68.0	47.0	66.0	1137.0	23.0	44.0	26.0	63.0	1.0
2	8	5	0.17340569261644634	0.4311662787044025	0.008264462809917356	24305.0	868.0	825.0	306.0	29.0	2192.0	66.0	44.0	68.0	1137.0	26.0	47.0	23.0	63.0	1.0
5	2	8	-20.63527742135711	1.0	0.502092050209205	24305.0	825.0	2192.0	68.0	47.0	868.0	306.0	29.0	66.0	1137.0	23.0	44.0	63.0	26.0	1.0
2	5	9	1.1226682865119335	0.13078925121444018	0.8571428571428571	24108.0	1022.0	1102.0	82.0	19.0	2198.0	69.0	40.0	147.0	1048.0	31.0	51.0	32.0	51.0	0.0
2	9	5	-5.613341432559669	0.9999999900503944	0.5454545454545454	24108.0	1102.0	1022.0	82.0	19.0	2198.0	147.0	51.0	69.0	1048.0	32.0	40.0	31.0	51.0	0.0
5	2	9	-0.9355569054266114	0.8252493297988976	1.25	24108.0	1022.0	2198.0	69.0	40.0	1102.0	82.0	19.0	147.0	1048.0	31.0	51.0	51.0	32.0	0.0
2	6	7	-99999.9	1.0	-0.007874015748031496	24340.0	814.0	852.0	311.0	16.0	2212.0	55.0	49.0	53.0	1148.0	24.0	41.0	24.0	60.0	1.0
2	7	6	0.1930773594851261	0.4234492112654511	0.007692307692307692	24340.0	852.0	814.0	311.0	16.0	2212.0	53.0	41.0	55.0	1148.0	24.0	49.0	24.0	60.0	1.0
6	2	7	-24.713902014096206	1.0	0.5019455252918288	24340.0	814.0	2212.0	55.0	49.0	852.0	311.0	16.0	53.0	1148.0	24.0	41.0	60.0	24.0	1.0
2	6	8	-99999.9	1.0	-0.025641025641025644	24325.0	829.0	848.0	307.0	24.0	2202.0	67.0	47.0	61.0	1141.0	23.0	39.0	23.0	63.0	1.0
2	8	6	0.5359259635467187	0.29600483967332525	0.023809523809523808	24325.0	848.0	829.0	307.0	24.0	2202.0	61.0	39.0	67.0	1141.0	23.0	47.0	23.0	63.0	1.0
6	2	8	-21.43703854186874	1.0	0.5061728395061729	24325.0	829.0	2202.0	67.0	47.0	848.0	307.0	24.0	61.0	1141.0	23.0	39.0	63.0	23.0	1.0
2	6	9	1.0204775442808758	0.15375103464035944	0.8588235294117647	24135.0	1019.0	1075.0	84.0	20.0	2203.0	72.0	41.0	145.0	1049.0	31.0	48.0	28.0	50.0	0.0
2	9	6	-5.187427516761118	0.9999998931894333	0.544776119402985	24135.0	1075.0	1019.0	84.0	20.0	2203.0	145.0	48.0	72.0	1049.0	28.0	41.0	31.0	50.0	0.0
6	2	9	-0.8527278109744304	0.8030949134193467	1.2448979591836735	24135.0	1019.0	2203.0	72.0	41.0	1075.0	84.0	20.0	145.0	1049.0	31.0	48.0	50.0	28.0	0.0
2	7	8	-99999.9	1.0	-0.009652509652509652	24619.0	573.0	554.0	568.0	19.0	2227.0	45.0	34.0	40.0	1167.0	20.0	35.0	19.0	78.0	2.0
2	8	7	0.5442632994430268	0.29313012488640255	0.009380863039399624	24619.0	554.0	573.0	568.0	19.0	2227.0	40.0	35.0	45.0	1167.0	19.0	34.0	20.0	78.0	2.0
7	2	8	-56.92994112174059	1.0	0.5023786869647954	24619.0	573.0	2227.0	45.0	34.0	554.0	568.0	19.0	40.0	1167.0	20.0	35.0	78.0	19.0	2.0
2	7	9	1.4383339350594073	0.07516970993327854	0.8152173913043478	24187.0	1005.0	1023.0	89.0	29.0	2193.0	72.0	41.0	147.0	1051.0	29.0	56.0	26.0	51.0	1.0
2	9	7	-4.907256954908568	0.999999537538744	0.5639097744360902	24187.0	1023.0	1005.0	89.0	29.0	2193.0	147.0	56.0	72.0	1051.0	26.0	41.0	29.0	51.0	1.0
7	2	9	-1.1123115764459417	0.8669978482455202	1.4146341463414633	24187.0	1005.0	2193.0	72.0	41.0	1023.0	89.0	29.0	147.0	1051.0	29.0	56.0	51.0	26.0	1.0
2	8	9	0.31982304100863035	0.37455130888414345	0.9506172839506173	24160.0	1013.0	1050.0	84.0	26.0	2181.0	80.0	41.0	157.0	1046.0	28.0	58.0	23.0	51.0	2.0
2	9	8	-5.836770498407501	0.999999997330388	0.5133333333333333	24160.0	1050.0	1013.0	84.0	26.0	2181.0	157.0	58.0	80.0	1046.0	23.0	41.0	28.0	51.0	2.0
8	2	9	-0.30320885706013	0.6191345816649776	1.0579710144927537	24160.0	1013.0	2181.0	80.0	41.0	1050.0	84.0	26.0	157.0	1046.0	28.0	58.0	51.0	23.0	2.0
3	4	5	-0.07608737608399235	0.5303252763011485	1.009433962264151	24113.0	1068.0	1140.0	85.0	26.0	1938.0	86.0	45.0	193.0	1129.0	36.0	53.0	33.0	54.0	1.0
3	5	4	-8.21743661707112	0.9999999999999999	0.49767441860465117	24113.0	1140.0	1068.0	85.0	26.0	1938.0	193.0	53.0	86.0	1129.0	33.0	45.0	36.0	54.0	1.0
4	3	5	0.07679847305673994	0.4693918649023241	0.9908256880733946	24113.0	1068.0	1938.0	86.0	45.0	1140.0	85.0	26.0	193.0	1129.0	36.0	53.0	54.0	33.0	1.0
3	4	6	0.0	0.49999999949999996	nan	24135.0	1046.0	1142.0	84.0	25.0	1947.0	84.0	38.0	194.0	1129.0	35.0	52.0	33.0	54.0	2.0
3	6	4	-8.484159576061504	1.0	0.5	24135.0	1142.0	1046.0	84.0	25.0	1947.0	194.0	52.0	84.0	1129.0	33.0	38.0	35.0	54.0	2.0
4	3	6	0.0	0.49999999949999996	nan	24135.0	1046.0	1947.0	84.0	38.0	1142.0	84.0	25.0	194.0	1129.0	35.0	52.0	54.0	33.0	2.0
3	4	7	-0.38350802679686574	0.6493283844330033	1.0520833333333333	24170.0	1011.0	1145.0	78.0	28.0	1943.0	83.0	43.0	184.0	1138.0	36.0	56.0	34.0	49.0	2.0
3	7	4	-8.130370168093563	0.9999999999999998	0.4879227053140097	24170.0	1145.0	1011.0	78.0	28.0	1943.0	184.0	56.0	83.0	1138.0	34.0	43.0	36.0	49.0	2.0
4	3	7	0.4024935726778986	0.34366045702092185	0.954954954954955	24170.0	1011.0	1943.0	83.0	43.0	1145.0	78.0	28.0	184.0	1138.0	36.0	56.0	49.0	34.0	2.0
3	4	8	0.5758386917960542	0.2823620705262422	0.9477611940298507	24108.0	1073.0	1150.0	81.0	20.0	1960.0	74.0	35.0	201.0	1129.0	28.0	56.0	33.0	49.0	3.0
3	8	4	-9.871520430789507	1.0	0.5141700404858299	24108.0	1150.0	1073.0	81.0	20.0	1960.0	201.0	56.0	74.0	1129.0	33.0	35.0	28.0	49.0	3.0
4	3	8	-0.5440995513033583	0.7068135395690667	1.0619469026548674	24108.0	1073.0	1960.0	74.0	35.0	1150.0	81.0	20.0	201.0	1129.0	28.0	56.0	49.0	33.0	3.0
3	4	9	-0.41777788288289813	0.6619451970818488	1.0277777777777777	24164.0	1017.0	1167.0	67.0	17.0	1958.0	72.0	39.0	257.0	1063.0	38.0	60.0	31.0	47.0	3.0
3	9	4	-15.875559549550143	1.0	0.4933333333333333	24164.0	1167.0	1017.0	67.0	17.0	1958.0	257.0	60.0	72.0	1063.0	31.0	39.0	38.0	47.0	3.0
4	3	9	0.4290691770148683	0.33393647732410114	0.9743589743589743	24164.0	1017.0	1958.0	72.0	39.0	1167.0	67.0	17.0	257.0	1063.0	38.0	60.0	47.0	31.0	3.0
3	5	6	0.7071175594248428	0.23974664309847016	0.0041928721174004195	25072.0	181.0	205.0	964.0	10.0	2165.0	14.0	5.0	18.0	1224.0	6.0	10.0	8.0	117.0	1.0
3	6	5	-99999.9	1.0	-0.004246284501061572	25072.0	205.0	181.0	964.0	10.0	2165.0	18.0	10.0	14.0	1224.0	8.0	5.0	6.0	117.0	1.0
5	3	6	-167.23330280397536	1.0	0.4989451476793249	25072.0	181.0	2165.0	14.0	5.0	205.0	964.0	10.0	18.0	1224.0	6.0	10.0	117.0	8.0	1.0
3	5	7	0.17743740478607836	0.42958242104830047	0.008474576271186442	24449.0	804.0	866.0	297.0	16.0	2075.0	63.0	46.0	65.0	1160.0	23.0	43.0	32.0	61.0	0.0
3	7	5	-99999.9	1.0	-0.008695652173913044	24449.0	866.0	804.0	297.0	16.0	2075.0	65.0	43.0	63.0	1160.0	32.0	46.0	23.0	61.0	0.0
5	3	7	-20.58273895518508	1.0	0.4978540772532189	24449.0	804.0	2075.0	63.0	46.0	866.0	297.0	16.0	65.0	1160.0	23.0	43.0	61.0	32.0	0.0
3	5	8	1.9689683623394745	0.0244782929432531	0.08527131782945736	24399.0	854.0	859.0	291.0	29.0	2098.0	55.0	31.0	77.0	1152.0	19.0	42.0	29.0	63.0	2.0
3	8	5	-99999.9	1.0	-0.11458333333333333	24399.0	859.0	854.0	291.0	29.0	2098.0	77.0	42.0	55.0	1152.0	29.0	31.0	19.0	63.0	2.0
5	3	8	-19.152692251847622	1.0	0.47555555555555556	24399.0	854.0	2098.0	55.0	31.0	859.0	291.0	29.0	77.0	1152.0	19.0	42.0	63.0	29.0	2.0
3	5	9	-0.41926359924657114	0.6624882111329575	1.064102564102564	24237.0	1016.0	1094.0	64.0	21.0	2069.0	69.0	46.0	152.0	1066.0	30.0	54.0	31.0	51.0	0.0
3	9	5	-7.379039346739639	0.9999999999999196	0.4853801169590643	24237.0	1094.0	1016.0	64.0	21.0	2069.0	152.0	54.0	69.0	1066.0	31.0	46.0	30.0	51.0	0.0
5	3	9	0.44452044257467793	0.32833320446542646	0.946236559139785	24237.0	1016.0	2069.0	69.0	46.0	1094.0	64.0	21.0	152.0	1066.0	30.0	54.0	51.0	31.0	0.0
3	6	7	-99999.9	1.0	-0.008695652173913044	24471.0	806.0	844.0	297.0	14.0	2081.0	65.0	47.0	63.0	1161.0	22.0	39.0	29.0	61.0	0.0
3	7	6	0.17743740478607836	0.42958242104830047	0.008474576271186442	24471.0	844.0	806.0	297.0	14.0	2081.0	63.0	39.0	65.0	1161.0	29.0	47.0	22.0	61.0	0.0
6	3	7	-20.582738955185075	1.0	0.502145922746781	24471.0	806.0	2081.0	65.0	47.0	844.0	297.0	14.0	63.0	1161.0	22.0	39.0	61.0	29.0	0.0
3	6	8	1.522219344993199	0.06397708798526336	0.06692913385826771	24421.0	856.0	837.0	294.0	24.0	2106.0	57.0	30.0	74.0	1153.0	19.0	37.0	26.0	64.0	2.0
3	8	6	-99999.9	1.0	-0.08374384236453201	24421.0	837.0	856.0	294.0	24.0	2106.0	74.0	37.0	57.0	1153.0	26.0	30.0	19.0	64.0	2.0
6	3	8	-19.69930917050022	1.0	0.4814004376367615	24421.0	856.0	2106.0	57.0	30.0	837.0	294.0	24.0	74.0	1153.0	19.0	37.0	64.0	26.0	2.0
3	6	9	-0.40945943367418	0.6588986892442313	1.0675675675675675	24263.0	1014.0	1068.0	67.0	20.0	2075.0	72.0	46.0	151.0	1065.0	30.0	49.0	29.0	51.0	0.0
3	9	6	-6.8789184857262295	0.9999999999969662	0.48466257668711654	24263.0	1068.0	1014.0	67.0	20.0	2075.0	151.0	49.0	72.0	1065.0	29.0	46.0	30.0	51.0	0.0
6	3	9	0.4353745877041913	0.33164530937131365	0.9438202247191011	24263.0	1014.0	2075.0	72.0	46.0	1068.0	67.0	20.0	151.0	1065.0	30.0	49.0	51.0	29.0	0.0
3	7	8	2.108801067323999	0.017480816753361772	0.033210332103321034	24709.0	606.0	549.0	552.0	16.0	2137.0	28.0	18.0	46.0	1188.0	21.0	34.0	20.0	73.0	3.0
3	8	7	-99999.9	1.0	-0.03688524590163935	24709.0	549.0	606.0	552.0	16.0	2137.0	46.0	34.0	28.0	1188.0	20.0	18.0	21.0	73.0	3.0
7	3	8	-59.28074111477471	1.0	0.4912621359223301	24709.0	606.0	2137.0	28.0	18.0	549.0	552.0	16.0	46.0	1188.0	21.0	34.0	73.0	20.0	3.0
3	7	9	0.085909877682192	0.46576896504742493	0.9880952380952381	24309.0	1006.0	1022.0	69.0	26.0	2071.0	68.0	44.0	151.0	1072.0	32.0	53.0	26.0	50.0	1.0
3	9	7	-7.044609969939696	0.9999999999990639	0.503030303030303	24309.0	1022.0	1006.0	69.0	26.0	2071.0	151.0	53.0	68.0	1072.0	26.0	44.0	32.0	50.0	1.0
7	3	9	-0.08487481891493667	0.5338196094704044	1.0123456790123457	24309.0	1006.0	2071.0	68.0	44.0	1022.0	69.0	26.0	151.0	1072.0	32.0	53.0	50.0	26.0	1.0
3	8	9	-0.9504855158572383	0.8290672045706147	1.2765957446808511	24248.0	1010.0	1083.0	65.0	26.0	2093.0	78.0	46.0	138.0	1068.0	30.0	44.0	20.0	48.0	3.0
3	9	8	-5.337341742890647	0.9999999527388604	0.45112781954887216	24248.0	1083.0	1010.0	65.0	26.0	2093.0	138.0	44.0	78.0	1068.0	20.0	46.0	30.0	48.0	3.0
8	3	9	1.156424044292973	0.12375393360664078	0.8488372093023255	24248.0	1010.0	2093.0	78.0	46.0	1083.0	65.0	26.0	138.0	1068.0	30.0	44.0	48.0	20.0	3.0
4	5	6	0.8159301360851817	0.20726999121257816	0.0041450777202072546	25864.0	187.0	218.0	971.0	10.0	1373.0	10.0	3.0	14.0	1248.0	6.0	1.0	9.0	86.0	0.0
4	6	5	-99999.9	1.0	-0.004197271773347324	25864.0	218.0	187.0	971.0	10.0	1373.0	14.0	1.0	10.0	1248.0	9.0	3.0	6.0	86.0	0.0
5	4	6	-195.21128505837925	1.0	0.4989572471324296	25864.0	187.0	1373.0	10.0	3.0	218.0	971.0	10.0	14.0	1248.0	6.0	1.0	86.0	9.0	0.0
4	5	7	0.8449329239865205	0.19907409724093594	0.03238866396761133	25213.0	838.0	900.0	281.0	18.0	1311.0	42.0	33.0	50.0	1194.0	24.0	24.0	29.0	43.0	0.0
4	7	5	-99999.9	1.0	-0.03587443946188341	25213.0	900.0	838.0	281.0	18.0	1311.0	50.0	24.0	42.0	1194.0	29.0	33.0	24.0	43.0	0.0
5	4	7	-24.397438180110793	1.0	0.4914893617021277	25213.0	838.0	1311.0	42.0	33.0	900.0	281.0	18.0	50.0	1194.0	24.0	24.0	43.0	29.0	0.0
4	5	8	1.713060210919299	0.04335069869108388	0.0685483870967742	25174.0	877.0	894.0	274.0	31.0	1323.0	43.0	20.0	60.0	1188.0	20.0	24.0	28.0	44.0	0.0
4	8	5	-99999.9	1.0	-0.08629441624365482	25174.0	894.0	877.0	274.0	31.0	1323.0	60.0	24.0	43.0	1188.0	28.0	20.0	20.0	44.0	0.0
5	4	8	-21.564405008042947	1.0	0.4808988764044944	25174.0	877.0	1323.0	43.0	20.0	894.0	274.0	31.0	60.0	1188.0	20.0	24.0	44.0	28.0	0.0
4	5	9	0.19992094440504476	0.42077122967328195	0.979381443298969	24998.0	1053.0	1124.0	52.0	23.0	1308.0	50.0	28.0	145.0	1096.0	27.0	31.0	31.0	33.0	1.0
4	9	5	-9.29632391483458	1.0	0.5053191489361702	24998.0	1124.0	1053.0	52.0	23.0	1308.0	145.0	31.0	50.0	1096.0	31.0	28.0	27.0	33.0	1.0
5	4	9	-0.19571208241757013	0.5775822150051159	1.021978021978022	24998.0	1053.0	1308.0	50.0	28.0	1124.0	52.0	23.0	145.0	1096.0	27.0	31.0	33.0	31.0	1.0
4	6	7	0.5287310559693381	0.29849599863880383	0.02066115702479339	25241.0	841.0	872.0	280.0	16.0	1311.0	43.0	34.0	48.0	1196.0	23.0	26.0	26.0	43.0	0.0
4	7	6	-99999.9	1.0	-0.022026431718061675	25241.0	872.0	841.0	280.0	16.0	1311.0	48.0	26.0	43.0	1196.0	26.0	34.0	23.0	43.0	0.0
6	4	7	-24.533120996977274	1.0	0.49466950959488276	25241.0	841.0	1311.0	43.0	34.0	872.0	280.0	16.0	48.0	1196.0	23.0	26.0	43.0	26.0	0.0
4	6	8	1.3062431171482725	0.0957350146012923	0.05327868852459017	25204.0	878.0	864.0	276.0	28.0	1323.0	45.0	20.0	58.0	1190.0	19.0	26.0	24.0	45.0	0.0
4	8	6	-99999.9	1.0	-0.06341463414634146	25204.0	864.0	878.0	276.0	28.0	1323.0	58.0	26.0	45.0	1190.0	24.0	20.0	19.0	45.0	0.0
6	4	8	-21.904692272178732	1.0	0.48552338530066813	25204.0	878.0	1323.0	45.0	20.0	864.0	276.0	28.0	58.0	1190.0	19.0	26.0	45.0	24.0	0.0
4	6	9	0.19618251700834183	0.42223367769423503	0.9787234042553191	25030.0	1052.0	1092.0	54.0	22.0	1308.0	52.0	28.0	144.0	1096.0	27.0	32.0	29.0	33.0	1.0
4	9	6	-8.828213265375409	1.0	0.5054945054945055	25030.0	1092.0	1052.0	54.0	22.0	1308.0	144.0	32.0	52.0	1096.0	29.0	28.0	27.0	33.0	1.0
6	4	9	-0.19191767968207354	0.5760966371772768	1.0227272727272727	25030.0	1052.0	1308.0	52.0	28.0	1092.0	54.0	22.0	144.0	1096.0	27.0	32.0	33.0	29.0	1.0
4	7	8	1.1142109694194182	0.1325943934694629	0.01523809523809524	25492.0	621.0	576.0	539.0	22.0	1354.0	22.0	9.0	30.0	1217.0	18.0	23.0	20.0	57.0	0.0
4	8	7	-99999.9	1.0	-0.015968063872255488	25492.0	576.0	621.0	539.0	22.0	1354.0	30.0	23.0	22.0	1217.0	20.0	9.0	18.0	57.0	0.0
7	4	8	-70.89167292931033	1.0	0.4961013645224171	25492.0	621.0	1354.0	22.0	9.0	576.0	539.0	22.0	30.0	1217.0	18.0	23.0	57.0	20.0	0.0
4	7	9	0.7134353537893278	0.2377881319845131	0.9222222222222223	25069.0	1044.0	1053.0	55.0	29.0	1311.0	48.0	26.0	131.0	1104.0	30.0	42.0	25.0	32.0	1.0
4	9	7	-7.745869555426991	0.9999999999999952	0.5220125786163522	25069.0	1053.0	1044.0	55.0	29.0	1311.0	131.0	42.0	48.0	1104.0	25.0	26.0	30.0	32.0	1.0
7	4	9	-0.6532661070842037	0.7432076936789332	1.1014492753623188	25069.0	1044.0	1311.0	48.0	26.0	1053.0	55.0	29.0	131.0	1104.0	30.0	42.0	32.0	25.0	1.0
4	8	9	-0.6291139708323686	0.7353628348786136	1.1029411764705883	25021.0	1047.0	1101.0	52.0	29.0	1320.0	59.0	28.0	134.0	1097.0	28.0	30.0	21.0	32.0	1.0
4	9	8	-7.369620801179181	0.9999999999999138	0.4777070063694268	25021.0	1101.0	1047.0	52.0	29.0	1320.0	134.0	30.0	59.0	1097.0	21.0	28.0	28.0	32.0	1.0
8	4	9	0.687831274776723	0.24577945143387392	0.9213483146067416	25021.0	1047.0	1320.0	59.0	28.0	1101.0	52.0	29.0	134.0	1097.0	28.0	30.0	32.0	21.0	1.0
5	6	7	-0.9928409939981148	0.8396062684670603	1.005464480874317	26332.0	905.0	192.0	6.0	2.0	220.0	10.0	3.0	746.0	1502.0	57.0	8.0	6.0	11.0	0.0
5	7	6	-183.67558388965023	1.0	0.4986449864498645	26332.0	192.0	905.0	6.0	2.0	220.0	746.0	8.0	10.0	1502.0	6.0	3.0	57.0	11.0	0.0
6	5	7	0.9982368689654958	0.15908226534229652	0.9946236559139785	26332.0	905.0	220.0	10.0	3.0	192.0	6.0	2.0	746.0	1502.0	57.0	8.0	11.0	6.0	0.0
5	6	8	-0.4453778763890205	0.6719766234357478	1.0027063599458728	26309.0	928.0	188.0	9.0	3.0	218.0	11.0	4.0	752.0	1490.0	63.0	8.0	5.0	12.0	0.0
5	8	6	-165.45788107852192	1.0	0.49932614555256066	26309.0	188.0	928.0	9.0	3.0	218.0	752.0	8.0	11.0	1490.0	5.0	4.0	63.0	12.0	0.0
6	5	8	0.4465799759204349	0.3275892052595488	0.9973154362416108	26309.0	928.0	218.0	11.0	4.0	188.0	9.0	3.0	752.0	1490.0	63.0	8.0	12.0	5.0	0.0
5	6	9	0.0	0.49999999949999996	nan	26118.0	1119.0	188.0	10.0	2.0	220.0	10.0	3.0	1069.0	1165.0	71.0	11.0	6.0	8.0	0.0
5	9	6	-236.2098106067272	1.0	0.5	26118.0	188.0	1119.0	10.0	2.0	220.0	1069.0	11.0	10.0	1165.0	6.0	3.0	71.0	8.0	0.0
6	5	9	0.0	0.49999999949999996	nan	26118.0	1119.0	220.0	10.0	3.0	188.0	10.0	2.0	1069.0	1165.0	71.0	11.0	8.0	6.0	0.0
5	7	8	1.7473234400444055	0.04029058341108871	0.03973509933774834	25904.0	620.0	593.0	308.0	12.0	942.0	18.0	14.0	30.0	1464.0	24.0	6.0	24.0	41.0	0.0
5	8	7	-99999.9	1.0	-0.045112781954887216	25904.0	593.0	620.0	308.0	12.0	942.0	30.0	6.0	18.0	1464.0	24.0	14.0	24.0	41.0	0.0
7	5	8	-40.479659694362105	1.0	0.4894366197183099	25904.0	620.0	942.0	18.0	14.0	593.0	308.0	12.0	30.0	1464.0	24.0	6.0	41.0	24.0	0.0
5	7	9	0.8147920905306374	0.20759560804888488	0.9787878787878788	25457.0	1067.0	849.0	41.0	23.0	923.0	34.0	17.0	357.0	1123.0	38.0	20.0	24.0	27.0	0.0
5	9	7	-36.782042943954515	1.0	0.5054773082942098	25457.0	849.0	1067.0	41.0	23.0	923.0	357.0	20.0	34.0	1123.0	24.0	17.0	38.0	27.0	0.0
7	5	9	-0.7971340576089208	0.7873134713699259	1.022653721682848	25457.0	1067.0	923.0	34.0	17.0	849.0	41.0	23.0	357.0	1123.0	38.0	20.0	27.0	24.0	0.0
5	8	9	-0.7864275198540513	0.7841915296630315	1.0234113712374582	25421.0	1076.0	885.0	35.0	20.0	920.0	42.0	16.0	348.0	1119.0	39.0	32.0	20.0	27.0	0.0
5	9	8	-35.16454481633117	1.0	0.49434571890145396	25421.0	885.0	1076.0	35.0	20.0	920.0	348.0	32.0	42.0	1119.0	20.0	16.0	39.0	27.0	0.0
8	5	9	0.8044176918768565	0.2105778344969571	0.978125	25421.0	1076.0	920.0	42.0	16.0	885.0	35.0	20.0	348.0	1119.0	39.0	32.0	27.0	20.0	0.0
6	7	8	1.2966155225022262	0.09738182244161941	0.02990033222591362	25934.0	618.0	593.0	312.0	13.0	912.0	20.0	14.0	29.0	1467.0	23.0	7.0	24.0	34.0	0.0
6	8	7	-99999.9	1.0	-0.03284671532846715	25934.0	593.0	618.0	312.0	13.0	912.0	29.0	7.0	20.0	1467.0	24.0	14.0	23.0	34.0	0.0
7	6	8	-40.77135476312559	1.0	0.49217391304347824	25934.0	618.0	912.0	20.0	14.0	593.0	312.0	13.0	29.0	1467.0	23.0	7.0	34.0	24.0	0.0
6	7	9	0.6756817101091349	0.2496213086868897	0.981651376146789	25487.0	1065.0	851.0	43.0	24.0	893.0	37.0	16.0	358.0	1123.0	38.0	17.0	23.0	25.0	0.0
6	9	7	-35.473289780729615	1.0	0.5047169811320754	25487.0	851.0	1065.0	43.0	24.0	893.0	358.0	17.0	37.0	1123.0	23.0	16.0	38.0	25.0	0.0
7	6	9	-0.6630521454341979	0.7463514858729305	1.0194174757281553	25487.0	1065.0	893.0	37.0	16.0	851.0	43.0	24.0	358.0	1123.0	38.0	17.0	25.0	23.0	0.0
6	8	9	-0.7576500843116588	0.775669822839415	1.0233333333333334	25453.0	1074.0	885.0	38.0	20.0	888.0	45.0	15.0	352.0	1119.0	40.0	28.0	19.0	24.0	0.0
6	9	8	-33.98601806769442	1.0	0.4943639291465378	25453.0	885.0	1074.0	38.0	20.0	888.0	352.0	28.0	45.0	1119.0	19.0	15.0	40.0	24.0	0.0
8	6	9	0.7749254934001982	0.21919177875806917	0.9781931464174455	25453.0	1074.0	888.0	45.0	15.0	885.0	38.0	20.0	352.0	1119.0	40.0	28.0	24.0	19.0	0.0
7	8	9	-1.981371157562406	0.9762252363493862	1.0261324041811846	25760.0	1086.0	620.0	20.0	12.0	581.0	35.0	13.0	624.0	1139.0	50.0	21.0	17.0	22.0	0.0
7	9	8	-79.78321194451298	1.0	0.49371332774518023	25760.0	620.0	1086.0	20.0	12.0	581.0	624.0	21.0	35.0	1139.0	17.0	13.0	50.0	22.0	0.0
8	7	9	2.031830524902705	0.021085339972834016	0.975767366720517	25760.0	1086.0	581.0	35.0	13.0	620.0	20.0	12.0	624.0	1139.0	50.0	21.0	22.0	17.0	0.0
