P1	Hybrid	P2	Zscore	Pvalue	Gamma	AAAA	AAAB	AABA	AABB	AABC	ABAA	ABAB	ABAC	ABBA	BAAA	ABBC	CABC	BACA	BCAA	ABCD
1	2	3	1.9949522880153434	0.02302397278194901	0.8734177215189873	72267.0	5510.0	6097.0	537.0	271.0	6853.0	477.0	253.0	891.0	5674.0	243.0	336.0	260.0	313.0	18.0
1	3	2	-11.770218499290548	1.0	0.5390625	72267.0	6097.0	5510.0	537.0	271.0	6853.0	891.0	336.0	477.0	5674.0	260.0	253.0	243.0	313.0	18.0
2	1	3	-1.7058287680131201	0.9559800483489276	1.2040816326530612	72267.0	5510.0	6853.0	477.0	253.0	6097.0	537.0	271.0	891.0	5674.0	243.0	336.0	313.0	260.0	18.0
1	2	4	1.7652741892801682	0.03875880230229045	0.8900414937759337	72321.0	5456.0	6109.0	525.0	271.0	6838.0	472.0	273.0	901.0	5644.0	263.0	323.0	268.0	318.0	18.0
1	4	2	-12.523454625836663	1.0	0.5329192546583852	72321.0	6109.0	5456.0	525.0	271.0	6838.0	901.0	323.0	472.0	5644.0	268.0	273.0	263.0	318.0	18.0
2	1	4	-1.5471867020264416	0.9390908684247261	1.1640866873065014	72321.0	5456.0	6838.0	472.0	273.0	6109.0	525.0	271.0	901.0	5644.0	263.0	323.0	318.0	268.0	18.0
1	2	5	1.5260427211576502	0.06349963482176879	0.9035639412997903	72259.0	5518.0	6113.0	520.0	272.0	6833.0	474.0	276.0	905.0	5643.0	260.0	324.0	269.0	316.0	18.0
1	5	2	-12.77231407925426	1.0	0.5281862745098039	72259.0	6113.0	5518.0	520.0	272.0	6833.0	905.0	324.0	474.0	5643.0	269.0	276.0	260.0	316.0	18.0
2	1	5	-1.3631704121709867	0.9135855339934065	1.135693215339233	72259.0	5518.0	6833.0	474.0	276.0	6113.0	520.0	272.0	905.0	5643.0	260.0	324.0	316.0	269.0	18.0
1	2	6	0.935623311345757	0.17473356843551036	0.930952380952381	72283.0	5494.0	6138.0	528.0	239.0	6823.0	499.0	261.0	890.0	5642.0	276.0	326.0	268.0	311.0	22.0
1	6	2	-11.679159955419466	1.0	0.5192563081009297	72283.0	6138.0	5494.0	528.0	239.0	6823.0	890.0	326.0	499.0	5642.0	268.0	261.0	276.0	311.0	22.0
2	1	6	-0.8662292550055346	0.8068178146483732	1.087087087087087	72283.0	5494.0	6823.0	499.0	261.0	6138.0	528.0	239.0	890.0	5642.0	276.0	326.0	311.0	268.0	22.0
1	2	7	1.2578808564648565	0.10421749269381586	0.9182795698924732	72237.0	5540.0	6134.0	512.0	259.0	6857.0	474.0	252.0	901.0	5615.0	292.0	327.0	280.0	300.0	20.0
1	7	2	-12.876727714863948	1.0	0.5232843137254901	72237.0	6134.0	5540.0	512.0	259.0	6857.0	901.0	327.0	474.0	5615.0	280.0	252.0	292.0	300.0	20.0
2	1	7	-1.1459382978099044	0.8740896025450944	1.1082621082621082	72237.0	5540.0	6857.0	474.0	252.0	6134.0	512.0	259.0	901.0	5615.0	292.0	327.0	300.0	280.0	20.0
1	2	8	1.9988958055285133	0.02280974525758106	0.868995633187773	72196.0	5581.0	6124.0	537.0	244.0	6847.0	477.0	259.0	875.0	5639.0	294.0	331.0	272.0	303.0	21.0
1	8	2	-11.260446371143978	1.0	0.5407608695652174	72196.0	6124.0	5581.0	537.0	244.0	6847.0	875.0	331.0	477.0	5639.0	272.0	259.0	294.0	303.0	21.0
2	1	8	-1.6975547293181852	0.95520411212938	1.2158273381294964	72196.0	5581.0	6847.0	477.0	259.0	6124.0	537.0	244.0	875.0	5639.0	294.0	331.0	303.0	272.0	21.0
1	2	9	0.44414638786249405	0.32846840361488994	0.99	72959.0	4818.0	6221.0	439.0	245.0	6912.0	426.0	245.0	1713.0	4835.0	260.0	413.0	217.0	271.0	26.0
1	9	2	-43.52634601052444	1.0	0.5025380710659898	72959.0	6221.0	4818.0	439.0	245.0	6912.0	1713.0	413.0	426.0	4835.0	217.0	245.0	260.0	271.0	26.0
2	1	9	-0.4396600607123677	0.6699083025158197	1.0103092783505154	72959.0	4818.0	6912.0	426.0	245.0	6221.0	439.0	245.0	1713.0	4835.0	260.0	413.0	271.0	217.0	26.0
1	3	4	0.15824211773702787	0.4371329983941019	0.0017985611510791368	74847.0	3517.0	3583.0	2538.0	197.0	7562.0	318.0	200.0	322.0	5951.0	138.0	178.0	115.0	515.0	19.0
1	4	3	-99999.9	1.0	-0.0018083182640144667	74847.0	3583.0	3517.0	2538.0	197.0	7562.0	322.0	178.0	318.0	5951.0	115.0	200.0	138.0	515.0	19.0
3	1	4	-87.66613322631318	1.0	0.4995491433724076	74847.0	3517.0	7562.0	318.0	200.0	3583.0	2538.0	197.0	322.0	5951.0	138.0	178.0	515.0	115.0	19.0
1	3	5	0.1964698098752328	0.4221212523209241	0.0022502250225022503	74797.0	3567.0	3575.0	2539.0	204.0	7557.0	322.0	201.0	327.0	5948.0	136.0	178.0	116.0	513.0	20.0
1	5	3	-99999.9	1.0	-0.002265518803806072	74797.0	3575.0	3567.0	2539.0	204.0	7557.0	327.0	178.0	322.0	5948.0	116.0	201.0	136.0	513.0	20.0
3	1	5	-86.9182438888035	1.0	0.4994355384962746	74797.0	3567.0	7557.0	322.0	201.0	3575.0	2539.0	204.0	327.0	5948.0	136.0	178.0	513.0	116.0	20.0
1	3	6	-99999.9	1.0	-0.014780600461893766	74848.0	3516.0	3573.0	2535.0	210.0	7560.0	338.0	182.0	306.0	5949.0	156.0	173.0	122.0	512.0	20.0
1	6	3	1.2689841847968069	0.10222342116482874	0.014153029632905793	74848.0	3573.0	3516.0	2535.0	210.0	7560.0	306.0	173.0	338.0	5949.0	122.0	182.0	156.0	512.0	20.0
3	1	6	-87.1236954374558	1.0	0.5036150022593764	74848.0	3516.0	7560.0	338.0	182.0	3573.0	2535.0	210.0	306.0	5949.0	156.0	173.0	512.0	122.0	20.0
1	3	7	0.11987985069661593	0.45228912015890943	0.0013630168105406635	74792.0	3572.0	3579.0	2510.0	229.0	7589.0	312.0	179.0	315.0	5922.0	174.0	181.0	135.0	491.0	20.0
1	7	3	-99999.9	1.0	-0.0013686131386861315	74792.0	3579.0	3572.0	2510.0	229.0	7589.0	315.0	181.0	312.0	5922.0	135.0	179.0	174.0	491.0	20.0
3	1	7	-87.71209075969041	1.0	0.499658547689506	74792.0	3572.0	7589.0	312.0	179.0	3579.0	2510.0	229.0	315.0	5922.0	174.0	181.0	491.0	135.0	20.0
1	3	8	-99999.9	1.0	-0.012334399269072635	74727.0	3637.0	3593.0	2532.0	193.0	7591.0	316.0	173.0	289.0	5942.0	180.0	173.0	130.0	500.0	24.0
1	8	3	1.103604779455144	0.1348823537960836	0.011894273127753303	74727.0	3593.0	3637.0	2532.0	193.0	7591.0	289.0	173.0	316.0	5942.0	130.0	173.0	180.0	500.0	24.0
3	1	8	-90.57734041750375	1.0	0.5030275846602377	74727.0	3637.0	7591.0	316.0	173.0	3593.0	2532.0	193.0	289.0	5942.0	180.0	173.0	500.0	130.0	24.0
1	3	9	1.6912551096512036	0.04539401775563967	0.9463894967177243	73530.0	4834.0	5650.0	465.0	203.0	7402.0	416.0	262.0	1281.0	4887.0	243.0	355.0	175.0	280.0	17.0
1	9	3	-28.164574887252698	1.0	0.5145746579417013	73530.0	5650.0	4834.0	465.0	203.0	7402.0	1281.0	355.0	416.0	4887.0	175.0	262.0	243.0	280.0	17.0
3	1	9	-1.5954499069079564	0.9446941673193603	1.0638852672750978	73530.0	4834.0	7402.0	416.0	262.0	5650.0	465.0	203.0	1281.0	4887.0	243.0	355.0	280.0	175.0	17.0
1	4	5	0.11037376238883441	0.45605643014268715	0.0	77930.0	500.0	442.0	5775.0	35.0	7999.0	41.0	22.0	41.0	6326.0	17.0	22.0	19.0	830.0	1.0
1	5	4	0.11037376238883441	0.45605643014268715	0.0	77930.0	442.0	500.0	5775.0	35.0	7999.0	41.0	22.0	41.0	6326.0	19.0	22.0	17.0	830.0	1.0
4	1	5	-632.8286169772139	1.0	0.5	77930.0	500.0	7999.0	41.0	22.0	442.0	5775.0	35.0	41.0	6326.0	17.0	22.0	830.0	19.0	1.0
1	4	6	-99999.9	1.0	-0.017671917018824434	75317.0	3113.0	3104.0	2964.0	184.0	7590.0	315.0	157.0	269.0	5987.0	128.0	180.0	107.0	571.0	14.0
1	6	4	1.9169041498336674	0.027624987723970262	0.016782196278730392	75317.0	3104.0	3113.0	2964.0	184.0	7590.0	269.0	180.0	315.0	5987.0	107.0	157.0	128.0	571.0	14.0
4	1	6	-110.38867593281276	1.0	0.5043038922155688	75317.0	3113.0	7590.0	315.0	157.0	3104.0	2964.0	184.0	269.0	5987.0	128.0	180.0	571.0	107.0	14.0
1	4	7	-99999.9	1.0	-0.005253283302063789	75274.0	3156.0	3097.0	2967.0	188.0	7622.0	288.0	152.0	274.0	5962.0	148.0	189.0	119.0	544.0	20.0
1	7	4	0.5919578616893391	0.27693935797152003	0.005171776874769118	75274.0	3097.0	3156.0	2967.0	188.0	7622.0	274.0	189.0	288.0	5962.0	119.0	152.0	148.0	544.0	20.0
4	1	7	-113.27536510469578	1.0	0.5013030528667163	75274.0	3156.0	7622.0	288.0	152.0	3097.0	2967.0	188.0	274.0	5962.0	148.0	189.0	544.0	119.0	20.0
1	4	8	-99999.9	1.0	-0.014868471216164697	75216.0	3214.0	3104.0	2960.0	188.0	7611.0	298.0	153.0	259.0	5976.0	149.0	183.0	114.0	555.0	20.0
1	8	4	1.662526970788478	0.048203561056363364	0.014233576642335767	75216.0	3104.0	3214.0	2960.0	188.0	7611.0	259.0	183.0	298.0	5976.0	114.0	153.0	149.0	555.0	20.0
4	1	8	-113.47812298048532	1.0	0.5036360246130898	75216.0	3214.0	7611.0	298.0	153.0	3104.0	2960.0	188.0	259.0	5976.0	149.0	183.0	555.0	114.0	20.0
1	4	9	1.4905301577614134	0.06804247887327852	0.9526952695269527	73593.0	4837.0	5587.0	456.0	209.0	7380.0	413.0	269.0	1279.0	4871.0	234.0	379.0	194.0	280.0	19.0
1	9	4	-28.528053949712643	1.0	0.5127294256956779	73593.0	5587.0	4837.0	456.0	209.0	7380.0	1279.0	379.0	413.0	4871.0	194.0	269.0	234.0	280.0	19.0
4	1	9	-1.416519999812521	0.9216882925204068	1.0551282051282052	73593.0	4837.0	7380.0	413.0	269.0	5587.0	456.0	209.0	1279.0	4871.0	234.0	379.0	280.0	194.0	19.0
1	5	6	-99999.9	1.0	-0.018568665377176014	75265.0	3107.0	3156.0	2954.0	200.0	7583.0	321.0	158.0	273.0	5984.0	129.0	183.0	104.0	570.0	13.0
1	6	5	1.9839501762271152	0.023630628007554444	0.017588860388420665	75265.0	3156.0	3107.0	2954.0	200.0	7583.0	273.0	183.0	321.0	5984.0	104.0	158.0	129.0	570.0	13.0
5	1	6	-108.82793362512486	1.0	0.5045163718479488	75265.0	3107.0	7583.0	321.0	158.0	3156.0	2954.0	200.0	273.0	5984.0	129.0	183.0	570.0	104.0	13.0
1	5	7	-99999.9	1.0	-0.004907512268780672	75208.0	3164.0	3163.0	2954.0	193.0	7617.0	292.0	153.0	279.0	5958.0	149.0	189.0	119.0	541.0	21.0
1	7	5	0.5452451760554065	0.29279242759482105	0.004836309523809524	75208.0	3163.0	3164.0	2954.0	193.0	7617.0	279.0	189.0	292.0	5958.0	119.0	153.0	149.0	541.0	21.0
5	1	7	-111.64943528149946	1.0	0.501217912685029	75208.0	3164.0	7617.0	292.0	153.0	3163.0	2954.0	193.0	279.0	5958.0	149.0	189.0	541.0	119.0	21.0
1	5	8	-99999.9	1.0	-0.01454267125908917	75158.0	3214.0	3162.0	2950.0	198.0	7608.0	299.0	155.0	261.0	5974.0	151.0	184.0	115.0	550.0	21.0
1	8	5	1.6153940734128895	0.05311268635532096	0.013934726806013936	75158.0	3162.0	3214.0	2950.0	198.0	7608.0	261.0	184.0	299.0	5974.0	115.0	155.0	151.0	550.0	21.0
5	1	8	-112.69499180572551	1.0	0.503558052434457	75158.0	3214.0	7608.0	299.0	155.0	3162.0	2950.0	198.0	261.0	5974.0	151.0	184.0	550.0	115.0	21.0
1	5	9	1.2073801136473044	0.11364296087538972	0.961453744493392	73536.0	4836.0	5644.0	453.0	213.0	7373.0	418.0	271.0	1291.0	4864.0	231.0	374.0	196.0	280.0	20.0
1	9	5	-28.90812957818406	1.0	0.510227936879018	73536.0	5644.0	4836.0	453.0	213.0	7373.0	1291.0	374.0	418.0	4864.0	196.0	271.0	231.0	280.0	20.0
5	1	9	-1.1589742671665992	0.8767666044375801	1.0435865504358655	73536.0	4836.0	7373.0	418.0	271.0	5644.0	453.0	213.0	1291.0	4864.0	231.0	374.0	280.0	196.0	20.0
1	6	7	1.5584313342133413	0.05956552912840174	0.010023584905660377	75851.0	2570.0	2520.0	3581.0	160.0	7692.0	223.0	124.0	257.0	6034.0	118.0	136.0	112.0	607.0	15.0
1	7	6	-99999.9	1.0	-0.01033434650455927	75851.0	2520.0	2570.0	3581.0	160.0	7692.0	257.0	136.0	223.0	6034.0	112.0	124.0	118.0	607.0	15.0
6	1	7	-152.35958102721017	1.0	0.49745585154145466	75851.0	2570.0	7692.0	223.0	124.0	2520.0	3581.0	160.0	257.0	6034.0	118.0	136.0	607.0	112.0	15.0
1	6	8	0.18498932191253667	0.4266187184600041	0.0011986814504045553	75783.0	2638.0	2537.0	3565.0	159.0	7685.0	232.0	122.0	236.0	6048.0	125.0	132.0	108.0	617.0	13.0
1	8	6	-99999.9	1.0	-0.0012030075187969924	75783.0	2537.0	2638.0	3565.0	159.0	7685.0	236.0	132.0	232.0	6048.0	108.0	122.0	125.0	617.0	13.0
6	1	8	-153.95736316170814	1.0	0.499699789852897	75783.0	2638.0	7685.0	232.0	122.0	2537.0	3565.0	159.0	236.0	6048.0	125.0	132.0	617.0	108.0	13.0
1	6	9	1.0857140633509939	0.13880279843450727	0.9667381974248928	73571.0	4850.0	5609.0	436.0	216.0	7367.0	405.0	267.0	1306.0	4863.0	240.0	365.0	210.0	277.0	18.0
1	9	6	-30.470039842431166	1.0	0.5087521174477697	73571.0	5609.0	4850.0	436.0	216.0	7367.0	1306.0	365.0	405.0	4863.0	210.0	267.0	240.0	277.0	18.0
6	1	9	-1.0483587515153885	0.8527632970015796	1.0369487485101312	73571.0	4850.0	7367.0	405.0	267.0	5609.0	436.0	216.0	1306.0	4863.0	240.0	365.0	277.0	210.0	18.0
1	7	8	-99999.9	1.0	-0.0058097312999273775	76458.0	1913.0	1862.0	4332.0	117.0	7805.0	177.0	103.0	153.0	6123.0	93.0	95.0	88.0	669.0	12.0
1	8	7	1.3241895864723547	0.0927201102057087	0.005710206995003569	76458.0	1862.0	1913.0	4332.0	117.0	7805.0	153.0	95.0	177.0	6123.0	88.0	103.0	93.0	669.0	12.0
7	1	8	-229.25032215802656	1.0	0.5014398848092153	76458.0	1913.0	7805.0	177.0	103.0	1862.0	4332.0	117.0	153.0	6123.0	93.0	95.0	669.0	88.0	12.0
1	7	9	1.4608343920490148	0.07203048795710809	0.9541484716157205	73545.0	4826.0	5635.0	452.0	224.0	7403.0	410.0	272.0	1284.0	4841.0	244.0	351.0	227.0	264.0	22.0
1	9	7	-28.93843367106618	1.0	0.5123094958968347	73545.0	5635.0	4826.0	452.0	224.0	7403.0	1284.0	351.0	410.0	4841.0	227.0	272.0	244.0	264.0	22.0
7	1	9	-1.3906341123395656	0.9178317402911382	1.0531645569620254	73545.0	4826.0	7403.0	410.0	272.0	5635.0	452.0	224.0	1284.0	4841.0	244.0	351.0	264.0	227.0	22.0
1	8	9	2.425673674725555	0.007640000279245718	0.9299691040164778	73484.0	4836.0	5696.0	451.0	215.0	7394.0	383.0	276.0	1286.0	4864.0	238.0	358.0	231.0	268.0	20.0
1	9	8	-29.785845858762357	1.0	0.5195627157652474	73484.0	5696.0	4836.0	451.0	215.0	7394.0	1286.0	358.0	383.0	4864.0	231.0	276.0	238.0	268.0	20.0
8	1	9	-2.2430094334394672	0.9875519370318236	1.0886571056062582	73484.0	4836.0	7394.0	383.0	276.0	5696.0	451.0	215.0	1286.0	4864.0	238.0	358.0	268.0	231.0	20.0
2	3	4	0.5594591223957452	0.28792417939554094	0.006463527239150508	75576.0	3544.0	3583.0	2460.0	197.0	6833.0	308.0	183.0	322.0	6062.0	140.0	178.0	117.0	482.0	15.0
2	4	3	-99999.9	1.0	-0.006591337099811676	75576.0	3583.0	3544.0	2460.0	197.0	6833.0	322.0	178.0	308.0	6062.0	117.0	183.0	140.0	482.0	15.0
3	2	4	-85.43740026300713	1.0	0.4983682983682984	75576.0	3544.0	6833.0	308.0	183.0	3583.0	2460.0	197.0	322.0	6062.0	140.0	178.0	482.0	117.0	15.0
2	3	5	0.8383879331976514	0.20090638206800615	0.009637448370812299	75520.0	3600.0	3572.0	2464.0	204.0	6834.0	306.0	184.0	327.0	6057.0	140.0	181.0	116.0	479.0	16.0
2	5	3	-99999.9	1.0	-0.00992438563327032	75520.0	3572.0	3600.0	2464.0	204.0	6834.0	327.0	181.0	306.0	6057.0	116.0	184.0	140.0	479.0	16.0
3	2	5	-85.31595301158973	1.0	0.4975552968568102	75520.0	3600.0	6834.0	306.0	184.0	3572.0	2464.0	204.0	327.0	6057.0	140.0	181.0	479.0	116.0	16.0
2	3	6	-99999.9	1.0	-0.0013959981386691483	75542.0	3578.0	3564.0	2463.0	213.0	6866.0	311.0	147.0	308.0	6052.0	164.0	180.0	118.0	481.0	13.0
2	6	3	0.12065352184292515	0.45198269476645536	0.0013901760889712697	75542.0	3564.0	3578.0	2463.0	213.0	6866.0	308.0	180.0	311.0	6052.0	118.0	147.0	164.0	481.0	13.0
3	2	6	-86.54879300199137	1.0	0.5003482702577199	75542.0	3578.0	6866.0	311.0	147.0	3564.0	2463.0	213.0	308.0	6052.0	164.0	180.0	481.0	118.0	13.0
2	3	7	1.2201997694665137	0.111194643985979	0.013818516812528788	75522.0	3598.0	3572.0	2432.0	236.0	6859.0	291.0	174.0	321.0	6015.0	188.0	182.0	121.0	476.0	13.0
2	7	3	-99999.9	1.0	-0.014416146083613647	75522.0	3572.0	3598.0	2432.0	236.0	6859.0	321.0	182.0	291.0	6015.0	121.0	174.0	188.0	476.0	13.0
3	2	7	-85.8613904447936	1.0	0.4964722483537159	75522.0	3598.0	6859.0	291.0	174.0	3572.0	2432.0	236.0	321.0	6015.0	188.0	182.0	476.0	121.0	13.0
2	3	8	-99999.9	1.0	-0.008916001877053027	75468.0	3652.0	3575.0	2459.0	206.0	6850.0	309.0	165.0	290.0	6049.0	185.0	190.0	121.0	466.0	15.0
2	8	3	0.7794289572464689	0.2178634717596265	0.008683729433272395	75468.0	3575.0	3652.0	2459.0	206.0	6850.0	290.0	190.0	309.0	6049.0	121.0	165.0	185.0	466.0	15.0
3	2	8	-88.19853989894266	1.0	0.5021995832368604	75468.0	3652.0	6850.0	309.0	165.0	3575.0	2459.0	206.0	290.0	6049.0	185.0	190.0	466.0	121.0	15.0
2	3	9	1.3623612648248842	0.08654201213981749	0.9589473684210527	74267.0	4853.0	5604.0	445.0	191.0	6665.0	406.0	253.0	1317.0	4957.0	250.0	365.0	182.0	230.0	15.0
2	9	3	-30.461000587879422	1.0	0.5109366236679752	74267.0	5604.0	4853.0	445.0	191.0	6665.0	1317.0	365.0	406.0	4957.0	182.0	253.0	250.0	230.0	15.0
3	2	9	-1.3040384444866069	0.9038896950131532	1.0468187274909964	74267.0	4853.0	6665.0	406.0	253.0	5604.0	445.0	191.0	1317.0	4957.0	250.0	365.0	230.0	182.0	15.0
2	4	5	0.9878941622327585	0.16160224758162467	0.0015772870662460567	78658.0	501.0	434.0	5734.0	33.0	7271.0	37.0	25.0	46.0	6422.0	19.0	25.0	20.0	775.0	0.0
2	5	4	-99999.9	1.0	-0.001584786053882726	78658.0	434.0	501.0	5734.0	33.0	7271.0	46.0	25.0	37.0	6422.0	20.0	25.0	19.0	775.0	0.0
4	2	5	-624.3491105311138	1.0	0.49960474308300395	78658.0	501.0	7271.0	37.0	25.0	434.0	5734.0	33.0	46.0	6422.0	19.0	25.0	775.0	20.0	0.0
2	4	6	-99999.9	1.0	-0.005760368663594469	75973.0	3186.0	3133.0	2902.0	166.0	6934.0	283.0	116.0	268.0	6085.0	134.0	152.0	113.0	535.0	20.0
2	6	4	0.6406806548889526	0.2608650324730697	0.005662514156285391	75973.0	3133.0	3186.0	2902.0	166.0	6934.0	268.0	152.0	283.0	6085.0	113.0	116.0	134.0	535.0	20.0
4	2	6	-111.86284234361113	1.0	0.5014277555682467	75973.0	3186.0	6934.0	283.0	116.0	3133.0	2902.0	166.0	268.0	6085.0	134.0	152.0	535.0	113.0	20.0
2	4	7	0.7211358759397231	0.23541289056021353	0.006419939577039274	75978.0	3181.0	3116.0	2902.0	183.0	6918.0	271.0	144.0	288.0	6042.0	157.0	156.0	114.0	529.0	21.0
2	7	4	-99999.9	1.0	-0.006546014632268002	75978.0	3116.0	3181.0	2902.0	183.0	6918.0	288.0	156.0	271.0	6042.0	114.0	144.0	157.0	529.0	21.0
4	2	7	-110.8852458650845	1.0	0.49837940896091515	75978.0	3181.0	6918.0	271.0	144.0	3116.0	2902.0	183.0	288.0	6042.0	157.0	156.0	529.0	114.0	21.0
2	4	8	-99999.9	1.0	-0.00967117988394584	75920.0	3239.0	3123.0	2896.0	182.0	6907.0	286.0	140.0	261.0	6075.0	151.0	162.0	118.0	520.0	20.0
2	8	4	1.0734155604373223	0.14154238919955098	0.009398496240601503	75920.0	3123.0	3239.0	2896.0	182.0	6907.0	261.0	162.0	286.0	6075.0	118.0	140.0	151.0	520.0	20.0
4	2	8	-112.06458450965629	1.0	0.5023832221163012	75920.0	3239.0	6907.0	286.0	140.0	3123.0	2896.0	182.0	261.0	6075.0	151.0	162.0	520.0	118.0	20.0
2	4	9	0.8382973189552524	0.20093182053913416	0.9741379310344828	74300.0	4859.0	5571.0	432.0	198.0	6673.0	408.0	252.0	1312.0	4936.0	239.0	362.0	201.0	239.0	18.0
2	9	4	-30.73756836169262	1.0	0.5067264573991032	74300.0	5571.0	4859.0	432.0	198.0	6673.0	1312.0	362.0	408.0	4936.0	201.0	252.0	239.0	239.0	18.0
4	2	9	-0.8160416379210421	0.7927618953649684	1.02803738317757	74300.0	4859.0	6673.0	408.0	252.0	5571.0	432.0	198.0	1312.0	4936.0	239.0	362.0	239.0	201.0	18.0
2	5	6	-99999.9	1.0	-0.008911274699728787	75915.0	3177.0	3191.0	2894.0	183.0	6933.0	290.0	119.0	267.0	6080.0	132.0	154.0	111.0	534.0	20.0
2	6	5	0.9783548603704699	0.16394942413864189	0.008679245283018869	75915.0	3191.0	3177.0	2894.0	183.0	6933.0	267.0	154.0	290.0	6080.0	111.0	119.0	132.0	534.0	20.0
5	2	6	-110.76678506107402	1.0	0.502198432422099	75915.0	3177.0	6933.0	290.0	119.0	3191.0	2894.0	183.0	267.0	6080.0	132.0	154.0	534.0	111.0	20.0
2	5	7	0.4203271257398991	0.33712328847235007	0.003810975609756098	75909.0	3183.0	3185.0	2893.0	190.0	6916.0	279.0	147.0	289.0	6034.0	156.0	157.0	114.0	526.0	22.0
2	7	5	-99999.9	1.0	-0.003855050115651503	75909.0	3185.0	3183.0	2893.0	190.0	6916.0	289.0	157.0	279.0	6034.0	114.0	147.0	156.0	526.0	22.0
5	2	7	-109.45318354266946	1.0	0.49904177845917974	75909.0	3183.0	6916.0	279.0	147.0	3185.0	2893.0	190.0	289.0	6034.0	156.0	157.0	526.0	114.0	22.0
2	5	8	-99999.9	1.0	-0.012470771628994544	75859.0	3233.0	3184.0	2889.0	195.0	6907.0	291.0	144.0	259.0	6069.0	151.0	164.0	119.0	516.0	20.0
2	8	5	1.371658191085458	0.08508499448395057	0.012021036814425245	75859.0	3184.0	3233.0	2889.0	195.0	6907.0	259.0	164.0	291.0	6069.0	119.0	144.0	151.0	516.0	20.0
5	2	8	-111.36149938875045	1.0	0.5030604437643458	75859.0	3233.0	6907.0	291.0	144.0	3184.0	2889.0	195.0	259.0	6069.0	151.0	164.0	516.0	119.0	20.0
2	5	9	0.5560366158876435	0.28909288207517314	0.9825897714907508	74232.0	4860.0	5639.0	429.0	200.0	6677.0	413.0	252.0	1316.0	4927.0	236.0	354.0	205.0	241.0	19.0
2	9	5	-30.82527989327131	1.0	0.5044692737430168	74232.0	5639.0	4860.0	429.0	200.0	6677.0	1316.0	354.0	413.0	4927.0	205.0	252.0	236.0	241.0	19.0
5	2	9	-0.546184361342569	0.7075304177252578	1.0183696900114811	74232.0	4860.0	6677.0	413.0	252.0	5639.0	429.0	200.0	1316.0	4927.0	236.0	354.0	241.0	205.0	19.0
2	6	7	1.609539000678832	0.05374926379540379	0.010149253731343285	76522.0	2584.0	2572.0	3524.0	158.0	7021.0	208.0	125.0	242.0	6110.0	129.0	99.0	109.0	588.0	9.0
2	7	6	-99999.9	1.0	-0.010467980295566502	76522.0	2572.0	2584.0	3524.0	158.0	7021.0	242.0	99.0	208.0	6110.0	109.0	125.0	129.0	588.0	9.0
6	2	7	-155.36785294788044	1.0	0.49742346165504703	76522.0	2584.0	7021.0	208.0	125.0	2572.0	3524.0	158.0	242.0	6110.0	129.0	99.0	588.0	109.0	9.0
2	6	8	-99999.9	1.0	-0.003663003663003663	76456.0	2650.0	2587.0	3511.0	156.0	7012.0	223.0	119.0	211.0	6142.0	128.0	107.0	114.0	577.0	7.0
2	8	6	0.5769402072499002	0.28198988499567323	0.0036231884057971015	76456.0	2587.0	2650.0	3511.0	156.0	7012.0	211.0	107.0	223.0	6142.0	114.0	119.0	128.0	577.0	7.0
6	2	8	-158.08161678647218	1.0	0.5009107468123861	76456.0	2650.0	7012.0	223.0	119.0	2587.0	3511.0	156.0	211.0	6142.0	128.0	107.0	577.0	114.0	7.0
2	6	9	0.41916893989614834	0.3375463758110311	0.9869281045751634	74239.0	4867.0	5632.0	421.0	201.0	6699.0	409.0	246.0	1315.0	4917.0	249.0	333.0	219.0	238.0	15.0
2	9	6	-31.2280860222632	1.0	0.5033333333333333	74239.0	5632.0	4867.0	421.0	201.0	6699.0	1315.0	333.0	409.0	4917.0	219.0	246.0	249.0	238.0	15.0
6	2	9	-0.41361703340745765	0.6604226583020427	1.0136054421768708	74239.0	4867.0	6699.0	409.0	246.0	5632.0	421.0	201.0	1315.0	4917.0	249.0	333.0	238.0	219.0	15.0
2	7	8	-99999.9	1.0	-0.010355029585798817	77178.0	1916.0	1865.0	4284.0	117.0	7085.0	186.0	91.0	144.0	6197.0	86.0	101.0	96.0	643.0	11.0
2	8	7	2.3203605944674623	0.010160665160204307	0.010043041606886656	77178.0	1865.0	1916.0	4284.0	117.0	7085.0	144.0	101.0	186.0	6197.0	96.0	91.0	86.0	643.0	11.0
7	2	8	-226.40089800304003	1.0	0.5025491624180626	77178.0	1916.0	7085.0	186.0	91.0	1865.0	4284.0	117.0	144.0	6197.0	86.0	101.0	643.0	96.0	11.0
2	7	9	0.41430995165466555	0.33932360633928016	0.9864406779661017	74246.0	4848.0	5625.0	431.0	210.0	6702.0	419.0	241.0	1292.0	4887.0	248.0	353.0	239.0	239.0	20.0
2	9	7	-29.726739031222177	1.0	0.5034602076124568	74246.0	5625.0	4848.0	431.0	210.0	6702.0	1292.0	353.0	419.0	4887.0	239.0	241.0	248.0	239.0	20.0
7	2	9	-0.4086149695013368	0.6585888327586049	1.0141342756183747	74246.0	4848.0	6702.0	419.0	241.0	5625.0	431.0	210.0	1292.0	4887.0	248.0	353.0	239.0	239.0	20.0
2	8	9	1.2515154867828078	0.10537330209513884	0.9633507853403142	74177.0	4866.0	5694.0	422.0	201.0	6701.0	387.0	242.0	1307.0	4923.0	249.0	339.0	235.0	238.0	19.0
2	9	8	-31.645463022936706	1.0	0.5096952908587257	74177.0	5694.0	4866.0	422.0	201.0	6701.0	1307.0	339.0	387.0	4923.0	235.0	242.0	249.0	238.0	19.0
8	2	9	-1.2039034845682446	0.8856864923225223	1.0411764705882354	74177.0	4866.0	6701.0	387.0	242.0	5694.0	422.0	201.0	1307.0	4923.0	249.0	339.0	238.0	235.0	19.0
3	4	5	0.4216211808400154	0.3366508114389011	0.0011357183418512207	81902.0	507.0	452.0	3561.0	22.0	4027.0	43.0	13.0	47.0	8933.0	24.0	6.0	24.0	437.0	2.0
3	5	4	-99999.9	1.0	-0.0011396011396011395	81902.0	452.0	507.0	3561.0	22.0	4027.0	47.0	6.0	43.0	8933.0	24.0	13.0	24.0	437.0	2.0
4	3	5	-370.3942073679528	1.0	0.4997155858930603	81902.0	507.0	4027.0	43.0	13.0	452.0	3561.0	22.0	47.0	8933.0	24.0	6.0	437.0	24.0	2.0
3	4	6	-99999.9	1.0	-0.0514018691588785	79185.0	3224.0	3223.0	726.0	86.0	3722.0	276.0	85.0	254.0	8564.0	186.0	76.0	156.0	232.0	5.0
3	6	4	0.9755674079356493	0.16463944144455234	0.044534412955465584	79185.0	3223.0	3224.0	726.0	86.0	3722.0	254.0	76.0	276.0	8564.0	156.0	85.0	186.0	232.0	5.0
4	3	6	-19.954787889592854	1.0	0.5119305856832972	79185.0	3224.0	3722.0	276.0	85.0	3223.0	726.0	86.0	254.0	8564.0	186.0	76.0	232.0	156.0	5.0
3	4	7	0.443739419077296	0.3286155248128293	0.020576131687242802	79166.0	3243.0	3215.0	730.0	90.0	3730.0	254.0	99.0	264.0	8515.0	225.0	81.0	154.0	228.0	6.0
3	7	4	-99999.9	1.0	-0.021929824561403508	79166.0	3215.0	3243.0	730.0	90.0	3730.0	264.0	81.0	254.0	8515.0	154.0	99.0	225.0	228.0	6.0
4	3	7	-20.678256929002032	1.0	0.494692144373673	79166.0	3243.0	3730.0	254.0	99.0	3215.0	730.0	90.0	264.0	8515.0	225.0	81.0	228.0	154.0	6.0
3	4	8	-99999.9	1.0	-0.07194244604316546	79095.0	3314.0	3223.0	724.0	88.0	3732.0	277.0	74.0	247.0	8538.0	219.0	76.0	159.0	229.0	5.0
3	8	4	1.3458656934564044	0.08917298078662961	0.0591715976331361	79095.0	3223.0	3314.0	724.0	88.0	3732.0	247.0	76.0	277.0	8538.0	159.0	74.0	219.0	229.0	5.0
4	3	8	-20.053398832500427	1.0	0.5162337662337662	79095.0	3314.0	3732.0	277.0	74.0	3223.0	724.0	88.0	247.0	8538.0	219.0	76.0	229.0	159.0	5.0
3	4	9	-0.518184419054931	0.6978352087598407	1.0039113428943938	77281.0	5128.0	3651.0	261.0	123.0	3692.0	273.0	118.0	3353.0	5246.0	405.0	241.0	113.0	100.0	15.0
3	9	4	-133.51885197648687	1.0	0.49902786779001945	77281.0	3651.0	5128.0	261.0	123.0	3692.0	3353.0	241.0	273.0	5246.0	113.0	118.0	405.0	100.0	15.0
4	3	9	0.5202033193889112	0.30146092386356227	0.9961340206185567	77281.0	5128.0	3692.0	273.0	118.0	3651.0	261.0	123.0	3353.0	5246.0	405.0	241.0	100.0	113.0	15.0
3	5	6	-99999.9	1.0	-0.06388206388206388	79139.0	3215.0	3269.0	721.0	100.0	3709.0	288.0	83.0	262.0	8553.0	185.0	81.0	155.0	234.0	6.0
3	6	5	1.1362850265348081	0.1279187013074904	0.0536082474226804	79139.0	3269.0	3215.0	721.0	100.0	3709.0	262.0	81.0	288.0	8553.0	155.0	83.0	185.0	234.0	6.0
5	3	6	-18.923516018829666	1.0	0.5145739910313902	79139.0	3215.0	3709.0	288.0	83.0	3269.0	721.0	100.0	262.0	8553.0	185.0	81.0	234.0	155.0	6.0
3	5	7	0.43399153316230993	0.3321473283209271	0.021413276231263385	79110.0	3244.0	3271.0	723.0	96.0	3715.0	266.0	99.0	276.0	8501.0	223.0	84.0	156.0	229.0	7.0
3	7	5	-99999.9	1.0	-0.022883295194508012	79110.0	3271.0	3244.0	723.0	96.0	3715.0	276.0	84.0	266.0	8501.0	156.0	99.0	223.0	229.0	7.0
5	3	7	-19.399421532355287	1.0	0.4944690265486726	79110.0	3244.0	3715.0	266.0	99.0	3271.0	723.0	96.0	276.0	8501.0	223.0	84.0	229.0	156.0	7.0
3	5	8	-99999.9	1.0	-0.0798004987531172	79049.0	3305.0	3269.0	722.0	99.0	3717.0	289.0	74.0	257.0	8524.0	219.0	81.0	161.0	228.0	6.0
3	8	5	1.409598755126122	0.07932914999386886	0.06438631790744466	79049.0	3269.0	3305.0	722.0	99.0	3717.0	257.0	81.0	289.0	8524.0	161.0	74.0	219.0	228.0	6.0
5	3	8	-19.073633155300335	1.0	0.5178173719376392	79049.0	3305.0	3717.0	289.0	74.0	3269.0	722.0	99.0	257.0	8524.0	219.0	81.0	228.0	161.0	6.0
3	5	9	-0.8672680987346656	0.8071024751260308	1.0065252854812399	77224.0	5130.0	3708.0	254.0	128.0	3685.0	274.0	121.0	3359.0	5241.0	400.0	242.0	117.0	102.0	15.0
3	9	5	-134.6433723285569	1.0	0.4983844911147011	77224.0	3708.0	5130.0	254.0	128.0	3685.0	3359.0	242.0	274.0	5241.0	117.0	121.0	400.0	102.0	15.0
5	3	9	0.8728905823569325	0.19136132099773384	0.9936	77224.0	5130.0	3685.0	274.0	121.0	3708.0	254.0	128.0	3359.0	5241.0	400.0	242.0	102.0	117.0	15.0
3	6	7	1.6063120007320222	0.05410268512069072	0.027095681625740897	79763.0	2645.0	2618.0	1336.0	82.0	3780.0	187.0	85.0	219.0	8597.0	180.0	76.0	139.0	289.0	4.0
3	7	6	-99999.9	1.0	-0.029493087557603687	79763.0	2618.0	2645.0	1336.0	82.0	3780.0	219.0	76.0	187.0	8597.0	139.0	85.0	180.0	289.0	4.0
6	3	7	-56.070328275552164	1.0	0.4929390997352162	79763.0	2645.0	3780.0	187.0	85.0	2618.0	1336.0	82.0	219.0	8597.0	180.0	76.0	289.0	139.0	4.0
3	6	8	-99999.9	1.0	-0.0081374321880651	79684.0	2724.0	2634.0	1321.0	81.0	3784.0	206.0	62.0	197.0	8622.0	177.0	74.0	146.0	287.0	1.0
3	8	6	0.4499765307505406	0.3263637070505755	0.007943512797881731	79684.0	2634.0	2724.0	1321.0	81.0	3784.0	197.0	74.0	206.0	8622.0	146.0	62.0	177.0	287.0	1.0
6	3	8	-55.747092420761284	1.0	0.502009825815096	79684.0	2724.0	3784.0	206.0	62.0	2634.0	1321.0	81.0	197.0	8622.0	177.0	74.0	287.0	146.0	1.0
3	6	9	-0.8807005577942688	0.8107600788436073	1.0065359477124183	77270.0	5138.0	3662.0	246.0	128.0	3668.0	266.0	118.0	3346.0	5234.0	416.0	272.0	132.0	96.0	8.0
3	9	6	-136.5085864581116	1.0	0.4983818770226537	77270.0	3662.0	5138.0	246.0	128.0	3668.0	3346.0	272.0	266.0	5234.0	132.0	118.0	416.0	96.0	8.0
6	3	9	0.8864193925851407	0.18769575230509983	0.9935897435897436	77270.0	5138.0	3668.0	266.0	118.0	3662.0	246.0	128.0	3346.0	5234.0	416.0	272.0	96.0	132.0	8.0
3	7	8	-99999.9	1.0	-0.020788912579957356	80404.0	1977.0	1914.0	2086.0	63.0	3859.0	171.0	45.0	132.0	8675.0	116.0	64.0	128.0	363.0	3.0
3	8	7	2.2565136451954104	0.012019203386610444	0.019568489713998993	80404.0	1914.0	1977.0	2086.0	63.0	3859.0	132.0	64.0	171.0	8675.0	128.0	45.0	116.0	363.0	3.0
7	3	8	-110.80060591151812	1.0	0.5050400620315327	80404.0	1977.0	3859.0	171.0	45.0	1914.0	2086.0	63.0	132.0	8675.0	116.0	64.0	363.0	128.0	3.0
3	7	9	-0.6479695094045004	0.7414977262192046	1.004950495049505	77267.0	5114.0	3665.0	259.0	139.0	3681.0	274.0	120.0	3319.0	5200.0	404.0	286.0	158.0	98.0	16.0
3	9	7	-132.18577991851782	1.0	0.4987714987714988	77267.0	3665.0	5114.0	259.0	139.0	3681.0	3319.0	286.0	274.0	5200.0	158.0	120.0	404.0	98.0	16.0
7	3	9	0.6511614774311235	0.2574710648058476	0.9951219512195122	77267.0	5114.0	3681.0	274.0	120.0	3665.0	259.0	139.0	3319.0	5200.0	404.0	286.0	98.0	158.0	16.0
3	8	9	0.18006499060843634	0.42855078231862764	0.998705501618123	77183.0	5135.0	3749.0	249.0	128.0	3695.0	245.0	115.0	3331.0	5233.0	410.0	260.0	154.0	101.0	12.0
3	9	8	-138.74007526379978	1.0	0.5003242542153048	77183.0	3749.0	5135.0	249.0	128.0	3695.0	3331.0	260.0	245.0	5233.0	154.0	115.0	410.0	101.0	12.0
8	3	9	-0.1798315946387559	0.5713576017582044	1.0012995451591944	77183.0	5135.0	3695.0	245.0	115.0	3749.0	249.0	128.0	3331.0	5233.0	410.0	260.0	101.0	154.0	12.0
4	5	6	-1.4870236117143427	0.9314956791891691	1.0046372971182511	82395.0	3534.0	512.0	37.0	14.0	453.0	51.0	1.0	3084.0	9444.0	403.0	16.0	27.0	27.0	2.0
4	6	5	-323.6400674924003	1.0	0.4988486842105263	82395.0	512.0	3534.0	37.0	14.0	453.0	3084.0	16.0	51.0	9444.0	27.0	1.0	403.0	27.0	2.0
5	4	6	1.4938875518937034	0.06760253772913472	0.9954263312642927	82395.0	3534.0	453.0	51.0	1.0	512.0	37.0	14.0	3084.0	9444.0	403.0	16.0	27.0	27.0	2.0
4	5	7	-1.5594283303712912	0.9405524703152804	1.0046113306982871	82379.0	3550.0	517.0	33.0	13.0	446.0	47.0	12.0	3097.0	9396.0	438.0	17.0	30.0	24.0	1.0
4	7	5	-341.29202887554555	1.0	0.49885508668629375	82379.0	517.0	3550.0	33.0	13.0	446.0	3097.0	17.0	47.0	9396.0	30.0	12.0	438.0	24.0	1.0
5	4	7	1.5665863620516838	0.058605713669131365	0.99545159194282	82379.0	3550.0	446.0	47.0	12.0	517.0	33.0	13.0	3097.0	9396.0	438.0	17.0	24.0	30.0	1.0
4	5	8	-1.3052002173241235	0.9040875923727972	1.0039748261013581	82317.0	3612.0	510.0	36.0	17.0	449.0	48.0	8.0	3079.0	9414.0	438.0	18.0	29.0	24.0	1.0
4	8	5	-330.9770217764424	1.0	0.49901218307540335	82317.0	510.0	3612.0	36.0	17.0	449.0	3079.0	18.0	48.0	9414.0	29.0	8.0	438.0	24.0	1.0
5	4	8	1.3103676216817248	0.09503581790785398	0.9960720130932897	82317.0	3612.0	449.0	48.0	8.0	510.0	36.0	17.0	3079.0	9414.0	438.0	18.0	24.0	29.0	1.0
4	5	9	-0.7062482171252611	0.7599831742664948	1.000893788172203	80460.0	5469.0	513.0	33.0	17.0	449.0	39.0	17.0	6758.0	5549.0	624.0	38.0	19.0	15.0	0.0
4	9	5	-791.5865433612216	1.0	0.4997768521273431	80460.0	513.0	5469.0	33.0	17.0	449.0	6758.0	38.0	39.0	5549.0	19.0	17.0	624.0	15.0	0.0
5	4	9	0.7068788897406431	0.23982080264812533	0.9991086019907889	80460.0	5469.0	449.0	39.0	17.0	513.0	33.0	17.0	6758.0	5549.0	624.0	38.0	15.0	19.0	0.0
4	6	7	0.527777256976063	0.29882695602743325	0.01601164483260553	80267.0	2640.0	2629.0	891.0	65.0	3276.0	215.0	62.0	226.0	9110.0	186.0	58.0	148.0	221.0	6.0
4	7	6	-99999.9	1.0	-0.016819571865443424	80267.0	2629.0	2640.0	891.0	65.0	3276.0	226.0	58.0	215.0	9110.0	148.0	62.0	186.0	221.0	6.0
6	4	7	-31.90653417173476	1.0	0.49589858314690527	80267.0	2640.0	3276.0	215.0	62.0	2629.0	891.0	65.0	226.0	9110.0	186.0	58.0	221.0	148.0	6.0
4	6	8	-99999.9	1.0	-0.004531722054380665	80187.0	2720.0	2640.0	879.0	66.0	3281.0	214.0	58.0	211.0	9128.0	183.0	54.0	149.0	223.0	7.0
4	8	6	0.14582598433260305	0.44202936039066776	0.004470938897168405	80187.0	2640.0	2720.0	879.0	66.0	3281.0	211.0	54.0	214.0	9128.0	149.0	58.0	183.0	223.0	7.0
6	4	8	-32.32475986039359	1.0	0.5011252813203301	80187.0	2720.0	3281.0	214.0	58.0	2640.0	879.0	66.0	211.0	9128.0	183.0	54.0	223.0	149.0	7.0
4	6	9	-0.3307175920532722	0.6295710254611511	1.0019596864501679	77721.0	5186.0	3252.0	220.0	113.0	3217.0	227.0	109.0	3806.0	5268.0	448.0	222.0	112.0	88.0	11.0
4	9	6	-169.4218978718626	1.0	0.4995115143056525	77721.0	3252.0	5186.0	220.0	113.0	3217.0	3806.0	222.0	227.0	5268.0	112.0	109.0	448.0	88.0	11.0
6	4	9	0.3313644272430943	0.37018468377381364	0.9980517673253548	77721.0	5186.0	3217.0	227.0	109.0	3252.0	220.0	113.0	3806.0	5268.0	448.0	222.0	88.0	112.0	11.0
4	7	8	-99999.9	1.0	-0.0054832076764907475	80909.0	1987.0	1918.0	1628.0	50.0	3354.0	161.0	45.0	153.0	9198.0	122.0	39.0	132.0	298.0	6.0
4	8	7	0.4525539944333941	0.3254349904268026	0.005394470667565746	80909.0	1918.0	1987.0	1628.0	50.0	3354.0	153.0	39.0	161.0	9198.0	132.0	45.0	122.0	298.0	6.0
7	4	8	-82.98708872922364	1.0	0.5013596193065941	80909.0	1987.0	3354.0	161.0	45.0	1918.0	1628.0	50.0	153.0	9198.0	122.0	39.0	298.0	132.0	6.0
4	7	9	-0.09202170587635092	0.5366596646997869	1.0005605381165918	77735.0	5161.0	3238.0	235.0	123.0	3213.0	237.0	110.0	3807.0	5230.0	436.0	225.0	140.0	92.0	18.0
4	9	7	-164.35076669516243	1.0	0.49985998319798375	77735.0	3238.0	5161.0	235.0	123.0	3213.0	3807.0	225.0	237.0	5230.0	140.0	110.0	436.0	92.0	18.0
7	4	9	0.09207325865275222	0.4633198556882425	0.9994404029099049	77735.0	5161.0	3213.0	237.0	110.0	3238.0	235.0	123.0	3807.0	5230.0	436.0	225.0	92.0	140.0	18.0
4	8	9	0.8093706175072403	0.20915094107569265	0.9952738393105366	77652.0	5175.0	3321.0	230.0	114.0	3226.0	213.0	107.0	3793.0	5258.0	440.0	226.0	136.0	95.0	14.0
4	9	8	-169.63455942225292	1.0	0.501189976200476	77652.0	3321.0	5175.0	230.0	114.0	3226.0	3793.0	226.0	213.0	5258.0	136.0	107.0	440.0	95.0	14.0
8	4	9	-0.8055272374799713	0.7897423111894043	1.0047941342357587	77652.0	5175.0	3226.0	213.0	107.0	3321.0	230.0	114.0	3793.0	5258.0	440.0	226.0	95.0	136.0	14.0
5	6	7	0.7691180870386051	0.22091154027118087	0.022792022792022793	80206.0	2642.0	2619.0	899.0	68.0	3337.0	213.0	62.0	229.0	9093.0	186.0	65.0	147.0	230.0	4.0
5	7	6	-99999.9	1.0	-0.024464831804281346	80206.0	2619.0	2642.0	899.0	68.0	3337.0	229.0	65.0	213.0	9093.0	147.0	62.0	186.0	230.0	4.0
6	5	7	-32.20681989474159	1.0	0.4941002949852507	80206.0	2642.0	3337.0	213.0	62.0	2619.0	899.0	68.0	229.0	9093.0	186.0	65.0	230.0	147.0	4.0
5	6	8	-99999.9	1.0	-0.005997001499250375	80134.0	2714.0	2632.0	887.0	67.0	3334.0	216.0	62.0	212.0	9111.0	185.0	61.0	147.0	232.0	6.0
5	8	6	0.19388589545779256	0.42313263409319	0.005891016200294551	80134.0	2632.0	2714.0	887.0	67.0	3334.0	212.0	61.0	216.0	9111.0	147.0	62.0	185.0	232.0	6.0
6	5	8	-32.52435896304459	1.0	0.5014858841010401	80134.0	2714.0	3334.0	216.0	62.0	2632.0	887.0	67.0	212.0	9111.0	185.0	61.0	232.0	147.0	6.0
5	6	9	0.0	0.49999999949999996	nan	77666.0	5182.0	3243.0	225.0	118.0	3272.0	225.0	115.0	3803.0	5261.0	444.0	234.0	111.0	90.0	11.0
5	9	6	-168.64979971332875	1.0	0.5	77666.0	3243.0	5182.0	225.0	118.0	3272.0	3803.0	234.0	225.0	5261.0	111.0	115.0	444.0	90.0	11.0
6	5	9	0.0	0.49999999949999996	nan	77666.0	5182.0	3272.0	225.0	115.0	3243.0	225.0	118.0	3803.0	5261.0	444.0	234.0	90.0	111.0	11.0
5	7	8	-99999.9	1.0	-0.009595613433858808	80846.0	1979.0	1920.0	1639.0	50.0	3417.0	166.0	48.0	152.0	9178.0	123.0	38.0	130.0	307.0	7.0
5	8	7	0.7883156749809336	0.2152559781711183	0.009327115256495669	80846.0	1920.0	1979.0	1639.0	50.0	3417.0	152.0	38.0	166.0	9178.0	130.0	48.0	123.0	307.0	7.0
7	5	8	-82.94207066049393	1.0	0.5023648648648648	80846.0	1979.0	3417.0	166.0	48.0	1920.0	1639.0	50.0	152.0	9178.0	123.0	38.0	307.0	130.0	7.0
5	7	9	0.04578845140772096	0.4817393664043792	0.9997194950911641	77668.0	5157.0	3241.0	239.0	129.0	3280.0	238.0	113.0	3802.0	5220.0	431.0	227.0	139.0	98.0	18.0
5	9	7	-163.14425236570943	1.0	0.5000701557457556	77668.0	3241.0	5157.0	239.0	129.0	3280.0	3802.0	227.0	238.0	5220.0	139.0	113.0	431.0	98.0	18.0
7	5	9	-0.045775603918549325	0.5182555135511653	1.0002807411566537	77668.0	5157.0	3280.0	238.0	113.0	3241.0	239.0	129.0	3802.0	5220.0	431.0	227.0	98.0	139.0	18.0
5	8	9	1.0933168709569885	0.1371273913342046	0.9936111111111111	77593.0	5173.0	3316.0	234.0	118.0	3285.0	211.0	111.0	3788.0	5250.0	436.0	236.0	136.0	99.0	14.0
5	9	8	-168.9412243209188	1.0	0.5016126770438929	77593.0	3316.0	5173.0	234.0	118.0	3285.0	3788.0	236.0	211.0	5250.0	136.0	111.0	436.0	99.0	14.0
8	5	9	-1.0862868770984448	0.8613239142500507	1.0065137354856981	77593.0	5173.0	3285.0	211.0	111.0	3316.0	234.0	118.0	3788.0	5250.0	436.0	236.0	99.0	136.0	14.0
6	7	8	-99999.9	1.0	-0.01277139208173691	81539.0	2004.0	1929.0	946.0	42.0	2724.0	153.0	36.0	143.0	9945.0	134.0	38.0	132.0	233.0	2.0
6	8	7	0.5844995451122137	0.2794420934756744	0.01230012300123001	81539.0	1929.0	2004.0	946.0	42.0	2724.0	143.0	38.0	153.0	9945.0	132.0	36.0	134.0	233.0	2.0
7	6	8	-46.350813927398534	1.0	0.5031328320802004	81539.0	2004.0	2724.0	153.0	36.0	1929.0	946.0	42.0	143.0	9945.0	134.0	38.0	233.0	132.0	2.0
6	7	9	0.15749191283434982	0.4374285798862203	0.9992972593113141	78306.0	5237.0	2632.0	183.0	102.0	2642.0	180.0	91.0	4446.0	5284.0	492.0	192.0	112.0	90.0	11.0
6	9	7	-223.79600813761036	1.0	0.5001758705592684	78306.0	2632.0	5237.0	183.0	102.0	2642.0	4446.0	192.0	180.0	5284.0	112.0	91.0	492.0	90.0	11.0
7	6	9	-0.15738115902785588	0.5625277800392345	1.0007042253521128	78306.0	5237.0	2642.0	180.0	91.0	2632.0	183.0	102.0	4446.0	5284.0	492.0	192.0	90.0	112.0	11.0
6	8	9	1.3773198501085189	0.08420674917520332	0.9941833410888785	78218.0	5250.0	2720.0	178.0	94.0	2660.0	153.0	92.0	4426.0	5311.0	493.0	194.0	112.0	94.0	5.0
6	9	8	-234.03418893043929	1.0	0.5014669639713649	78218.0	2720.0	5250.0	178.0	94.0	2660.0	4426.0	194.0	153.0	5311.0	112.0	92.0	493.0	94.0	5.0
8	6	9	-1.369261578109288	0.9145411780628969	1.0059199621122425	78218.0	5250.0	2660.0	153.0	92.0	2720.0	178.0	94.0	4426.0	5311.0	493.0	194.0	94.0	112.0	5.0
7	8	9	1.2235042450445324	0.11056971803288218	0.9960868714537272	78968.0	5295.0	1980.0	144.0	69.0	1910.0	124.0	76.0	5215.0	5357.0	552.0	145.0	76.0	82.0	7.0
7	9	8	-310.2195013310415	1.0	0.5009840582562487	78968.0	1980.0	5295.0	144.0	69.0	1910.0	5215.0	145.0	124.0	5357.0	76.0	76.0	552.0	82.0	7.0
8	7	9	-1.2186977070557499	0.8885204589780651	1.003959611958028	78968.0	5295.0	1910.0	124.0	76.0	1980.0	144.0	69.0	5215.0	5357.0	552.0	145.0	82.0	76.0	7.0
