P1	Hybrid	P2	Zscore	Pvalue	Gamma	AAAA	AAAB	AABA	AABB	AABC	ABAA	ABAB	ABAC	ABBA	BAAA	ABBC	CABC	BACA	BCAA	ABCD
1	2	3	-0.48238680416699625	0.685234395221191	1.069182389937107	36352.0	2791.0	2864.0	237.0	126.0	3560.0	248.0	143.0	418.0	2723.0	111.0	162.0	117.0	142.0	6.0
1	3	2	-7.937455595838764	0.9999999999999989	0.48433048433048437	36352.0	2864.0	2791.0	237.0	126.0	3560.0	418.0	162.0	248.0	2723.0	117.0	143.0	111.0	142.0	6.0
2	1	3	0.513600067966037	0.30376580733792413	0.9427083333333334	36352.0	2791.0	3560.0	248.0	143.0	2864.0	237.0	126.0	418.0	2723.0	111.0	162.0	142.0	117.0	6.0
1	2	4	0.5987476781313279	0.274670531369001	0.9730941704035875	36574.0	2569.0	2899.0	212.0	116.0	3633.0	200.0	118.0	634.0	2513.0	105.0	177.0	103.0	135.0	12.0
1	4	2	-21.05596001428506	1.0	0.5070093457943925	36574.0	2899.0	2569.0	212.0	116.0	3633.0	634.0	177.0	200.0	2513.0	103.0	118.0	105.0	135.0	12.0
2	1	4	-0.5821924427912912	0.7197815096322484	1.0292682926829269	36574.0	2569.0	3633.0	200.0	118.0	2899.0	212.0	116.0	634.0	2513.0	105.0	177.0	135.0	103.0	12.0
1	2	5	-1.2450812774046984	0.8934489938856427	1.0167597765363128	37436.0	1707.0	3028.0	129.0	70.0	3717.0	150.0	84.0	1424.0	1717.0	111.0	283.0	61.0	73.0	10.0
1	5	2	-76.78001210662309	1.0	0.49591280653950953	37436.0	3028.0	1707.0	129.0	70.0	3717.0	1424.0	283.0	150.0	1717.0	61.0	84.0	111.0	73.0	10.0
2	1	5	1.2656045951641168	0.10282740884193009	0.9840425531914894	37436.0	1707.0	3717.0	150.0	84.0	3028.0	129.0	70.0	1424.0	1717.0	111.0	283.0	73.0	61.0	10.0
1	2	6	-0.941561710141387	0.8267914726318735	1.0095969289827256	37703.0	1440.0	3057.0	118.0	52.0	3740.0	133.0	78.0	1711.0	1449.0	92.0	308.0	55.0	59.0	5.0
1	6	2	-99.99385361701523	1.0	0.4976348155156102	37703.0	3057.0	1440.0	118.0	52.0	3740.0	1711.0	308.0	133.0	1449.0	55.0	78.0	92.0	59.0	5.0
2	1	6	0.9505119165115523	0.17092609129241776	0.9906716417910447	37703.0	1440.0	3740.0	133.0	78.0	3057.0	118.0	52.0	1711.0	1449.0	92.0	308.0	59.0	55.0	5.0
1	2	7	-1.1767257788263692	0.8803474508760907	1.012242268041237	37644.0	1499.0	3048.0	119.0	60.0	3742.0	138.0	71.0	1709.0	1451.0	92.0	302.0	58.0	60.0	7.0
1	7	2	-98.47336780704872	1.0	0.49699462195507754	37644.0	3048.0	1499.0	119.0	60.0	3742.0	1709.0	302.0	138.0	1451.0	58.0	71.0	92.0	60.0	7.0
2	1	7	1.1909573445792025	0.11683522900208776	0.9881914232442511	37644.0	1499.0	3742.0	138.0	71.0	3048.0	119.0	60.0	1709.0	1451.0	92.0	302.0	60.0	58.0	7.0
1	2	8	-0.7371328508855951	0.769479287141065	1.0065281899109793	37806.0	1337.0	3059.0	105.0	63.0	3753.0	116.0	82.0	1812.0	1354.0	86.0	322.0	46.0	53.0	6.0
1	8	2	-114.3896160419737	1.0	0.4983837790185131	37806.0	3059.0	1337.0	105.0	63.0	3753.0	1812.0	322.0	116.0	1354.0	46.0	82.0	86.0	53.0	6.0
2	1	8	0.7419137832911031	0.22906971855423497	0.9935972060535506	37806.0	1337.0	3753.0	116.0	82.0	3059.0	105.0	63.0	1812.0	1354.0	86.0	322.0	53.0	46.0	6.0
1	2	9	0.7257037232311053	0.2340101400816047	0.9990341274951706	39008.0	135.0	3215.0	10.0	2.0	3938.0	7.0	6.0	3110.0	133.0	9.0	417.0	5.0	4.0	1.0
1	9	2	-749.8938473388229	1.0	0.5002418184749314	39008.0	3215.0	135.0	10.0	2.0	3938.0	3110.0	417.0	7.0	133.0	5.0	6.0	9.0	4.0	1.0
2	1	9	-0.7250021082876011	0.7657747008305369	1.0009686793671295	39008.0	135.0	3938.0	7.0	6.0	3215.0	10.0	2.0	3110.0	133.0	9.0	417.0	4.0	5.0	1.0
1	3	4	1.175348783880714	0.11992766370519914	0.9163763066202091	36676.0	2540.0	2797.0	237.0	120.0	3813.0	213.0	114.0	476.0	2509.0	103.0	155.0	94.0	145.0	8.0
1	4	3	-11.704514972812095	1.0	0.5239043824701196	36676.0	2797.0	2540.0	237.0	120.0	3813.0	476.0	155.0	213.0	2509.0	94.0	114.0	103.0	145.0	8.0
3	1	4	-1.0680926210931203	0.857260598507552	1.111627906976744	36676.0	2540.0	3813.0	213.0	114.0	2797.0	237.0	120.0	476.0	2509.0	103.0	155.0	145.0	94.0	8.0
1	3	5	-0.9287842810014575	0.8234995720363856	1.0144014401440145	37522.0	1694.0	2942.0	138.0	74.0	3891.0	154.0	95.0	1281.0	1708.0	99.0	252.0	66.0	80.0	4.0
1	5	3	-66.35002707404158	1.0	0.4964757709251101	37522.0	2942.0	1694.0	138.0	74.0	3891.0	1281.0	252.0	154.0	1708.0	66.0	95.0	99.0	80.0	4.0
3	1	5	0.9419702157805377	0.17310393149716985	0.9861949956859362	37522.0	1694.0	3891.0	154.0	95.0	2942.0	138.0	74.0	1281.0	1708.0	99.0	252.0	80.0	66.0	4.0
1	3	6	-1.72873194642379	0.9580714963308165	1.0200286123032904	37766.0	1450.0	2994.0	114.0	46.0	3913.0	142.0	85.0	1568.0	1439.0	81.0	278.0	56.0	62.0	6.0
1	6	3	-89.77058036072113	1.0	0.49513888888888885	37766.0	2994.0	1450.0	114.0	46.0	3913.0	1568.0	278.0	142.0	1439.0	56.0	85.0	81.0	62.0	6.0
3	1	6	1.7626761922161225	0.038977514453393924	0.9811066126855601	37766.0	1450.0	3913.0	142.0	85.0	2994.0	114.0	46.0	1568.0	1439.0	81.0	278.0	62.0	56.0	6.0
1	3	7	-1.9680232170395504	0.9754673859628633	1.0238611713665944	37709.0	1507.0	2983.0	120.0	51.0	3907.0	153.0	80.0	1569.0	1437.0	82.0	277.0	57.0	62.0	6.0
1	7	3	-86.4141103481911	1.0	0.4942408376963351	37709.0	2983.0	1507.0	120.0	51.0	3907.0	1569.0	277.0	153.0	1437.0	57.0	80.0	82.0	62.0	6.0
3	1	7	2.0138881648942855	0.022010569499995247	0.9777327935222672	37709.0	1507.0	3907.0	153.0	80.0	2983.0	120.0	51.0	1569.0	1437.0	82.0	277.0	62.0	57.0	6.0
1	3	8	-0.12689072466436824	0.550486593265849	1.0013003901170352	37877.0	1339.0	2988.0	123.0	43.0	3930.0	125.0	85.0	1665.0	1336.0	87.0	292.0	55.0	55.0	0.0
1	8	3	-97.83274871622872	1.0	0.49967553536664505	37877.0	2988.0	1339.0	123.0	43.0	3930.0	1665.0	292.0	125.0	1336.0	55.0	85.0	87.0	55.0	0.0
3	1	8	0.127055517813283	0.44944819174567574	0.9987046632124352	37877.0	1339.0	3930.0	125.0	85.0	2988.0	123.0	43.0	1665.0	1336.0	87.0	292.0	55.0	55.0	0.0
1	3	9	-0.850082536641513	0.8023604465262376	1.0013633265167008	39085.0	131.0	3138.0	9.0	7.0	4119.0	13.0	8.0	2951.0	129.0	8.0	395.0	3.0	4.0	0.0
1	9	3	-625.2357056998306	1.0	0.49965986394557826	39085.0	3138.0	131.0	9.0	7.0	4119.0	2951.0	395.0	13.0	129.0	3.0	8.0	8.0	4.0	0.0
3	1	9	0.8512398988425226	0.19731800548585765	0.9986422267481331	39085.0	131.0	4119.0	13.0	8.0	3138.0	9.0	7.0	2951.0	129.0	8.0	395.0	4.0	3.0	0.0
1	4	5	-0.9021134635399934	0.8165017296358223	1.019047619047619	37782.0	1691.0	2682.0	146.0	69.0	4176.0	162.0	106.0	1018.0	1713.0	85.0	230.0	53.0	80.0	7.0
1	5	4	-49.16518376292966	1.0	0.49537037037037035	37782.0	2682.0	1691.0	146.0	69.0	4176.0	1018.0	230.0	162.0	1713.0	53.0	106.0	85.0	80.0	7.0
4	1	5	0.9189753974379372	0.17905419839749104	0.9819819819819819	37782.0	1691.0	4176.0	162.0	106.0	2682.0	146.0	69.0	1018.0	1713.0	85.0	230.0	80.0	53.0	7.0
1	4	6	-0.7789185442520951	0.7819862144251867	1.0114638447971782	38043.0	1430.0	2717.0	131.0	49.0	4210.0	144.0	90.0	1291.0	1452.0	73.0	258.0	41.0	66.0	5.0
1	6	4	-69.50350087172531	1.0	0.49718248807975723	38043.0	2717.0	1430.0	131.0	49.0	4210.0	1291.0	258.0	144.0	1452.0	41.0	90.0	73.0	66.0	5.0
4	1	6	0.7877467404816305	0.21542236735533105	0.9889173060528559	38043.0	1430.0	4210.0	144.0	90.0	2717.0	131.0	49.0	1291.0	1452.0	73.0	258.0	66.0	41.0	5.0
1	4	7	-0.7029364853502911	0.7589524028981716	1.0106666666666666	37995.0	1478.0	2697.0	138.0	62.0	4209.0	150.0	85.0	1287.0	1455.0	74.0	257.0	42.0	66.0	5.0
1	7	4	-67.30616847229041	1.0	0.4973753280839895	37995.0	2697.0	1478.0	138.0	62.0	4209.0	1287.0	257.0	150.0	1455.0	42.0	85.0	74.0	66.0	5.0
4	1	7	0.7103553400769432	0.2387418358080835	0.9896640826873385	37995.0	1478.0	4209.0	150.0	85.0	2697.0	138.0	62.0	1287.0	1455.0	74.0	257.0	66.0	42.0	5.0
1	4	8	-0.7109834136396909	0.7614528122981984	1.0087579617834395	38145.0	1328.0	2720.0	113.0	64.0	4229.0	124.0	91.0	1391.0	1353.0	72.0	267.0	39.0	61.0	3.0
1	8	4	-82.60334569377491	1.0	0.49783889980353635	38145.0	2720.0	1328.0	113.0	64.0	4229.0	1391.0	267.0	124.0	1353.0	39.0	91.0	72.0	61.0	3.0
4	1	8	0.7171561188883386	0.2366388165003932	0.991466252909232	38145.0	1328.0	4229.0	124.0	91.0	2720.0	113.0	64.0	1391.0	1353.0	72.0	267.0	61.0	39.0	3.0
1	4	9	0.4702374924190261	0.3190926898482913	0.9992520568436799	39341.0	132.0	2882.0	10.0	5.0	4428.0	8.0	8.0	2680.0	130.0	6.0	357.0	7.0	5.0	1.0
1	9	4	-627.7670523794052	1.0	0.5001871958068139	39341.0	2882.0	132.0	10.0	5.0	4428.0	2680.0	357.0	8.0	130.0	7.0	8.0	6.0	5.0	1.0
4	1	9	-0.46988551824805386	0.6807815795096319	1.0007496251874064	39341.0	132.0	4428.0	8.0	8.0	2882.0	10.0	5.0	2680.0	130.0	6.0	357.0	5.0	7.0	1.0
1	5	6	-0.4359776257544564	0.6685734858652527	1.0252707581227436	39019.0	1445.0	1741.0	122.0	43.0	5195.0	129.0	100.0	413.0	1469.0	46.0	151.0	39.0	86.0	2.0
1	6	5	-18.124212727792358	1.0	0.4939130434782608	39019.0	1741.0	1445.0	122.0	43.0	5195.0	413.0	151.0	129.0	1469.0	39.0	100.0	46.0	86.0	2.0
5	1	6	0.4467235531498127	0.327537363962207	0.9765100671140939	39019.0	1445.0	5195.0	129.0	100.0	1741.0	122.0	43.0	413.0	1469.0	46.0	151.0	86.0	39.0	2.0
1	5	7	-0.5432655022301035	0.7065265173145205	1.0330882352941178	38951.0	1513.0	1741.0	128.0	37.0	5181.0	137.0	106.0	418.0	1470.0	40.0	154.0	40.0	80.0	4.0
1	7	5	-17.505221738525556	1.0	0.4921190893169878	38951.0	1741.0	1513.0	128.0	37.0	5181.0	418.0	154.0	137.0	1470.0	40.0	106.0	40.0	80.0	4.0
5	1	7	0.5606654649349823	0.2875127751742166	0.9698996655518395	38951.0	1513.0	5181.0	137.0	106.0	1741.0	128.0	37.0	418.0	1470.0	40.0	154.0	80.0	40.0	4.0
1	5	8	0.5855315681759108	0.2790951307648626	0.9782608695652174	39122.0	1342.0	1743.0	125.0	38.0	5202.0	116.0	106.0	521.0	1367.0	40.0	164.0	33.0	78.0	3.0
1	8	5	-25.763388999740133	1.0	0.5056179775280899	39122.0	1743.0	1342.0	125.0	38.0	5202.0	521.0	164.0	116.0	1367.0	33.0	106.0	40.0	78.0	3.0
5	1	8	-0.5725197555497795	0.7165150842480292	1.0232558139534884	39122.0	1342.0	5202.0	116.0	106.0	1743.0	125.0	38.0	521.0	1367.0	40.0	164.0	78.0	33.0	3.0
1	5	9	0.9988461976482789	0.15893461083978355	0.9972020145495244	40336.0	128.0	1887.0	15.0	4.0	5405.0	10.0	9.0	1792.0	130.0	6.0	268.0	5.0	4.0	1.0
1	9	5	-354.989938644198	1.0	0.500702444506884	40336.0	1887.0	128.0	15.0	4.0	5405.0	1792.0	268.0	10.0	130.0	5.0	9.0	6.0	4.0	1.0
5	1	9	-0.9960435988894453	0.8403855106659944	1.002821670428894	40336.0	128.0	5405.0	10.0	9.0	1887.0	15.0	4.0	1792.0	130.0	6.0	268.0	4.0	5.0	1.0
1	6	7	-99999.9	1.0	-0.0012135922330097088	40001.0	759.0	691.0	894.0	25.0	5633.0	69.0	57.0	68.0	1561.0	8.0	52.0	17.0	165.0	0.0
1	7	6	0.08545552881920555	0.46594955968405005	0.0012091898428053206	40001.0	691.0	759.0	894.0	25.0	5633.0	68.0	52.0	69.0	1561.0	17.0	57.0	8.0	165.0	0.0
6	1	7	-70.50081127584517	1.0	0.5003028467595397	40001.0	759.0	5633.0	69.0	57.0	691.0	894.0	25.0	68.0	1561.0	8.0	52.0	165.0	17.0	0.0
1	6	8	1.242894420180818	0.10695343934926671	0.8723404255319149	39406.0	1354.0	1459.0	126.0	25.0	5538.0	108.0	113.0	231.0	1375.0	31.0	118.0	33.0	82.0	1.0
1	8	6	-7.250217451054773	0.9999999999997904	0.5394736842105263	39406.0	1459.0	1354.0	126.0	25.0	5538.0	231.0	118.0	108.0	1375.0	33.0	113.0	31.0	82.0	1.0
6	1	8	-1.0610074318616742	0.8556567060136651	1.206896551724138	39406.0	1354.0	5538.0	108.0	113.0	1459.0	126.0	25.0	231.0	1375.0	31.0	118.0	82.0	33.0	1.0
1	6	9	0.6535710395986557	0.25669404065805024	0.9979879275653923	40627.0	133.0	1596.0	12.0	2.0	5742.0	9.0	8.0	1497.0	134.0	6.0	226.0	2.0	6.0	0.0
1	9	6	-323.5176646013337	1.0	0.5005045408678103	40627.0	1596.0	133.0	12.0	2.0	5742.0	1497.0	226.0	9.0	134.0	2.0	8.0	6.0	6.0	0.0
6	1	9	-0.6522533560510778	0.742881190351976	1.0020242914979758	40627.0	133.0	5742.0	9.0	8.0	1596.0	12.0	2.0	1497.0	134.0	6.0	226.0	6.0	2.0	0.0
1	7	8	0.6682058473955467	0.25200103608224667	0.9259259259259259	39338.0	1354.0	1527.0	125.0	26.0	5523.0	115.0	115.0	240.0	1375.0	32.0	124.0	26.0	79.0	1.0
1	8	7	-7.684367245048803	0.9999999999999922	0.5208333333333334	39338.0	1527.0	1354.0	125.0	26.0	5523.0	240.0	124.0	115.0	1375.0	26.0	115.0	32.0	79.0	1.0
7	1	8	-0.614749379603903	0.7306399310603503	1.0952380952380953	39338.0	1354.0	5523.0	115.0	115.0	1527.0	125.0	26.0	240.0	1375.0	32.0	124.0	79.0	26.0	1.0
1	7	9	0.8155256444560405	0.20738568947649727	0.9973386560212908	40563.0	129.0	1660.0	14.0	4.0	5734.0	10.0	9.0	1509.0	132.0	6.0	222.0	3.0	5.0	0.0
1	9	7	-304.80270961544613	1.0	0.5006680026720107	40563.0	1660.0	129.0	14.0	4.0	5734.0	1509.0	222.0	10.0	132.0	3.0	9.0	6.0	5.0	0.0
7	1	9	-0.8133494586135962	0.7919911929168271	1.0026827632461435	40563.0	129.0	5734.0	10.0	9.0	1660.0	14.0	4.0	1509.0	132.0	6.0	222.0	5.0	3.0	0.0
1	8	9	1.0895440292634309	0.137957066100319	0.9963556851311953	40733.0	132.0	1490.0	13.0	2.0	5870.0	8.0	9.0	1375.0	135.0	6.0	220.0	2.0	5.0	0.0
1	9	8	-296.79179357135916	1.0	0.5009160864785634	40733.0	1490.0	132.0	13.0	2.0	5870.0	1375.0	220.0	8.0	135.0	2.0	9.0	6.0	5.0	0.0
8	1	9	-1.0855588645623941	0.8611628563190024	1.0036845983787768	40733.0	132.0	5870.0	8.0	9.0	1490.0	13.0	2.0	1375.0	135.0	6.0	220.0	5.0	2.0	0.0
2	3	4	0.5424728077333427	0.2937463941130247	0.9558232931726908	37369.0	2543.0	2838.0	220.0	124.0	3120.0	209.0	115.0	447.0	2556.0	99.0	143.0	95.0	115.0	7.0
2	4	3	-11.194666123224412	1.0	0.5118279569892473	37369.0	2838.0	2543.0	220.0	124.0	3120.0	447.0	143.0	209.0	2556.0	95.0	115.0	99.0	115.0	7.0
3	2	4	-0.5174005351070118	0.6975617175711412	1.0509259259259258	37369.0	2543.0	3120.0	209.0	115.0	2838.0	220.0	124.0	447.0	2556.0	99.0	143.0	115.0	95.0	7.0
2	3	5	0.1217978851744212	0.4515295030379567	0.998262380538662	38176.0	1736.0	2977.0	136.0	69.0	3237.0	134.0	73.0	1283.0	1718.0	101.0	215.0	67.0	72.0	6.0
2	5	3	-69.85108714753034	1.0	0.5004355400696864	38176.0	2977.0	1736.0	136.0	69.0	3237.0	1283.0	215.0	134.0	1718.0	67.0	73.0	101.0	72.0	6.0
3	2	5	-0.12158587841171549	0.548386542615642	1.0017467248908296	38176.0	1736.0	3237.0	134.0	73.0	2977.0	136.0	69.0	1283.0	1718.0	101.0	215.0	72.0	67.0	6.0
2	3	6	-1.0347522036371501	0.8496076522966368	1.011173184357542	38417.0	1495.0	3026.0	110.0	46.0	3262.0	126.0	56.0	1574.0	1447.0	81.0	240.0	53.0	58.0	9.0
2	6	3	-94.67982663279928	1.0	0.49725274725274726	38417.0	3026.0	1495.0	110.0	46.0	3262.0	1574.0	240.0	126.0	1447.0	53.0	56.0	81.0	58.0	9.0
3	2	6	1.0461859296441904	0.14773762594598683	0.9891891891891892	38417.0	1495.0	3262.0	126.0	56.0	3026.0	110.0	46.0	1574.0	1447.0	81.0	240.0	58.0	53.0	9.0
2	3	7	-0.9603911772527001	0.8315708172830566	1.0104895104895104	38370.0	1542.0	3016.0	113.0	53.0	3246.0	128.0	70.0	1573.0	1448.0	81.0	240.0	54.0	58.0	8.0
2	7	3	-93.47807458592933	1.0	0.49741824440619625	38370.0	3016.0	1542.0	113.0	53.0	3246.0	1573.0	240.0	128.0	1448.0	54.0	70.0	81.0	58.0	8.0
3	2	7	0.9703606358400985	0.1659333796277973	0.9898305084745763	38370.0	1542.0	3246.0	128.0	70.0	3016.0	113.0	53.0	1573.0	1448.0	81.0	240.0	58.0	54.0	8.0
2	3	8	0.2663446665733714	0.3949869492929574	0.9974522292993631	38540.0	1372.0	3019.0	115.0	48.0	3267.0	111.0	66.0	1677.0	1347.0	78.0	249.0	54.0	52.0	5.0
2	8	3	-104.00759229690125	1.0	0.5006393861892584	38540.0	3019.0	1372.0	115.0	48.0	3267.0	1677.0	249.0	111.0	1347.0	54.0	66.0	78.0	52.0	5.0
3	2	8	-0.2656643481402338	0.6047510774645377	1.0025673940949935	38540.0	1372.0	3267.0	111.0	66.0	3019.0	115.0	48.0	1677.0	1347.0	78.0	249.0	52.0	54.0	5.0
2	3	9	-1.2075052966035202	0.8863811310873692	1.00169664065151	39777.0	135.0	3169.0	6.0	7.0	3427.0	11.0	6.0	2963.0	132.0	7.0	352.0	4.0	4.0	0.0
2	9	3	-714.1186324113206	1.0	0.4995769165679472	39777.0	3169.0	135.0	6.0	7.0	3427.0	2963.0	352.0	11.0	132.0	4.0	6.0	7.0	4.0	0.0
3	2	9	1.2095505291519677	0.11322577131365785	0.9983119513841998	39777.0	135.0	3427.0	11.0	6.0	3169.0	6.0	7.0	2963.0	132.0	7.0	352.0	4.0	4.0	0.0
2	4	5	-0.18056770910323505	0.5716465388493264	1.0033222591362125	38470.0	1737.0	2683.0	136.0	68.0	3488.0	139.0	83.0	1045.0	1729.0	86.0	202.0	51.0	74.0	9.0
2	5	4	-54.7120158582805	1.0	0.4991735537190083	38470.0	2683.0	1737.0	136.0	68.0	3488.0	1045.0	202.0	139.0	1729.0	51.0	83.0	86.0	74.0	9.0
4	2	5	0.18116561542476894	0.4281188012952586	0.9967105263157895	38470.0	1737.0	3488.0	139.0	83.0	2683.0	136.0	68.0	1045.0	1729.0	86.0	202.0	74.0	51.0	9.0
2	4	6	-0.2514931944328843	0.5992835327470969	1.0033416875522139	38728.0	1479.0	2715.0	124.0	48.0	3525.0	128.0	57.0	1329.0	1459.0	72.0	222.0	39.0	66.0	9.0
2	6	4	-75.76232482290614	1.0	0.499168744804655	38728.0	2715.0	1479.0	124.0	48.0	3525.0	1329.0	222.0	128.0	1459.0	39.0	57.0	72.0	66.0	9.0
4	2	6	0.2523308070704626	0.4003927448866411	0.9966914805624483	38728.0	1479.0	3525.0	128.0	57.0	2715.0	124.0	48.0	1329.0	1459.0	72.0	222.0	66.0	39.0	9.0
2	4	7	0.31124941521016813	0.3778055786080199	0.9958298582151793	38690.0	1517.0	2696.0	132.0	59.0	3514.0	127.0	69.0	1321.0	1464.0	75.0	224.0	39.0	63.0	10.0
2	7	4	-74.01511093697776	1.0	0.5010490977759127	38690.0	2696.0	1517.0	132.0	59.0	3514.0	1321.0	224.0	127.0	1464.0	39.0	69.0	75.0	63.0	10.0
4	2	7	-0.30994602569923774	0.6216989303209113	1.004222972972973	38690.0	1517.0	3514.0	127.0	69.0	2696.0	132.0	59.0	1321.0	1464.0	75.0	224.0	63.0	39.0	10.0
2	4	8	-0.13853471986784116	0.5550911114897927	1.001516300227445	38837.0	1370.0	2722.0	103.0	62.0	3537.0	105.0	68.0	1426.0	1367.0	67.0	230.0	40.0	57.0	9.0
2	8	4	-91.64071719257663	1.0	0.4996217851739788	38837.0	2722.0	1370.0	103.0	62.0	3537.0	1426.0	230.0	105.0	1367.0	40.0	68.0	67.0	57.0	9.0
4	2	8	0.13874446206294766	0.4448260139675879	0.9984905660377359	38837.0	1370.0	3537.0	105.0	68.0	2722.0	103.0	62.0	1426.0	1367.0	67.0	230.0	57.0	40.0	9.0
2	4	9	-0.2762307653342579	0.6088145214526208	1.00036886757654	40071.0	136.0	2875.0	6.0	6.0	3698.0	7.0	5.0	2719.0	134.0	7.0	325.0	6.0	5.0	0.0
2	9	4	-749.414066351875	1.0	0.4999078341013825	40071.0	2875.0	136.0	6.0	6.0	3698.0	2719.0	325.0	7.0	134.0	6.0	5.0	7.0	5.0	0.0
4	2	9	0.2763326203362248	0.3911463659239087	0.9996315401621223	40071.0	136.0	3698.0	7.0	5.0	2875.0	6.0	6.0	2719.0	134.0	7.0	325.0	5.0	6.0	0.0
2	5	6	0.6056511816025604	0.27237315396235817	0.9698996655518395	39661.0	1492.0	1782.0	118.0	41.0	4553.0	109.0	73.0	399.0	1475.0	45.0	124.0	42.0	84.0	2.0
2	6	5	-18.909775781146603	1.0	0.5078809106830122	39661.0	1782.0	1492.0	118.0	41.0	4553.0	399.0	124.0	109.0	1475.0	42.0	73.0	45.0	84.0	2.0
5	2	6	-0.5868551104493774	0.7213495329228631	1.0330882352941178	39661.0	1492.0	4553.0	109.0	73.0	1782.0	118.0	41.0	399.0	1475.0	45.0	124.0	84.0	42.0	2.0
2	5	7	0.7357319791862931	0.23094684302880064	0.9636963696369637	39600.0	1553.0	1786.0	121.0	34.0	4532.0	110.0	93.0	402.0	1477.0	40.0	125.0	43.0	80.0	4.0
2	7	5	-18.79460783194075	1.0	0.5095986038394416	39600.0	1786.0	1553.0	121.0	34.0	4532.0	402.0	125.0	110.0	1477.0	43.0	93.0	40.0	80.0	4.0
5	2	7	-0.7080160484635217	0.7605324235582541	1.0407407407407407	39600.0	1553.0	4532.0	110.0	93.0	1786.0	121.0	34.0	402.0	1477.0	40.0	125.0	80.0	43.0	4.0
2	5	8	1.313434989390391	0.09451827381112166	0.9559164733178654	39772.0	1381.0	1787.0	118.0	36.0	4552.0	99.0	84.0	511.0	1374.0	34.0	130.0	39.0	78.0	5.0
2	8	5	-27.167365833180217	1.0	0.5118012422360249	39772.0	1787.0	1381.0	118.0	36.0	4552.0	511.0	130.0	99.0	1374.0	39.0	84.0	34.0	78.0	5.0
5	2	8	-1.2528639583262708	0.8948723211548544	1.0508021390374331	39772.0	1381.0	4552.0	99.0	84.0	1787.0	118.0	36.0	511.0	1374.0	34.0	130.0	78.0	39.0	5.0
2	5	9	0.6868405259869773	0.246091546373157	0.9983127109111362	41020.0	133.0	1926.0	11.0	4.0	4721.0	8.0	6.0	1783.0	132.0	4.0	238.0	7.0	6.0	1.0
2	9	5	-405.69380401630826	1.0	0.5004228925852834	41020.0	1926.0	133.0	11.0	4.0	4721.0	1783.0	238.0	8.0	132.0	7.0	6.0	4.0	6.0	1.0
5	2	9	-0.6856796687599571	0.7535425026851769	1.001695873374788	41020.0	133.0	4721.0	8.0	6.0	1926.0	11.0	4.0	1783.0	132.0	4.0	238.0	6.0	7.0	1.0
2	6	7	0.5585931295217843	0.28821968398236986	0.006968641114982578	40671.0	772.0	715.0	910.0	26.0	4963.0	55.0	58.0	61.0	1559.0	6.0	35.0	16.0	151.0	2.0
2	7	6	-99999.9	1.0	-0.007117437722419929	40671.0	715.0	772.0	910.0	26.0	4963.0	61.0	35.0	55.0	1559.0	16.0	58.0	6.0	151.0	2.0
6	2	7	-79.04092782733248	1.0	0.4982394366197183	40671.0	772.0	4963.0	55.0	58.0	715.0	910.0	26.0	61.0	1559.0	6.0	35.0	151.0	16.0	2.0
2	6	8	1.864526132490773	0.031123865377682414	0.821917808219178	40056.0	1387.0	1503.0	124.0	24.0	4888.0	98.0	90.0	218.0	1379.0	29.0	87.0	35.0	80.0	2.0
2	8	6	-6.740979094389718	0.9999999999920894	0.5607476635514019	40056.0	1503.0	1387.0	124.0	24.0	4888.0	218.0	87.0	98.0	1379.0	35.0	90.0	29.0	80.0	2.0
6	2	8	-1.4605454704511054	0.927929849343206	1.3823529411764706	40056.0	1387.0	4888.0	98.0	90.0	1503.0	124.0	24.0	218.0	1379.0	29.0	87.0	80.0	35.0	2.0
2	6	9	0.47034824945540743	0.3190531300176985	0.9986477349560514	41307.0	136.0	1639.0	10.0	2.0	5062.0	8.0	6.0	1485.0	136.0	5.0	195.0	3.0	6.0	0.0
2	9	6	-346.88183397336667	1.0	0.5003387533875339	41307.0	1639.0	136.0	10.0	2.0	5062.0	1485.0	195.0	8.0	136.0	3.0	6.0	5.0	6.0	0.0
6	2	9	-0.4697113527059755	0.6807193571803178	1.001357773251867	41307.0	136.0	5062.0	8.0	6.0	1639.0	10.0	2.0	1485.0	136.0	5.0	195.0	6.0	3.0	0.0
2	7	8	1.257971162558043	0.1042011614937366	0.8636363636363636	39998.0	1388.0	1561.0	124.0	23.0	4863.0	106.0	90.0	220.0	1378.0	32.0	110.0	28.0	77.0	2.0
2	8	7	-6.709179533642896	0.9999999999901595	0.5428571428571428	39998.0	1561.0	1388.0	124.0	23.0	4863.0	220.0	110.0	106.0	1378.0	28.0	90.0	32.0	77.0	2.0
7	2	8	-1.0593441368909837	0.8552784279698864	1.2307692307692308	39998.0	1388.0	4863.0	106.0	90.0	1561.0	124.0	23.0	220.0	1378.0	32.0	110.0	77.0	28.0	2.0
2	7	9	0.8929225733884422	0.1859492869871877	0.9973082099596231	41254.0	132.0	1692.0	12.0	4.0	5043.0	8.0	8.0	1490.0	135.0	5.0	209.0	4.0	4.0	0.0
2	9	7	-329.93489086702726	1.0	0.5006756756756756	41254.0	1692.0	132.0	12.0	4.0	5043.0	1490.0	209.0	8.0	135.0	4.0	8.0	5.0	4.0	0.0
7	2	9	-0.8905125259568943	0.8134046599341163	1.0027137042062415	41254.0	132.0	5043.0	8.0	8.0	1692.0	12.0	4.0	1490.0	135.0	5.0	209.0	4.0	4.0	0.0
2	8	9	0.9976230915457766	0.15923108870221336	0.9970738844184345	41423.0	136.0	1523.0	10.0	2.0	5180.0	6.0	7.0	1369.0	138.0	5.0	193.0	3.0	5.0	0.0
2	9	8	-338.942445352678	1.0	0.5007347538574578	41423.0	1523.0	136.0	10.0	2.0	5180.0	1369.0	193.0	6.0	138.0	3.0	7.0	5.0	5.0	0.0
8	2	9	-0.994695364204483	0.8400577672484347	1.0029520295202952	41423.0	136.0	5180.0	6.0	7.0	1523.0	10.0	2.0	1369.0	138.0	5.0	193.0	5.0	3.0	0.0
3	4	5	-0.4203784559499713	0.662895457782489	1.007534983853606	38750.0	1739.0	2663.0	134.0	70.0	3208.0	141.0	79.0	1077.0	1729.0	85.0	190.0	56.0	76.0	3.0
3	5	4	-56.630983422974715	1.0	0.4981373070782331	38750.0	2663.0	1739.0	134.0	70.0	3208.0	1077.0	190.0	141.0	1729.0	56.0	79.0	85.0	76.0	3.0
4	3	5	0.4235223119239561	0.3359571503461052	0.9926315789473684	38750.0	1739.0	3208.0	141.0	79.0	2663.0	134.0	70.0	1077.0	1729.0	85.0	190.0	76.0	56.0	3.0
3	4	6	0.7172341293190909	0.23661475243667573	0.9912280701754386	38982.0	1507.0	2697.0	124.0	46.0	3271.0	113.0	44.0	1356.0	1461.0	74.0	213.0	41.0	64.0	7.0
3	6	4	-80.3302224837381	1.0	0.5022222222222222	38982.0	2697.0	1507.0	124.0	46.0	3271.0	1356.0	213.0	113.0	1461.0	41.0	44.0	74.0	64.0	7.0
4	3	6	-0.7108869246348511	0.7614229147585982	1.009009009009009	38982.0	1507.0	3271.0	113.0	44.0	2697.0	124.0	46.0	1356.0	1461.0	74.0	213.0	64.0	41.0	7.0
3	4	7	1.308799604819305	0.0953011877021277	0.9833068362480127	38948.0	1541.0	2668.0	141.0	58.0	3256.0	120.0	52.0	1357.0	1457.0	77.0	216.0	42.0	61.0	6.0
3	7	4	-75.78572949810825	1.0	0.5042804728903384	38948.0	2668.0	1541.0	141.0	58.0	3256.0	1357.0	216.0	120.0	1457.0	42.0	52.0	77.0	61.0	6.0
4	3	7	-1.2865806947940783	0.9008796935170529	1.0175732217573221	38948.0	1541.0	3256.0	120.0	52.0	2668.0	141.0	58.0	1357.0	1457.0	77.0	216.0	61.0	42.0	6.0
3	4	8	-0.47160170370343235	0.681394430887684	1.0052160953800298	39113.0	1376.0	2694.0	106.0	67.0	3261.0	113.0	54.0	1462.0	1361.0	68.0	222.0	40.0	60.0	3.0
3	8	4	-91.35598717455063	1.0	0.4987060998151571	39113.0	2694.0	1376.0	106.0	67.0	3261.0	1462.0	222.0	113.0	1361.0	40.0	54.0	68.0	60.0	3.0
4	3	8	0.47404885857809803	0.3177325457932507	0.9948642699926632	39113.0	1376.0	3261.0	113.0	54.0	2694.0	106.0	67.0	1462.0	1361.0	68.0	222.0	60.0	40.0	3.0
3	4	9	1.5008844204279943	0.06669275867887303	0.9981851179673321	40350.0	139.0	2854.0	8.0	5.0	3419.0	3.0	6.0	2753.0	132.0	6.0	312.0	7.0	5.0	1.0
3	9	4	-823.9855468149541	1.0	0.5004549590536852	40350.0	2854.0	139.0	8.0	5.0	3419.0	2753.0	312.0	3.0	132.0	7.0	6.0	6.0	5.0	1.0
4	3	9	-1.49815553966358	0.9329535477923959	1.0018248175182483	40350.0	139.0	3419.0	3.0	6.0	2854.0	8.0	5.0	2753.0	132.0	6.0	312.0	5.0	7.0	1.0
3	5	6	1.6351213789340793	0.051011791638405746	0.9298780487804879	39894.0	1519.0	1785.0	116.0	42.0	4320.0	93.0	62.0	398.0	1483.0	45.0	122.0	39.0	78.0	4.0
3	6	5	-20.04800995040915	1.0	0.5195911413969336	39894.0	1785.0	1519.0	116.0	42.0	4320.0	398.0	122.0	93.0	1483.0	39.0	62.0	45.0	78.0	4.0
5	3	6	-1.5118171438013455	0.934709780280582	1.0888030888030888	39894.0	1519.0	4320.0	93.0	62.0	1785.0	116.0	42.0	398.0	1483.0	45.0	122.0	78.0	39.0	4.0
3	5	7	1.5767485017163976	0.05742670945970929	0.9300911854103343	39833.0	1580.0	1783.0	124.0	36.0	4299.0	101.0	75.0	407.0	1478.0	41.0	123.0	40.0	76.0	4.0
3	7	5	-19.400861999380005	1.0	0.5195246179966044	39833.0	1783.0	1580.0	124.0	36.0	4299.0	407.0	123.0	101.0	1478.0	40.0	75.0	41.0	76.0	4.0
5	3	7	-1.4582347254435963	0.9276120312648953	1.0884615384615384	39833.0	1580.0	4299.0	101.0	75.0	1783.0	124.0	36.0	407.0	1478.0	41.0	123.0	76.0	40.0	4.0
3	5	8	1.0200310291826866	0.15385689000724478	0.9643705463182898	40020.0	1393.0	1787.0	119.0	37.0	4304.0	104.0	67.0	510.0	1376.0	40.0	131.0	34.0	75.0	3.0
3	8	5	-26.588808827362037	1.0	0.5094102885821832	40020.0	1787.0	1393.0	119.0	37.0	4304.0	510.0	131.0	104.0	1376.0	34.0	67.0	40.0	75.0	3.0
5	3	8	-0.9823451537202723	0.837035078720896	1.0398936170212767	40020.0	1393.0	4304.0	104.0	67.0	1787.0	119.0	37.0	510.0	1376.0	40.0	131.0	75.0	34.0	3.0
3	5	9	2.17612675369553	0.0147728398902226	0.9949804796430564	41279.0	134.0	1925.0	13.0	5.0	4462.0	4.0	9.0	1788.0	133.0	5.0	234.0	5.0	3.0	1.0
3	9	5	-429.1805542010619	1.0	0.5012644001123912	41279.0	1925.0	134.0	13.0	5.0	4462.0	1788.0	234.0	4.0	133.0	5.0	9.0	5.0	3.0	1.0
5	3	9	-2.165148535767694	0.9848118977821341	1.0050962627406568	41279.0	134.0	4462.0	4.0	9.0	1925.0	13.0	5.0	1788.0	133.0	5.0	234.0	3.0	5.0	1.0
3	6	7	0.38201854066054935	0.35122386230776936	0.004550625711035267	40894.0	785.0	722.0	928.0	27.0	4740.0	53.0	47.0	57.0	1551.0	7.0	32.0	15.0	141.0	1.0
3	7	6	-99999.9	1.0	-0.00461361014994233	40894.0	722.0	785.0	928.0	27.0	4740.0	57.0	32.0	53.0	1551.0	15.0	47.0	7.0	141.0	1.0
6	3	7	-83.18453722883454	1.0	0.49885452462772045	40894.0	785.0	4740.0	53.0	47.0	722.0	928.0	27.0	57.0	1551.0	7.0	32.0	141.0	15.0	1.0
3	6	8	1.660409960808501	0.048415985404328454	0.8174603174603174	40275.0	1404.0	1532.0	122.0	23.0	4669.0	99.0	72.0	202.0	1383.0	30.0	74.0	32.0	78.0	5.0
3	8	6	-5.775338994116527	0.9999999961483643	0.5628415300546449	40275.0	1532.0	1404.0	122.0	23.0	4669.0	202.0	74.0	99.0	1383.0	32.0	72.0	30.0	78.0	5.0
6	3	8	-1.289638804511457	0.9014118836596189	1.4035087719298245	40275.0	1404.0	4669.0	99.0	72.0	1532.0	122.0	23.0	202.0	1383.0	30.0	74.0	78.0	32.0	5.0
3	6	9	1.9937979910171282	0.023086998448904494	0.994583615436696	41541.0	138.0	1663.0	12.0	2.0	4828.0	4.0	8.0	1473.0	136.0	6.0	183.0	2.0	4.0	0.0
3	9	6	-364.1173581095041	1.0	0.5013651877133105	41541.0	1663.0	138.0	12.0	2.0	4828.0	1473.0	183.0	4.0	136.0	2.0	8.0	6.0	4.0	0.0
6	3	9	-1.9829400033192814	0.9763130034572582	1.0055058499655884	41541.0	138.0	4828.0	4.0	8.0	1663.0	12.0	2.0	1473.0	136.0	6.0	183.0	4.0	2.0	0.0
3	7	8	1.0490516585254586	0.1470771997233291	0.8717948717948718	40215.0	1401.0	1592.0	122.0	26.0	4646.0	107.0	76.0	209.0	1381.0	29.0	90.0	26.0	76.0	4.0
3	8	7	-6.0844996194476595	0.9999999994135049	0.5396825396825397	40215.0	1592.0	1401.0	122.0	26.0	4646.0	209.0	90.0	107.0	1381.0	26.0	76.0	29.0	76.0	4.0
7	3	8	-0.8947793558011266	0.8145475071217864	1.2083333333333333	40215.0	1401.0	4646.0	107.0	76.0	1592.0	122.0	26.0	209.0	1381.0	29.0	90.0	76.0	26.0	4.0
3	7	9	2.059671509656496	0.019714911226688225	0.9939271255060729	41481.0	135.0	1723.0	14.0	3.0	4816.0	5.0	8.0	1478.0	134.0	7.0	190.0	3.0	3.0	0.0
3	9	7	-335.03989890412606	1.0	0.5015321756894789	41481.0	1723.0	135.0	14.0	3.0	4816.0	1478.0	190.0	5.0	134.0	3.0	8.0	7.0	3.0	0.0
7	3	9	-2.047086958680998	0.9796752934670432	1.0061855670103093	41481.0	135.0	4816.0	5.0	8.0	1723.0	14.0	3.0	1478.0	134.0	7.0	190.0	3.0	3.0	0.0
3	8	9	2.3146005396561797	0.010317376230254749	0.9934640522875817	41669.0	138.0	1535.0	12.0	2.0	4934.0	3.0	8.0	1371.0	137.0	6.0	179.0	2.0	4.0	0.0
3	9	8	-349.50468148808216	1.0	0.5016501650165017	41669.0	1535.0	138.0	12.0	2.0	4934.0	1371.0	179.0	3.0	137.0	2.0	8.0	6.0	4.0	0.0
8	3	9	-2.2993729045268627	0.9892581420763469	1.0066666666666666	41669.0	138.0	4934.0	3.0	8.0	1535.0	12.0	2.0	1371.0	137.0	6.0	179.0	4.0	2.0	0.0
4	5	6	0.6782796887654186	0.24879712019084865	0.9668874172185431	40452.0	1506.0	1801.0	117.0	41.0	3762.0	107.0	61.0	399.0	1498.0	42.0	105.0	44.0	62.0	3.0
4	6	5	-19.127487223184833	1.0	0.5087108013937283	40452.0	1801.0	1506.0	117.0	41.0	3762.0	399.0	105.0	107.0	1498.0	44.0	61.0	42.0	62.0	3.0
5	4	6	-0.6550509323008494	0.7437825821695256	1.036764705882353	40452.0	1506.0	3762.0	107.0	61.0	1801.0	117.0	41.0	399.0	1498.0	42.0	105.0	62.0	44.0	3.0
4	5	7	-0.12914543472018	0.5513787497081938	1.0071428571428571	40398.0	1560.0	1806.0	118.0	35.0	3734.0	120.0	76.0	402.0	1497.0	40.0	105.0	42.0	63.0	4.0
4	7	5	-18.338651730265497	1.0	0.49823321554770317	40398.0	1806.0	1560.0	118.0	35.0	3734.0	402.0	105.0	120.0	1497.0	42.0	76.0	40.0	63.0	4.0
5	4	7	0.13006135978911745	0.4482589058177737	0.993006993006993	40398.0	1560.0	3734.0	120.0	76.0	1806.0	118.0	35.0	402.0	1497.0	40.0	105.0	63.0	42.0	4.0
4	5	8	1.412861177634627	0.07884832486647264	0.9537037037037037	40565.0	1393.0	1809.0	114.0	36.0	3759.0	94.0	77.0	506.0	1395.0	38.0	113.0	38.0	61.0	2.0
4	8	5	-27.69207908163867	1.0	0.5124378109452736	40565.0	1809.0	1393.0	114.0	36.0	3759.0	506.0	113.0	94.0	1395.0	38.0	77.0	38.0	61.0	2.0
5	4	8	-1.3442756835746934	0.9105703083840806	1.053763440860215	40565.0	1393.0	3759.0	94.0	77.0	1809.0	114.0	36.0	506.0	1395.0	38.0	113.0	61.0	38.0	2.0
4	5	9	0.5328359149754958	0.29707356638028504	0.9988876529477196	41822.0	136.0	1947.0	8.0	4.0	3919.0	6.0	5.0	1802.0	133.0	4.0	198.0	6.0	8.0	2.0
4	9	5	-477.95381573302063	1.0	0.5002785515320335	41822.0	1947.0	136.0	8.0	4.0	3919.0	1802.0	198.0	6.0	133.0	6.0	5.0	4.0	8.0	2.0
5	4	9	-0.5322425564955677	0.7027210123945479	1.0011160714285714	41822.0	136.0	3919.0	6.0	5.0	1947.0	8.0	4.0	1802.0	133.0	4.0	198.0	8.0	6.0	2.0
4	6	7	-99999.9	1.0	-0.0070838252656434475	41474.0	779.0	730.0	906.0	28.0	4160.0	53.0	53.0	47.0	1593.0	9.0	34.0	13.0	121.0	0.0
4	7	6	0.6015382223281195	0.27374073234413143	0.006936416184971098	41474.0	730.0	779.0	906.0	28.0	4160.0	47.0	34.0	53.0	1593.0	13.0	53.0	9.0	121.0	0.0
6	4	7	-85.51868394098102	1.0	0.5017523364485982	41474.0	779.0	4160.0	53.0	53.0	730.0	906.0	28.0	47.0	1593.0	9.0	34.0	121.0	13.0	0.0
4	6	8	1.9156924689802008	0.02770205870923692	0.8194444444444444	40853.0	1400.0	1521.0	118.0	25.0	4091.0	92.0	83.0	210.0	1406.0	33.0	77.0	29.0	59.0	3.0
4	8	6	-6.778604121006867	0.9999999999938978	0.5619047619047619	40853.0	1521.0	1400.0	118.0	25.0	4091.0	210.0	77.0	92.0	1406.0	29.0	83.0	33.0	59.0	3.0
6	4	8	-1.4935907385269365	0.9323586576683445	1.393939393939394	40853.0	1400.0	4091.0	92.0	83.0	1521.0	118.0	25.0	210.0	1406.0	33.0	77.0	59.0	29.0	3.0
4	6	9	0.575215742222982	0.2825726603932882	0.9986693280106453	42114.0	139.0	1655.0	7.0	2.0	4255.0	5.0	6.0	1506.0	138.0	5.0	158.0	2.0	7.0	1.0
4	9	6	-431.1241987961251	1.0	0.5003333333333334	42114.0	1655.0	139.0	7.0	2.0	4255.0	1506.0	158.0	5.0	138.0	2.0	6.0	5.0	7.0	1.0
6	4	9	-0.5744492988622586	0.7171681377087531	1.0013360053440215	42114.0	139.0	4255.0	5.0	6.0	1655.0	7.0	2.0	1506.0	138.0	5.0	158.0	7.0	2.0	1.0
4	7	8	1.2803868829659724	0.10020462104796724	0.8732394366197184	40804.0	1400.0	1570.0	119.0	24.0	4057.0	101.0	83.0	225.0	1401.0	33.0	96.0	25.0	59.0	3.0
4	8	7	-7.540056088577395	0.9999999999999762	0.5391304347826086	40804.0	1570.0	1400.0	119.0	24.0	4057.0	225.0	96.0	101.0	1401.0	25.0	83.0	33.0	59.0	3.0
7	4	8	-1.094524270922525	0.8631374030374724	1.2045454545454546	40804.0	1400.0	4057.0	101.0	83.0	1570.0	119.0	24.0	225.0	1401.0	33.0	96.0	59.0	25.0	3.0
4	7	9	0.2763668753177041	0.39113321215654806	0.9993390614672836	42067.0	137.0	1702.0	7.0	4.0	4230.0	6.0	5.0	1518.0	136.0	5.0	171.0	3.0	8.0	1.0
4	9	7	-417.5903486050491	1.0	0.5001653986106516	42067.0	1702.0	137.0	7.0	4.0	4230.0	1518.0	171.0	6.0	136.0	3.0	5.0	5.0	8.0	1.0
7	4	9	-0.27618409299275853	0.6087965987671132	1.0006622516556292	42067.0	137.0	4230.0	6.0	5.0	1702.0	7.0	4.0	1518.0	136.0	5.0	171.0	8.0	3.0	1.0
4	8	9	1.2590100667263537	0.10401341664542552	0.9971077368040492	42235.0	139.0	1534.0	7.0	2.0	4368.0	3.0	7.0	1382.0	140.0	5.0	169.0	2.0	6.0	1.0
4	9	8	-432.7847104371769	1.0	0.500726216412491	42235.0	1534.0	139.0	7.0	2.0	4368.0	1382.0	169.0	3.0	140.0	2.0	7.0	5.0	6.0	1.0
8	4	9	-1.255358115843899	0.8953255379233211	1.0029175784099198	42235.0	139.0	4368.0	3.0	7.0	1534.0	7.0	2.0	1382.0	140.0	5.0	169.0	6.0	2.0	1.0
5	6	7	0.3724035636313389	0.3547962598672112	0.003460207612456747	43379.0	835.0	753.0	895.0	26.0	2255.0	31.0	19.0	34.0	1633.0	10.0	24.0	14.0	92.0	0.0
5	7	6	-99999.9	1.0	-0.0034965034965034965	43379.0	753.0	835.0	895.0	26.0	2255.0	34.0	24.0	31.0	1633.0	14.0	19.0	10.0	92.0	0.0
6	5	7	-106.87982276219437	1.0	0.4991304347826087	43379.0	835.0	2255.0	31.0	19.0	753.0	895.0	26.0	34.0	1633.0	10.0	24.0	92.0	14.0	0.0
5	6	8	0.5341470763892541	0.29661987151105806	0.9504132231404959	42746.0	1468.0	1578.0	69.0	27.0	2198.0	63.0	44.0	178.0	1472.0	27.0	52.0	35.0	42.0	1.0
5	8	6	-9.703671887738128	1.0	0.5133928571428571	42746.0	1578.0	1468.0	69.0	27.0	2198.0	178.0	52.0	63.0	1472.0	35.0	44.0	27.0	42.0	1.0
6	5	8	-0.506278533273293	0.6936694394891024	1.058252427184466	42746.0	1468.0	2198.0	63.0	44.0	1578.0	69.0	27.0	178.0	1472.0	27.0	52.0	42.0	35.0	1.0
5	6	9	-0.5321753422415736	0.7026977386687122	1.0013131976362442	44075.0	139.0	1666.0	6.0	2.0	2294.0	8.0	3.0	1533.0	139.0	5.0	120.0	2.0	7.0	1.0
5	9	6	-406.3158738014421	1.0	0.4996723460026212	44075.0	1666.0	139.0	6.0	2.0	2294.0	1533.0	120.0	8.0	139.0	2.0	3.0	5.0	7.0	1.0
6	5	9	0.5328732771166445	0.29706063374694636	0.9986919555264879	44075.0	139.0	2294.0	8.0	3.0	1666.0	6.0	2.0	1533.0	139.0	5.0	120.0	7.0	2.0	1.0
5	7	8	-0.2438561190520181	0.5963288202128609	1.0277777777777777	42667.0	1465.0	1657.0	72.0	27.0	2194.0	75.0	44.0	186.0	1465.0	27.0	48.0	30.0	42.0	1.0
5	8	7	-9.266532523976702	1.0	0.4933333333333333	42667.0	1657.0	1465.0	72.0	27.0	2194.0	186.0	48.0	75.0	1465.0	30.0	44.0	27.0	42.0	1.0
7	5	8	0.2504468249723429	0.40112096619656556	0.9743589743589743	42667.0	1465.0	2194.0	75.0	44.0	1657.0	72.0	27.0	186.0	1465.0	27.0	48.0	42.0	30.0	1.0
5	7	9	-0.46972460428922647	0.6807240916159147	1.001311475409836	43997.0	135.0	1744.0	8.0	4.0	2300.0	10.0	3.0	1537.0	136.0	5.0	110.0	3.0	7.0	1.0
5	9	7	-359.10445997911626	1.0	0.49967277486910994	43997.0	1744.0	135.0	8.0	4.0	2300.0	1537.0	110.0	10.0	136.0	3.0	3.0	5.0	7.0	1.0
7	5	9	0.47033982970414356	0.3190561372841345	0.9986936642717178	43997.0	135.0	2300.0	10.0	3.0	1744.0	8.0	4.0	1537.0	136.0	5.0	110.0	7.0	3.0	1.0
5	8	9	-0.2761770220622049	0.6087938834329133	1.0007067137809187	44185.0	139.0	1556.0	6.0	2.0	2418.0	7.0	3.0	1423.0	141.0	6.0	106.0	1.0	6.0	1.0
5	9	8	-391.34284026214624	1.0	0.49982350864807623	44185.0	1556.0	139.0	6.0	2.0	2418.0	1423.0	106.0	7.0	141.0	1.0	3.0	6.0	6.0	1.0
8	5	9	0.2763720623320229	0.3911312203759405	0.9992947813822285	44185.0	139.0	2418.0	7.0	3.0	1556.0	6.0	2.0	1423.0	141.0	6.0	106.0	6.0	1.0	1.0
6	7	8	-1.183878325787817	0.8817693218210491	1.0092307692307692	44098.0	1536.0	846.0	24.0	15.0	763.0	33.0	15.0	1017.0	1542.0	61.0	28.0	8.0	13.0	1.0
6	8	7	-130.62124194525612	1.0	0.4977238239757208	44098.0	846.0	1536.0	24.0	15.0	763.0	1017.0	28.0	33.0	1542.0	8.0	15.0	61.0	13.0	1.0
7	6	8	1.194706481206608	0.11610092882018574	0.9910179640718563	44098.0	1536.0	763.0	33.0	15.0	846.0	24.0	15.0	1017.0	1542.0	61.0	28.0	13.0	8.0	1.0
6	7	9	-0.4426820540448801	0.6710021084297058	1.0004070004070005	45489.0	145.0	880.0	2.0	3.0	808.0	3.0	0.0	2461.0	149.0	10.0	50.0	0.0	0.0	0.0
6	9	7	-1088.555170896366	1.0	0.4998983119788489	45489.0	880.0	145.0	2.0	3.0	808.0	2461.0	50.0	3.0	149.0	0.0	0.0	10.0	0.0	0.0
7	6	9	0.44286215252089506	0.32893275128968746	0.9995934959349594	45489.0	145.0	808.0	3.0	0.0	880.0	2.0	3.0	2461.0	149.0	10.0	50.0	0.0	0.0	0.0
6	8	9	0.3753877247762585	0.3536861247791523	0.9992997198879552	44800.0	144.0	1569.0	4.0	2.0	1803.0	3.0	2.0	1430.0	147.0	6.0	86.0	2.0	2.0	0.0
6	9	8	-535.3028955309313	1.0	0.5001752541184717	44800.0	1569.0	144.0	4.0	2.0	1803.0	1430.0	86.0	3.0	147.0	2.0	2.0	6.0	2.0	0.0
8	6	9	-0.37512466400206346	0.6462160640478025	1.0007017543859649	44800.0	144.0	1803.0	3.0	2.0	1569.0	4.0	2.0	1430.0	147.0	6.0	86.0	2.0	2.0	0.0
7	8	9	0.3002364831540687	0.3819984575133033	0.9992982456140351	44721.0	140.0	1576.0	6.0	2.0	1882.0	5.0	4.0	1429.0	144.0	6.0	80.0	2.0	3.0	0.0
7	9	8	-427.23651552823543	1.0	0.5001756234632947	44721.0	1576.0	140.0	6.0	2.0	1882.0	1429.0	80.0	5.0	144.0	2.0	4.0	6.0	3.0	0.0
8	7	9	-0.3000256429271347	0.6179211337751254	1.00070323488045	44721.0	140.0	1882.0	5.0	4.0	1576.0	6.0	2.0	1429.0	144.0	6.0	80.0	3.0	2.0	0.0
