P1	Hybrid	P2	Zscore	Pvalue	Gamma	AAAA	AAAB	AABA	AABB	AABC	ABAA	ABAB	ABAC	ABBA	BAAA	ABBC	CABC	BACA	BCAA	ABCD
1	2	3	2.242957463326188	0.012449738678066202	0.717948717948718	7195.0	512.0	626.0	65.0	24.0	726.0	43.0	34.0	99.0	538.0	33.0	40.0	26.0	35.0	4.0
1	3	2	-3.4663888069586544	0.9997362033053349	0.6222222222222222	7195.0	626.0	512.0	65.0	24.0	726.0	99.0	40.0	43.0	538.0	26.0	34.0	33.0	35.0	4.0
2	1	3	-1.3617956027337572	0.9133687388349776	2.8333333333333335	7195.0	512.0	726.0	43.0	34.0	626.0	65.0	24.0	99.0	538.0	33.0	40.0	35.0	26.0	4.0
1	2	4	2.1029529870738712	0.01773487751142977	0.7435897435897436	7175.0	532.0	624.0	61.0	30.0	735.0	41.0	27.0	99.0	540.0	31.0	45.0	26.0	30.0	4.0
1	4	2	-3.995610675440356	0.9999677211792529	0.6041666666666667	7175.0	624.0	532.0	61.0	30.0	735.0	99.0	45.0	41.0	540.0	26.0	27.0	31.0	30.0	4.0
2	1	4	-1.3777967846346053	0.9158669217599057	2.111111111111111	7175.0	532.0	735.0	41.0	27.0	624.0	61.0	30.0	99.0	540.0	31.0	45.0	30.0	26.0	4.0
1	2	5	2.211110121097403	0.013514060029558461	0.7341772151898734	7184.0	523.0	625.0	61.0	29.0	736.0	40.0	27.0	98.0	541.0	31.0	43.0	26.0	32.0	4.0
1	5	2	-3.895765451457329	0.9999510360766798	0.6105263157894737	7184.0	625.0	523.0	61.0	29.0	736.0	98.0	43.0	40.0	541.0	26.0	27.0	31.0	32.0	4.0
2	1	5	-1.4105357669069638	0.9208091761078512	2.3125	7184.0	523.0	736.0	40.0	27.0	625.0	61.0	29.0	98.0	541.0	31.0	43.0	32.0	26.0	4.0
1	2	6	2.394909386584813	0.008312228726973458	0.6527777777777778	7194.0	513.0	616.0	72.0	27.0	722.0	47.0	34.0	94.0	544.0	32.0	43.0	27.0	30.0	5.0
1	6	2	-2.107520260194636	0.9824638079231671	0.6811594202898551	7194.0	616.0	513.0	72.0	27.0	722.0	94.0	43.0	47.0	544.0	27.0	34.0	32.0	30.0	5.0
2	1	6	-1.121021414997147	0.868860576566234	-7.333333333333334	7194.0	513.0	722.0	47.0	34.0	616.0	72.0	27.0	94.0	544.0	32.0	43.0	30.0	27.0	5.0
1	2	7	1.2369425109796213	0.10805428113173943	0.7894736842105263	7199.0	508.0	628.0	61.0	26.0	730.0	49.0	24.0	94.0	539.0	37.0	41.0	30.0	31.0	3.0
1	7	2	-3.40159190519396	0.9996649755523793	0.576923076923077	7199.0	628.0	508.0	61.0	26.0	730.0	94.0	41.0	49.0	539.0	30.0	24.0	37.0	31.0	3.0
2	1	7	-0.9070911747183888	0.8178207342364351	1.5714285714285714	7199.0	508.0	730.0	49.0	24.0	628.0	61.0	26.0	94.0	539.0	37.0	41.0	31.0	30.0	3.0
1	2	8	1.0163106703194524	0.15474075062584847	0.7959183673469387	7206.0	501.0	629.0	62.0	24.0	725.0	52.0	26.0	91.0	544.0	35.0	41.0	29.0	30.0	5.0
1	8	2	-2.947300943926412	0.9983971261808604	0.5735294117647058	7206.0	629.0	501.0	62.0	24.0	725.0	91.0	41.0	52.0	544.0	29.0	26.0	35.0	30.0	5.0
2	1	8	-0.7557181907503621	0.7750909797100178	1.5263157894736843	7206.0	501.0	725.0	52.0	26.0	629.0	62.0	24.0	91.0	544.0	35.0	41.0	30.0	29.0	5.0
1	2	9	0.2058176218342012	0.4184667169269334	0.9818181818181818	7210.0	497.0	651.0	49.0	15.0	738.0	47.0	18.0	155.0	495.0	20.0	49.0	24.0	28.0	4.0
1	9	2	-10.908333957212685	1.0	0.5046728971962616	7210.0	651.0	497.0	49.0	15.0	738.0	155.0	49.0	47.0	495.0	24.0	18.0	20.0	28.0	4.0
2	1	9	-0.20200618439282708	0.5800440289855829	1.0192307692307692	7210.0	497.0	738.0	47.0	18.0	651.0	49.0	15.0	155.0	495.0	20.0	49.0	28.0	24.0	4.0
1	3	4	0.414323879268368	0.33931850702066757	0.014285714285714285	7447.0	374.0	352.0	232.0	17.0	825.0	25.0	15.0	28.0	563.0	16.0	26.0	19.0	58.0	3.0
1	4	3	-99999.9	1.0	-0.014925373134328358	7447.0	352.0	374.0	232.0	17.0	825.0	28.0	26.0	25.0	563.0	19.0	15.0	16.0	58.0	3.0
3	1	4	-28.174023790249034	1.0	0.4963503649635037	7447.0	374.0	825.0	25.0	15.0	352.0	232.0	17.0	28.0	563.0	16.0	26.0	58.0	19.0	3.0
1	3	5	0.42231518018966885	0.3363975290061094	0.014150943396226415	7456.0	365.0	353.0	233.0	15.0	826.0	24.0	15.0	27.0	564.0	16.0	24.0	19.0	60.0	3.0
1	5	3	-99999.9	1.0	-0.01477832512315271	7456.0	353.0	365.0	233.0	15.0	826.0	27.0	24.0	24.0	564.0	19.0	15.0	16.0	60.0	3.0
3	1	5	-28.99897570635726	1.0	0.4963855421686747	7456.0	365.0	826.0	24.0	15.0	353.0	233.0	15.0	27.0	564.0	16.0	24.0	60.0	19.0	3.0
1	3	6	-99999.9	1.0	-0.05181347150259068	7463.0	358.0	347.0	235.0	19.0	811.0	32.0	22.0	22.0	570.0	15.0	26.0	16.0	61.0	3.0
1	6	3	1.3788675522760263	0.08396785559242426	0.04484304932735426	7463.0	347.0	358.0	235.0	19.0	811.0	22.0	26.0	32.0	570.0	16.0	22.0	15.0	61.0	3.0
3	1	6	-27.991011311203355	1.0	0.5120192307692307	7463.0	358.0	811.0	32.0	22.0	347.0	235.0	19.0	22.0	570.0	15.0	26.0	61.0	16.0	3.0
1	3	7	-99999.9	1.0	-0.05102040816326531	7484.0	337.0	343.0	239.0	19.0	817.0	33.0	15.0	23.0	565.0	19.0	25.0	20.0	61.0	0.0
1	7	3	1.3542291536415565	0.08783170274600982	0.04424778761061947	7484.0	343.0	337.0	239.0	19.0	817.0	23.0	25.0	33.0	565.0	20.0	15.0	19.0	61.0	0.0
3	1	7	-27.897120565016085	1.0	0.5118483412322274	7484.0	337.0	817.0	33.0	15.0	343.0	239.0	19.0	23.0	565.0	19.0	25.0	61.0	20.0	0.0
1	3	8	-99999.9	1.0	-0.08421052631578946	7491.0	330.0	344.0	242.0	15.0	811.0	36.0	18.0	20.0	571.0	16.0	26.0	18.0	59.0	3.0
1	8	3	2.1658960169707497	0.015159513181657647	0.06722689075630252	7491.0	344.0	330.0	242.0	15.0	811.0	20.0	26.0	36.0	571.0	18.0	18.0	16.0	59.0	3.0
3	1	8	-27.88591121849841	1.0	0.5186915887850467	7491.0	330.0	811.0	36.0	18.0	344.0	242.0	15.0	20.0	571.0	16.0	26.0	59.0	18.0	3.0
1	3	9	-0.9329972125219218	0.824589312749603	1.263157894736842	7320.0	501.0	541.0	39.0	21.0	798.0	49.0	18.0	97.0	493.0	17.0	47.0	24.0	32.0	3.0
1	9	3	-5.4113838326271475	0.9999999686585214	0.4528301886792453	7320.0	541.0	501.0	39.0	21.0	798.0	97.0	47.0	49.0	493.0	24.0	18.0	17.0	32.0	3.0
3	1	9	1.127371631797322	0.1297927454884027	0.8529411764705882	7320.0	501.0	798.0	49.0	18.0	541.0	39.0	21.0	97.0	493.0	17.0	47.0	32.0	24.0	3.0
1	4	5	-99999.9	1.0	-0.0017761989342806393	7756.0	43.0	53.0	567.0	3.0	872.0	3.0	4.0	2.0	603.0	2.0	3.0	1.0	88.0	0.0
1	5	4	0.4430452691073917	0.3288665247075261	0.0017667844522968198	7756.0	53.0	43.0	567.0	3.0	872.0	2.0	3.0	3.0	603.0	1.0	4.0	2.0	88.0	0.0
4	1	5	-249.87753177657197	1.0	0.5004428697962798	7756.0	43.0	872.0	3.0	4.0	53.0	567.0	3.0	2.0	603.0	2.0	3.0	88.0	1.0	0.0
1	4	6	-99999.9	1.0	-0.05439330543933054	7493.0	306.0	317.0	282.0	24.0	828.0	30.0	21.0	17.0	573.0	17.0	14.0	15.0	61.0	2.0
1	6	4	1.9136907671791334	0.027829772785544438	0.046762589928057555	7493.0	317.0	306.0	282.0	24.0	828.0	17.0	14.0	30.0	573.0	15.0	21.0	17.0	61.0	2.0
4	1	6	-37.09615948685709	1.0	0.5125725338491297	7493.0	306.0	828.0	30.0	21.0	317.0	282.0	24.0	17.0	573.0	17.0	14.0	61.0	15.0	2.0
1	4	7	-99999.9	1.0	-0.056034482758620684	7508.0	291.0	319.0	278.0	26.0	830.0	33.0	16.0	20.0	567.0	20.0	15.0	18.0	58.0	1.0
1	7	4	1.8056198817028724	0.03548881412710492	0.047970479704797044	7508.0	319.0	291.0	278.0	26.0	830.0	20.0	15.0	33.0	567.0	18.0	16.0	20.0	58.0	1.0
4	1	7	-34.02899007824641	1.0	0.5129224652087474	7508.0	291.0	830.0	33.0	16.0	319.0	278.0	26.0	20.0	567.0	20.0	15.0	58.0	18.0	1.0
1	4	8	-99999.9	1.0	-0.06926406926406926	7516.0	283.0	319.0	281.0	23.0	825.0	34.0	20.0	18.0	574.0	15.0	14.0	17.0	58.0	3.0
1	8	4	2.2402110514319045	0.012538571601285131	0.05734767025089605	7516.0	319.0	283.0	281.0	23.0	825.0	18.0	14.0	34.0	574.0	17.0	20.0	15.0	58.0	3.0
4	1	8	-34.58325810648003	1.0	0.515686274509804	7516.0	283.0	825.0	34.0	20.0	319.0	281.0	23.0	18.0	574.0	15.0	14.0	58.0	17.0	3.0
1	4	9	0.20598888878437205	0.41839982455112656	0.9591836734693877	7312.0	487.0	549.0	50.0	24.0	812.0	48.0	19.0	95.0	492.0	20.0	35.0	26.0	29.0	2.0
1	9	4	-4.634749997648359	0.9999982112281821	0.5108695652173914	7312.0	549.0	487.0	50.0	24.0	812.0	95.0	35.0	48.0	492.0	26.0	19.0	20.0	29.0	2.0
4	1	9	-0.19722340415524983	0.5781736190773521	1.0465116279069768	7312.0	487.0	812.0	48.0	19.0	549.0	50.0	24.0	95.0	492.0	20.0	35.0	29.0	26.0	2.0
1	5	6	-99999.9	1.0	-0.05416666666666667	7501.0	308.0	309.0	281.0	23.0	829.0	28.0	20.0	15.0	575.0	17.0	15.0	15.0	62.0	2.0
1	6	5	1.9979633692355785	0.022860246688224395	0.04659498207885304	7501.0	309.0	308.0	281.0	23.0	829.0	15.0	15.0	28.0	575.0	15.0	20.0	17.0	62.0	2.0
5	1	6	-38.883440955123234	1.0	0.5125240847784199	7501.0	308.0	829.0	28.0	20.0	309.0	281.0	23.0	15.0	575.0	17.0	15.0	62.0	15.0	2.0
1	5	7	-99999.9	1.0	-0.055793991416309016	7515.0	294.0	312.0	277.0	24.0	831.0	31.0	15.0	18.0	569.0	20.0	16.0	18.0	59.0	1.0
1	7	5	1.8757732065528663	0.030343150749926107	0.04779411764705883	7515.0	312.0	294.0	277.0	24.0	831.0	18.0	16.0	31.0	569.0	18.0	15.0	20.0	59.0	1.0
5	1	7	-35.49540067784654	1.0	0.5128712871287129	7515.0	294.0	831.0	31.0	15.0	312.0	277.0	24.0	18.0	569.0	20.0	16.0	59.0	18.0	1.0
1	5	8	-99999.9	1.0	-0.07423580786026202	7522.0	287.0	313.0	279.0	21.0	826.0	33.0	18.0	16.0	575.0	16.0	15.0	17.0	59.0	3.0
1	8	5	2.4471688179435493	0.007199172655710351	0.060714285714285714	7522.0	313.0	287.0	279.0	21.0	826.0	16.0	15.0	33.0	575.0	17.0	18.0	16.0	59.0	3.0
5	1	8	-35.41197230671253	1.0	0.5166994106090372	7522.0	287.0	826.0	33.0	18.0	313.0	279.0	21.0	16.0	575.0	16.0	15.0	59.0	17.0	3.0
1	5	9	0.10050735599040117	0.4599707147834253	0.9787234042553191	7324.0	485.0	537.0	51.0	25.0	809.0	50.0	18.0	96.0	491.0	20.0	37.0	25.0	30.0	2.0
1	9	5	-4.52283101956808	0.9999969462139306	0.5054945054945055	7324.0	537.0	485.0	51.0	25.0	809.0	96.0	37.0	50.0	491.0	25.0	18.0	20.0	30.0	2.0
5	1	9	-0.09832241346887072	0.5391619176259506	1.0227272727272727	7324.0	485.0	809.0	50.0	18.0	537.0	51.0	25.0	96.0	491.0	20.0	37.0	30.0	25.0	2.0
1	6	7	0.15080830028200248	0.4400634527152527	0.0	7580.0	230.0	247.0	350.0	15.0	827.0	22.0	10.0	22.0	583.0	13.0	16.0	13.0	71.0	1.0
1	7	6	0.15080830028200248	0.4400634527152527	0.0	7580.0	247.0	230.0	350.0	15.0	827.0	22.0	16.0	22.0	583.0	13.0	10.0	13.0	71.0	1.0
6	1	7	-49.39176535882039	1.0	0.5	7580.0	230.0	827.0	22.0	10.0	247.0	350.0	15.0	22.0	583.0	13.0	16.0	71.0	13.0	1.0
1	6	8	-99999.9	1.0	-0.019047619047619046	7581.0	229.0	254.0	344.0	14.0	824.0	23.0	12.0	17.0	590.0	11.0	16.0	12.0	70.0	3.0
1	8	6	0.9535121420450109	0.17016531514659294	0.01801801801801802	7581.0	254.0	229.0	344.0	14.0	824.0	17.0	16.0	23.0	590.0	12.0	12.0	11.0	70.0	3.0
6	1	8	-51.01289959940807	1.0	0.5046296296296295	7581.0	229.0	824.0	23.0	12.0	254.0	344.0	14.0	17.0	590.0	11.0	16.0	70.0	12.0	3.0
1	6	9	-0.8564069120115804	0.804113673120529	1.183673469387755	7314.0	496.0	547.0	41.0	24.0	791.0	50.0	18.0	108.0	491.0	19.0	43.0	25.0	31.0	2.0
1	9	6	-6.375473678308434	0.999999999908384	0.464	7314.0	547.0	496.0	41.0	24.0	791.0	108.0	43.0	50.0	491.0	25.0	18.0	19.0	31.0	2.0
6	1	9	0.989297639737515	0.1612587749944	0.881578947368421	7314.0	496.0	791.0	50.0	18.0	547.0	41.0	24.0	108.0	491.0	19.0	43.0	31.0	25.0	2.0
1	7	8	-99999.9	1.0	-0.012919896640826873	7663.0	164.0	172.0	411.0	12.0	837.0	19.0	9.0	14.0	595.0	9.0	6.0	11.0	75.0	3.0
1	8	7	0.8728579246109539	0.19137022221054767	0.012437810945273632	7663.0	172.0	164.0	411.0	12.0	837.0	14.0	6.0	19.0	595.0	11.0	9.0	9.0	75.0	3.0
7	1	8	-68.43206128949878	1.0	0.5031685678073511	7663.0	164.0	837.0	19.0	9.0	172.0	411.0	12.0	14.0	595.0	9.0	6.0	75.0	11.0	3.0
1	7	9	-0.6916254547734718	0.7554137824033698	1.1320754716981132	7329.0	498.0	532.0	41.0	22.0	800.0	48.0	17.0	108.0	490.0	20.0	34.0	28.0	33.0	0.0
1	9	7	-6.619843638546096	0.999999999981926	0.4724409448818898	7329.0	532.0	498.0	41.0	22.0	800.0	108.0	34.0	48.0	490.0	28.0	17.0	20.0	33.0	0.0
7	1	9	0.7723150911637102	0.21996384955330706	0.9054054054054054	7329.0	498.0	800.0	48.0	17.0	532.0	41.0	22.0	108.0	490.0	20.0	34.0	33.0	28.0	0.0
1	8	9	-0.7098349356226737	0.7610968183269067	1.125	7332.0	503.0	529.0	39.0	19.0	793.0	46.0	18.0	109.0	496.0	20.0	40.0	24.0	31.0	1.0
1	9	8	-7.098349356226737	0.9999999999993644	0.4736842105263158	7332.0	529.0	503.0	39.0	19.0	793.0	109.0	40.0	46.0	496.0	24.0	18.0	20.0	31.0	1.0
8	1	9	0.7887054840251932	0.21514201864761084	0.9090909090909091	7332.0	503.0	793.0	46.0	18.0	529.0	39.0	19.0	109.0	496.0	20.0	40.0	31.0	24.0	1.0
2	3	4	0.7364717494136925	0.23072175806749684	0.03092783505154639	7557.0	364.0	353.0	219.0	17.0	715.0	31.0	19.0	37.0	583.0	18.0	16.0	17.0	51.0	3.0
2	4	3	-99999.9	1.0	-0.03409090909090909	7557.0	353.0	364.0	219.0	17.0	715.0	37.0	16.0	31.0	583.0	17.0	19.0	18.0	51.0	3.0
3	2	4	-22.3396430655487	1.0	0.4918918918918919	7557.0	364.0	715.0	31.0	19.0	353.0	219.0	17.0	37.0	583.0	18.0	16.0	51.0	17.0	3.0
2	3	5	0.37448091080199564	0.3540233367617165	0.015625	7566.0	355.0	354.0	220.0	15.0	716.0	31.0	18.0	34.0	586.0	18.0	16.0	17.0	51.0	3.0
2	5	3	-99999.9	1.0	-0.01639344262295082	7566.0	354.0	355.0	220.0	15.0	716.0	34.0	16.0	31.0	586.0	17.0	18.0	18.0	51.0	3.0
3	2	5	-23.21781646972377	1.0	0.49599999999999994	7566.0	355.0	716.0	31.0	18.0	354.0	220.0	15.0	34.0	586.0	18.0	16.0	51.0	17.0	3.0
2	3	6	-99999.9	1.0	-0.05952380952380952	7564.0	357.0	352.0	218.0	19.0	710.0	40.0	15.0	30.0	591.0	17.0	13.0	15.0	57.0	2.0
2	6	3	1.2162143172156485	0.11195171208111199	0.05050505050505051	7564.0	352.0	357.0	218.0	19.0	710.0	30.0	13.0	40.0	591.0	15.0	15.0	17.0	57.0	2.0
3	2	6	-21.64861484643854	1.0	0.5136612021857924	7564.0	357.0	710.0	40.0	15.0	352.0	218.0	19.0	30.0	591.0	17.0	13.0	57.0	15.0	2.0
2	3	7	0.12722094331171513	0.44938272788562017	0.0	7580.0	341.0	349.0	223.0	17.0	721.0	31.0	13.0	31.0	584.0	23.0	11.0	16.0	58.0	2.0
2	7	3	0.12722094331171513	0.44938272788562017	0.0	7580.0	349.0	341.0	223.0	17.0	721.0	31.0	11.0	31.0	584.0	16.0	13.0	23.0	58.0	2.0
3	2	7	-24.36438360406019	1.0	0.5	7580.0	341.0	721.0	31.0	13.0	349.0	223.0	17.0	31.0	584.0	23.0	11.0	58.0	16.0	2.0
2	3	8	-99999.9	1.0	-0.015789473684210527	7582.0	339.0	349.0	225.0	15.0	720.0	32.0	13.0	29.0	589.0	20.0	12.0	15.0	58.0	2.0
2	8	3	0.3864290606684963	0.34958952014074296	0.01507537688442211	7582.0	349.0	339.0	225.0	15.0	720.0	29.0	12.0	32.0	589.0	15.0	13.0	20.0	58.0	2.0
3	2	8	-24.860269569673306	1.0	0.5038560411311054	7582.0	339.0	720.0	32.0	13.0	349.0	225.0	15.0	29.0	589.0	20.0	12.0	58.0	15.0	2.0
2	3	9	-1.1820855414706035	0.8814140572398443	1.206896551724138	7413.0	508.0	535.0	35.0	19.0	705.0	47.0	13.0	117.0	502.0	19.0	33.0	23.0	27.0	4.0
2	9	3	-8.077584533382453	0.9999999999999997	0.46052631578947373	7413.0	535.0	508.0	35.0	19.0	705.0	117.0	33.0	47.0	502.0	23.0	13.0	19.0	27.0	4.0
3	2	9	1.3847287771512782	0.08306776561952123	0.8723404255319149	7413.0	508.0	705.0	47.0	13.0	535.0	35.0	19.0	117.0	502.0	19.0	33.0	27.0	23.0	4.0
2	4	5	-99999.9	1.0	-0.005607476635514018	7868.0	42.0	52.0	545.0	3.0	760.0	7.0	1.0	4.0	626.0	1.0	2.0	1.0	87.0	1.0
2	5	4	0.9015894922395165	0.18363745883537064	0.005514705882352941	7868.0	52.0	42.0	545.0	3.0	760.0	4.0	2.0	7.0	626.0	1.0	1.0	1.0	87.0	1.0
4	2	5	-161.68504894161885	1.0	0.5013901760889713	7868.0	42.0	760.0	7.0	1.0	52.0	545.0	3.0	4.0	626.0	1.0	2.0	87.0	1.0	1.0
2	4	6	-99999.9	1.0	-0.07547169811320754	7606.0	304.0	310.0	265.0	25.0	715.0	37.0	16.0	21.0	594.0	16.0	17.0	15.0	57.0	2.0
2	6	4	2.127299392411304	0.016697548406500617	0.061538461538461535	7606.0	310.0	304.0	265.0	25.0	715.0	21.0	17.0	37.0	594.0	15.0	16.0	16.0	57.0	2.0
4	2	6	-30.31401634186109	1.0	0.5169491525423728	7606.0	304.0	715.0	37.0	16.0	310.0	265.0	25.0	21.0	594.0	16.0	17.0	57.0	15.0	2.0
2	4	7	-99999.9	1.0	-0.02654867256637168	7616.0	294.0	313.0	264.0	23.0	722.0	32.0	14.0	26.0	583.0	22.0	15.0	16.0	56.0	4.0
2	7	4	0.7949221648109454	0.21332932898801416	0.024590163934426233	7616.0	313.0	294.0	264.0	23.0	722.0	26.0	15.0	32.0	583.0	16.0	14.0	22.0	56.0	4.0
4	2	7	-30.73699037268992	1.0	0.5063829787234043	7616.0	294.0	722.0	32.0	14.0	313.0	264.0	23.0	26.0	583.0	22.0	15.0	56.0	16.0	4.0
2	4	8	-99999.9	1.0	-0.030837004405286344	7618.0	292.0	313.0	264.0	23.0	723.0	30.0	15.0	23.0	591.0	17.0	15.0	15.0	58.0	3.0
2	8	4	0.9706954054683752	0.1658499886458149	0.028225806451612906	7618.0	313.0	292.0	264.0	23.0	723.0	23.0	15.0	30.0	591.0	15.0	15.0	17.0	58.0	3.0
4	2	8	-32.44896069708569	1.0	0.5073684210526316	7618.0	292.0	723.0	30.0	15.0	313.0	264.0	23.0	23.0	591.0	17.0	15.0	58.0	15.0	3.0
2	4	9	0.0	0.49999999949999996	nan	7415.0	495.0	533.0	46.0	21.0	709.0	46.0	13.0	110.0	500.0	21.0	36.0	26.0	25.0	4.0
2	9	4	-6.668837865768901	0.9999999999870381	0.5	7415.0	533.0	495.0	46.0	21.0	709.0	110.0	36.0	46.0	500.0	26.0	13.0	21.0	25.0	4.0
4	2	9	0.0	0.49999999949999996	nan	7415.0	495.0	709.0	46.0	13.0	533.0	46.0	21.0	110.0	500.0	21.0	36.0	25.0	26.0	4.0
2	5	6	-99999.9	1.0	-0.059907834101382486	7614.0	306.0	302.0	264.0	24.0	716.0	34.0	16.0	21.0	597.0	16.0	16.0	15.0	57.0	2.0
2	6	5	1.7746104736878077	0.037981066032203636	0.05078124999999999	7614.0	302.0	306.0	264.0	24.0	716.0	21.0	16.0	34.0	597.0	15.0	16.0	16.0	57.0	2.0
5	2	6	-31.396954534476624	1.0	0.5137420718816067	7614.0	306.0	716.0	34.0	16.0	302.0	264.0	24.0	21.0	597.0	16.0	16.0	57.0	15.0	2.0
2	5	7	-99999.9	1.0	-0.012987012987012986	7623.0	297.0	306.0	263.0	21.0	723.0	29.0	14.0	26.0	586.0	22.0	14.0	16.0	56.0	4.0
2	7	5	0.4064203894803596	0.342216916929583	0.012499999999999999	7623.0	306.0	297.0	263.0	21.0	723.0	26.0	14.0	29.0	586.0	16.0	14.0	22.0	56.0	4.0
5	2	7	-31.700790379468046	1.0	0.5031847133757962	7623.0	297.0	723.0	29.0	14.0	306.0	263.0	21.0	26.0	586.0	22.0	14.0	56.0	16.0	4.0
2	5	8	-99999.9	1.0	-0.02183406113537118	7624.0	296.0	307.0	262.0	21.0	724.0	28.0	14.0	23.0	593.0	18.0	14.0	15.0	58.0	3.0
2	8	5	0.7052730302863536	0.24032010122904368	0.020491803278688523	7624.0	307.0	296.0	262.0	21.0	724.0	23.0	14.0	28.0	593.0	15.0	14.0	18.0	58.0	3.0
5	2	8	-33.0067778174013	1.0	0.5052854122621564	7624.0	296.0	724.0	28.0	14.0	307.0	262.0	21.0	23.0	593.0	18.0	14.0	58.0	15.0	3.0
2	5	9	0.10439299754551001	0.4584286854426908	0.9852941176470589	7426.0	494.0	522.0	47.0	21.0	707.0	46.0	13.0	113.0	500.0	21.0	35.0	26.0	25.0	4.0
2	9	5	-6.889937838003641	0.999999999997192	0.5037593984962406	7426.0	522.0	494.0	47.0	21.0	707.0	113.0	35.0	46.0	500.0	26.0	13.0	21.0	25.0	4.0
5	2	9	-0.10283489310453224	0.5409530496357053	1.0153846153846153	7426.0	494.0	707.0	46.0	13.0	522.0	47.0	21.0	113.0	500.0	21.0	35.0	25.0	26.0	4.0
2	6	7	1.3227818399664766	0.09295403516199574	0.028037383177570097	7682.0	234.0	247.0	331.0	16.0	725.0	19.0	9.0	28.0	603.0	15.0	10.0	9.0	70.0	2.0
2	7	6	-99999.9	1.0	-0.030612244897959183	7682.0	247.0	234.0	331.0	16.0	725.0	28.0	10.0	19.0	603.0	9.0	9.0	15.0	70.0	2.0
6	2	7	-44.533655278871365	1.0	0.4926829268292683	7682.0	234.0	725.0	19.0	9.0	247.0	331.0	16.0	28.0	603.0	15.0	10.0	70.0	9.0	2.0
2	6	8	1.0504248522241821	0.14676144073328656	0.022364217252396165	7680.0	236.0	251.0	325.0	18.0	725.0	19.0	9.0	26.0	608.0	12.0	10.0	9.0	71.0	1.0
2	8	6	-99999.9	1.0	-0.023972602739726026	7680.0	251.0	236.0	325.0	18.0	725.0	26.0	10.0	19.0	608.0	9.0	9.0	12.0	71.0	1.0
6	2	8	-44.86814725929005	1.0	0.4942148760330578	7680.0	236.0	725.0	19.0	9.0	251.0	325.0	18.0	26.0	608.0	12.0	10.0	71.0	9.0	1.0
2	6	9	-0.9677826883439367	0.8334235470599624	1.125	7406.0	510.0	542.0	33.0	19.0	699.0	42.0	12.0	123.0	503.0	20.0	33.0	27.0	27.0	4.0
2	9	6	-9.67782688343937	1.0	0.4736842105263158	7406.0	542.0	510.0	33.0	19.0	699.0	123.0	33.0	42.0	503.0	27.0	12.0	20.0	27.0	4.0
6	2	9	1.0753140981599296	0.14111709999492117	0.9090909090909091	7406.0	510.0	699.0	42.0	12.0	542.0	33.0	19.0	123.0	503.0	20.0	33.0	27.0	27.0	4.0
2	7	8	-99999.9	1.0	-0.005263157894736842	7757.0	172.0	174.0	395.0	12.0	743.0	13.0	7.0	11.0	611.0	9.0	7.0	12.0	75.0	2.0
2	8	7	0.40828306404493847	0.34153298151295863	0.0051813471502590676	7757.0	174.0	172.0	395.0	12.0	743.0	11.0	7.0	13.0	611.0	12.0	7.0	9.0	75.0	2.0
7	2	8	-77.98206523258317	1.0	0.5013054830287206	7757.0	172.0	743.0	13.0	7.0	174.0	395.0	12.0	11.0	611.0	9.0	7.0	75.0	12.0	2.0
2	7	9	-0.8230023890990975	0.7947467369873814	1.1290322580645162	7422.0	507.0	526.0	37.0	18.0	707.0	45.0	11.0	115.0	498.0	18.0	33.0	29.0	29.0	5.0
2	9	7	-8.0242732937162	0.9999999999999996	0.472972972972973	7422.0	526.0	507.0	37.0	18.0	707.0	115.0	33.0	45.0	498.0	29.0	11.0	18.0	29.0	5.0
7	2	9	0.9170598049961369	0.1795556284061267	0.9069767441860465	7422.0	507.0	707.0	45.0	11.0	526.0	37.0	18.0	115.0	498.0	18.0	33.0	29.0	29.0	5.0
2	8	9	-0.7515512727367722	0.7738395898351749	1.1076923076923078	7418.0	513.0	530.0	35.0	14.0	707.0	42.0	12.0	114.0	503.0	19.0	34.0	27.0	28.0	4.0
2	9	8	-8.481792935172148	1.0	0.4768211920529801	7418.0	530.0	513.0	35.0	14.0	707.0	114.0	34.0	42.0	503.0	27.0	12.0	19.0	28.0	4.0
8	2	9	0.8246187575861806	0.2047939803722093	0.9186046511627907	7418.0	513.0	707.0	42.0	12.0	530.0	35.0	14.0	114.0	503.0	19.0	34.0	28.0	27.0	4.0
3	4	5	-99999.9	1.0	-0.008620689655172414	8228.0	44.0	54.0	357.0	3.0	400.0	6.0	0.0	3.0	849.0	1.0	1.0	2.0	52.0	0.0
3	5	4	0.9959049090388888	0.15964818326253805	0.008403361344537815	8228.0	54.0	44.0	357.0	3.0	400.0	3.0	1.0	6.0	849.0	2.0	0.0	1.0	52.0	0.0
4	3	5	-116.52087435755008	1.0	0.502127659574468	8228.0	44.0	400.0	6.0	0.0	54.0	357.0	3.0	3.0	849.0	1.0	1.0	52.0	2.0	0.0
3	4	6	-99999.9	1.0	-0.19999999999999998	7951.0	321.0	323.0	76.0	15.0	370.0	28.0	8.0	20.0	814.0	19.0	5.0	24.0	26.0	0.0
3	6	4	1.20151203669849	0.11477638509718124	0.125	7951.0	323.0	321.0	76.0	15.0	370.0	20.0	5.0	28.0	814.0	24.0	8.0	19.0	26.0	0.0
4	3	6	-7.209072220190938	0.9999999999997162	0.5384615384615384	7951.0	321.0	370.0	28.0	8.0	323.0	76.0	15.0	20.0	814.0	19.0	5.0	26.0	24.0	0.0
3	4	7	-99999.9	1.0	-0.3333333333333333	7975.0	297.0	326.0	73.0	15.0	363.0	33.0	10.0	23.0	807.0	23.0	5.0	25.0	23.0	2.0
3	7	4	1.4040845257368268	0.08014689421819421	0.16666666666666669	7975.0	326.0	297.0	73.0	15.0	363.0	23.0	5.0	33.0	807.0	25.0	10.0	23.0	23.0	2.0
4	3	7	-5.61633810294731	0.9999999902212747	0.5555555555555556	7975.0	297.0	363.0	33.0	10.0	326.0	73.0	15.0	23.0	807.0	23.0	5.0	23.0	25.0	2.0
3	4	8	-99999.9	1.0	-0.49999999999999994	7976.0	296.0	326.0	71.0	17.0	365.0	32.0	9.0	19.0	817.0	17.0	6.0	23.0	25.0	1.0
3	8	4	1.892097889488785	0.029238904535799692	0.2	7976.0	326.0	296.0	71.0	17.0	365.0	19.0	6.0	32.0	817.0	23.0	9.0	17.0	25.0	1.0
4	3	8	-5.676293668466356	0.9999999930982798	0.5714285714285715	7976.0	296.0	365.0	32.0	9.0	326.0	71.0	17.0	19.0	817.0	17.0	6.0	25.0	23.0	1.0
3	4	9	1.8387093483140489	0.03297891506245754	0.9543859649122807	7751.0	521.0	367.0	32.0	15.0	373.0	19.0	14.0	291.0	527.0	35.0	21.0	18.0	12.0	4.0
3	9	4	-36.632747785641435	1.0	0.512241054613936	7751.0	367.0	521.0	32.0	15.0	373.0	291.0	21.0	19.0	527.0	18.0	14.0	35.0	12.0	4.0
4	3	9	-1.7508298574019805	0.9600124311110678	1.0528455284552845	7751.0	521.0	373.0	19.0	14.0	367.0	32.0	15.0	291.0	527.0	35.0	21.0	12.0	18.0	4.0
3	5	6	-99999.9	1.0	-0.11363636363636363	7960.0	322.0	314.0	75.0	15.0	370.0	26.0	8.0	21.0	817.0	19.0	4.0	23.0	26.0	0.0
3	6	5	0.7535578542271059	0.22555731218106534	0.0847457627118644	7960.0	314.0	322.0	75.0	15.0	370.0	21.0	4.0	26.0	817.0	23.0	8.0	19.0	26.0	0.0
5	3	6	-7.384866971425638	0.9999999999999232	0.5242718446601942	7960.0	322.0	370.0	26.0	8.0	314.0	75.0	15.0	21.0	817.0	19.0	4.0	26.0	23.0	0.0
3	5	7	-99999.9	1.0	-0.2058823529411765	7983.0	299.0	318.0	72.0	14.0	363.0	31.0	10.0	24.0	810.0	23.0	4.0	24.0	23.0	2.0
3	7	5	0.9886728530231663	0.16141161998757714	0.1272727272727273	7983.0	318.0	299.0	72.0	14.0	363.0	24.0	4.0	31.0	810.0	24.0	10.0	23.0	23.0	2.0
5	3	7	-5.790798139135688	0.9999999964865501	0.5393258426966292	7983.0	299.0	363.0	31.0	10.0	318.0	72.0	14.0	24.0	810.0	23.0	4.0	23.0	24.0	2.0
3	5	8	-99999.9	1.0	-0.40740740740740744	7983.0	299.0	319.0	69.0	16.0	365.0	31.0	8.0	20.0	819.0	18.0	5.0	22.0	25.0	1.0
3	8	5	1.6115903485240886	0.05352555222525668	0.18333333333333332	7983.0	319.0	299.0	69.0	16.0	365.0	20.0	5.0	31.0	819.0	22.0	8.0	18.0	25.0	1.0
5	3	8	-5.567312113083215	0.9999999870313891	0.5632183908045977	7983.0	299.0	365.0	31.0	8.0	319.0	69.0	16.0	20.0	819.0	18.0	5.0	25.0	22.0	1.0
3	5	9	1.9608618751526121	0.02494749981842359	0.9517241379310345	7762.0	520.0	356.0	33.0	15.0	371.0	19.0	14.0	295.0	527.0	35.0	19.0	18.0	12.0	4.0
3	9	5	-36.69612937785601	1.0	0.513011152416357	7762.0	356.0	520.0	33.0	15.0	371.0	295.0	19.0	19.0	527.0	18.0	14.0	35.0	12.0	4.0
5	3	9	-1.8613978669926972	0.9686560560805177	1.0564516129032258	7762.0	520.0	371.0	19.0	14.0	356.0	33.0	15.0	295.0	527.0	35.0	19.0	12.0	18.0	4.0
3	6	7	-99999.9	1.0	-0.01639344262295082	8038.0	236.0	263.0	142.0	7.0	369.0	18.0	8.0	16.0	832.0	18.0	6.0	15.0	30.0	2.0
3	7	6	0.3448772612253963	0.36509338912661105	0.015625	8038.0	263.0	236.0	142.0	7.0	369.0	16.0	6.0	18.0	832.0	15.0	8.0	18.0	30.0	2.0
6	3	7	-21.382390195974587	1.0	0.504	8038.0	236.0	369.0	18.0	8.0	263.0	142.0	7.0	16.0	832.0	18.0	6.0	30.0	15.0	2.0
3	6	8	-99999.9	1.0	-0.04504504504504505	8034.0	240.0	268.0	134.0	10.0	371.0	18.0	6.0	13.0	839.0	14.0	6.0	15.0	31.0	1.0
3	8	6	0.9087505173231453	0.1817408899075722	0.03968253968253968	8034.0	268.0	240.0	134.0	10.0	371.0	13.0	6.0	18.0	839.0	15.0	6.0	14.0	31.0	1.0
6	3	8	-21.08301200189697	1.0	0.510548523206751	8034.0	240.0	371.0	18.0	6.0	268.0	134.0	10.0	13.0	839.0	14.0	6.0	31.0	15.0	1.0
3	6	9	0.32504591656158954	0.372573228828313	0.9929328621908127	7742.0	532.0	376.0	20.0	16.0	363.0	18.0	14.0	299.0	531.0	36.0	23.0	15.0	12.0	3.0
3	9	6	-45.343905360341715	1.0	0.5017857142857143	7742.0	376.0	532.0	20.0	16.0	363.0	299.0	23.0	18.0	531.0	15.0	14.0	36.0	12.0	3.0
6	3	9	-0.3227324224935355	0.6265509835950756	1.0072202166064983	7742.0	532.0	363.0	18.0	14.0	376.0	20.0	16.0	299.0	531.0	36.0	23.0	12.0	15.0	3.0
3	7	8	-99999.9	1.0	-0.016216216216216214	8125.0	176.0	177.0	201.0	7.0	375.0	13.0	3.0	10.0	844.0	11.0	5.0	15.0	36.0	2.0
3	8	7	0.6277803196451658	0.2650738732495119	0.015463917525773195	8125.0	177.0	176.0	201.0	7.0	375.0	10.0	5.0	13.0	844.0	15.0	3.0	11.0	36.0	2.0
7	3	8	-39.34090003109705	1.0	0.503957783641161	8125.0	176.0	375.0	13.0	3.0	177.0	201.0	7.0	10.0	844.0	11.0	5.0	36.0	15.0	2.0
3	7	9	0.6200074332769367	0.26762639195548776	0.9859649122807017	7769.0	532.0	349.0	23.0	13.0	360.0	19.0	12.0	300.0	528.0	37.0	25.0	17.0	13.0	3.0
3	9	7	-42.935514754427885	1.0	0.5035842293906809	7769.0	349.0	532.0	23.0	13.0	360.0	300.0	25.0	19.0	528.0	17.0	12.0	37.0	13.0	3.0
7	3	9	-0.6111817046893647	0.7294604048626149	1.0146520146520146	7769.0	532.0	360.0	19.0	12.0	349.0	23.0	13.0	300.0	528.0	37.0	25.0	13.0	17.0	3.0
3	8	9	0.8047609516905935	0.2104787605689954	0.9828178694158075	7765.0	537.0	353.0	22.0	9.0	360.0	17.0	13.0	303.0	532.0	37.0	22.0	15.0	12.0	3.0
3	9	8	-45.22756548501133	1.0	0.5044091710758377	7765.0	353.0	537.0	22.0	9.0	360.0	303.0	22.0	17.0	532.0	15.0	13.0	37.0	12.0	3.0
8	3	9	-0.7906917042834153	0.7854381028415599	1.0181159420289856	7765.0	537.0	360.0	17.0	13.0	353.0	22.0	9.0	303.0	532.0	37.0	22.0	12.0	15.0	3.0
4	5	6	0.37576025427007276	0.353547627505991	0.9965397923875432	8276.0	352.0	45.0	4.0	1.0	54.0	3.0	1.0	291.0	912.0	55.0	3.0	1.0	2.0	0.0
4	6	5	-107.84319297551073	1.0	0.5008695652173913	8276.0	45.0	352.0	4.0	1.0	54.0	291.0	3.0	3.0	912.0	1.0	1.0	55.0	2.0	0.0
5	4	6	-0.3744555311649683	0.6459672238019905	1.0034965034965035	8276.0	352.0	54.0	3.0	1.0	45.0	4.0	1.0	291.0	912.0	55.0	3.0	2.0	1.0	0.0
4	5	7	0.37575074641814055	0.35355116204972703	0.9966101694915255	8292.0	336.0	46.0	4.0	0.0	54.0	3.0	1.0	297.0	899.0	62.0	3.0	1.0	2.0	0.0
4	7	5	-110.09496870051568	1.0	0.5008517887563884	8292.0	46.0	336.0	4.0	0.0	54.0	297.0	3.0	3.0	899.0	1.0	1.0	62.0	2.0	0.0
5	4	7	-0.3744726826548136	0.6459736029572545	1.0034246575342465	8292.0	336.0	54.0	3.0	1.0	46.0	4.0	0.0	297.0	899.0	62.0	3.0	2.0	1.0	0.0
4	5	8	-0.37446704405684667	0.6459715057974922	1.0034482758620689	8295.0	333.0	46.0	3.0	1.0	53.0	4.0	1.0	295.0	908.0	55.0	3.0	1.0	2.0	0.0
4	8	5	-109.34437686459941	1.0	0.49914236706689535	8295.0	46.0	333.0	3.0	1.0	53.0	295.0	3.0	4.0	908.0	1.0	1.0	55.0	2.0	0.0
5	4	8	0.3757538723869389	0.353549999969505	0.9965870307167235	8295.0	333.0	53.0	4.0	1.0	46.0	3.0	1.0	295.0	908.0	55.0	3.0	2.0	1.0	0.0
4	5	9	0.3755104821926827	0.3536404844604797	0.998389694041868	8081.0	547.0	43.0	4.0	3.0	52.0	3.0	3.0	623.0	567.0	68.0	4.0	1.0	1.0	0.0
4	9	5	-232.4409884772709	1.0	0.5004035512510089	8081.0	43.0	547.0	4.0	3.0	52.0	623.0	4.0	3.0	567.0	1.0	3.0	68.0	1.0	0.0
5	4	9	-0.37490482012462994	0.6461343143633433	1.0016181229773462	8081.0	547.0	52.0	3.0	3.0	43.0	4.0	3.0	623.0	567.0	68.0	4.0	1.0	1.0	0.0
4	6	7	1.1773872238143543	0.11952055512164039	0.07865168539325842	8082.0	239.0	256.0	97.0	4.0	325.0	15.0	8.0	22.0	872.0	22.0	7.0	16.0	35.0	0.0
4	7	6	-99999.9	1.0	-0.10294117647058824	8082.0	256.0	239.0	97.0	4.0	325.0	22.0	7.0	15.0	872.0	16.0	8.0	22.0	35.0	0.0
6	4	7	-12.614863112296657	1.0	0.4777070063694268	8082.0	239.0	325.0	15.0	8.0	256.0	97.0	4.0	22.0	872.0	22.0	7.0	35.0	16.0	0.0
4	6	8	0.34653181072225236	0.3644716067947835	0.026315789473684213	8081.0	240.0	260.0	90.0	7.0	324.0	16.0	8.0	18.0	881.0	17.0	9.0	16.0	33.0	0.0
4	8	6	-99999.9	1.0	-0.02857142857142857	8081.0	260.0	240.0	90.0	7.0	324.0	18.0	9.0	16.0	881.0	16.0	8.0	17.0	33.0	0.0
6	4	8	-12.475145186001084	1.0	0.4931506849315069	8081.0	240.0	324.0	16.0	8.0	260.0	90.0	7.0	18.0	881.0	17.0	9.0	33.0	16.0	0.0
4	6	9	-1.5059915803746353	0.9339653044737193	1.032258064516129	7796.0	525.0	328.0	16.0	13.0	309.0	26.0	13.0	346.0	529.0	41.0	24.0	16.0	18.0	0.0
4	9	6	-49.69772215236297	1.0	0.49230769230769234	7796.0	328.0	525.0	16.0	13.0	309.0	346.0	24.0	26.0	529.0	16.0	13.0	41.0	18.0	0.0
6	4	9	1.5530538172613428	0.060205152980513876	0.9705882352941176	7796.0	525.0	309.0	26.0	13.0	328.0	16.0	13.0	346.0	529.0	41.0	24.0	18.0	16.0	0.0
4	7	8	-99999.9	1.0	-0.02816901408450704	8165.0	173.0	176.0	160.0	4.0	335.0	14.0	5.0	10.0	881.0	12.0	6.0	18.0	40.0	1.0
4	8	7	0.8219088627407352	0.2055643295491585	0.025974025974025976	8165.0	176.0	173.0	160.0	4.0	335.0	10.0	6.0	14.0	881.0	18.0	5.0	12.0	40.0	1.0
7	4	8	-29.999673490036866	1.0	0.5067567567567568	8165.0	173.0	335.0	14.0	5.0	176.0	160.0	4.0	10.0	881.0	12.0	6.0	40.0	18.0	1.0
4	7	9	-1.1337365393762342	0.8715474081235601	1.0264900662251655	7815.0	523.0	309.0	20.0	11.0	314.0	28.0	12.0	338.0	525.0	40.0	27.0	18.0	19.0	1.0
4	9	7	-45.06602744020535	1.0	0.49363057324840764	7815.0	309.0	523.0	20.0	11.0	314.0	338.0	27.0	28.0	525.0	18.0	12.0	40.0	19.0	1.0
7	4	9	1.1629942565214273	0.12241597552828376	0.9754601226993865	7815.0	523.0	314.0	28.0	12.0	309.0	20.0	11.0	338.0	525.0	40.0	27.0	19.0	18.0	1.0
4	8	9	-1.027250867671299	0.8478488041966918	1.022653721682848	7812.0	529.0	312.0	19.0	6.0	313.0	26.0	12.0	342.0	530.0	41.0	24.0	15.0	17.0	2.0
4	9	8	-47.400290036832786	1.0	0.4945226917057903	7812.0	312.0	529.0	19.0	6.0	313.0	342.0	24.0	26.0	530.0	15.0	12.0	41.0	17.0	2.0
8	4	9	1.0500064248665495	0.14685760778582124	0.9787878787878788	7812.0	529.0	313.0	26.0	12.0	312.0	19.0	6.0	342.0	530.0	41.0	24.0	17.0	15.0	2.0
5	6	7	1.2096612824552524	0.11320451204556936	0.07954545454545454	8089.0	241.0	257.0	95.0	4.0	318.0	14.0	7.0	21.0	875.0	22.0	7.0	16.0	34.0	0.0
5	7	6	-99999.9	1.0	-0.10447761194029852	8089.0	257.0	241.0	95.0	4.0	318.0	21.0	7.0	14.0	875.0	16.0	7.0	22.0	34.0	0.0
6	5	7	-12.787847843098383	1.0	0.4774193548387096	8089.0	241.0	318.0	14.0	7.0	257.0	95.0	4.0	21.0	875.0	22.0	7.0	34.0	16.0	0.0
5	6	8	0.54644029158333	0.2923816348494048	0.038461538461538464	8087.0	243.0	261.0	89.0	6.0	318.0	14.0	7.0	17.0	883.0	18.0	9.0	16.0	32.0	0.0
5	8	6	-99999.9	1.0	-0.043478260869565216	8087.0	261.0	243.0	89.0	6.0	318.0	17.0	9.0	14.0	883.0	16.0	7.0	18.0	32.0	0.0
6	5	8	-13.114566997999905	1.0	0.4897959183673469	8087.0	243.0	318.0	14.0	7.0	261.0	89.0	6.0	17.0	883.0	18.0	9.0	32.0	16.0	0.0
5	6	9	-1.8393925585319337	0.9670713249571498	1.038709677419355	7805.0	525.0	328.0	14.0	14.0	300.0	26.0	13.0	348.0	530.0	40.0	22.0	16.0	19.0	0.0
5	9	6	-51.19642621247212	1.0	0.4908536585365854	7805.0	328.0	525.0	14.0	14.0	300.0	348.0	22.0	26.0	530.0	16.0	13.0	40.0	19.0	0.0
6	5	9	1.9079413495331239	0.02819933204020708	0.9653179190751445	7805.0	525.0	300.0	26.0	13.0	328.0	14.0	14.0	348.0	530.0	40.0	22.0	19.0	16.0	0.0
5	7	8	-99999.9	1.0	-0.020833333333333332	8171.0	175.0	177.0	160.0	3.0	329.0	13.0	4.0	10.0	882.0	13.0	5.0	18.0	39.0	1.0
5	8	7	0.6287492896905399	0.26475654470490007	0.0196078431372549	8171.0	177.0	175.0	160.0	3.0	329.0	10.0	5.0	13.0	882.0	18.0	4.0	13.0	39.0	1.0
7	5	8	-30.808715194836456	1.0	0.5050505050505051	8171.0	175.0	329.0	13.0	4.0	177.0	160.0	3.0	10.0	882.0	13.0	5.0	39.0	18.0	1.0
5	7	9	-1.2853090266968907	0.9006577729774069	1.0298013245033113	7823.0	523.0	310.0	19.0	11.0	306.0	28.0	12.0	339.0	526.0	40.0	25.0	18.0	19.0	1.0
5	9	7	-45.699876504778324	1.0	0.49286846275752777	7823.0	310.0	523.0	19.0	11.0	306.0	339.0	25.0	28.0	526.0	18.0	12.0	40.0	19.0	1.0
7	5	9	1.3225044647685047	0.09300017794979021	0.9726443768996961	7823.0	523.0	306.0	28.0	12.0	310.0	19.0	11.0	339.0	526.0	40.0	25.0	19.0	18.0	1.0
5	8	9	-1.1839197184346508	0.8817775154387567	1.0260586319218241	7819.0	529.0	314.0	18.0	6.0	306.0	26.0	12.0	341.0	531.0	41.0	23.0	15.0	17.0	2.0
5	9	8	-47.80075863179901	1.0	0.49373040752351094	7819.0	314.0	529.0	18.0	6.0	306.0	341.0	23.0	26.0	531.0	15.0	12.0	41.0	17.0	2.0
8	5	9	1.2139875208075945	0.11237631108466672	0.9758308157099698	7819.0	529.0	306.0	26.0	12.0	314.0	18.0	6.0	341.0	531.0	41.0	23.0	17.0	15.0	2.0
6	7	8	0.36876074148204013	0.3561530950755616	0.026315789473684213	8233.0	174.0	172.0	88.0	2.0	267.0	14.0	4.0	16.0	973.0	15.0	4.0	17.0	20.0	1.0
6	8	7	-99999.9	1.0	-0.02857142857142857	8233.0	172.0	174.0	88.0	2.0	267.0	16.0	4.0	14.0	973.0	17.0	4.0	15.0	20.0	1.0
7	6	8	-13.275386693353447	1.0	0.4931506849315069	8233.0	174.0	267.0	14.0	4.0	172.0	88.0	2.0	16.0	973.0	15.0	4.0	20.0	17.0	1.0
6	7	9	0.4082312672858966	0.3415519931884077	0.9951219512195122	7866.0	541.0	239.0	13.0	10.0	263.0	11.0	11.0	419.0	539.0	46.0	16.0	13.0	12.0	1.0
6	9	7	-82.87094725903697	1.0	0.5012285012285013	7866.0	239.0	541.0	13.0	10.0	263.0	419.0	16.0	11.0	539.0	13.0	11.0	46.0	12.0	1.0
7	6	9	-0.40623013362273047	0.6577131958837541	1.004950495049505	7866.0	541.0	263.0	11.0	11.0	239.0	13.0	10.0	419.0	539.0	46.0	16.0	12.0	13.0	1.0
6	8	9	0.853523997426551	0.19668434740551866	0.9902439024390244	7858.0	547.0	247.0	13.0	4.0	267.0	9.0	11.0	415.0	542.0	47.0	16.0	12.0	11.0	1.0
6	9	8	-85.77916174136831	1.0	0.5024752475247524	7858.0	247.0	547.0	13.0	4.0	267.0	415.0	16.0	9.0	542.0	12.0	11.0	47.0	11.0	1.0
8	6	9	-0.8451148940036294	0.8009767013999517	1.0100502512562815	7858.0	547.0	267.0	9.0	11.0	247.0	13.0	4.0	415.0	542.0	47.0	16.0	11.0	12.0	1.0
7	8	9	0.44684718625311426	0.3274927265361931	0.9958246346555324	7951.0	549.0	178.0	11.0	3.0	174.0	9.0	9.0	486.0	545.0	50.0	14.0	10.0	10.0	1.0
7	9	8	-106.12620673511464	1.0	0.5010504201680671	7951.0	178.0	549.0	11.0	3.0	174.0	486.0	14.0	9.0	545.0	10.0	9.0	50.0	10.0	1.0
8	7	9	-0.4449736131451347	0.6718305603782331	1.0042283298097252	7951.0	549.0	174.0	9.0	9.0	178.0	11.0	3.0	486.0	545.0	50.0	14.0	10.0	10.0	1.0
