P1	Hybrid	P2	Zscore	Pvalue	Gamma	AAAA	AAAB	AABA	AABB	AABC	ABAA	ABAB	ABAC	ABBA	BAAA	ABBC	CABC	BACA	BCAA	ABCD
1	2	3	-99999.9	1.0	-0.004149377593360996	22175.0	1129.0	1032.0	849.0	61.0	2201.0	123.0	61.0	120.0	1930.0	45.0	62.0	44.0	160.0	8.0
1	3	2	0.19279618551039676	0.4235593147578842	0.004098360655737705	22175.0	1032.0	1129.0	849.0	61.0	2201.0	120.0	62.0	123.0	1930.0	44.0	61.0	45.0	160.0	8.0
2	1	3	-46.65667689351588	1.0	0.5010309278350517	22175.0	1129.0	2201.0	123.0	61.0	1032.0	849.0	61.0	120.0	1930.0	45.0	62.0	160.0	44.0	8.0
1	2	4	-99999.9	1.0	-0.0070126227208976155	22192.0	1112.0	1040.0	837.0	65.0	2205.0	119.0	61.0	114.0	1940.0	41.0	65.0	44.0	155.0	10.0
1	4	2	0.32857211383962254	0.37123963267121507	0.006868131868131868	22192.0	1040.0	1112.0	837.0	65.0	2205.0	114.0	65.0	119.0	1940.0	44.0	61.0	41.0	155.0	10.0
2	1	4	-47.18295554736982	1.0	0.501734906315059	22192.0	1112.0	2205.0	119.0	61.0	1040.0	837.0	65.0	114.0	1940.0	41.0	65.0	155.0	44.0	10.0
1	2	5	0.930548193940094	0.17604364417815732	0.01859229747675963	22167.0	1137.0	1031.0	847.0	64.0	2218.0	108.0	59.0	122.0	1933.0	40.0	65.0	44.0	155.0	10.0
1	5	2	-99999.9	1.0	-0.01969057665260197	22167.0	1031.0	1137.0	847.0	64.0	2218.0	122.0	65.0	108.0	1933.0	44.0	59.0	40.0	155.0	10.0
2	1	5	-48.18910290046912	1.0	0.49521857923497264	22167.0	1137.0	2218.0	108.0	59.0	1031.0	847.0	64.0	122.0	1933.0	40.0	65.0	155.0	44.0	10.0
1	2	6	0.5324074807629716	0.29722188416648676	0.01092896174863388	22245.0	1059.0	1040.0	834.0	68.0	2219.0	110.0	56.0	118.0	1930.0	47.0	63.0	44.0	155.0	12.0
1	6	2	-99999.9	1.0	-0.011299435028248588	22245.0	1040.0	1059.0	834.0	68.0	2219.0	118.0	63.0	110.0	1930.0	44.0	56.0	47.0	155.0	12.0
2	1	6	-47.65046952828596	1.0	0.49722222222222223	22245.0	1059.0	2219.0	110.0	56.0	1040.0	834.0	68.0	118.0	1930.0	47.0	63.0	155.0	44.0	12.0
1	2	7	0.1960513501506631	0.4222850088969119	0.0041265474552957355	22207.0	1097.0	1036.0	840.0	66.0	2220.0	116.0	49.0	119.0	1937.0	39.0	61.0	45.0	156.0	12.0
1	7	2	-99999.9	1.0	-0.004178272980501393	22207.0	1036.0	1097.0	840.0	66.0	2220.0	119.0	61.0	116.0	1937.0	45.0	49.0	39.0	156.0	12.0
2	1	7	-47.11767448620946	1.0	0.49896193771626296	22207.0	1097.0	2220.0	116.0	49.0	1036.0	840.0	66.0	119.0	1937.0	39.0	61.0	156.0	45.0	12.0
1	2	8	-0.09760840743928925	0.5388784344605551	-0.19999999999999998	21491.0	1813.0	1702.0	163.0	77.0	2080.0	175.0	130.0	177.0	1835.0	83.0	95.0	84.0	88.0	7.0
1	8	2	-0.11387647534583736	0.5453321904602981	0.125	21491.0	1702.0	1813.0	163.0	77.0	2080.0	177.0	95.0	175.0	1835.0	84.0	130.0	83.0	88.0	7.0
2	1	8	0.6832588520750286	0.24722157755823648	0.5384615384615384	21491.0	1813.0	2080.0	175.0	130.0	1702.0	163.0	77.0	177.0	1835.0	83.0	95.0	88.0	84.0	7.0
1	2	9	-1.4974494703447006	0.9328617974765423	1.0502008032128514	22019.0	1285.0	1764.0	119.0	59.0	2164.0	144.0	77.0	667.0	1339.0	89.0	137.0	59.0	74.0	4.0
1	9	2	-32.82409238995582	1.0	0.488328664799253	22019.0	1764.0	1285.0	119.0	59.0	2164.0	667.0	137.0	144.0	1339.0	59.0	77.0	89.0	74.0	4.0
2	1	9	1.5690292729424395	0.058320568227673175	0.956369982547993	22019.0	1285.0	2164.0	144.0	77.0	1764.0	119.0	59.0	667.0	1339.0	89.0	137.0	74.0	59.0	4.0
1	3	4	0.08007324702295561	0.46808943325851693	0.0	22464.0	743.0	768.0	1219.0	52.0	2259.0	78.0	46.0	78.0	1988.0	31.0	47.0	37.0	188.0	2.0
1	4	3	0.08007324702295561	0.46808943325851693	0.0	22464.0	768.0	743.0	1219.0	52.0	2259.0	78.0	47.0	78.0	1988.0	37.0	46.0	31.0	188.0	2.0
3	1	4	-91.32384597162618	1.0	0.5	22464.0	743.0	2259.0	78.0	46.0	768.0	1219.0	52.0	78.0	1988.0	31.0	47.0	188.0	37.0	2.0
1	3	5	1.5449884334606527	0.06117454698591718	0.01623931623931624	22430.0	777.0	768.0	1218.0	53.0	2272.0	67.0	44.0	86.0	1981.0	30.0	47.0	37.0	188.0	2.0
1	5	3	-99999.9	1.0	-0.01707097933513028	22430.0	768.0	777.0	1218.0	53.0	2272.0	86.0	47.0	67.0	1981.0	37.0	44.0	30.0	188.0	2.0
3	1	5	-92.04878456197146	1.0	0.4958388085851949	22430.0	777.0	2272.0	67.0	44.0	768.0	1218.0	53.0	86.0	1981.0	30.0	47.0	188.0	37.0	2.0
1	3	6	1.1261443778940299	0.1300522574712133	0.012121212121212123	22510.0	697.0	775.0	1212.0	52.0	2269.0	71.0	43.0	85.0	1975.0	37.0	46.0	38.0	186.0	4.0
1	6	3	-99999.9	1.0	-0.012578616352201257	22510.0	775.0	697.0	1212.0	52.0	2269.0	85.0	46.0	71.0	1975.0	38.0	43.0	37.0	186.0	4.0
3	1	6	-90.65462242046955	1.0	0.49691358024691357	22510.0	697.0	2269.0	71.0	43.0	775.0	1212.0	52.0	85.0	1975.0	37.0	46.0	186.0	38.0	4.0
1	3	7	0.7071851908611962	0.23972563090422405	0.00783289817232376	22481.0	726.0	762.0	1217.0	60.0	2269.0	77.0	37.0	86.0	1982.0	29.0	45.0	39.0	186.0	4.0
1	7	3	-99999.9	1.0	-0.008021390374331552	22481.0	762.0	726.0	1217.0	60.0	2269.0	86.0	45.0	77.0	1982.0	39.0	37.0	29.0	186.0	4.0
3	1	7	-88.86960565155691	1.0	0.4980184940554822	22481.0	726.0	2269.0	77.0	37.0	762.0	1217.0	60.0	86.0	1982.0	29.0	45.0	186.0	39.0	4.0
1	3	8	0.24486311017395077	0.4032812656883149	0.26666666666666666	21415.0	1792.0	1778.0	181.0	80.0	2084.0	170.0	129.0	174.0	1846.0	77.0	94.0	78.0	97.0	5.0
1	8	3	-99999.9	1.0	-1.3333333333333333	21415.0	1778.0	1792.0	181.0	80.0	2084.0	174.0	94.0	170.0	1846.0	78.0	129.0	77.0	97.0	5.0
3	1	8	-0.42851044280441425	0.6658601975432046	0.3888888888888889	21415.0	1792.0	2084.0	170.0	129.0	1778.0	181.0	80.0	174.0	1846.0	77.0	94.0	97.0	78.0	5.0
1	3	9	-1.08582615780955	0.8612220042927701	1.0357852882703777	21932.0	1275.0	1851.0	123.0	65.0	2166.0	141.0	76.0	662.0	1349.0	86.0	140.0	52.0	79.0	3.0
1	9	3	-32.5144610588526	1.0	0.4915094339622641	21932.0	1851.0	1275.0	123.0	65.0	2166.0	662.0	140.0	141.0	1349.0	52.0	76.0	86.0	79.0	3.0
3	1	9	1.1233403052962525	0.13064654654312902	0.9676840215439856	21932.0	1275.0	2166.0	141.0	76.0	1851.0	123.0	65.0	662.0	1349.0	86.0	140.0	79.0	52.0	3.0
1	4	5	2.9994058339303895	0.0013526028806809531	0.011771300448430493	22981.0	251.0	217.0	1777.0	20.0	2358.0	14.0	12.0	35.0	2061.0	7.0	12.0	10.0	245.0	0.0
1	5	4	-99999.9	1.0	-0.01220220801859384	22981.0	217.0	251.0	1777.0	20.0	2358.0	35.0	12.0	14.0	2061.0	10.0	12.0	7.0	245.0	0.0
4	1	5	-248.80785536698826	1.0	0.4970042796005706	22981.0	251.0	2358.0	14.0	12.0	217.0	1777.0	20.0	35.0	2061.0	7.0	12.0	245.0	10.0	0.0
1	4	6	1.5514618263839617	0.0603955387962094	0.014975041597337773	22557.0	675.0	728.0	1243.0	43.0	2282.0	59.0	43.0	77.0	1990.0	36.0	41.0	35.0	188.0	3.0
1	6	4	-99999.9	1.0	-0.0156794425087108	22557.0	728.0	675.0	1243.0	43.0	2282.0	77.0	41.0	59.0	1990.0	35.0	43.0	36.0	188.0	3.0
4	1	6	-100.50024942020549	1.0	0.4961702127659574	22557.0	675.0	2282.0	59.0	43.0	728.0	1243.0	43.0	77.0	1990.0	36.0	41.0	188.0	35.0	3.0
1	4	7	0.8419391148321342	0.19991096823973276	0.008431703204047217	22525.0	707.0	718.0	1242.0	54.0	2280.0	66.0	38.0	76.0	1998.0	29.0	44.0	34.0	186.0	3.0
1	7	4	-99999.9	1.0	-0.00865051903114187	22525.0	718.0	707.0	1242.0	54.0	2280.0	76.0	44.0	66.0	1998.0	34.0	38.0	29.0	186.0	3.0
4	1	7	-98.17010078942658	1.0	0.497865072587532	22525.0	707.0	2280.0	66.0	38.0	718.0	1242.0	54.0	76.0	1998.0	29.0	44.0	186.0	34.0	3.0
1	4	8	0.5014949593310256	0.3080114099834259	0.28571428571428575	21444.0	1788.0	1749.0	180.0	85.0	2092.0	160.0	132.0	168.0	1859.0	76.0	92.0	75.0	93.0	7.0
1	8	4	-99999.9	1.0	-1.9999999999999998	21444.0	1749.0	1788.0	180.0	85.0	2092.0	168.0	92.0	160.0	1859.0	75.0	132.0	76.0	93.0	7.0
4	1	8	-0.7522424389965383	0.7740474295316255	0.37499999999999994	21444.0	1788.0	2092.0	160.0	132.0	1749.0	180.0	85.0	168.0	1859.0	76.0	92.0	93.0	75.0	7.0
1	4	9	-0.8652560271678689	0.8065509015089338	1.02734375	21954.0	1278.0	1829.0	120.0	65.0	2172.0	134.0	78.0	660.0	1355.0	88.0	136.0	53.0	73.0	5.0
1	9	4	-33.37416104790345	1.0	0.49343339587242024	21954.0	1829.0	1278.0	120.0	65.0	2172.0	660.0	136.0	134.0	1355.0	53.0	78.0	88.0	73.0	5.0
4	1	9	0.888285655267394	0.1871935234081471	0.9747292418772563	21954.0	1278.0	2172.0	134.0	78.0	1829.0	120.0	65.0	660.0	1355.0	88.0	136.0	73.0	53.0	5.0
1	5	6	-99999.9	1.0	-0.002555366269165247	22525.0	673.0	760.0	1246.0	42.0	2293.0	69.0	43.0	66.0	1983.0	36.0	41.0	32.0	188.0	3.0
1	6	5	0.25841659357464447	0.3980427642483889	0.00253592561284869	22525.0	760.0	673.0	1246.0	42.0	2293.0	66.0	41.0	69.0	1983.0	32.0	43.0	36.0	188.0	3.0
5	1	6	-101.38544354578528	1.0	0.5006364022061943	22525.0	673.0	2293.0	69.0	43.0	760.0	1246.0	42.0	66.0	1983.0	36.0	41.0	188.0	32.0	3.0
1	5	7	-99999.9	1.0	-0.009490940465918895	22490.0	708.0	753.0	1246.0	49.0	2291.0	76.0	38.0	65.0	1991.0	29.0	44.0	31.0	186.0	3.0
1	7	5	0.9296631312369834	0.1762727468315174	0.009228187919463088	22490.0	753.0	708.0	1246.0	49.0	2291.0	65.0	44.0	76.0	1991.0	31.0	38.0	29.0	186.0	3.0
5	1	7	-98.88235123157007	1.0	0.5023394300297745	22490.0	708.0	2291.0	76.0	38.0	753.0	1246.0	49.0	65.0	1991.0	29.0	44.0	186.0	31.0	3.0
1	5	8	-99999.9	1.0	-inf	21417.0	1781.0	1776.0	180.0	92.0	2101.0	169.0	135.0	158.0	1854.0	73.0	93.0	71.0	93.0	7.0
1	8	5	0.6907795435574902	0.24485197813534676	0.3333333333333333	21417.0	1776.0	1781.0	180.0	92.0	2101.0	158.0	93.0	169.0	1854.0	71.0	135.0	73.0	93.0	7.0
5	1	8	-0.6907795435574918	0.7551480218646536	0.6666666666666666	21417.0	1781.0	2101.0	169.0	135.0	1776.0	180.0	92.0	158.0	1854.0	73.0	93.0	93.0	71.0	7.0
1	5	9	-1.7455304946017194	0.9595537563158798	1.0605427974947808	21917.0	1281.0	1866.0	114.0	68.0	2184.0	143.0	78.0	651.0	1346.0	88.0	133.0	53.0	73.0	5.0
1	9	5	-32.322409503486995	1.0	0.48612440191387557	21917.0	1866.0	1281.0	114.0	68.0	2184.0	651.0	133.0	143.0	1346.0	53.0	78.0	88.0	73.0	5.0
5	1	9	1.8451769204746522	0.03250584361467057	0.9487632508833922	21917.0	1281.0	2184.0	143.0	78.0	1866.0	114.0	68.0	651.0	1346.0	88.0	133.0	73.0	53.0	5.0
1	6	7	-99999.9	1.0	-0.0045662100456621	22896.0	389.0	347.0	1585.0	29.0	2334.0	45.0	21.0	38.0	2034.0	12.0	28.0	19.0	222.0	1.0
1	7	6	0.7693288417582139	0.22084899418895965	0.004504504504504505	22896.0	347.0	389.0	1585.0	29.0	2334.0	38.0	28.0	45.0	2034.0	19.0	21.0	12.0	222.0	1.0
6	1	7	-169.25234518680745	1.0	0.5011337868480725	22896.0	389.0	2334.0	45.0	21.0	347.0	1585.0	29.0	38.0	2034.0	12.0	28.0	222.0	19.0	1.0
1	6	8	-0.6405706856432342	0.7390992349667846	0.5217391304347826	21459.0	1826.0	1734.0	160.0	67.0	2100.0	171.0	129.0	159.0	1844.0	81.0	93.0	79.0	92.0	6.0
1	8	6	0.05823369869483907	0.476781169988305	0.9230769230769231	21459.0	1734.0	1826.0	160.0	67.0	2100.0	159.0	93.0	171.0	1844.0	79.0	129.0	81.0	92.0	6.0
6	1	8	-99999.9	1.0	-0.1	21459.0	1826.0	2100.0	171.0	129.0	1734.0	160.0	67.0	159.0	1844.0	81.0	93.0	92.0	79.0	6.0
1	6	9	-1.1152182054658857	0.8676214883686614	1.0365111561866125	21991.0	1294.0	1792.0	116.0	53.0	2190.0	134.0	76.0	645.0	1352.0	87.0	133.0	56.0	76.0	5.0
1	9	6	-32.77502392730296	1.0	0.4913461538461538	21991.0	1792.0	1294.0	116.0	53.0	2190.0	645.0	133.0	134.0	1352.0	56.0	76.0	87.0	76.0	5.0
6	1	9	1.1545018213139993	0.1241473036891021	0.9670932358318098	21991.0	1294.0	2190.0	134.0	76.0	1792.0	116.0	53.0	645.0	1352.0	87.0	133.0	76.0	56.0	5.0
1	7	8	-0.2201593980674159	0.5871264529095619	0.5	21432.0	1811.0	1761.0	165.0	77.0	2099.0	169.0	132.0	165.0	1852.0	81.0	88.0	73.0	91.0	4.0
1	8	7	0.0	0.49999999949999996	nan	21432.0	1761.0	1811.0	165.0	77.0	2099.0	165.0	88.0	169.0	1852.0	73.0	132.0	81.0	91.0	4.0
7	1	8	0.06003608282718071	0.4760633787716343	0.0	21432.0	1811.0	2099.0	169.0	132.0	1761.0	165.0	77.0	165.0	1852.0	81.0	88.0	91.0	73.0	4.0
1	7	9	-0.8549717512177388	0.8037166516599412	1.0279441117764472	21963.0	1280.0	1820.0	123.0	60.0	2190.0	137.0	73.0	652.0	1357.0	89.0	126.0	48.0	78.0	4.0
1	9	7	-32.30571831387024	1.0	0.4932950191570881	21963.0	1820.0	1280.0	123.0	60.0	2190.0	652.0	126.0	137.0	1357.0	48.0	73.0	89.0	78.0	4.0
7	1	9	0.8782137017362793	0.1899138417214954	0.9742173112338858	21963.0	1280.0	2190.0	137.0	73.0	1820.0	123.0	60.0	652.0	1357.0	89.0	126.0	78.0	48.0	4.0
1	8	9	-0.5672520342255944	0.7147285548038813	1.0174757281553397	21911.0	1282.0	1872.0	119.0	62.0	2150.0	128.0	74.0	652.0	1356.0	86.0	166.0	58.0	75.0	9.0
1	9	8	-33.59392602691567	1.0	0.4957426679280984	21911.0	1872.0	1282.0	119.0	62.0	2150.0	652.0	166.0	128.0	1356.0	58.0	74.0	86.0	75.0	9.0
8	1	9	0.5769949126760341	0.28197140701441825	0.9833948339483395	21911.0	1282.0	2150.0	128.0	74.0	1872.0	119.0	62.0	652.0	1356.0	86.0	166.0	75.0	58.0	9.0
2	3	4	0.5139207877336285	0.30365367768415574	0.014251781472684086	23594.0	782.0	803.0	481.0	29.0	1129.0	66.0	19.0	72.0	2821.0	46.0	18.0	45.0	93.0	2.0
2	4	3	-99999.9	1.0	-0.01488833746898263	23594.0	803.0	782.0	481.0	29.0	1129.0	72.0	18.0	66.0	2821.0	45.0	19.0	46.0	93.0	2.0
3	2	4	-35.032267030509004	1.0	0.4963592233009709	23594.0	782.0	1129.0	66.0	19.0	803.0	481.0	29.0	72.0	2821.0	46.0	18.0	93.0	45.0	2.0
2	3	5	0.5816366234684979	0.28040569338484866	0.01699029126213592	23580.0	796.0	805.0	475.0	33.0	1122.0	70.0	22.0	77.0	2820.0	42.0	19.0	45.0	92.0	2.0
2	5	3	-99999.9	1.0	-0.017902813299232736	23580.0	805.0	796.0	475.0	33.0	1122.0	77.0	19.0	70.0	2820.0	45.0	22.0	42.0	92.0	2.0
3	2	5	-33.07019659149461	1.0	0.49564134495641343	23580.0	796.0	1122.0	70.0	22.0	805.0	475.0	33.0	77.0	2820.0	42.0	19.0	92.0	45.0	2.0
2	3	6	0.9639707910404425	0.16753028080998722	0.02606635071090047	23650.0	726.0	814.0	472.0	27.0	1129.0	61.0	24.0	72.0	2812.0	55.0	20.0	46.0	89.0	3.0
2	6	3	-99999.9	1.0	-0.028277634961439587	23650.0	814.0	726.0	472.0	27.0	1129.0	72.0	20.0	61.0	2812.0	46.0	24.0	55.0	89.0	3.0
3	2	6	-35.05348331056157	1.0	0.4932182490752158	23650.0	726.0	1129.0	61.0	24.0	814.0	472.0	27.0	72.0	2812.0	55.0	20.0	89.0	46.0	3.0
2	3	7	0.4358255014209082	0.33148170270850585	0.012048192771084338	23622.0	754.0	805.0	474.0	34.0	1128.0	64.0	22.0	69.0	2822.0	48.0	19.0	47.0	89.0	3.0
2	7	3	-99999.9	1.0	-0.0125	23622.0	805.0	754.0	474.0	34.0	1128.0	69.0	19.0	64.0	2822.0	47.0	22.0	48.0	89.0	3.0
3	2	7	-35.30186561509349	1.0	0.49693251533742333	23622.0	754.0	1128.0	64.0	22.0	805.0	474.0	34.0	69.0	2822.0	48.0	19.0	89.0	47.0	3.0
2	3	8	1.7505711796380865	0.04000985962383741	0.9674054758800521	22423.0	1953.0	1148.0	117.0	48.0	1076.0	92.0	46.0	834.0	1956.0	149.0	64.0	38.0	51.0	5.0
2	8	3	-50.206381432020336	1.0	0.5085675119945168	22423.0	1148.0	1953.0	117.0	48.0	1076.0	834.0	64.0	92.0	1956.0	38.0	46.0	149.0	51.0	5.0
3	2	8	-1.6915896708901723	0.9546379085217059	1.0361271676300579	22423.0	1953.0	1076.0	92.0	46.0	1148.0	117.0	48.0	834.0	1956.0	149.0	64.0	51.0	38.0	5.0
2	3	9	0.5825243845792571	0.28010671942556886	0.9946605644546148	22983.0	1393.0	1200.0	76.0	37.0	1115.0	69.0	30.0	1373.0	1431.0	135.0	80.0	32.0	44.0	2.0
2	9	3	-107.93344668561372	1.0	0.5013456362937332	22983.0	1200.0	1393.0	76.0	37.0	1115.0	1373.0	80.0	69.0	1431.0	32.0	30.0	135.0	44.0	2.0
3	2	9	-0.5793973365025279	0.7188394896172854	1.0054263565891473	22983.0	1393.0	1115.0	69.0	30.0	1200.0	76.0	37.0	1373.0	1431.0	135.0	80.0	44.0	32.0	2.0
2	4	5	0.15239252736517353	0.43943866015027777	0.0009765625	24148.0	249.0	237.0	1044.0	11.0	1191.0	21.0	7.0	22.0	2899.0	11.0	5.0	15.0	140.0	0.0
2	5	4	-99999.9	1.0	-0.000979431929480901	24148.0	237.0	249.0	1044.0	11.0	1191.0	22.0	5.0	21.0	2899.0	15.0	7.0	11.0	140.0	0.0
4	2	5	-155.74516296720796	1.0	0.4997555012224939	24148.0	249.0	1191.0	21.0	7.0	237.0	1044.0	11.0	22.0	2899.0	11.0	5.0	140.0	15.0	0.0
2	4	6	0.6019813644014617	0.27359322240991246	0.015317286652078774	23706.0	691.0	758.0	515.0	19.0	1133.0	65.0	21.0	72.0	2809.0	51.0	16.0	45.0	97.0	2.0
2	6	4	-99999.9	1.0	-0.016055045871559634	23706.0	758.0	691.0	515.0	19.0	1133.0	72.0	16.0	65.0	2809.0	45.0	21.0	51.0	97.0	2.0
4	2	6	-38.09682063283536	1.0	0.49608062709966405	23706.0	691.0	1133.0	65.0	21.0	758.0	515.0	19.0	72.0	2809.0	51.0	16.0	97.0	45.0	2.0
2	4	7	-99999.9	1.0	-0.002257336343115124	23674.0	723.0	753.0	513.0	26.0	1131.0	69.0	19.0	68.0	2818.0	46.0	17.0	46.0	95.0	2.0
2	7	4	0.08549910482074263	0.4659322387853757	0.002242152466367713	23674.0	753.0	723.0	513.0	26.0	1131.0	68.0	17.0	69.0	2818.0	46.0	19.0	46.0	95.0	2.0
4	2	7	-37.96160254040946	1.0	0.500562429696288	23674.0	723.0	1131.0	69.0	19.0	753.0	513.0	26.0	68.0	2818.0	46.0	17.0	95.0	46.0	2.0
2	4	8	2.3493512109741883	0.009403061428635784	0.9571428571428572	22449.0	1948.0	1122.0	118.0	52.0	1087.0	85.0	47.0	822.0	1963.0	147.0	65.0	38.0	51.0	6.0
2	8	4	-50.119492500782655	1.0	0.5114503816793893	22449.0	1122.0	1948.0	118.0	52.0	1087.0	822.0	65.0	85.0	1963.0	38.0	47.0	147.0	51.0	6.0
4	2	8	-2.2441563806320604	0.987588869187825	1.0491803278688525	22449.0	1948.0	1087.0	85.0	47.0	1122.0	118.0	52.0	822.0	1963.0	147.0	65.0	51.0	38.0	6.0
2	4	9	0.5008829153408643	0.30822676156660944	0.9954022988505747	23006.0	1391.0	1177.0	75.0	40.0	1120.0	69.0	30.0	1368.0	1430.0	134.0	80.0	33.0	43.0	4.0
2	9	4	-107.94026825595631	1.0	0.5011574074074074	23006.0	1177.0	1391.0	75.0	40.0	1120.0	1368.0	80.0	69.0	1430.0	33.0	30.0	134.0	43.0	4.0
4	2	9	-0.4985693683877887	0.6909586061544979	1.0046620046620047	23006.0	1391.0	1120.0	69.0	30.0	1177.0	75.0	40.0	1368.0	1430.0	134.0	80.0	43.0	33.0	4.0
2	5	6	0.4960765970479187	0.30992018570993385	0.013333333333333332	23694.0	691.0	770.0	515.0	19.0	1124.0	71.0	23.0	77.0	2807.0	51.0	20.0	41.0	95.0	2.0
2	6	5	-99999.9	1.0	-0.013888888888888888	23694.0	770.0	691.0	515.0	19.0	1124.0	77.0	20.0	71.0	2807.0	41.0	23.0	51.0	95.0	2.0
5	2	6	-36.21359158449811	1.0	0.49659863945578236	23694.0	691.0	1124.0	71.0	23.0	770.0	515.0	19.0	77.0	2807.0	51.0	20.0	95.0	41.0	2.0
2	5	7	-99999.9	1.0	-0.004587155963302752	23658.0	727.0	769.0	513.0	22.0	1123.0	75.0	20.0	73.0	2816.0	46.0	20.0	42.0	94.0	2.0
2	7	5	0.1647064190897805	0.4345875278909779	0.004524886877828054	23658.0	769.0	727.0	513.0	22.0	1123.0	73.0	20.0	75.0	2816.0	42.0	20.0	46.0	94.0	2.0
5	2	7	-36.07070578066215	1.0	0.501138952164009	23658.0	727.0	1123.0	75.0	20.0	769.0	513.0	22.0	73.0	2816.0	46.0	20.0	94.0	42.0	2.0
2	5	8	1.759020912317186	0.0392869343942569	0.9672774869109948	22440.0	1945.0	1131.0	116.0	57.0	1078.0	91.0	49.0	830.0	1960.0	145.0	66.0	35.0	51.0	6.0
2	8	5	-50.237637255778814	1.0	0.508602890571232	22440.0	1131.0	1945.0	116.0	57.0	1078.0	830.0	66.0	91.0	1960.0	35.0	49.0	145.0	51.0	6.0
5	2	8	-1.6995141155540876	0.9553888506774347	1.0362844702467344	22440.0	1945.0	1078.0	91.0	49.0	1131.0	116.0	57.0	830.0	1960.0	145.0	66.0	51.0	35.0	6.0
2	5	9	-0.7391635279973061	0.770096216413755	1.0069875776397517	22990.0	1395.0	1193.0	69.0	42.0	1111.0	78.0	29.0	1375.0	1423.0	137.0	82.0	31.0	41.0	4.0
2	9	5	-107.26084084049793	1.0	0.498271225509028	22990.0	1193.0	1395.0	69.0	42.0	1111.0	1375.0	82.0	78.0	1423.0	31.0	29.0	137.0	41.0	4.0
5	2	9	0.7442926503966706	0.22834965493422832	0.9931558935361217	22990.0	1395.0	1111.0	78.0	29.0	1193.0	69.0	42.0	1375.0	1423.0	137.0	82.0	41.0	31.0	4.0
2	6	7	-99999.9	1.0	-0.011363636363636364	24059.0	405.0	368.0	845.0	12.0	1171.0	44.0	6.0	35.0	2863.0	21.0	10.0	26.0	133.0	2.0
2	7	6	1.0162534931040237	0.15475436057031322	0.01098901098901099	24059.0	368.0	405.0	845.0	12.0	1171.0	35.0	10.0	44.0	2863.0	26.0	6.0	21.0	133.0	2.0
6	2	7	-90.44656088625813	1.0	0.5027932960893854	24059.0	405.0	1171.0	44.0	6.0	368.0	845.0	12.0	35.0	2863.0	21.0	10.0	133.0	26.0	2.0
2	6	8	0.36477704800677146	0.3576389812563283	0.9931972789115646	22477.0	1987.0	1094.0	97.0	34.0	1082.0	92.0	47.0	822.0	1950.0	147.0	70.0	44.0	49.0	8.0
2	8	6	-52.89267196098178	1.0	0.5017182130584193	22477.0	1094.0	1987.0	97.0	34.0	1082.0	822.0	70.0	92.0	1950.0	44.0	47.0	147.0	49.0	8.0
6	2	8	-0.3622785750752182	0.6414280042547635	1.0069444444444444	22477.0	1987.0	1082.0	92.0	47.0	1094.0	97.0	34.0	822.0	1950.0	147.0	70.0	49.0	44.0	8.0
2	6	9	0.9293581371146823	0.17635173969010598	0.9915449654112222	23060.0	1404.0	1123.0	76.0	26.0	1121.0	65.0	35.0	1355.0	1430.0	134.0	92.0	37.0	38.0	4.0
2	9	6	-108.0590052154253	1.0	0.502140910860257	23060.0	1123.0	1404.0	76.0	26.0	1121.0	1355.0	92.0	65.0	1430.0	37.0	35.0	134.0	38.0	4.0
6	2	9	-0.9214333778059526	0.8215879164592967	1.0086750788643533	23060.0	1404.0	1121.0	65.0	35.0	1123.0	76.0	26.0	1355.0	1430.0	134.0	92.0	38.0	37.0	4.0
2	7	8	0.6413684218821502	0.2606416118788031	0.9879032258064516	22455.0	1972.0	1116.0	104.0	42.0	1076.0	95.0	45.0	830.0	1954.0	149.0	68.0	37.0	50.0	7.0
2	8	7	-51.73705269849347	1.0	0.5030800821355236	22455.0	1116.0	1972.0	104.0	42.0	1076.0	830.0	68.0	95.0	1954.0	37.0	45.0	149.0	50.0	7.0
7	2	8	-0.6335149310019607	0.7368013415919343	1.0125523012552302	22455.0	1972.0	1076.0	95.0	45.0	1116.0	104.0	42.0	830.0	1954.0	149.0	68.0	50.0	37.0	7.0
2	7	9	1.5540899851909307	0.06008149052040901	0.9855513307984791	23033.0	1394.0	1150.0	85.0	27.0	1120.0	66.0	30.0	1362.0	1434.0	137.0	86.0	32.0	39.0	5.0
2	9	7	-104.4512058467798	1.0	0.5036921881072678	23033.0	1150.0	1394.0	85.0	27.0	1120.0	1362.0	86.0	66.0	1434.0	32.0	30.0	137.0	39.0	5.0
7	2	9	-1.5313062585561872	0.9371531197130499	1.0151033386327504	23033.0	1394.0	1120.0	66.0	30.0	1150.0	85.0	27.0	1362.0	1434.0	137.0	86.0	39.0	32.0	5.0
2	8	9	0.700720393037383	0.24173869441633433	0.9795918367346939	22261.0	1310.0	1922.0	131.0	65.0	1800.0	120.0	54.0	648.0	1354.0	84.0	120.0	58.0	65.0	8.0
2	9	8	-32.93385847275697	1.0	0.5052631578947369	22261.0	1922.0	1310.0	131.0	65.0	1800.0	648.0	120.0	120.0	1354.0	58.0	54.0	84.0	65.0	8.0
8	2	9	-0.6861220515157709	0.7536819946849778	1.0217391304347827	22261.0	1310.0	1800.0	120.0	54.0	1922.0	131.0	65.0	648.0	1354.0	84.0	120.0	65.0	58.0	8.0
3	4	5	1.3767305061007395	0.08429785060407591	0.01461038961038961	24467.0	256.0	235.0	624.0	8.0	872.0	17.0	4.0	26.0	3355.0	14.0	3.0	15.0	104.0	0.0
3	5	4	-99999.9	1.0	-0.015280135823429542	24467.0	235.0	256.0	624.0	8.0	872.0	26.0	3.0	17.0	3355.0	15.0	4.0	14.0	104.0	0.0
4	3	5	-91.47609362758251	1.0	0.4962655601659751	24467.0	256.0	872.0	17.0	4.0	235.0	624.0	8.0	26.0	3355.0	14.0	3.0	104.0	15.0	0.0
3	4	6	1.0580945609575898	0.14500619807054194	0.25	24017.0	706.0	762.0	93.0	12.0	822.0	60.0	11.0	71.0	3267.0	57.0	13.0	46.0	61.0	2.0
3	6	4	-99999.9	1.0	-1.0	24017.0	762.0	706.0	93.0	12.0	822.0	71.0	13.0	60.0	3267.0	46.0	11.0	57.0	61.0	2.0
4	3	6	-2.1161891219151796	0.9828356975840186	0.4	24017.0	706.0	822.0	60.0	11.0	762.0	93.0	12.0	71.0	3267.0	57.0	13.0	61.0	46.0	2.0
3	4	7	0.08920967841070566	0.464457573803299	0.0	23989.0	734.0	761.0	92.0	14.0	816.0	65.0	12.0	65.0	3273.0	57.0	12.0	47.0	61.0	2.0
3	7	4	0.08920967841070566	0.464457573803299	0.0	23989.0	761.0	734.0	92.0	14.0	816.0	65.0	12.0	65.0	3273.0	47.0	12.0	57.0	61.0	2.0
4	3	7	-2.3671463862286815	0.9910370934713542	0.5	23989.0	734.0	816.0	65.0	12.0	761.0	92.0	14.0	65.0	3273.0	57.0	12.0	61.0	47.0	2.0
3	4	8	0.5673032963175629	0.28525403401982186	0.9939077458659704	22755.0	1968.0	744.0	80.0	43.0	781.0	73.0	39.0	1215.0	2016.0	164.0	50.0	35.0	36.0	1.0
3	8	4	-91.9841773314906	1.0	0.5015371102327624	22755.0	744.0	1968.0	80.0	43.0	781.0	1215.0	50.0	73.0	2016.0	35.0	39.0	164.0	36.0	1.0
4	3	8	-0.5638259556220963	0.7135637405885533	1.0062056737588652	22755.0	1968.0	781.0	73.0	39.0	744.0	80.0	43.0	1215.0	2016.0	164.0	50.0	36.0	35.0	1.0
3	4	9	-0.1978127539843615	0.5784041932842381	1.0011655011655012	23307.0	1416.0	791.0	50.0	26.0	819.0	52.0	22.0	1770.0	1470.0	155.0	64.0	29.0	28.0	1.0
3	9	4	-170.11896842655065	1.0	0.49970913321698657	23307.0	791.0	1416.0	50.0	26.0	819.0	1770.0	64.0	52.0	1470.0	29.0	22.0	155.0	28.0	1.0
4	3	9	0.19804303658504174	0.4215057194297749	0.9988385598141696	23307.0	1416.0	819.0	52.0	22.0	791.0	50.0	26.0	1770.0	1470.0	155.0	64.0	28.0	29.0	1.0
3	5	6	0.17560260051572782	0.43030308475817236	0.07692307692307693	23997.0	705.0	782.0	93.0	13.0	821.0	69.0	11.0	71.0	3261.0	55.0	14.0	43.0	63.0	2.0
3	6	5	-99999.9	1.0	-0.1	23997.0	782.0	705.0	93.0	13.0	821.0	71.0	14.0	69.0	3261.0	43.0	11.0	55.0	63.0	2.0
5	3	6	-1.931628605673005	0.9732973867732891	0.4782608695652174	23997.0	705.0	821.0	69.0	11.0	782.0	93.0	13.0	71.0	3261.0	55.0	14.0	63.0	43.0	2.0
3	5	7	-99999.9	1.0	-0.8999999999999998	23965.0	737.0	785.0	92.0	11.0	816.0	73.0	12.0	64.0	3268.0	55.0	13.0	44.0	63.0	2.0
3	7	5	0.8502201396408373	0.19760130688356903	0.24324324324324326	23965.0	785.0	737.0	92.0	11.0	816.0	64.0	13.0	73.0	3268.0	44.0	12.0	55.0	63.0	2.0
5	3	7	-1.7949091836862094	0.963665966105991	0.5957446808510638	23965.0	737.0	816.0	73.0	12.0	785.0	92.0	11.0	64.0	3268.0	55.0	13.0	63.0	44.0	2.0
3	5	8	-0.24212236035965953	0.5956572724193239	1.0026572187776794	22735.0	1967.0	764.0	75.0	49.0	783.0	78.0	40.0	1210.0	2015.0	162.0	53.0	31.0	37.0	1.0
3	8	5	-91.6029596694041	1.0	0.49933833259814736	22735.0	764.0	1967.0	75.0	49.0	783.0	1210.0	53.0	78.0	2015.0	31.0	40.0	162.0	37.0	1.0
5	3	8	0.24276402739241476	0.40409415363795875	0.9973637961335676	22735.0	1967.0	783.0	78.0	40.0	764.0	75.0	49.0	1210.0	2015.0	162.0	53.0	37.0	31.0	1.0
3	5	9	-1.5893264903120456	0.9440066465819116	1.0094562647754137	23281.0	1421.0	817.0	42.0	29.0	820.0	58.0	23.0	1766.0	1465.0	156.0	67.0	28.0	26.0	1.0
3	9	5	-171.24992933112276	1.0	0.49766899766899764	23281.0	817.0	1421.0	42.0	29.0	820.0	1766.0	67.0	58.0	1465.0	28.0	23.0	156.0	26.0	1.0
5	3	9	1.6042147946709409	0.05433335567699693	0.9908045977011494	23281.0	1421.0	820.0	58.0	23.0	817.0	42.0	29.0	1766.0	1465.0	156.0	67.0	26.0	28.0	1.0
3	6	7	-99999.9	1.0	-0.0320855614973262	24377.0	402.0	373.0	432.0	6.0	853.0	46.0	7.0	34.0	3312.0	27.0	6.0	27.0	97.0	1.0
3	7	6	1.3546533452707359	0.08776407677350995	0.02926829268292683	24377.0	373.0	402.0	432.0	6.0	853.0	34.0	6.0	46.0	3312.0	27.0	7.0	27.0	97.0	1.0
6	3	7	-43.57468260620868	1.0	0.5076530612244898	24377.0	402.0	853.0	46.0	7.0	373.0	432.0	6.0	34.0	3312.0	27.0	6.0	97.0	27.0	1.0
3	6	8	-1.7848549226119423	0.9628576234014927	1.0199818346957312	22773.0	2006.0	726.0	63.0	22.0	786.0	85.0	35.0	1208.0	1998.0	167.0	52.0	41.0	35.0	3.0
3	8	6	-92.89358574503066	1.0	0.49514991181657847	22773.0	726.0	2006.0	63.0	22.0	786.0	1208.0	52.0	85.0	1998.0	41.0	35.0	167.0	35.0	3.0
6	3	8	1.8198209139721049	0.03439308505322414	0.9811482433590403	22773.0	2006.0	786.0	85.0	35.0	726.0	63.0	22.0	1208.0	1998.0	167.0	52.0	35.0	41.0	3.0
3	6	9	0.3887530304910768	0.34872947833101653	0.9976539589442815	23353.0	1426.0	745.0	55.0	11.0	828.0	51.0	27.0	1752.0	1466.0	155.0	73.0	34.0	23.0	1.0
3	9	6	-164.9284731858396	1.0	0.5005885815185402	23353.0	745.0	1426.0	55.0	11.0	828.0	1752.0	73.0	51.0	1466.0	34.0	27.0	155.0	23.0	1.0
6	3	9	-0.3878388552283112	0.6509323012241489	1.002362669816893	23353.0	1426.0	828.0	51.0	27.0	745.0	55.0	11.0	1752.0	1466.0	155.0	73.0	23.0	34.0	1.0
3	7	8	-1.4450938795371833	0.9257841966157626	1.016245487364621	22756.0	1994.0	743.0	67.0	30.0	775.0	85.0	33.0	1211.0	2005.0	169.0	60.0	34.0	36.0	2.0
3	8	7	-91.84374434391879	1.0	0.4960352422907489	22756.0	743.0	1994.0	67.0	30.0	775.0	1211.0	60.0	85.0	2005.0	34.0	33.0	169.0	36.0	2.0
7	3	8	1.468194847416108	0.07102569024129113	0.9845094664371773	22756.0	1994.0	775.0	85.0	33.0	743.0	67.0	30.0	1211.0	2005.0	169.0	60.0	36.0	34.0	2.0
3	7	9	1.1365008035444955	0.12787356840826591	0.9930313588850174	23333.0	1417.0	765.0	62.0	13.0	820.0	50.0	23.0	1760.0	1470.0	155.0	73.0	31.0	26.0	2.0
3	9	7	-160.8148637015464	1.0	0.5017605633802817	23333.0	765.0	1417.0	62.0	13.0	820.0	1760.0	73.0	50.0	1470.0	31.0	23.0	155.0	26.0	2.0
7	3	9	-1.1285253593090956	0.8704508915866798	1.00711743772242	23333.0	1417.0	820.0	50.0	23.0	765.0	62.0	13.0	1760.0	1470.0	155.0	73.0	26.0	31.0	2.0
3	8	9	0.19453209396027188	0.4228796548031283	0.994535519125683	22196.0	1303.0	1902.0	121.0	68.0	1865.0	118.0	63.0	664.0	1377.0	83.0	124.0	56.0	52.0	8.0
3	9	8	-35.210309006809425	1.0	0.5013774104683195	22196.0	1902.0	1303.0	121.0	68.0	1865.0	664.0	124.0	118.0	1377.0	56.0	63.0	83.0	52.0	8.0
8	3	9	-0.1934632363011495	0.5767018825508559	1.0055555555555555	22196.0	1303.0	1865.0	118.0	63.0	1902.0	121.0	68.0	664.0	1377.0	83.0	124.0	52.0	56.0	8.0
4	5	6	-1.32565025097232	0.9075221475997907	1.0157618213660244	24585.0	754.0	254.0	18.0	5.0	233.0	27.0	4.0	607.0	3381.0	95.0	6.0	13.0	18.0	0.0
4	6	5	-86.75644420252168	1.0	0.49615055603079555	24585.0	254.0	754.0	18.0	5.0	233.0	607.0	6.0	27.0	3381.0	13.0	4.0	95.0	18.0	0.0
5	4	6	1.3462206859012007	0.0891157413768301	0.9849498327759197	24585.0	754.0	233.0	27.0	4.0	254.0	18.0	5.0	607.0	3381.0	95.0	6.0	18.0	13.0	0.0
4	5	7	-1.142788644167853	0.8734367675272285	1.0141592920353983	24550.0	789.0	255.0	20.0	2.0	231.0	28.0	5.0	601.0	3385.0	97.0	6.0	13.0	18.0	0.0
4	7	5	-82.99502528269053	1.0	0.4965337954939341	24550.0	255.0	789.0	20.0	2.0	231.0	601.0	6.0	28.0	3385.0	13.0	5.0	97.0	18.0	0.0
5	4	7	1.1587438084843327	0.12328037241512924	0.9864176570458404	24550.0	789.0	231.0	28.0	5.0	255.0	20.0	2.0	601.0	3385.0	97.0	6.0	18.0	13.0	0.0
4	5	8	-1.5953774364816424	0.9446860696978401	1.0063731170336037	23296.0	2043.0	240.0	18.0	19.0	222.0	29.0	13.0	1766.0	2098.0	219.0	21.0	5.0	11.0	0.0
4	8	5	-253.519978088175	1.0	0.4984218077474893	23296.0	240.0	2043.0	18.0	19.0	222.0	1766.0	21.0	29.0	2098.0	5.0	13.0	219.0	11.0	0.0
5	4	8	1.6054805751122112	0.05419404027298391	0.9937464468447982	23296.0	2043.0	222.0	29.0	13.0	240.0	18.0	19.0	1766.0	2098.0	219.0	21.0	11.0	5.0	0.0
4	5	9	-2.6253500911404024	0.9956719659568025	1.0060137457044673	23863.0	1476.0	263.0	7.0	7.0	238.0	21.0	5.0	2363.0	1520.0	200.0	24.0	7.0	6.0	0.0
4	9	5	-441.80891533762576	1.0	0.4985100042571307	23863.0	263.0	1476.0	7.0	7.0	238.0	2363.0	24.0	21.0	1520.0	7.0	5.0	200.0	6.0	0.0
5	4	9	2.6410439003957253	0.004132591240799899	0.9940928270042194	23863.0	1476.0	238.0	21.0	5.0	263.0	7.0	7.0	2363.0	1520.0	200.0	24.0	6.0	7.0	0.0
4	6	7	-99999.9	1.0	-0.020114942528735632	24431.0	408.0	374.0	397.0	6.0	799.0	42.0	5.0	35.0	3358.0	28.0	4.0	26.0	86.0	1.0
4	7	6	0.803451850196602	0.2108567489280042	0.018970189701897018	24431.0	374.0	408.0	397.0	6.0	799.0	35.0	4.0	42.0	3358.0	26.0	5.0	28.0	86.0	1.0
6	4	7	-40.74648668854198	1.0	0.504881450488145	24431.0	408.0	799.0	42.0	5.0	374.0	397.0	6.0	35.0	3358.0	28.0	4.0	86.0	26.0	1.0
4	6	8	-2.6210251871929695	0.9956166732175533	1.0265017667844523	22834.0	2005.0	702.0	48.0	27.0	725.0	78.0	43.0	1240.0	2016.0	165.0	44.0	38.0	32.0	3.0
4	8	6	-104.14206743780058	1.0	0.49362786745964315	22834.0	702.0	2005.0	48.0	27.0	725.0	1240.0	44.0	78.0	2016.0	38.0	43.0	165.0	32.0	3.0
6	4	8	2.68869365157833	0.0035866586532276035	0.9754500818330606	22834.0	2005.0	725.0	78.0	43.0	702.0	48.0	27.0	1240.0	2016.0	165.0	44.0	32.0	38.0	3.0
4	6	9	0.3111678612520308	0.3778365759317378	0.9982866933181039	23409.0	1430.0	717.0	48.0	12.0	772.0	45.0	29.0	1793.0	1472.0	156.0	60.0	31.0	24.0	2.0
4	9	6	-180.99597262826435	1.0	0.5004294302891498	23409.0	717.0	1430.0	48.0	12.0	772.0	1793.0	60.0	45.0	1472.0	31.0	29.0	156.0	24.0	2.0
6	4	9	-0.31063382030022524	0.6219604244180668	1.0017221584385763	23409.0	1430.0	772.0	45.0	29.0	717.0	48.0	12.0	1793.0	1472.0	156.0	60.0	24.0	31.0	2.0
4	7	8	-2.1510280137497615	0.9842630616220753	1.0220458553791887	22812.0	1993.0	724.0	53.0	34.0	719.0	78.0	41.0	1237.0	2022.0	167.0	53.0	32.0	33.0	2.0
4	8	7	-101.87268673118868	1.0	0.4946649594536918	22812.0	724.0	1993.0	53.0	34.0	719.0	1237.0	53.0	78.0	2022.0	32.0	41.0	167.0	33.0	2.0
7	4	8	2.197426374702086	0.01399495616283164	0.9793217535153019	22812.0	1993.0	719.0	78.0	41.0	724.0	53.0	34.0	1237.0	2022.0	167.0	53.0	33.0	32.0	2.0
4	7	9	1.0860069196577549	0.13873800555881832	0.99375	23387.0	1418.0	739.0	57.0	15.0	766.0	46.0	26.0	1795.0	1475.0	156.0	64.0	27.0	26.0	3.0
4	9	7	-171.58909330592536	1.0	0.501577287066246	23387.0	739.0	1418.0	57.0	15.0	766.0	1795.0	64.0	46.0	1475.0	27.0	26.0	156.0	26.0	3.0
7	4	9	-1.0791766874586495	0.8597454769648007	1.0063694267515924	23387.0	1418.0	766.0	46.0	26.0	739.0	57.0	15.0	1795.0	1475.0	156.0	64.0	26.0	27.0	3.0
4	8	9	0.0	0.49999999949999996	nan	22228.0	1308.0	1898.0	111.0	71.0	1833.0	111.0	65.0	664.0	1385.0	83.0	128.0	52.0	54.0	9.0
4	9	8	-37.106573457900716	1.0	0.5	22228.0	1898.0	1308.0	111.0	71.0	1833.0	664.0	128.0	111.0	1385.0	52.0	65.0	83.0	54.0	9.0
8	4	9	0.0	0.49999999949999996	nan	22228.0	1308.0	1833.0	111.0	65.0	1898.0	111.0	71.0	664.0	1385.0	83.0	128.0	54.0	52.0	9.0
5	6	7	-99999.9	1.0	-0.0223463687150838	24411.0	407.0	370.0	409.0	6.0	819.0	43.0	5.0	35.0	3354.0	28.0	8.0	26.0	78.0	1.0
5	7	6	0.9128487508048548	0.18066102285254815	0.02094240837696335	24411.0	370.0	407.0	409.0	6.0	819.0	35.0	8.0	43.0	3354.0	26.0	5.0	28.0	78.0	1.0
6	5	7	-41.76283034932216	1.0	0.5054054054054055	24411.0	407.0	819.0	43.0	5.0	370.0	409.0	6.0	35.0	3354.0	28.0	8.0	78.0	26.0	1.0
5	6	8	-1.7206930038340664	0.9573467615066652	1.017467248908297	22816.0	2002.0	702.0	56.0	27.0	743.0	76.0	48.0	1241.0	2012.0	164.0	43.0	39.0	28.0	3.0
5	8	6	-101.95106047716833	1.0	0.4957446808510638	22816.0	702.0	2002.0	56.0	27.0	743.0	1241.0	43.0	76.0	2012.0	39.0	48.0	164.0	28.0	3.0
6	5	8	1.7502327978913035	0.040039033838757065	0.983402489626556	22816.0	2002.0	743.0	76.0	48.0	702.0	56.0	27.0	1241.0	2012.0	164.0	43.0	28.0	39.0	3.0
5	6	9	1.748625078027743	0.04017788266713396	0.9904117315284828	23385.0	1433.0	716.0	56.0	13.0	796.0	39.0	32.0	1795.0	1465.0	157.0	59.0	29.0	23.0	2.0
5	9	6	-178.87405945236725	1.0	0.5024320457796853	23385.0	716.0	1433.0	56.0	13.0	796.0	1795.0	59.0	39.0	1465.0	29.0	32.0	157.0	23.0	2.0
6	5	9	-1.7316964753361306	0.9583362282680744	1.0098722415795587	23385.0	1433.0	796.0	39.0	32.0	716.0	56.0	13.0	1795.0	1465.0	157.0	59.0	23.0	29.0	2.0
5	7	8	-1.2710015915063109	0.8981358900091091	1.0130662020905923	22791.0	1990.0	727.0	61.0	34.0	740.0	76.0	46.0	1239.0	2018.0	166.0	48.0	33.0	29.0	2.0
5	8	7	-99.81599165296228	1.0	0.49679624092268265	22791.0	727.0	1990.0	61.0	34.0	740.0	1239.0	48.0	76.0	2018.0	33.0	46.0	166.0	29.0	2.0
7	5	8	1.2873945613021787	0.09897846792918241	0.9874266554903605	22791.0	1990.0	740.0	76.0	46.0	727.0	61.0	34.0	1239.0	2018.0	166.0	48.0	29.0	33.0	2.0
5	7	9	2.4475406595244618	0.007191748448123869	0.9859786876051598	23360.0	1421.0	741.0	65.0	16.0	793.0	40.0	29.0	1798.0	1468.0	157.0	59.0	25.0	25.0	3.0
5	9	7	-169.66351851823586	1.0	0.5035806359209395	23360.0	741.0	1421.0	65.0	16.0	793.0	1798.0	59.0	40.0	1468.0	25.0	29.0	157.0	25.0	3.0
7	5	9	-2.4127349049805984	0.9920833384677575	1.0146370023419204	23360.0	1421.0	793.0	40.0	29.0	741.0	65.0	16.0	1798.0	1468.0	157.0	59.0	25.0	25.0	3.0
5	8	9	0.9411279974624528	0.17331962141822865	0.9756521739130435	22207.0	1311.0	1894.0	120.0	71.0	1854.0	106.0	67.0	667.0	1376.0	84.0	129.0	51.0	54.0	9.0
5	9	8	-36.77121532942584	1.0	0.506317689530686	22207.0	1894.0	1311.0	120.0	71.0	1854.0	667.0	129.0	106.0	1376.0	51.0	67.0	84.0	54.0	9.0
8	5	9	-0.9176417372762241	0.8205967928116886	1.026266416510319	22207.0	1311.0	1854.0	106.0	67.0	1894.0	120.0	71.0	667.0	1376.0	84.0	129.0	54.0	51.0	9.0
6	7	8	0.6800370515911954	0.24824043310400112	0.9961587708066582	23163.0	2067.0	396.0	42.0	17.0	368.0	36.0	9.0	1592.0	2046.0	203.0	26.0	14.0	20.0	1.0
6	8	7	-175.67623832772608	1.0	0.5009658725048294	23163.0	396.0	2067.0	42.0	17.0	368.0	1592.0	26.0	36.0	2046.0	14.0	9.0	203.0	20.0	1.0
7	6	8	-0.677414800749584	0.7509286618027998	1.0038860103626943	23163.0	2067.0	368.0	36.0	9.0	396.0	42.0	17.0	1592.0	2046.0	203.0	26.0	20.0	14.0	1.0
6	7	9	0.9568798789445393	0.16931393698813735	0.996265172735761	23781.0	1449.0	400.0	39.0	16.0	372.0	31.0	10.0	2165.0	1503.0	173.0	33.0	10.0	16.0	2.0
6	9	7	-254.29082782951136	1.0	0.5009389671361503	23781.0	400.0	1449.0	39.0	16.0	372.0	2165.0	33.0	31.0	1503.0	10.0	10.0	173.0	16.0	2.0
7	6	9	-0.9532927003917949	0.8297791140363516	1.0037771482530689	23781.0	1449.0	372.0	31.0	10.0	400.0	39.0	16.0	2165.0	1503.0	173.0	33.0	16.0	10.0	2.0
6	8	9	0.33040432374505824	0.3705473056223154	0.990530303030303	22242.0	1317.0	1939.0	118.0	69.0	1819.0	113.0	54.0	636.0	1377.0	83.0	115.0	54.0	55.0	9.0
6	9	8	-34.22988793998797	1.0	0.5024015369836696	22242.0	1939.0	1317.0	118.0	69.0	1819.0	636.0	115.0	113.0	1377.0	54.0	54.0	83.0	55.0	9.0
8	6	9	-0.327245582600268	0.6282588579859831	1.0097465886939572	22242.0	1317.0	1819.0	113.0	54.0	1939.0	118.0	69.0	636.0	1377.0	83.0	115.0	55.0	54.0	9.0
7	8	9	-0.19263719824755038	0.576378425583168	1.0057803468208093	22227.0	1304.0	1926.0	119.0	67.0	1834.0	122.0	58.0	644.0	1380.0	84.0	120.0	56.0	51.0	8.0
7	9	8	-33.71150969332123	1.0	0.49856733524355307	22227.0	1926.0	1304.0	119.0	67.0	1834.0	644.0	120.0	122.0	1380.0	56.0	58.0	84.0	51.0	8.0
8	7	9	0.19374430858230643	0.42318806796508956	0.9943181818181818	22227.0	1304.0	1834.0	122.0	58.0	1926.0	119.0	67.0	644.0	1380.0	84.0	120.0	51.0	56.0	8.0
