P1	Hybrid	P2	Zscore	Pvalue	Gamma	AAAA	AAAB	AABA	AABB	AABC	ABAA	ABAB	ABAC	ABBA	BAAA	ABBC	CABC	BACA	BCAA	ABCD
1	2	3	-99999.9	1.0	-0.025688073394495414	37221.0	1820.0	1750.0	1294.0	121.0	3887.0	176.0	88.0	148.0	2970.0	81.0	98.0	71.0	271.0	4.0
1	3	2	1.5708381209320577	0.05811013595745029	0.023850085178875637	37221.0	1750.0	1820.0	1294.0	121.0	3887.0	148.0	98.0	176.0	2970.0	71.0	88.0	81.0	271.0	4.0
2	1	3	-62.72132211435856	1.0	0.5061837455830388	37221.0	1820.0	3887.0	176.0	88.0	1750.0	1294.0	121.0	148.0	2970.0	81.0	98.0	271.0	71.0	4.0
1	2	4	-99999.9	1.0	-0.01811594202898551	37347.0	1694.0	1763.0	1297.0	105.0	3872.0	173.0	106.0	153.0	2967.0	79.0	93.0	74.0	268.0	9.0
1	4	2	1.1159577841004906	0.1322201513701261	0.01718213058419244	37347.0	1763.0	1694.0	1297.0	105.0	3872.0	153.0	93.0	173.0	2967.0	74.0	106.0	79.0	268.0	9.0
2	1	4	-62.71682746644767	1.0	0.5044091710758377	37347.0	1694.0	3872.0	173.0	106.0	1763.0	1297.0	105.0	153.0	2967.0	79.0	93.0	268.0	74.0	9.0
1	2	5	-99999.9	1.0	-0.019963702359346643	37345.0	1696.0	1769.0	1295.0	101.0	3870.0	171.0	110.0	149.0	2978.0	72.0	93.0	74.0	269.0	8.0
1	5	2	1.2397376548656545	0.1075362905026217	0.018835616438356163	37345.0	1769.0	1696.0	1295.0	101.0	3870.0	149.0	93.0	171.0	2978.0	74.0	110.0	72.0	269.0	8.0
2	1	5	-63.33932382131797	1.0	0.5048458149779735	37345.0	1696.0	3870.0	171.0	110.0	1769.0	1295.0	101.0	149.0	2978.0	72.0	93.0	269.0	74.0	8.0
1	2	6	0.2770427826192654	0.390873692110557	0.004347826086956522	37317.0	1724.0	1764.0	1306.0	95.0	3883.0	161.0	107.0	166.0	2953.0	80.0	92.0	76.0	273.0	3.0
1	6	2	-99999.9	1.0	-0.004405286343612334	37317.0	1764.0	1724.0	1306.0	95.0	3883.0	166.0	92.0	161.0	2953.0	76.0	107.0	80.0	273.0	3.0
2	1	6	-63.16575443719264	1.0	0.49890590809628005	37317.0	1724.0	3883.0	161.0	107.0	1764.0	1306.0	95.0	166.0	2953.0	80.0	92.0	273.0	76.0	3.0
1	2	7	-99999.9	1.0	-0.01539855072463768	37248.0	1793.0	1767.0	1297.0	101.0	3867.0	176.0	108.0	159.0	2958.0	82.0	97.0	73.0	272.0	2.0
1	7	2	0.9348663944389443	0.17492856305188897	0.01471861471861472	37248.0	1767.0	1793.0	1297.0	101.0	3867.0	159.0	97.0	176.0	2958.0	73.0	108.0	82.0	272.0	2.0
2	1	7	-61.646189892120944	1.0	0.5037627268702967	37248.0	1793.0	3867.0	176.0	108.0	1767.0	1297.0	101.0	159.0	2958.0	82.0	97.0	272.0	73.0	2.0
1	2	8	0.0	0.49999999949999996	nan	36375.0	2666.0	2784.0	257.0	124.0	3705.0	257.0	189.0	456.0	2628.0	115.0	173.0	113.0	150.0	8.0
1	8	2	-8.776659999506439	1.0	0.5	36375.0	2784.0	2666.0	257.0	124.0	3705.0	456.0	173.0	257.0	2628.0	113.0	189.0	115.0	150.0	8.0
2	1	8	0.0	0.49999999949999996	nan	36375.0	2666.0	3705.0	257.0	189.0	2784.0	257.0	124.0	456.0	2628.0	115.0	173.0	150.0	113.0	8.0
1	2	9	0.20228727913981764	0.4198460986126238	0.9919839679358717	36710.0	2331.0	2876.0	199.0	90.0	3825.0	195.0	131.0	690.0	2395.0	114.0	191.0	106.0	140.0	7.0
1	9	2	-24.830763514412684	1.0	0.502028397565923	36710.0	2876.0	2331.0	199.0	90.0	3825.0	690.0	191.0	195.0	2395.0	106.0	131.0	114.0	140.0	7.0
2	1	9	-0.20065263445989992	0.5795148753993011	1.0082135523613962	36710.0	2331.0	3825.0	195.0	131.0	2876.0	199.0	90.0	690.0	2395.0	114.0	191.0	140.0	106.0	7.0
1	3	4	-99999.9	1.0	-0.0005827505827505828	37787.0	1184.0	1323.0	1835.0	77.0	3936.0	118.0	79.0	117.0	3045.0	55.0	65.0	51.0	320.0	8.0
1	4	3	0.06523774914229116	0.47399228316601916	0.0005817335660267598	37787.0	1323.0	1184.0	1835.0	77.0	3936.0	117.0	65.0	118.0	3045.0	51.0	79.0	55.0	320.0	8.0
3	1	4	-112.01321527731358	1.0	0.5001455604075691	37787.0	1184.0	3936.0	118.0	79.0	1323.0	1835.0	77.0	117.0	3045.0	55.0	65.0	320.0	51.0	8.0
1	3	5	-99999.9	1.0	-0.002326934264107039	37791.0	1180.0	1323.0	1837.0	75.0	3937.0	114.0	82.0	110.0	3058.0	49.0	65.0	51.0	321.0	7.0
1	5	3	0.2674997935314078	0.3945422481895402	0.002310803004043905	37791.0	1323.0	1180.0	1837.0	75.0	3937.0	110.0	65.0	114.0	3058.0	51.0	82.0	49.0	321.0	7.0
3	1	5	-115.22553606365355	1.0	0.5005797101449276	37791.0	1180.0	3937.0	114.0	82.0	1323.0	1837.0	75.0	110.0	3058.0	49.0	65.0	321.0	51.0	7.0
1	3	6	1.302329921161589	0.09640188140660377	0.011422044545973729	37764.0	1207.0	1317.0	1840.0	78.0	3948.0	109.0	76.0	129.0	3032.0	56.0	64.0	49.0	327.0	4.0
1	6	3	-99999.9	1.0	-0.011827321111768183	37764.0	1317.0	1207.0	1840.0	78.0	3948.0	129.0	64.0	109.0	3032.0	49.0	76.0	56.0	327.0	4.0
3	1	6	-111.41432475537377	1.0	0.49709471237652525	37764.0	1207.0	3948.0	109.0	76.0	1317.0	1840.0	78.0	129.0	3032.0	56.0	64.0	327.0	49.0	4.0
1	3	7	0.2606135660861042	0.3971953227294154	0.0023094688221709002	37697.0	1274.0	1318.0	1844.0	73.0	3934.0	116.0	83.0	120.0	3040.0	57.0	69.0	51.0	321.0	3.0
1	7	3	-99999.9	1.0	-0.002325581395348837	37697.0	1318.0	1274.0	1844.0	73.0	3934.0	120.0	69.0	116.0	3040.0	51.0	83.0	57.0	321.0	3.0
3	1	7	-112.32444698311122	1.0	0.49942062572421786	37697.0	1274.0	3934.0	116.0	83.0	1318.0	1844.0	73.0	120.0	3040.0	57.0	69.0	321.0	51.0	3.0
1	3	8	-0.3565642719120278	0.6392909220675724	1.038647342995169	36287.0	2684.0	2872.0	238.0	125.0	3702.0	246.0	185.0	461.0	2639.0	117.0	171.0	113.0	150.0	10.0
1	8	3	-9.9392290795478	1.0	0.49086757990867586	36287.0	2872.0	2684.0	238.0	125.0	3702.0	461.0	171.0	246.0	2639.0	113.0	185.0	117.0	150.0	10.0
3	1	8	0.36983177970410314	0.35575397747235293	0.9653679653679653	36287.0	2684.0	3702.0	246.0	185.0	2872.0	238.0	125.0	461.0	2639.0	117.0	171.0	150.0	113.0	10.0
1	3	9	0.6126781964227599	0.2700445187535654	0.9769230769230769	36667.0	2304.0	2919.0	202.0	114.0	3814.0	190.0	129.0	698.0	2398.0	121.0	194.0	108.0	135.0	7.0
1	9	3	-25.32403211880738	1.0	0.5059760956175299	36667.0	2919.0	2304.0	202.0	114.0	3814.0	698.0	194.0	190.0	2398.0	108.0	129.0	121.0	135.0	7.0
3	1	9	-0.5982054831214348	0.7251486307093793	1.024793388429752	36667.0	2304.0	3814.0	190.0	129.0	2919.0	202.0	114.0	698.0	2398.0	121.0	194.0	135.0	108.0	7.0
1	4	5	-99999.9	1.0	-0.0010305736860185505	38955.0	155.0	159.0	2932.0	5.0	4088.0	18.0	12.0	15.0	3198.0	1.0	9.0	7.0	445.0	1.0
1	5	4	0.5216629220396887	0.30095250951883323	0.0010273972602739725	38955.0	159.0	155.0	2932.0	5.0	4088.0	15.0	9.0	18.0	3198.0	7.0	12.0	1.0	445.0	1.0
4	1	5	-506.70858494122155	1.0	0.5002572457554451	38955.0	155.0	4088.0	18.0	12.0	159.0	2932.0	5.0	15.0	3198.0	1.0	9.0	445.0	7.0	1.0
1	4	6	1.4891972507469935	0.06821775004379615	0.013172966781214204	37893.0	1217.0	1188.0	1832.0	76.0	3934.0	109.0	75.0	132.0	3028.0	54.0	75.0	53.0	323.0	11.0
1	6	4	-99999.9	1.0	-0.013714967203339297	37893.0	1188.0	1217.0	1832.0	76.0	3934.0	132.0	75.0	109.0	3028.0	53.0	75.0	54.0	323.0	11.0
4	1	6	-110.07110114216897	1.0	0.4966403739409874	37893.0	1217.0	3934.0	109.0	75.0	1188.0	1832.0	76.0	132.0	3028.0	54.0	75.0	323.0	53.0	11.0
1	4	7	0.5110635500554224	0.3046532716906982	0.004624277456647399	37838.0	1272.0	1177.0	1841.0	78.0	3917.0	119.0	82.0	127.0	3035.0	52.0	79.0	53.0	321.0	9.0
1	7	4	-99999.9	1.0	-0.004689331770222743	37838.0	1177.0	1272.0	1841.0	78.0	3917.0	127.0	79.0	119.0	3035.0	53.0	82.0	52.0	321.0	9.0
4	1	7	-109.49536559937431	1.0	0.4988358556461001	37838.0	1272.0	3917.0	119.0	82.0	1177.0	1841.0	78.0	127.0	3035.0	52.0	79.0	321.0	53.0	9.0
1	4	8	-0.1333204052869575	0.5530300365360956	1.014354066985646	36430.0	2680.0	2729.0	248.0	119.0	3695.0	251.0	172.0	463.0	2628.0	123.0	176.0	119.0	152.0	15.0
1	8	4	-9.554629045565262	1.0	0.4964871194379391	36430.0	2729.0	2680.0	248.0	119.0	3695.0	463.0	176.0	251.0	2628.0	119.0	172.0	123.0	152.0	15.0
4	1	8	0.1352070147957352	0.4462240703090775	0.9862385321100917	36430.0	2680.0	3695.0	251.0	172.0	2729.0	248.0	119.0	463.0	2628.0	123.0	176.0	152.0	119.0	15.0
1	4	9	0.15252448018996248	0.4393866269546375	0.9941747572815534	36799.0	2311.0	2787.0	196.0	113.0	3797.0	193.0	128.0	705.0	2389.0	120.0	204.0	114.0	135.0	9.0
1	9	4	-25.87832013889709	1.0	0.5014691478942213	36799.0	2787.0	2311.0	196.0	113.0	3797.0	705.0	204.0	193.0	2389.0	114.0	128.0	120.0	135.0	9.0
4	1	9	-0.15163078206384945	0.5602609390221214	1.0059288537549407	36799.0	2311.0	3797.0	193.0	128.0	2787.0	196.0	113.0	705.0	2389.0	120.0	204.0	135.0	114.0	9.0
1	5	6	1.723882004276258	0.042364537721342965	0.014781125639567936	37902.0	1212.0	1179.0	1835.0	78.0	3935.0	102.0	75.0	128.0	3041.0	54.0	78.0	47.0	324.0	10.0
1	6	5	-99999.9	1.0	-0.015466983938132063	37902.0	1179.0	1212.0	1835.0	78.0	3935.0	128.0	78.0	102.0	3041.0	47.0	75.0	54.0	324.0	10.0
5	1	6	-113.1794838961372	1.0	0.49622093023255814	37902.0	1212.0	3935.0	102.0	75.0	1179.0	1835.0	78.0	128.0	3041.0	54.0	78.0	324.0	47.0	10.0
1	5	7	0.7194730224546727	0.235924689836865	0.0063254744105807935	37837.0	1277.0	1178.0	1840.0	74.0	3918.0	112.0	82.0	123.0	3048.0	52.0	82.0	47.0	322.0	8.0
1	7	5	-99999.9	1.0	-0.006447831184056271	37837.0	1178.0	1277.0	1840.0	74.0	3918.0	123.0	82.0	112.0	3048.0	47.0	82.0	52.0	322.0	8.0
5	1	7	-112.30319814133381	1.0	0.4984034833091437	37837.0	1277.0	3918.0	112.0	82.0	1178.0	1840.0	74.0	123.0	3048.0	52.0	82.0	322.0	47.0	8.0
1	5	8	-0.08955432231437645	0.5356793709241089	1.0093457943925233	36428.0	2686.0	2731.0	246.0	115.0	3692.0	248.0	172.0	464.0	2636.0	123.0	178.0	114.0	152.0	15.0
1	8	5	-9.76142113226701	1.0	0.4976958525345622	36428.0	2731.0	2686.0	246.0	115.0	3692.0	464.0	178.0	248.0	2636.0	114.0	172.0	123.0	152.0	15.0
5	1	8	0.09038352900247251	0.4639911600181643	0.990909090909091	36428.0	2686.0	3692.0	248.0	172.0	2731.0	246.0	115.0	464.0	2636.0	123.0	178.0	152.0	114.0	15.0
1	5	9	0.8746114416524637	0.19089264167610842	0.9681050656660413	36807.0	2307.0	2779.0	203.0	110.0	3796.0	186.0	130.0	702.0	2402.0	119.0	208.0	108.0	134.0	9.0
1	9	5	-25.672418199092913	1.0	0.5083743842364532	36807.0	2779.0	2307.0	203.0	110.0	3796.0	702.0	208.0	186.0	2402.0	108.0	130.0	119.0	134.0	9.0
5	1	9	-0.8457967236135259	0.80116697107125	1.0352697095435686	36807.0	2307.0	3796.0	186.0	130.0	2779.0	203.0	110.0	702.0	2402.0	119.0	208.0	134.0	108.0	9.0
1	6	7	-99999.9	1.0	-0.0075046904315197	38181.0	900.0	834.0	2243.0	48.0	3992.0	95.0	54.0	79.0	3072.0	39.0	52.0	40.0	368.0	3.0
1	7	6	1.2162536248374105	0.11194422733652132	0.007339449541284403	38181.0	834.0	900.0	2243.0	48.0	3992.0	79.0	52.0	95.0	3072.0	40.0	54.0	39.0	368.0	3.0
6	1	7	-163.28204913442244	1.0	0.5018552875695733	38181.0	900.0	3992.0	95.0	54.0	834.0	2243.0	48.0	79.0	3072.0	39.0	52.0	368.0	40.0	3.0
1	6	8	-0.7135588004090607	0.7622500487594368	1.0965909090909092	36395.0	2686.0	2764.0	249.0	112.0	3698.0	266.0	177.0	459.0	2617.0	114.0	177.0	115.0	160.0	11.0
1	8	6	-8.814549887406045	1.0	0.47890818858560796	36395.0	2764.0	2686.0	249.0	112.0	3698.0	459.0	177.0	266.0	2617.0	115.0	177.0	114.0	160.0	11.0
6	1	8	0.7764111299787708	0.21875307303582425	0.9251101321585903	36395.0	2686.0	3698.0	266.0	177.0	2764.0	249.0	112.0	459.0	2617.0	114.0	177.0	160.0	115.0	11.0
1	6	9	-0.4945179572445425	0.6895297847306905	1.0210084033613445	36769.0	2312.0	2817.0	195.0	113.0	3813.0	205.0	123.0	691.0	2384.0	115.0	202.0	107.0	144.0	10.0
1	9	6	-24.528090679329292	1.0	0.49490835030549896	36769.0	2817.0	2312.0	195.0	113.0	3813.0	691.0	202.0	205.0	2384.0	107.0	123.0	115.0	144.0	10.0
6	1	9	0.5046932238545124	0.3068871565905925	0.9802371541501976	36769.0	2312.0	3813.0	205.0	123.0	2817.0	195.0	113.0	691.0	2384.0	115.0	202.0	144.0	107.0	10.0
1	7	8	-0.8411192529299597	0.799859484113868	1.1058201058201058	36325.0	2690.0	2834.0	244.0	113.0	3681.0	264.0	178.0	473.0	2620.0	114.0	180.0	114.0	159.0	11.0
1	8	7	-9.630815446048036	1.0	0.4771689497716895	36325.0	2834.0	2690.0	244.0	113.0	3681.0	473.0	180.0	264.0	2620.0	114.0	178.0	114.0	159.0	11.0
7	1	8	0.9216091335931137	0.17836622530860136	0.9196787148594378	36325.0	2690.0	3681.0	264.0	178.0	2834.0	244.0	113.0	473.0	2620.0	114.0	180.0	159.0	114.0	11.0
1	7	9	0.0	0.49999999949999996	nan	36705.0	2310.0	2881.0	203.0	107.0	3798.0	203.0	122.0	706.0	2384.0	117.0	202.0	109.0	142.0	11.0
1	9	7	-24.960397098098316	1.0	0.5	36705.0	2881.0	2310.0	203.0	107.0	3798.0	706.0	202.0	203.0	2384.0	109.0	122.0	117.0	142.0	11.0
7	1	9	0.0	0.49999999949999996	nan	36705.0	2310.0	3798.0	203.0	122.0	2881.0	203.0	107.0	706.0	2384.0	117.0	202.0	142.0	109.0	11.0
1	8	9	0.4459793577933493	0.3278061059185282	0.9703947368421053	36852.0	2307.0	2734.0	214.0	99.0	4004.0	205.0	125.0	500.0	2389.0	109.0	202.0	102.0	146.0	12.0
1	9	8	-14.17223292543313	1.0	0.5077452667814113	36852.0	2734.0	2307.0	214.0	99.0	4004.0	500.0	202.0	205.0	2389.0	102.0	125.0	109.0	146.0	12.0
8	1	9	-0.43237320789456923	0.6672648719028969	1.032490974729242	36852.0	2307.0	4004.0	205.0	125.0	2734.0	214.0	99.0	500.0	2389.0	109.0	202.0	146.0	102.0	12.0
2	3	4	-99999.9	1.0	-0.0069084628670120895	39863.0	1245.0	1356.0	688.0	40.0	1860.0	105.0	31.0	101.0	4356.0	78.0	48.0	71.0	156.0	2.0
2	4	3	0.2795361589482121	0.3899167612820742	0.00676818950930626	39863.0	1356.0	1245.0	688.0	40.0	1860.0	101.0	48.0	105.0	4356.0	71.0	31.0	78.0	156.0	2.0
3	2	4	-40.74239516670182	1.0	0.5017094017094017	39863.0	1245.0	1860.0	105.0	31.0	1356.0	688.0	40.0	101.0	4356.0	78.0	48.0	156.0	71.0	2.0
2	3	5	-99999.9	1.0	-0.010291595197255575	39859.0	1249.0	1356.0	689.0	39.0	1869.0	100.0	27.0	94.0	4371.0	70.0	48.0	71.0	156.0	2.0
2	5	3	0.43269412986463746	0.3326185317258705	0.009983361064891848	39859.0	1356.0	1249.0	689.0	39.0	1869.0	94.0	48.0	100.0	4371.0	71.0	27.0	70.0	156.0	2.0
3	2	5	-42.47614041504529	1.0	0.5025337837837838	39859.0	1249.0	1869.0	100.0	27.0	1356.0	689.0	39.0	94.0	4371.0	70.0	48.0	156.0	71.0	2.0
2	3	6	0.566264242285045	0.28560704769835144	0.013490725126475549	39843.0	1265.0	1357.0	682.0	45.0	1869.0	97.0	30.0	105.0	4363.0	67.0	48.0	72.0	154.0	3.0
2	6	3	-99999.9	1.0	-0.014059753954305799	39843.0	1357.0	1265.0	682.0	45.0	1869.0	105.0	48.0	97.0	4363.0	72.0	30.0	67.0	154.0	3.0
3	2	6	-40.841808474808886	1.0	0.4965576592082616	39843.0	1265.0	1869.0	97.0	30.0	1357.0	682.0	45.0	105.0	4363.0	67.0	48.0	154.0	72.0	3.0
2	3	7	0.9254002748890433	0.17737884843599938	0.021487603305785127	39765.0	1343.0	1350.0	686.0	48.0	1866.0	94.0	36.0	107.0	4363.0	65.0	50.0	70.0	156.0	1.0
2	7	3	-99999.9	1.0	-0.02296819787985866	39765.0	1350.0	1343.0	686.0	48.0	1866.0	107.0	50.0	94.0	4363.0	70.0	36.0	65.0	156.0	1.0
3	2	7	-41.21590455082735	1.0	0.49444918872758326	39765.0	1343.0	1866.0	94.0	36.0	1350.0	686.0	48.0	107.0	4363.0	65.0	50.0	156.0	70.0	1.0
2	3	8	-0.36025660771777285	0.6406723143325521	1.0044510385756678	38205.0	2903.0	1875.0	135.0	74.0	1784.0	141.0	71.0	1495.0	2824.0	216.0	134.0	70.0	68.0	5.0
2	8	3	-81.65816441602857	1.0	0.498894620486367	38205.0	1875.0	2903.0	135.0	74.0	1784.0	1495.0	134.0	141.0	2824.0	70.0	71.0	216.0	68.0	5.0
3	2	8	0.36185301809170684	0.3587309974952382	0.9956076134699854	38205.0	2903.0	1784.0	141.0	71.0	1875.0	135.0	74.0	1495.0	2824.0	216.0	134.0	68.0	70.0	5.0
2	3	9	0.38627574269316706	0.3496462864159958	0.9964028776978417	38653.0	2455.0	1882.0	124.0	78.0	1828.0	118.0	50.0	1780.0	2553.0	202.0	149.0	63.0	58.0	7.0
2	9	3	-106.61210498331394	1.0	0.5009041591320073	38653.0	1882.0	2455.0	124.0	78.0	1828.0	1780.0	149.0	118.0	2553.0	63.0	50.0	202.0	58.0	7.0
3	2	9	-0.3848812454271267	0.6498372440812821	1.0036363636363637	38653.0	2455.0	1828.0	118.0	50.0	1882.0	124.0	78.0	1780.0	2553.0	202.0	149.0	58.0	63.0	7.0
2	4	5	-99999.9	1.0	-0.0011179429849077697	41052.0	167.0	163.0	1808.0	2.0	1991.0	17.0	1.0	15.0	4515.0	2.0	5.0	10.0	252.0	0.0
2	5	4	0.35317451981664594	0.3619788689175154	0.0011142061281337048	41052.0	163.0	167.0	1808.0	2.0	1991.0	15.0	5.0	17.0	4515.0	10.0	1.0	2.0	252.0	0.0
4	2	5	-316.267782495807	1.0	0.5002790178571429	41052.0	167.0	1991.0	17.0	1.0	163.0	1808.0	2.0	15.0	4515.0	2.0	5.0	252.0	10.0	0.0
2	4	6	1.1010971419278535	0.135427234985678	0.026981450252951095	39948.0	1271.0	1252.0	677.0	44.0	1879.0	100.0	30.0	116.0	4351.0	65.0	27.0	81.0	155.0	4.0
2	6	4	-99999.9	1.0	-0.029357798165137613	39948.0	1252.0	1271.0	677.0	44.0	1879.0	116.0	27.0	100.0	4351.0	81.0	30.0	65.0	155.0	4.0
4	2	6	-38.6072185388453	1.0	0.4929701230228471	39948.0	1271.0	1879.0	100.0	30.0	1252.0	677.0	44.0	116.0	4351.0	65.0	27.0	155.0	81.0	4.0
2	4	7	1.1730518275164157	0.1203875722945349	0.028145695364238416	39879.0	1340.0	1236.0	686.0	51.0	1876.0	99.0	34.0	116.0	4353.0	63.0	31.0	75.0	158.0	3.0
2	7	4	-99999.9	1.0	-0.03074141048824593	39879.0	1236.0	1340.0	686.0	51.0	1876.0	116.0	31.0	99.0	4353.0	75.0	34.0	63.0	158.0	3.0
4	2	7	-39.33173774613865	1.0	0.4926534140017286	39879.0	1340.0	1876.0	99.0	34.0	1236.0	686.0	51.0	116.0	4353.0	63.0	31.0	158.0	75.0	3.0
2	4	8	0.17602244636959422	0.430138159580328	0.9978021978021978	38330.0	2889.0	1750.0	147.0	76.0	1795.0	144.0	70.0	1506.0	2812.0	214.0	112.0	79.0	69.0	7.0
2	8	4	-79.73816820542646	1.0	0.5005512679162072	38330.0	1750.0	2889.0	147.0	76.0	1795.0	1506.0	112.0	144.0	2812.0	79.0	70.0	214.0	69.0	7.0
4	2	8	-0.17563473173001362	0.5697095375572017	1.002212389380531	38330.0	2889.0	1795.0	144.0	70.0	1750.0	147.0	76.0	1506.0	2812.0	214.0	112.0	69.0	79.0	7.0
2	4	9	-0.13176718655070563	0.5524158123747928	1.0011976047904192	38755.0	2464.0	1780.0	114.0	79.0	1841.0	116.0	52.0	1788.0	2546.0	198.0	128.0	72.0	60.0	7.0
2	9	4	-110.28913514294031	1.0	0.4997011356843993	38755.0	1780.0	2464.0	114.0	79.0	1841.0	1788.0	128.0	116.0	2546.0	72.0	52.0	198.0	60.0	7.0
4	2	9	0.13192480280256053	0.4475218521351628	0.9988066825775657	38755.0	2464.0	1841.0	116.0	52.0	1780.0	114.0	79.0	1788.0	2546.0	198.0	128.0	60.0	72.0	7.0
2	5	6	1.132692059382908	0.1286718495137268	0.02662229617304493	39949.0	1266.0	1251.0	679.0	47.0	1888.0	94.0	29.0	110.0	4366.0	66.0	24.0	72.0	155.0	4.0
2	6	5	-99999.9	1.0	-0.028933092224231464	39949.0	1251.0	1266.0	679.0	47.0	1888.0	110.0	24.0	94.0	4366.0	72.0	29.0	66.0	155.0	4.0
5	2	6	-40.28136136180465	1.0	0.49306759098786823	39949.0	1266.0	1888.0	94.0	29.0	1251.0	679.0	47.0	110.0	4366.0	66.0	24.0	155.0	72.0	4.0
2	5	7	1.27549646883246	0.10106685532180681	0.029556650246305417	39871.0	1344.0	1244.0	684.0	49.0	1884.0	93.0	34.0	111.0	4368.0	63.0	28.0	66.0	158.0	3.0
2	7	5	-99999.9	1.0	-0.032432432432432434	39871.0	1244.0	1344.0	684.0	49.0	1884.0	111.0	28.0	93.0	4368.0	66.0	34.0	63.0	158.0	3.0
5	2	7	-40.60330425783333	1.0	0.4922680412371134	39871.0	1344.0	1884.0	93.0	34.0	1244.0	684.0	49.0	111.0	4368.0	63.0	28.0	158.0	66.0	3.0
2	5	8	0.05924606769786669	0.4763779892408819	0.999266862170088	38321.0	2894.0	1759.0	143.0	75.0	1799.0	142.0	70.0	1505.0	2822.0	215.0	109.0	71.0	69.0	6.0
2	8	5	-80.69314420449423	1.0	0.5001834862385321	38321.0	1759.0	2894.0	143.0	75.0	1799.0	1505.0	109.0	142.0	2822.0	71.0	70.0	215.0	69.0	6.0
5	2	8	-0.059202600296767736	0.5236047001553288	1.0007347538574578	38321.0	2894.0	1799.0	142.0	70.0	1759.0	143.0	75.0	1505.0	2822.0	215.0	109.0	69.0	71.0	6.0
2	5	9	0.7353370911561359	0.23106704314911308	0.9934756820877817	38751.0	2464.0	1784.0	118.0	75.0	1852.0	107.0	52.0	1782.0	2561.0	199.0	123.0	66.0	60.0	6.0
2	9	5	-111.23644724398287	1.0	0.5016471997604074	38751.0	1784.0	2464.0	118.0	75.0	1852.0	1782.0	123.0	107.0	2561.0	66.0	52.0	199.0	60.0	6.0
5	2	9	-0.7305080117515284	0.7674602104055751	1.0066545674531155	38751.0	2464.0	1852.0	107.0	52.0	1784.0	118.0	75.0	1782.0	2561.0	199.0	123.0	60.0	66.0	6.0
2	6	7	0.3228170445686639	0.3734169706408986	0.0038684719535783366	40252.0	948.0	863.0	1105.0	24.0	1921.0	75.0	26.0	79.0	4400.0	53.0	23.0	52.0	178.0	1.0
2	7	6	-99999.9	1.0	-0.003913894324853229	40252.0	863.0	948.0	1105.0	24.0	1921.0	79.0	23.0	75.0	4400.0	52.0	26.0	53.0	178.0	1.0
6	2	7	-82.80257193186219	1.0	0.4990272373540856	40252.0	948.0	1921.0	75.0	26.0	863.0	1105.0	24.0	79.0	4400.0	53.0	23.0	178.0	52.0	1.0
2	6	8	-0.5185661388908671	0.6979683477230831	1.0066716085989622	38298.0	2902.0	1782.0	145.0	65.0	1795.0	154.0	73.0	1512.0	2809.0	211.0	106.0	72.0	72.0	4.0
2	8	6	-78.76443465153503	1.0	0.498348623853211	38298.0	1782.0	2902.0	145.0	65.0	1795.0	1512.0	106.0	154.0	2809.0	72.0	73.0	211.0	72.0	4.0
6	2	8	0.5220028806066387	0.30083414939065345	0.9934593023255814	38298.0	2902.0	1795.0	154.0	73.0	1782.0	145.0	65.0	1512.0	2809.0	211.0	106.0	72.0	72.0	4.0
2	6	9	-0.517125386917528	0.697465694133765	1.004822182037372	38733.0	2467.0	1802.0	115.0	75.0	1849.0	123.0	50.0	1790.0	2545.0	197.0	118.0	66.0	63.0	7.0
2	9	6	-108.27312788585736	1.0	0.4988031119090365	38733.0	1802.0	2467.0	115.0	75.0	1849.0	1790.0	118.0	123.0	2545.0	66.0	50.0	197.0	63.0	7.0
6	2	9	0.5196070924336288	0.301668715042658	0.9952465834818776	38733.0	2467.0	1849.0	123.0	50.0	1802.0	115.0	75.0	1790.0	2545.0	197.0	118.0	63.0	66.0	7.0
2	7	8	-0.6419066260518403	0.7395331546248545	1.0081723625557206	38213.0	2902.0	1867.0	140.0	70.0	1793.0	151.0	79.0	1508.0	2813.0	206.0	112.0	71.0	70.0	5.0
2	8	7	-79.8298422217197	1.0	0.4979816513761468	38213.0	1867.0	2902.0	140.0	70.0	1793.0	1508.0	112.0	151.0	2813.0	71.0	79.0	206.0	70.0	5.0
7	2	8	0.647109995901929	0.25878031650698996	0.9920232052211747	38213.0	2902.0	1793.0	151.0	79.0	1867.0	140.0	70.0	1508.0	2813.0	206.0	112.0	70.0	71.0	5.0
2	7	9	0.06415592178795573	0.474422967497506	0.9994001199760048	38652.0	2463.0	1883.0	122.0	72.0	1851.0	121.0	51.0	1787.0	2544.0	196.0	119.0	69.0	63.0	7.0
2	9	7	-106.81960977694608	1.0	0.5001501050735514	38652.0	1883.0	2463.0	122.0	72.0	1851.0	1787.0	119.0	121.0	2544.0	69.0	51.0	196.0	63.0	7.0
7	2	9	-0.06411741283130029	0.525561701216948	1.0006009615384615	38652.0	2463.0	1851.0	121.0	51.0	1883.0	122.0	72.0	1787.0	2544.0	196.0	119.0	63.0	69.0	7.0
2	8	9	0.5744919529601604	0.28281743418945804	0.964968152866242	37714.0	2366.0	2821.0	195.0	96.0	3142.0	184.0	87.0	487.0	2440.0	108.0	128.0	110.0	114.0	8.0
2	9	8	-15.250150024033342	1.0	0.5092436974789917	37714.0	2821.0	2366.0	195.0	96.0	3142.0	487.0	128.0	184.0	2440.0	110.0	87.0	108.0	114.0	8.0
8	2	9	-0.5536358094533559	0.7100859718444612	1.0391459074733096	37714.0	2366.0	3142.0	184.0	87.0	2821.0	195.0	96.0	487.0	2440.0	108.0	128.0	114.0	110.0	8.0
3	4	5	-99999.9	1.0	-0.007620660457239627	41557.0	166.0	171.0	1209.0	1.0	1486.0	19.0	0.0	10.0	5187.0	3.0	2.0	10.0	179.0	0.0
3	5	4	1.6707449997363624	0.04738600681266858	0.0074503311258278145	41557.0	171.0	166.0	1209.0	1.0	1486.0	10.0	2.0	19.0	5187.0	10.0	0.0	3.0	179.0	0.0
4	3	5	-220.90961663180676	1.0	0.5018836333193805	41557.0	166.0	1486.0	19.0	0.0	171.0	1209.0	1.0	10.0	5187.0	3.0	2.0	179.0	10.0	0.0
3	4	6	-0.36487425354363867	0.6423973014422961	-2.666666666666667	40449.0	1274.0	1263.0	95.0	23.0	1378.0	106.0	21.0	114.0	5006.0	80.0	18.0	87.0	82.0	4.0
3	6	4	-0.6302373470299212	0.7357304036534281	0.2962962962962963	40449.0	1263.0	1274.0	95.0	23.0	1378.0	114.0	18.0	106.0	5006.0	87.0	21.0	80.0	82.0	4.0
4	3	6	0.8665763521661423	0.19308704643833086	0.6333333333333333	40449.0	1274.0	1378.0	106.0	21.0	1263.0	95.0	23.0	114.0	5006.0	80.0	18.0	82.0	87.0	4.0
3	4	7	-0.2667704309034336	0.6051769775308489	-3.0	40381.0	1342.0	1250.0	101.0	30.0	1374.0	109.0	22.0	115.0	5011.0	74.0	18.0	85.0	85.0	3.0
3	7	4	-0.46684825408100944	0.6796957588521455	0.3	40381.0	1250.0	1342.0	101.0	30.0	1374.0	115.0	18.0	109.0	5011.0	85.0	22.0	74.0	85.0	3.0
4	3	7	0.6224643387746773	0.26681823756757783	0.6363636363636364	40381.0	1342.0	1374.0	109.0	22.0	1250.0	101.0	30.0	115.0	5011.0	74.0	18.0	85.0	85.0	3.0
3	4	8	0.6145193415963319	0.26943604507424435	0.9959514170040485	38755.0	2968.0	1234.0	89.0	58.0	1370.0	81.0	54.0	2049.0	2892.0	259.0	85.0	54.0	47.0	5.0
3	8	4	-150.55723869110142	1.0	0.5010183299389002	38755.0	1234.0	2968.0	89.0	58.0	1370.0	2049.0	85.0	81.0	2892.0	54.0	54.0	259.0	47.0	5.0
4	3	8	-0.6120212954922819	0.7297382180414493	1.0040983606557377	38755.0	2968.0	1370.0	81.0	54.0	1234.0	89.0	58.0	2049.0	2892.0	259.0	85.0	47.0	54.0	5.0
3	4	9	-0.3100797705229421	0.6217497834205846	1.0017667844522968	39230.0	2493.0	1251.0	81.0	49.0	1366.0	85.0	54.0	2353.0	2597.0	250.0	92.0	53.0	42.0	4.0
3	9	4	-176.12530965703078	1.0	0.4995594713656388	39230.0	1251.0	2493.0	81.0	49.0	1366.0	2353.0	92.0	85.0	2597.0	53.0	54.0	250.0	42.0	4.0
4	3	9	0.31062664842509896	0.3780423019844389	0.9982425307557118	39230.0	2493.0	1366.0	85.0	54.0	1251.0	81.0	49.0	2353.0	2597.0	250.0	92.0	42.0	53.0	4.0
3	5	6	-0.06930674889770043	0.5276273424363314	1.0666666666666667	40457.0	1271.0	1255.0	97.0	24.0	1380.0	98.0	20.0	114.0	5021.0	81.0	16.0	80.0	82.0	4.0
3	6	5	-1.1782147312609041	0.8806444326260777	0.48484848484848486	40457.0	1255.0	1271.0	97.0	24.0	1380.0	114.0	16.0	98.0	5021.0	80.0	20.0	81.0	82.0	4.0
5	3	6	0.07363842070380672	0.4706489807978983	0.9444444444444444	40457.0	1271.0	1380.0	98.0	20.0	1255.0	97.0	24.0	114.0	5021.0	81.0	16.0	82.0	80.0	4.0
3	5	7	-0.13091718510489397	0.5520796238934037	1.1666666666666667	40379.0	1349.0	1252.0	99.0	25.0	1376.0	101.0	21.0	115.0	5026.0	75.0	16.0	78.0	85.0	3.0
3	7	5	-1.0473374808391602	0.8525279949515865	0.4666666666666667	40379.0	1252.0	1349.0	99.0	25.0	1376.0	115.0	16.0	101.0	5026.0	78.0	21.0	75.0	85.0	3.0
5	3	7	0.14961964011987866	0.44053233844113127	0.8888888888888888	40379.0	1349.0	1376.0	101.0	21.0	1252.0	99.0	25.0	115.0	5026.0	75.0	16.0	85.0	78.0	3.0
3	5	8	0.7194933003955221	0.2359184449246987	0.9954705586311021	38751.0	2977.0	1238.0	83.0	55.0	1369.0	74.0	55.0	2052.0	2904.0	260.0	83.0	49.0	47.0	3.0
3	8	5	-157.40914538653135	1.0	0.5011401064099316	38751.0	1238.0	2977.0	83.0	55.0	1369.0	2052.0	83.0	74.0	2904.0	49.0	55.0	260.0	47.0	3.0
5	3	8	-0.7162195695039348	0.7630721787909234	1.004591836734694	38751.0	2977.0	1369.0	74.0	55.0	1238.0	83.0	55.0	2052.0	2904.0	260.0	83.0	47.0	49.0	3.0
3	5	9	0.7103214421719155	0.23875234367744358	0.9960647135986008	39236.0	2492.0	1245.0	85.0	46.0	1367.0	76.0	55.0	2354.0	2612.0	250.0	90.0	47.0	42.0	3.0
3	9	5	-179.0799280320083	1.0	0.5009896635144051	39236.0	1245.0	2492.0	85.0	46.0	1367.0	2354.0	90.0	76.0	2612.0	47.0	55.0	250.0	42.0	3.0
5	3	9	-0.7075150800211046	0.7603768468947044	1.0039823008849558	39236.0	2492.0	1367.0	76.0	55.0	1245.0	85.0	46.0	2354.0	2612.0	250.0	90.0	42.0	47.0	3.0
3	6	7	-99999.9	1.0	-0.002347417840375587	40757.0	955.0	874.0	504.0	14.0	1416.0	77.0	17.0	76.0	5068.0	55.0	15.0	60.0	111.0	1.0
3	7	6	0.08091192395280124	0.4677559320074762	0.002331002331002331	40757.0	874.0	955.0	504.0	14.0	1416.0	76.0	15.0	77.0	5068.0	60.0	17.0	55.0	111.0	1.0
6	3	7	-34.54939152784644	1.0	0.5005847953216374	40757.0	955.0	1416.0	77.0	17.0	874.0	504.0	14.0	76.0	5068.0	55.0	15.0	111.0	60.0	1.0
3	6	8	-0.07348269254523448	0.5292890605495337	1.0005091649694502	38737.0	2975.0	1252.0	92.0	48.0	1356.0	93.0	61.0	2058.0	2887.0	254.0	90.0	47.0	47.0	3.0
3	8	6	-144.46697354393046	1.0	0.4998728059018062	38737.0	1252.0	2975.0	92.0	48.0	1356.0	2058.0	90.0	93.0	2887.0	47.0	61.0	254.0	47.0	3.0
6	3	8	0.07352008831752213	0.4706960609482532	0.9994916115912558	38737.0	2975.0	1356.0	93.0	61.0	1252.0	92.0	48.0	2058.0	2887.0	254.0	90.0	47.0	47.0	3.0
3	6	9	-0.9681963880293978	0.8335268533553768	1.0057803468208093	39222.0	2490.0	1259.0	83.0	50.0	1360.0	96.0	54.0	2358.0	2595.0	246.0	93.0	44.0	45.0	5.0
3	9	6	-169.43436790514485	1.0	0.49856733524355307	39222.0	1259.0	2490.0	83.0	50.0	1360.0	2358.0	93.0	96.0	2595.0	44.0	54.0	246.0	45.0	5.0
6	3	9	0.973760735087038	0.16508767618352138	0.9943181818181818	39222.0	2490.0	1360.0	96.0	54.0	1259.0	83.0	50.0	2358.0	2595.0	246.0	93.0	45.0	44.0	5.0
3	7	8	-0.22916832919336647	0.5906309120424627	1.0015212981744421	38651.0	2980.0	1338.0	84.0	51.0	1355.0	87.0	65.0	2062.0	2892.0	251.0	87.0	48.0	47.0	2.0
3	8	7	-151.09831838149333	1.0	0.49962054136099165	38651.0	1338.0	2980.0	84.0	51.0	1355.0	2062.0	87.0	87.0	2892.0	48.0	65.0	251.0	47.0	2.0
7	3	8	0.22951643298454624	0.40923381945752557	0.9984856133266027	38651.0	2980.0	1355.0	87.0	65.0	1338.0	84.0	51.0	2062.0	2892.0	251.0	87.0	47.0	48.0	2.0
3	7	9	-0.3731778176451282	0.645491888594539	1.0022114108801414	39141.0	2490.0	1340.0	87.0	46.0	1362.0	92.0	53.0	2358.0	2598.0	249.0	91.0	45.0	44.0	4.0
3	9	7	-169.497364774417	1.0	0.4994489750936742	39141.0	1340.0	2490.0	87.0	46.0	1362.0	2358.0	91.0	92.0	2598.0	45.0	53.0	249.0	44.0	4.0
7	3	9	0.3740012461924475	0.3542017533596469	0.9978031634446397	39141.0	2490.0	1362.0	92.0	53.0	1340.0	87.0	46.0	2358.0	2598.0	249.0	91.0	44.0	45.0	4.0
3	8	9	0.10162337234064792	0.45952775742297425	0.9928057553956835	37659.0	2330.0	2822.0	196.0	97.0	3197.0	194.0	113.0	470.0	2440.0	117.0	144.0	101.0	113.0	7.0
3	9	8	-13.922402010668877	1.0	0.5018181818181818	37659.0	2822.0	2330.0	196.0	97.0	3197.0	470.0	144.0	194.0	2440.0	101.0	113.0	117.0	113.0	7.0
8	3	9	-0.10088697109180265	0.5401799636172293	1.0073529411764706	37659.0	2330.0	3197.0	194.0	113.0	2822.0	196.0	97.0	470.0	2440.0	117.0	144.0	113.0	101.0	7.0
4	5	6	1.888660738599937	0.029468586444045264	0.9918233851185609	41665.0	1378.0	162.0	19.0	4.0	172.0	9.0	2.0	1222.0	5171.0	182.0	1.0	3.0	10.0	0.0
4	6	5	-227.20588685357106	1.0	0.5020695364238411	41665.0	162.0	1378.0	19.0	4.0	172.0	1222.0	1.0	9.0	5171.0	3.0	2.0	182.0	10.0	0.0
5	4	6	-1.8730905758744636	0.9694721240044541	1.008382229673093	41665.0	1378.0	172.0	9.0	2.0	162.0	19.0	4.0	1222.0	5171.0	182.0	1.0	10.0	3.0	0.0
4	5	7	0.9992480689050635	0.15883727725844954	0.9958643507030603	41586.0	1457.0	169.0	15.0	1.0	169.0	10.0	4.0	1214.0	5184.0	177.0	0.0	3.0	11.0	0.0
4	7	5	-239.61968692343427	1.0	0.5010403662089056	41586.0	169.0	1457.0	15.0	1.0	169.0	1214.0	0.0	10.0	5184.0	3.0	4.0	177.0	11.0	0.0
5	4	7	-0.9950983676222352	0.8401557797485214	1.0041876046901173	41586.0	1457.0	169.0	10.0	4.0	169.0	15.0	1.0	1214.0	5184.0	177.0	0.0	11.0	3.0	0.0
4	5	8	0.19212259765079714	0.4238231058754247	0.9996863237139272	39958.0	3085.0	167.0	14.0	4.0	162.0	13.0	8.0	3200.0	3014.0	361.0	6.0	1.0	6.0	1.0
4	8	5	-612.1025961154304	1.0	0.5000784559861917	39958.0	167.0	3085.0	14.0	4.0	162.0	3200.0	6.0	13.0	3014.0	1.0	8.0	361.0	6.0	1.0
5	4	8	-0.19206231443848126	0.5761532842896804	1.000313971742543	39958.0	3085.0	162.0	13.0	8.0	167.0	14.0	4.0	3200.0	3014.0	361.0	6.0	6.0	1.0	1.0
4	5	9	2.5946350660803215	0.004734603019957095	0.9963172804532577	40436.0	2607.0	160.0	19.0	6.0	167.0	6.0	10.0	3523.0	2714.0	338.0	6.0	0.0	6.0	2.0
4	9	5	-699.3539439650402	1.0	0.5009257940464321	40436.0	160.0	2607.0	19.0	6.0	167.0	3523.0	6.0	6.0	2714.0	0.0	10.0	338.0	6.0	2.0
5	4	9	-2.5850444331946107	0.9951316462648072	1.0037238613577772	40436.0	2607.0	167.0	6.0	10.0	160.0	19.0	6.0	3523.0	2714.0	338.0	6.0	6.0	0.0	2.0
4	6	7	-99999.9	1.0	-0.009302325581395349	40876.0	951.0	879.0	508.0	14.0	1297.0	74.0	24.0	70.0	5061.0	52.0	16.0	62.0	114.0	2.0
4	7	6	0.3346504015228273	0.3689444776586447	0.00904977375565611	40876.0	879.0	951.0	508.0	14.0	1297.0	70.0	16.0	74.0	5061.0	62.0	24.0	52.0	114.0	2.0
6	4	7	-36.30956856522675	1.0	0.5022935779816514	40876.0	951.0	1297.0	74.0	24.0	879.0	508.0	14.0	70.0	5061.0	52.0	16.0	114.0	62.0	2.0
4	6	8	-0.8496415889012817	0.8022378554859767	1.006198347107438	38863.0	2964.0	1262.0	93.0	46.0	1230.0	105.0	60.0	2053.0	2875.0	255.0	85.0	48.0	58.0	3.0
4	8	6	-138.77479285387557	1.0	0.4984646878198567	38863.0	1262.0	2964.0	93.0	46.0	1230.0	2053.0	85.0	105.0	2875.0	48.0	60.0	255.0	58.0	3.0
6	4	8	0.8548755206604272	0.19630998690686763	0.9939148073022313	38863.0	2964.0	1230.0	105.0	60.0	1262.0	93.0	46.0	2053.0	2875.0	255.0	85.0	58.0	48.0	3.0
4	6	9	-0.5406056603153893	0.7056103146771295	1.0031042128603105	39323.0	2504.0	1273.0	80.0	48.0	1259.0	87.0	49.0	2349.0	2587.0	247.0	88.0	46.0	56.0	4.0
4	9	6	-175.23346332223122	1.0	0.4992275435886118	39323.0	1273.0	2504.0	80.0	48.0	1259.0	2349.0	88.0	87.0	2587.0	46.0	49.0	247.0	56.0	4.0
6	4	9	0.5422786221289204	0.2938132668657457	0.9969244288224957	39323.0	2504.0	1259.0	87.0	49.0	1273.0	80.0	48.0	2349.0	2587.0	247.0	88.0	56.0	46.0	4.0
4	7	8	-0.805981551832428	0.7898733154640749	1.0056352459016393	38786.0	2969.0	1339.0	87.0	47.0	1220.0	98.0	65.0	2061.0	2883.0	253.0	87.0	47.0	53.0	5.0
4	8	7	-144.6370530288373	1.0	0.4986029972059944	38786.0	1339.0	2969.0	87.0	47.0	1220.0	2061.0	87.0	98.0	2883.0	47.0	65.0	253.0	53.0	5.0
7	4	8	0.8104980047464151	0.2088269480872319	0.9944584382871536	38786.0	2969.0	1220.0	98.0	65.0	1339.0	87.0	47.0	2061.0	2883.0	253.0	87.0	53.0	47.0	5.0
4	7	9	-0.15605576360658205	0.5620054785758191	1.0008810572687226	39254.0	2501.0	1342.0	81.0	50.0	1249.0	83.0	51.0	2355.0	2594.0	248.0	92.0	43.0	54.0	3.0
4	9	7	-177.43540322068466	1.0	0.4997800263968324	39254.0	1342.0	2501.0	81.0	50.0	1249.0	2355.0	92.0	83.0	2594.0	43.0	51.0	248.0	54.0	3.0
7	4	9	0.15619313663792583	0.4379403815001789	0.9991212653778558	39254.0	2501.0	1249.0	83.0	51.0	1342.0	81.0	50.0	2355.0	2594.0	248.0	92.0	54.0	43.0	3.0
4	8	9	0.5170305027591986	0.30256742247482116	0.9671052631578947	37786.0	2339.0	2810.0	198.0	95.0	3070.0	188.0	110.0	482.0	2429.0	117.0	144.0	103.0	122.0	7.0
4	9	8	-14.683666278361233	1.0	0.5086505190311418	37786.0	2810.0	2339.0	198.0	95.0	3070.0	482.0	144.0	188.0	2429.0	103.0	110.0	117.0	122.0	7.0
8	4	9	-0.49944443123677684	0.6912668387681344	1.0364963503649636	37786.0	2339.0	3070.0	188.0	110.0	2810.0	198.0	95.0	482.0	2429.0	117.0	144.0	122.0	103.0	7.0
5	6	7	0.08282797354843797	0.4669940970852742	0.0	40881.0	956.0	874.0	501.0	14.0	1292.0	73.0	20.0	73.0	5075.0	52.0	18.0	62.0	107.0	2.0
5	7	6	0.08282797354843797	0.4669940970852742	0.0	40881.0	874.0	956.0	501.0	14.0	1292.0	73.0	18.0	73.0	5075.0	62.0	20.0	52.0	107.0	2.0
6	5	7	-35.40940759847613	1.0	0.5	40881.0	956.0	1292.0	73.0	20.0	874.0	501.0	14.0	73.0	5075.0	52.0	18.0	107.0	62.0	2.0
5	6	8	-0.876601384707641	0.8096484442812457	1.0061664953751284	38864.0	2973.0	1256.0	87.0	46.0	1229.0	99.0	57.0	2057.0	2887.0	256.0	87.0	48.0	52.0	2.0
5	8	6	-143.90872732283756	1.0	0.4984725050916497	38864.0	1256.0	2973.0	87.0	46.0	1229.0	2057.0	87.0	99.0	2887.0	48.0	57.0	256.0	52.0	2.0
6	5	8	0.881973814031692	0.18889544826916338	0.9939455095862765	38864.0	2973.0	1229.0	99.0	57.0	1256.0	87.0	46.0	2057.0	2887.0	256.0	87.0	52.0	48.0	2.0
5	6	9	-1.5719030460171046	0.9420134727700546	1.0089325591782046	39331.0	2506.0	1272.0	70.0	47.0	1251.0	90.0	44.0	2349.0	2603.0	248.0	89.0	46.0	50.0	4.0
5	9	6	-179.11835209364887	1.0	0.49779638607316	39331.0	1272.0	2506.0	70.0	47.0	1251.0	2349.0	89.0	90.0	2603.0	46.0	44.0	248.0	50.0	4.0
6	5	9	1.5858198503200451	0.056390094650155875	0.9913005654632449	39331.0	2506.0	1251.0	90.0	44.0	1272.0	70.0	47.0	2349.0	2603.0	248.0	89.0	50.0	46.0	4.0
5	7	8	-0.9115479229848505	0.8189966512414415	1.0061318344404702	38776.0	2979.0	1344.0	80.0	47.0	1230.0	92.0	61.0	2061.0	2895.0	254.0	82.0	47.0	48.0	4.0
5	8	7	-150.4813696194158	1.0	0.49848101265822786	38776.0	1344.0	2979.0	80.0	47.0	1230.0	2061.0	82.0	92.0	2895.0	47.0	61.0	254.0	48.0	4.0
7	5	8	0.9171033191635292	0.17954422824746863	0.9939789262418465	38776.0	2979.0	1230.0	92.0	61.0	1344.0	80.0	47.0	2061.0	2895.0	254.0	82.0	48.0	47.0	4.0
5	7	9	-1.184524521458824	0.8818971895773035	1.0066637050199911	39254.0	2501.0	1349.0	72.0	50.0	1249.0	87.0	47.0	2353.0	2609.0	248.0	87.0	43.0	48.0	3.0
5	9	7	-180.1266955631717	1.0	0.4983505608093248	39254.0	1349.0	2501.0	72.0	50.0	1249.0	2353.0	87.0	87.0	2609.0	43.0	47.0	248.0	48.0	3.0
7	5	9	1.1923655928718349	0.11655902654048855	0.9934668989547039	39254.0	2501.0	1249.0	87.0	47.0	1349.0	72.0	50.0	2353.0	2609.0	248.0	87.0	48.0	43.0	3.0
5	8	9	-0.050867203724650395	0.5202843978842472	1.00355871886121	37785.0	2335.0	2818.0	192.0	96.0	3071.0	193.0	109.0	475.0	2443.0	116.0	143.0	103.0	114.0	7.0
5	9	8	-14.395418654076023	1.0	0.49911504424778763	37785.0	2818.0	2335.0	192.0	96.0	3071.0	475.0	143.0	193.0	2443.0	103.0	109.0	116.0	114.0	7.0
8	5	9	0.051047583879702346	0.47964373415252626	0.9964788732394366	37785.0	2335.0	3071.0	193.0	109.0	2818.0	192.0	96.0	475.0	2443.0	116.0	143.0	114.0	103.0	7.0
6	7	8	-0.08799253977262599	0.5350587608941983	1.000412881915772	39147.0	3026.0	946.0	64.0	39.0	859.0	65.0	41.0	2488.0	2922.0	273.0	53.0	39.0	37.0	1.0
6	8	7	-213.29391640884708	1.0	0.4998968434082938	39147.0	946.0	3026.0	64.0	39.0	859.0	2488.0	53.0	65.0	2922.0	39.0	41.0	273.0	37.0	1.0
7	6	8	0.08802885530699356	0.46492680732242675	0.9995876288659794	39147.0	3026.0	859.0	65.0	41.0	946.0	64.0	39.0	2488.0	2922.0	273.0	53.0	37.0	39.0	1.0
6	7	9	0.6421454744429247	0.2603893054885378	0.9974387120380535	39629.0	2544.0	953.0	63.0	33.0	874.0	56.0	35.0	2782.0	2629.0	272.0	54.0	38.0	37.0	1.0
6	9	7	-249.4276492871875	1.0	0.5006427915518824	39629.0	953.0	2544.0	63.0	33.0	874.0	2782.0	54.0	56.0	2629.0	38.0	35.0	272.0	37.0	1.0
7	6	9	-0.6404965315518386	0.7390751384861554	1.0025811209439528	39629.0	2544.0	874.0	56.0	35.0	953.0	63.0	33.0	2782.0	2629.0	272.0	54.0	37.0	38.0	1.0
6	8	9	0.9834552415171188	0.16269172026118794	0.9383116883116884	37758.0	2335.0	2824.0	207.0	98.0	3098.0	188.0	114.0	477.0	2434.0	115.0	135.0	101.0	108.0	8.0
6	9	8	-13.975416589980087	1.0	0.5169946332737031	37758.0	2824.0	2335.0	207.0	98.0	3098.0	477.0	135.0	188.0	2434.0	101.0	114.0	115.0	108.0	8.0
8	6	9	-0.9187990145661661	0.8208996680649665	1.0756972111553784	37758.0	2335.0	3098.0	188.0	114.0	2824.0	207.0	98.0	477.0	2434.0	115.0	135.0	108.0	101.0	8.0
7	8	9	0.40953273020632214	0.3410744213478709	0.972027972027972	37669.0	2337.0	2834.0	200.0	98.0	3187.0	192.0	108.0	470.0	2437.0	116.0	132.0	100.0	112.0	8.0
7	9	8	-13.821729644463367	1.0	0.5072992700729927	37669.0	2834.0	2337.0	200.0	98.0	3187.0	470.0	132.0	192.0	2437.0	100.0	108.0	116.0	112.0	8.0
8	7	9	-0.3977476156680107	0.654591832453937	1.0305343511450382	37669.0	2337.0	3187.0	192.0	108.0	2834.0	200.0	98.0	470.0	2437.0	116.0	132.0	112.0	100.0	8.0
