P1	Hybrid	P2	Zscore	Pvalue	Gamma	AAAA	AAAB	AABA	AABB	AABC	ABAA	ABAB	ABAC	ABBA	BAAA	ABBC	CABC	BACA	BCAA	ABCD
1	2	3	-0.919137317748782	0.8209881458254988	1.0638297872340425	7357.0	385.0	620.0	40.0	23.0	786.0	49.0	24.0	199.0	404.0	26.0	49.0	13.0	19.0	6.0
1	3	2	-16.238092613561825	1.0	0.4854368932038835	7357.0	620.0	385.0	40.0	23.0	786.0	199.0	49.0	49.0	404.0	13.0	24.0	26.0	19.0	6.0
2	1	3	0.9742855568137089	0.16495738680520045	0.9464285714285714	7357.0	385.0	786.0	49.0	24.0	620.0	40.0	23.0	199.0	404.0	26.0	49.0	19.0	13.0	6.0
1	2	4	-1.1675535638315937	0.8785064948130177	1.0602409638554218	7370.0	372.0	637.0	29.0	17.0	800.0	39.0	20.0	215.0	391.0	23.0	49.0	13.0	22.0	3.0
1	4	2	-21.716496287267656	1.0	0.48618784530386744	7370.0	637.0	372.0	29.0	17.0	800.0	215.0	49.0	39.0	391.0	13.0	20.0	23.0	22.0	3.0
2	1	4	1.2338918345038432	0.1086216741492384	0.9489795918367347	7370.0	372.0	800.0	39.0	20.0	637.0	29.0	17.0	215.0	391.0	23.0	49.0	22.0	13.0	3.0
1	2	5	0.5197944691839753	0.3016034053926129	0.9830508474576272	7393.0	349.0	635.0	32.0	16.0	811.0	28.0	20.0	260.0	342.0	27.0	53.0	12.0	19.0	3.0
1	5	2	-29.62828474348665	1.0	0.5043478260869565	7393.0	635.0	349.0	32.0	16.0	811.0	260.0	53.0	28.0	342.0	12.0	20.0	27.0	19.0	3.0
2	1	5	-0.5108324955773551	0.6952658308390214	1.0178571428571428	7393.0	349.0	811.0	28.0	20.0	635.0	32.0	16.0	260.0	342.0	27.0	53.0	19.0	12.0	3.0
1	2	6	0.0	0.49999999949999996	nan	7408.0	334.0	643.0	30.0	10.0	808.0	30.0	21.0	287.0	316.0	26.0	55.0	15.0	14.0	3.0
1	6	2	-33.15094304779887	1.0	0.5	7408.0	643.0	334.0	30.0	10.0	808.0	287.0	55.0	30.0	316.0	15.0	21.0	26.0	14.0	3.0
2	1	6	0.0	0.49999999949999996	nan	7408.0	334.0	808.0	30.0	21.0	643.0	30.0	10.0	287.0	316.0	26.0	55.0	14.0	15.0	3.0
1	2	7	-0.8950501436401598	0.81461988925674	1.0283400809716599	7417.0	325.0	645.0	26.0	12.0	807.0	33.0	19.0	287.0	320.0	22.0	54.0	15.0	15.0	3.0
1	7	2	-33.37258392715457	1.0	0.49320388349514566	7417.0	645.0	325.0	26.0	12.0	807.0	287.0	54.0	33.0	320.0	15.0	19.0	22.0	15.0	3.0
2	1	7	0.9197168798822115	0.1788603429415887	0.9738805970149254	7417.0	325.0	807.0	33.0	19.0	645.0	26.0	12.0	287.0	320.0	22.0	54.0	15.0	15.0	3.0
1	2	8	-1.0278892978381993	0.847999027378035	1.021671826625387	7502.0	240.0	653.0	19.0	11.0	822.0	26.0	11.0	356.0	254.0	19.0	59.0	12.0	14.0	2.0
1	8	2	-49.48552762449618	1.0	0.4947526236881559	7502.0	653.0	240.0	19.0	11.0	822.0	356.0	59.0	26.0	254.0	12.0	11.0	19.0	14.0	2.0
2	1	8	1.0496930102165853	0.14692966747662806	0.9796511627906976	7502.0	240.0	822.0	26.0	11.0	653.0	19.0	11.0	356.0	254.0	19.0	59.0	14.0	12.0	2.0
1	2	9	-1.0325192071277327	0.849085500558962	1.0105932203389831	7626.0	116.0	667.0	9.0	7.0	839.0	14.0	6.0	491.0	124.0	14.0	77.0	5.0	5.0	0.0
1	9	2	-99.53485156711353	1.0	0.49739311783107404	7626.0	667.0	116.0	9.0	7.0	839.0	491.0	77.0	14.0	124.0	5.0	6.0	14.0	5.0	0.0
2	1	9	1.0433422596133484	0.14839492870053195	0.9897330595482546	7626.0	116.0	839.0	14.0	6.0	667.0	9.0	7.0	491.0	124.0	14.0	77.0	5.0	5.0	0.0
1	3	4	-0.7545806917085348	0.7747497612029628	1.4444444444444444	7596.0	381.0	411.0	34.0	3.0	965.0	42.0	27.0	68.0	388.0	10.0	31.0	13.0	28.0	3.0
1	4	3	-3.206967939761273	0.9993292264547061	0.4333333333333333	7596.0	411.0	381.0	34.0	3.0	965.0	68.0	31.0	42.0	388.0	13.0	27.0	10.0	28.0	3.0
3	1	4	0.9867593660803916	0.16188031430792127	0.8095238095238095	7596.0	381.0	965.0	42.0	27.0	411.0	34.0	3.0	68.0	388.0	10.0	31.0	28.0	13.0	3.0
1	3	5	-1.2538154362791298	0.8950453827677819	1.1692307692307693	7619.0	358.0	409.0	26.0	13.0	975.0	37.0	22.0	113.0	335.0	18.0	36.0	10.0	25.0	4.0
1	5	3	-9.916540268753122	1.0	0.46625766871165647	7619.0	409.0	358.0	26.0	13.0	975.0	113.0	36.0	37.0	335.0	10.0	22.0	18.0	25.0	4.0
3	1	5	1.4352887231090037	0.07560246675127857	0.8877551020408162	7619.0	358.0	975.0	37.0	22.0	409.0	26.0	13.0	113.0	335.0	18.0	36.0	25.0	10.0	4.0
1	3	6	-1.6630985907989448	0.9518536682226522	1.1785714285714286	7632.0	345.0	419.0	25.0	4.0	970.0	40.0	24.0	139.0	311.0	16.0	41.0	10.0	21.0	3.0
1	6	3	-12.639549290071978	1.0	0.4647887323943662	7632.0	419.0	345.0	25.0	4.0	970.0	139.0	41.0	40.0	311.0	10.0	24.0	16.0	21.0	3.0
3	1	6	1.915083225768482	0.02774087829154237	0.8837209302325582	7632.0	345.0	970.0	40.0	24.0	419.0	25.0	4.0	139.0	311.0	16.0	41.0	21.0	10.0	3.0
1	3	7	-2.1525010398589997	0.9843210989816977	1.28	7642.0	335.0	420.0	23.0	5.0	967.0	44.0	23.0	140.0	314.0	12.0	41.0	10.0	21.0	3.0
1	7	3	-11.99250579350014	1.0	0.4507042253521127	7642.0	420.0	335.0	23.0	5.0	967.0	140.0	41.0	44.0	314.0	10.0	23.0	12.0	21.0	3.0
3	1	7	2.6233606423281555	0.004353390713568217	0.8478260869565217	7642.0	335.0	967.0	44.0	23.0	420.0	23.0	5.0	140.0	314.0	12.0	41.0	21.0	10.0	3.0
1	3	8	-0.4239865013450871	0.6642121326042174	1.0175438596491229	7735.0	242.0	420.0	23.0	5.0	995.0	26.0	13.0	200.0	257.0	9.0	42.0	9.0	19.0	5.0
1	8	3	-25.015203579360158	1.0	0.49572649572649574	7735.0	420.0	242.0	23.0	5.0	995.0	200.0	42.0	26.0	257.0	9.0	13.0	9.0	19.0	5.0
3	1	8	0.43129661343724385	0.333126391169256	0.9833333333333333	7735.0	242.0	995.0	26.0	13.0	420.0	23.0	5.0	200.0	257.0	9.0	42.0	19.0	9.0	5.0
1	3	9	-0.4059061871623641	0.6575941873475973	1.0063291139240507	7859.0	118.0	434.0	11.0	3.0	1014.0	13.0	7.0	331.0	124.0	11.0	62.0	6.0	7.0	0.0
1	9	3	-64.94498994597812	1.0	0.4984326018808778	7859.0	434.0	118.0	11.0	3.0	1014.0	331.0	62.0	13.0	124.0	6.0	7.0	11.0	7.0	0.0
3	1	9	0.40845905626401424	0.34146838767706167	0.9937888198757764	7859.0	118.0	1014.0	13.0	7.0	434.0	11.0	3.0	331.0	124.0	11.0	62.0	7.0	6.0	0.0
1	4	5	0.0	0.49999999949999996	nan	7651.0	356.0	377.0	32.0	9.0	1009.0	32.0	23.0	83.0	343.0	17.0	32.0	7.0	28.0	1.0
1	5	4	-6.370025360147601	0.9999999999050709	0.5	7651.0	377.0	356.0	32.0	9.0	1009.0	83.0	32.0	32.0	343.0	7.0	23.0	17.0	28.0	1.0
4	1	5	0.0	0.49999999949999996	nan	7651.0	356.0	1009.0	32.0	23.0	377.0	32.0	9.0	83.0	343.0	17.0	32.0	28.0	7.0	1.0
1	4	6	-1.1081624724402013	0.8661041260880458	1.15625	7671.0	336.0	380.0	29.0	9.0	1001.0	39.0	24.0	113.0	315.0	15.0	36.0	7.0	25.0	0.0
1	6	4	-9.308564768497693	1.0	0.46835443037974683	7671.0	380.0	336.0	29.0	9.0	1001.0	113.0	36.0	39.0	315.0	7.0	24.0	15.0	25.0	0.0
4	1	6	1.2579141579050932	0.10421147015465693	0.8936170212765957	7671.0	336.0	1001.0	39.0	24.0	380.0	29.0	9.0	113.0	315.0	15.0	36.0	25.0	7.0	0.0
1	4	7	-1.3784052606797195	0.9159608413445948	1.2203389830508475	7679.0	328.0	383.0	28.0	7.0	1000.0	41.0	23.0	113.0	319.0	11.0	35.0	8.0	25.0	0.0
1	7	4	-9.012649781367397	1.0	0.45859872611464964	7679.0	383.0	328.0	28.0	7.0	1000.0	113.0	35.0	41.0	319.0	8.0	23.0	11.0	25.0	0.0
4	1	7	1.6272839883024466	0.051838389805577645	0.8673469387755102	7679.0	328.0	1000.0	41.0	23.0	383.0	28.0	7.0	113.0	319.0	11.0	35.0	25.0	8.0	0.0
1	4	8	0.2843083732663913	0.38808710090886267	0.9866666666666667	7769.0	238.0	386.0	26.0	6.0	1027.0	24.0	13.0	172.0	261.0	10.0	38.0	7.0	23.0	0.0
1	8	4	-20.754511248446544	1.0	0.5034013605442177	7769.0	386.0	238.0	26.0	6.0	1027.0	172.0	38.0	24.0	261.0	7.0	13.0	10.0	23.0	0.0
4	1	8	-0.2804663682222509	0.6104400724965021	1.0138888888888888	7769.0	238.0	1027.0	24.0	13.0	386.0	26.0	6.0	172.0	261.0	10.0	38.0	23.0	7.0	0.0
1	4	9	-0.9493250111342358	0.828772341762672	1.0173010380622838	7888.0	119.0	405.0	11.0	2.0	1041.0	16.0	7.0	310.0	125.0	8.0	56.0	2.0	10.0	0.0
1	9	4	-56.76963566582732	1.0	0.4957841483979764	7888.0	405.0	119.0	11.0	2.0	1041.0	310.0	56.0	16.0	125.0	2.0	7.0	8.0	10.0	0.0
4	1	9	0.9654699943167906	0.16715472531354347	0.9835526315789473	7888.0	119.0	1041.0	16.0	7.0	405.0	11.0	2.0	310.0	125.0	8.0	56.0	10.0	2.0	0.0
1	5	6	-0.6229659398321552	0.7333466032685725	1.375	7693.0	335.0	358.0	30.0	9.0	1060.0	36.0	28.0	58.0	313.0	11.0	32.0	12.0	25.0	0.0
1	6	5	-2.907174385883391	0.9981763836873865	0.44	7693.0	358.0	335.0	30.0	9.0	1060.0	58.0	32.0	36.0	313.0	12.0	28.0	11.0	25.0	0.0
5	1	6	0.7928657416045612	0.2139279629551747	0.8235294117647058	7693.0	335.0	1060.0	36.0	28.0	358.0	30.0	9.0	58.0	313.0	11.0	32.0	25.0	12.0	0.0
1	5	7	-0.9020939371088852	0.8164965437871787	2.375	7702.0	326.0	360.0	29.0	8.0	1057.0	40.0	27.0	59.0	316.0	7.0	32.0	12.0	25.0	0.0
1	7	5	-2.460256192115142	0.9930581001574141	0.3877551020408163	7702.0	360.0	326.0	29.0	8.0	1057.0	59.0	32.0	40.0	316.0	12.0	27.0	7.0	25.0	0.0
5	1	7	1.424358848066661	0.07717135951863185	0.7317073170731707	7702.0	326.0	1057.0	40.0	27.0	360.0	29.0	8.0	59.0	316.0	7.0	32.0	25.0	12.0	0.0
1	5	8	-0.8296777262010872	0.7966395435378851	1.0705882352941176	7784.0	244.0	371.0	21.0	5.0	1081.0	27.0	16.0	118.0	256.0	8.0	38.0	9.0	22.0	0.0
1	8	5	-13.413123240250913	1.0	0.48404255319148937	7784.0	371.0	244.0	21.0	5.0	1081.0	118.0	38.0	27.0	256.0	9.0	16.0	8.0	22.0	0.0
5	1	8	0.8843817521044558	0.1882450501401387	0.941747572815534	7784.0	244.0	1081.0	27.0	16.0	371.0	21.0	5.0	118.0	256.0	8.0	38.0	22.0	9.0	0.0
1	5	9	0.3658928914182925	0.35722256175344214	0.9914893617021276	7915.0	113.0	378.0	16.0	3.0	1101.0	14.0	9.0	247.0	127.0	8.0	59.0	2.0	8.0	0.0
1	9	5	-42.26062895881274	1.0	0.502155172413793	7915.0	378.0	113.0	16.0	3.0	1101.0	247.0	59.0	14.0	127.0	2.0	9.0	8.0	8.0	0.0
5	1	9	-0.3627521799039724	0.641604929403168	1.0087336244541485	7915.0	113.0	1101.0	14.0	9.0	378.0	16.0	3.0	247.0	127.0	8.0	59.0	8.0	2.0	0.0
1	6	7	-99999.9	1.0	-0.011029411764705883	7975.0	76.0	87.0	285.0	2.0	1135.0	10.0	5.0	7.0	354.0	0.0	6.0	4.0	54.0	0.0
1	7	6	0.727995432388394	0.23330812190459171	0.010676156583629895	7975.0	87.0	76.0	285.0	2.0	1135.0	7.0	6.0	10.0	354.0	4.0	5.0	0.0	54.0	0.0
6	1	7	-66.73291463560288	1.0	0.5027124773960218	7975.0	76.0	1135.0	10.0	5.0	87.0	285.0	2.0	7.0	354.0	0.0	6.0	54.0	4.0	0.0
1	6	8	0.2921104945116605	0.38510113882547303	0.9722222222222222	7809.0	242.0	346.0	25.0	3.0	1112.0	23.0	15.0	93.0	260.0	8.0	32.0	9.0	23.0	0.0
1	8	6	-9.93175681339645	1.0	0.5072463768115941	7809.0	346.0	242.0	25.0	3.0	1112.0	93.0	32.0	23.0	260.0	9.0	15.0	8.0	23.0	0.0
6	1	8	-0.28376448038275587	0.6117044958410809	1.0303030303030303	7809.0	242.0	1112.0	23.0	15.0	346.0	25.0	3.0	93.0	260.0	8.0	32.0	23.0	9.0	0.0
1	6	9	0.7879208861903424	0.21537142920742824	0.9818181818181818	7935.0	116.0	358.0	15.0	1.0	1130.0	11.0	9.0	227.0	128.0	6.0	50.0	4.0	9.0	1.0
1	9	6	-41.759806968088135	1.0	0.5046728971962616	7935.0	358.0	116.0	15.0	1.0	1130.0	227.0	50.0	11.0	128.0	4.0	9.0	6.0	9.0	1.0
6	1	9	-0.773329758668299	0.7803364408254052	1.0192307692307692	7935.0	116.0	1130.0	11.0	9.0	358.0	15.0	1.0	227.0	128.0	6.0	50.0	9.0	4.0	1.0
1	7	8	-0.1446811449120236	0.5575187085957225	1.0136986301369864	7818.0	244.0	337.0	23.0	3.0	1108.0	24.0	16.0	98.0	262.0	8.0	31.0	6.0	22.0	0.0
1	8	7	-10.851085868401785	1.0	0.4966442953020134	7818.0	337.0	244.0	23.0	3.0	1108.0	98.0	31.0	24.0	262.0	6.0	16.0	8.0	22.0	0.0
7	1	8	0.14663629551894283	0.44170953161218596	0.9868421052631579	7818.0	244.0	1108.0	24.0	16.0	337.0	23.0	3.0	98.0	262.0	8.0	31.0	22.0	6.0	0.0
1	7	9	0.6272969819237283	0.2652322339839237	0.9866071428571429	7943.0	119.0	350.0	13.0	0.0	1129.0	10.0	9.0	231.0	130.0	7.0	47.0	3.0	8.0	1.0
1	9	7	-45.58358068645762	1.0	0.5034168564920274	7943.0	350.0	119.0	13.0	0.0	1129.0	231.0	47.0	10.0	130.0	3.0	9.0	7.0	8.0	1.0
7	1	9	-0.6187816382777049	0.731969944207381	1.013953488372093	7943.0	119.0	1129.0	10.0	9.0	350.0	13.0	0.0	231.0	130.0	7.0	47.0	8.0	3.0	1.0
1	8	9	0.0	0.49999999949999996	nan	8039.0	116.0	254.0	13.0	3.0	1214.0	13.0	10.0	160.0	128.0	4.0	33.0	2.0	11.0	0.0
1	9	8	-28.77379075622046	1.0	0.5	8039.0	254.0	116.0	13.0	3.0	1214.0	160.0	33.0	13.0	128.0	2.0	10.0	4.0	11.0	0.0
8	1	9	0.0	0.49999999949999996	nan	8039.0	116.0	1214.0	13.0	10.0	254.0	13.0	3.0	160.0	128.0	4.0	33.0	11.0	2.0	0.0
2	3	4	0.2543045459850773	0.39963020084834444	0.9310344827586207	7748.0	395.0	422.0	34.0	2.0	813.0	32.0	23.0	59.0	394.0	10.0	29.0	16.0	22.0	1.0
2	4	3	-3.178806824813465	0.9992605217610779	0.5192307692307693	7748.0	422.0	395.0	34.0	2.0	813.0	59.0	29.0	32.0	394.0	16.0	23.0	10.0	22.0	1.0
3	2	4	-0.2354671722084049	0.593076874429498	1.0869565217391304	7748.0	395.0	813.0	32.0	23.0	422.0	34.0	2.0	59.0	394.0	10.0	29.0	22.0	16.0	1.0
2	3	5	-1.576046869864185	0.9424924920591932	1.3265306122448979	7787.0	356.0	417.0	28.0	13.0	807.0	44.0	17.0	109.0	336.0	18.0	32.0	13.0	22.0	1.0
2	5	3	-7.978737278687435	0.9999999999999993	0.4452054794520548	7787.0	417.0	356.0	28.0	13.0	807.0	109.0	32.0	44.0	336.0	13.0	17.0	18.0	22.0	1.0
3	2	5	1.9639968685999847	0.024765158411133692	0.8350515463917526	7787.0	356.0	807.0	44.0	17.0	417.0	28.0	13.0	109.0	336.0	18.0	32.0	22.0	13.0	1.0
2	3	6	-1.8453691851040424	0.9675081334785853	1.2	7783.0	360.0	433.0	21.0	4.0	819.0	37.0	12.0	133.0	313.0	17.0	33.0	10.0	23.0	2.0
2	6	3	-12.917584295728304	1.0	0.4615384615384615	7783.0	433.0	360.0	21.0	4.0	819.0	133.0	33.0	37.0	313.0	10.0	12.0	17.0	23.0	2.0
3	2	6	2.1529307159547164	0.015662006375250392	0.875	7783.0	360.0	819.0	37.0	12.0	433.0	21.0	4.0	133.0	313.0	17.0	33.0	23.0	10.0	2.0
2	3	7	-1.8525034837199719	0.9680232818389529	1.1927710843373494	7792.0	351.0	432.0	21.0	5.0	817.0	37.0	14.0	136.0	314.0	13.0	33.0	10.0	23.0	2.0
2	7	3	-13.314868789237298	1.0	0.4626168224299066	7792.0	432.0	351.0	21.0	5.0	817.0	136.0	33.0	37.0	314.0	10.0	14.0	13.0	23.0	2.0
3	2	7	2.1518979861393612	0.01570263915045722	0.8778625954198473	7792.0	351.0	817.0	37.0	14.0	432.0	21.0	5.0	136.0	314.0	13.0	33.0	23.0	10.0	2.0
2	3	8	0.16035601284108486	0.43630031083408416	0.9943181818181818	7891.0	252.0	433.0	20.0	5.0	839.0	19.0	10.0	194.0	259.0	10.0	35.0	9.0	20.0	4.0
2	8	3	-27.90194623434869	1.0	0.5014326647564471	7891.0	433.0	252.0	20.0	5.0	839.0	194.0	35.0	19.0	259.0	9.0	10.0	10.0	20.0	4.0
3	2	8	-0.15943969276770725	0.5633387746038996	1.0057803468208093	7891.0	252.0	839.0	19.0	10.0	433.0	20.0	5.0	194.0	259.0	10.0	35.0	20.0	9.0	4.0
2	3	9	0.0	0.49999999949999996	nan	8019.0	124.0	446.0	9.0	3.0	854.0	9.0	5.0	328.0	124.0	11.0	53.0	5.0	9.0	1.0
2	9	3	-74.98102890820178	1.0	0.5	8019.0	446.0	124.0	9.0	3.0	854.0	328.0	53.0	9.0	124.0	5.0	5.0	11.0	9.0	1.0
3	2	9	0.0	0.49999999949999996	nan	8019.0	124.0	854.0	9.0	5.0	446.0	9.0	3.0	328.0	124.0	11.0	53.0	9.0	5.0	1.0
2	4	5	-0.3408447687579106	0.6333897103266476	1.0833333333333333	7815.0	355.0	389.0	34.0	8.0	845.0	37.0	19.0	76.0	348.0	18.0	27.0	8.0	21.0	0.0
2	5	4	-4.77182676261075	0.9999990860433821	0.4814814814814815	7815.0	389.0	355.0	34.0	8.0	845.0	76.0	27.0	37.0	348.0	8.0	19.0	18.0	21.0	0.0
4	2	5	0.3670635971239037	0.3567858510181552	0.9333333333333333	7815.0	355.0	845.0	37.0	19.0	389.0	34.0	8.0	76.0	348.0	18.0	27.0	21.0	8.0	0.0
2	4	6	-1.170624213053176	0.8791250093048224	1.1666666666666667	7818.0	352.0	398.0	25.0	8.0	854.0	35.0	12.0	105.0	320.0	17.0	26.0	5.0	24.0	1.0
2	6	4	-9.364993704425412	1.0	0.4666666666666667	7818.0	398.0	352.0	25.0	8.0	854.0	105.0	26.0	35.0	320.0	5.0	12.0	17.0	24.0	1.0
4	2	6	1.3378562434893442	0.09047171619082706	0.8888888888888888	7818.0	352.0	854.0	35.0	12.0	398.0	25.0	8.0	105.0	320.0	17.0	26.0	24.0	5.0	1.0
2	4	7	-0.9612941463739304	0.8317978601703914	1.123076923076923	7826.0	344.0	398.0	26.0	7.0	853.0	34.0	14.0	107.0	322.0	13.0	26.0	5.0	24.0	1.0
2	7	4	-9.733103232036054	1.0	0.474025974025974	7826.0	398.0	344.0	26.0	7.0	853.0	107.0	26.0	34.0	322.0	5.0	14.0	13.0	24.0	1.0
4	2	7	1.066641450086142	0.14306692175750502	0.9101123595505618	7826.0	344.0	853.0	34.0	14.0	398.0	26.0	7.0	107.0	322.0	13.0	26.0	24.0	5.0	1.0
2	4	8	1.08275432153681	0.13945878189262084	0.9545454545454546	7925.0	245.0	399.0	25.0	7.0	871.0	18.0	12.0	165.0	265.0	12.0	32.0	4.0	20.0	0.0
2	8	4	-21.655086430736176	1.0	0.5121951219512195	7925.0	399.0	245.0	25.0	7.0	871.0	165.0	32.0	18.0	265.0	4.0	12.0	12.0	20.0	0.0
4	2	8	-1.0311945919398189	0.8487751902305527	1.0526315789473684	7925.0	245.0	871.0	18.0	12.0	399.0	25.0	7.0	165.0	265.0	12.0	32.0	20.0	4.0	0.0
2	4	9	-0.22838866167173982	0.5903279044943939	1.0033783783783783	8045.0	125.0	420.0	9.0	2.0	884.0	10.0	7.0	307.0	127.0	8.0	44.0	1.0	10.0	1.0
2	9	4	-68.05982117817835	1.0	0.4991596638655462	8045.0	420.0	125.0	9.0	2.0	884.0	307.0	44.0	10.0	127.0	1.0	7.0	8.0	10.0	1.0
4	2	9	0.22915764706457398	0.4093732390613315	0.9966555183946488	8045.0	125.0	884.0	10.0	7.0	420.0	9.0	2.0	307.0	127.0	8.0	44.0	10.0	1.0	1.0
2	5	6	-0.6750825298886313	0.7501884004442236	1.24	7855.0	349.0	361.0	28.0	8.0	898.0	34.0	16.0	65.0	315.0	13.0	22.0	11.0	25.0	0.0
2	6	5	-4.16300893431323	0.999984286617671	0.4558823529411765	7855.0	361.0	349.0	28.0	8.0	898.0	65.0	22.0	34.0	315.0	11.0	16.0	13.0	25.0	0.0
5	2	6	0.8057436647057856	0.21019527473776733	0.8604651162790697	7855.0	349.0	898.0	34.0	16.0	361.0	28.0	8.0	65.0	315.0	13.0	22.0	25.0	11.0	0.0
2	5	7	-0.5761119956392966	0.7177302967776484	1.1724137931034482	7863.0	341.0	361.0	29.0	7.0	896.0	34.0	18.0	68.0	316.0	9.0	22.0	11.0	25.0	0.0
2	7	5	-4.4936735659865175	0.9999964965541971	0.4657534246575343	7863.0	361.0	341.0	29.0	7.0	896.0	68.0	22.0	34.0	316.0	11.0	18.0	9.0	25.0	0.0
5	2	7	0.660834347939193	0.2543592119422359	0.8863636363636362	7863.0	341.0	896.0	34.0	18.0	361.0	29.0	7.0	68.0	316.0	9.0	22.0	25.0	11.0	0.0
2	5	8	-0.151553895363494	0.5602306161580953	1.0097087378640777	7954.0	250.0	370.0	21.0	6.0	911.0	22.0	15.0	126.0	258.0	9.0	31.0	7.0	20.0	0.0
2	8	5	-15.913159013166888	1.0	0.49760765550239233	7954.0	370.0	250.0	21.0	6.0	911.0	126.0	31.0	22.0	258.0	7.0	15.0	9.0	20.0	0.0
5	2	8	0.15301114435737376	0.43919472885524224	0.9905660377358491	7954.0	250.0	911.0	22.0	15.0	370.0	21.0	6.0	126.0	258.0	9.0	31.0	20.0	7.0	0.0
2	5	9	0.8191193598993868	0.20635910323675688	0.9841897233201581	8084.0	120.0	381.0	14.0	2.0	932.0	10.0	6.0	259.0	126.0	8.0	44.0	2.0	11.0	1.0
2	9	5	-50.17106079383746	1.0	0.5040485829959513	8084.0	381.0	120.0	14.0	2.0	932.0	259.0	44.0	10.0	126.0	2.0	6.0	8.0	11.0	1.0
5	2	9	-0.8059608159652603	0.7898673371966235	1.016597510373444	8084.0	120.0	932.0	10.0	6.0	381.0	14.0	2.0	259.0	126.0	8.0	44.0	11.0	2.0	1.0
2	6	7	0.6265951571898912	0.26546226527108496	0.010380622837370243	8137.0	79.0	87.0	296.0	2.0	973.0	10.0	2.0	13.0	347.0	0.0	0.0	4.0	50.0	0.0
2	7	6	-99999.9	1.0	-0.010714285714285714	8137.0	87.0	79.0	296.0	2.0	973.0	13.0	0.0	10.0	347.0	4.0	2.0	0.0	50.0	0.0
6	2	7	-59.108809828246414	1.0	0.4973637961335676	8137.0	79.0	973.0	10.0	2.0	87.0	296.0	2.0	13.0	347.0	0.0	0.0	50.0	4.0	0.0
2	6	8	1.12318005758232	0.1306805657202924	0.9135802469135802	7966.0	250.0	358.0	24.0	3.0	955.0	17.0	13.0	91.0	261.0	8.0	22.0	9.0	23.0	0.0
2	8	6	-10.750437694002208	1.0	0.524822695035461	7966.0	358.0	250.0	24.0	3.0	955.0	91.0	22.0	17.0	261.0	9.0	13.0	8.0	23.0	0.0
6	2	8	-1.016933295378587	0.8454074021873915	1.1166666666666667	7966.0	250.0	955.0	17.0	13.0	358.0	24.0	3.0	91.0	261.0	8.0	22.0	23.0	9.0	0.0
2	6	9	1.3453292396924414	0.08925953114119733	0.973568281938326	8094.0	122.0	371.0	13.0	1.0	971.0	7.0	7.0	228.0	127.0	5.0	36.0	4.0	12.0	2.0
2	9	6	-48.20763108897917	1.0	0.5068807339449541	8094.0	371.0	122.0	13.0	1.0	971.0	228.0	36.0	7.0	127.0	4.0	7.0	5.0	12.0	2.0
6	2	9	-1.3088044639541851	0.9046996354954135	1.0287081339712918	8094.0	122.0	971.0	7.0	7.0	371.0	13.0	1.0	228.0	127.0	5.0	36.0	12.0	4.0	2.0
2	7	8	0.4649973430240747	0.3209666971131233	0.96	7973.0	251.0	351.0	23.0	3.0	953.0	20.0	13.0	92.0	261.0	8.0	23.0	6.0	23.0	0.0
2	8	7	-10.69493888955372	1.0	0.5106382978723404	7973.0	351.0	251.0	23.0	3.0	953.0	92.0	23.0	20.0	261.0	6.0	13.0	8.0	23.0	0.0
7	2	8	-0.445622453731405	0.6720649781260932	1.0454545454545454	7973.0	251.0	953.0	20.0	13.0	351.0	23.0	3.0	92.0	261.0	8.0	23.0	23.0	6.0	0.0
2	7	9	1.0948485398492147	0.13679154125655746	0.9777777777777777	8101.0	123.0	364.0	13.0	0.0	971.0	8.0	7.0	228.0	127.0	6.0	36.0	3.0	11.0	2.0
2	9	7	-47.0784872135162	1.0	0.5057471264367817	8101.0	364.0	123.0	13.0	0.0	971.0	228.0	36.0	8.0	127.0	3.0	7.0	6.0	11.0	2.0
7	2	9	-1.0699656184890052	0.8576825725167363	1.0238095238095237	8101.0	123.0	971.0	8.0	7.0	364.0	13.0	0.0	228.0	127.0	6.0	36.0	11.0	3.0	2.0
2	8	9	0.40971217268091614	0.3410085948751522	0.9864864864864865	8204.0	120.0	261.0	13.0	3.0	1049.0	11.0	8.0	157.0	126.0	4.0	29.0	1.0	13.0	1.0
2	9	8	-29.49927643302595	1.0	0.503448275862069	8204.0	261.0	120.0	13.0	3.0	1049.0	157.0	29.0	11.0	126.0	1.0	8.0	4.0	13.0	1.0
8	2	9	-0.40409967716473916	0.6569302412816314	1.0140845070422535	8204.0	120.0	1049.0	11.0	8.0	261.0	13.0	3.0	157.0	126.0	4.0	29.0	13.0	1.0	1.0
3	4	5	1.6064986188831094	0.054082196701885965	0.8333333333333334	8185.0	376.0	409.0	31.0	10.0	475.0	20.0	15.0	75.0	359.0	16.0	8.0	7.0	13.0	1.0
3	5	4	-6.425994475532439	0.9999999999341861	0.5555555555555556	8185.0	409.0	376.0	31.0	10.0	475.0	75.0	8.0	20.0	359.0	7.0	15.0	16.0	13.0	1.0
4	3	5	-1.2851988951064874	0.9006385366853652	1.3333333333333333	8185.0	376.0	475.0	20.0	15.0	409.0	31.0	10.0	75.0	359.0	16.0	8.0	13.0	7.0	1.0
3	4	6	0.7783597632235181	0.21817841204663901	0.9438202247191011	8185.0	376.0	417.0	24.0	9.0	487.0	19.0	4.0	103.0	332.0	15.0	9.0	6.0	13.0	1.0
3	6	4	-12.298084258931585	1.0	0.5153374233128835	8185.0	417.0	376.0	24.0	9.0	487.0	103.0	9.0	19.0	332.0	6.0	4.0	15.0	13.0	1.0
4	3	6	-0.732028824936404	0.7679245819633206	1.0675675675675675	8185.0	376.0	487.0	19.0	4.0	417.0	24.0	9.0	103.0	332.0	15.0	9.0	13.0	6.0	1.0
3	4	7	1.1188863804648763	0.13159435638538053	0.925531914893617	8191.0	370.0	418.0	24.0	8.0	488.0	17.0	5.0	104.0	335.0	11.0	9.0	6.0	13.0	1.0
3	7	4	-12.78727291959859	1.0	0.5209580838323353	8191.0	418.0	370.0	24.0	8.0	488.0	104.0	9.0	17.0	335.0	6.0	5.0	11.0	13.0	1.0
4	3	7	-1.0288610395079325	0.8482274898953321	1.095890410958904	8191.0	370.0	488.0	17.0	5.0	418.0	24.0	8.0	104.0	335.0	11.0	9.0	13.0	6.0	1.0
3	4	8	0.6726348612689993	0.25058974251146304	0.9736842105263158	8307.0	254.0	423.0	20.0	7.0	489.0	16.0	5.0	164.0	278.0	8.0	9.0	5.0	12.0	3.0
3	8	4	-24.214855005683955	1.0	0.5068493150684932	8307.0	423.0	254.0	20.0	7.0	489.0	164.0	9.0	16.0	278.0	5.0	5.0	8.0	12.0	3.0
4	3	8	-0.6544555406941615	0.7435908823864175	1.0285714285714285	8307.0	254.0	489.0	16.0	5.0	423.0	20.0	7.0	164.0	278.0	8.0	9.0	12.0	5.0	3.0
3	4	9	-0.4963710736907304	0.6901836846552463	1.0067114093959733	8432.0	129.0	441.0	7.0	2.0	497.0	9.0	4.0	309.0	132.0	9.0	21.0	1.0	7.0	0.0
3	9	4	-74.95203212730017	1.0	0.4983388704318937	8432.0	441.0	129.0	7.0	2.0	497.0	309.0	21.0	9.0	132.0	1.0	4.0	9.0	7.0	0.0
4	3	9	0.4996802141820019	0.3086501319456352	0.993421052631579	8432.0	129.0	497.0	9.0	4.0	441.0	7.0	2.0	309.0	132.0	9.0	21.0	7.0	1.0	0.0
3	5	6	1.7810771459844599	0.037449875717736836	0.7317073170731707	8218.0	376.0	384.0	26.0	7.0	535.0	15.0	8.0	45.0	329.0	12.0	19.0	13.0	13.0	0.0
3	6	5	-3.076405979427702	0.9989523695508473	0.6122448979591837	8218.0	384.0	376.0	26.0	7.0	535.0	45.0	19.0	15.0	329.0	13.0	8.0	12.0	13.0	0.0
5	3	6	-1.1280155257901578	0.8703432671784825	2.375	8218.0	376.0	535.0	15.0	8.0	384.0	26.0	7.0	45.0	329.0	12.0	19.0	13.0	13.0	0.0
3	5	7	1.9476527373795993	0.025728195741937077	0.7333333333333333	8224.0	370.0	385.0	26.0	6.0	535.0	14.0	9.0	47.0	331.0	8.0	19.0	13.0	13.0	0.0
3	7	5	-3.4083922904142985	0.9996732146435128	0.6111111111111112	8224.0	385.0	370.0	26.0	6.0	535.0	47.0	19.0	14.0	331.0	13.0	9.0	8.0	13.0	0.0
5	3	7	-1.2394153783324724	0.8924040772665458	2.3333333333333335	8224.0	370.0	535.0	14.0	9.0	385.0	26.0	6.0	47.0	331.0	8.0	19.0	13.0	13.0	0.0
3	5	8	-0.5109397446932273	0.6953033824011278	1.035294117647059	8334.0	260.0	396.0	15.0	6.0	531.0	18.0	9.0	106.0	273.0	7.0	25.0	8.0	11.0	1.0
3	8	5	-15.4985055890279	1.0	0.49162011173184356	8334.0	396.0	260.0	15.0	6.0	531.0	106.0	25.0	18.0	273.0	8.0	9.0	7.0	11.0	1.0
5	3	8	0.5283581450804964	0.2986253746164187	0.9680851063829787	8334.0	260.0	531.0	18.0	9.0	396.0	15.0	6.0	106.0	273.0	7.0	25.0	11.0	8.0	1.0
3	5	9	1.0944040354186575	0.13688895008031465	0.9793388429752066	8471.0	123.0	402.0	13.0	2.0	545.0	8.0	5.0	245.0	132.0	9.0	37.0	2.0	6.0	0.0
3	9	5	-50.78034724342571	1.0	0.5053304904051172	8471.0	402.0	123.0	13.0	2.0	545.0	245.0	37.0	8.0	132.0	2.0	5.0	9.0	6.0	0.0
5	3	9	-1.071315342688306	0.857986132755385	1.0220264317180616	8471.0	123.0	545.0	8.0	5.0	402.0	13.0	2.0	245.0	132.0	9.0	37.0	6.0	2.0	0.0
3	6	7	0.9960971854740849	0.1596014720175758	0.009554140127388536	8516.0	86.0	93.0	314.0	2.0	594.0	3.0	2.0	6.0	351.0	0.0	1.0	4.0	28.0	0.0
3	7	6	-99999.9	1.0	-0.009836065573770491	8516.0	93.0	86.0	314.0	2.0	594.0	6.0	1.0	3.0	351.0	4.0	2.0	0.0	28.0	0.0
6	3	7	-102.26597770867275	1.0	0.4975767366720517	8516.0	86.0	594.0	3.0	2.0	93.0	314.0	2.0	6.0	351.0	0.0	1.0	28.0	4.0	0.0
3	6	8	0.8927128446286887	0.1860054530910713	0.9230769230769231	8343.0	259.0	387.0	19.0	3.0	578.0	14.0	7.0	74.0	276.0	7.0	10.0	9.0	13.0	1.0
3	8	6	-9.81984129091558	1.0	0.5217391304347826	8343.0	387.0	259.0	19.0	3.0	578.0	74.0	10.0	14.0	276.0	9.0	7.0	7.0	13.0	1.0
6	3	8	-0.8183201075762981	0.7934128418959022	1.1	8343.0	259.0	578.0	14.0	7.0	387.0	19.0	3.0	74.0	276.0	7.0	10.0	13.0	9.0	1.0
3	6	9	1.5003506858265732	0.06676182283607968	0.9726027397260274	8476.0	126.0	397.0	11.0	1.0	589.0	5.0	5.0	218.0	133.0	6.0	20.0	4.0	8.0	1.0
3	9	6	-51.76209866101681	1.0	0.5071428571428571	8476.0	397.0	126.0	11.0	1.0	589.0	218.0	20.0	5.0	133.0	4.0	5.0	6.0	8.0	1.0
6	3	9	-1.4580872862258247	0.9275917162027334	1.0298507462686568	8476.0	126.0	589.0	5.0	5.0	397.0	11.0	1.0	218.0	133.0	6.0	20.0	8.0	4.0	1.0
3	7	8	0.17521403254000548	0.43045573409571125	0.9830508474576272	8348.0	261.0	382.0	17.0	3.0	578.0	16.0	7.0	74.0	277.0	7.0	10.0	6.0	13.0	1.0
3	8	7	-9.98719985478031	1.0	0.5043478260869565	8348.0	382.0	261.0	17.0	3.0	578.0	74.0	10.0	16.0	277.0	6.0	7.0	7.0	13.0	1.0
7	3	8	-0.17219310094448814	0.5683571369904404	1.0178571428571428	8348.0	261.0	578.0	16.0	7.0	382.0	17.0	3.0	74.0	277.0	7.0	10.0	13.0	6.0	1.0
3	7	9	1.2916259893676298	0.09824341785061019	0.9769585253456221	8481.0	128.0	392.0	10.0	0.0	591.0	5.0	5.0	217.0	134.0	7.0	19.0	3.0	7.0	1.0
3	9	7	-53.47331595981978	1.0	0.5059665871121719	8481.0	392.0	128.0	10.0	0.0	591.0	217.0	19.0	5.0	134.0	3.0	5.0	7.0	7.0	1.0
7	3	9	-1.2611631122599025	0.8963748883318251	1.0247524752475248	8481.0	128.0	591.0	5.0	5.0	392.0	10.0	0.0	217.0	134.0	7.0	19.0	7.0	3.0	1.0
3	8	9	0.47247619197378293	0.3182934791609392	0.9870967741935484	8605.0	125.0	268.0	10.0	3.0	648.0	8.0	6.0	161.0	133.0	5.0	18.0	1.0	9.0	0.0
3	9	8	-35.67195249402063	1.0	0.5032894736842105	8605.0	268.0	125.0	10.0	3.0	648.0	161.0	18.0	8.0	133.0	1.0	6.0	5.0	9.0	0.0
8	3	9	-0.46630003260157665	0.679499605530272	1.0134228187919463	8605.0	125.0	648.0	8.0	6.0	268.0	10.0	3.0	161.0	133.0	5.0	18.0	9.0	1.0	0.0
4	5	6	0.31647233466972563	0.37582207924946875	0.9428571428571428	8292.0	368.0	380.0	22.0	9.0	461.0	20.0	11.0	53.0	338.0	12.0	15.0	11.0	8.0	0.0
4	6	5	-4.905321187380755	0.9999995329555416	0.515625	8292.0	380.0	368.0	22.0	9.0	461.0	53.0	15.0	20.0	338.0	11.0	11.0	12.0	8.0	0.0
5	4	6	-0.29729219317459077	0.616878211349229	1.0689655172413792	8292.0	368.0	461.0	20.0	11.0	380.0	22.0	9.0	53.0	338.0	12.0	15.0	8.0	11.0	0.0
4	5	7	0.15443652586659348	0.43863276450662925	0.9714285714285714	8298.0	362.0	381.0	22.0	8.0	461.0	21.0	10.0	55.0	340.0	8.0	15.0	11.0	8.0	0.0
4	7	5	-5.096405353597592	0.9999998266180148	0.5074626865671642	8298.0	381.0	362.0	22.0	8.0	461.0	55.0	15.0	21.0	340.0	11.0	10.0	8.0	8.0	0.0
5	4	7	-0.14989427510581133	0.5595760030873977	1.03125	8298.0	362.0	461.0	21.0	10.0	381.0	22.0	8.0	55.0	340.0	8.0	15.0	8.0	11.0	0.0
4	5	8	-1.49528979575542	0.9325805554270681	1.1071428571428572	8401.0	259.0	395.0	11.0	5.0	464.0	20.0	8.0	113.0	282.0	8.0	19.0	8.0	6.0	1.0
4	8	5	-16.946617685228087	1.0	0.47692307692307695	8401.0	395.0	259.0	11.0	5.0	464.0	113.0	19.0	20.0	282.0	8.0	8.0	8.0	6.0	1.0
5	4	8	1.6399952598607834	0.050503063810043214	0.918918918918919	8401.0	259.0	464.0	20.0	8.0	395.0	11.0	5.0	113.0	282.0	8.0	19.0	6.0	8.0	1.0
4	5	9	1.3445681993212966	0.08938242304677657	0.9764705882352941	8532.0	128.0	397.0	13.0	1.0	484.0	7.0	1.0	256.0	137.0	10.0	31.0	2.0	1.0	0.0
4	9	5	-54.45501207251238	1.0	0.5060975609756098	8532.0	397.0	128.0	13.0	1.0	484.0	256.0	31.0	7.0	137.0	2.0	1.0	10.0	1.0	0.0
5	4	9	-1.3121689656027111	0.9052683676882716	1.0253164556962024	8532.0	128.0	484.0	7.0	1.0	397.0	13.0	1.0	256.0	137.0	10.0	31.0	1.0	2.0	0.0
4	6	7	0.3757401319352278	0.3535551079984216	0.003311258278145696	8586.0	86.0	93.0	304.0	2.0	524.0	3.0	2.0	4.0	365.0	0.0	3.0	4.0	24.0	0.0
4	7	6	-99999.9	1.0	-0.0033444816053511705	8586.0	93.0	86.0	304.0	2.0	524.0	4.0	3.0	3.0	365.0	4.0	2.0	0.0	24.0	0.0
6	4	7	-112.72203958056829	1.0	0.49916805324459235	8586.0	86.0	524.0	3.0	2.0	93.0	304.0	2.0	4.0	365.0	0.0	3.0	24.0	4.0	0.0
4	6	8	0.0	0.49999999949999996	nan	8415.0	257.0	381.0	15.0	3.0	506.0	15.0	8.0	75.0	286.0	8.0	15.0	9.0	7.0	0.0
4	8	6	-10.936239248647338	1.0	0.5	8415.0	381.0	257.0	15.0	3.0	506.0	75.0	15.0	15.0	286.0	9.0	8.0	8.0	7.0	0.0
6	4	8	0.0	0.49999999949999996	nan	8415.0	257.0	506.0	15.0	8.0	381.0	15.0	3.0	75.0	286.0	8.0	15.0	7.0	9.0	0.0
4	6	9	2.124718093548913	0.016805011852569995	0.9650655021834061	8542.0	130.0	387.0	11.0	1.0	523.0	3.0	3.0	224.0	139.0	6.0	24.0	4.0	2.0	1.0
4	9	6	-56.570619240739795	1.0	0.5092165898617512	8542.0	387.0	130.0	11.0	1.0	523.0	224.0	24.0	3.0	139.0	4.0	3.0	6.0	2.0	1.0
6	4	9	-2.0478052213842464	0.979710522757726	1.0390243902439025	8542.0	130.0	523.0	3.0	3.0	387.0	11.0	1.0	224.0	139.0	6.0	24.0	2.0	4.0	1.0
4	7	8	-0.6985202194721536	0.7575741101090713	1.0714285714285714	8420.0	259.0	376.0	13.0	3.0	506.0	17.0	8.0	77.0	287.0	8.0	13.0	6.0	7.0	0.0
4	8	7	-11.176323511554452	1.0	0.4838709677419355	8420.0	376.0	259.0	13.0	3.0	506.0	77.0	13.0	17.0	287.0	6.0	8.0	8.0	7.0	0.0
7	4	8	0.7450882341036305	0.22810912240512138	0.9411764705882353	8420.0	259.0	506.0	17.0	8.0	376.0	13.0	3.0	77.0	287.0	8.0	13.0	7.0	6.0	0.0
4	7	9	1.9314888534676555	0.026711245204184664	0.9694323144104804	8547.0	132.0	382.0	10.0	0.0	525.0	3.0	3.0	225.0	140.0	7.0	21.0	3.0	1.0	1.0
4	9	7	-59.32430049936384	1.0	0.5080091533180777	8547.0	382.0	132.0	10.0	0.0	525.0	225.0	21.0	3.0	140.0	3.0	3.0	7.0	1.0	1.0
7	4	9	-1.8705860517817385	0.9692988232691995	1.0336538461538463	8547.0	132.0	525.0	3.0	3.0	382.0	10.0	0.0	225.0	140.0	7.0	21.0	1.0	3.0	1.0
4	8	9	1.0029800653248142	0.15793525086056492	0.975609756097561	8667.0	129.0	262.0	10.0	3.0	586.0	6.0	4.0	166.0	139.0	5.0	19.0	1.0	3.0	0.0
4	9	8	-39.116222547667725	1.0	0.5063291139240506	8667.0	262.0	129.0	10.0	3.0	586.0	166.0	19.0	6.0	139.0	1.0	4.0	5.0	3.0	0.0
8	4	9	-0.9779055636916938	0.835939482167162	1.0263157894736843	8667.0	129.0	586.0	6.0	4.0	262.0	10.0	3.0	166.0	139.0	5.0	19.0	3.0	1.0	0.0
5	6	7	0.63057627236184	0.2641587510236645	0.006622516556291392	8666.0	87.0	93.0	304.0	2.0	444.0	4.0	0.0	6.0	362.0	0.0	1.0	4.0	27.0	0.0
5	7	6	-99999.9	1.0	-0.006756756756756756	8666.0	93.0	87.0	304.0	2.0	444.0	6.0	1.0	4.0	362.0	4.0	0.0	0.0	27.0	0.0
6	5	7	-93.95586458191377	1.0	0.4983277591973244	8666.0	87.0	444.0	4.0	0.0	93.0	304.0	2.0	6.0	362.0	0.0	1.0	27.0	4.0	0.0
5	6	8	2.0497122761469635	0.020196191271971697	0.875	8486.0	267.0	379.0	17.0	3.0	435.0	7.0	6.0	77.0	283.0	8.0	15.0	9.0	8.0	0.0
5	8	6	-12.298273656881777	1.0	0.5384615384615384	8486.0	379.0	267.0	17.0	3.0	435.0	77.0	15.0	7.0	283.0	9.0	6.0	8.0	8.0	0.0
6	5	8	-1.7568962366973975	0.9605322948413051	1.2	8486.0	267.0	435.0	7.0	6.0	379.0	17.0	3.0	77.0	283.0	8.0	15.0	8.0	9.0	0.0
5	6	9	0.500177250780106	0.3084751360925443	0.9907834101382489	8627.0	126.0	389.0	9.0	1.0	438.0	7.0	3.0	222.0	140.0	6.0	24.0	4.0	3.0	1.0
5	9	6	-53.268877208081264	1.0	0.5023364485981309	8627.0	389.0	126.0	9.0	1.0	438.0	222.0	24.0	7.0	140.0	4.0	3.0	6.0	3.0	1.0
6	5	9	-0.4955244391449422	0.6898850114501531	1.009478672985782	8627.0	126.0	438.0	7.0	3.0	389.0	9.0	1.0	222.0	140.0	6.0	24.0	3.0	4.0	1.0
5	7	8	1.2460934740871423	0.10636510860218817	0.92	8490.0	269.0	375.0	15.0	3.0	436.0	9.0	6.0	78.0	284.0	8.0	13.0	6.0	8.0	0.0
5	8	7	-13.083981477914994	1.0	0.5227272727272727	8490.0	375.0	269.0	15.0	3.0	436.0	78.0	13.0	9.0	284.0	6.0	6.0	8.0	8.0	0.0
7	5	8	-1.137737519818695	0.8723848953229084	1.105263157894737	8490.0	269.0	436.0	9.0	6.0	375.0	15.0	3.0	78.0	284.0	8.0	13.0	8.0	6.0	0.0
5	7	9	0.25786067116882877	0.3982572774776414	0.9953703703703703	8631.0	128.0	385.0	8.0	0.0	441.0	7.0	3.0	222.0	141.0	7.0	21.0	3.0	2.0	1.0
5	9	7	-55.18218363012942	1.0	0.5011655011655012	8631.0	385.0	128.0	8.0	0.0	441.0	222.0	21.0	7.0	141.0	3.0	3.0	7.0	2.0	1.0
7	5	9	-0.25666131920990404	0.601279825114785	1.0046948356807512	8631.0	128.0	441.0	7.0	3.0	385.0	8.0	0.0	222.0	141.0	7.0	21.0	2.0	3.0	1.0
5	8	9	-0.4661153539382457	0.6794335163187049	1.0140845070422535	8740.0	125.0	276.0	8.0	3.0	513.0	10.0	4.0	154.0	140.0	5.0	17.0	1.0	4.0	0.0
5	9	8	-34.026420837491926	1.0	0.496551724137931	8740.0	276.0	125.0	8.0	3.0	513.0	154.0	17.0	10.0	140.0	1.0	4.0	5.0	4.0	0.0
8	5	9	0.4725891782984991	0.31825316566894646	0.9864864864864865	8740.0	125.0	513.0	10.0	4.0	276.0	8.0	3.0	154.0	140.0	5.0	17.0	4.0	1.0	0.0
6	7	8	-1.5994841076978967	0.9451434617122841	1.010958904109589	8832.0	278.0	89.0	1.0	1.0	94.0	5.0	1.0	374.0	303.0	16.0	3.0	0.0	3.0	0.0
6	8	7	-149.15189304282887	1.0	0.4973045822102426	8832.0	89.0	278.0	1.0	1.0	94.0	374.0	3.0	5.0	303.0	0.0	1.0	16.0	3.0	0.0
7	6	8	1.6168226888111532	0.05295827467925851	0.9893899204244032	8832.0	278.0	94.0	5.0	1.0	89.0	1.0	1.0	374.0	303.0	16.0	3.0	3.0	0.0	0.0
6	7	9	-0.5670843598916222	0.7146716006579054	1.0018832391713748	8975.0	135.0	90.0	1.0	0.0	97.0	2.0	1.0	534.0	149.0	10.0	4.0	1.0	1.0	0.0
6	9	7	-302.2559638222345	1.0	0.49953051643192486	8975.0	90.0	135.0	1.0	0.0	97.0	534.0	4.0	2.0	149.0	1.0	1.0	10.0	1.0	0.0
7	6	9	0.5681503079365311	0.28496641973655223	0.99812734082397	8975.0	135.0	97.0	2.0	1.0	90.0	1.0	0.0	534.0	149.0	10.0	4.0	1.0	1.0	0.0
6	8	9	-1.4551409571454221	0.9271848368635924	1.0337837837837838	8791.0	130.0	274.0	3.0	3.0	462.0	8.0	1.0	161.0	143.0	4.0	12.0	1.0	6.0	1.0
6	9	8	-45.98245424579533	1.0	0.4919614147909968	8791.0	274.0	130.0	3.0	3.0	462.0	161.0	12.0	8.0	143.0	1.0	1.0	4.0	6.0	1.0
8	6	9	1.5026945831959262	0.06645893903822608	0.9693251533742331	8791.0	130.0	462.0	8.0	1.0	274.0	3.0	3.0	161.0	143.0	4.0	12.0	6.0	1.0	1.0
7	8	9	-0.9784540917421373	0.8360751053600287	1.02	8794.0	132.0	278.0	3.0	3.0	459.0	6.0	1.0	159.0	144.0	4.0	10.0	1.0	5.0	1.0
7	9	8	-50.87961277059112	1.0	0.4951456310679611	8794.0	278.0	132.0	3.0	3.0	459.0	159.0	10.0	6.0	144.0	1.0	1.0	4.0	5.0	1.0
8	7	9	0.9976394660900222	0.1592271171629943	0.9811320754716981	8794.0	132.0	459.0	6.0	1.0	278.0	3.0	3.0	159.0	144.0	4.0	10.0	5.0	1.0	1.0
