P1	Hybrid	P2	Zscore	Pvalue	Gamma	AAAA	AAAB	AABA	AABB	AABC	ABAA	ABAB	ABAC	ABBA	BAAA	ABBC	CABC	BACA	BCAA	ABCD
1	2	3	0.19285884120530983	0.42353477921460136	0.004761904761904762	22225.0	1207.0	1108.0	747.0	54.0	2100.0	120.0	71.0	123.0	1921.0	56.0	69.0	53.0	140.0	6.0
1	3	2	-99999.9	1.0	-0.004830917874396135	22225.0	1108.0	1207.0	747.0	54.0	2100.0	123.0	69.0	120.0	1921.0	53.0	71.0	56.0	140.0	6.0
2	1	3	-40.114638970704334	1.0	0.4988009592326139	22225.0	1207.0	2100.0	120.0	71.0	1108.0	747.0	54.0	123.0	1921.0	56.0	69.0	140.0	53.0	6.0
1	2	4	0.3766903014448979	0.3532019435632472	0.00980392156862745	22221.0	1211.0	1108.0	731.0	70.0	2108.0	125.0	58.0	131.0	1923.0	46.0	65.0	56.0	143.0	4.0
1	4	2	-99999.9	1.0	-0.010101010101010102	22221.0	1108.0	1211.0	731.0	70.0	2108.0	131.0	65.0	125.0	1923.0	56.0	58.0	46.0	143.0	4.0
2	1	4	-37.669030144489675	1.0	0.4975124378109453	22221.0	1211.0	2108.0	125.0	58.0	1108.0	731.0	70.0	131.0	1923.0	46.0	65.0	143.0	56.0	4.0
1	2	5	0.5960016217311589	0.27558702511871314	0.014423076923076924	22244.0	1188.0	1119.0	726.0	64.0	2131.0	111.0	49.0	120.0	1925.0	55.0	69.0	52.0	141.0	6.0
1	5	2	-99999.9	1.0	-0.01507537688442211	22244.0	1119.0	1188.0	726.0	64.0	2131.0	120.0	69.0	111.0	1925.0	52.0	49.0	55.0	141.0	6.0
2	1	5	-40.13077586323135	1.0	0.4963144963144963	22244.0	1188.0	2131.0	111.0	49.0	1119.0	726.0	64.0	120.0	1925.0	55.0	69.0	141.0	52.0	6.0
1	2	6	0.19448080074394059	0.4228997343475811	0.0049261083743842365	22290.0	1142.0	1125.0	724.0	60.0	2113.0	118.0	60.0	121.0	1930.0	49.0	69.0	50.0	145.0	4.0
1	6	2	-99999.9	1.0	-0.005	22290.0	1125.0	1142.0	724.0	60.0	2113.0	121.0	69.0	118.0	1930.0	50.0	60.0	49.0	145.0	4.0
2	1	6	-39.090640949532315	1.0	0.4987593052109181	22290.0	1142.0	2113.0	118.0	60.0	1125.0	724.0	60.0	121.0	1930.0	49.0	69.0	145.0	50.0	4.0
1	2	7	-99999.9	1.0	-0.008517887563884156	22295.0	1137.0	1121.0	720.0	68.0	2110.0	128.0	53.0	123.0	1927.0	50.0	71.0	57.0	137.0	3.0
1	7	2	0.3167997895926117	0.3756978308594492	0.00830564784053156	22295.0	1121.0	1137.0	720.0	68.0	2110.0	123.0	71.0	128.0	1927.0	57.0	53.0	50.0	137.0	3.0
2	1	7	-37.50909508776506	1.0	0.502102607232969	22295.0	1137.0	2110.0	128.0	53.0	1121.0	720.0	68.0	123.0	1927.0	50.0	71.0	137.0	57.0	3.0
1	2	8	-99999.9	1.0	-0.0034129692832764505	22250.0	1182.0	1126.0	715.0	68.0	2085.0	127.0	79.0	125.0	1931.0	44.0	69.0	57.0	137.0	5.0
1	8	2	0.12617308244351524	0.449797421247046	0.0033783783783783786	22250.0	1126.0	1182.0	715.0	68.0	2085.0	125.0	69.0	127.0	1931.0	57.0	79.0	44.0	137.0	5.0
2	1	8	-37.09488623839321	1.0	0.5008488964346349	22250.0	1182.0	2085.0	127.0	79.0	1126.0	715.0	68.0	125.0	1931.0	44.0	69.0	137.0	57.0	5.0
1	2	9	-1.3383562538196496	0.90960976944739	1.1063829787234043	21921.0	1511.0	1701.0	143.0	65.0	2039.0	168.0	84.0	428.0	1587.0	85.0	113.0	70.0	83.0	2.0
1	9	2	-15.257261293544001	1.0	0.4770642201834862	21921.0	1701.0	1511.0	143.0	65.0	2039.0	428.0	113.0	168.0	1587.0	70.0	84.0	85.0	83.0	2.0
2	1	9	1.467044355148462	0.07118203366549714	0.9193548387096774	21921.0	1511.0	2039.0	168.0	84.0	1701.0	143.0	65.0	428.0	1587.0	85.0	113.0	83.0	70.0	2.0
1	3	4	0.2938930283118818	0.38441989037155233	0.004813477737665463	22305.0	1028.0	1024.0	918.0	66.0	2150.0	91.0	51.0	95.0	1960.0	39.0	59.0	53.0	154.0	7.0
1	4	3	-99999.9	1.0	-0.004884004884004884	22305.0	1024.0	1028.0	918.0	66.0	2150.0	95.0	59.0	91.0	1960.0	53.0	51.0	39.0	154.0	7.0
3	1	4	-60.46849057516967	1.0	0.4987878787878788	22305.0	1028.0	2150.0	91.0	51.0	1024.0	918.0	66.0	95.0	1960.0	39.0	59.0	154.0	53.0	7.0
1	3	5	0.7037343731188699	0.24079903588037266	0.010501750291715285	22337.0	996.0	1026.0	926.0	56.0	2176.0	78.0	38.0	87.0	1957.0	50.0	57.0	53.0	154.0	9.0
1	5	3	-99999.9	1.0	-0.010843373493975903	22337.0	1026.0	996.0	926.0	56.0	2176.0	87.0	57.0	78.0	1957.0	53.0	38.0	50.0	154.0	9.0
3	1	5	-65.60368211630355	1.0	0.49733254297569657	22337.0	996.0	2176.0	78.0	38.0	1026.0	926.0	56.0	87.0	1957.0	50.0	57.0	154.0	53.0	9.0
1	3	6	0.07627217904000873	0.46960121165320157	0.0	22390.0	943.0	1025.0	926.0	57.0	2160.0	86.0	46.0	86.0	1960.0	48.0	57.0	52.0	159.0	5.0
1	6	3	0.07627217904000873	0.46960121165320157	0.0	22390.0	1025.0	943.0	926.0	57.0	2160.0	86.0	57.0	86.0	1960.0	52.0	46.0	48.0	159.0	5.0
3	1	6	-64.03078864302337	1.0	0.5	22390.0	943.0	2160.0	86.0	46.0	1025.0	926.0	57.0	86.0	1960.0	48.0	57.0	159.0	52.0	5.0
1	3	7	-99999.9	1.0	-0.009815950920245398	22405.0	928.0	1011.0	924.0	73.0	2152.0	101.0	39.0	93.0	1959.0	42.0	59.0	52.0	156.0	6.0
1	7	3	0.5767457739295988	0.2820555639182478	0.009535160905840286	22405.0	1011.0	928.0	924.0	73.0	2152.0	93.0	59.0	101.0	1959.0	52.0	39.0	42.0	156.0	6.0
3	1	7	-59.332721493007455	1.0	0.5024183796856108	22405.0	928.0	2152.0	101.0	39.0	1011.0	924.0	73.0	93.0	1959.0	42.0	59.0	156.0	52.0	6.0
1	3	8	-99999.9	1.0	-0.008557457212713938	22362.0	971.0	1014.0	926.0	68.0	2130.0	101.0	61.0	94.0	1960.0	40.0	55.0	54.0	154.0	10.0
1	8	3	0.503103092925911	0.307445893026274	0.00834326579261025	22362.0	1014.0	971.0	926.0	68.0	2130.0	94.0	55.0	101.0	1960.0	54.0	61.0	40.0	154.0	10.0
3	1	8	-59.2942930948394	1.0	0.5021122510561254	22362.0	971.0	2130.0	101.0	61.0	1014.0	926.0	68.0	94.0	1960.0	40.0	55.0	154.0	54.0	10.0
1	3	9	-0.2245990731558853	0.5888543653810725	1.0158730158730158	21835.0	1498.0	1787.0	154.0	67.0	2054.0	158.0	80.0	414.0	1599.0	81.0	112.0	68.0	90.0	3.0
1	9	3	-14.59893975513254	1.0	0.49612403100775193	21835.0	1787.0	1498.0	154.0	67.0	2054.0	414.0	112.0	158.0	1599.0	68.0	80.0	81.0	90.0	3.0
3	1	9	0.228108433673946	0.4097810156293584	0.9848484848484849	21835.0	1498.0	2054.0	158.0	80.0	1787.0	154.0	67.0	414.0	1599.0	81.0	112.0	90.0	68.0	3.0
1	4	5	0.1572515385277841	0.4375232950024024	0.002152852529601722	22417.0	912.0	946.0	1007.0	59.0	2189.0	80.0	35.0	82.0	1972.0	50.0	49.0	36.0	162.0	4.0
1	5	4	-99999.9	1.0	-0.0021668472372697724	22417.0	946.0	912.0	1007.0	59.0	2189.0	82.0	49.0	80.0	1972.0	36.0	35.0	50.0	162.0	4.0
4	1	5	-72.72883656910011	1.0	0.49946004319654425	22417.0	912.0	2189.0	80.0	35.0	946.0	1007.0	59.0	82.0	1972.0	50.0	49.0	162.0	36.0	4.0
1	4	6	-99999.9	1.0	-0.002162162162162162	22475.0	854.0	940.0	1011.0	61.0	2176.0	84.0	44.0	82.0	1978.0	44.0	45.0	36.0	168.0	2.0
1	6	4	0.15534629185526494	0.438274148956572	0.0021482277121374865	22475.0	940.0	854.0	1011.0	61.0	2176.0	82.0	45.0	84.0	1978.0	36.0	44.0	44.0	168.0	2.0
4	1	6	-72.00300627491524	1.0	0.5005387931034483	22475.0	854.0	2176.0	84.0	44.0	940.0	1011.0	61.0	82.0	1978.0	44.0	45.0	168.0	36.0	2.0
1	4	7	-99999.9	1.0	-0.014412416851441243	22483.0	846.0	933.0	1012.0	67.0	2169.0	97.0	38.0	84.0	1977.0	43.0	51.0	38.0	160.0	2.0
1	7	4	0.9717735229640075	0.1655816141388674	0.013815090329436768	22483.0	933.0	846.0	1012.0	67.0	2169.0	84.0	51.0	97.0	1977.0	38.0	38.0	43.0	160.0	2.0
4	1	7	-68.39790565477438	1.0	0.5035268583830711	22483.0	846.0	2169.0	97.0	38.0	933.0	1012.0	67.0	84.0	1977.0	43.0	51.0	160.0	38.0	2.0
1	4	8	-99999.9	1.0	-0.008879023307436182	22442.0	887.0	934.0	1008.0	70.0	2139.0	99.0	66.0	91.0	1979.0	34.0	49.0	37.0	161.0	4.0
1	8	4	0.5825388671142326	0.280101843380004	0.008648648648648649	22442.0	934.0	887.0	1008.0	70.0	2139.0	91.0	49.0	99.0	1979.0	37.0	66.0	34.0	161.0	4.0
4	1	8	-66.19097877585467	1.0	0.5021905805038336	22442.0	887.0	2139.0	99.0	66.0	934.0	1008.0	70.0	91.0	1979.0	34.0	49.0	161.0	37.0	4.0
1	4	9	-0.5008335406892556	0.6917558627681815	1.036	21830.0	1499.0	1792.0	151.0	69.0	2063.0	160.0	81.0	419.0	1598.0	87.0	98.0	67.0	80.0	6.0
1	9	4	-14.913709878302281	1.0	0.49146110056925996	21830.0	1792.0	1499.0	151.0	69.0	2063.0	419.0	98.0	160.0	1598.0	67.0	81.0	87.0	80.0	6.0
4	1	9	0.5182370227981486	0.3021464421669211	0.9675090252707581	21830.0	1499.0	2063.0	160.0	81.0	1792.0	151.0	69.0	419.0	1598.0	87.0	98.0	80.0	67.0	6.0
1	5	6	-99999.9	1.0	-0.003873466752743706	23043.0	320.0	372.0	1585.0	21.0	2263.0	30.0	27.0	24.0	2046.0	18.0	16.0	22.0	210.0	3.0
1	6	5	0.8169589647057535	0.2069758835542408	0.003828972559029994	23043.0	372.0	320.0	1585.0	21.0	2263.0	24.0	16.0	30.0	2046.0	22.0	27.0	18.0	210.0	3.0
5	1	6	-211.72853168624155	1.0	0.5009627727856226	23043.0	320.0	2263.0	30.0	27.0	372.0	1585.0	21.0	24.0	2046.0	18.0	16.0	210.0	22.0	3.0
1	5	7	-99999.9	1.0	-0.014018691588785048	22633.0	730.0	783.0	1157.0	38.0	2215.0	72.0	33.0	57.0	1994.0	37.0	32.0	46.0	171.0	2.0
1	7	5	1.3270187552958455	0.09225130499768608	0.013452914798206277	22633.0	783.0	730.0	1157.0	38.0	2215.0	57.0	32.0	72.0	1994.0	46.0	33.0	37.0	171.0	2.0
5	1	7	-95.98768996639942	1.0	0.5034324942791762	22633.0	730.0	2215.0	72.0	33.0	783.0	1157.0	38.0	57.0	1994.0	37.0	32.0	171.0	46.0	2.0
1	5	8	-99999.9	1.0	-0.014995313964386128	22604.0	759.0	772.0	1157.0	49.0	2188.0	74.0	58.0	58.0	1997.0	33.0	33.0	44.0	170.0	4.0
1	8	5	1.3997051223619839	0.08080087425403915	0.014349775784753365	22604.0	772.0	759.0	1157.0	49.0	2188.0	58.0	33.0	74.0	1997.0	44.0	58.0	33.0	170.0	4.0
5	1	8	-94.74254046987674	1.0	0.503666361136572	22604.0	759.0	2188.0	74.0	58.0	772.0	1157.0	49.0	58.0	1997.0	33.0	33.0	170.0	44.0	4.0
1	5	9	-0.8471614406124267	0.8015474760571664	1.0635593220338984	21841.0	1522.0	1781.0	139.0	58.0	2085.0	154.0	81.0	405.0	1598.0	85.0	90.0	73.0	83.0	5.0
1	9	5	-15.022996213527023	1.0	0.48549323017408125	21841.0	1781.0	1522.0	139.0	58.0	2085.0	405.0	90.0	154.0	1598.0	73.0	81.0	85.0	83.0	5.0
5	1	9	0.8977886183382691	0.18464909680260466	0.9466192170818505	21841.0	1522.0	2085.0	154.0	81.0	1781.0	139.0	58.0	405.0	1598.0	85.0	90.0	83.0	73.0	5.0
1	6	7	-99999.9	1.0	-0.009302325581395349	22687.0	728.0	729.0	1155.0	42.0	2200.0	70.0	33.0	60.0	2003.0	35.0	44.0	39.0	175.0	0.0
1	7	6	0.8800943799218707	0.18940405525454973	0.00904977375565611	22687.0	729.0	728.0	1155.0	42.0	2200.0	60.0	44.0	70.0	2003.0	39.0	33.0	35.0	175.0	0.0
6	1	7	-95.49024022152314	1.0	0.5022935779816514	22687.0	728.0	2200.0	70.0	33.0	729.0	1155.0	42.0	60.0	2003.0	35.0	44.0	175.0	39.0	0.0
1	6	8	-99999.9	1.0	-0.009354536950420954	22654.0	761.0	722.0	1154.0	50.0	2172.0	75.0	56.0	65.0	2001.0	32.0	42.0	39.0	174.0	3.0
1	8	6	0.848164144951897	0.1981732340722282	0.009099181073703366	22654.0	722.0	761.0	1154.0	50.0	2172.0	65.0	42.0	75.0	2001.0	39.0	56.0	32.0	174.0	3.0
6	1	8	-91.51691124030975	1.0	0.5023062730627306	22654.0	761.0	2172.0	75.0	56.0	722.0	1154.0	50.0	65.0	2001.0	32.0	42.0	174.0	39.0	3.0
1	6	9	-0.22678874030412863	0.5897059472828089	1.0158730158730158	21901.0	1514.0	1721.0	151.0	54.0	2066.0	155.0	82.0	411.0	1602.0	85.0	103.0	68.0	83.0	4.0
1	9	6	-14.741268119768355	1.0	0.49612403100775193	21901.0	1721.0	1514.0	151.0	54.0	2066.0	411.0	103.0	155.0	1602.0	68.0	82.0	85.0	83.0	4.0
6	1	9	0.23033231437138063	0.40891682118176176	0.9848484848484849	21901.0	1514.0	2066.0	155.0	82.0	1721.0	151.0	54.0	411.0	1602.0	85.0	103.0	83.0	68.0	4.0
1	7	8	0.26853825047390034	0.39414257999357405	0.0024813895781637717	22767.0	649.0	609.0	1267.0	49.0	2193.0	61.0	50.0	64.0	2021.0	27.0	22.0	33.0	185.0	3.0
1	8	7	-99999.9	1.0	-0.0024999999999999996	22767.0	609.0	649.0	1267.0	49.0	2193.0	64.0	22.0	61.0	2021.0	33.0	50.0	27.0	185.0	3.0
7	1	8	-107.68383844003405	1.0	0.49937733499377335	22767.0	649.0	2193.0	61.0	50.0	609.0	1267.0	49.0	64.0	2021.0	27.0	22.0	185.0	33.0	3.0
1	7	9	-0.44699453802798794	0.6725604712365505	1.031372549019608	21909.0	1507.0	1713.0	151.0	61.0	2063.0	159.0	82.0	422.0	1604.0	86.0	95.0	62.0	84.0	2.0
1	9	7	-15.141939975698083	1.0	0.49250936329588013	21909.0	1713.0	1507.0	151.0	61.0	2063.0	422.0	95.0	159.0	1604.0	62.0	82.0	86.0	84.0	2.0
7	1	9	0.4605913300592575	0.3225459363183214	0.9713261648745519	21909.0	1507.0	2063.0	159.0	82.0	1713.0	151.0	61.0	422.0	1604.0	86.0	95.0	84.0	62.0	2.0
1	8	9	-0.7195817491085702	0.7641087931880375	1.051792828685259	21874.0	1502.0	1748.0	148.0	69.0	2035.0	161.0	83.0	425.0	1604.0	86.0	120.0	60.0	81.0	4.0
1	9	8	-15.332626500236456	1.0	0.4879852125693161	21874.0	1748.0	1502.0	148.0	69.0	2035.0	425.0	120.0	161.0	1604.0	60.0	83.0	86.0	81.0	4.0
8	1	9	0.7550156988752801	0.22511971396956176	0.9551724137931035	21874.0	1502.0	2035.0	161.0	83.0	1748.0	148.0	69.0	425.0	1604.0	86.0	120.0	81.0	60.0	4.0
2	3	4	1.1450397328469237	0.1260964049379042	0.0635593220338983	23274.0	1051.0	1055.0	304.0	39.0	1181.0	83.0	36.0	98.0	2651.0	59.0	25.0	63.0	77.0	4.0
2	4	3	-99999.9	1.0	-0.07853403141361255	23274.0	1055.0	1051.0	304.0	39.0	1181.0	98.0	25.0	83.0	2651.0	63.0	36.0	59.0	77.0	4.0
3	2	4	-15.725212331097751	1.0	0.48243559718969553	23274.0	1051.0	1181.0	83.0	36.0	1055.0	304.0	39.0	98.0	2651.0	59.0	25.0	77.0	63.0	4.0
2	3	5	1.1402691585594256	0.12708714587278536	0.05714285714285715	23315.0	1010.0	1060.0	303.0	35.0	1198.0	72.0	30.0	86.0	2658.0	64.0	24.0	62.0	76.0	7.0
2	5	3	-99999.9	1.0	-0.06896551724137931	23315.0	1060.0	1010.0	303.0	35.0	1198.0	86.0	24.0	72.0	2658.0	62.0	30.0	64.0	76.0	7.0
3	2	5	-17.67417195767109	1.0	0.484375	23315.0	1010.0	1198.0	72.0	30.0	1060.0	303.0	35.0	86.0	2658.0	64.0	24.0	76.0	62.0	7.0
2	3	6	1.0283059952955633	0.15190297649530027	0.052000000000000005	23350.0	975.0	1053.0	314.0	31.0	1200.0	77.0	23.0	90.0	2657.0	61.0	25.0	65.0	74.0	5.0
2	6	3	-99999.9	1.0	-0.06161137440758294	23350.0	1053.0	975.0	314.0	31.0	1200.0	90.0	25.0	77.0	2657.0	65.0	23.0	61.0	74.0	5.0
3	2	6	-17.718503303554318	1.0	0.4859002169197397	23350.0	975.0	1200.0	77.0	23.0	1053.0	314.0	31.0	90.0	2657.0	61.0	25.0	74.0	65.0	5.0
2	3	7	1.7715886255828173	0.03823138793394776	0.0846153846153846	23358.0	967.0	1047.0	309.0	42.0	1199.0	71.0	30.0	93.0	2651.0	64.0	23.0	62.0	79.0	5.0
2	7	3	-99999.9	1.0	-0.1134020618556701	23358.0	1047.0	967.0	309.0	42.0	1199.0	93.0	23.0	71.0	2651.0	62.0	30.0	64.0	79.0	5.0
3	2	7	-17.393779232994937	1.0	0.4757709251101322	23358.0	967.0	1199.0	71.0	30.0	1047.0	309.0	42.0	93.0	2651.0	64.0	23.0	79.0	62.0	5.0
2	3	8	1.3272152382325608	0.09221881221787798	0.06589147286821706	23291.0	1034.0	1044.0	319.0	35.0	1201.0	78.0	21.0	95.0	2643.0	70.0	24.0	62.0	78.0	5.0
2	8	3	-99999.9	1.0	-0.08212560386473429	23291.0	1044.0	1034.0	319.0	35.0	1201.0	95.0	24.0	78.0	2643.0	62.0	21.0	70.0	78.0	5.0
3	2	8	-17.488012550829033	1.0	0.4817204301075269	23291.0	1034.0	1201.0	78.0	21.0	1044.0	319.0	35.0	95.0	2643.0	70.0	24.0	78.0	62.0	5.0
2	3	9	1.9149989275746393	0.027746253147697075	0.9721627408993576	22713.0	1612.0	1247.0	107.0	44.0	1176.0	81.0	43.0	989.0	1690.0	129.0	77.0	42.0	46.0	4.0
2	9	3	-64.9626559277243	1.0	0.5072625698324023	22713.0	1247.0	1612.0	107.0	44.0	1176.0	989.0	77.0	81.0	1690.0	42.0	43.0	129.0	46.0	4.0
3	2	9	-1.8601641565207396	0.9685689094629746	1.030373831775701	22713.0	1612.0	1176.0	81.0	43.0	1247.0	107.0	44.0	989.0	1690.0	129.0	77.0	46.0	42.0	4.0
2	4	5	0.23313985955694816	0.4078264486623343	0.009433962264150945	23409.0	920.0	966.0	397.0	31.0	1197.0	82.0	25.0	85.0	2654.0	58.0	26.0	56.0	90.0	4.0
2	5	4	-99999.9	1.0	-0.00970873786407767	23409.0	966.0	920.0	397.0	31.0	1197.0	85.0	26.0	82.0	2654.0	56.0	25.0	58.0	90.0	4.0
4	2	5	-24.246545393922656	1.0	0.49760765550239233	23409.0	920.0	1197.0	82.0	25.0	966.0	397.0	31.0	85.0	2654.0	58.0	26.0	90.0	56.0	4.0
2	4	6	0.3784297253415538	0.35255575218153434	0.015151515151515154	23454.0	875.0	949.0	411.0	34.0	1197.0	86.0	21.0	91.0	2657.0	49.0	27.0	56.0	89.0	4.0
2	6	4	-99999.9	1.0	-0.015873015873015872	23454.0	949.0	875.0	411.0	34.0	1197.0	91.0	27.0	86.0	2657.0	56.0	21.0	49.0	89.0	4.0
4	2	6	-24.21950242185947	1.0	0.49612403100775193	23454.0	875.0	1197.0	86.0	21.0	949.0	411.0	34.0	91.0	2657.0	49.0	27.0	89.0	56.0	4.0
2	4	7	0.15203659139072617	0.43957902224110745	0.006191950464396284	23456.0	873.0	949.0	407.0	38.0	1196.0	86.0	22.0	88.0	2648.0	61.0	31.0	50.0	94.0	1.0
2	7	4	-99999.9	1.0	-0.006309148264984227	23456.0	949.0	873.0	407.0	38.0	1196.0	88.0	31.0	86.0	2648.0	50.0	22.0	61.0	94.0	1.0
4	2	7	-24.249836326820805	1.0	0.4984375	23456.0	873.0	1196.0	86.0	22.0	949.0	407.0	38.0	88.0	2648.0	61.0	31.0	94.0	50.0	1.0
2	4	8	0.2965647769220176	0.38339947070273883	0.012383900928792569	23385.0	944.0	950.0	409.0	35.0	1196.0	90.0	18.0	94.0	2644.0	59.0	30.0	49.0	95.0	2.0
2	8	4	-99999.9	1.0	-0.012861736334405145	23385.0	950.0	944.0	409.0	35.0	1196.0	94.0	30.0	90.0	2644.0	49.0	18.0	59.0	95.0	2.0
4	2	8	-23.35447618260888	1.0	0.4968454258675079	23385.0	944.0	1196.0	90.0	18.0	950.0	409.0	35.0	94.0	2644.0	59.0	30.0	95.0	49.0	2.0
2	4	9	1.2392423026820147	0.10762795750749687	0.9814004376367614	22718.0	1611.0	1242.0	104.0	48.0	1175.0	87.0	42.0	984.0	1682.0	131.0	83.0	44.0	43.0	6.0
2	9	4	-64.14901331530426	1.0	0.5047833427124366	22718.0	1242.0	1611.0	104.0	48.0	1175.0	984.0	83.0	87.0	1682.0	44.0	42.0	131.0	43.0	6.0
4	2	9	-1.2157561051952874	0.8879610112669194	1.0196987253765932	22718.0	1611.0	1175.0	87.0	42.0	1242.0	104.0	48.0	984.0	1682.0	131.0	83.0	43.0	44.0	6.0
2	5	6	0.12595338223841435	0.44988437508010004	0.0010672358591248667	24035.0	340.0	368.0	967.0	13.0	1271.0	31.0	6.0	32.0	2740.0	20.0	12.0	28.0	134.0	3.0
2	6	5	-99999.9	1.0	-0.0010706638115631692	24035.0	368.0	340.0	967.0	13.0	1271.0	32.0	12.0	31.0	2740.0	28.0	6.0	20.0	134.0	3.0
5	2	6	-117.76641239291821	1.0	0.4997327632282202	24035.0	340.0	1271.0	31.0	6.0	368.0	967.0	13.0	32.0	2740.0	20.0	12.0	134.0	28.0	3.0
2	5	7	0.4421312583884798	0.32919714248937637	0.010162601626016258	23625.0	750.0	780.0	549.0	19.0	1223.0	62.0	23.0	67.0	2673.0	52.0	25.0	49.0	100.0	3.0
2	7	5	-99999.9	1.0	-0.010482180293501047	23625.0	780.0	750.0	549.0	19.0	1223.0	67.0	25.0	62.0	2673.0	49.0	23.0	52.0	100.0	3.0
5	2	7	-42.62145330864937	1.0	0.4974200206398349	23625.0	750.0	1223.0	62.0	23.0	780.0	549.0	19.0	67.0	2673.0	52.0	25.0	100.0	49.0	3.0
2	5	8	0.0874253286434636	0.46516665462852447	0.0020491803278688526	23564.0	811.0	771.0	552.0	25.0	1228.0	65.0	15.0	66.0	2671.0	55.0	26.0	47.0	101.0	3.0
2	8	5	-99999.9	1.0	-0.0020618556701030933	23564.0	771.0	811.0	552.0	25.0	1228.0	66.0	26.0	65.0	2671.0	47.0	15.0	55.0	101.0	3.0
5	2	8	-42.48870972072355	1.0	0.499486125385406	23564.0	811.0	1228.0	65.0	15.0	771.0	552.0	25.0	66.0	2671.0	55.0	26.0	101.0	47.0	3.0
2	5	9	0.8310122855445286	0.20298329232350598	0.9878318584070797	22744.0	1631.0	1216.0	94.0	38.0	1182.0	83.0	43.0	976.0	1683.0	133.0	84.0	47.0	43.0	3.0
2	9	5	-66.6320759863886	1.0	0.5030985915492958	22744.0	1216.0	1631.0	94.0	38.0	1182.0	976.0	84.0	83.0	1683.0	47.0	43.0	133.0	43.0	3.0
5	2	9	-0.8207758520159846	0.7941130770797856	1.0126291618828933	22744.0	1631.0	1182.0	83.0	43.0	1216.0	94.0	38.0	976.0	1683.0	133.0	84.0	43.0	47.0	3.0
2	6	7	0.2569623795566718	0.3986039653365514	0.006085192697768762	23664.0	739.0	741.0	557.0	22.0	1223.0	67.0	25.0	70.0	2677.0	52.0	22.0	40.0	99.0	2.0
2	7	6	-99999.9	1.0	-0.006198347107438017	23664.0	741.0	739.0	557.0	22.0	1223.0	70.0	22.0	67.0	2677.0	40.0	25.0	52.0	99.0	2.0
6	2	7	-41.71355961469974	1.0	0.4984646878198567	23664.0	739.0	1223.0	67.0	25.0	741.0	557.0	22.0	70.0	2677.0	52.0	22.0	99.0	40.0	2.0
2	6	8	0.08397408929312163	0.46653845096608815	0.0	23598.0	805.0	737.0	557.0	26.0	1228.0	71.0	16.0	71.0	2672.0	56.0	21.0	40.0	100.0	2.0
2	8	6	0.08397408929312163	0.46653845096608815	0.0	23598.0	737.0	805.0	557.0	26.0	1228.0	71.0	21.0	71.0	2672.0	40.0	16.0	56.0	100.0	2.0
6	2	8	-40.76986095487797	1.0	0.5	23598.0	805.0	1228.0	71.0	16.0	737.0	557.0	26.0	71.0	2672.0	56.0	21.0	100.0	40.0	2.0
2	6	9	1.6459450639304987	0.04988752074062974	0.9748358862144421	22783.0	1620.0	1177.0	111.0	32.0	1184.0	88.0	43.0	979.0	1684.0	136.0	79.0	41.0	41.0	2.0
2	9	6	-62.11653545615968	1.0	0.5065378055713473	22783.0	1177.0	1620.0	111.0	32.0	1184.0	979.0	79.0	88.0	1684.0	41.0	43.0	136.0	41.0	2.0
6	2	9	-1.6034571442106318	0.9455831196972564	1.0272189349112426	22783.0	1620.0	1184.0	88.0	43.0	1177.0	111.0	32.0	979.0	1684.0	136.0	79.0	41.0	41.0	2.0
2	7	8	0.09625810767378755	0.4616577315252217	0.0	23710.0	695.0	625.0	667.0	26.0	1250.0	54.0	11.0	54.0	2687.0	43.0	16.0	42.0	119.0	1.0
2	8	7	0.09625810767378755	0.4616577315252217	0.0	23710.0	625.0	695.0	667.0	26.0	1250.0	54.0	16.0	54.0	2687.0	42.0	11.0	43.0	119.0	1.0
7	2	8	-58.95866314034725	1.0	0.5	23710.0	695.0	1250.0	54.0	11.0	625.0	667.0	26.0	54.0	2687.0	43.0	16.0	119.0	42.0	1.0
2	7	9	1.5172790219264907	0.06459815088221799	0.9767955801104973	22785.0	1620.0	1175.0	108.0	35.0	1187.0	87.0	41.0	971.0	1682.0	131.0	84.0	44.0	49.0	1.0
2	9	7	-62.352942662979125	1.0	0.5060103033772181	22785.0	1175.0	1620.0	108.0	35.0	1187.0	971.0	84.0	87.0	1682.0	44.0	41.0	131.0	49.0	1.0
7	2	9	-1.4812350632608162	0.9307279921667582	1.0249406175771971	22785.0	1620.0	1187.0	87.0	41.0	1175.0	108.0	35.0	971.0	1682.0	131.0	84.0	49.0	44.0	1.0
2	8	9	0.9915156228188494	0.16071694041299978	0.9842873176206509	22724.0	1611.0	1236.0	108.0	44.0	1185.0	94.0	41.0	971.0	1680.0	132.0	86.0	39.0	45.0	4.0
2	9	8	-61.11985589233335	1.0	0.5040229885057471	22724.0	1236.0	1611.0	108.0	44.0	1185.0	971.0	86.0	94.0	1680.0	39.0	41.0	132.0	45.0	4.0
8	2	9	-0.9756875513029271	0.8353903380822787	1.0164899882214369	22724.0	1611.0	1185.0	94.0	41.0	1236.0	108.0	44.0	971.0	1680.0	132.0	86.0	45.0	39.0	4.0
3	4	5	-99999.9	1.0	-0.19672131147540983	23538.0	917.0	975.0	164.0	31.0	1068.0	91.0	19.0	79.0	2893.0	60.0	23.0	53.0	84.0	5.0
3	5	4	0.9713330286744597	0.16569123190613555	0.12371134020618557	23538.0	975.0	917.0	164.0	31.0	1068.0	79.0	23.0	91.0	2893.0	53.0	19.0	60.0	84.0	5.0
4	3	5	-5.908942591102962	0.9999999982726591	0.5379746835443039	23538.0	917.0	1068.0	91.0	19.0	975.0	164.0	31.0	79.0	2893.0	60.0	23.0	84.0	53.0	5.0
3	4	6	-99999.9	1.0	-0.25396825396825395	23584.0	871.0	966.0	171.0	33.0	1067.0	92.0	19.0	76.0	2901.0	55.0	25.0	52.0	85.0	3.0
3	6	4	1.3086109677655458	0.09533314919858071	0.14414414414414414	23584.0	966.0	871.0	171.0	33.0	1067.0	76.0	25.0	92.0	2901.0	52.0	19.0	55.0	85.0	3.0
4	3	6	-6.4612666533423875	0.9999999999478348	0.5459770114942528	23584.0	871.0	1067.0	92.0	19.0	966.0	171.0	33.0	76.0	2901.0	55.0	25.0	85.0	52.0	3.0
3	4	7	-99999.9	1.0	-0.25396825396825395	23595.0	860.0	962.0	176.0	32.0	1057.0	97.0	24.0	81.0	2889.0	62.0	25.0	53.0	84.0	3.0
3	7	4	1.2725222088049988	0.10159388793264168	0.14414414414414414	23595.0	962.0	860.0	176.0	32.0	1057.0	81.0	25.0	97.0	2889.0	53.0	24.0	62.0	84.0	3.0
4	3	7	-6.283078405974679	0.9999999998333169	0.5459770114942528	23595.0	860.0	1057.0	97.0	24.0	962.0	176.0	32.0	81.0	2889.0	62.0	25.0	84.0	53.0	3.0
3	4	8	-99999.9	1.0	-0.30357142857142855	23525.0	930.0	967.0	174.0	29.0	1056.0	101.0	21.0	84.0	2887.0	61.0	23.0	52.0	87.0	3.0
3	8	4	1.3333578133546302	0.0912072698621691	0.1588785046728972	23525.0	967.0	930.0	174.0	29.0	1056.0	84.0	23.0	101.0	2887.0	52.0	21.0	61.0	87.0	3.0
4	3	8	-5.7255953161698825	0.9999999948312595	0.5521472392638037	23525.0	930.0	1056.0	101.0	21.0	967.0	174.0	29.0	84.0	2887.0	61.0	23.0	87.0	52.0	3.0
3	4	9	-0.7962541414659593	0.7870578936389956	1.0092250922509225	22831.0	1624.0	1058.0	73.0	39.0	1062.0	83.0	33.0	1177.0	1716.0	139.0	74.0	44.0	40.0	7.0
3	9	4	-87.90645721784203	1.0	0.4977252047315741	22831.0	1058.0	1624.0	73.0	39.0	1062.0	1177.0	74.0	83.0	1716.0	44.0	33.0	139.0	40.0	7.0
4	3	9	0.803532515702394	0.2108334461662218	0.9910233393177738	22831.0	1624.0	1062.0	83.0	33.0	1058.0	73.0	39.0	1177.0	1716.0	139.0	74.0	40.0	44.0	7.0
3	5	6	-99999.9	1.0	-0.007267441860465116	24179.0	334.0	371.0	731.0	10.0	1127.0	38.0	5.0	33.0	2980.0	24.0	8.0	27.0	130.0	3.0
3	6	5	0.5947927039287598	0.2759909764910845	0.007112375533428165	24179.0	371.0	334.0	731.0	10.0	1127.0	33.0	8.0	38.0	2980.0	27.0	5.0	24.0	130.0	3.0
5	3	6	-82.4382687645261	1.0	0.5017972681524083	24179.0	334.0	1127.0	38.0	5.0	371.0	731.0	10.0	33.0	2980.0	24.0	8.0	130.0	27.0	3.0
3	5	7	-99999.9	1.0	-0.021367521367521368	23769.0	744.0	788.0	310.0	14.0	1079.0	71.0	20.0	66.0	2917.0	54.0	18.0	51.0	95.0	4.0
3	7	5	0.4310489584385852	0.3332164213072326	0.020080321285140562	23769.0	788.0	744.0	310.0	14.0	1079.0	66.0	18.0	71.0	2917.0	51.0	20.0	54.0	95.0	4.0
5	3	7	-20.60414021336434	1.0	0.5051759834368531	23769.0	744.0	1079.0	71.0	20.0	788.0	310.0	14.0	66.0	2917.0	54.0	18.0	95.0	51.0	4.0
3	5	8	-99999.9	1.0	-0.05381165919282511	23712.0	801.0	780.0	311.0	21.0	1080.0	76.0	14.0	64.0	2916.0	57.0	19.0	48.0	97.0	4.0
3	8	5	1.0337076549342046	0.15063644925958697	0.04633204633204633	23712.0	780.0	801.0	311.0	21.0	1080.0	64.0	19.0	76.0	2916.0	48.0	14.0	57.0	97.0	4.0
5	3	8	-20.243441575794833	1.0	0.512448132780083	23712.0	801.0	1080.0	76.0	14.0	780.0	311.0	21.0	64.0	2916.0	57.0	19.0	97.0	48.0	4.0
3	5	9	-0.914270558027272	0.8197126753054178	1.010036496350365	22866.0	1647.0	1023.0	66.0	23.0	1060.0	77.0	33.0	1184.0	1713.0	140.0	69.0	53.0	41.0	5.0
3	9	5	-92.92313489768095	1.0	0.49752808988764047	22866.0	1023.0	1647.0	66.0	23.0	1060.0	1184.0	69.0	77.0	1713.0	53.0	33.0	140.0	41.0	5.0
5	3	9	0.9233554506544626	0.1779109795135746	0.9902568644818424	22866.0	1647.0	1060.0	77.0	33.0	1023.0	66.0	23.0	1184.0	1713.0	140.0	69.0	41.0	53.0	5.0
3	6	7	-99999.9	1.0	-0.008368200836820083	23809.0	741.0	748.0	311.0	16.0	1078.0	70.0	20.0	68.0	2924.0	53.0	17.0	45.0	98.0	2.0
3	7	6	0.17086809191716282	0.4321637444127274	0.00816326530612245	23809.0	748.0	741.0	311.0	16.0	1078.0	68.0	17.0	70.0	2924.0	45.0	20.0	53.0	98.0	2.0
6	3	7	-20.589605076018117	1.0	0.5020661157024793	23809.0	741.0	1078.0	70.0	20.0	748.0	311.0	16.0	68.0	2924.0	53.0	17.0	98.0	45.0	2.0
3	6	8	-99999.9	1.0	-0.026200873362445413	23748.0	802.0	744.0	310.0	21.0	1078.0	75.0	15.0	69.0	2920.0	56.0	16.0	45.0	99.0	2.0
3	8	6	0.5054761674402009	0.3066122123440287	0.024291497975708502	23748.0	744.0	802.0	310.0	21.0	1078.0	69.0	16.0	75.0	2920.0	45.0	15.0	56.0	99.0	2.0
6	3	8	-19.797816558074583	1.0	0.5063025210084034	23748.0	802.0	1078.0	75.0	15.0	744.0	310.0	21.0	69.0	2920.0	56.0	16.0	99.0	45.0	2.0
3	6	9	0.07882161698957885	0.4685871875920462	0.9990999099909991	22915.0	1635.0	974.0	81.0	20.0	1052.0	80.0	36.0	1190.0	1715.0	140.0	71.0	48.0	40.0	3.0
3	9	6	-87.41317324144352	1.0	0.5002253267237494	22915.0	974.0	1635.0	81.0	20.0	1052.0	1190.0	71.0	80.0	1715.0	48.0	36.0	140.0	40.0	3.0
6	3	9	-0.07875060652382247	0.531384571139492	1.0009025270758123	22915.0	1635.0	1052.0	80.0	36.0	974.0	81.0	20.0	1190.0	1715.0	140.0	71.0	40.0	48.0	3.0
3	7	8	-99999.9	1.0	-0.010869565217391306	23873.0	684.0	619.0	433.0	16.0	1087.0	61.0	15.0	57.0	2934.0	48.0	19.0	45.0	106.0	3.0
3	8	7	0.36989239967469945	0.35573139243379626	0.010526315789473684	23873.0	619.0	684.0	433.0	16.0	1087.0	57.0	19.0	61.0	2934.0	45.0	15.0	48.0	106.0	3.0
7	3	8	-34.399993169747034	1.0	0.5026737967914439	23873.0	684.0	1087.0	61.0	15.0	619.0	433.0	16.0	57.0	2934.0	48.0	19.0	106.0	45.0	3.0
3	7	9	0.0	0.49999999949999996	nan	22927.0	1630.0	962.0	85.0	21.0	1045.0	85.0	33.0	1184.0	1713.0	142.0	84.0	45.0	41.0	3.0
3	9	7	-84.26467219080529	1.0	0.5	22927.0	962.0	1630.0	85.0	21.0	1045.0	1184.0	84.0	85.0	1713.0	45.0	33.0	142.0	41.0	3.0
7	3	9	0.0	0.49999999949999996	nan	22927.0	1630.0	1045.0	85.0	33.0	962.0	85.0	21.0	1184.0	1713.0	142.0	84.0	41.0	45.0	3.0
3	8	9	-0.6038989214861921	0.7270446264232129	1.0073126142595978	22871.0	1621.0	1018.0	83.0	32.0	1038.0	91.0	34.0	1193.0	1709.0	138.0	82.0	43.0	41.0	6.0
3	9	8	-83.79097535620913	1.0	0.4981916817359855	22871.0	1018.0	1621.0	83.0	32.0	1038.0	1193.0	82.0	91.0	1709.0	43.0	34.0	138.0	41.0	6.0
8	3	9	0.6082829426948032	0.27149986516079605	0.9928443649373881	22871.0	1621.0	1038.0	91.0	34.0	1018.0	83.0	32.0	1193.0	1709.0	138.0	82.0	41.0	43.0	6.0
4	5	6	-99999.9	1.0	-0.01340033500837521	24276.0	330.0	375.0	643.0	9.0	1030.0	38.0	9.0	30.0	3088.0	23.0	7.0	31.0	110.0	1.0
4	6	5	0.9742321038670351	0.16497065369580333	0.012882447665056362	24276.0	375.0	330.0	643.0	9.0	1030.0	30.0	7.0	38.0	3088.0	31.0	9.0	23.0	110.0	1.0
5	4	6	-73.67630285494457	1.0	0.5032840722495895	24276.0	330.0	1030.0	38.0	9.0	375.0	643.0	9.0	30.0	3088.0	23.0	7.0	110.0	31.0	1.0
4	5	7	-99999.9	1.0	-0.06	23861.0	745.0	791.0	228.0	8.0	987.0	69.0	21.0	60.0	3023.0	58.0	21.0	57.0	71.0	0.0
4	7	5	0.8098816034988984	0.20900405525041943	0.05084745762711864	23861.0	791.0	745.0	228.0	8.0	987.0	60.0	21.0	69.0	3023.0	57.0	21.0	58.0	71.0	0.0
5	4	7	-14.307908328480549	1.0	0.5137614678899083	23861.0	745.0	987.0	69.0	21.0	791.0	228.0	8.0	60.0	3023.0	58.0	21.0	71.0	57.0	0.0
4	5	8	-99999.9	1.0	-0.01234567901234568	23801.0	805.0	780.0	228.0	19.0	991.0	64.0	22.0	62.0	3027.0	52.0	21.0	57.0	69.0	2.0
4	8	5	0.17913861105966056	0.42891444070367557	0.011904761904761906	23801.0	780.0	805.0	228.0	19.0	991.0	62.0	21.0	64.0	3027.0	57.0	22.0	52.0	69.0	2.0
5	4	8	-14.689366106892157	1.0	0.503030303030303	23801.0	805.0	991.0	64.0	22.0	780.0	228.0	19.0	62.0	3027.0	52.0	21.0	69.0	57.0	2.0
4	5	9	-0.0866418429156344	0.5345219617268688	1.0008319467554077	22954.0	1652.0	939.0	66.0	22.0	972.0	67.0	38.0	1270.0	1720.0	151.0	67.0	42.0	34.0	6.0
4	9	5	-104.31677887042302	1.0	0.49979227253842956	22954.0	939.0	1652.0	66.0	22.0	972.0	1270.0	67.0	67.0	1720.0	42.0	38.0	151.0	34.0	6.0
5	4	9	0.0867138643976923	0.4654494136223265	0.9991701244813278	22954.0	1652.0	972.0	67.0	38.0	939.0	66.0	22.0	1270.0	1720.0	151.0	67.0	34.0	42.0	6.0
4	6	7	-99999.9	1.0	-0.012658227848101266	23908.0	743.0	744.0	226.0	12.0	979.0	66.0	22.0	64.0	3036.0	57.0	25.0	47.0	71.0	0.0
4	7	6	0.17638938472280852	0.4299940276739138	0.012195121951219511	23908.0	744.0	743.0	226.0	12.0	979.0	64.0	25.0	66.0	3036.0	47.0	22.0	57.0	71.0	0.0
6	4	7	-14.111150777824674	1.0	0.5031055900621118	23908.0	743.0	979.0	66.0	22.0	744.0	226.0	12.0	64.0	3036.0	57.0	25.0	71.0	47.0	0.0
4	6	8	0.5267870132390142	0.2991707356417699	0.03592814371257485	23845.0	806.0	736.0	225.0	21.0	981.0	64.0	22.0	70.0	3035.0	52.0	23.0	49.0	69.0	2.0
4	8	6	-99999.9	1.0	-0.04026845637583893	23845.0	736.0	806.0	225.0	21.0	981.0	70.0	23.0	64.0	3035.0	49.0	22.0	52.0	69.0	2.0
6	4	8	-13.608664508674531	1.0	0.49050632911392406	23845.0	806.0	981.0	64.0	22.0	736.0	225.0	21.0	70.0	3035.0	52.0	23.0	69.0	49.0	2.0
4	6	9	0.6593087607354713	0.2548486947844295	0.9934264585045193	23009.0	1642.0	884.0	78.0	20.0	958.0	70.0	39.0	1279.0	1725.0	153.0	72.0	34.0	33.0	4.0
4	9	6	-98.97872770541262	1.0	0.5016597510373443	23009.0	884.0	1642.0	78.0	20.0	958.0	1279.0	72.0	70.0	1725.0	34.0	39.0	153.0	33.0	4.0
6	4	9	-0.6549460890349884	0.7437488309322142	1.0067057837384745	23009.0	1642.0	958.0	70.0	39.0	884.0	78.0	20.0	1279.0	1725.0	153.0	72.0	33.0	34.0	4.0
4	7	8	0.6769609256412208	0.2492153063661504	0.02295081967213115	23963.0	689.0	618.0	349.0	14.0	997.0	51.0	20.0	58.0	3046.0	45.0	19.0	51.0	78.0	2.0
4	8	7	-99999.9	1.0	-0.024647887323943664	23963.0	618.0	689.0	349.0	14.0	997.0	58.0	19.0	51.0	3046.0	51.0	20.0	45.0	78.0	2.0
7	4	8	-28.1422327659422	1.0	0.4940577249575551	23963.0	689.0	997.0	51.0	20.0	618.0	349.0	14.0	58.0	3046.0	45.0	19.0	78.0	51.0	2.0
4	7	9	0.5747729581226926	0.2827223907043287	0.9942339373970346	23010.0	1642.0	883.0	78.0	20.0	962.0	71.0	35.0	1278.0	1721.0	150.0	69.0	37.0	40.0	4.0
4	9	7	-98.5325071067473	1.0	0.5014540922309929	23010.0	883.0	1642.0	78.0	20.0	962.0	1278.0	69.0	71.0	1721.0	37.0	35.0	150.0	40.0	4.0
7	4	9	-0.5714395606853615	0.7161491772972026	1.0058675607711651	23010.0	1642.0	962.0	71.0	35.0	883.0	78.0	20.0	1278.0	1721.0	150.0	69.0	40.0	37.0	4.0
4	8	9	-0.3237654037679021	0.6269421061626903	1.0033528918692372	22949.0	1632.0	944.0	74.0	34.0	960.0	78.0	36.0	1275.0	1723.0	150.0	74.0	28.0	36.0	7.0
4	9	8	-97.21056248131251	1.0	0.4991659716430359	22949.0	944.0	1632.0	74.0	34.0	960.0	1275.0	74.0	78.0	1723.0	28.0	36.0	150.0	36.0	7.0
8	4	9	0.3248473265875108	0.3726483805293238	0.9966804979253112	22949.0	1632.0	960.0	78.0	36.0	944.0	74.0	34.0	1275.0	1723.0	150.0	74.0	36.0	28.0	7.0
5	6	7	0.3787886964001861	0.35242244825655145	0.9934497816593887	24509.0	797.0	339.0	33.0	5.0	378.0	30.0	4.0	485.0	3269.0	87.0	9.0	23.0	31.0	1.0
5	7	6	-57.070830257628096	1.0	0.5016538037486219	24509.0	339.0	797.0	33.0	5.0	378.0	485.0	9.0	30.0	3269.0	23.0	4.0	87.0	31.0	1.0
6	5	7	-0.37629118851183324	0.6466497272376994	1.0066815144766148	24509.0	797.0	378.0	30.0	4.0	339.0	33.0	5.0	485.0	3269.0	87.0	9.0	31.0	23.0	1.0
5	6	8	-0.2383098219842168	0.5941795486510577	1.0044943820224719	24454.0	852.0	338.0	34.0	5.0	372.0	36.0	4.0	483.0	3264.0	94.0	8.0	24.0	31.0	1.0
5	8	6	-53.50055503545665	1.0	0.49888392857142855	24454.0	338.0	852.0	34.0	5.0	372.0	483.0	8.0	36.0	3264.0	24.0	4.0	94.0	31.0	1.0
6	5	8	0.2393760851698285	0.40540703608215645	0.9955654101995566	24454.0	852.0	372.0	36.0	4.0	338.0	34.0	5.0	483.0	3264.0	94.0	8.0	31.0	24.0	1.0
5	6	9	1.4583659773479092	0.07236988773272435	0.994066882416397	23590.0	1716.0	336.0	34.0	7.0	377.0	23.0	12.0	1866.0	1785.0	190.0	33.0	12.0	17.0	2.0
5	9	6	-242.8842245910342	1.0	0.5014965986394558	23590.0	336.0	1716.0	34.0	7.0	377.0	1866.0	33.0	23.0	1785.0	12.0	12.0	190.0	17.0	2.0
6	5	9	-1.4496616768862558	0.9264235129442827	1.0060406370126305	23590.0	1716.0	377.0	23.0	12.0	336.0	34.0	7.0	1866.0	1785.0	190.0	33.0	17.0	12.0	2.0
5	7	8	-99999.9	1.0	-0.014925373134328358	24157.0	691.0	635.0	191.0	9.0	803.0	55.0	14.0	53.0	3218.0	51.0	7.0	51.0	64.0	1.0
5	8	7	0.1936973649854903	0.42320644758435055	0.014285714285714285	24157.0	635.0	691.0	191.0	9.0	803.0	53.0	7.0	55.0	3218.0	51.0	14.0	51.0	64.0	1.0
7	5	8	-13.171420819013376	1.0	0.5036496350364963	24157.0	691.0	803.0	55.0	14.0	635.0	191.0	9.0	53.0	3218.0	51.0	7.0	64.0	51.0	1.0
5	7	9	1.1856956945038113	0.11787131064928302	0.9906272530641672	23175.0	1673.0	751.0	67.0	17.0	797.0	54.0	21.0	1428.0	1734.0	160.0	51.0	32.0	38.0	2.0
5	9	7	-124.1332184784374	1.0	0.5023765996343693	23175.0	751.0	1673.0	67.0	17.0	797.0	1428.0	51.0	54.0	1734.0	32.0	21.0	160.0	38.0	2.0
7	5	9	-1.1744773218483895	0.8798979936447893	1.0096439169139466	23175.0	1673.0	797.0	54.0	21.0	751.0	67.0	17.0	1428.0	1734.0	160.0	51.0	38.0	32.0	2.0
5	8	9	0.36857362652208064	0.35622283881765315	0.997093023255814	23123.0	1669.0	803.0	61.0	27.0	786.0	57.0	20.0	1429.0	1736.0	159.0	61.0	27.0	36.0	6.0
5	9	8	-126.05218027055128	1.0	0.5007299270072992	23123.0	803.0	1669.0	61.0	27.0	786.0	1429.0	61.0	57.0	1736.0	27.0	20.0	159.0	36.0	6.0
8	5	9	-0.3674990678441737	0.6433765456655698	1.002932551319648	23123.0	1669.0	786.0	57.0	20.0	803.0	61.0	27.0	1429.0	1736.0	159.0	61.0	36.0	27.0	6.0
6	7	8	0.2984573263136134	0.38267713881393983	0.021276595744680847	24193.0	694.0	633.0	188.0	10.0	767.0	50.0	16.0	53.0	3229.0	51.0	9.0	50.0	56.0	1.0
6	8	7	-99999.9	1.0	-0.022727272727272728	24193.0	633.0	694.0	188.0	10.0	767.0	53.0	9.0	50.0	3229.0	50.0	16.0	51.0	56.0	1.0
7	6	8	-13.430579684112596	1.0	0.4945054945054945	24193.0	694.0	767.0	50.0	16.0	633.0	188.0	10.0	53.0	3229.0	51.0	9.0	56.0	50.0	1.0
6	7	9	0.25837396526880607	0.3980592121006443	0.997808619430241	23223.0	1664.0	744.0	69.0	18.0	749.0	66.0	18.0	1432.0	1739.0	162.0	54.0	31.0	31.0	0.0
6	9	7	-117.38790488712701	1.0	0.5005496518871382	23223.0	744.0	1664.0	69.0	18.0	749.0	1432.0	54.0	66.0	1739.0	31.0	18.0	162.0	31.0	0.0
7	6	9	-0.2578065261064295	0.601721827976293	1.0022058823529412	23223.0	1664.0	749.0	66.0	18.0	744.0	69.0	18.0	1432.0	1739.0	162.0	54.0	31.0	31.0	0.0
6	8	9	-0.6005282434044571	0.7259229262359814	1.0051775147928994	23166.0	1660.0	801.0	64.0	27.0	743.0	71.0	15.0	1430.0	1738.0	161.0	62.0	27.0	31.0	4.0
6	9	8	-117.18879721292683	1.0	0.49871559633027523	23166.0	801.0	1660.0	64.0	27.0	743.0	1430.0	62.0	71.0	1738.0	27.0	15.0	161.0	31.0	4.0
8	6	9	0.6036214720312645	0.27304761765565977	0.9949016751638747	23166.0	1660.0	743.0	71.0	15.0	801.0	64.0	27.0	1430.0	1738.0	161.0	62.0	31.0	27.0	4.0
7	8	9	-0.767076733208877	0.7784821186818486	1.0053872053872055	23286.0	1674.0	686.0	50.0	24.0	623.0	58.0	14.0	1551.0	1756.0	166.0	56.0	25.0	27.0	4.0
7	9	8	-143.92277206831562	1.0	0.4986639946559786	23286.0	686.0	1674.0	50.0	24.0	623.0	1551.0	56.0	58.0	1756.0	25.0	14.0	166.0	27.0	4.0
8	7	9	0.7711869903191724	0.22029798683446233	0.9946984758117959	23286.0	1674.0	623.0	58.0	14.0	686.0	50.0	24.0	1551.0	1756.0	166.0	56.0	27.0	25.0	4.0
