P1	Hybrid	P2	Zscore	Pvalue	Gamma	AAAA	AAAB	AABA	AABB	AABC	ABAA	ABAB	ABAC	ABBA	BAAA	ABBC	CABC	BACA	BCAA	ABCD
1	2	3	-0.20452922710491514	0.5810299944518602	1.0155038759689923	7248.0	420.0	622.0	46.0	24.0	834.0	48.0	33.0	179.0	440.0	22.0	46.0	24.0	13.0	1.0
1	3	2	-13.601193602476885	1.0	0.4962121212121212	7248.0	622.0	420.0	46.0	24.0	834.0	179.0	46.0	48.0	440.0	24.0	33.0	22.0	13.0	1.0
2	1	3	0.20765181072483752	0.4177504538547755	0.9851851851851852	7248.0	420.0	834.0	48.0	33.0	622.0	46.0	24.0	179.0	440.0	22.0	46.0	13.0	24.0	1.0
1	2	4	-0.7035010936887095	0.7591283063991581	1.032258064516129	7312.0	356.0	641.0	32.0	19.0	858.0	38.0	19.0	230.0	394.0	17.0	52.0	21.0	11.0	0.0
1	4	2	-23.21553609172741	1.0	0.49230769230769234	7312.0	641.0	356.0	32.0	19.0	858.0	230.0	52.0	38.0	394.0	21.0	19.0	17.0	11.0	0.0
2	1	4	0.7254855028664817	0.23407704838115828	0.9705882352941176	7312.0	356.0	858.0	38.0	19.0	641.0	32.0	19.0	230.0	394.0	17.0	52.0	11.0	21.0	0.0
1	2	5	1.2711891414174166	0.10183075308589051	0.9702970297029703	7359.0	309.0	648.0	30.0	14.0	881.0	21.0	13.0	315.0	310.0	16.0	58.0	16.0	9.0	1.0
1	5	2	-40.254322811551575	1.0	0.5077720207253886	7359.0	648.0	309.0	30.0	14.0	881.0	315.0	58.0	21.0	310.0	16.0	13.0	16.0	9.0	1.0
2	1	5	-1.2322751881087202	0.8910767797571932	1.0326086956521738	7359.0	309.0	881.0	21.0	13.0	648.0	30.0	14.0	315.0	310.0	16.0	58.0	9.0	16.0	1.0
1	2	6	-0.6550251898193531	0.7437742953416914	1.0174216027874565	7375.0	293.0	654.0	26.0	12.0	869.0	31.0	15.0	323.0	300.0	18.0	61.0	18.0	5.0	0.0
1	6	2	-38.908496275269556	1.0	0.49575551782682514	7375.0	654.0	293.0	26.0	12.0	869.0	323.0	61.0	31.0	300.0	18.0	15.0	18.0	5.0	0.0
2	1	6	0.6662413745765338	0.2526283501989759	0.9834437086092715	7375.0	293.0	869.0	31.0	15.0	654.0	26.0	12.0	323.0	300.0	18.0	61.0	5.0	18.0	0.0
1	2	7	-0.9125505885247902	0.8192605486326503	1.024561403508772	7376.0	292.0	655.0	25.0	12.0	868.0	32.0	15.0	324.0	300.0	17.0	60.0	18.0	6.0	0.0
1	7	2	-38.978946566987524	1.0	0.494077834179357	7376.0	655.0	292.0	25.0	12.0	868.0	324.0	60.0	32.0	300.0	18.0	15.0	17.0	6.0	0.0
2	1	7	0.9344268012633983	0.1750418730610953	0.9771241830065359	7376.0	292.0	868.0	32.0	15.0	655.0	25.0	12.0	324.0	300.0	17.0	60.0	6.0	18.0	0.0
1	2	8	-1.1370178194503304	0.8722345279622487	1.0157303370786517	7521.0	147.0	669.0	15.0	8.0	885.0	22.0	8.0	474.0	155.0	12.0	71.0	8.0	4.0	1.0
1	8	2	-74.55588273252879	1.0	0.4961580680570802	7521.0	669.0	147.0	15.0	8.0	885.0	474.0	71.0	22.0	155.0	8.0	8.0	12.0	4.0	1.0
2	1	8	1.1546265024949152	0.12412176201954528	0.9849785407725322	7521.0	147.0	885.0	22.0	8.0	669.0	15.0	8.0	474.0	155.0	12.0	71.0	4.0	8.0	1.0
1	2	9	-0.1791051208224943	0.57107241127898	1.0022172949002217	7508.0	160.0	669.0	15.0	8.0	888.0	16.0	11.0	468.0	162.0	11.0	70.0	9.0	5.0	0.0
1	9	2	-81.13461973259	1.0	0.4994475138121547	7508.0	669.0	160.0	15.0	8.0	888.0	468.0	70.0	16.0	162.0	9.0	11.0	11.0	5.0	0.0
2	1	9	0.17950137108980074	0.42877202887866916	0.9977973568281938	7508.0	160.0	888.0	16.0	11.0	669.0	15.0	8.0	468.0	162.0	11.0	70.0	5.0	9.0	0.0
1	3	4	-0.9106129396429208	0.8187503500976184	1.1730769230769231	7503.0	367.0	450.0	36.0	4.0	992.0	45.0	22.0	106.0	397.0	9.0	42.0	11.0	16.0	0.0
1	4	3	-7.082545086111607	0.9999999999992876	0.46564885496183206	7503.0	450.0	367.0	36.0	4.0	992.0	106.0	42.0	45.0	397.0	11.0	22.0	9.0	16.0	0.0
3	1	4	1.0449656684426962	0.14801944516192667	0.8860759493670886	7503.0	367.0	992.0	45.0	22.0	450.0	36.0	4.0	106.0	397.0	9.0	42.0	16.0	11.0	0.0
1	3	5	-0.9998117958285924	0.8412991920553091	1.051948051948052	7558.0	312.0	449.0	26.0	15.0	1012.0	34.0	13.0	196.0	304.0	12.0	46.0	9.0	13.0	1.0
1	5	3	-21.246000661357606	1.0	0.4879518072289156	7558.0	449.0	312.0	26.0	15.0	1012.0	196.0	46.0	34.0	304.0	9.0	13.0	12.0	13.0	1.0
3	1	5	1.0491852178448193	0.14704646844656877	0.9550561797752809	7558.0	312.0	1012.0	34.0	13.0	449.0	26.0	15.0	196.0	304.0	12.0	46.0	13.0	9.0	1.0
1	3	6	-1.8015275382612919	0.9641901671798003	1.110344827586207	7572.0	298.0	457.0	26.0	7.0	1001.0	42.0	16.0	203.0	296.0	13.0	49.0	11.0	9.0	0.0
1	6	3	-19.929398392015546	1.0	0.47633136094674555	7572.0	457.0	298.0	26.0	7.0	1001.0	203.0	49.0	42.0	296.0	11.0	16.0	13.0	9.0	0.0
3	1	6	1.980561330883532	0.0238201752767645	0.917098445595855	7572.0	298.0	1001.0	42.0	16.0	457.0	26.0	7.0	203.0	296.0	13.0	49.0	9.0	11.0	0.0
1	3	7	-1.80069917278294	0.9641248984094317	1.1111111111111112	7573.0	297.0	458.0	26.0	6.0	1001.0	42.0	16.0	202.0	297.0	13.0	49.0	11.0	9.0	0.0
1	7	3	-19.807690900612346	1.0	0.47619047619047616	7573.0	458.0	297.0	26.0	6.0	1001.0	202.0	49.0	42.0	297.0	11.0	16.0	13.0	9.0	0.0
3	1	7	1.9807690900612345	0.023808518079975527	0.9166666666666666	7573.0	297.0	1001.0	42.0	16.0	458.0	26.0	6.0	202.0	297.0	13.0	49.0	9.0	11.0	0.0
1	3	8	-0.15966607110349076	0.5634279440380936	1.0030674846625767	7722.0	148.0	468.0	19.0	3.0	1028.0	20.0	11.0	347.0	157.0	8.0	55.0	8.0	5.0	1.0
1	8	3	-52.37047132194483	1.0	0.499236641221374	7722.0	468.0	148.0	19.0	3.0	1028.0	347.0	55.0	20.0	157.0	8.0	11.0	8.0	5.0	1.0
3	1	8	0.16015434655029043	0.43637973738211344	0.9969604863221885	7722.0	148.0	1028.0	20.0	11.0	468.0	19.0	3.0	347.0	157.0	8.0	55.0	5.0	8.0	1.0
1	3	9	0.33378542831324276	0.36927080777073273	0.9938461538461538	7709.0	161.0	468.0	19.0	3.0	1030.0	17.0	12.0	340.0	162.0	10.0	56.0	8.0	5.0	0.0
1	9	3	-53.57256124427553	1.0	0.501552795031056	7709.0	468.0	161.0	19.0	3.0	1030.0	340.0	56.0	17.0	162.0	8.0	12.0	10.0	5.0	0.0
3	1	9	-0.3317186454753899	0.629949071931396	1.006269592476489	7709.0	161.0	1030.0	17.0	12.0	468.0	19.0	3.0	340.0	162.0	10.0	56.0	5.0	8.0	0.0
1	4	5	0.6520846131754031	0.25717323205802023	0.9545454545454546	7642.0	311.0	365.0	33.0	9.0	1096.0	28.0	16.0	133.0	312.0	8.0	25.0	7.0	14.0	1.0
1	5	4	-13.041692263508077	1.0	0.5121951219512195	7642.0	365.0	311.0	33.0	9.0	1096.0	133.0	25.0	28.0	312.0	7.0	16.0	8.0	14.0	1.0
4	1	5	-0.6210329649289555	0.7327110880058898	1.0526315789473684	7642.0	311.0	1096.0	28.0	16.0	365.0	33.0	9.0	133.0	312.0	8.0	25.0	14.0	7.0	1.0
1	4	6	-0.8070809385622876	0.790190131760911	1.074468085106383	7662.0	291.0	367.0	31.0	9.0	1085.0	38.0	17.0	139.0	303.0	11.0	29.0	8.0	10.0	0.0
1	6	4	-12.452105909246738	1.0	0.48325358851674644	7662.0	367.0	291.0	31.0	9.0	1085.0	139.0	29.0	38.0	303.0	8.0	17.0	11.0	10.0	0.0
4	1	6	0.8630172412349215	0.19406395144473942	0.9391304347826086	7662.0	291.0	1085.0	38.0	17.0	367.0	31.0	9.0	139.0	303.0	11.0	29.0	10.0	8.0	0.0
1	4	7	-0.7016707902775386	0.7585578224277605	1.063157894736842	7664.0	289.0	367.0	31.0	9.0	1086.0	37.0	17.0	138.0	304.0	11.0	28.0	9.0	10.0	0.0
1	7	4	-12.51312909328279	1.0	0.4855769230769231	7664.0	367.0	289.0	31.0	9.0	1086.0	138.0	28.0	37.0	304.0	9.0	17.0	11.0	10.0	0.0
4	1	7	0.7433542035613528	0.2286335630813764	0.9469026548672567	7664.0	289.0	1086.0	37.0	17.0	367.0	31.0	9.0	138.0	304.0	11.0	28.0	10.0	9.0	0.0
1	4	8	0.635509141597692	0.26254814431842743	0.9849056603773585	7811.0	142.0	379.0	22.0	6.0	1112.0	18.0	10.0	279.0	165.0	9.0	39.0	2.0	6.0	0.0
1	8	4	-40.83146234765173	1.0	0.5038610038610039	7811.0	379.0	142.0	22.0	6.0	1112.0	279.0	39.0	18.0	165.0	2.0	10.0	9.0	6.0	0.0
4	1	8	-0.6257695378950454	0.7342669988003199	1.0158102766798418	7811.0	142.0	1112.0	18.0	10.0	379.0	22.0	6.0	279.0	165.0	9.0	39.0	6.0	2.0	0.0
1	4	9	-0.5029341443102394	0.6924947159118024	1.01171875	7792.0	161.0	385.0	16.0	6.0	1108.0	19.0	13.0	278.0	167.0	8.0	40.0	1.0	6.0	0.0
1	9	4	-43.92291526976096	1.0	0.4971209213051824	7792.0	385.0	161.0	16.0	6.0	1108.0	278.0	40.0	19.0	167.0	1.0	13.0	8.0	6.0	0.0
4	1	9	0.508759636329277	0.3054603514320908	0.9886792452830189	7792.0	161.0	1108.0	19.0	13.0	385.0	16.0	6.0	278.0	167.0	8.0	40.0	6.0	1.0	0.0
1	5	6	-0.2753858583354267	0.6084900322658666	0.4	7716.0	291.0	313.0	33.0	7.0	1199.0	36.0	19.0	34.0	308.0	5.0	20.0	5.0	14.0	0.0
1	6	5	-0.09179528611180879	0.5365697171055905	2.0	7716.0	313.0	291.0	33.0	7.0	1199.0	34.0	20.0	36.0	308.0	5.0	19.0	5.0	14.0	0.0
5	1	6	0.13769292916771309	0.4452415258856728	0.25	7716.0	291.0	1199.0	36.0	19.0	313.0	33.0	7.0	34.0	308.0	5.0	20.0	14.0	5.0	0.0
1	5	7	-0.4107999416435902	0.6593903374045174	0.42857142857142855	7717.0	290.0	314.0	32.0	7.0	1199.0	36.0	19.0	33.0	309.0	5.0	20.0	5.0	14.0	0.0
1	7	5	-0.10269998541089777	0.5408995127939067	1.5	7717.0	314.0	290.0	32.0	7.0	1199.0	33.0	20.0	36.0	309.0	5.0	19.0	5.0	14.0	0.0
5	1	7	0.13693331388119712	0.4455417243809673	0.2	7717.0	290.0	1199.0	36.0	19.0	314.0	32.0	7.0	33.0	309.0	5.0	20.0	14.0	5.0	0.0
1	5	8	0.15645528695201258	0.43783706897223884	0.9936708860759493	7862.0	145.0	328.0	21.0	4.0	1223.0	20.0	11.0	177.0	165.0	5.0	30.0	0.0	9.0	0.0
1	8	5	-24.407024764514006	1.0	0.5015974440894568	7862.0	328.0	145.0	21.0	4.0	1223.0	177.0	30.0	20.0	165.0	0.0	11.0	5.0	9.0	0.0
5	1	8	-0.15545875646187238	0.5617701793218266	1.0064516129032257	7862.0	145.0	1223.0	20.0	11.0	328.0	21.0	4.0	177.0	165.0	5.0	30.0	9.0	0.0	0.0
1	5	9	0.32587810683186885	0.37225835879369984	0.9872611464968153	7849.0	158.0	328.0	20.0	5.0	1223.0	18.0	13.0	173.0	169.0	5.0	30.0	0.0	9.0	0.0
1	9	5	-24.929675172637936	1.0	0.5032467532467533	7849.0	328.0	158.0	20.0	5.0	1223.0	173.0	30.0	18.0	169.0	0.0	13.0	5.0	9.0	0.0
5	1	9	-0.3216732280340383	0.6261498003967962	1.0132450331125828	7849.0	158.0	1223.0	18.0	13.0	328.0	20.0	5.0	173.0	169.0	5.0	30.0	9.0	0.0	0.0
1	6	7	-99999.9	1.0	-0.0032362459546925564	8013.0	16.0	18.0	313.0	0.0	1249.0	3.0	1.0	2.0	347.0	0.0	1.0	0.0	37.0	0.0
1	7	6	0.4432389615177566	0.328796479083143	0.003205128205128205	8013.0	18.0	16.0	313.0	0.0	1249.0	2.0	1.0	3.0	347.0	0.0	1.0	0.0	37.0	0.0
6	1	7	-137.4040780705044	1.0	0.500805152979066	8013.0	16.0	1249.0	3.0	1.0	18.0	313.0	0.0	2.0	347.0	0.0	1.0	37.0	0.0	0.0
1	6	8	0.984183448100869	0.16251266501585648	0.963855421686747	7884.0	145.0	306.0	22.0	3.0	1226.0	16.0	11.0	176.0	167.0	6.0	28.0	2.0	8.0	0.0
1	8	6	-25.260708501255635	1.0	0.5095541401273885	7884.0	306.0	145.0	22.0	3.0	1226.0	176.0	28.0	16.0	167.0	2.0	11.0	6.0	8.0	0.0
6	1	8	-0.9472765687970863	0.8282510772345616	1.0405405405405406	7884.0	145.0	1226.0	16.0	11.0	306.0	22.0	3.0	176.0	167.0	6.0	28.0	8.0	2.0	0.0
1	6	9	0.5103174433473728	0.30491453511839883	0.9813664596273292	7866.0	163.0	311.0	19.0	1.0	1224.0	16.0	13.0	174.0	169.0	6.0	28.0	2.0	8.0	0.0
1	9	6	-26.366401239614273	1.0	0.5047923322683705	7866.0	311.0	163.0	19.0	1.0	1224.0	174.0	28.0	16.0	169.0	2.0	13.0	6.0	8.0	0.0
6	1	9	-0.5006278716382456	0.6916834801855931	1.019736842105263	7866.0	163.0	1224.0	16.0	13.0	311.0	19.0	1.0	174.0	169.0	6.0	28.0	8.0	2.0	0.0
1	7	8	1.010673093651864	0.15608647350199367	0.9640718562874252	7885.0	146.0	305.0	21.0	3.0	1226.0	15.0	11.0	176.0	168.0	6.0	28.0	2.0	8.0	0.0
1	8	7	-26.1090549193398	1.0	0.5094936708860759	7885.0	305.0	146.0	21.0	3.0	1226.0	176.0	28.0	15.0	168.0	2.0	11.0	6.0	8.0	0.0
7	1	8	-0.9730082578635959	0.8347254017243103	1.0402684563758389	7885.0	146.0	1226.0	15.0	11.0	305.0	21.0	3.0	176.0	168.0	6.0	28.0	8.0	2.0	0.0
1	7	9	0.6914824291166515	0.244631141154387	0.9754601226993865	7868.0	163.0	309.0	19.0	1.0	1224.0	15.0	13.0	174.0	170.0	6.0	28.0	2.0	8.0	0.0
1	9	7	-26.794944128270235	1.0	0.5063694267515924	7868.0	309.0	163.0	19.0	1.0	1224.0	174.0	28.0	15.0	170.0	2.0	13.0	6.0	8.0	0.0
7	1	9	-0.6740866447363583	0.7498719515916937	1.0264900662251655	7868.0	163.0	1224.0	15.0	13.0	309.0	19.0	1.0	174.0	170.0	6.0	28.0	8.0	2.0	0.0
1	8	9	-0.18301530987103334	0.5726069856347795	0.75	8029.0	161.0	148.0	19.0	3.0	1395.0	20.0	15.0	17.0	167.0	1.0	14.0	0.0	11.0	0.0
1	9	8	0.3660306197420655	0.3571711749551413	0.6	8029.0	148.0	161.0	19.0	3.0	1395.0	17.0	14.0	20.0	167.0	0.0	15.0	1.0	11.0	0.0
8	1	9	-99999.9	1.0	2.0	8029.0	161.0	1395.0	20.0	15.0	148.0	19.0	3.0	17.0	167.0	1.0	14.0	11.0	0.0	0.0
2	3	4	-0.3566884161765303	0.6393373971004712	1.05	7704.0	378.0	466.0	32.0	3.0	791.0	35.0	21.0	98.0	391.0	10.0	34.0	11.0	26.0	0.0
2	4	3	-7.847145155883659	0.9999999999999978	0.48837209302325585	7704.0	466.0	378.0	32.0	3.0	791.0	98.0	34.0	35.0	391.0	11.0	21.0	10.0	26.0	0.0
3	2	4	0.37367357885160324	0.35432365128286225	0.9565217391304348	7704.0	378.0	791.0	35.0	21.0	466.0	32.0	3.0	98.0	391.0	10.0	34.0	26.0	11.0	0.0
2	3	5	-1.927936541311266	0.9730685578879322	1.1317829457364341	7778.0	304.0	462.0	24.0	15.0	792.0	41.0	14.0	187.0	299.0	13.0	42.0	9.0	20.0	0.0
2	5	3	-18.485509190219773	1.0	0.47249190938511326	7778.0	462.0	304.0	24.0	15.0	792.0	187.0	42.0	41.0	299.0	9.0	14.0	13.0	20.0	0.0
3	2	5	2.152422302970797	0.015681998606721703	0.9055555555555556	7778.0	304.0	792.0	41.0	14.0	462.0	24.0	15.0	187.0	299.0	13.0	42.0	20.0	9.0	0.0
2	3	6	-1.3270112619036125	0.9077474556371887	1.0657894736842106	7771.0	311.0	473.0	21.0	7.0	802.0	31.0	14.0	193.0	291.0	15.0	43.0	9.0	19.0	0.0
2	6	3	-22.82459370474215	1.0	0.4850299401197605	7771.0	473.0	311.0	21.0	7.0	802.0	193.0	43.0	31.0	291.0	9.0	14.0	15.0	19.0	0.0
3	2	6	1.4089255373297616	0.07942864643863057	0.945054945054945	7771.0	311.0	802.0	31.0	14.0	473.0	21.0	7.0	193.0	291.0	15.0	43.0	19.0	9.0	0.0
2	3	7	-1.0732217826822192	0.8584141540821701	1.0512820512820513	7771.0	311.0	473.0	22.0	6.0	803.0	30.0	14.0	194.0	291.0	14.0	42.0	10.0	19.0	0.0
2	7	3	-23.074268327667713	1.0	0.48809523809523814	7771.0	473.0	311.0	22.0	6.0	803.0	194.0	42.0	30.0	291.0	10.0	14.0	14.0	19.0	0.0
3	2	7	1.125574064764279	0.13017297657298543	0.9555555555555556	7771.0	311.0	803.0	30.0	14.0	473.0	22.0	6.0	194.0	291.0	14.0	42.0	19.0	10.0	0.0
2	3	8	0.392497199719267	0.34734549228487754	0.9938837920489296	7923.0	159.0	483.0	14.0	4.0	827.0	12.0	8.0	337.0	154.0	8.0	50.0	8.0	13.0	0.0
2	8	3	-63.388297754661544	1.0	0.5015432098765432	7923.0	483.0	159.0	14.0	4.0	827.0	337.0	50.0	12.0	154.0	8.0	8.0	8.0	13.0	0.0
3	2	8	-0.3900818323363792	0.651761928522639	1.0062305295950156	7923.0	159.0	827.0	12.0	8.0	483.0	14.0	4.0	337.0	154.0	8.0	50.0	13.0	8.0	0.0
2	3	9	0.17958320269878428	0.4287399048212567	0.9968253968253968	7913.0	169.0	483.0	16.0	2.0	826.0	15.0	6.0	329.0	159.0	11.0	52.0	8.0	11.0	0.0
2	9	3	-56.20954244471963	1.0	0.5007974481658692	7913.0	483.0	169.0	16.0	2.0	826.0	329.0	52.0	15.0	159.0	8.0	6.0	11.0	11.0	0.0
3	2	9	-0.17901128167108113	0.571035570307961	1.0032051282051282	7913.0	169.0	826.0	15.0	6.0	483.0	16.0	2.0	329.0	159.0	11.0	52.0	11.0	8.0	0.0
2	4	5	-0.25064334066961447	0.5989550097068588	1.0238095238095237	7864.0	306.0	376.0	30.0	7.0	874.0	32.0	17.0	118.0	309.0	10.0	29.0	8.0	20.0	0.0
2	5	4	-11.028306989463049	1.0	0.4942528735632184	7864.0	376.0	306.0	30.0	7.0	874.0	118.0	29.0	32.0	309.0	8.0	17.0	10.0	20.0	0.0
4	2	5	0.2564722555689078	0.3987931582013513	0.9777777777777777	7864.0	306.0	874.0	32.0	17.0	376.0	30.0	7.0	118.0	309.0	10.0	29.0	20.0	8.0	0.0
2	4	6	-0.27396686820181265	0.6079448948697805	1.0212765957446808	7863.0	307.0	381.0	25.0	7.0	884.0	27.0	12.0	123.0	299.0	15.0	31.0	5.0	20.0	1.0
2	6	4	-13.424376541888838	1.0	0.4948453608247423	7863.0	381.0	307.0	25.0	7.0	884.0	123.0	31.0	27.0	299.0	5.0	12.0	15.0	20.0	1.0
4	2	6	0.27967451128935045	0.3898636826246423	0.98	7863.0	307.0	884.0	27.0	12.0	381.0	25.0	7.0	123.0	299.0	15.0	31.0	20.0	5.0	1.0
2	4	7	0.0	0.49999999949999996	nan	7865.0	305.0	379.0	26.0	8.0	885.0	26.0	12.0	124.0	299.0	14.0	30.0	6.0	20.0	1.0
2	7	4	-13.577106168112264	1.0	0.5	7865.0	379.0	305.0	26.0	8.0	885.0	124.0	30.0	26.0	299.0	6.0	12.0	14.0	20.0	1.0
4	2	7	0.0	0.49999999949999996	nan	7865.0	305.0	885.0	26.0	12.0	379.0	26.0	8.0	124.0	299.0	14.0	30.0	20.0	6.0	1.0
2	4	8	1.3532909911630295	0.0879814056007251	0.9732824427480916	8017.0	153.0	389.0	17.0	7.0	906.0	10.0	7.0	265.0	163.0	9.0	43.0	1.0	13.0	0.0
2	8	4	-47.94516654406159	1.0	0.5069582504970179	8017.0	389.0	153.0	17.0	7.0	906.0	265.0	43.0	10.0	163.0	1.0	7.0	9.0	13.0	0.0
4	2	8	-1.3161418266997307	0.9059367110196435	1.0290456431535269	8017.0	153.0	906.0	10.0	7.0	389.0	17.0	7.0	265.0	163.0	9.0	43.0	13.0	1.0	0.0
2	4	9	-0.7747250365380475	0.7807489879999111	1.0163934426229508	8000.0	170.0	396.0	11.0	6.0	900.0	15.0	8.0	263.0	166.0	8.0	44.0	1.0	12.0	0.0
2	9	4	-48.80767730189702	1.0	0.49599999999999994	8000.0	396.0	170.0	11.0	6.0	900.0	263.0	44.0	15.0	166.0	1.0	8.0	8.0	12.0	0.0
4	2	9	0.7872206016435	0.21557630701045638	0.984375	8000.0	170.0	900.0	15.0	8.0	396.0	11.0	6.0	263.0	166.0	8.0	44.0	12.0	1.0	0.0
2	5	6	0.43591023730648815	0.33145096126664353	0.8333333333333334	7936.0	304.0	308.0	29.0	6.0	979.0	26.0	16.0	41.0	301.0	7.0	18.0	4.0	25.0	0.0
2	6	5	-1.7436409492259535	0.9593891813261666	0.5555555555555556	7936.0	308.0	304.0	29.0	6.0	979.0	41.0	18.0	26.0	301.0	4.0	16.0	7.0	25.0	0.0
5	2	6	-0.34872818984519055	0.6363532451630127	1.3333333333333333	7936.0	304.0	979.0	26.0	16.0	308.0	29.0	6.0	41.0	301.0	7.0	18.0	25.0	4.0	0.0
2	5	7	0.43591023730648815	0.33145096126664353	0.8333333333333334	7936.0	304.0	308.0	29.0	6.0	980.0	26.0	15.0	41.0	301.0	7.0	18.0	4.0	25.0	0.0
2	7	5	-1.7436409492259535	0.9593891813261666	0.5555555555555556	7936.0	308.0	304.0	29.0	6.0	980.0	41.0	18.0	26.0	301.0	4.0	15.0	7.0	25.0	0.0
5	2	7	-0.34872818984519055	0.6363532451630127	1.3333333333333333	7936.0	304.0	980.0	26.0	15.0	308.0	29.0	6.0	41.0	301.0	7.0	18.0	25.0	4.0	0.0
2	5	8	1.1047909818898896	0.1346251301398902	0.9661016949152542	8084.0	156.0	322.0	18.0	3.0	1001.0	12.0	8.0	183.0	161.0	5.0	30.0	1.0	16.0	0.0
2	8	5	-30.381752001971982	1.0	0.5089285714285715	8084.0	322.0	156.0	18.0	3.0	1001.0	183.0	30.0	12.0	161.0	1.0	8.0	5.0	16.0	0.0
5	2	8	-1.066026386034104	0.856794109030691	1.0377358490566038	8084.0	156.0	1001.0	12.0	8.0	322.0	18.0	3.0	183.0	161.0	5.0	30.0	16.0	1.0	0.0
2	5	9	0.3548767001997366	0.361341046320517	0.9879518072289156	8073.0	167.0	323.0	17.0	3.0	999.0	15.0	7.0	179.0	165.0	5.0	29.0	2.0	16.0	0.0
2	9	5	-28.74501271617865	1.0	0.5030674846625767	8073.0	323.0	167.0	17.0	3.0	999.0	179.0	29.0	15.0	165.0	2.0	7.0	5.0	16.0	0.0
5	2	9	-0.3505489355631545	0.6370365490950184	1.0125	8073.0	167.0	999.0	15.0	7.0	323.0	17.0	3.0	179.0	165.0	5.0	29.0	16.0	2.0	0.0
2	6	7	0.49445165148799075	0.3104936233690073	0.0	8227.0	17.0	17.0	322.0	0.0	1035.0	2.0	1.0	2.0	329.0	0.0	2.0	0.0	46.0	0.0
2	7	6	0.49445165148799075	0.3104936233690073	0.0	8227.0	17.0	17.0	322.0	0.0	1035.0	2.0	2.0	2.0	329.0	0.0	1.0	0.0	46.0	0.0
6	2	7	-158.03673546393392	1.0	0.5	8227.0	17.0	1035.0	2.0	1.0	17.0	322.0	0.0	2.0	329.0	0.0	2.0	46.0	0.0	0.0
2	6	8	2.0457567862501236	0.02039008565861722	0.9393939393939394	8087.0	157.0	319.0	17.0	3.0	1023.0	7.0	8.0	162.0	164.0	5.0	29.0	3.0	16.0	0.0
2	8	6	-29.66347340062683	1.0	0.5166666666666667	8087.0	319.0	157.0	17.0	3.0	1023.0	162.0	29.0	7.0	164.0	3.0	8.0	5.0	16.0	0.0
6	2	8	-1.913772477459793	0.9721754501417079	1.0740740740740742	8087.0	157.0	1023.0	7.0	8.0	319.0	17.0	3.0	162.0	164.0	5.0	29.0	16.0	3.0	0.0
2	6	9	0.37947904068827365	0.3521661398173457	0.9865771812080537	8073.0	171.0	323.0	15.0	1.0	1017.0	13.0	8.0	160.0	166.0	5.0	30.0	3.0	15.0	0.0
2	9	6	-27.512230449899867	1.0	0.5034246575342466	8073.0	323.0	171.0	15.0	1.0	1017.0	160.0	30.0	13.0	166.0	3.0	8.0	5.0	15.0	0.0
6	2	9	-0.37431606054285493	0.6459153489591751	1.013986013986014	8073.0	171.0	1017.0	13.0	8.0	323.0	15.0	1.0	160.0	166.0	5.0	30.0	15.0	3.0	0.0
2	7	8	2.0457567862501236	0.02039008565861722	0.9393939393939394	8087.0	157.0	319.0	17.0	3.0	1024.0	7.0	8.0	162.0	164.0	5.0	28.0	3.0	16.0	0.0
2	8	7	-29.66347340062683	1.0	0.5166666666666667	8087.0	319.0	157.0	17.0	3.0	1024.0	162.0	28.0	7.0	164.0	3.0	8.0	5.0	16.0	0.0
7	2	8	-1.913772477459793	0.9721754501417079	1.0740740740740742	8087.0	157.0	1024.0	7.0	8.0	319.0	17.0	3.0	162.0	164.0	5.0	28.0	16.0	3.0	0.0
2	7	9	0.5605817815517322	0.28754130510683673	0.98	8074.0	170.0	322.0	16.0	1.0	1018.0	13.0	8.0	160.0	166.0	5.0	29.0	3.0	15.0	0.0
2	9	7	-26.907925514483132	1.0	0.5051546391752578	8074.0	322.0	170.0	16.0	1.0	1018.0	160.0	29.0	13.0	166.0	3.0	8.0	5.0	15.0	0.0
7	2	9	-0.5491413370302684	0.7085457971161484	1.0212765957446808	8074.0	170.0	1018.0	13.0	8.0	322.0	16.0	1.0	160.0	166.0	5.0	29.0	15.0	3.0	0.0
2	8	9	-0.3709408930453276	0.6446591620650928	0.8181818181818182	8239.0	167.0	157.0	17.0	3.0	1185.0	19.0	10.0	10.0	163.0	1.0	12.0	0.0	17.0	0.0
2	9	8	1.2982931256586476	0.09709338178974236	0.5625000000000001	8239.0	157.0	167.0	17.0	3.0	1185.0	10.0	12.0	19.0	163.0	0.0	10.0	1.0	17.0	0.0
8	2	9	-99999.9	1.0	1.4	8239.0	167.0	1185.0	19.0	10.0	157.0	17.0	3.0	10.0	163.0	1.0	12.0	17.0	0.0	0.0
3	4	5	1.809312854989357	0.03520115249669076	0.8956521739130435	8175.0	320.0	395.0	29.0	10.0	563.0	17.0	18.0	120.0	320.0	9.0	8.0	6.0	10.0	0.0
3	5	4	-13.720622483669294	1.0	0.5309278350515464	8175.0	395.0	320.0	29.0	10.0	563.0	120.0	8.0	17.0	320.0	6.0	18.0	9.0	10.0	0.0
4	3	5	-1.5985191243109853	0.9450362535829246	1.1518987341772151	8175.0	320.0	563.0	17.0	18.0	395.0	29.0	10.0	120.0	320.0	9.0	8.0	10.0	6.0	0.0
3	4	6	1.2589111993534936	0.10403127282668112	0.9322033898305084	8174.0	321.0	399.0	25.0	10.0	573.0	17.0	8.0	127.0	309.0	13.0	9.0	5.0	10.0	0.0
3	6	4	-16.05111779175704	1.0	0.5188679245283019	8174.0	399.0	321.0	25.0	10.0	573.0	127.0	9.0	17.0	309.0	5.0	8.0	13.0	10.0	0.0
4	3	6	-1.1673540212186941	0.8784662245130858	1.0851063829787233	8174.0	321.0	573.0	17.0	8.0	399.0	25.0	10.0	127.0	309.0	13.0	9.0	10.0	5.0	0.0
3	4	7	1.2591308826852077	0.10399159940399483	0.9316239316239316	8176.0	319.0	398.0	25.0	11.0	574.0	17.0	7.0	126.0	310.0	13.0	9.0	5.0	10.0	0.0
3	7	4	-15.896527393900744	1.0	0.5190476190476191	8176.0	398.0	319.0	25.0	11.0	574.0	126.0	9.0	17.0	310.0	5.0	7.0	13.0	10.0	0.0
4	3	7	-1.166717606891798	0.8783377251297986	1.086021505376344	8176.0	319.0	574.0	17.0	7.0	398.0	25.0	11.0	126.0	310.0	13.0	9.0	10.0	5.0	0.0
3	4	8	0.6013847208024147	0.273791837995482	0.9887218045112782	8340.0	155.0	410.0	14.0	10.0	583.0	11.0	4.0	274.0	169.0	6.0	13.0	1.0	10.0	0.0
3	8	4	-52.12000913620919	1.0	0.502868068833652	8340.0	410.0	155.0	14.0	10.0	583.0	274.0	13.0	11.0	169.0	1.0	4.0	6.0	10.0	0.0
4	3	8	-0.5945248190442123	0.7239194723195287	1.0116731517509727	8340.0	155.0	583.0	11.0	4.0	410.0	14.0	10.0	274.0	169.0	6.0	13.0	10.0	1.0	0.0
3	4	9	-1.2008979306728989	0.8851045365438168	1.024	8320.0	175.0	419.0	9.0	6.0	580.0	15.0	3.0	271.0	170.0	8.0	13.0	1.0	10.0	0.0
3	9	4	-52.43920963938325	1.0	0.4942084942084942	8320.0	419.0	175.0	9.0	6.0	580.0	271.0	13.0	15.0	170.0	1.0	3.0	8.0	10.0	0.0
4	3	9	1.2290439759230452	0.1095277267768675	0.9776119402985075	8320.0	175.0	580.0	15.0	3.0	419.0	9.0	6.0	271.0	170.0	8.0	13.0	10.0	1.0	0.0
3	5	6	1.6111810078252922	0.053570134224743104	0.4	8248.0	322.0	325.0	29.0	5.0	667.0	14.0	10.0	24.0	312.0	7.0	18.0	5.0	14.0	0.0
3	6	5	-99999.9	1.0	2.0	8248.0	325.0	322.0	29.0	5.0	667.0	24.0	18.0	14.0	312.0	5.0	10.0	7.0	14.0	0.0
5	3	6	-0.8055905039126463	0.7897605573196778	0.25	8248.0	322.0	667.0	14.0	10.0	325.0	29.0	5.0	24.0	312.0	7.0	18.0	14.0	5.0	0.0
3	5	7	1.49103551398965	0.06797611781127433	0.391304347826087	8248.0	322.0	326.0	28.0	5.0	668.0	14.0	9.0	23.0	313.0	7.0	18.0	5.0	14.0	0.0
3	7	5	-99999.9	1.0	2.25	8248.0	326.0	322.0	28.0	5.0	668.0	23.0	18.0	14.0	313.0	5.0	9.0	7.0	14.0	0.0
5	3	7	-0.828353063327583	0.7962647630571092	0.2631578947368421	8248.0	322.0	668.0	14.0	9.0	326.0	28.0	5.0	23.0	313.0	7.0	18.0	14.0	5.0	0.0
3	5	8	0.40951116419015077	0.34108233292631207	0.9876543209876543	8409.0	161.0	341.0	13.0	5.0	676.0	11.0	4.0	171.0	169.0	3.0	23.0	1.0	13.0	0.0
3	8	5	-32.35138197102189	1.0	0.5031446540880503	8409.0	341.0	161.0	13.0	5.0	676.0	171.0	23.0	11.0	169.0	1.0	4.0	3.0	13.0	0.0
5	3	8	-0.40439227463777383	0.6570378124946474	1.0128205128205128	8409.0	161.0	676.0	11.0	4.0	341.0	13.0	5.0	171.0	169.0	3.0	23.0	13.0	1.0	0.0
3	5	9	0.0	0.49999999949999996	nan	8399.0	171.0	340.0	15.0	4.0	673.0	15.0	3.0	168.0	170.0	5.0	23.0	1.0	13.0	0.0
3	9	5	-27.887410084050703	1.0	0.5	8399.0	340.0	171.0	15.0	4.0	673.0	168.0	23.0	15.0	170.0	1.0	3.0	5.0	13.0	0.0
5	3	9	0.0	0.49999999949999996	nan	8399.0	171.0	673.0	15.0	3.0	340.0	15.0	4.0	168.0	170.0	5.0	23.0	13.0	1.0	0.0
3	6	7	-99999.9	1.0	-0.0029850746268656712	8555.0	18.0	19.0	337.0	0.0	707.0	1.0	1.0	0.0	331.0	0.0	2.0	0.0	29.0	0.0
3	7	6	0.9523068853640952	0.17047067455151554	0.0029585798816568047	8555.0	19.0	18.0	337.0	0.0	707.0	0.0	2.0	1.0	331.0	0.0	1.0	0.0	29.0	0.0
6	3	7	-319.9751134823474	1.0	0.5007429420505201	8555.0	18.0	707.0	1.0	1.0	19.0	337.0	0.0	0.0	331.0	0.0	2.0	29.0	0.0	0.0
3	6	8	1.3484487603184285	0.08875710821892513	0.9615384615384616	8412.0	161.0	338.0	13.0	5.0	698.0	7.0	4.0	157.0	171.0	3.0	15.0	3.0	13.0	0.0
3	8	6	-32.362770247642246	1.0	0.5102040816326531	8412.0	338.0	161.0	13.0	5.0	698.0	157.0	15.0	7.0	171.0	3.0	4.0	3.0	13.0	0.0
6	3	8	-1.2945108099056912	0.9022554129642832	1.0434782608695652	8412.0	161.0	698.0	7.0	4.0	338.0	13.0	5.0	157.0	171.0	3.0	15.0	13.0	3.0	0.0
3	6	9	0.0	0.49999999949999996	nan	8396.0	177.0	343.0	12.0	1.0	694.0	12.0	3.0	155.0	171.0	5.0	15.0	3.0	13.0	0.0
3	9	6	-29.129130163229895	1.0	0.5	8396.0	343.0	177.0	12.0	1.0	694.0	155.0	15.0	12.0	171.0	3.0	3.0	5.0	13.0	0.0
6	3	9	0.0	0.49999999949999996	nan	8396.0	177.0	694.0	12.0	3.0	343.0	12.0	1.0	155.0	171.0	5.0	15.0	13.0	3.0	0.0
3	7	8	1.4190814646542362	0.07793768407614965	0.9617834394904459	8412.0	162.0	338.0	12.0	5.0	699.0	6.0	4.0	157.0	172.0	3.0	14.0	3.0	13.0	0.0
3	8	7	-34.29446872914404	1.0	0.5101351351351352	8412.0	338.0	162.0	12.0	5.0	699.0	157.0	14.0	6.0	172.0	3.0	4.0	3.0	13.0	0.0
7	3	8	-1.362694121687843	0.9135104732130086	1.0431654676258992	8412.0	162.0	699.0	6.0	4.0	338.0	12.0	5.0	157.0	172.0	3.0	14.0	13.0	3.0	0.0
3	7	9	0.20872079575440486	0.4173331336744248	0.993103448275862	8397.0	177.0	342.0	12.0	1.0	695.0	11.0	3.0	155.0	172.0	5.0	14.0	3.0	13.0	0.0
3	9	7	-29.84707379287988	1.0	0.5017421602787456	8397.0	342.0	177.0	12.0	1.0	695.0	155.0	14.0	11.0	172.0	3.0	3.0	5.0	13.0	0.0
7	3	9	-0.20727134578388817	0.5821009943751397	1.0070422535211268	8397.0	177.0	695.0	11.0	3.0	342.0	12.0	1.0	155.0	172.0	5.0	14.0	13.0	3.0	0.0
3	8	9	-0.9350491644243687	0.8251185342336392	0.6	8575.0	175.0	164.0	12.0	3.0	849.0	16.0	5.0	10.0	170.0	1.0	5.0	0.0	15.0	0.0
3	9	8	0.4675245822121847	0.3200623205075612	0.75	8575.0	164.0	175.0	12.0	3.0	849.0	10.0	5.0	16.0	170.0	0.0	5.0	1.0	15.0	0.0
8	3	9	-99999.9	1.0	-1.0	8575.0	175.0	849.0	16.0	5.0	164.0	12.0	3.0	10.0	170.0	1.0	5.0	15.0	0.0	0.0
4	5	6	1.0379745231850974	0.1496409822340281	0.6470588235294118	8419.0	319.0	328.0	22.0	5.0	496.0	16.0	11.0	27.0	324.0	8.0	12.0	4.0	9.0	0.0
4	6	5	-0.8649787693209148	0.8064748208472357	0.6875	8419.0	328.0	319.0	22.0	5.0	496.0	27.0	12.0	16.0	324.0	4.0	11.0	8.0	9.0	0.0
5	4	6	-0.47180660144777165	0.681467566953414	-5.000000000000002	8419.0	319.0	496.0	16.0	11.0	328.0	22.0	5.0	27.0	324.0	8.0	12.0	9.0	4.0	0.0
4	5	7	0.8898121359991321	0.18678335151862457	0.6666666666666666	8421.0	317.0	329.0	21.0	5.0	495.0	16.0	12.0	26.0	325.0	8.0	12.0	4.0	9.0	0.0
4	7	5	-0.8898121359991321	0.8132166484813754	0.6666666666666666	8421.0	329.0	317.0	21.0	5.0	495.0	26.0	12.0	16.0	325.0	4.0	12.0	8.0	9.0	0.0
5	4	7	-0.44490606799956606	0.6718061532955877	-inf	8421.0	317.0	495.0	16.0	12.0	329.0	21.0	5.0	26.0	325.0	8.0	12.0	9.0	4.0	0.0
4	5	8	0.0	0.49999999949999996	nan	8580.0	158.0	343.0	9.0	3.0	505.0	9.0	9.0	171.0	183.0	5.0	21.0	1.0	3.0	0.0
4	8	5	-38.078140072503786	1.0	0.5	8580.0	343.0	158.0	9.0	3.0	505.0	171.0	21.0	9.0	183.0	1.0	9.0	5.0	3.0	0.0
5	4	8	0.0	0.49999999949999996	nan	8580.0	158.0	505.0	9.0	9.0	343.0	9.0	3.0	171.0	183.0	5.0	21.0	3.0	1.0	0.0
4	5	9	1.5339607202235388	0.06251967795342761	0.9593023255813954	8562.0	176.0	338.0	14.0	3.0	510.0	7.0	6.0	172.0	181.0	6.0	21.0	1.0	3.0	0.0
4	9	5	-34.623684827902714	1.0	0.5108359133126934	8562.0	338.0	176.0	14.0	3.0	510.0	172.0	21.0	7.0	181.0	1.0	6.0	6.0	3.0	0.0
5	4	9	-1.46888359875951	0.9290677797126325	1.0463576158940397	8562.0	176.0	510.0	7.0	6.0	338.0	14.0	3.0	172.0	181.0	6.0	21.0	3.0	1.0	0.0
4	6	7	-99999.9	1.0	-0.0030864197530864196	8730.0	17.0	20.0	326.0	0.0	532.0	1.0	2.0	0.0	344.0	0.0	1.0	0.0	27.0	0.0
4	7	6	0.9522679492192365	0.17048054511784771	0.0030581039755351682	8730.0	20.0	17.0	326.0	0.0	532.0	0.0	1.0	1.0	344.0	0.0	2.0	0.0	27.0	0.0
6	4	7	-309.4870834962572	1.0	0.500768049155146	8730.0	17.0	532.0	1.0	2.0	20.0	326.0	0.0	0.0	344.0	0.0	1.0	27.0	0.0	0.0
4	6	8	1.217097130122673	0.11178369784211495	0.967741935483871	8589.0	158.0	334.0	11.0	1.0	521.0	6.0	8.0	156.0	183.0	5.0	20.0	4.0	3.0	1.0
4	8	6	-35.295816773557554	1.0	0.5084745762711865	8589.0	334.0	158.0	11.0	1.0	521.0	156.0	20.0	6.0	183.0	4.0	8.0	5.0	3.0	1.0
6	4	8	-1.1765272257852504	0.8803078087647216	1.0357142857142858	8589.0	158.0	521.0	6.0	8.0	334.0	11.0	1.0	156.0	183.0	5.0	20.0	3.0	4.0	1.0
4	6	9	1.8033914406799452	0.035663327511360476	0.95625	8566.0	181.0	334.0	11.0	1.0	524.0	4.0	7.0	157.0	182.0	5.0	22.0	3.0	3.0	0.0
4	9	6	-37.61359290561033	1.0	0.5117056856187291	8566.0	334.0	181.0	11.0	1.0	524.0	157.0	22.0	4.0	182.0	3.0	7.0	5.0	3.0	0.0
6	4	9	-1.720883335550797	0.9573640367890808	1.0503597122302157	8566.0	181.0	524.0	4.0	7.0	334.0	11.0	1.0	157.0	182.0	5.0	22.0	3.0	3.0	0.0
4	7	8	1.2934889803871144	0.09792106461660544	0.967948717948718	8591.0	159.0	332.0	10.0	1.0	520.0	5.0	8.0	156.0	184.0	5.0	21.0	4.0	3.0	1.0
4	8	7	-37.76987822730378	1.0	0.5084175084175084	8591.0	332.0	159.0	10.0	1.0	520.0	156.0	21.0	5.0	184.0	4.0	8.0	5.0	3.0	1.0
7	4	8	-1.2506582194471436	0.8944703315021237	1.0354609929078014	8591.0	159.0	520.0	5.0	8.0	332.0	10.0	1.0	156.0	184.0	5.0	21.0	3.0	4.0	1.0
4	7	9	2.1218470179191726	0.01692523351958486	0.9506172839506173	8569.0	181.0	331.0	11.0	1.0	523.0	3.0	7.0	157.0	183.0	5.0	23.0	3.0	3.0	0.0
4	9	7	-38.72370807702491	1.0	0.5133333333333333	8569.0	331.0	181.0	11.0	1.0	523.0	157.0	23.0	3.0	183.0	3.0	7.0	5.0	3.0	0.0
7	4	9	-2.0116211988064885	0.9778701272586753	1.0579710144927537	8569.0	181.0	523.0	3.0	7.0	331.0	11.0	1.0	157.0	183.0	5.0	23.0	3.0	3.0	0.0
4	8	9	0.611100632795033	0.2705664286623175	0.5	8745.0	178.0	155.0	12.0	3.0	679.0	9.0	9.0	12.0	180.0	1.0	12.0	0.0	5.0	0.0
4	9	8	0.0	0.49999999949999996	nan	8745.0	155.0	178.0	12.0	3.0	679.0	12.0	12.0	9.0	180.0	0.0	9.0	1.0	5.0	0.0
8	4	9	-0.15537098566739968	0.5617355842535179	-0.0	8745.0	178.0	679.0	9.0	9.0	155.0	12.0	3.0	12.0	180.0	1.0	12.0	5.0	0.0	0.0
5	6	7	0.6906352839937521	0.2448973157742822	0.0	8896.0	19.0	20.0	326.0	0.0	366.0	1.0	0.0	1.0	354.0	0.0	0.0	0.0	17.0	0.0
5	7	6	0.6906352839937521	0.2448973157742822	0.0	8896.0	20.0	19.0	326.0	0.0	366.0	1.0	0.0	1.0	354.0	0.0	0.0	0.0	17.0	0.0
6	5	7	-224.27130678626997	1.0	0.5	8896.0	19.0	366.0	1.0	0.0	20.0	326.0	0.0	1.0	354.0	0.0	0.0	17.0	0.0	0.0
5	6	8	1.3861894271129191	0.0828445917664723	0.9695121951219513	8750.0	165.0	335.0	9.0	2.0	360.0	4.0	3.0	163.0	187.0	5.0	12.0	4.0	1.0	0.0
5	8	6	-42.694634355077966	1.0	0.5079872204472843	8750.0	335.0	165.0	9.0	2.0	360.0	163.0	12.0	4.0	187.0	4.0	3.0	5.0	1.0	0.0
6	5	8	-1.3425985646250915	0.910298938338707	1.0335570469798658	8750.0	165.0	360.0	4.0	3.0	335.0	9.0	2.0	163.0	187.0	5.0	12.0	1.0	4.0	0.0
5	6	9	0.0	0.49999999949999996	nan	8734.0	181.0	338.0	7.0	1.0	356.0	7.0	4.0	162.0	188.0	5.0	13.0	3.0	1.0	0.0
5	9	6	-41.27833220007638	1.0	0.5	8734.0	338.0	181.0	7.0	1.0	356.0	162.0	13.0	7.0	188.0	3.0	4.0	5.0	1.0	0.0
6	5	9	0.0	0.49999999949999996	nan	8734.0	181.0	356.0	7.0	4.0	338.0	7.0	1.0	162.0	188.0	5.0	13.0	1.0	3.0	0.0
5	7	8	1.5026849239394884	0.06646018504283291	0.9695121951219513	8750.0	166.0	335.0	8.0	2.0	361.0	3.0	3.0	162.0	188.0	5.0	12.0	4.0	1.0	0.0
5	8	7	-46.28269565733631	1.0	0.5079872204472843	8750.0	335.0	166.0	8.0	2.0	361.0	162.0	12.0	3.0	188.0	4.0	3.0	5.0	1.0	0.0
7	5	8	-1.4554306810483093	0.927224924313758	1.0335570469798658	8750.0	166.0	361.0	3.0	3.0	335.0	8.0	2.0	162.0	188.0	5.0	12.0	1.0	4.0	0.0
5	7	9	0.2770424243308149	0.3908738296654284	0.9935897435897436	8735.0	181.0	337.0	7.0	1.0	357.0	6.0	4.0	161.0	189.0	5.0	13.0	3.0	1.0	0.0
5	9	7	-42.66453334694542	1.0	0.5016181229773463	8735.0	337.0	181.0	7.0	1.0	357.0	161.0	13.0	6.0	189.0	3.0	4.0	5.0	1.0	0.0
7	5	9	-0.27525505385126126	0.6084397896380127	1.0065359477124183	8735.0	181.0	357.0	6.0	4.0	337.0	7.0	1.0	161.0	189.0	5.0	13.0	1.0	3.0	0.0
5	8	9	-0.9968895725584538	0.8405909344889045	0.5	8907.0	178.0	165.0	8.0	3.0	517.0	12.0	6.0	8.0	186.0	1.0	6.0	0.0	3.0	0.0
5	9	8	0.0	0.49999999949999996	nan	8907.0	165.0	178.0	8.0	3.0	517.0	8.0	6.0	12.0	186.0	0.0	6.0	1.0	3.0	0.0
8	5	9	0.2703301484145591	0.39345319919723265	0.0	8907.0	178.0	517.0	12.0	6.0	165.0	8.0	3.0	8.0	186.0	1.0	6.0	3.0	0.0	0.0
6	7	8	0.0	0.49999999949999996	nan	9091.0	171.0	19.0	1.0	0.0	20.0	1.0	0.0	490.0	196.0	11.0	0.0	0.0	0.0	0.0
6	8	7	-337.4420585184094	1.0	0.5	9091.0	19.0	171.0	1.0	0.0	20.0	490.0	0.0	1.0	196.0	0.0	0.0	11.0	0.0	0.0
7	6	8	0.0	0.49999999949999996	nan	9091.0	171.0	20.0	1.0	0.0	19.0	1.0	0.0	490.0	196.0	11.0	0.0	0.0	0.0	0.0
6	7	9	0.9526706076721821	0.17037848625559726	0.9979716024340771	9071.0	191.0	19.0	1.0	0.0	21.0	0.0	0.0	492.0	196.0	9.0	0.0	0.0	0.0	0.0
6	9	7	-467.7612683670533	1.0	0.5005086469989827	9071.0	19.0	191.0	1.0	0.0	21.0	492.0	0.0	0.0	196.0	0.0	0.0	9.0	0.0	0.0
7	6	9	-0.9507342852988644	0.8291303699806805	1.0020408163265306	9071.0	191.0	21.0	0.0	0.0	19.0	1.0	0.0	492.0	196.0	9.0	0.0	0.0	0.0	0.0
6	8	9	-0.19725814304833125	0.5781872108879161	-0.0	8926.0	184.0	164.0	5.0	3.0	498.0	9.0	3.0	9.0	187.0	1.0	6.0	0.0	5.0	0.0
6	9	8	-0.19725814304833125	0.5781872108879161	-0.0	8926.0	164.0	184.0	5.0	3.0	498.0	9.0	6.0	9.0	187.0	0.0	3.0	1.0	5.0	0.0
8	6	9	0.9402009894445371	0.1735572234863204	0.5	8926.0	184.0	498.0	9.0	3.0	164.0	5.0	3.0	9.0	187.0	1.0	6.0	5.0	0.0	0.0
7	8	9	-0.2672230699145275	0.6053512311667484	0.16666666666666669	8927.0	184.0	165.0	4.0	3.0	497.0	9.0	3.0	8.0	188.0	1.0	6.0	0.0	5.0	0.0
7	9	8	-0.213778455931622	0.5846400522096927	-0.3333333333333333	8927.0	165.0	184.0	4.0	3.0	497.0	8.0	6.0	9.0	188.0	0.0	3.0	1.0	5.0	0.0
8	7	9	1.0688922796581097	0.14255914031134487	0.4444444444444445	8927.0	184.0	497.0	9.0	3.0	165.0	4.0	3.0	8.0	188.0	1.0	6.0	5.0	0.0	0.0
