P1	Hybrid	P2	Zscore	Pvalue	Gamma	AAAA	AAAB	AABA	AABB	AABC	ABAA	ABAB	ABAC	ABBA	BAAA	ABBC	CABC	BACA	BCAA	ABCD
1	2	3	-0.8124659599801759	0.7917379014498457	1.0494505494505495	35983.0	2600.0	2861.0	224.0	113.0	4070.0	242.0	156.0	624.0	2538.0	138.0	208.0	95.0	137.0	11.0
1	3	2	-18.05479911067061	1.0	0.48849104859335035	35983.0	2861.0	2600.0	224.0	113.0	4070.0	624.0	208.0	242.0	2538.0	95.0	156.0	138.0	137.0	11.0
2	1	3	0.8507496963143202	0.1974541589803116	0.9569377990430622	35983.0	2600.0	4070.0	242.0	156.0	2861.0	224.0	113.0	624.0	2538.0	138.0	208.0	137.0	95.0	11.0
1	2	4	-0.3295897620575076	0.6291449520510499	1.0174563591022443	36170.0	2413.0	2883.0	218.0	97.0	4065.0	225.0	178.0	633.0	2537.0	130.0	207.0	96.0	139.0	9.0
1	4	2	-19.53996446483789	1.0	0.4957472660996355	36170.0	2883.0	2413.0	218.0	97.0	4065.0	633.0	207.0	225.0	2537.0	96.0	178.0	130.0	139.0	9.0
2	1	4	0.33524448836731785	0.36872040006388207	0.9834123222748815	36170.0	2413.0	4065.0	225.0	178.0	2883.0	218.0	97.0	633.0	2537.0	130.0	207.0	139.0	96.0	9.0
1	2	5	0.28465965213784045	0.3879525186260685	0.9866962305986696	36118.0	2465.0	2870.0	228.0	100.0	4089.0	222.0	157.0	667.0	2521.0	112.0	206.0	96.0	140.0	9.0
1	5	2	-20.827597881418754	1.0	0.503393665158371	36118.0	2870.0	2465.0	228.0	100.0	4089.0	667.0	206.0	222.0	2521.0	96.0	157.0	112.0	140.0	9.0
2	1	5	-0.2808215444685663	0.6105762956661092	1.0138568129330254	36118.0	2465.0	4089.0	222.0	157.0	2870.0	228.0	100.0	667.0	2521.0	112.0	206.0	140.0	96.0	9.0
1	2	6	-0.8638229239108081	0.8061574556557196	1.0498687664041995	36115.0	2468.0	2884.0	220.0	94.0	4076.0	239.0	153.0	639.0	2521.0	140.0	209.0	96.0	137.0	9.0
1	6	2	-19.04956869045413	1.0	0.48840048840048844	36115.0	2884.0	2468.0	220.0	94.0	4076.0	639.0	209.0	239.0	2521.0	96.0	153.0	140.0	137.0	9.0
2	1	6	0.9048545127965715	0.18277120644200706	0.95662100456621	36115.0	2468.0	4076.0	239.0	153.0	2884.0	220.0	94.0	639.0	2521.0	140.0	209.0	137.0	96.0	9.0
1	2	7	-0.7680893810963536	0.7787830231858757	1.0455764075067024	36057.0	2526.0	2884.0	225.0	89.0	4067.0	242.0	159.0	632.0	2533.0	135.0	205.0	99.0	139.0	8.0
1	7	2	-18.38896341801274	1.0	0.4893350062735257	36057.0	2884.0	2526.0	225.0	89.0	4067.0	632.0	205.0	242.0	2533.0	99.0	159.0	135.0	139.0	8.0
2	1	7	0.8015702002723484	0.21140075094560828	0.9599056603773585	36057.0	2526.0	4067.0	242.0	159.0	2884.0	225.0	89.0	632.0	2533.0	135.0	205.0	139.0	99.0	8.0
1	2	8	-1.1586499803341335	0.8767004979978106	1.0562770562770563	36150.0	2433.0	2854.0	224.0	120.0	4053.0	250.0	165.0	738.0	2415.0	147.0	225.0	90.0	128.0	8.0
1	8	2	-22.905618841990197	1.0	0.4870259481037924	36150.0	2854.0	2433.0	224.0	120.0	4053.0	738.0	225.0	250.0	2415.0	90.0	165.0	147.0	128.0	8.0
2	1	8	1.2203813317453784	0.11116024231133803	0.9518518518518518	36150.0	2433.0	4053.0	250.0	165.0	2854.0	224.0	120.0	738.0	2415.0	147.0	225.0	128.0	90.0	8.0
1	2	9	2.1142711291785203	0.017245997545983327	0.9921758569299552	38003.0	580.0	3114.0	60.0	24.0	4398.0	39.0	31.0	2702.0	557.0	41.0	396.0	22.0	29.0	4.0
1	9	2	-265.99544396617347	1.0	0.5019792648444864	38003.0	3114.0	580.0	60.0	24.0	4398.0	2702.0	396.0	39.0	557.0	22.0	31.0	41.0	29.0	4.0
2	1	9	-2.097598318922137	0.9820297408575576	1.0080122090805037	38003.0	580.0	4398.0	39.0	31.0	3114.0	60.0	24.0	2702.0	557.0	41.0	396.0	29.0	22.0	4.0
1	3	4	0.8328293823928141	0.20247042886247624	0.037296037296037296	36795.0	2049.0	2258.0	596.0	83.0	4552.0	183.0	167.0	199.0	2595.0	81.0	154.0	80.0	197.0	11.0
1	4	3	-99999.9	1.0	-0.04199475065616798	36795.0	2258.0	2049.0	596.0	83.0	4552.0	199.0	154.0	183.0	2595.0	80.0	167.0	81.0	197.0	11.0
3	1	4	-20.6645790506217	1.0	0.4901234567901235	36795.0	2049.0	4552.0	183.0	167.0	2258.0	596.0	83.0	199.0	2595.0	81.0	154.0	197.0	80.0	11.0
1	3	5	2.4324853996951994	0.007497798441762571	0.09936575052854123	36752.0	2092.0	2236.0	604.0	97.0	4582.0	178.0	142.0	225.0	2584.0	66.0	155.0	77.0	197.0	13.0
1	5	3	-99999.9	1.0	-0.14156626506024095	36752.0	2236.0	2092.0	604.0	97.0	4582.0	225.0	155.0	178.0	2584.0	77.0	142.0	66.0	197.0	13.0
3	1	5	-19.615148223074048	1.0	0.47080745341614905	36752.0	2092.0	4582.0	178.0	142.0	2236.0	604.0	97.0	225.0	2584.0	66.0	155.0	197.0	77.0	13.0
1	3	6	0.5562633285225276	0.28901539627368855	0.026570048309178747	36740.0	2104.0	2259.0	598.0	80.0	4564.0	195.0	143.0	206.0	2585.0	84.0	154.0	76.0	201.0	11.0
1	6	3	-99999.9	1.0	-0.028871391076115485	36740.0	2259.0	2104.0	598.0	80.0	4564.0	206.0	154.0	195.0	2585.0	76.0	143.0	84.0	201.0	11.0
3	1	6	-19.823202252802783	1.0	0.4930817610062893	36740.0	2104.0	4564.0	195.0	143.0	2259.0	598.0	80.0	206.0	2585.0	84.0	154.0	201.0	76.0	11.0
1	3	7	0.3524263777677058	0.3622593260304946	0.0170316301703163	36689.0	2155.0	2252.0	601.0	84.0	4549.0	197.0	156.0	204.0	2596.0	75.0	151.0	81.0	198.0	12.0
1	7	3	-99999.9	1.0	-0.017948717948717947	36689.0	2252.0	2155.0	601.0	84.0	4549.0	204.0	151.0	197.0	2596.0	81.0	156.0	75.0	198.0	12.0
3	1	7	-19.987610281968397	1.0	0.49563046192259674	36689.0	2155.0	4549.0	197.0	156.0	2252.0	601.0	84.0	204.0	2596.0	75.0	151.0	198.0	81.0	12.0
1	3	8	-0.2775307479507528	0.6093136359090354	1.0606060606060606	36376.0	2468.0	2628.0	217.0	92.0	4496.0	223.0	183.0	328.0	2443.0	104.0	192.0	89.0	148.0	13.0
1	8	3	-5.134318837088912	0.9999998581617198	0.4861111111111111	36376.0	2628.0	2468.0	217.0	92.0	4496.0	328.0	192.0	223.0	2443.0	89.0	183.0	104.0	148.0	13.0
3	1	8	0.29338964783365296	0.384612236169922	0.9487179487179487	36376.0	2468.0	4496.0	223.0	183.0	2628.0	217.0	92.0	328.0	2443.0	104.0	192.0	148.0	89.0	13.0
1	3	9	2.543799516454514	0.005482723634853803	0.9890206411945542	38257.0	587.0	2860.0	61.0	16.0	4832.0	36.0	34.0	2288.0	558.0	29.0	376.0	24.0	36.0	6.0
1	9	3	-226.60166092576853	1.0	0.5027908015181961	38257.0	2860.0	587.0	61.0	16.0	4832.0	2288.0	376.0	36.0	558.0	24.0	34.0	29.0	36.0	6.0
3	1	9	-2.515560179016076	0.9940578127154762	1.011353315168029	38257.0	587.0	4832.0	36.0	34.0	2860.0	61.0	16.0	2288.0	558.0	29.0	376.0	36.0	24.0	6.0
1	4	5	1.8198149523182316	0.0343935391444965	0.029580152671755726	37501.0	1552.0	1487.0	1150.0	91.0	4669.0	133.0	103.0	164.0	2649.0	45.0	129.0	57.0	264.0	6.0
1	5	4	-99999.9	1.0	-0.032460732984293195	37501.0	1487.0	1552.0	1150.0	91.0	4669.0	164.0	129.0	133.0	2649.0	57.0	103.0	45.0	264.0	6.0
4	1	5	-57.88185622534765	1.0	0.4922616075886171	37501.0	1552.0	4669.0	133.0	103.0	1487.0	1150.0	91.0	164.0	2649.0	45.0	129.0	264.0	57.0	6.0
1	4	6	-99999.9	1.0	-0.008130081300813007	37491.0	1562.0	1508.0	1142.0	78.0	4654.0	150.0	101.0	142.0	2651.0	65.0	128.0	55.0	267.0	6.0
1	6	4	0.4698495893508942	0.319231256020574	0.007936507936507936	37491.0	1508.0	1562.0	1142.0	78.0	4654.0	142.0	128.0	150.0	2651.0	55.0	101.0	65.0	267.0	6.0
4	1	6	-58.26134907951088	1.0	0.5020080321285141	37491.0	1562.0	4654.0	150.0	101.0	1508.0	1142.0	78.0	142.0	2651.0	65.0	128.0	267.0	55.0	6.0
1	4	7	-99999.9	1.0	-0.012332990750256937	37452.0	1601.0	1489.0	1141.0	98.0	4635.0	156.0	114.0	144.0	2661.0	53.0	125.0	57.0	269.0	5.0
1	7	4	0.696523404432426	0.2430504839613994	0.011892963330029732	37452.0	1489.0	1601.0	1141.0	98.0	4635.0	144.0	125.0	156.0	2661.0	57.0	114.0	53.0	269.0	5.0
4	1	7	-57.17296278049503	1.0	0.5030272452068617	37452.0	1601.0	4635.0	156.0	114.0	1489.0	1141.0	98.0	144.0	2661.0	53.0	125.0	269.0	57.0	5.0
1	4	8	-0.30779812335524587	0.6208819563689851	1.095890410958904	36599.0	2454.0	2405.0	232.0	91.0	4495.0	239.0	171.0	319.0	2427.0	112.0	202.0	89.0	157.0	8.0
1	8	4	-3.8254909617009036	0.9999347211536241	0.47904191616766467	36599.0	2405.0	2454.0	232.0	91.0	4495.0	319.0	202.0	239.0	2427.0	89.0	171.0	112.0	157.0	8.0
4	1	8	0.33473045914883	0.3689142789353581	0.925531914893617	36599.0	2454.0	4495.0	239.0	171.0	2405.0	232.0	91.0	319.0	2427.0	112.0	202.0	157.0	89.0	8.0
1	4	9	1.4166469842554357	0.07829313328644094	0.993766696349065	38461.0	592.0	2656.0	56.0	16.0	4826.0	42.0	37.0	2274.0	555.0	29.0	396.0	21.0	35.0	4.0
1	9	4	-224.43735793418256	1.0	0.5015730337078651	38461.0	2656.0	592.0	56.0	16.0	4826.0	2274.0	396.0	42.0	555.0	21.0	37.0	29.0	35.0	4.0
4	1	9	-1.407761205680357	0.920399051359036	1.0063520871143377	38461.0	592.0	4826.0	42.0	37.0	2656.0	56.0	16.0	2274.0	555.0	29.0	396.0	35.0	21.0	4.0
1	5	6	-99999.9	1.0	-0.031275720164609055	37676.0	1312.0	1323.0	1400.0	70.0	4731.0	147.0	84.0	109.0	2672.0	58.0	84.0	37.0	288.0	9.0
1	6	5	2.39859703308102	0.008229000618581561	0.028592927012791574	37676.0	1323.0	1312.0	1400.0	70.0	4731.0	109.0	84.0	147.0	2672.0	37.0	84.0	58.0	288.0	9.0
5	1	6	-79.09058111711883	1.0	0.5074685534591195	37676.0	1312.0	4731.0	147.0	84.0	1323.0	1400.0	70.0	109.0	2672.0	58.0	84.0	288.0	37.0	9.0
1	5	7	-99999.9	1.0	-0.038200339558573854	37611.0	1377.0	1330.0	1376.0	87.0	4718.0	153.0	91.0	108.0	2686.0	45.0	78.0	35.0	295.0	10.0
1	7	5	2.816353064689924	0.00242867456203566	0.03427265803503427	37611.0	1330.0	1377.0	1376.0	87.0	4718.0	108.0	78.0	153.0	2686.0	35.0	91.0	45.0	295.0	10.0
5	1	7	-76.54221773590609	1.0	0.5090325170614212	37611.0	1377.0	4718.0	153.0	91.0	1330.0	1376.0	87.0	108.0	2686.0	45.0	78.0	295.0	35.0	10.0
1	5	8	-0.46879371845162204	0.6803914394117816	1.2926829268292683	36541.0	2447.0	2463.0	248.0	82.0	4521.0	260.0	181.0	313.0	2419.0	107.0	182.0	76.0	152.0	8.0
1	8	5	-2.5392993082796225	0.994446239714008	0.4491525423728814	36541.0	2463.0	2447.0	248.0	82.0	4521.0	313.0	182.0	260.0	2419.0	76.0	181.0	107.0	152.0	8.0
5	1	8	0.5749356924406684	0.28266735661023756	0.8441558441558442	36541.0	2447.0	4521.0	260.0	181.0	2463.0	248.0	82.0	313.0	2419.0	107.0	182.0	152.0	76.0	8.0
1	5	9	1.8583808597530795	0.03155741270072676	0.9914721723518851	38399.0	589.0	2718.0	62.0	13.0	4882.0	43.0	37.0	2252.0	559.0	28.0	362.0	16.0	35.0	5.0
1	9	5	-214.20284646627633	1.0	0.5021595817231189	38399.0	2718.0	589.0	62.0	13.0	4882.0	2252.0	362.0	43.0	559.0	16.0	37.0	28.0	35.0	5.0
5	1	9	-1.8423965970390426	0.9672914797185868	1.0087517273146016	38399.0	589.0	4882.0	43.0	37.0	2718.0	62.0	13.0	2252.0	559.0	28.0	362.0	35.0	16.0	5.0
1	6	7	-99999.9	1.0	-0.0033351862145636463	38103.0	896.0	838.0	1897.0	47.0	4765.0	92.0	67.0	86.0	2740.0	30.0	53.0	42.0	339.0	5.0
1	7	6	0.45028654824176134	0.326251943841088	0.003302146395156852	38103.0	838.0	896.0	1897.0	47.0	4765.0	86.0	53.0	92.0	2740.0	42.0	67.0	30.0	339.0	5.0
6	1	7	-135.46120326272984	1.0	0.5008296460176991	38103.0	896.0	4765.0	92.0	67.0	838.0	1897.0	47.0	86.0	2740.0	30.0	53.0	339.0	42.0	5.0
1	6	8	0.04583473725656019	0.4817209203656948	0.9893617021276596	36554.0	2445.0	2450.0	241.0	91.0	4500.0	240.0	184.0	333.0	2421.0	102.0	183.0	94.0	153.0	9.0
1	8	6	-4.216795827603525	0.9999876021600089	0.5027027027027027	36554.0	2450.0	2445.0	241.0	91.0	4500.0	333.0	183.0	240.0	2421.0	94.0	184.0	102.0	153.0	9.0
6	1	8	-0.04534189061939287	0.5180826662336886	1.010989010989011	36554.0	2445.0	4500.0	240.0	184.0	2450.0	241.0	91.0	333.0	2421.0	102.0	183.0	153.0	94.0	9.0
1	6	9	2.3151587572092693	0.010302097394853993	0.9893617021276596	38415.0	584.0	2702.0	66.0	14.0	4848.0	42.0	34.0	2274.0	551.0	31.0	374.0	25.0	35.0	5.0
1	9	6	-212.99460566325274	1.0	0.5027027027027027	38415.0	2702.0	584.0	66.0	14.0	4848.0	2274.0	374.0	42.0	551.0	25.0	34.0	31.0	35.0	5.0
6	1	9	-2.2902645770242236	0.988997038612542	1.010989010989011	38415.0	584.0	4848.0	42.0	34.0	2702.0	66.0	14.0	2274.0	551.0	31.0	374.0	35.0	25.0	5.0
1	7	8	0.13872430411090897	0.4448339787888508	0.9716981132075472	36498.0	2443.0	2506.0	242.0	92.0	4483.0	239.0	182.0	342.0	2428.0	104.0	191.0	88.0	156.0	6.0
1	8	7	-4.624143470363687	0.9999981172494747	0.5073891625615763	36498.0	2506.0	2443.0	242.0	92.0	4483.0	342.0	191.0	239.0	2428.0	88.0	182.0	104.0	156.0	6.0
7	1	8	-0.1346837903989408	0.5535690857545377	1.0309278350515463	36498.0	2443.0	4483.0	239.0	182.0	2506.0	242.0	92.0	342.0	2428.0	104.0	191.0	156.0	88.0	6.0
1	7	9	1.894588429868172	0.029073408981874382	0.9916114790286976	38353.0	588.0	2764.0	60.0	16.0	4832.0	41.0	31.0	2287.0	555.0	32.0	377.0	22.0	37.0	5.0
1	9	7	-222.0657070166536	1.0	0.5021238542365304	38353.0	2764.0	588.0	60.0	16.0	4832.0	2287.0	377.0	41.0	555.0	22.0	31.0	32.0	37.0	5.0
7	1	9	-1.8785611902566421	0.9698478465788873	1.008605072463768	38353.0	588.0	4832.0	41.0	31.0	2764.0	60.0	16.0	2287.0	555.0	32.0	377.0	37.0	22.0	5.0
1	8	9	2.024823754604943	0.021442664200695072	0.990727862772369	38416.0	588.0	2701.0	59.0	17.0	4943.0	39.0	34.0	2176.0	552.0	27.0	377.0	27.0	40.0	4.0
1	9	8	-214.32759442493304	1.0	0.502350728725905	38416.0	2701.0	588.0	59.0	17.0	4943.0	2176.0	377.0	39.0	552.0	27.0	34.0	27.0	40.0	4.0
8	1	9	-2.0058736024794874	0.9775652012750211	1.0095374344301382	38416.0	588.0	4943.0	39.0	34.0	2701.0	59.0	17.0	2176.0	552.0	27.0	377.0	40.0	27.0	4.0
2	3	4	0.5615651321560846	0.28720613882274404	0.02304147465437788	37906.0	2147.0	2329.0	581.0	88.0	3441.0	157.0	95.0	167.0	2654.0	78.0	115.0	83.0	153.0	6.0
2	4	3	-99999.9	1.0	-0.024752475247524754	37906.0	2329.0	2147.0	581.0	88.0	3441.0	167.0	115.0	157.0	2654.0	83.0	95.0	78.0	153.0	6.0
3	2	4	-23.24879647126189	1.0	0.49403341288782815	37906.0	2147.0	3441.0	157.0	95.0	2329.0	581.0	88.0	167.0	2654.0	78.0	115.0	153.0	83.0	6.0
2	3	5	1.7955637201679862	0.03628191360683286	0.06896551724137931	37893.0	2160.0	2314.0	584.0	100.0	3441.0	152.0	100.0	184.0	2654.0	61.0	118.0	83.0	147.0	9.0
2	5	3	-99999.9	1.0	-0.08695652173913043	37893.0	2314.0	2160.0	584.0	100.0	3441.0	184.0	118.0	152.0	2654.0	83.0	100.0	61.0	147.0	9.0
3	2	5	-22.444546502099826	1.0	0.4807692307692307	37893.0	2160.0	3441.0	152.0	100.0	2314.0	584.0	100.0	184.0	2654.0	61.0	118.0	147.0	83.0	9.0
2	3	6	0.9476756644636305	0.17164728597629075	0.03794642857142857	37865.0	2188.0	2326.0	589.0	83.0	3439.0	158.0	96.0	175.0	2641.0	83.0	118.0	79.0	154.0	6.0
2	6	3	-99999.9	1.0	-0.042821158690176324	37865.0	2326.0	2188.0	589.0	83.0	3439.0	175.0	118.0	158.0	2641.0	79.0	96.0	83.0	154.0	6.0
3	2	6	-23.07868971105547	1.0	0.48994082840236686	37865.0	2188.0	3439.0	158.0	96.0	2326.0	589.0	83.0	175.0	2641.0	83.0	118.0	154.0	79.0	6.0
2	3	7	0.5580526383774354	0.28840418940095747	0.022727272727272724	37806.0	2247.0	2318.0	589.0	91.0	3432.0	159.0	102.0	169.0	2657.0	73.0	120.0	81.0	149.0	7.0
2	7	3	-99999.9	1.0	-0.024390243902439025	37806.0	2318.0	2247.0	589.0	91.0	3432.0	169.0	120.0	159.0	2657.0	81.0	102.0	73.0	149.0	7.0
3	2	7	-23.438210811852272	1.0	0.4941176470588235	37806.0	2247.0	3432.0	159.0	102.0	2318.0	589.0	91.0	169.0	2657.0	73.0	120.0	149.0	81.0	7.0
2	3	8	1.3514628669577768	0.08827366637403156	0.8431372549019608	37483.0	2570.0	2720.0	193.0	85.0	3389.0	169.0	135.0	298.0	2497.0	104.0	130.0	101.0	118.0	8.0
2	8	3	-5.912650042940275	0.9999999983110917	0.5512820512820513	37483.0	2720.0	2570.0	193.0	85.0	3389.0	298.0	130.0	169.0	2497.0	101.0	135.0	104.0	118.0	8.0
3	2	8	-1.1000279149656325	0.8643399760217998	1.2962962962962963	37483.0	2570.0	3389.0	169.0	135.0	2720.0	193.0	85.0	298.0	2497.0	104.0	130.0	118.0	101.0	8.0
2	3	9	0.10596339108508068	0.45780564591253203	0.9995539696699376	39464.0	589.0	2937.0	45.0	16.0	3625.0	44.0	24.0	2285.0	580.0	34.0	302.0	22.0	30.0	3.0
2	9	3	-237.35799603058126	1.0	0.5001115822361081	39464.0	2937.0	589.0	45.0	16.0	3625.0	2285.0	302.0	44.0	580.0	22.0	24.0	34.0	30.0	3.0
3	2	9	-0.10591610710869287	0.5421755961010276	1.0004466279589102	39464.0	589.0	3625.0	44.0	24.0	2937.0	45.0	16.0	2285.0	580.0	34.0	302.0	30.0	22.0	3.0
2	4	5	1.2453331238676342	0.10650473071900657	0.018850141376060323	38642.0	1593.0	1565.0	1162.0	89.0	3528.0	121.0	74.0	141.0	2707.0	46.0	74.0	61.0	194.0	3.0
2	5	4	-99999.9	1.0	-0.01998001998001998	38642.0	1565.0	1593.0	1162.0	89.0	3528.0	141.0	74.0	121.0	2707.0	61.0	74.0	46.0	194.0	3.0
4	2	5	-63.574255973442654	1.0	0.49515033947623666	38642.0	1593.0	3528.0	121.0	74.0	1565.0	1162.0	89.0	141.0	2707.0	46.0	74.0	194.0	61.0	3.0
2	4	6	0.31377343241970707	0.3768466309029924	0.004789272030651341	38618.0	1617.0	1573.0	1164.0	79.0	3527.0	125.0	71.0	130.0	2697.0	67.0	75.0	56.0	199.0	2.0
2	6	4	-99999.9	1.0	-0.004859086491739554	38618.0	1573.0	1617.0	1164.0	79.0	3527.0	130.0	75.0	125.0	2697.0	56.0	71.0	67.0	199.0	2.0
4	2	6	-64.88834582439519	1.0	0.49879401833092135	38618.0	1617.0	3527.0	125.0	71.0	1573.0	1164.0	79.0	130.0	2697.0	67.0	75.0	199.0	56.0	2.0
2	4	7	0.06326326945897345	0.4747783622537165	0.0	38567.0	1668.0	1557.0	1161.0	98.0	3520.0	125.0	78.0	125.0	2715.0	54.0	76.0	57.0	195.0	4.0
2	7	4	0.06326326945897345	0.4747783622537165	0.0	38567.0	1557.0	1668.0	1161.0	98.0	3520.0	125.0	76.0	125.0	2715.0	57.0	78.0	54.0	195.0	4.0
4	2	7	-65.5092925700987	1.0	0.5	38567.0	1668.0	3520.0	125.0	78.0	1557.0	1161.0	98.0	125.0	2715.0	54.0	76.0	195.0	57.0	4.0
2	4	8	1.4215485185159042	0.07757872949377187	0.8115942028985507	37691.0	2544.0	2512.0	210.0	94.0	3403.0	184.0	136.0	296.0	2490.0	108.0	118.0	93.0	116.0	5.0
2	8	4	-4.7020450997064565	0.999998710660464	0.5656565656565656	37691.0	2512.0	2544.0	210.0	94.0	3403.0	296.0	118.0	184.0	2490.0	93.0	136.0	108.0	116.0	5.0
4	2	8	-1.0915461838604266	0.862483647400237	1.4333333333333333	37691.0	2544.0	3403.0	184.0	136.0	2512.0	210.0	94.0	296.0	2490.0	108.0	118.0	116.0	93.0	5.0
2	4	9	-1.1245696658169875	0.869614232198461	1.0049393803322857	39644.0	591.0	2757.0	42.0	17.0	3643.0	53.0	27.0	2291.0	572.0	31.0	278.0	21.0	32.0	1.0
2	9	4	-229.92337985658168	1.0	0.4987742366837531	39644.0	2757.0	591.0	42.0	17.0	3643.0	2291.0	278.0	53.0	572.0	21.0	27.0	31.0	32.0	1.0
4	2	9	1.1300970412968743	0.12921772034059442	0.9951327433628319	39644.0	591.0	3643.0	53.0	27.0	2757.0	42.0	17.0	2291.0	572.0	31.0	278.0	32.0	21.0	1.0
2	5	6	-99999.9	1.0	-0.012441679626749611	38844.0	1363.0	1347.0	1422.0	75.0	3563.0	120.0	60.0	104.0	2724.0	61.0	65.0	34.0	214.0	4.0
2	6	5	1.0743370022452152	0.1413358697622582	0.011994002998500751	38844.0	1347.0	1363.0	1422.0	75.0	3563.0	104.0	65.0	120.0	2724.0	34.0	60.0	61.0	214.0	4.0
5	2	6	-87.4241735577044	1.0	0.5030534351145037	38844.0	1363.0	3563.0	120.0	60.0	1347.0	1422.0	75.0	104.0	2724.0	61.0	65.0	214.0	34.0	4.0
2	5	7	-99999.9	1.0	-0.01664025356576862	38772.0	1435.0	1352.0	1403.0	89.0	3557.0	120.0	66.0	99.0	2743.0	47.0	65.0	34.0	211.0	7.0
2	7	5	1.427880068433448	0.07666323926630014	0.015849056603773583	38772.0	1352.0	1435.0	1403.0	89.0	3557.0	99.0	65.0	120.0	2743.0	34.0	66.0	47.0	211.0	7.0
5	2	7	-87.23667275238651	1.0	0.5040587553150367	38772.0	1435.0	3557.0	120.0	66.0	1352.0	1403.0	89.0	99.0	2743.0	47.0	65.0	211.0	34.0	7.0
2	5	8	0.7945506519394797	0.21343740570148428	0.8557692307692307	37653.0	2554.0	2550.0	212.0	82.0	3409.0	197.0	137.0	286.0	2494.0	109.0	122.0	76.0	113.0	6.0
2	8	5	-3.919783216234768	0.999955667428664	0.5460122699386503	37653.0	2550.0	2554.0	212.0	82.0	3409.0	286.0	122.0	197.0	2494.0	76.0	137.0	109.0	113.0	6.0
5	2	8	-0.6606376207137247	0.7455776960484937	1.2542372881355932	37653.0	2554.0	3409.0	197.0	137.0	2550.0	212.0	82.0	286.0	2494.0	109.0	122.0	113.0	76.0	6.0
2	5	9	-0.7165120787578965	0.7631624634706597	1.003154574132492	39616.0	591.0	2785.0	44.0	15.0	3665.0	51.0	27.0	2277.0	581.0	31.0	270.0	14.0	31.0	2.0
2	9	5	-228.56735312376816	1.0	0.49921507064364207	39616.0	2785.0	591.0	44.0	15.0	3665.0	2277.0	270.0	51.0	581.0	14.0	27.0	31.0	31.0	2.0
5	2	9	0.7187652613955	0.23614271311207102	0.996875	39616.0	591.0	3665.0	51.0	27.0	2785.0	44.0	15.0	2277.0	581.0	31.0	270.0	31.0	14.0	2.0
2	6	7	-99999.9	1.0	-0.0016085790884718498	39258.0	933.0	866.0	1944.0	50.0	3610.0	76.0	46.0	73.0	2777.0	28.0	38.0	44.0	255.0	2.0
2	7	6	0.24587609647990066	0.4028891271969748	0.0016008537886873	39258.0	866.0	933.0	1944.0	50.0	3610.0	73.0	38.0	76.0	2777.0	44.0	46.0	28.0	255.0	2.0
6	2	7	-153.098849408151	1.0	0.5004011767852367	39258.0	933.0	3610.0	76.0	46.0	866.0	1944.0	50.0	73.0	2777.0	28.0	38.0	255.0	44.0	2.0
2	6	8	1.410657490791524	0.07917286784903599	0.8	37650.0	2541.0	2553.0	215.0	92.0	3404.0	189.0	139.0	293.0	2481.0	104.0	120.0	97.0	119.0	3.0
2	8	6	-4.2319724723745695	0.9999884098900853	0.5714285714285715	37650.0	2553.0	2541.0	215.0	92.0	3404.0	293.0	120.0	189.0	2481.0	97.0	139.0	104.0	119.0	3.0
6	2	8	-1.057993118093643	0.8549706789403939	1.5	37650.0	2541.0	3404.0	189.0	139.0	2553.0	215.0	92.0	293.0	2481.0	104.0	120.0	119.0	97.0	3.0
2	6	9	0.0	0.49999999949999996	nan	39610.0	581.0	2791.0	52.0	17.0	3653.0	52.0	27.0	2277.0	570.0	31.0	282.0	24.0	30.0	3.0
2	9	6	-218.0743820789505	1.0	0.5	39610.0	2791.0	581.0	52.0	17.0	3653.0	2277.0	282.0	52.0	570.0	24.0	27.0	31.0	30.0	3.0
6	2	9	0.0	0.49999999949999996	nan	39610.0	581.0	3653.0	52.0	27.0	2791.0	52.0	17.0	2277.0	570.0	31.0	282.0	30.0	24.0	3.0
2	7	8	1.9132072621026497	0.027860695185275453	0.7602739726027398	37585.0	2539.0	2618.0	219.0	90.0	3396.0	184.0	141.0	295.0	2494.0	108.0	126.0	89.0	113.0	3.0
2	8	7	-4.154392911994324	0.9999836828142735	0.5935828877005348	37585.0	2618.0	2539.0	219.0	90.0	3396.0	295.0	126.0	184.0	2494.0	89.0	141.0	108.0	113.0	3.0
7	2	8	-1.3099437109892014	0.9048924935613678	1.853658536585366	37585.0	2539.0	3396.0	184.0	141.0	2618.0	219.0	90.0	295.0	2494.0	108.0	126.0	113.0	89.0	3.0
2	7	9	0.10366206807020213	0.4587187100836757	0.999554367201426	39538.0	586.0	2863.0	47.0	17.0	3647.0	46.0	28.0	2289.0	576.0	32.0	276.0	24.0	29.0	2.0
2	9	7	-232.41035661339367	1.0	0.5001114827201785	39538.0	2863.0	586.0	47.0	17.0	3647.0	2289.0	276.0	46.0	576.0	24.0	28.0	32.0	29.0	2.0
7	2	9	-0.10361585225742005	0.5412629512582197	1.000446229361892	39538.0	586.0	3647.0	46.0	28.0	2863.0	47.0	17.0	2289.0	576.0	32.0	276.0	29.0	24.0	2.0
2	8	9	-0.10361455206989637	0.5412624353362494	1.0004708097928436	39616.0	587.0	2785.0	46.0	17.0	3743.0	47.0	27.0	2172.0	570.0	25.0	297.0	29.0	35.0	4.0
2	9	8	-220.2845377006002	1.0	0.49988238061632556	39616.0	2785.0	587.0	46.0	17.0	3743.0	2172.0	297.0	47.0	570.0	29.0	27.0	25.0	35.0	4.0
8	2	9	0.10366331185910573	0.4587182165434358	0.999529854254819	39616.0	587.0	3743.0	47.0	27.0	2785.0	46.0	17.0	2172.0	570.0	25.0	297.0	35.0	29.0	4.0
3	4	5	0.8381854005293592	0.2009632424797625	0.020800000000000003	39737.0	1610.0	1597.0	728.0	74.0	2433.0	116.0	62.0	129.0	3203.0	56.0	54.0	66.0	132.0	3.0
3	5	4	-99999.9	1.0	-0.02218430034129693	39737.0	1597.0	1610.0	728.0	74.0	2433.0	129.0	54.0	116.0	3203.0	66.0	62.0	56.0	132.0	3.0
4	3	5	-38.621004224391214	1.0	0.4946325350949628	39737.0	1610.0	2433.0	116.0	62.0	1597.0	728.0	74.0	129.0	3203.0	56.0	54.0	132.0	66.0	3.0
3	4	6	0.26339266439299225	0.39612403227708226	0.006568144499178982	39692.0	1655.0	1612.0	719.0	68.0	2453.0	114.0	44.0	118.0	3203.0	67.0	48.0	67.0	138.0	2.0
3	6	4	-99999.9	1.0	-0.006700167504187605	39692.0	1612.0	1655.0	719.0	68.0	2453.0	118.0	48.0	114.0	3203.0	67.0	44.0	67.0	138.0	2.0
4	3	6	-39.57474782504719	1.0	0.49834162520729686	39692.0	1655.0	2453.0	114.0	44.0	1612.0	719.0	68.0	118.0	3203.0	67.0	48.0	138.0	67.0	2.0
3	4	7	0.19867938053004042	0.4212568010289939	0.0049261083743842365	39644.0	1703.0	1594.0	719.0	86.0	2443.0	113.0	55.0	116.0	3216.0	56.0	48.0	66.0	136.0	5.0
3	7	4	-99999.9	1.0	-0.005	39644.0	1594.0	1703.0	719.0	86.0	2443.0	116.0	48.0	113.0	3216.0	66.0	55.0	56.0	136.0	5.0
4	3	7	-39.93455548653801	1.0	0.4987593052109181	39644.0	1703.0	2443.0	113.0	55.0	1594.0	719.0	86.0	116.0	3216.0	56.0	48.0	136.0	66.0	5.0
3	4	8	0.4309864463479737	0.3332391478762675	0.9869402985074627	38699.0	2648.0	2173.0	137.0	89.0	2395.0	130.0	86.0	659.0	2600.0	129.0	94.0	78.0	79.0	4.0
3	8	4	-32.13927499909166	1.0	0.5033301617507135	38699.0	2173.0	2648.0	137.0	89.0	2395.0	659.0	94.0	130.0	2600.0	78.0	86.0	129.0	79.0	4.0
4	3	8	-0.4252834120862803	0.6646849199335909	1.0135922330097087	38699.0	2648.0	2395.0	130.0	86.0	2173.0	137.0	89.0	659.0	2600.0	129.0	94.0	79.0	78.0	4.0
3	4	9	-1.4942770427735572	0.9324483571917266	1.0044427989633469	40730.0	617.0	2359.0	26.0	14.0	2557.0	38.0	16.0	2751.0	599.0	38.0	216.0	18.0	21.0	0.0
3	9	4	-339.32541179649616	1.0	0.49889665318131665	40730.0	2359.0	617.0	26.0	14.0	2557.0	2751.0	216.0	38.0	599.0	18.0	16.0	38.0	21.0	0.0
4	3	9	1.5008864509981361	0.0666924960328974	0.9956156375593715	40730.0	617.0	2557.0	38.0	16.0	2359.0	26.0	14.0	2751.0	599.0	38.0	216.0	21.0	18.0	0.0
3	5	6	-99999.9	1.0	-0.01152073732718894	39943.0	1391.0	1361.0	991.0	60.0	2464.0	113.0	39.0	103.0	3222.0	60.0	52.0	49.0	147.0	5.0
3	6	5	0.6837172461823955	0.24707679787634018	0.011135857461024499	39943.0	1361.0	1391.0	991.0	60.0	2464.0	103.0	52.0	113.0	3222.0	49.0	39.0	60.0	147.0	5.0
5	3	6	-60.03037421481421	1.0	0.5028312570781427	39943.0	1391.0	2464.0	113.0	39.0	1361.0	991.0	60.0	103.0	3222.0	60.0	52.0	147.0	49.0	5.0
3	5	7	-99999.9	1.0	-0.01775147928994083	39868.0	1466.0	1370.0	969.0	73.0	2461.0	109.0	46.0	94.0	3241.0	50.0	52.0	45.0	147.0	9.0
3	7	5	1.06016241040177	0.14453539125056358	0.016853932584269662	39868.0	1370.0	1466.0	969.0	73.0	2461.0	94.0	52.0	109.0	3241.0	45.0	46.0	50.0	147.0	9.0
5	3	7	-60.78264486303485	1.0	0.5043227665706052	39868.0	1466.0	2461.0	109.0	46.0	1370.0	969.0	73.0	94.0	3241.0	50.0	52.0	147.0	45.0	9.0
3	5	8	-0.29256955848543736	0.6150743401627959	1.0099206349206349	38680.0	2654.0	2192.0	142.0	78.0	2382.0	147.0	87.0	656.0	2600.0	129.0	110.0	61.0	77.0	5.0
3	8	5	-30.07615061230301	1.0	0.4975562072336266	38680.0	2192.0	2654.0	142.0	78.0	2382.0	656.0	110.0	147.0	2600.0	61.0	87.0	129.0	77.0	5.0
5	3	8	0.2954435227141745	0.3838276127566145	0.9903660886319846	38680.0	2654.0	2382.0	147.0	87.0	2192.0	142.0	78.0	656.0	2600.0	129.0	110.0	77.0	61.0	5.0
3	5	9	-1.1589634525264652	0.8767644002546191	1.0037133308577795	40723.0	611.0	2366.0	32.0	14.0	2558.0	42.0	16.0	2745.0	603.0	37.0	221.0	10.0	21.0	1.0
3	9	5	-314.4267846704307	1.0	0.4990768094534712	40723.0	2366.0	611.0	32.0	14.0	2558.0	2745.0	221.0	42.0	603.0	10.0	16.0	37.0	21.0	1.0
5	3	9	1.163251145654569	0.12236386964048707	0.9963275798751378	40723.0	611.0	2558.0	42.0	16.0	2366.0	32.0	14.0	2745.0	603.0	37.0	221.0	21.0	10.0	1.0
3	6	7	0.08451432364443555	0.46632369229823745	0.0	40352.0	952.0	886.0	1512.0	44.0	2516.0	70.0	33.0	70.0	3281.0	33.0	21.0	44.0	183.0	3.0
3	7	6	0.08451432364443555	0.46632369229823745	0.0	40352.0	886.0	952.0	1512.0	44.0	2516.0	70.0	21.0	70.0	3281.0	44.0	33.0	33.0	183.0	3.0
6	3	7	-121.82774139106519	1.0	0.5	40352.0	952.0	2516.0	70.0	33.0	886.0	1512.0	44.0	70.0	3281.0	33.0	21.0	183.0	44.0	3.0
3	6	8	0.4902453557904211	0.3119801485322369	0.9849906191369606	38657.0	2647.0	2215.0	139.0	88.0	2397.0	131.0	91.0	656.0	2600.0	128.0	95.0	77.0	76.0	3.0
3	8	6	-31.682106117955975	1.0	0.5038387715930902	38657.0	2215.0	2647.0	139.0	88.0	2397.0	656.0	95.0	131.0	2600.0	77.0	91.0	128.0	76.0	3.0
6	3	8	-0.4827749503688528	0.6853722227226516	1.0157170923379175	38657.0	2647.0	2397.0	131.0	91.0	2215.0	139.0	88.0	656.0	2600.0	128.0	95.0	76.0	77.0	3.0
3	6	9	-0.45815586240547607	0.6765797451377018	1.0014781966001478	40700.0	604.0	2389.0	36.0	17.0	2563.0	40.0	16.0	2750.0	596.0	38.0	211.0	19.0	20.0	1.0
3	9	6	-310.85875264211734	1.0	0.4996312684365782	40700.0	2389.0	604.0	36.0	17.0	2563.0	2750.0	211.0	40.0	596.0	19.0	16.0	38.0	20.0	1.0
6	3	9	0.45883210722083473	0.32317738889212233	0.9985283296541575	40700.0	604.0	2563.0	40.0	16.0	2389.0	36.0	17.0	2750.0	596.0	38.0	211.0	20.0	19.0	1.0
3	7	8	0.90905080144033	0.18166162948606412	0.9725274725274725	38595.0	2643.0	2277.0	147.0	84.0	2386.0	132.0	89.0	663.0	2603.0	129.0	99.0	73.0	76.0	4.0
3	8	7	-31.27134756954735	1.0	0.5071633237822349	38595.0	2277.0	2643.0	147.0	84.0	2386.0	663.0	99.0	132.0	2603.0	73.0	89.0	129.0	76.0	4.0
7	3	8	-0.8833714002696992	0.8114822163590969	1.029940119760479	38595.0	2643.0	2386.0	132.0	89.0	2277.0	147.0	84.0	663.0	2603.0	129.0	99.0	76.0	73.0	4.0
3	7	9	-0.6389758350175905	0.7385807336347979	1.0018422991893883	40627.0	611.0	2462.0	28.0	18.0	2558.0	33.0	16.0	2752.0	604.0	39.0	214.0	18.0	20.0	0.0
3	9	7	-348.1140349175833	1.0	0.49954069446996147	40627.0	2462.0	611.0	28.0	18.0	2558.0	2752.0	214.0	33.0	604.0	18.0	16.0	39.0	20.0	0.0
7	3	9	0.6401508549422273	0.2610372047363616	0.9981678270428729	40627.0	611.0	2558.0	33.0	16.0	2462.0	28.0	18.0	2752.0	604.0	39.0	214.0	20.0	18.0	0.0
3	8	9	-0.11856638482765473	0.5471905947275514	1.000464252553389	40267.0	605.0	2822.0	35.0	17.0	3092.0	36.0	20.0	2191.0	590.0	27.0	241.0	29.0	26.0	2.0
3	9	8	-255.6291256884235	1.0	0.49988401762932033	40267.0	2822.0	605.0	35.0	17.0	3092.0	2191.0	241.0	36.0	590.0	29.0	20.0	27.0	26.0	2.0
8	3	9	0.11862140403175109	0.4527876096417448	0.9995363931386184	40267.0	605.0	3092.0	36.0	20.0	2822.0	35.0	17.0	2191.0	590.0	27.0	241.0	26.0	29.0	2.0
4	5	6	-99999.9	1.0	-0.02362204724409449	40767.0	1403.0	1378.0	371.0	39.0	1640.0	111.0	29.0	105.0	3887.0	71.0	33.0	62.0	102.0	2.0
4	6	5	0.41246794118654617	0.3399982807883717	0.022058823529411766	40767.0	1378.0	1403.0	371.0	39.0	1640.0	105.0	33.0	111.0	3887.0	62.0	29.0	71.0	102.0	2.0
5	4	6	-17.87361078475035	1.0	0.5057034220532319	40767.0	1403.0	1640.0	111.0	29.0	1378.0	371.0	39.0	105.0	3887.0	71.0	33.0	102.0	62.0	2.0
4	5	7	-99999.9	1.0	-0.07894736842105263	40701.0	1469.0	1386.0	361.0	41.0	1628.0	115.0	37.0	97.0	3895.0	71.0	33.0	61.0	101.0	4.0
4	7	5	1.2696363013952279	0.1021071749325061	0.06382978723404255	40701.0	1386.0	1469.0	361.0	41.0	1628.0	97.0	33.0	115.0	3895.0	61.0	37.0	71.0	101.0	4.0
5	4	7	-17.351696119068112	1.0	0.5176470588235295	40701.0	1469.0	1628.0	115.0	37.0	1386.0	361.0	41.0	97.0	3895.0	71.0	33.0	101.0	61.0	4.0
4	5	8	-0.46919291290888604	0.680534109410645	1.006311992786294	39460.0	2710.0	1634.0	107.0	47.0	1602.0	114.0	64.0	1230.0	2658.0	175.0	94.0	44.0	54.0	7.0
4	8	5	-75.27194874238278	1.0	0.4984368021438142	39460.0	1634.0	2710.0	107.0	47.0	1602.0	1230.0	94.0	114.0	2658.0	44.0	64.0	175.0	54.0	7.0
5	4	8	0.47213587920849376	0.31841491567075286	0.9938053097345133	39460.0	2710.0	1602.0	114.0	64.0	1634.0	107.0	47.0	1230.0	2658.0	175.0	94.0	54.0	44.0	7.0
4	5	9	0.5441013992780435	0.29318582462984066	0.9988197108291531	41538.0	632.0	1749.0	29.0	10.0	1743.0	25.0	12.0	3410.0	612.0	41.0	173.0	9.0	15.0	2.0
4	9	5	-459.90170773976575	1.0	0.5002955956251848	41538.0	1749.0	632.0	29.0	10.0	1743.0	3410.0	173.0	25.0	612.0	9.0	12.0	41.0	15.0	2.0
5	4	9	-0.5434584434147903	0.7065929259540927	1.0011844832691739	41538.0	632.0	1743.0	25.0	12.0	1749.0	29.0	10.0	3410.0	612.0	41.0	173.0	15.0	9.0	2.0
4	6	7	-99999.9	1.0	-0.008547008547008546	41188.0	957.0	899.0	894.0	20.0	1680.0	68.0	30.0	61.0	3949.0	50.0	17.0	54.0	133.0	0.0
4	7	6	0.6183769823027412	0.26816337942124	0.008333333333333333	41188.0	899.0	957.0	894.0	20.0	1680.0	61.0	17.0	68.0	3949.0	54.0	30.0	50.0	133.0	0.0
6	4	7	-72.96848391172337	1.0	0.5021097046413502	41188.0	957.0	1680.0	68.0	30.0	899.0	894.0	20.0	61.0	3949.0	50.0	17.0	133.0	54.0	0.0
4	6	8	0.5563728804255722	0.2889779571464739	0.9929762949956101	39445.0	2700.0	1649.0	108.0	56.0	1609.0	100.0	69.0	1231.0	2655.0	174.0	86.0	61.0	52.0	5.0
4	8	6	-78.10084308973967	1.0	0.5017746228926352	39445.0	1649.0	2700.0	108.0	56.0	1609.0	1231.0	86.0	100.0	2655.0	61.0	69.0	174.0	52.0	5.0
6	4	8	-0.5524374400688926	0.7096756855867726	1.0071748878923767	39445.0	2700.0	1609.0	100.0	69.0	1649.0	108.0	56.0	1231.0	2655.0	174.0	86.0	52.0	61.0	5.0
4	6	9	1.2911880536826938	0.09831930654586818	0.997055359246172	41521.0	624.0	1766.0	35.0	12.0	1742.0	25.0	11.0	3411.0	604.0	45.0	173.0	17.0	13.0	1.0
4	9	6	-435.9050869232786	1.0	0.5007394262052648	41521.0	1766.0	624.0	35.0	12.0	1742.0	3411.0	173.0	25.0	604.0	17.0	11.0	45.0	13.0	1.0
6	4	9	-1.2873747398797324	0.9010180794094437	1.0029708853238266	41521.0	624.0	1742.0	25.0	11.0	1766.0	35.0	12.0	3411.0	604.0	45.0	173.0	13.0	17.0	1.0
4	7	8	0.7567955798864613	0.22458610347005226	0.9903930131004367	39392.0	2695.0	1702.0	112.0	57.0	1589.0	101.0	68.0	1235.0	2663.0	173.0	102.0	52.0	51.0	8.0
4	8	7	-77.26194874659052	1.0	0.5024368630926008	39392.0	1702.0	2695.0	112.0	57.0	1589.0	1235.0	102.0	101.0	2663.0	52.0	68.0	173.0	51.0	8.0
7	4	8	-0.7494545292879154	0.7732084203324336	1.0098920863309353	39392.0	2695.0	1589.0	101.0	68.0	1702.0	112.0	57.0	1235.0	2663.0	173.0	102.0	51.0	52.0	8.0
4	7	9	0.7289728087752683	0.23300907853450326	0.9985285462036492	41458.0	629.0	1829.0	26.0	16.0	1727.0	21.0	10.0	3414.0	612.0	45.0	185.0	13.0	14.0	1.0
4	9	7	-493.951975226125	1.0	0.5003686771862557	41458.0	1829.0	629.0	26.0	16.0	1727.0	3414.0	185.0	21.0	612.0	13.0	10.0	45.0	14.0	1.0
7	4	9	-0.7278985782878306	0.7666622324966202	1.0014779781259238	41458.0	629.0	1727.0	21.0	10.0	1829.0	26.0	16.0	3414.0	612.0	45.0	185.0	14.0	13.0	1.0
4	8	9	0.9435041072936409	0.17271154532435495	0.99632521819017	40482.0	612.0	2805.0	40.0	19.0	2877.0	32.0	17.0	2201.0	588.0	27.0	248.0	26.0	23.0	3.0
4	9	8	-254.86404698269646	1.0	0.5009237875288683	40482.0	2805.0	612.0	40.0	19.0	2877.0	2201.0	248.0	32.0	588.0	26.0	17.0	27.0	23.0	3.0
8	4	9	-0.9400241474695978	0.8263974264925362	1.0037157454714352	40482.0	612.0	2877.0	32.0	17.0	2805.0	40.0	19.0	2201.0	588.0	27.0	248.0	23.0	26.0	3.0
5	6	7	0.17564573408127607	0.43028614033345436	0.003539823008849558	41434.0	973.0	895.0	627.0	21.0	1434.0	64.0	18.0	66.0	4243.0	51.0	16.0	50.0	106.0	2.0
5	7	6	-99999.9	1.0	-0.003577817531305903	41434.0	895.0	973.0	627.0	21.0	1434.0	66.0	16.0	64.0	4243.0	50.0	18.0	51.0	106.0	2.0
6	5	7	-49.26862840979806	1.0	0.4991103202846975	41434.0	973.0	1434.0	64.0	18.0	895.0	627.0	21.0	66.0	4243.0	51.0	16.0	106.0	50.0	2.0
5	6	8	0.851483965181871	0.19725023736909186	0.9915552427867699	39679.0	2728.0	1383.0	106.0	54.0	1375.0	94.0	47.0	1503.0	2674.0	183.0	80.0	51.0	35.0	8.0
5	8	6	-99.12692494658938	1.0	0.5021382751247326	39679.0	1383.0	2728.0	106.0	54.0	1375.0	1503.0	80.0	94.0	2674.0	51.0	47.0	183.0	35.0	8.0
6	5	8	-0.8442321500064398	0.8007302021576086	1.0086642599277977	39679.0	2728.0	1375.0	94.0	47.0	1383.0	106.0	54.0	1503.0	2674.0	183.0	80.0	35.0	51.0	8.0
5	6	9	0.6998369675430097	0.24201449372683448	0.9986416734582994	41778.0	629.0	1503.0	28.0	12.0	1485.0	23.0	8.0	3699.0	617.0	44.0	148.0	16.0	7.0	3.0
5	9	6	-513.8203015700777	1.0	0.5003402749421533	41778.0	1503.0	629.0	28.0	12.0	1485.0	3699.0	148.0	23.0	617.0	16.0	8.0	44.0	7.0	3.0
6	5	9	-0.6988850674239361	0.7576881387503089	1.0013638843426078	41778.0	629.0	1485.0	23.0	8.0	1503.0	28.0	12.0	3699.0	617.0	44.0	148.0	7.0	16.0	3.0
5	7	8	1.2231826928520066	0.11063041758431513	0.9879347054648687	39599.0	2730.0	1463.0	106.0	52.0	1382.0	89.0	45.0	1481.0	2689.0	187.0	95.0	41.0	31.0	10.0
5	8	7	-98.93389427479458	1.0	0.5030719190458981	39599.0	1463.0	2730.0	106.0	52.0	1382.0	1481.0	95.0	89.0	2689.0	41.0	45.0	187.0	31.0	10.0
7	5	8	-1.2082443984709117	0.8865232999979955	1.0125184094256259	39599.0	2730.0	1382.0	89.0	45.0	1463.0	106.0	52.0	1481.0	2689.0	187.0	95.0	31.0	41.0	10.0
5	7	9	0.3159106786030017	0.3760352221066162	0.9994553376906318	41696.0	633.0	1585.0	21.0	15.0	1489.0	19.0	8.0	3689.0	624.0	44.0	154.0	13.0	7.0	3.0
5	9	7	-579.3801845579029	1.0	0.5001362769146906	41696.0	1585.0	633.0	21.0	15.0	1489.0	3689.0	154.0	19.0	624.0	13.0	8.0	44.0	7.0	3.0
7	5	9	-0.31573852019504367	0.6238994379245056	1.0005455537370431	41696.0	633.0	1489.0	19.0	8.0	1585.0	21.0	15.0	3689.0	624.0	44.0	154.0	7.0	13.0	3.0
5	8	9	0.4473060662491945	0.3273270706150889	0.9981541301338256	40455.0	607.0	2826.0	42.0	20.0	2904.0	38.0	16.0	2201.0	593.0	25.0	227.0	25.0	16.0	5.0
5	9	8	-241.43344925800315	1.0	0.500462748727441	40455.0	2826.0	607.0	42.0	20.0	2904.0	2201.0	227.0	38.0	593.0	25.0	16.0	25.0	16.0	5.0
8	5	9	-0.44647887056496116	0.6723742867287075	1.0018561484918793	40455.0	607.0	2904.0	38.0	16.0	2826.0	42.0	20.0	2201.0	593.0	25.0	227.0	16.0	25.0	5.0
6	7	8	0.36233732845662503	0.35855004552090763	0.9979767324228629	40099.0	2769.0	955.0	63.0	37.0	882.0	59.0	36.0	2032.0	2726.0	218.0	52.0	30.0	37.0	5.0
6	8	7	-178.3605499327739	1.0	0.5005073566717403	40099.0	955.0	2769.0	63.0	37.0	882.0	2032.0	52.0	59.0	2726.0	30.0	36.0	218.0	37.0	5.0
7	6	8	-0.3616027368125163	0.6411754779478971	1.0020356234096692	40099.0	2769.0	882.0	59.0	36.0	955.0	63.0	37.0	2032.0	2726.0	218.0	52.0	37.0	30.0	5.0
6	7	9	-1.0925500435545938	0.8627042544642672	1.0014064697609002	42232.0	636.0	1031.0	12.0	12.0	953.0	18.0	6.0	4290.0	629.0	57.0	107.0	5.0	11.0	1.0
6	9	7	-778.9881810544321	1.0	0.4996491228070175	42232.0	1031.0	636.0	12.0	12.0	953.0	4290.0	107.0	18.0	629.0	5.0	6.0	57.0	11.0	1.0
7	6	9	1.0940845239528447	0.13695899719043148	0.9985994397759104	42232.0	636.0	953.0	18.0	6.0	1031.0	12.0	12.0	4290.0	629.0	57.0	107.0	11.0	5.0	1.0
6	8	9	-0.22062136553356645	0.5873063290189464	1.000926354793886	40451.0	603.0	2812.0	40.0	17.0	2908.0	42.0	16.0	2203.0	584.0	28.0	239.0	26.0	27.0	4.0
6	9	8	-238.60200682455334	1.0	0.49976873265494914	40451.0	2812.0	603.0	40.0	17.0	2908.0	2203.0	239.0	42.0	584.0	26.0	16.0	28.0	27.0	4.0
8	6	9	0.2208255500458604	0.4126141735688251	0.9990762124711317	40451.0	603.0	2908.0	42.0	16.0	2812.0	40.0	17.0	2203.0	584.0	28.0	239.0	27.0	26.0	4.0
7	8	9	0.0	0.49999999949999996	nan	40375.0	606.0	2810.0	37.0	17.0	2984.0	37.0	18.0	2210.0	588.0	28.0	234.0	27.0	26.0	3.0
7	9	8	-252.43561197190988	1.0	0.5	40375.0	2810.0	606.0	37.0	17.0	2984.0	2210.0	234.0	37.0	588.0	27.0	18.0	28.0	26.0	3.0
8	7	9	0.0	0.49999999949999996	nan	40375.0	606.0	2984.0	37.0	18.0	2810.0	37.0	17.0	2210.0	588.0	28.0	234.0	26.0	27.0	3.0
