P1	Hybrid	P2	Zscore	Pvalue	Gamma	AAAA	AAAB	AABA	AABB	AABC	ABAA	ABAB	ABAC	ABBA	BAAA	ABBC	CABC	BACA	BCAA	ABCD
1	2	3	-99999.9	1.0	-0.01644100580270793	37160.0	1884.0	1811.0	1229.0	115.0	3880.0	178.0	101.0	161.0	2985.0	62.0	103.0	69.0	258.0	4.0
1	3	2	0.9297461687638489	0.17625124415915505	0.01566820276497696	37160.0	1811.0	1884.0	1229.0	115.0	3880.0	161.0	103.0	178.0	2985.0	69.0	101.0	62.0	258.0	4.0
2	1	3	-57.48018961004736	1.0	0.5040113260972157	37160.0	1884.0	3880.0	178.0	101.0	1811.0	1229.0	115.0	161.0	2985.0	62.0	103.0	258.0	69.0	4.0
1	2	4	-99999.9	1.0	-0.009523809523809523	37304.0	1740.0	1831.0	1221.0	103.0	3873.0	161.0	125.0	151.0	2981.0	76.0	97.0	75.0	255.0	7.0
1	4	2	0.568515507817008	0.28484245384939677	0.009259259259259259	37304.0	1831.0	1740.0	1221.0	103.0	3873.0	151.0	97.0	161.0	2981.0	75.0	125.0	76.0	255.0	7.0
2	1	4	-60.26264382860277	1.0	0.5023474178403756	37304.0	1740.0	3873.0	161.0	125.0	1831.0	1221.0	103.0	151.0	2981.0	76.0	97.0	255.0	75.0	7.0
1	2	5	-99999.9	1.0	-0.011342155009451795	37225.0	1819.0	1828.0	1230.0	97.0	3892.0	160.0	107.0	148.0	2992.0	68.0	93.0	69.0	267.0	5.0
1	5	2	0.6871342349183188	0.24599900320821821	0.01096892138939671	37225.0	1828.0	1819.0	1230.0	97.0	3892.0	148.0	93.0	160.0	2992.0	69.0	107.0	68.0	267.0	5.0
2	1	5	-61.26946928021671	1.0	0.5027881040892193	37225.0	1819.0	3892.0	160.0	107.0	1828.0	1230.0	97.0	148.0	2992.0	68.0	93.0	267.0	69.0	5.0
1	2	6	-99999.9	1.0	-0.02810077519379845	37262.0	1782.0	1826.0	1239.0	90.0	3883.0	178.0	98.0	149.0	2975.0	84.0	93.0	73.0	263.0	5.0
1	6	2	1.6207657402696847	0.052533937592759594	0.0259159964253798	37262.0	1826.0	1782.0	1239.0	90.0	3883.0	149.0	93.0	178.0	2975.0	73.0	98.0	84.0	263.0	5.0
2	1	6	-59.297670704349436	1.0	0.506741050674105	37262.0	1782.0	3883.0	178.0	98.0	1826.0	1239.0	90.0	149.0	2975.0	84.0	93.0	263.0	73.0	5.0
1	2	7	-99999.9	1.0	-0.03206997084548105	37226.0	1818.0	1825.0	1242.0	88.0	3877.0	180.0	102.0	147.0	2978.0	83.0	95.0	72.0	261.0	6.0
1	7	2	1.846203768002897	0.032431252169696334	0.02925531914893617	37226.0	1825.0	1818.0	1242.0	88.0	3877.0	147.0	95.0	180.0	2978.0	72.0	102.0	83.0	261.0	6.0
2	1	7	-59.414193988456844	1.0	0.5076495132127956	37226.0	1818.0	3877.0	180.0	102.0	1825.0	1242.0	88.0	147.0	2978.0	83.0	95.0	261.0	72.0	6.0
1	2	8	-0.037428811229670095	0.5149285096943752	-0.0	36201.0	2843.0	2764.0	267.0	124.0	3696.0	272.0	191.0	272.0	2815.0	121.0	157.0	107.0	161.0	9.0
1	8	2	-0.037428811229670095	0.5149285096943752	-0.0	36201.0	2764.0	2843.0	267.0	124.0	3696.0	272.0	157.0	272.0	2815.0	107.0	191.0	121.0	161.0	9.0
2	1	8	0.2143535307221787	0.4151357233082873	0.5	36201.0	2843.0	3696.0	272.0	191.0	2764.0	267.0	124.0	272.0	2815.0	121.0	157.0	161.0	107.0	9.0
1	2	9	0.09579728282520217	0.4618407280915222	0.9902912621359223	36429.0	2615.0	2832.0	221.0	102.0	3805.0	219.0	135.0	423.0	2660.0	125.0	172.0	97.0	157.0	8.0
1	9	2	-9.67552556534539	1.0	0.5024630541871922	36429.0	2832.0	2615.0	221.0	102.0	3805.0	423.0	172.0	219.0	2660.0	97.0	135.0	125.0	157.0	8.0
2	1	9	-0.09485809377789625	0.5377862888073415	1.01	36429.0	2615.0	3805.0	219.0	135.0	2832.0	221.0	102.0	423.0	2660.0	125.0	172.0	157.0	97.0	8.0
1	3	4	-99999.9	1.0	-0.0007662835249042146	37457.0	1514.0	1678.0	1452.0	98.0	3878.0	146.0	120.0	145.0	3013.0	74.0	98.0	58.0	265.0	4.0
1	4	3	0.058633231907232485	0.4766220511299437	0.0007645259938837921	37457.0	1678.0	1514.0	1452.0	98.0	3878.0	145.0	98.0	146.0	3013.0	58.0	120.0	74.0	265.0	4.0
3	1	4	-76.57500087084536	1.0	0.5001913509376196	37457.0	1514.0	3878.0	146.0	120.0	1678.0	1452.0	98.0	145.0	3013.0	74.0	98.0	265.0	58.0	4.0
1	3	5	-99999.9	1.0	-0.002277904328018223	37382.0	1589.0	1671.0	1461.0	96.0	3904.0	141.0	99.0	138.0	3029.0	65.0	91.0	51.0	280.0	3.0
1	5	3	0.17977221802553262	0.42866570621273814	0.0022624434389140274	37382.0	1671.0	1589.0	1461.0	96.0	3904.0	138.0	91.0	141.0	3029.0	51.0	99.0	65.0	280.0	3.0
3	1	5	-79.09977593123476	1.0	0.5005675368898979	37382.0	1589.0	3904.0	141.0	99.0	1671.0	1461.0	96.0	138.0	3029.0	65.0	91.0	280.0	51.0	3.0
1	3	6	-99999.9	1.0	-0.01658767772511848	37400.0	1571.0	1688.0	1450.0	90.0	3889.0	163.0	92.0	142.0	3008.0	82.0	94.0	55.0	273.0	3.0
1	6	3	1.210522135780689	0.11303936700581085	0.01580135440180587	37400.0	1688.0	1571.0	1450.0	90.0	3889.0	142.0	94.0	163.0	3008.0	55.0	92.0	82.0	273.0	3.0
3	1	6	-74.18771374998784	1.0	0.5040462427745666	37400.0	1571.0	3889.0	163.0	92.0	1688.0	1450.0	90.0	142.0	3008.0	82.0	94.0	273.0	55.0	3.0
1	3	7	-99999.9	1.0	-0.01979414093428345	37366.0	1605.0	1685.0	1451.0	92.0	3888.0	163.0	93.0	138.0	3012.0	82.0	93.0	55.0	273.0	4.0
1	7	3	1.4520679694938845	0.07324139620853831	0.018684603886397606	37366.0	1685.0	1605.0	1451.0	92.0	3888.0	138.0	93.0	163.0	3012.0	55.0	93.0	82.0	273.0	4.0
3	1	7	-74.81054178832495	1.0	0.5048058439061899	37366.0	1605.0	3888.0	163.0	93.0	1685.0	1451.0	92.0	138.0	3012.0	82.0	93.0	273.0	55.0	4.0
1	3	8	-0.25033193827435096	0.5988346151580897	-0.49999999999999994	36110.0	2861.0	2855.0	248.0	125.0	3682.0	269.0	193.0	276.0	2834.0	122.0	167.0	91.0	158.0	9.0
1	8	3	-0.33377591769913423	0.6307256036174156	0.2	36110.0	2855.0	2861.0	248.0	125.0	3682.0	276.0	167.0	269.0	2834.0	91.0	193.0	122.0	158.0	9.0
3	1	8	1.001327753097407	0.15833420025482803	0.5714285714285715	36110.0	2861.0	3682.0	269.0	193.0	2855.0	248.0	125.0	276.0	2834.0	122.0	167.0	158.0	91.0	9.0
1	3	9	0.7296233325586264	0.23281015880611244	0.9364406779661016	36394.0	2577.0	2867.0	232.0	129.0	3786.0	217.0	141.0	438.0	2662.0	132.0	176.0	97.0	147.0	5.0
1	9	3	-10.020160433805136	1.0	0.5175644028103044	36394.0	2867.0	2577.0	232.0	129.0	3786.0	438.0	176.0	217.0	2662.0	97.0	141.0	132.0	147.0	5.0
3	1	9	-0.6801013869098509	0.7517799340503752	1.0785340314136125	36394.0	2577.0	3786.0	217.0	141.0	2867.0	232.0	129.0	438.0	2662.0	132.0	176.0	147.0	97.0	5.0
1	4	5	0.0637671164042518	0.47457776144084796	0.0	37617.0	1518.0	1436.0	1539.0	89.0	3904.0	123.0	94.0	123.0	3034.0	60.0	106.0	64.0	289.0	4.0
1	5	4	0.0637671164042518	0.47457776144084796	0.0	37617.0	1436.0	1518.0	1539.0	89.0	3904.0	123.0	106.0	123.0	3034.0	64.0	94.0	60.0	289.0	4.0
4	1	5	-90.26251839350098	1.0	0.5	37617.0	1518.0	3904.0	123.0	94.0	1436.0	1539.0	89.0	123.0	3034.0	60.0	106.0	289.0	64.0	4.0
1	4	6	-99999.9	1.0	-0.01466275659824047	37645.0	1490.0	1443.0	1532.0	89.0	3892.0	148.0	81.0	128.0	3012.0	77.0	105.0	66.0	284.0	8.0
1	6	4	1.2109237345956274	0.11296238362602451	0.014044943820224719	37645.0	1443.0	1490.0	1532.0	89.0	3892.0	128.0	105.0	148.0	3012.0	66.0	81.0	77.0	284.0	8.0
4	1	6	-83.79592243401751	1.0	0.503586800573888	37645.0	1490.0	3892.0	148.0	81.0	1443.0	1532.0	89.0	128.0	3012.0	77.0	105.0	284.0	66.0	8.0
1	4	7	-99999.9	1.0	-0.016046681254558715	37616.0	1519.0	1435.0	1540.0	89.0	3889.0	147.0	85.0	125.0	3017.0	75.0	105.0	66.0	283.0	9.0
1	7	4	1.342327037300019	0.08974505427835644	0.015309672929714684	37616.0	1435.0	1519.0	1540.0	89.0	3889.0	125.0	105.0	147.0	3017.0	66.0	85.0	75.0	283.0	9.0
4	1	7	-84.99370740722392	1.0	0.503917378917379	37616.0	1519.0	3889.0	147.0	85.0	1435.0	1540.0	89.0	125.0	3017.0	75.0	105.0	283.0	66.0	9.0
1	4	8	-0.0415611960745062	0.5165758092195911	1.125	36294.0	2841.0	2671.0	257.0	136.0	3679.0	258.0	184.0	267.0	2823.0	127.0	179.0	113.0	157.0	14.0
1	8	4	-0.4156119607450602	0.6611529710707329	0.4736842105263158	36294.0	2671.0	2841.0	257.0	136.0	3679.0	267.0	179.0	258.0	2823.0	113.0	184.0	127.0	157.0	14.0
4	1	8	0.04617910674945135	0.4815836819644407	0.9090909090909091	36294.0	2841.0	3679.0	258.0	184.0	2671.0	257.0	136.0	267.0	2823.0	127.0	179.0	157.0	113.0	14.0
1	4	9	0.24351722021196828	0.40380242537343536	0.9773755656108597	36525.0	2610.0	2736.0	218.0	110.0	3766.0	213.0	142.0	429.0	2661.0	127.0	205.0	102.0	148.0	8.0
1	9	4	-10.276426692945032	1.0	0.5058548009367682	36525.0	2736.0	2610.0	218.0	110.0	3766.0	429.0	205.0	213.0	2661.0	102.0	142.0	127.0	148.0	8.0
4	1	9	-0.23788024752187642	0.5940129628351287	1.0242718446601942	36525.0	2610.0	3766.0	213.0	142.0	2736.0	218.0	110.0	429.0	2661.0	127.0	205.0	148.0	102.0	8.0
1	5	6	-99999.9	1.0	-0.01218769043266301	37806.0	1247.0	1282.0	1778.0	86.0	3950.0	117.0	66.0	97.0	3064.0	60.0	78.0	45.0	321.0	3.0
1	6	5	1.373423965312519	0.08481035131919779	0.011757789535567312	37806.0	1282.0	1247.0	1778.0	86.0	3950.0	97.0	78.0	117.0	3064.0	45.0	66.0	60.0	321.0	3.0
5	1	6	-114.06286031920472	1.0	0.5029922202274086	37806.0	1247.0	3950.0	117.0	66.0	1282.0	1778.0	86.0	97.0	3064.0	60.0	78.0	321.0	45.0	3.0
1	5	7	-99999.9	1.0	-0.014067278287461772	37766.0	1287.0	1285.0	1775.0	86.0	3948.0	117.0	68.0	94.0	3068.0	59.0	77.0	45.0	321.0	4.0
1	7	5	1.5914144391621834	0.05575817068295885	0.013497652582159625	37766.0	1285.0	1287.0	1775.0	86.0	3948.0	94.0	77.0	117.0	3068.0	45.0	68.0	59.0	321.0	4.0
5	1	7	-114.72022348395217	1.0	0.5034441449535789	37766.0	1287.0	3948.0	117.0	68.0	1285.0	1775.0	86.0	94.0	3068.0	59.0	77.0	321.0	45.0	4.0
1	5	8	0.5413414139058537	0.2941361173417618	0.48000000000000004	36204.0	2849.0	2761.0	265.0	120.0	3695.0	252.0	186.0	264.0	2840.0	117.0	166.0	102.0	168.0	11.0
1	8	5	-99999.9	1.0	1.0909090909090908	36204.0	2761.0	2849.0	265.0	120.0	3695.0	264.0	166.0	252.0	2840.0	102.0	186.0	117.0	168.0	11.0
5	1	8	-0.04511178449215462	0.5179909608895601	0.07142857142857144	36204.0	2849.0	3695.0	252.0	186.0	2761.0	265.0	120.0	264.0	2840.0	117.0	166.0	168.0	102.0	11.0
1	5	9	1.0993684851362884	0.13580372970726917	0.907563025210084	36459.0	2594.0	2802.0	229.0	115.0	3791.0	207.0	135.0	423.0	2672.0	126.0	186.0	97.0	154.0	10.0
1	9	5	-9.694431187110919	1.0	0.526829268292683	36459.0	2802.0	2594.0	229.0	115.0	3791.0	423.0	186.0	207.0	2672.0	97.0	135.0	126.0	154.0	10.0
5	1	9	-0.9873957690575925	0.8382756661575692	1.127906976744186	36459.0	2594.0	3791.0	207.0	135.0	2802.0	229.0	115.0	423.0	2672.0	126.0	186.0	154.0	97.0	10.0
1	6	7	-99999.9	1.0	-0.000667779632721202	38961.0	127.0	90.0	3011.0	10.0	4099.0	14.0	12.0	12.0	3207.0	7.0	8.0	9.0	432.0	1.0
1	7	6	0.39159064396571924	0.34768040361215935	0.0006664445184938353	38961.0	90.0	127.0	3011.0	10.0	4099.0	12.0	8.0	14.0	3207.0	9.0	12.0	7.0	432.0	1.0
6	1	7	-586.7985799826187	1.0	0.5001667778519013	38961.0	127.0	4099.0	14.0	12.0	90.0	3011.0	10.0	12.0	3207.0	7.0	8.0	432.0	9.0	1.0
1	6	8	0.4915705610446571	0.31151148257794725	0.7142857142857143	36235.0	2853.0	2730.0	273.0	108.0	3680.0	263.0	182.0	288.0	2813.0	125.0	157.0	118.0	165.0	10.0
1	8	6	-0.7373558415669835	0.7695470779516156	0.625	36235.0	2730.0	2853.0	273.0	108.0	3680.0	288.0	157.0	263.0	2813.0	118.0	182.0	125.0	165.0	10.0
6	1	8	-0.2949423366267939	0.6159809673979256	3.0	36235.0	2853.0	3680.0	263.0	182.0	2730.0	273.0	108.0	288.0	2813.0	125.0	157.0	165.0	118.0	10.0
1	6	9	0.6348187631935126	0.2627732534867777	0.9473684210526315	36490.0	2598.0	2771.0	227.0	113.0	3783.0	214.0	128.0	448.0	2650.0	128.0	169.0	112.0	160.0	9.0
1	9	6	-10.791918974289723	1.0	0.5142857142857143	36490.0	2771.0	2598.0	227.0	113.0	3783.0	448.0	169.0	214.0	2650.0	112.0	128.0	128.0	160.0	9.0
6	1	9	-0.5995510541272063	0.7255973101321915	1.0625	36490.0	2598.0	3783.0	214.0	128.0	2771.0	227.0	113.0	448.0	2650.0	128.0	169.0	160.0	112.0	9.0
1	7	8	0.6400175723213245	0.2610805275838596	0.6666666666666666	36199.0	2852.0	2766.0	275.0	107.0	3675.0	262.0	182.0	288.0	2816.0	126.0	162.0	116.0	164.0	10.0
1	8	7	-0.6400175723213266	0.738919472416141	0.6666666666666666	36199.0	2766.0	2852.0	275.0	107.0	3675.0	288.0	162.0	262.0	2816.0	116.0	182.0	126.0	164.0	10.0
7	1	8	-0.3200087861606628	0.6255190960990071	-inf	36199.0	2852.0	3675.0	262.0	182.0	2766.0	275.0	107.0	288.0	2816.0	126.0	162.0	164.0	116.0	10.0
1	7	9	1.1354126548163224	0.12810128336398596	0.9115384615384615	36459.0	2592.0	2802.0	234.0	112.0	3781.0	211.0	127.0	448.0	2652.0	130.0	171.0	113.0	157.0	11.0
1	9	7	-10.564274266551863	1.0	0.5254988913525499	36459.0	2802.0	2592.0	234.0	112.0	3781.0	448.0	171.0	211.0	2652.0	113.0	127.0	130.0	157.0	11.0
7	1	9	-1.0252249288214892	0.847371446404613	1.1204188481675392	36459.0	2592.0	3781.0	211.0	127.0	2802.0	234.0	112.0	448.0	2652.0	130.0	171.0	157.0	113.0	11.0
1	8	9	0.5291711454058499	0.2983433488607403	0.9511111111111111	36382.0	2583.0	2879.0	232.0	123.0	3766.0	221.0	138.0	435.0	2636.0	123.0	199.0	119.0	155.0	9.0
1	9	8	-9.76561295612615	1.0	0.5131894484412469	36382.0	2879.0	2583.0	232.0	123.0	3766.0	435.0	199.0	221.0	2636.0	119.0	138.0	123.0	155.0	9.0
8	1	9	-0.5019707594270445	0.6921559576602726	1.0572916666666667	36382.0	2583.0	3766.0	221.0	138.0	2879.0	232.0	123.0	435.0	2636.0	123.0	199.0	155.0	119.0	9.0
2	3	4	-99999.9	1.0	-0.008368200836820083	39436.0	1604.0	1741.0	375.0	47.0	1899.0	134.0	42.0	132.0	4239.0	101.0	48.0	84.0	116.0	2.0
2	4	3	0.12310065658860235	0.4510136553313243	0.00816326530612245	39436.0	1741.0	1604.0	375.0	47.0	1899.0	132.0	48.0	134.0	4239.0	84.0	42.0	101.0	116.0	2.0
3	2	4	-14.833629118926545	1.0	0.5020661157024793	39436.0	1604.0	1899.0	134.0	42.0	1741.0	375.0	47.0	132.0	4239.0	101.0	48.0	116.0	84.0	2.0
2	3	5	-99999.9	1.0	-0.06986899563318778	39392.0	1648.0	1725.0	385.0	53.0	1894.0	140.0	41.0	124.0	4268.0	80.0	51.0	81.0	117.0	1.0
2	5	3	1.0103055598075452	0.15617447298548337	0.057761732851985555	39392.0	1725.0	1648.0	385.0	53.0	1894.0	124.0	51.0	140.0	4268.0	81.0	41.0	80.0	117.0	1.0
3	2	5	-15.470303884553042	1.0	0.5158102766798419	39392.0	1648.0	1894.0	140.0	41.0	1725.0	385.0	53.0	124.0	4268.0	80.0	51.0	117.0	81.0	1.0
2	3	6	-99999.9	1.0	-0.06976744186046512	39398.0	1642.0	1747.0	370.0	46.0	1891.0	140.0	44.0	125.0	4251.0	96.0	52.0	86.0	110.0	2.0
2	6	3	0.9455800664753059	0.1721813960576527	0.05769230769230769	39398.0	1747.0	1642.0	370.0	46.0	1891.0	125.0	52.0	140.0	4251.0	86.0	44.0	96.0	110.0	2.0
3	2	6	-14.498894352621337	1.0	0.5157894736842106	39398.0	1642.0	1891.0	140.0	44.0	1747.0	370.0	46.0	125.0	4251.0	96.0	52.0	110.0	86.0	2.0
2	3	7	-99999.9	1.0	-0.0900473933649289	39362.0	1678.0	1741.0	371.0	51.0	1892.0	141.0	42.0	122.0	4255.0	95.0	53.0	85.0	110.0	2.0
2	7	3	1.208097720582656	0.11350490392872326	0.0708955223880597	39362.0	1741.0	1678.0	371.0	51.0	1892.0	122.0	53.0	141.0	4255.0	85.0	42.0	95.0	110.0	2.0
3	2	7	-14.624340828105828	1.0	0.5198329853862214	39362.0	1678.0	1892.0	141.0	42.0	1741.0	371.0	51.0	122.0	4255.0	95.0	53.0	110.0	85.0	2.0
2	3	8	-0.789374990568672	0.785053627857942	1.013170272812794	37957.0	3083.0	1940.0	148.0	75.0	1835.0	162.0	78.0	1239.0	3022.0	211.0	119.0	59.0	70.0	2.0
2	8	3	-61.51486533645858	1.0	0.49677121771217714	37957.0	1940.0	3083.0	148.0	75.0	1835.0	1239.0	119.0	162.0	3022.0	59.0	78.0	211.0	70.0	2.0
3	2	8	0.7996361325073548	0.2119607631906948	0.9873303167420815	37957.0	3083.0	1835.0	162.0	78.0	1940.0	148.0	75.0	1239.0	3022.0	211.0	119.0	70.0	59.0	2.0
2	3	9	0.7149695904887148	0.23731384758484275	0.9907692307692307	38306.0	2734.0	1928.0	148.0	87.0	1874.0	136.0	65.0	1424.0	2839.0	209.0	129.0	63.0	54.0	4.0
2	9	3	-76.02509978863345	1.0	0.5023400936037442	38306.0	1928.0	2734.0	148.0	87.0	1874.0	1424.0	129.0	136.0	2839.0	63.0	65.0	209.0	54.0	4.0
3	2	9	-0.7083083831239131	0.7606231831299862	1.009493670886076	38306.0	2734.0	1874.0	136.0	65.0	1928.0	148.0	87.0	1424.0	2839.0	209.0	129.0	54.0	63.0	4.0
2	4	5	-99999.9	1.0	-0.03323262839879154	39607.0	1570.0	1510.0	466.0	50.0	1914.0	124.0	41.0	113.0	4271.0	73.0	42.0	94.0	125.0	0.0
2	5	4	0.7243480426381743	0.2344259752638178	0.03021978021978022	39607.0	1510.0	1570.0	466.0	50.0	1914.0	113.0	42.0	124.0	4271.0	94.0	41.0	73.0	125.0	0.0
4	2	5	-22.520639143841404	1.0	0.5079136690647482	39607.0	1570.0	1914.0	124.0	41.0	1510.0	466.0	50.0	113.0	4271.0	73.0	42.0	125.0	94.0	0.0
2	4	6	-99999.9	1.0	-0.04166666666666667	39622.0	1555.0	1523.0	450.0	53.0	1915.0	125.0	39.0	112.0	4257.0	88.0	41.0	95.0	121.0	4.0
2	6	4	0.8584790433023947	0.19531395496559922	0.037037037037037035	39622.0	1523.0	1555.0	450.0	53.0	1915.0	112.0	41.0	125.0	4257.0	95.0	39.0	88.0	121.0	4.0
4	2	6	-21.461976082559882	1.0	0.5098039215686274	39622.0	1555.0	1915.0	125.0	39.0	1523.0	450.0	53.0	112.0	4257.0	88.0	41.0	121.0	95.0	4.0
2	4	7	-99999.9	1.0	-0.05063291139240507	39589.0	1588.0	1514.0	457.0	55.0	1916.0	125.0	38.0	109.0	4262.0	86.0	42.0	94.0	121.0	4.0
2	7	4	1.0660294084531334	0.14320520785305102	0.04395604395604396	39589.0	1514.0	1588.0	457.0	55.0	1916.0	109.0	42.0	125.0	4262.0	94.0	38.0	86.0	121.0	4.0
4	2	7	-22.120110225402524	1.0	0.511764705882353	39589.0	1588.0	1916.0	125.0	38.0	1514.0	457.0	55.0	109.0	4262.0	86.0	42.0	121.0	94.0	4.0
2	4	8	0.17198501896563467	0.43172465538958127	0.997229916897507	38119.0	3058.0	1778.0	154.0	94.0	1854.0	151.0	74.0	1231.0	3013.0	213.0	108.0	79.0	70.0	4.0
2	8	4	-61.74262180866265	1.0	0.5006954102920723	38119.0	1778.0	3058.0	154.0	94.0	1854.0	1231.0	108.0	151.0	3013.0	79.0	74.0	213.0	70.0	4.0
4	2	8	-0.17150728280184122	0.5680875461218922	1.0027932960893855	38119.0	3058.0	1854.0	151.0	74.0	1778.0	154.0	94.0	1231.0	3013.0	213.0	108.0	70.0	79.0	4.0
2	4	9	0.06313116843658143	0.4748309578035038	0.9992242048099301	38397.0	2780.0	1837.0	126.0	63.0	1894.0	125.0	60.0	1413.0	2839.0	205.0	120.0	74.0	62.0	5.0
2	9	4	-81.24981377788004	1.0	0.5001941747572815	38397.0	1837.0	2780.0	126.0	63.0	1894.0	1413.0	120.0	125.0	2839.0	74.0	60.0	205.0	62.0	5.0
4	2	9	-0.06308215355425488	0.525149526984608	1.000777604976672	38397.0	2780.0	1894.0	125.0	60.0	1837.0	126.0	63.0	1413.0	2839.0	205.0	120.0	62.0	74.0	5.0
2	5	6	0.07277881920224424	0.4709909942537902	0.0016313213703099511	39817.0	1300.0	1328.0	706.0	52.0	1939.0	94.0	36.0	95.0	4319.0	75.0	34.0	64.0	138.0	3.0
2	6	5	-99999.9	1.0	-0.001639344262295082	39817.0	1328.0	1300.0	706.0	52.0	1939.0	95.0	34.0	94.0	4319.0	64.0	36.0	75.0	138.0	3.0
5	2	6	-44.46785853257111	1.0	0.49959116925592806	39817.0	1300.0	1939.0	94.0	36.0	1328.0	706.0	52.0	95.0	4319.0	75.0	34.0	138.0	64.0	3.0
2	5	7	-99999.9	1.0	-0.00662251655629139	39773.0	1344.0	1330.0	703.0	53.0	1941.0	95.0	33.0	91.0	4323.0	75.0	35.0	63.0	138.0	3.0
2	7	5	0.2941305865037136	0.38432912732239544	0.006493506493506494	39773.0	1330.0	1344.0	703.0	53.0	1941.0	91.0	35.0	95.0	4323.0	63.0	33.0	75.0	138.0	3.0
5	2	7	-44.70784914856449	1.0	0.5016393442622951	39773.0	1344.0	1941.0	95.0	33.0	1330.0	703.0	53.0	91.0	4323.0	75.0	35.0	138.0	63.0	3.0
2	5	8	1.5306246477690695	0.06293111398902662	0.9769707705934455	38042.0	3075.0	1855.0	160.0	71.0	1857.0	134.0	78.0	1237.0	3043.0	209.0	99.0	66.0	70.0	4.0
2	8	5	-63.40318252489568	1.0	0.5059633027522935	38042.0	1855.0	3075.0	160.0	71.0	1857.0	1237.0	99.0	134.0	3043.0	66.0	78.0	209.0	70.0	4.0
5	2	8	-1.4945446470057007	0.93248330797545	1.0247383444338725	38042.0	3075.0	1857.0	134.0	78.0	1855.0	160.0	71.0	1237.0	3043.0	209.0	99.0	70.0	66.0	4.0
2	5	9	1.3951178893197071	0.08149020173405064	0.9834834834834835	38359.0	2758.0	1875.0	137.0	74.0	1891.0	115.0	63.0	1425.0	2860.0	204.0	111.0	63.0	58.0	7.0
2	9	5	-81.67781097471729	1.0	0.5042340261739799	38359.0	1875.0	2758.0	137.0	74.0	1891.0	1425.0	111.0	115.0	2860.0	63.0	63.0	204.0	58.0	7.0
5	2	9	-1.3716884285830402	0.9149197141672011	1.0173775671406002	38359.0	2758.0	1891.0	115.0	63.0	1875.0	137.0	74.0	1425.0	2860.0	204.0	111.0	58.0	63.0	7.0
2	6	7	-99999.9	1.0	-0.0015447991761071062	41013.0	132.0	90.0	1961.0	7.0	2047.0	16.0	5.0	13.0	4455.0	9.0	7.0	10.0	234.0	1.0
2	7	6	0.5564676528666956	0.288945570709487	0.0015376729882111738	41013.0	90.0	132.0	1961.0	7.0	2047.0	13.0	7.0	16.0	4455.0	10.0	5.0	9.0	234.0	1.0
6	2	7	-360.7765282752402	1.0	0.5003853069612125	41013.0	132.0	2047.0	16.0	5.0	90.0	1961.0	7.0	13.0	4455.0	9.0	7.0	234.0	10.0	1.0
2	6	8	0.9611916554477189	0.16822790027519152	0.9848214285714286	38073.0	3072.0	1824.0	167.0	67.0	1842.0	150.0	76.0	1253.0	3015.0	209.0	98.0	78.0	69.0	7.0
2	8	6	-61.4031845774248	1.0	0.5038830516217451	38073.0	1824.0	3072.0	167.0	67.0	1842.0	1253.0	98.0	150.0	3015.0	78.0	76.0	209.0	69.0	7.0
6	2	8	-0.9463772781652066	0.8280219160629493	1.0159027128157156	38073.0	3072.0	1842.0	150.0	76.0	1824.0	167.0	67.0	1253.0	3015.0	209.0	98.0	69.0	78.0	7.0
2	6	9	1.1785707827494358	0.11928462759860836	0.9857357357357357	38389.0	2756.0	1845.0	141.0	72.0	1884.0	122.0	62.0	1435.0	2836.0	206.0	108.0	80.0	60.0	4.0
2	9	6	-80.26687330935624	1.0	0.5036440352896049	38389.0	1845.0	2756.0	141.0	72.0	1884.0	1435.0	108.0	122.0	2836.0	80.0	62.0	206.0	60.0	4.0
6	2	9	-1.1615160646441507	0.8772838940953194	1.0149019607843137	38389.0	2756.0	1884.0	122.0	62.0	1845.0	141.0	72.0	1435.0	2836.0	206.0	108.0	60.0	80.0	4.0
2	7	8	1.1964650546783095	0.11575762822403657	0.9813829787234043	38030.0	3073.0	1867.0	167.0	66.0	1844.0	146.0	77.0	1253.0	3019.0	209.0	96.0	78.0	69.0	6.0
2	8	7	-61.87433568479263	1.0	0.5047879616963065	38030.0	1867.0	3073.0	167.0	66.0	1844.0	1253.0	96.0	146.0	3019.0	78.0	77.0	209.0	69.0	6.0
7	2	8	-1.1737678856193718	0.8797559336715893	1.019718309859155	38030.0	3073.0	1844.0	146.0	77.0	1867.0	167.0	66.0	1253.0	3019.0	209.0	96.0	69.0	78.0	6.0
2	7	9	1.8029924227559893	0.03569464947540757	0.9785025945144552	38353.0	2750.0	1881.0	146.0	73.0	1887.0	117.0	63.0	1437.0	2838.0	206.0	103.0	83.0	59.0	4.0
2	9	7	-80.26424888889588	1.0	0.5055534278054385	38353.0	1881.0	2750.0	146.0	73.0	1887.0	1437.0	103.0	117.0	2838.0	83.0	63.0	206.0	59.0	4.0
7	2	9	-1.7633812255893802	0.9610819378362949	1.0229793977812995	38353.0	2750.0	1887.0	117.0	63.0	1881.0	146.0	73.0	1437.0	2838.0	206.0	103.0	59.0	83.0	4.0
2	8	9	0.09974105746169706	0.46027489467260363	0.99	37253.0	2644.0	2981.0	204.0	121.0	2895.0	202.0	96.0	400.0	2717.0	126.0	132.0	119.0	102.0	8.0
2	9	8	-9.774623631246282	1.0	0.5025380710659898	37253.0	2981.0	2644.0	204.0	121.0	2895.0	400.0	132.0	202.0	2717.0	119.0	96.0	126.0	102.0	8.0
8	2	9	-0.09873357203279104	0.5393251516658844	1.0103092783505154	37253.0	2644.0	2895.0	202.0	96.0	2981.0	204.0	121.0	400.0	2717.0	126.0	132.0	102.0	119.0	8.0
3	4	5	-99999.9	1.0	-0.13043478260869568	39773.0	1562.0	1513.0	230.0	37.0	1748.0	126.0	47.0	114.0	4540.0	76.0	38.0	104.0	92.0	0.0
3	5	4	0.8086983235936074	0.20934428833833474	0.09375	39773.0	1513.0	1562.0	230.0	37.0	1748.0	114.0	38.0	126.0	4540.0	104.0	47.0	76.0	92.0	0.0
4	3	5	-7.008718804477939	0.9999999999987896	0.5272727272727272	39773.0	1562.0	1748.0	126.0	47.0	1513.0	230.0	37.0	114.0	4540.0	76.0	38.0	92.0	104.0	0.0
3	4	6	0.0653914502146738	0.4739310959665911	0.0	39765.0	1570.0	1524.0	221.0	35.0	1772.0	118.0	31.0	118.0	4512.0	100.0	34.0	101.0	95.0	4.0
3	6	4	0.0653914502146738	0.4739310959665911	0.0	39765.0	1524.0	1570.0	221.0	35.0	1772.0	118.0	34.0	118.0	4512.0	101.0	31.0	100.0	95.0	4.0
4	3	6	-6.703308873366774	0.999999999989756	0.5	39765.0	1570.0	1772.0	118.0	31.0	1524.0	221.0	35.0	118.0	4512.0	100.0	34.0	95.0	101.0	4.0
3	4	7	-99999.9	1.0	-0.018518518518518517	39737.0	1598.0	1517.0	226.0	37.0	1768.0	116.0	37.0	114.0	4519.0	97.0	34.0	101.0	95.0	4.0
3	7	4	0.1329982346419853	0.4470973562297347	0.017543859649122806	39737.0	1517.0	1598.0	226.0	37.0	1768.0	114.0	34.0	116.0	4519.0	101.0	37.0	97.0	95.0	4.0
4	3	7	-7.31490290530917	0.9999999999998702	0.5045045045045045	39737.0	1598.0	1768.0	116.0	37.0	1517.0	226.0	37.0	114.0	4519.0	97.0	34.0	95.0	101.0	4.0
3	4	8	1.3667514062506305	0.0858516799812441	0.9846491228070176	38227.0	3108.0	1565.0	130.0	85.0	1746.0	109.0	66.0	1456.0	3051.0	223.0	96.0	80.0	56.0	2.0
3	8	4	-86.30058879468264	1.0	0.5039281705948373	38227.0	1565.0	3108.0	130.0	85.0	1746.0	1456.0	96.0	109.0	3051.0	80.0	66.0	223.0	56.0	2.0
4	3	8	-1.3454434778681044	0.9107589050484637	1.0160919540229885	38227.0	3108.0	1746.0	109.0	66.0	1565.0	130.0	85.0	1456.0	3051.0	223.0	96.0	56.0	80.0	2.0
3	4	9	-0.5236448108663785	0.6997372099326169	1.005252790544977	38563.0	2772.0	1617.0	112.0	51.0	1728.0	120.0	73.0	1651.0	2854.0	225.0	102.0	67.0	61.0	4.0
3	9	4	-100.73617049041965	1.0	0.4986970684039088	38563.0	1617.0	2772.0	112.0	51.0	1728.0	1651.0	102.0	120.0	2854.0	67.0	73.0	225.0	61.0	4.0
4	3	9	0.5263810345678357	0.2993117297625504	0.9948287007110537	38563.0	2772.0	1728.0	120.0	73.0	1617.0	112.0	51.0	1651.0	2854.0	225.0	102.0	61.0	67.0	4.0
3	5	6	0.7415753319580954	0.22917226840701443	0.025706940874035994	39969.0	1317.0	1320.0	467.0	42.0	1787.0	88.0	25.0	98.0	4582.0	90.0	39.0	61.0	114.0	1.0
3	6	5	-99999.9	1.0	-0.02785515320334262	39969.0	1320.0	1317.0	467.0	42.0	1787.0	98.0	39.0	88.0	4582.0	61.0	25.0	90.0	114.0	1.0
5	3	6	-27.364129749253713	1.0	0.4933155080213904	39969.0	1317.0	1787.0	88.0	25.0	1320.0	467.0	42.0	98.0	4582.0	90.0	39.0	114.0	61.0	1.0
3	5	7	0.44549434276643185	0.32798130134886017	0.015748031496062992	39932.0	1354.0	1322.0	464.0	43.0	1782.0	89.0	29.0	95.0	4586.0	89.0	39.0	61.0	114.0	1.0
3	7	5	-99999.9	1.0	-0.01652892561983471	39932.0	1322.0	1354.0	464.0	43.0	1782.0	95.0	39.0	89.0	4586.0	61.0	29.0	89.0	114.0	1.0
5	3	7	-27.397902080135584	1.0	0.4959677419354839	39932.0	1354.0	1782.0	89.0	29.0	1322.0	464.0	43.0	95.0	4586.0	89.0	39.0	114.0	61.0	1.0
3	5	8	2.485440870562441	0.006469565782561748	0.9729921819474058	38168.0	3118.0	1624.0	138.0	67.0	1731.0	100.0	69.0	1469.0	3080.0	221.0	98.0	60.0	55.0	2.0
3	8	5	-87.05583680838434	1.0	0.507037037037037	38168.0	1624.0	3118.0	138.0	67.0	1731.0	1469.0	98.0	100.0	3080.0	60.0	69.0	221.0	55.0	2.0
5	3	8	-2.416451277369327	0.992163691312044	1.0293890177880898	38168.0	3118.0	1731.0	100.0	69.0	1624.0	138.0	67.0	1469.0	3080.0	221.0	98.0	55.0	60.0	2.0
3	5	9	1.0039290689802747	0.15770641339655778	0.9904701397712834	38531.0	2755.0	1649.0	120.0	60.0	1719.0	105.0	76.0	1664.0	2879.0	227.0	98.0	57.0	56.0	4.0
3	9	5	-103.33776550036968	1.0	0.5024170157911698	38531.0	1649.0	2755.0	120.0	60.0	1719.0	1664.0	98.0	105.0	2879.0	57.0	76.0	227.0	56.0	4.0
5	3	9	-0.99426971296058	0.8399542040083469	1.0098103335513406	38531.0	2755.0	1719.0	105.0	76.0	1649.0	120.0	60.0	1664.0	2879.0	227.0	98.0	56.0	57.0	4.0
3	6	7	-99999.9	1.0	-0.0011737089201877935	41154.0	135.0	100.0	1718.0	8.0	1906.0	12.0	6.0	10.0	4713.0	8.0	0.0	11.0	219.0	0.0
3	7	6	0.4256395120045534	0.3351853098372355	0.0011695906432748538	41154.0	100.0	135.0	1718.0	8.0	1906.0	10.0	0.0	12.0	4713.0	11.0	6.0	8.0	219.0	0.0
6	3	7	-363.0705037398859	1.0	0.5002929115407148	41154.0	135.0	1906.0	12.0	6.0	100.0	1718.0	8.0	10.0	4713.0	8.0	0.0	219.0	11.0	0.0
3	6	8	2.1779771176994287	0.014703818410668479	0.9747109826589595	38176.0	3113.0	1616.0	149.0	61.0	1739.0	114.0	71.0	1463.0	3049.0	219.0	96.0	77.0	53.0	4.0
3	8	6	-81.76748379020137	1.0	0.50657153586181	38176.0	1616.0	3113.0	149.0	61.0	1739.0	1463.0	96.0	114.0	3049.0	77.0	71.0	219.0	53.0	4.0
6	3	8	-2.1214691865508146	0.9830588907757705	1.0273651290070367	38176.0	3113.0	1739.0	114.0	71.0	1616.0	149.0	61.0	1463.0	3049.0	219.0	96.0	53.0	77.0	4.0
3	6	9	0.5154006876071086	0.30313651640498296	0.9948220064724919	38544.0	2745.0	1636.0	125.0	65.0	1729.0	117.0	78.0	1654.0	2852.0	225.0	98.0	72.0	60.0	0.0
3	9	6	-98.50595641890868	1.0	0.5013046314416179	38544.0	1636.0	2745.0	125.0	65.0	1729.0	1654.0	98.0	117.0	2852.0	72.0	78.0	225.0	60.0	0.0
6	3	9	-0.5127180555310794	0.6959257293251542	1.00525969756739	38544.0	2745.0	1729.0	117.0	78.0	1636.0	125.0	65.0	1654.0	2852.0	225.0	98.0	60.0	72.0	0.0
3	7	8	2.446775677753086	0.00720702946315499	0.9719827586206896	38139.0	3115.0	1653.0	149.0	59.0	1735.0	110.0	71.0	1463.0	3053.0	220.0	100.0	77.0	53.0	3.0
3	8	7	-82.43751898891163	1.0	0.5073115860517435	38139.0	1653.0	3115.0	149.0	59.0	1735.0	1463.0	100.0	110.0	3053.0	77.0	71.0	220.0	53.0	3.0
7	3	8	-2.3762477757335954	0.9912551549589107	1.0305882352941176	38139.0	3115.0	1735.0	110.0	71.0	1653.0	149.0	59.0	1463.0	3053.0	220.0	100.0	53.0	77.0	3.0
3	7	9	1.1625619732940602	0.12250369247158144	0.9884615384615385	38514.0	2740.0	1666.0	130.0	65.0	1726.0	112.0	78.0	1654.0	2855.0	227.0	101.0	74.0	58.0	0.0
3	9	7	-98.43024707223034	1.0	0.50293542074364	38514.0	1666.0	2740.0	130.0	65.0	1726.0	1654.0	101.0	112.0	2855.0	74.0	78.0	227.0	58.0	0.0
7	3	9	-1.1489912109598883	0.8747201411803529	1.0119521912350598	38514.0	2740.0	1726.0	112.0	78.0	1666.0	130.0	65.0	1654.0	2855.0	227.0	101.0	58.0	74.0	0.0
3	8	9	-0.1906187736115932	0.5755878421122326	1.023391812865497	37188.0	2604.0	2992.0	213.0	118.0	2960.0	217.0	121.0	392.0	2712.0	136.0	129.0	112.0	98.0	8.0
3	9	8	-8.530190119118775	1.0	0.4943502824858757	37188.0	2992.0	2604.0	213.0	118.0	2960.0	392.0	129.0	217.0	2712.0	112.0	121.0	136.0	98.0	8.0
8	3	9	0.19497577415128678	0.4227059775102098	0.9781420765027322	37188.0	2604.0	2960.0	217.0	121.0	2992.0	213.0	118.0	392.0	2712.0	136.0	129.0	98.0	112.0	8.0
4	5	6	0.864457757956895	0.19366819611773356	0.04225352112676056	40212.0	1309.0	1325.0	366.0	44.0	1544.0	94.0	27.0	106.0	4672.0	84.0	26.0	62.0	125.0	4.0
4	6	5	-99999.9	1.0	-0.048387096774193554	40212.0	1325.0	1309.0	366.0	44.0	1544.0	106.0	26.0	94.0	4672.0	62.0	27.0	84.0	125.0	4.0
5	4	6	-18.729918089066043	1.0	0.48872180451127817	40212.0	1309.0	1544.0	94.0	27.0	1325.0	366.0	44.0	106.0	4672.0	84.0	26.0	125.0	62.0	4.0
4	5	7	0.14121190297306316	0.44385124655953	0.007604562737642585	40177.0	1344.0	1328.0	361.0	46.0	1537.0	100.0	28.0	102.0	4678.0	82.0	26.0	62.0	125.0	4.0
4	7	5	-99999.9	1.0	-0.007782101167315175	40177.0	1328.0	1344.0	361.0	46.0	1537.0	102.0	26.0	100.0	4678.0	62.0	28.0	82.0	125.0	4.0
5	4	7	-18.28694143501164	1.0	0.49807692307692314	40177.0	1344.0	1537.0	100.0	28.0	1328.0	361.0	46.0	102.0	4678.0	82.0	26.0	125.0	62.0	4.0
4	5	8	1.380927077433905	0.08365074987959553	0.9863667348329925	38411.0	3110.0	1562.0	116.0	57.0	1488.0	96.0	81.0	1543.0	3084.0	235.0	86.0	57.0	73.0	1.0
4	8	5	-98.52914697490904	1.0	0.5034794711203897	38411.0	1562.0	3110.0	116.0	57.0	1488.0	1543.0	86.0	96.0	3084.0	57.0	81.0	235.0	73.0	1.0
5	4	8	-1.361840317552303	0.9133757963520921	1.0142146410803128	38411.0	3110.0	1488.0	96.0	81.0	1562.0	116.0	57.0	1543.0	3084.0	235.0	86.0	73.0	57.0	1.0
4	5	9	1.3112122947685774	0.0948930919455	0.9892857142857143	38719.0	2802.0	1572.0	104.0	59.0	1531.0	86.0	48.0	1748.0	2886.0	228.0	91.0	55.0	65.0	6.0
4	9	5	-119.75738958886339	1.0	0.5027223230490018	38719.0	1572.0	2802.0	104.0	59.0	1531.0	1748.0	91.0	86.0	2886.0	55.0	48.0	228.0	65.0	6.0
5	4	9	-1.2970114395905783	0.9026863066277131	1.011070110701107	38719.0	2802.0	1531.0	86.0	48.0	1572.0	104.0	59.0	1748.0	2886.0	228.0	91.0	65.0	55.0	6.0
4	6	7	-99999.9	1.0	-0.005040957781978576	41407.0	130.0	98.0	1613.0	8.0	1653.0	18.0	5.0	10.0	4811.0	7.0	2.0	11.0	226.0	1.0
4	7	6	1.5107760822285992	0.06542278183084482	0.004965859714463066	41407.0	98.0	130.0	1613.0	8.0	1653.0	10.0	2.0	18.0	4811.0	11.0	5.0	7.0	226.0	1.0
6	4	7	-301.2109813943271	1.0	0.5012507817385867	41407.0	130.0	1653.0	18.0	5.0	98.0	1613.0	8.0	10.0	4811.0	7.0	2.0	226.0	11.0	1.0
4	6	8	0.9586178434228441	0.16887564369399954	0.9896049896049897	38435.0	3102.0	1538.0	131.0	50.0	1480.0	116.0	80.0	1544.0	3050.0	234.0	93.0	71.0	70.0	6.0
4	8	6	-90.3018008504319	1.0	0.5026399155227034	38435.0	1538.0	3102.0	131.0	50.0	1480.0	1544.0	93.0	116.0	3050.0	71.0	80.0	234.0	70.0	6.0
6	4	8	-0.9485483282608393	0.8285748194353433	1.0107296137339057	38435.0	3102.0	1480.0	116.0	80.0	1538.0	131.0	50.0	1544.0	3050.0	234.0	93.0	70.0	71.0	6.0
4	6	9	0.834533044026347	0.20199028616472892	0.9927404718693285	38741.0	2796.0	1550.0	110.0	59.0	1532.0	98.0	46.0	1739.0	2860.0	229.0	99.0	69.0	67.0	5.0
4	9	6	-113.28786072657677	1.0	0.501834862385321	38741.0	1550.0	2796.0	110.0	59.0	1532.0	1739.0	99.0	98.0	2860.0	69.0	46.0	229.0	67.0	5.0
6	4	9	-0.8284304257884942	0.7962866621608156	1.007421150278293	38741.0	2796.0	1532.0	98.0	46.0	1550.0	110.0	59.0	1739.0	2860.0	229.0	99.0	67.0	69.0	5.0
4	7	8	1.1629729979763073	0.12242028818462503	0.9876373626373627	38401.0	3104.0	1572.0	130.0	49.0	1473.0	112.0	80.0	1550.0	3055.0	235.0	94.0	70.0	70.0	5.0
4	8	7	-91.74564761813085	1.0	0.5031490552834149	38401.0	1572.0	3104.0	130.0	49.0	1473.0	1550.0	94.0	112.0	3055.0	70.0	80.0	235.0	70.0	5.0
7	4	8	-1.1484156169167985	0.8746014288331532	1.0128388017118402	38401.0	3104.0	1473.0	112.0	80.0	1572.0	130.0	49.0	1550.0	3055.0	235.0	94.0	70.0	70.0	5.0
4	7	9	1.47370618643064	0.07028039525386931	0.9874476987447699	38713.0	2792.0	1578.0	113.0	60.0	1527.0	92.0	46.0	1744.0	2865.0	231.0	99.0	70.0	65.0	5.0
4	9	7	-114.45784714611302	1.0	0.5031982942430704	38713.0	1578.0	2792.0	113.0	60.0	1527.0	1744.0	99.0	92.0	2865.0	70.0	46.0	231.0	65.0	5.0
7	4	9	-1.4549726332133013	0.927161539074528	1.0130434782608695	38713.0	2792.0	1527.0	92.0	46.0	1578.0	113.0	60.0	1744.0	2865.0	231.0	99.0	65.0	70.0	5.0
4	8	9	0.40539700361335135	0.3425929035502224	0.9620853080568721	37329.0	2644.0	2962.0	206.0	115.0	2819.0	198.0	100.0	401.0	2708.0	128.0	150.0	121.0	109.0	10.0
4	9	8	-9.881551963075413	1.0	0.5100502512562815	37329.0	2962.0	2644.0	206.0	115.0	2819.0	401.0	150.0	198.0	2708.0	121.0	100.0	128.0	109.0	10.0
8	4	9	-0.38942076701775125	0.6515174904259526	1.0427807486631016	37329.0	2644.0	2819.0	198.0	100.0	2962.0	206.0	115.0	401.0	2708.0	128.0	150.0	109.0	121.0	10.0
5	6	7	-99999.9	1.0	-0.0007616146230007616	41617.0	139.0	97.0	1326.0	7.0	1443.0	12.0	2.0	11.0	5142.0	10.0	2.0	10.0	182.0	0.0
5	7	6	0.2081348364888852	0.4175618743268834	0.0007598784194528875	41617.0	97.0	139.0	1326.0	7.0	1443.0	11.0	2.0	12.0	5142.0	10.0	2.0	10.0	182.0	0.0
6	5	7	-273.489175146392	1.0	0.500190186382655	41617.0	139.0	1443.0	12.0	2.0	97.0	1326.0	7.0	11.0	5142.0	10.0	2.0	182.0	10.0	0.0
5	6	8	-0.2838484650034914	0.6117366783007739	1.0023543260741612	38614.0	3142.0	1285.0	97.0	48.0	1301.0	101.0	55.0	1804.0	3111.0	248.0	86.0	61.0	43.0	4.0
5	8	6	-121.13233244024038	1.0	0.49941348973607036	38614.0	1285.0	3142.0	97.0	48.0	1301.0	1804.0	86.0	101.0	3111.0	61.0	55.0	248.0	43.0	4.0
6	5	8	0.2845151672113681	0.3880078721951481	0.9976621858562245	38614.0	3142.0	1301.0	101.0	55.0	1285.0	97.0	48.0	1804.0	3111.0	248.0	86.0	43.0	61.0	4.0
5	6	9	-0.1541749589607515	0.5612641205634066	1.0010454783063252	38951.0	2805.0	1299.0	83.0	48.0	1322.0	85.0	50.0	2000.0	2911.0	252.0	89.0	59.0	43.0	3.0
5	9	6	-147.77669816388004	1.0	0.4997390396659708	38951.0	1299.0	2805.0	83.0	48.0	1322.0	2000.0	89.0	85.0	2911.0	59.0	50.0	252.0	43.0	3.0
6	5	9	0.15433597719465308	0.4386724023209815	0.9989577905158937	38951.0	2805.0	1322.0	85.0	50.0	1299.0	83.0	48.0	2000.0	2911.0	252.0	89.0	43.0	59.0	3.0
5	7	8	0.0	0.49999999949999996	nan	38569.0	3145.0	1330.0	96.0	46.0	1305.0	96.0	55.0	1799.0	3116.0	249.0	87.0	61.0	43.0	3.0
5	8	7	-122.87144494691196	1.0	0.5	38569.0	1330.0	3145.0	96.0	46.0	1305.0	1799.0	87.0	96.0	3116.0	61.0	55.0	249.0	43.0	3.0
7	5	8	0.0	0.49999999949999996	nan	38569.0	3145.0	1305.0	96.0	55.0	1330.0	96.0	46.0	1799.0	3116.0	249.0	87.0	43.0	61.0	3.0
5	7	9	0.6181935018933861	0.26822384244354935	0.9958419958419958	38914.0	2800.0	1336.0	88.0	48.0	1326.0	80.0	50.0	1996.0	2914.0	254.0	89.0	61.0	41.0	3.0
5	9	7	-147.4391502015726	1.0	0.5010460251046026	38914.0	1336.0	2800.0	88.0	48.0	1326.0	1996.0	89.0	80.0	2914.0	61.0	50.0	254.0	41.0	3.0
7	5	9	-0.6156123181694054	0.7309248435747611	1.0042105263157894	38914.0	2800.0	1326.0	80.0	50.0	1336.0	88.0	48.0	1996.0	2914.0	254.0	89.0	41.0	61.0	3.0
5	8	9	-0.759105612429398	0.7761053759066427	1.0879120879120878	37276.0	2623.0	2974.0	195.0	118.0	2872.0	211.0	108.0	409.0	2731.0	133.0	130.0	113.0	97.0	10.0
5	9	8	-10.153037566243219	1.0	0.48058252427184467	37276.0	2974.0	2623.0	195.0	118.0	2872.0	409.0	130.0	211.0	2731.0	113.0	108.0	133.0	97.0	10.0
8	5	9	0.8204474801004605	0.20598047381779128	0.9304347826086956	37276.0	2623.0	2872.0	211.0	108.0	2974.0	195.0	118.0	409.0	2731.0	133.0	130.0	97.0	113.0	10.0
6	7	8	0.5990270427378244	0.27457737799904813	0.9990196078431373	39778.0	3282.0	137.0	14.0	2.0	96.0	11.0	3.0	3068.0	3233.0	349.0	11.0	7.0	8.0	1.0
6	8	7	-609.8095295071103	1.0	0.5002454590083456	39778.0	137.0	3282.0	14.0	2.0	96.0	3068.0	11.0	11.0	3233.0	7.0	3.0	349.0	8.0	1.0
7	6	8	-0.5984391849922523	0.7252265843260068	1.0009832841691249	39778.0	3282.0	96.0	11.0	3.0	137.0	14.0	2.0	3068.0	3233.0	349.0	11.0	8.0	7.0	1.0
6	7	9	2.1762672780583157	0.014767588350568017	0.9972560975609757	40137.0	2923.0	136.0	13.0	4.0	103.0	4.0	3.0	3275.0	3023.0	352.0	10.0	10.0	7.0	0.0
6	9	7	-788.7759845584598	1.0	0.5006888106536047	40137.0	136.0	2923.0	13.0	4.0	103.0	3275.0	10.0	4.0	3023.0	10.0	3.0	352.0	7.0	0.0
7	6	9	-2.170279382765584	0.9850072092479989	1.002766676913618	40137.0	2923.0	103.0	4.0	3.0	136.0	13.0	4.0	3275.0	3023.0	352.0	10.0	7.0	10.0	0.0
6	8	9	-0.47402144128939216	0.6822576786788432	1.0520833333333333	37296.0	2619.0	2977.0	206.0	115.0	2852.0	216.0	107.0	418.0	2702.0	131.0	118.0	119.0	115.0	9.0
6	9	8	-10.049254555335134	1.0	0.4879227053140097	37296.0	2977.0	2619.0	206.0	115.0	2852.0	418.0	118.0	216.0	2702.0	119.0	107.0	131.0	115.0	9.0
8	6	9	0.49748784927401546	0.30942253455676383	0.954954954954955	37296.0	2619.0	2852.0	216.0	107.0	2977.0	206.0	115.0	418.0	2702.0	131.0	118.0	115.0	119.0	9.0
7	8	9	-0.8768968971045028	0.8097287167283314	1.1067415730337078	37260.0	2614.0	2980.0	201.0	115.0	2888.0	220.0	108.0	417.0	2705.0	133.0	116.0	118.0	117.0	8.0
7	9	8	-9.968933146030132	1.0	0.47699757869249393	37260.0	2980.0	2614.0	201.0	115.0	2888.0	417.0	116.0	220.0	2705.0	118.0	108.0	133.0	117.0	8.0
8	7	9	0.961470709515597	0.16815776775351188	0.9191489361702128	37260.0	2614.0	2888.0	220.0	108.0	2980.0	201.0	115.0	417.0	2705.0	133.0	116.0	117.0	118.0	8.0
