P1	Hybrid	P2	Zscore	Pvalue	Gamma	AAAA	AAAB	AABA	AABB	AABC	ABAA	ABAB	ABAC	ABBA	BAAA	ABBC	CABC	BACA	BCAA	ABCD
1	2	3	-0.6552172612708992	0.7438361221837555	0.25	7282.0	506.0	558.0	41.0	26.0	839.0	59.0	35.0	53.0	502.0	19.0	37.0	17.0	25.0	1.0
1	3	2	-0.43681150751393283	0.668875941419663	-1.0	7282.0	558.0	506.0	41.0	26.0	839.0	53.0	37.0	59.0	502.0	17.0	35.0	19.0	25.0	1.0
2	1	3	1.3104345225417984	0.09502450778398885	0.4	7282.0	506.0	839.0	59.0	35.0	558.0	41.0	26.0	53.0	502.0	19.0	37.0	25.0	17.0	1.0
1	2	4	-1.1069094150645558	0.8658334063732671	1.105263157894737	7400.0	388.0	576.0	31.0	18.0	870.0	41.0	22.0	146.0	413.0	15.0	43.0	12.0	24.0	1.0
1	4	2	-12.729458273242393	1.0	0.47727272727272724	7400.0	576.0	388.0	31.0	18.0	870.0	146.0	43.0	41.0	413.0	12.0	22.0	15.0	24.0	1.0
2	1	4	1.2123293593564184	0.11269323097402584	0.92	7400.0	388.0	870.0	41.0	22.0	576.0	31.0	18.0	146.0	413.0	15.0	43.0	24.0	12.0	1.0
1	2	5	0.2732771150293242	0.39232016614650245	0.989247311827957	7430.0	358.0	581.0	28.0	16.0	882.0	26.0	25.0	210.0	349.0	15.0	41.0	13.0	24.0	2.0
1	5	2	-24.868217467668504	1.0	0.5027322404371585	7430.0	581.0	358.0	28.0	16.0	882.0	210.0	41.0	26.0	349.0	13.0	25.0	15.0	24.0	2.0
2	1	5	-0.27030671160509245	0.6065377863197632	1.011111111111111	7430.0	358.0	882.0	26.0	25.0	581.0	28.0	16.0	210.0	349.0	15.0	41.0	24.0	13.0	2.0
1	2	6	-0.5601330968417682	0.7123057032960871	1.0154440154440154	7500.0	288.0	591.0	23.0	11.0	891.0	27.0	15.0	290.0	271.0	13.0	49.0	13.0	15.0	3.0
1	6	2	-37.38888421418805	1.0	0.4962264150943396	7500.0	591.0	288.0	23.0	11.0	891.0	290.0	49.0	27.0	271.0	13.0	15.0	13.0	15.0	3.0
2	1	6	0.5686522313944946	0.2847960501052783	0.985239852398524	7500.0	288.0	891.0	27.0	15.0	591.0	23.0	11.0	290.0	271.0	13.0	49.0	15.0	13.0	3.0
1	2	7	-1.2539806670126805	0.8950754150856113	1.036144578313253	7502.0	286.0	593.0	20.0	12.0	891.0	29.0	13.0	287.0	273.0	14.0	49.0	13.0	15.0	3.0
1	7	2	-37.20142645470954	1.0	0.4914285714285714	7502.0	593.0	286.0	20.0	12.0	891.0	287.0	49.0	29.0	273.0	13.0	13.0	14.0	15.0	3.0
2	1	7	1.2977241786526579	0.09719113400402368	0.967391304347826	7502.0	286.0	891.0	29.0	13.0	593.0	20.0	12.0	287.0	273.0	14.0	49.0	15.0	13.0	3.0
1	2	8	-1.0257309629297853	0.8474907726696294	1.025	7563.0	225.0	597.0	19.0	9.0	892.0	26.0	15.0	313.0	248.0	13.0	53.0	11.0	15.0	1.0
1	8	2	-43.080700443050944	1.0	0.4939759036144578	7563.0	597.0	225.0	19.0	9.0	892.0	313.0	53.0	26.0	248.0	11.0	15.0	13.0	15.0	1.0
2	1	8	1.0507487912939264	0.1466870189217946	0.9767441860465116	7563.0	225.0	892.0	26.0	15.0	597.0	19.0	9.0	313.0	248.0	13.0	53.0	15.0	11.0	1.0
1	2	9	-1.37971576718777	0.9161628534659664	1.016431924882629	7682.0	106.0	609.0	9.0	7.0	908.0	16.0	9.0	449.0	114.0	11.0	71.0	4.0	5.0	0.0
1	9	2	-86.72499108037421	1.0	0.4959908361970218	7682.0	609.0	106.0	9.0	7.0	908.0	449.0	71.0	16.0	114.0	4.0	9.0	11.0	5.0	0.0
2	1	9	1.402020641022214	0.08045459567009461	0.9843400447427293	7682.0	106.0	908.0	16.0	9.0	609.0	9.0	7.0	449.0	114.0	11.0	71.0	5.0	4.0	0.0
1	3	4	-1.55593213178086	0.9401378710390342	1.153061224489796	7447.0	393.0	529.0	31.0	13.0	858.0	46.0	25.0	159.0	406.0	13.0	42.0	14.0	23.0	1.0
1	4	3	-13.277287524530012	1.0	0.46887966804979253	7447.0	529.0	393.0	31.0	13.0	858.0	159.0	42.0	46.0	406.0	14.0	25.0	13.0	23.0	1.0
3	1	4	1.7624717952915936	0.038994764146358385	0.8951048951048951	7447.0	393.0	858.0	46.0	25.0	529.0	31.0	13.0	159.0	406.0	13.0	42.0	23.0	14.0	1.0
1	3	5	-0.5182742874926037	0.6978665560845999	1.0222222222222221	7484.0	356.0	527.0	27.0	19.0	874.0	31.0	24.0	215.0	346.0	17.0	44.0	11.0	22.0	3.0
1	5	3	-24.358891512152354	1.0	0.4946236559139785	7484.0	527.0	356.0	27.0	19.0	874.0	215.0	44.0	31.0	346.0	11.0	24.0	17.0	22.0	3.0
3	1	5	0.5295411198293994	0.29821504673394195	0.9791666666666666	7484.0	356.0	874.0	31.0	24.0	527.0	27.0	19.0	215.0	346.0	17.0	44.0	22.0	11.0	3.0
1	3	6	-1.0867077464049333	0.8614169649251776	1.0308880308880308	7545.0	295.0	546.0	22.0	5.0	883.0	30.0	16.0	297.0	270.0	11.0	50.0	11.0	16.0	3.0
1	6	3	-37.35557878266959	1.0	0.492619926199262	7545.0	546.0	295.0	22.0	5.0	883.0	297.0	50.0	30.0	270.0	11.0	16.0	11.0	16.0	3.0
3	1	6	1.1192682781324221	0.13151290177673758	0.9717314487632509	7545.0	295.0	883.0	30.0	16.0	546.0	22.0	5.0	297.0	270.0	11.0	50.0	16.0	11.0	3.0
1	3	7	-1.4651561381244917	0.9285607990204809	1.043824701195219	7548.0	292.0	547.0	21.0	5.0	882.0	32.0	15.0	294.0	272.0	12.0	51.0	11.0	15.0	3.0
1	7	3	-36.36251142799877	1.0	0.4897196261682243	7548.0	547.0	292.0	21.0	5.0	882.0	294.0	51.0	32.0	272.0	11.0	15.0	12.0	15.0	3.0
3	1	7	1.5266703271297184	0.06342152668035728	0.9612676056338029	7548.0	292.0	882.0	32.0	15.0	547.0	21.0	5.0	294.0	272.0	12.0	51.0	15.0	11.0	3.0
1	3	8	-1.156679497533486	0.8762982774294077	1.0280701754385966	7613.0	227.0	547.0	19.0	7.0	886.0	27.0	16.0	320.0	248.0	10.0	52.0	10.0	16.0	2.0
1	8	3	-43.52006609469742	1.0	0.4932659932659933	7613.0	547.0	227.0	19.0	7.0	886.0	320.0	52.0	27.0	248.0	10.0	16.0	10.0	16.0	2.0
3	1	8	1.1882611902989053	0.11736532466244576	0.9741100323624595	7613.0	227.0	886.0	27.0	16.0	547.0	19.0	7.0	320.0	248.0	10.0	52.0	16.0	10.0	2.0
1	3	9	0.0	0.49999999949999996	nan	7737.0	103.0	554.0	13.0	6.0	908.0	13.0	8.0	453.0	116.0	9.0	67.0	5.0	6.0	2.0
1	9	3	-86.12563219548981	1.0	0.5	7737.0	554.0	103.0	13.0	6.0	908.0	453.0	67.0	13.0	116.0	5.0	8.0	9.0	6.0	2.0
3	1	9	0.0	0.49999999949999996	nan	7737.0	103.0	908.0	13.0	8.0	554.0	13.0	6.0	453.0	116.0	9.0	67.0	6.0	5.0	2.0
1	4	5	0.5116018542991052	0.30446483608931696	0.9466666666666667	7618.0	358.0	393.0	34.0	10.0	1003.0	30.0	26.0	101.0	351.0	14.0	29.0	7.0	25.0	1.0
1	5	4	-8.569331059510017	1.0	0.5144927536231884	7618.0	393.0	358.0	34.0	10.0	1003.0	101.0	29.0	30.0	351.0	7.0	26.0	14.0	25.0	1.0
4	1	5	-0.4827792146202824	0.6853737367796289	1.0634920634920635	7618.0	358.0	1003.0	30.0	26.0	393.0	34.0	10.0	101.0	351.0	14.0	29.0	25.0	7.0	1.0
1	4	6	-0.13188001418593906	0.5524604345924857	1.0067114093959733	7687.0	289.0	404.0	28.0	5.0	1013.0	29.0	17.0	179.0	274.0	13.0	38.0	8.0	16.0	0.0
1	6	4	-19.913882142076833	1.0	0.4983388704318937	7687.0	404.0	289.0	28.0	5.0	1013.0	179.0	38.0	29.0	274.0	8.0	17.0	13.0	16.0	0.0
4	1	6	0.13275921428051202	0.4471918732258684	0.993421052631579	7687.0	289.0	1013.0	29.0	17.0	404.0	28.0	5.0	179.0	274.0	13.0	38.0	16.0	8.0	0.0
1	4	7	-0.3925553448358938	0.6526759843583023	1.0206896551724138	7690.0	286.0	405.0	27.0	5.0	1012.0	30.0	17.0	178.0	276.0	12.0	37.0	9.0	16.0	0.0
1	7	4	-19.758619023406673	1.0	0.4949832775919732	7690.0	405.0	286.0	27.0	5.0	1012.0	178.0	37.0	30.0	276.0	9.0	17.0	12.0	16.0	0.0
4	1	7	0.40051254777175654	0.3443895707554394	0.9805194805194806	7690.0	286.0	1012.0	30.0	17.0	405.0	27.0	5.0	178.0	276.0	12.0	37.0	16.0	9.0	0.0
1	4	8	0.2840231878438642	0.3881963712950388	0.9888268156424581	7755.0	221.0	405.0	26.0	6.0	1018.0	24.0	17.0	201.0	254.0	11.0	39.0	7.0	16.0	0.0
1	8	4	-24.852028936338115	1.0	0.5028409090909091	7755.0	405.0	221.0	26.0	6.0	1018.0	201.0	39.0	24.0	254.0	7.0	17.0	11.0	16.0	0.0
4	1	8	-0.28081388628630644	0.6105733586144528	1.0115606936416186	7755.0	221.0	1018.0	24.0	17.0	405.0	26.0	6.0	201.0	254.0	11.0	39.0	16.0	7.0	0.0
1	4	9	-0.39009894327001826	0.6517682546919912	1.0061538461538462	7869.0	107.0	422.0	12.0	3.0	1035.0	14.0	10.0	341.0	117.0	8.0	52.0	3.0	7.0	0.0
1	9	4	-64.17127616791811	1.0	0.49847560975609756	7869.0	422.0	107.0	12.0	3.0	1035.0	341.0	52.0	14.0	117.0	3.0	10.0	8.0	7.0	0.0
4	1	9	0.39248486952855044	0.34735004666165614	0.9939577039274925	7869.0	107.0	1035.0	14.0	10.0	422.0	12.0	3.0	341.0	117.0	8.0	52.0	7.0	3.0	0.0
1	5	6	0.13555722491737163	0.44608563149593083	0.9871794871794872	7723.0	288.0	368.0	28.0	6.0	1088.0	27.0	18.0	104.0	275.0	9.0	38.0	9.0	19.0	0.0
1	6	5	-10.302349093720215	1.0	0.5032679738562091	7723.0	368.0	288.0	28.0	6.0	1088.0	104.0	38.0	27.0	275.0	9.0	18.0	9.0	19.0	0.0
5	1	6	-0.13379674147688628	0.553218379435346	1.0133333333333334	7723.0	288.0	1088.0	27.0	18.0	368.0	28.0	6.0	104.0	275.0	9.0	38.0	19.0	9.0	0.0
1	5	7	-0.38808537883274896	0.6510235201976892	1.0422535211267605	7726.0	285.0	369.0	27.0	6.0	1085.0	30.0	18.0	104.0	276.0	8.0	38.0	9.0	19.0	0.0
1	7	5	-9.96085805670723	1.0	0.49006622516556286	7726.0	369.0	285.0	27.0	6.0	1085.0	104.0	38.0	30.0	276.0	9.0	18.0	8.0	19.0	0.0
5	1	7	0.403818569866509	0.34317311763710223	0.9625	7726.0	285.0	1085.0	30.0	18.0	369.0	27.0	6.0	104.0	276.0	8.0	38.0	19.0	9.0	0.0
1	5	8	-0.6929330260640527	0.7558242771475421	1.0505050505050506	7785.0	226.0	375.0	22.0	5.0	1089.0	27.0	17.0	131.0	250.0	7.0	38.0	8.0	18.0	2.0
1	8	5	-15.105939968196346	1.0	0.48826291079812206	7785.0	375.0	226.0	22.0	5.0	1089.0	131.0	38.0	27.0	250.0	8.0	17.0	7.0	18.0	2.0
5	1	8	0.7262471138555938	0.23384357773867803	0.956140350877193	7785.0	226.0	1089.0	27.0	17.0	375.0	22.0	5.0	131.0	250.0	7.0	38.0	18.0	8.0	2.0
1	5	9	0.5240305483626003	0.3001286322211748	0.9879518072289156	7911.0	100.0	380.0	18.0	4.0	1110.0	15.0	8.0	261.0	119.0	8.0	57.0	0.0	8.0	1.0
1	9	5	-42.446474417370666	1.0	0.5030674846625767	7911.0	380.0	100.0	18.0	4.0	1110.0	261.0	57.0	15.0	119.0	0.0	8.0	8.0	8.0	1.0
5	1	9	-0.517639931919154	0.6976452530839028	1.0125	7911.0	100.0	1110.0	15.0	8.0	380.0	18.0	4.0	261.0	119.0	8.0	57.0	8.0	0.0	1.0
1	6	7	-99999.9	1.0	-0.012	8035.0	56.0	60.0	260.0	2.0	1219.0	7.0	4.0	4.0	307.0	0.0	4.0	1.0	41.0	0.0
1	7	6	0.9028388323487502	0.18330569093691862	0.011583011583011582	8035.0	60.0	56.0	260.0	2.0	1219.0	4.0	4.0	7.0	307.0	1.0	4.0	0.0	41.0	0.0
6	1	7	-76.13940819474463	1.0	0.5029469548133595	8035.0	56.0	1219.0	7.0	4.0	60.0	260.0	2.0	4.0	307.0	0.0	4.0	41.0	1.0	0.0
1	6	8	-0.1371819109850412	0.5545565241607187	1.0384615384615385	7866.0	225.0	294.0	25.0	3.0	1185.0	26.0	19.0	53.0	253.0	5.0	20.0	6.0	18.0	2.0
1	8	6	-3.8410935075811596	0.9999387341306265	0.4909090909090909	7866.0	294.0	225.0	25.0	3.0	1185.0	53.0	20.0	26.0	253.0	6.0	19.0	5.0	18.0	2.0
6	1	8	0.14226272250300567	0.4434362209975051	0.9655172413793104	7866.0	225.0	1185.0	26.0	19.0	294.0	25.0	3.0	53.0	253.0	5.0	20.0	18.0	6.0	2.0
1	6	9	0.5599409483718522	0.2877598268589947	0.9828571428571429	7985.0	106.0	306.0	16.0	0.0	1206.0	13.0	11.0	185.0	120.0	6.0	37.0	1.0	8.0	0.0
1	9	6	-31.54334009161435	1.0	0.5043988269794722	7985.0	306.0	106.0	16.0	0.0	1206.0	185.0	37.0	13.0	120.0	1.0	11.0	6.0	8.0	0.0
6	1	9	-0.5501745364816453	0.7089001936461343	1.0180722891566265	7985.0	106.0	1206.0	13.0	11.0	306.0	16.0	0.0	185.0	120.0	6.0	37.0	8.0	1.0	0.0
1	7	8	-0.27232134384490414	0.607312463847749	1.0714285714285714	7869.0	226.0	291.0	24.0	3.0	1181.0	26.0	20.0	56.0	254.0	5.0	21.0	5.0	18.0	1.0
1	8	7	-4.357141501518464	0.999993406312915	0.4838709677419355	7869.0	291.0	226.0	24.0	3.0	1181.0	56.0	21.0	26.0	254.0	5.0	20.0	5.0	18.0	1.0
7	1	8	0.2904761001012311	0.3857260832332544	0.9411764705882353	7869.0	226.0	1181.0	26.0	20.0	291.0	24.0	3.0	56.0	254.0	5.0	21.0	18.0	5.0	1.0
1	7	9	0.5800707013825472	0.2809334299562306	0.9832402234636871	7988.0	107.0	303.0	15.0	0.0	1204.0	12.0	11.0	188.0	121.0	6.0	36.0	1.0	8.0	0.0
1	9	7	-33.450743779726864	1.0	0.504297994269341	7988.0	303.0	107.0	15.0	0.0	1204.0	188.0	36.0	12.0	121.0	1.0	11.0	6.0	8.0	0.0
7	1	9	-0.570183132608981	0.7157232886110829	1.0176470588235293	7988.0	107.0	1204.0	12.0	11.0	303.0	15.0	0.0	188.0	121.0	6.0	36.0	8.0	1.0	0.0
1	8	9	0.19269433483150783	0.42359919942228463	0.9932885906040269	8054.0	106.0	237.0	14.0	2.0	1235.0	13.0	10.0	161.0	120.0	4.0	32.0	1.0	10.0	1.0
1	9	8	-28.326067220231703	1.0	0.5016949152542373	8054.0	237.0	106.0	14.0	2.0	1235.0	161.0	32.0	13.0	120.0	1.0	10.0	4.0	10.0	1.0
8	1	9	-0.19139234608264627	0.5758908737490478	1.0068493150684932	8054.0	106.0	1235.0	13.0	10.0	237.0	14.0	2.0	161.0	120.0	4.0	32.0	10.0	1.0	1.0
2	3	4	-0.843300175769789	0.8004697563331653	1.076086956521739	7710.0	411.0	560.0	28.0	12.0	595.0	35.0	18.0	134.0	419.0	15.0	36.0	14.0	13.0	0.0
2	4	3	-12.769974090228251	1.0	0.48292682926829267	7710.0	560.0	411.0	28.0	12.0	595.0	134.0	36.0	35.0	419.0	14.0	18.0	15.0	13.0	0.0
3	2	4	0.9029274609252286	0.18328216942501485	0.9380530973451328	7710.0	411.0	595.0	35.0	18.0	560.0	28.0	12.0	134.0	419.0	15.0	36.0	13.0	14.0	0.0
2	3	5	-0.7572779633834641	0.7755583920039513	1.0372670807453417	7758.0	363.0	554.0	27.0	19.0	600.0	33.0	15.0	200.0	354.0	14.0	32.0	14.0	14.0	3.0
2	5	3	-21.834847944223228	1.0	0.49117647058823527	7758.0	554.0	363.0	27.0	19.0	600.0	200.0	32.0	33.0	354.0	14.0	15.0	14.0	14.0	3.0
3	2	5	0.7844855548822711	0.2163775642105059	0.9664804469273743	7758.0	363.0	600.0	33.0	15.0	554.0	27.0	19.0	200.0	354.0	14.0	32.0	14.0	14.0	3.0
2	3	6	-0.7356151126671383	0.7690175875635623	1.02	7817.0	304.0	574.0	20.0	6.0	611.0	25.0	12.0	280.0	275.0	13.0	39.0	9.0	13.0	2.0
2	6	3	-38.25198585869118	1.0	0.4951456310679611	7817.0	574.0	304.0	20.0	6.0	611.0	280.0	39.0	25.0	275.0	9.0	12.0	13.0	13.0	2.0
3	2	6	0.7500389384057097	0.22661555883533202	0.9811320754716981	7817.0	304.0	611.0	25.0	12.0	574.0	20.0	6.0	280.0	275.0	13.0	39.0	13.0	9.0	2.0
2	3	7	-0.59675515380296	0.7246646151450726	1.0159362549800797	7819.0	302.0	574.0	20.0	6.0	611.0	24.0	13.0	279.0	275.0	14.0	39.0	9.0	13.0	2.0
2	7	3	-38.639896208741675	1.0	0.4961089494163424	7819.0	574.0	302.0	20.0	6.0	611.0	279.0	39.0	24.0	275.0	9.0	13.0	14.0	13.0	2.0
3	2	7	0.6061160189606534	0.2722188070727958	0.9847908745247148	7819.0	302.0	611.0	24.0	13.0	574.0	20.0	6.0	279.0	275.0	14.0	39.0	13.0	9.0	2.0
2	3	8	-0.6425120665397636	0.7397296820582284	1.0142857142857142	7880.0	241.0	575.0	17.0	8.0	619.0	21.0	8.0	305.0	252.0	11.0	39.0	9.0	14.0	1.0
2	8	3	-46.260868790862965	1.0	0.4965034965034965	7880.0	575.0	241.0	17.0	8.0	619.0	305.0	39.0	21.0	252.0	9.0	8.0	11.0	14.0	1.0
3	2	8	0.6515615322656758	0.25734197248389035	0.9863013698630136	7880.0	241.0	619.0	21.0	8.0	575.0	17.0	8.0	305.0	252.0	11.0	39.0	14.0	9.0	1.0
2	3	9	1.6050133449781092	0.054245432003744876	0.9841986455981941	8007.0	114.0	583.0	13.0	4.0	638.0	6.0	4.0	442.0	116.0	10.0	49.0	6.0	6.0	2.0
2	9	3	-98.36438928508701	1.0	0.5040462427745666	8007.0	583.0	114.0	13.0	4.0	638.0	442.0	49.0	6.0	116.0	6.0	4.0	10.0	6.0	2.0
3	2	9	-1.5792447821000197	0.9428600331199705	1.0165876777251184	8007.0	114.0	638.0	6.0	4.0	583.0	13.0	4.0	442.0	116.0	10.0	49.0	6.0	6.0	2.0
2	4	5	0.38563968666784487	0.34988182327411077	0.9545454545454546	7903.0	367.0	409.0	33.0	9.0	718.0	30.0	17.0	93.0	362.0	13.0	21.0	9.0	15.0	1.0
2	5	4	-7.712793733356899	0.9999999999999938	0.5121951219512195	7903.0	409.0	367.0	33.0	9.0	718.0	93.0	21.0	30.0	362.0	9.0	17.0	13.0	15.0	1.0
4	2	5	-0.3672758920646142	0.6432933217152892	1.0526315789473684	7903.0	367.0	718.0	30.0	17.0	409.0	33.0	9.0	93.0	362.0	13.0	21.0	15.0	9.0	1.0
2	4	6	0.29631350243777943	0.38349540552056216	0.9870967741935484	7969.0	301.0	422.0	24.0	5.0	731.0	22.0	12.0	175.0	280.0	13.0	24.0	7.0	14.0	1.0
2	6	4	-22.37166943405233	1.0	0.5032894736842105	7969.0	422.0	301.0	24.0	5.0	731.0	175.0	24.0	22.0	280.0	7.0	12.0	13.0	14.0	1.0
4	2	6	-0.29244012332094566	0.615024865452082	1.0134228187919463	7969.0	301.0	731.0	22.0	12.0	422.0	24.0	5.0	175.0	280.0	13.0	24.0	14.0	7.0	1.0
2	4	7	0.5953276702306414	0.27581218540371877	0.9748427672955975	7973.0	297.0	420.0	25.0	6.0	729.0	21.0	15.0	176.0	280.0	12.0	24.0	7.0	14.0	1.0
2	7	4	-22.4736195512067	1.0	0.5065359477124183	7973.0	420.0	297.0	25.0	6.0	729.0	176.0	24.0	21.0	280.0	7.0	15.0	12.0	14.0	1.0
4	2	7	-0.5799643755150119	0.7190307194148864	1.0272108843537415	7973.0	297.0	729.0	21.0	15.0	420.0	25.0	6.0	176.0	280.0	12.0	24.0	14.0	7.0	1.0
2	4	8	1.0799021109497524	0.1400929248335434	0.9623655913978495	8036.0	234.0	419.0	25.0	7.0	737.0	18.0	10.0	197.0	259.0	12.0	29.0	5.0	12.0	0.0
2	8	4	-26.534737583336753	1.0	0.50997150997151	8036.0	419.0	234.0	25.0	7.0	737.0	197.0	29.0	18.0	259.0	5.0	10.0	12.0	12.0	0.0
4	2	8	-1.0376713021416615	0.8502884210392153	1.0424242424242425	8036.0	234.0	737.0	18.0	10.0	419.0	25.0	7.0	197.0	259.0	12.0	29.0	12.0	5.0	0.0
2	4	9	0.7741065548169392	0.21943382589208915	0.9910714285714286	8151.0	119.0	439.0	9.0	3.0	753.0	6.0	6.0	339.0	120.0	9.0	37.0	2.0	7.0	0.0
2	9	4	-85.151721029863	1.0	0.502262443438914	8151.0	439.0	119.0	9.0	3.0	753.0	339.0	37.0	6.0	120.0	2.0	6.0	9.0	7.0	0.0
4	2	9	-0.7671326218906608	0.7784987318906957	1.0091743119266054	8151.0	119.0	753.0	6.0	6.0	439.0	9.0	3.0	339.0	120.0	9.0	37.0	7.0	2.0	0.0
2	5	6	0.7288297626982223	0.23305283238465535	0.9473684210526315	8014.0	298.0	377.0	27.0	5.0	797.0	22.0	13.0	112.0	279.0	10.0	21.0	8.0	16.0	1.0
2	6	5	-12.390105965869779	1.0	0.5142857142857143	8014.0	377.0	298.0	27.0	5.0	797.0	112.0	21.0	22.0	279.0	8.0	13.0	10.0	16.0	1.0
5	2	6	-0.6883392203260988	0.7543804736298507	1.0625	8014.0	298.0	797.0	22.0	13.0	377.0	27.0	5.0	112.0	279.0	10.0	21.0	16.0	8.0	1.0
2	5	7	0.8678099709416941	0.1927491445948819	0.9387755102040816	8017.0	295.0	376.0	28.0	5.0	794.0	22.0	16.0	114.0	278.0	9.0	21.0	8.0	16.0	1.0
2	7	5	-12.438609583497612	1.0	0.5168539325842696	8017.0	376.0	295.0	28.0	5.0	794.0	114.0	21.0	22.0	278.0	8.0	16.0	9.0	16.0	1.0
5	2	7	-0.8112136684889749	0.79137856864351	1.075	8017.0	295.0	794.0	22.0	16.0	376.0	28.0	5.0	114.0	278.0	9.0	21.0	16.0	8.0	1.0
2	5	8	0.0	0.49999999949999996	nan	8076.0	236.0	379.0	23.0	7.0	798.0	23.0	11.0	140.0	253.0	8.0	25.0	6.0	14.0	1.0
2	8	5	-17.231988616241654	1.0	0.5	8076.0	379.0	236.0	23.0	7.0	798.0	140.0	25.0	23.0	253.0	6.0	11.0	8.0	14.0	1.0
5	2	8	0.0	0.49999999949999996	nan	8076.0	236.0	798.0	23.0	11.0	379.0	23.0	7.0	140.0	253.0	8.0	25.0	14.0	6.0	1.0
2	5	9	1.6374011903639847	0.05077332314707972	0.9708029197080292	8201.0	111.0	389.0	16.0	4.0	820.0	8.0	4.0	274.0	119.0	8.0	35.0	1.0	10.0	0.0
2	9	5	-52.80618838923857	1.0	0.5076335877862596	8201.0	389.0	111.0	16.0	4.0	820.0	274.0	35.0	8.0	119.0	1.0	4.0	8.0	10.0	0.0
5	2	9	-1.5881560417816094	0.9438744675672334	1.032	8201.0	111.0	820.0	8.0	4.0	389.0	16.0	4.0	274.0	119.0	8.0	35.0	10.0	1.0	0.0
2	6	7	0.5764091842488775	0.282169280193145	0.0075187969924812035	8333.0	58.0	60.0	269.0	1.0	921.0	5.0	4.0	7.0	302.0	0.0	1.0	1.0	37.0	1.0
2	7	6	-99999.9	1.0	-0.007692307692307692	8333.0	60.0	58.0	269.0	1.0	921.0	7.0	1.0	5.0	302.0	1.0	4.0	0.0	37.0	1.0
6	2	7	-75.5096031366026	1.0	0.49809885931558934	8333.0	58.0	921.0	5.0	4.0	60.0	269.0	1.0	7.0	302.0	0.0	1.0	37.0	1.0	1.0
2	6	8	0.4662861654629502	0.3205053567742506	0.9032258064516129	8153.0	238.0	302.0	24.0	4.0	898.0	21.0	11.0	49.0	255.0	5.0	16.0	6.0	17.0	1.0
2	8	6	-3.8857180455245848	0.9999489661944131	0.5283018867924528	8153.0	302.0	238.0	24.0	4.0	898.0	49.0	16.0	21.0	255.0	6.0	11.0	5.0	17.0	1.0
6	2	8	-0.4163269334490627	0.6614145645733003	1.1363636363636362	8153.0	238.0	898.0	21.0	11.0	302.0	24.0	4.0	49.0	255.0	5.0	16.0	17.0	6.0	1.0
2	6	9	1.791536003000412	0.03660361052380379	0.956989247311828	8274.0	117.0	316.0	14.0	0.0	917.0	6.0	7.0	184.0	120.0	5.0	28.0	2.0	10.0	0.0
2	9	6	-38.07014006375878	1.0	0.5114942528735633	8274.0	316.0	117.0	14.0	0.0	917.0	184.0	28.0	6.0	120.0	2.0	7.0	5.0	10.0	0.0
6	2	9	-1.7110175309554498	0.9564610940126825	1.0493827160493827	8274.0	117.0	917.0	6.0	7.0	316.0	14.0	0.0	184.0	120.0	5.0	28.0	10.0	2.0	0.0
2	7	8	0.2982071037863151	0.38277261823770037	0.9285714285714286	8155.0	238.0	300.0	25.0	3.0	895.0	23.0	11.0	49.0	254.0	5.0	19.0	5.0	17.0	1.0
2	8	7	-3.5784852454357785	0.9998271656670454	0.52	8155.0	300.0	238.0	25.0	3.0	895.0	49.0	19.0	23.0	254.0	5.0	11.0	5.0	17.0	1.0
7	2	8	-0.27526809580275236	0.6084447991951447	1.0909090909090908	8155.0	238.0	895.0	23.0	11.0	300.0	25.0	3.0	49.0	254.0	5.0	19.0	17.0	5.0	1.0
2	7	9	1.7113288924186447	0.04351017541185853	0.9567567567567568	8277.0	116.0	313.0	15.0	0.0	915.0	7.0	7.0	184.0	119.0	5.0	30.0	2.0	10.0	0.0
2	9	7	-36.15182285234385	1.0	0.5115606936416185	8277.0	313.0	116.0	15.0	0.0	915.0	184.0	30.0	7.0	119.0	2.0	7.0	5.0	10.0	0.0
7	2	9	-1.6339806938912482	0.9488685584436876	1.049689440993789	8277.0	116.0	915.0	7.0	7.0	313.0	15.0	0.0	184.0	119.0	5.0	30.0	10.0	2.0	0.0
2	8	9	1.4688019044791938	0.07094330201847976	0.9556962025316456	8341.0	114.0	249.0	15.0	2.0	948.0	8.0	7.0	159.0	119.0	4.0	22.0	1.0	10.0	1.0
2	9	8	-30.21535346357198	1.0	0.511864406779661	8341.0	249.0	114.0	15.0	2.0	948.0	159.0	22.0	8.0	119.0	1.0	7.0	4.0	10.0	1.0
8	2	9	-1.4007117499669133	0.9193498017757256	1.051094890510949	8341.0	114.0	948.0	8.0	7.0	249.0	15.0	2.0	159.0	119.0	4.0	22.0	10.0	1.0	1.0
3	4	5	1.1680235078539394	0.12139870141958364	0.8714285714285714	7941.0	364.0	417.0	37.0	10.0	680.0	28.0	22.0	89.0	359.0	12.0	17.0	8.0	14.0	2.0
3	5	4	-6.748580267600545	0.9999999999924927	0.5398230088495575	7941.0	417.0	364.0	37.0	10.0	680.0	89.0	17.0	28.0	359.0	8.0	22.0	12.0	14.0	2.0
4	3	5	-0.9956921706295879	0.8403001240780779	1.2093023255813953	7941.0	364.0	680.0	28.0	22.0	417.0	37.0	10.0	89.0	359.0	12.0	17.0	14.0	8.0	2.0
3	4	6	0.9163033141490586	0.17975389209112114	0.9615384615384616	7995.0	310.0	433.0	25.0	6.0	705.0	19.0	6.0	169.0	281.0	10.0	19.0	8.0	12.0	2.0
3	6	4	-21.991279539577402	1.0	0.5102040816326531	7995.0	433.0	310.0	25.0	6.0	705.0	169.0	19.0	19.0	281.0	8.0	6.0	10.0	12.0	2.0
4	3	6	-0.8796511815830963	0.8104758850007293	1.0434782608695652	7995.0	310.0	705.0	19.0	6.0	433.0	25.0	6.0	169.0	281.0	10.0	19.0	12.0	8.0	2.0
3	4	7	1.082334529981964	0.13955199302388488	0.9556962025316456	7998.0	307.0	432.0	25.0	7.0	704.0	18.0	8.0	169.0	282.0	9.0	19.0	8.0	12.0	2.0
3	7	4	-22.265167473914683	1.0	0.511864406779661	7998.0	432.0	307.0	25.0	7.0	704.0	169.0	19.0	18.0	282.0	8.0	8.0	9.0	12.0	2.0
4	3	7	-1.032160081572204	0.849001412093507	1.051094890510949	7998.0	307.0	704.0	18.0	8.0	432.0	25.0	7.0	169.0	282.0	9.0	19.0	12.0	8.0	2.0
3	4	8	1.5627299473434908	0.059058074699052554	0.946236559139785	8069.0	236.0	430.0	26.0	8.0	704.0	16.0	10.0	192.0	260.0	8.0	23.0	7.0	10.0	1.0
3	8	4	-25.941317125901932	1.0	0.5146198830409358	8069.0	430.0	236.0	26.0	8.0	704.0	192.0	23.0	16.0	260.0	7.0	10.0	8.0	10.0	1.0
4	3	8	-1.4739384730626106	0.9297508841367883	1.064102564102564	8069.0	236.0	704.0	16.0	10.0	430.0	26.0	8.0	192.0	260.0	8.0	23.0	10.0	7.0	1.0
3	4	9	-0.7208887706984616	0.7645110932475282	1.0094637223974763	8191.0	114.0	454.0	7.0	3.0	713.0	10.0	7.0	330.0	123.0	7.0	31.0	2.0	6.0	2.0
3	9	4	-77.61569097853439	1.0	0.4976671850699845	8191.0	454.0	114.0	7.0	3.0	713.0	330.0	31.0	10.0	123.0	2.0	7.0	7.0	6.0	2.0
4	3	9	0.7276471029237598	0.23341475012816226	0.99079754601227	8191.0	114.0	713.0	10.0	7.0	454.0	7.0	3.0	330.0	123.0	7.0	31.0	6.0	2.0	2.0
3	5	6	1.407825560187932	0.07959141784004709	0.90625	8048.0	310.0	380.0	26.0	5.0	763.0	17.0	6.0	104.0	282.0	9.0	26.0	9.0	14.0	1.0
3	6	5	-12.201154854962072	1.0	0.5272727272727272	8048.0	380.0	310.0	26.0	5.0	763.0	104.0	26.0	17.0	282.0	9.0	6.0	9.0	14.0	1.0
5	3	6	-1.262188433271939	0.8965594363314556	1.1304347826086956	8048.0	310.0	763.0	17.0	6.0	380.0	26.0	5.0	104.0	282.0	9.0	26.0	14.0	9.0	1.0
3	5	7	1.4074595281065594	0.07964563812515046	0.9072164948453608	8051.0	307.0	379.0	26.0	6.0	760.0	17.0	9.0	105.0	282.0	8.0	27.0	9.0	14.0	0.0
3	7	5	-12.354366968935354	1.0	0.5269461077844312	8051.0	379.0	307.0	26.0	6.0	760.0	105.0	27.0	17.0	282.0	9.0	9.0	8.0	14.0	0.0
5	3	7	-1.2635148036411157	0.8967978162772994	1.1285714285714286	8051.0	307.0	760.0	17.0	9.0	379.0	26.0	6.0	105.0	282.0	8.0	27.0	14.0	9.0	0.0
3	5	8	0.6404391219325818	0.2609435176397632	0.9658119658119658	8117.0	241.0	382.0	22.0	7.0	757.0	18.0	11.0	131.0	257.0	7.0	31.0	8.0	11.0	0.0
3	8	5	-17.451966072662856	1.0	0.509009009009009	8117.0	382.0	241.0	22.0	7.0	757.0	131.0	31.0	18.0	257.0	8.0	11.0	7.0	11.0	0.0
5	3	8	-0.6177687105367381	0.7316361480681428	1.0380952380952382	8117.0	241.0	757.0	18.0	11.0	382.0	22.0	7.0	131.0	257.0	7.0	31.0	11.0	8.0	0.0
3	5	9	0.6014755162183952	0.27376160867785104	0.9883268482490273	8252.0	106.0	393.0	14.0	4.0	769.0	11.0	6.0	265.0	123.0	7.0	40.0	1.0	8.0	1.0
3	9	5	-50.32345152360575	1.0	0.502970297029703	8252.0	393.0	106.0	14.0	4.0	769.0	265.0	40.0	11.0	123.0	1.0	6.0	7.0	8.0	1.0
5	3	9	-0.5943714746882568	0.7238682044430442	1.0120967741935485	8252.0	106.0	769.0	11.0	6.0	393.0	14.0	4.0	265.0	123.0	7.0	40.0	8.0	1.0	1.0
3	6	7	0.3757858478416299	0.3535381131591009	0.0036496350364963502	8367.0	61.0	63.0	276.0	2.0	887.0	3.0	3.0	4.0	304.0	0.0	1.0	1.0	28.0	0.0
3	7	6	-99999.9	1.0	-0.0036900369003690036	8367.0	63.0	61.0	276.0	2.0	887.0	4.0	1.0	3.0	304.0	1.0	3.0	0.0	28.0	0.0
6	3	7	-102.21375061292353	1.0	0.4990825688073395	8367.0	61.0	887.0	3.0	3.0	63.0	276.0	2.0	4.0	304.0	0.0	1.0	28.0	1.0	0.0
3	6	8	1.162226536935237	0.12257178807146651	0.7878787878787878	8185.0	243.0	314.0	24.0	3.0	866.0	17.0	10.0	43.0	259.0	6.0	10.0	7.0	13.0	0.0
3	8	6	-3.1546148859670713	0.9991963833301589	0.5777777777777778	8185.0	314.0	243.0	24.0	3.0	866.0	43.0	10.0	17.0	259.0	7.0	10.0	6.0	13.0	0.0
6	3	8	-0.8493193923757499	0.8021482502750682	1.5833333333333333	8185.0	243.0	866.0	17.0	10.0	314.0	24.0	3.0	43.0	259.0	6.0	10.0	13.0	7.0	0.0
3	6	9	0.6571750800289854	0.25553410980318847	0.9826589595375722	8316.0	112.0	329.0	12.0	0.0	875.0	9.0	9.0	179.0	124.0	5.0	20.0	2.0	8.0	0.0
3	9	6	-36.58274612161354	1.0	0.5044510385756678	8316.0	329.0	112.0	12.0	0.0	875.0	179.0	20.0	9.0	124.0	2.0	9.0	5.0	8.0	0.0
6	3	9	-0.6455778727343563	0.7407236757194419	1.0182926829268293	8316.0	112.0	875.0	9.0	9.0	329.0	12.0	0.0	179.0	124.0	5.0	20.0	8.0	2.0	0.0
3	7	8	0.9853780252749422	0.1622192139533749	0.8125	8187.0	243.0	312.0	24.0	3.0	863.0	18.0	11.0	44.0	259.0	5.0	12.0	6.0	13.0	0.0
3	8	7	-3.2845934175831406	0.9994892924344168	0.5652173913043479	8187.0	312.0	243.0	24.0	3.0	863.0	44.0	12.0	18.0	259.0	6.0	11.0	5.0	13.0	0.0
7	3	8	-0.7579830963653402	0.7757695159702891	1.4285714285714286	8187.0	243.0	863.0	18.0	11.0	312.0	24.0	3.0	44.0	259.0	5.0	12.0	13.0	6.0	0.0
3	7	9	0.6571750800289854	0.25553410980318847	0.9826589595375722	8318.0	112.0	327.0	12.0	0.0	874.0	9.0	9.0	179.0	124.0	5.0	21.0	2.0	8.0	0.0
3	9	7	-36.58274612161354	1.0	0.5044510385756678	8318.0	327.0	112.0	12.0	0.0	874.0	179.0	21.0	9.0	124.0	2.0	9.0	5.0	8.0	0.0
7	3	9	-0.6455778727343563	0.7407236757194419	1.0182926829268293	8318.0	112.0	874.0	9.0	9.0	327.0	12.0	0.0	179.0	124.0	5.0	21.0	8.0	2.0	0.0
3	8	9	0.42783818797949225	0.3343845026211394	0.9863013698630136	8389.0	110.0	256.0	12.0	2.0	900.0	10.0	9.0	154.0	124.0	5.0	20.0	1.0	8.0	0.0
3	9	8	-30.37651134654394	1.0	0.5034965034965035	8389.0	256.0	110.0	12.0	2.0	900.0	154.0	20.0	10.0	124.0	1.0	9.0	5.0	8.0	0.0
8	3	9	-0.4218959909242215	0.6634494922895042	1.0142857142857142	8389.0	110.0	900.0	10.0	9.0	256.0	12.0	2.0	154.0	124.0	5.0	20.0	8.0	1.0	0.0
4	5	6	0.6768309976589213	0.24925652737743487	0.9578947368421052	8311.0	310.0	389.0	20.0	5.0	500.0	16.0	7.0	107.0	293.0	10.0	14.0	9.0	9.0	0.0
4	6	5	-14.721074199081526	1.0	0.5112359550561798	8311.0	389.0	310.0	20.0	5.0	500.0	107.0	14.0	16.0	293.0	9.0	7.0	10.0	9.0	0.0
5	4	6	-0.6470801845750126	0.7412100370954335	1.0481927710843373	8311.0	310.0	500.0	16.0	7.0	389.0	20.0	5.0	107.0	293.0	10.0	14.0	9.0	9.0	0.0
4	5	7	0.4992255114422562	0.3088102610338239	0.9680851063829787	8313.0	308.0	389.0	20.0	5.0	498.0	17.0	8.0	108.0	293.0	9.0	14.0	9.0	9.0	0.0
4	7	5	-14.643948335639514	1.0	0.5083798882681565	8313.0	389.0	308.0	20.0	5.0	498.0	108.0	14.0	17.0	293.0	9.0	8.0	9.0	9.0	0.0
5	4	7	-0.4827675275485555	0.6853695871828029	1.035294117647059	8313.0	308.0	498.0	17.0	8.0	389.0	20.0	5.0	108.0	293.0	9.0	14.0	9.0	9.0	0.0
4	5	8	-1.0899189547577974	0.8621255355838792	1.0555555555555556	8376.0	245.0	397.0	11.0	6.0	498.0	17.0	8.0	131.0	272.0	7.0	16.0	7.0	7.0	2.0
4	8	5	-21.798379095155948	1.0	0.48717948717948717	8376.0	397.0	245.0	11.0	6.0	498.0	131.0	16.0	17.0	272.0	7.0	8.0	7.0	7.0	2.0
5	4	8	1.1472831102713659	0.12563237211589307	0.9523809523809523	8376.0	245.0	498.0	17.0	8.0	397.0	11.0	6.0	131.0	272.0	7.0	16.0	7.0	7.0	2.0
4	5	9	1.696481703235939	0.04489731768078964	0.9743589743589743	8505.0	116.0	399.0	12.0	3.0	516.0	5.0	2.0	271.0	130.0	9.0	28.0	1.0	3.0	0.0
4	9	5	-62.76982301972983	1.0	0.5066666666666666	8505.0	399.0	116.0	12.0	3.0	516.0	271.0	28.0	5.0	130.0	1.0	2.0	9.0	3.0	0.0
5	4	9	-1.6518374478876245	0.9507161697093138	1.0277777777777777	8505.0	116.0	516.0	5.0	2.0	399.0	12.0	3.0	271.0	130.0	9.0	28.0	3.0	1.0	0.0
4	6	7	0.494571549809412	0.3104512959027752	0.0	8636.0	64.0	66.0	267.0	2.0	618.0	2.0	1.0	2.0	316.0	0.0	0.0	1.0	25.0	0.0
4	7	6	0.494571549809412	0.3104512959027752	0.0	8636.0	66.0	64.0	267.0	2.0	618.0	2.0	0.0	2.0	316.0	1.0	1.0	0.0	25.0	0.0
6	4	7	-130.87417155607028	1.0	0.5	8636.0	64.0	618.0	2.0	1.0	66.0	267.0	2.0	2.0	316.0	0.0	0.0	25.0	1.0	0.0
4	6	8	-0.6509663898939902	0.7424659708656112	1.2105263157894737	8455.0	245.0	318.0	13.0	4.0	596.0	17.0	8.0	40.0	273.0	5.0	9.0	6.0	10.0	1.0
4	8	6	-4.394023131784434	0.9999944319031413	0.46	8455.0	318.0	245.0	13.0	4.0	596.0	40.0	9.0	17.0	273.0	6.0	8.0	5.0	10.0	1.0
6	4	8	0.7641779359625102	0.22238054028986765	0.8709677419354839	8455.0	245.0	596.0	17.0	8.0	318.0	13.0	4.0	40.0	273.0	5.0	9.0	10.0	6.0	1.0
4	6	9	1.7246291862726317	0.04229712428180943	0.9675675675675676	8578.0	122.0	326.0	9.0	0.0	613.0	3.0	5.0	182.0	131.0	5.0	20.0	2.0	4.0	0.0
4	9	6	-49.726808204194185	1.0	0.5085227272727274	8578.0	326.0	122.0	9.0	0.0	613.0	182.0	20.0	3.0	131.0	2.0	5.0	5.0	4.0	0.0
6	4	9	-1.6668203867327667	0.9522249576607562	1.035928143712575	8578.0	122.0	613.0	3.0	5.0	326.0	9.0	0.0	182.0	131.0	5.0	20.0	4.0	2.0	0.0
4	7	8	-0.7739082117834976	0.7805075283499342	1.277777777777778	8456.0	246.0	317.0	13.0	3.0	594.0	18.0	8.0	41.0	273.0	5.0	10.0	5.0	10.0	1.0
4	8	7	-4.333885985987586	0.9999926695126711	0.45098039215686275	8456.0	317.0	246.0	13.0	3.0	594.0	41.0	10.0	18.0	273.0	5.0	8.0	5.0	10.0	1.0
7	4	8	0.9421491273886056	0.17305813472629406	0.8484848484848485	8456.0	246.0	594.0	18.0	8.0	317.0	13.0	3.0	41.0	273.0	5.0	10.0	10.0	5.0	1.0
4	7	9	1.7246332699765687	0.04229675607399774	0.967741935483871	8580.0	122.0	324.0	9.0	0.0	612.0	3.0	5.0	183.0	131.0	5.0	20.0	2.0	4.0	0.0
4	9	7	-50.01436482932049	1.0	0.5084745762711865	8580.0	324.0	122.0	9.0	0.0	612.0	183.0	20.0	3.0	131.0	2.0	5.0	5.0	4.0	0.0
7	4	9	-1.6671454943106832	0.952257281480623	1.0357142857142858	8580.0	122.0	612.0	3.0	5.0	324.0	9.0	0.0	183.0	131.0	5.0	20.0	4.0	2.0	0.0
4	8	9	1.3862446446799412	0.08283616388880188	0.9691358024691358	8653.0	120.0	251.0	9.0	2.0	636.0	4.0	5.0	161.0	131.0	4.0	18.0	1.0	4.0	1.0
4	9	8	-42.141837198270196	1.0	0.5080906148867314	8653.0	251.0	120.0	9.0	2.0	636.0	161.0	18.0	4.0	131.0	1.0	5.0	4.0	4.0	1.0
8	4	9	-1.3420967260595609	0.9102176183278451	1.034013605442177	8653.0	120.0	636.0	4.0	5.0	251.0	9.0	2.0	161.0	131.0	4.0	18.0	4.0	1.0	1.0
5	6	7	0.4433136190586435	0.3287694820361613	0.0037593984962406017	8747.0	64.0	64.0	267.0	2.0	507.0	2.0	1.0	3.0	319.0	0.0	1.0	1.0	22.0	0.0
5	7	6	-99999.9	1.0	-0.0038022813688212928	8747.0	64.0	64.0	267.0	2.0	507.0	3.0	1.0	2.0	319.0	1.0	1.0	0.0	22.0	0.0
6	5	7	-117.03479543148121	1.0	0.499054820415879	8747.0	64.0	507.0	2.0	1.0	64.0	267.0	2.0	3.0	319.0	0.0	1.0	22.0	1.0	0.0
5	6	8	0.6734612113543483	0.2503268924992146	0.9142857142857143	8557.0	254.0	317.0	12.0	4.0	494.0	9.0	7.0	41.0	275.0	6.0	9.0	6.0	9.0	0.0
5	8	6	-6.5101250430920325	0.9999999999622697	0.5245901639344263	8557.0	317.0	254.0	12.0	4.0	494.0	41.0	9.0	9.0	275.0	6.0	7.0	6.0	9.0	0.0
6	5	8	-0.6103242227898782	0.7291765244923876	1.1153846153846154	8557.0	254.0	494.0	9.0	7.0	317.0	12.0	4.0	41.0	275.0	6.0	9.0	9.0	6.0	0.0
5	6	9	-0.2565046489687207	0.6012193467162288	1.0057803468208093	8695.0	116.0	326.0	7.0	0.0	496.0	8.0	6.0	182.0	135.0	5.0	20.0	2.0	2.0	0.0
5	9	6	-44.88831356952611	1.0	0.49856733524355307	8695.0	326.0	116.0	7.0	0.0	496.0	182.0	20.0	8.0	135.0	2.0	6.0	5.0	2.0	0.0
6	5	9	0.25797881361796626	0.39821168739236634	0.9943181818181818	8695.0	116.0	496.0	8.0	6.0	326.0	7.0	0.0	182.0	135.0	5.0	20.0	2.0	2.0	0.0
5	7	8	0.4362704350232257	0.3313202973438907	0.9393939393939394	8556.0	255.0	318.0	12.0	3.0	494.0	10.0	7.0	41.0	275.0	6.0	9.0	5.0	9.0	0.0
5	8	7	-6.325921307836767	0.9999999998735789	0.5166666666666667	8556.0	318.0	255.0	12.0	3.0	494.0	41.0	9.0	10.0	275.0	5.0	7.0	6.0	9.0	0.0
7	5	8	-0.4081239553443079	0.6584086173575432	1.0740740740740742	8556.0	255.0	494.0	10.0	7.0	318.0	12.0	3.0	41.0	275.0	6.0	9.0	9.0	5.0	0.0
5	7	9	-0.2565046489687207	0.6012193467162288	1.0057803468208093	8695.0	116.0	326.0	7.0	0.0	497.0	8.0	6.0	182.0	135.0	5.0	19.0	2.0	2.0	0.0
5	9	7	-44.88831356952611	1.0	0.49856733524355307	8695.0	326.0	116.0	7.0	0.0	497.0	182.0	19.0	8.0	135.0	2.0	6.0	5.0	2.0	0.0
7	5	9	0.25797881361796626	0.39821168739236634	0.9943181818181818	8695.0	116.0	497.0	8.0	6.0	326.0	7.0	0.0	182.0	135.0	5.0	19.0	2.0	2.0	0.0
5	8	9	-0.7607594422249063	0.7765996851198411	1.0214285714285714	8759.0	115.0	262.0	6.0	2.0	530.0	9.0	5.0	152.0	134.0	4.0	16.0	2.0	4.0	0.0
5	9	8	-37.02362618827879	1.0	0.49480968858131485	8759.0	262.0	115.0	6.0	2.0	530.0	152.0	16.0	9.0	134.0	2.0	5.0	4.0	4.0	0.0
8	5	9	0.776719430523331	0.21866209581124763	0.9798657718120806	8759.0	115.0	530.0	9.0	5.0	262.0	6.0	2.0	152.0	134.0	4.0	16.0	4.0	2.0	0.0
6	7	8	-0.5664015630311908	0.7144396182942	1.0033557046979866	8986.0	268.0	65.0	1.0	1.0	64.0	2.0	2.0	301.0	294.0	13.0	2.0	0.0	1.0	0.0
6	8	7	-169.92046890935927	1.0	0.49916527545909856	8986.0	65.0	268.0	1.0	1.0	64.0	301.0	2.0	2.0	294.0	0.0	2.0	13.0	1.0	0.0
7	6	8	0.5682958826399908	0.2849170018027223	0.9966777408637874	8986.0	268.0	64.0	2.0	2.0	65.0	1.0	1.0	301.0	294.0	13.0	2.0	1.0	0.0	0.0
6	7	9	0.0	0.49999999949999996	nan	9125.0	129.0	66.0	1.0	0.0	67.0	1.0	0.0	458.0	143.0	7.0	3.0	0.0	0.0	0.0
6	9	7	-315.3599606194627	1.0	0.5	9125.0	66.0	129.0	1.0	0.0	67.0	458.0	3.0	1.0	143.0	0.0	0.0	7.0	0.0	0.0
7	6	9	0.0	0.49999999949999996	nan	9125.0	129.0	67.0	1.0	0.0	66.0	1.0	0.0	458.0	143.0	7.0	3.0	0.0	0.0	0.0
6	8	9	-0.37369075572718957	0.6456827391830193	1.0067114093959733	8926.0	125.0	265.0	3.0	2.0	363.0	4.0	0.0	154.0	138.0	4.0	11.0	2.0	3.0	0.0
6	9	8	-56.42730411480543	1.0	0.4983388704318937	8926.0	265.0	125.0	3.0	2.0	363.0	154.0	11.0	4.0	138.0	2.0	0.0	4.0	3.0	0.0
8	6	9	0.37618202743203744	0.3533908460512486	0.993421052631579	8926.0	125.0	363.0	4.0	0.0	265.0	3.0	2.0	154.0	138.0	4.0	11.0	3.0	2.0	0.0
7	8	9	-0.37369075572718957	0.6456827391830193	1.0067114093959733	8925.0	125.0	267.0	3.0	2.0	364.0	4.0	0.0	154.0	138.0	4.0	9.0	2.0	3.0	0.0
7	9	8	-56.42730411480543	1.0	0.4983388704318937	8925.0	267.0	125.0	3.0	2.0	364.0	154.0	9.0	4.0	138.0	2.0	0.0	4.0	3.0	0.0
8	7	9	0.37618202743203744	0.3533908460512486	0.993421052631579	8925.0	125.0	364.0	4.0	0.0	267.0	3.0	2.0	154.0	138.0	4.0	9.0	3.0	2.0	0.0
