P1	Hybrid	P2	Zscore	Pvalue	Gamma	AAAA	AAAB	AABA	AABB	AABC	ABAA	ABAB	ABAC	ABBA	BAAA	ABBC	CABC	BACA	BCAA	ABCD
1	2	3	0.5751052707709637	0.28261001346100967	0.00617283950617284	37322.0	1574.0	1551.0	1757.0	120.0	3485.0	147.0	81.0	157.0	3270.0	64.0	69.0	92.0	301.0	10.0
1	3	2	-99999.9	1.0	-0.006289308176100629	37322.0	1551.0	1574.0	1757.0	120.0	3485.0	157.0	69.0	147.0	3270.0	92.0	81.0	64.0	301.0	10.0
2	1	3	-92.0168433233542	1.0	0.49844236760124605	37322.0	1574.0	3485.0	147.0	81.0	1551.0	1757.0	120.0	157.0	3270.0	64.0	69.0	301.0	92.0	10.0
1	2	4	0.731114432131225	0.23235456071355365	0.9795081967213115	36415.0	2481.0	3103.0	222.0	103.0	3395.0	207.0	111.0	924.0	2439.0	128.0	211.0	116.0	132.0	13.0
1	4	2	-34.21615542374132	1.0	0.5052854122621564	36415.0	3103.0	2481.0	222.0	103.0	3395.0	924.0	211.0	207.0	2439.0	116.0	111.0	128.0	132.0	13.0
2	1	4	-0.7158191511242956	0.7629485566615755	1.0218340611353711	36415.0	2481.0	3395.0	207.0	111.0	3103.0	222.0	103.0	924.0	2439.0	128.0	211.0	132.0	116.0	13.0
1	2	5	0.4935949604907111	0.3107961322843025	0.9916820702402958	36762.0	2134.0	3164.0	172.0	92.0	3425.0	163.0	125.0	1236.0	2143.0	112.0	240.0	107.0	114.0	11.0
1	5	2	-58.35389310690197	1.0	0.5021057557323351	36762.0	3164.0	2134.0	172.0	92.0	3425.0	1236.0	240.0	163.0	2143.0	107.0	125.0	112.0	114.0	11.0
2	1	5	-0.48945483500663245	0.6877401344709944	1.0085308056872038	36762.0	2134.0	3425.0	163.0	125.0	3164.0	172.0	92.0	1236.0	2143.0	112.0	240.0	114.0	107.0	11.0
1	2	6	0.5967150243673083	0.2753487831344277	0.989786443825441	36789.0	2107.0	3161.0	177.0	90.0	3421.0	166.0	126.0	1232.0	2148.0	111.0	241.0	107.0	111.0	13.0
1	6	2	-57.23039551886451	1.0	0.5025931164545026	36789.0	3161.0	2107.0	177.0	90.0	3421.0	1232.0	241.0	166.0	2148.0	107.0	126.0	111.0	111.0	13.0
2	1	6	-0.5905575522584523	0.7225915878753094	1.010536398467433	36789.0	2107.0	3421.0	166.0	126.0	3161.0	177.0	90.0	1232.0	2148.0	111.0	241.0	111.0	107.0	13.0
1	2	7	0.20187292906460752	0.4200080591305432	0.9961464354527938	36733.0	2163.0	3131.0	199.0	98.0	3403.0	195.0	115.0	1229.0	2150.0	112.0	242.0	107.0	111.0	12.0
1	7	2	-51.98227923413657	1.0	0.5009689922480619	36733.0	3131.0	2163.0	199.0	98.0	3403.0	1229.0	242.0	195.0	2150.0	107.0	115.0	112.0	111.0	12.0
2	1	7	-0.20109198930033437	0.5796866515336236	1.003898635477583	36733.0	2163.0	3403.0	195.0	115.0	3131.0	199.0	98.0	1229.0	2150.0	112.0	242.0	111.0	107.0	12.0
1	2	8	-1.4063554668548637	0.9201906481576404	1.028	36736.0	2160.0	3162.0	178.0	88.0	3387.0	206.0	120.0	1234.0	2134.0	123.0	241.0	108.0	109.0	14.0
1	8	2	-53.03969189281199	1.0	0.4932821497120921	36736.0	3162.0	2160.0	178.0	88.0	3387.0	1234.0	241.0	206.0	2134.0	108.0	120.0	123.0	109.0	14.0
2	1	8	1.4446608686758133	0.07427662776640398	0.974169741697417	36736.0	2160.0	3387.0	206.0	120.0	3162.0	178.0	88.0	1234.0	2134.0	123.0	241.0	109.0	108.0	14.0
1	2	9	0.3271263232300064	0.37178623997582394	0.994823123382226	36916.0	1980.0	3191.0	172.0	65.0	3443.0	166.0	104.0	1319.0	2060.0	112.0	262.0	105.0	95.0	10.0
1	9	2	-62.535648790802945	1.0	0.501304347826087	36916.0	3191.0	1980.0	172.0	65.0	3443.0	1319.0	262.0	166.0	2060.0	105.0	104.0	112.0	95.0	10.0
2	1	9	-0.3254240179920359	0.6275698413460649	1.0052585451358458	36916.0	1980.0	3443.0	166.0	104.0	3191.0	172.0	65.0	1319.0	2060.0	112.0	262.0	95.0	105.0	10.0
1	3	4	0.8162691593995713	0.20717304850680263	0.977088948787062	36412.0	2461.0	3106.0	230.0	115.0	3386.0	213.0	112.0	938.0	2449.0	122.0	206.0	100.0	133.0	17.0
1	4	3	-33.99520969734684	1.0	0.5059316120027914	36412.0	3106.0	2461.0	230.0	115.0	3386.0	938.0	206.0	213.0	2449.0	100.0	112.0	122.0	133.0	17.0
3	1	4	-0.7971290549722709	0.7873120188259579	1.0246020260492041	36412.0	2461.0	3386.0	213.0	112.0	3106.0	230.0	115.0	938.0	2449.0	122.0	206.0	133.0	100.0	17.0
1	3	5	-0.42959609107752333	0.6662552237045164	1.0074557315936625	36735.0	2138.0	3191.0	168.0	92.0	3401.0	176.0	134.0	1257.0	2147.0	105.0	243.0	90.0	111.0	12.0
1	5	3	-58.478767897927895	1.0	0.49815668202764973	36735.0	3191.0	2138.0	168.0	92.0	3401.0	1257.0	243.0	176.0	2147.0	90.0	134.0	105.0	111.0	12.0
3	1	5	0.4327753405952109	0.3325890290623875	0.9927073837739289	36735.0	2138.0	3401.0	176.0	134.0	3191.0	168.0	92.0	1257.0	2147.0	105.0	243.0	111.0	90.0	12.0
1	3	6	-1.073166545770079	0.8584017649629379	1.0190114068441065	36754.0	2119.0	3196.0	160.0	95.0	3398.0	180.0	133.0	1252.0	2151.0	106.0	244.0	90.0	109.0	13.0
1	6	3	-58.594893399046335	1.0	0.49537892791127536	36754.0	3196.0	2119.0	160.0	95.0	3398.0	1252.0	244.0	180.0	2151.0	90.0	133.0	106.0	109.0	13.0
3	1	6	1.0931883096836996	0.1371556066554287	0.9820143884892086	36754.0	2119.0	3398.0	180.0	133.0	3196.0	160.0	95.0	1252.0	2151.0	106.0	244.0	109.0	90.0	13.0
1	3	7	-1.4822003588294625	0.9308564697238537	1.0298210735586482	36693.0	2180.0	3171.0	183.0	97.0	3378.0	213.0	120.0	1249.0	2148.0	112.0	247.0	91.0	109.0	9.0
1	7	3	-52.66751941707356	1.0	0.4928639391056137	36693.0	3171.0	2180.0	183.0	97.0	3378.0	1249.0	247.0	213.0	2148.0	91.0	120.0	112.0	109.0	9.0
3	1	7	1.5251212186411265	0.06361445522911224	0.9726277372262774	36693.0	2180.0	3378.0	213.0	120.0	3171.0	183.0	97.0	1249.0	2148.0	112.0	247.0	109.0	91.0	9.0
1	3	8	-2.2591570743093436	0.9880632289895095	1.0467479674796747	36704.0	2169.0	3194.0	173.0	84.0	3367.0	219.0	125.0	1249.0	2138.0	122.0	246.0	91.0	106.0	13.0
1	8	3	-52.84463069471418	1.0	0.4890788224121558	36704.0	3194.0	2169.0	173.0	84.0	3367.0	1249.0	246.0	219.0	2138.0	91.0	125.0	122.0	106.0	13.0
3	1	8	2.3600514679192757	0.009136184348689125	0.9590017825311943	36704.0	2169.0	3367.0	219.0	125.0	3194.0	173.0	84.0	1249.0	2138.0	122.0	246.0	106.0	91.0	13.0
1	3	9	-0.9157213818852727	0.8200934995730638	1.0148731408573928	36910.0	1963.0	3197.0	161.0	93.0	3429.0	178.0	104.0	1338.0	2055.0	116.0	257.0	98.0	96.0	5.0
1	9	3	-63.40023920464504	1.0	0.49636285836542576	36910.0	3197.0	1963.0	161.0	93.0	3429.0	1338.0	257.0	178.0	2055.0	98.0	104.0	116.0	96.0	5.0
3	1	9	0.9291414366197983	0.17640787828629712	0.9857621440536013	36910.0	1963.0	3429.0	178.0	104.0	3197.0	161.0	93.0	1338.0	2055.0	116.0	257.0	96.0	98.0	5.0
1	4	5	1.4464158600865629	0.07403034211916215	0.9276139410187667	37400.0	2118.0	2526.0	199.0	81.0	4212.0	172.0	146.0	518.0	2167.0	77.0	171.0	74.0	130.0	9.0
1	5	4	-17.08913553213383	1.0	0.5203007518796993	37400.0	2526.0	2118.0	199.0	81.0	4212.0	518.0	171.0	172.0	2167.0	74.0	146.0	77.0	130.0	9.0
4	1	5	-1.3335452582879006	0.9088234681710023	1.0924657534246576	37400.0	2118.0	4212.0	172.0	146.0	2526.0	199.0	81.0	518.0	2167.0	77.0	171.0	130.0	74.0	9.0
1	4	6	0.42284643481454764	0.33620369213826573	0.9766763848396501	37412.0	2106.0	2538.0	187.0	81.0	4208.0	179.0	143.0	514.0	2167.0	81.0	172.0	75.0	130.0	7.0
1	6	4	-17.283848023044627	1.0	0.5060422960725075	37412.0	2538.0	2106.0	187.0	81.0	4208.0	514.0	172.0	179.0	2167.0	75.0	143.0	81.0	130.0	7.0
4	1	6	-0.41274860950554343	0.6601045529521465	1.025078369905956	37412.0	2106.0	4208.0	179.0	143.0	2538.0	187.0	81.0	514.0	2167.0	81.0	172.0	130.0	75.0	7.0
1	4	7	-0.4411345879890017	0.6704421876050515	1.03125	37341.0	2177.0	2523.0	197.0	86.0	4193.0	206.0	131.0	503.0	2171.0	88.0	178.0	75.0	122.0	9.0
1	7	4	-14.998575991626016	1.0	0.4925373134328358	37341.0	2523.0	2177.0	197.0	86.0	4193.0	503.0	178.0	206.0	2171.0	75.0	131.0	88.0	122.0	9.0
4	1	7	0.4545023027765472	0.32473369048494893	0.9714285714285714	37341.0	2177.0	4193.0	206.0	131.0	2523.0	197.0	86.0	503.0	2171.0	88.0	178.0	122.0	75.0	9.0
1	4	8	-0.6275256815328404	0.7348427031255446	1.0462633451957295	37380.0	2138.0	2518.0	198.0	90.0	4181.0	211.0	138.0	505.0	2159.0	98.0	176.0	78.0	120.0	10.0
1	8	4	-14.819260325429395	1.0	0.4891846921797005	37380.0	2518.0	2138.0	198.0	90.0	4181.0	505.0	176.0	211.0	2159.0	78.0	138.0	98.0	120.0	10.0
4	1	8	0.6552734157502789	0.25614580343928606	0.959375	37380.0	2138.0	4181.0	211.0	138.0	2518.0	198.0	90.0	505.0	2159.0	98.0	176.0	120.0	78.0	10.0
1	4	9	-0.8897137067511491	0.8131902169127099	1.041871921182266	37537.0	1981.0	2570.0	166.0	70.0	4235.0	183.0	112.0	606.0	2070.0	86.0	183.0	78.0	120.0	3.0
1	9	4	-23.027884174735625	1.0	0.49015063731170333	37537.0	2570.0	1981.0	166.0	70.0	4235.0	606.0	183.0	183.0	2070.0	78.0	112.0	86.0	120.0	3.0
4	1	9	0.9254705223889022	0.17736058557858425	0.962800875273523	37537.0	1981.0	4235.0	183.0	112.0	2570.0	166.0	70.0	606.0	2070.0	86.0	183.0	120.0	78.0	3.0
1	5	6	-99999.9	1.0	-0.0055000000000000005	39617.0	309.0	333.0	2044.0	21.0	4847.0	33.0	21.0	22.0	2380.0	11.0	25.0	8.0	328.0	1.0
1	6	5	1.484302894189261	0.06886432555419242	0.005410723069355632	39617.0	333.0	309.0	2044.0	21.0	4847.0	22.0	25.0	33.0	2380.0	8.0	21.0	11.0	328.0	1.0
5	1	6	-271.3575563831459	1.0	0.5013637490701711	39617.0	309.0	4847.0	33.0	21.0	333.0	2044.0	21.0	22.0	2380.0	11.0	25.0	328.0	8.0	1.0
1	5	7	-99999.9	1.0	-0.05095541401273885	38638.0	1288.0	1226.0	1120.0	52.0	4693.0	130.0	78.0	82.0	2300.0	31.0	99.0	22.0	237.0	4.0
1	7	5	3.335569020299457	0.00042568116780272724	0.04419889502762431	38638.0	1226.0	1288.0	1120.0	52.0	4693.0	82.0	99.0	130.0	2300.0	22.0	78.0	31.0	237.0	4.0
5	1	7	-68.79611104367632	1.0	0.5118343195266272	38638.0	1288.0	4693.0	130.0	78.0	1226.0	1120.0	52.0	82.0	2300.0	31.0	99.0	237.0	22.0	4.0
1	5	8	-99999.9	1.0	-0.04893617021276596	38664.0	1262.0	1234.0	1120.0	44.0	4679.0	134.0	88.0	88.0	2288.0	37.0	95.0	26.0	237.0	4.0
1	8	5	3.1251987136384165	0.0008884922271369389	0.04267161410018553	38664.0	1234.0	1262.0	1120.0	44.0	4679.0	88.0	95.0	134.0	2288.0	26.0	88.0	37.0	237.0	4.0
5	1	8	-66.98795503581471	1.0	0.5113974231912785	38664.0	1262.0	4679.0	134.0	88.0	1234.0	1120.0	44.0	88.0	2288.0	37.0	95.0	237.0	26.0	4.0
1	5	9	0.549538329270858	0.2913180072334106	0.8863636363636362	37955.0	1971.0	2152.0	190.0	56.0	4601.0	180.0	120.0	258.0	2091.0	64.0	165.0	60.0	136.0	1.0
1	9	5	-3.7368606390418333	0.9999068058283006	0.5342465753424658	37955.0	2152.0	1971.0	190.0	56.0	4601.0	258.0	165.0	180.0	2091.0	60.0	120.0	64.0	136.0	1.0
5	1	9	-0.4790846973130557	0.684060802300076	1.1724137931034482	37955.0	1971.0	4601.0	180.0	120.0	2152.0	190.0	56.0	258.0	2091.0	64.0	165.0	136.0	60.0	1.0
1	6	7	-99999.9	1.0	-0.04375667022411953	38653.0	1297.0	1211.0	1110.0	53.0	4685.0	132.0	77.0	91.0	2297.0	33.0	98.0	23.0	235.0	5.0
1	7	6	2.7786709382426937	0.0027291477801143493	0.038679245283018866	38653.0	1211.0	1297.0	1110.0	53.0	4685.0	91.0	98.0	132.0	2297.0	23.0	77.0	33.0	235.0	5.0
6	1	7	-66.28146774637449	1.0	0.5102653980971457	38653.0	1297.0	4685.0	132.0	77.0	1211.0	1110.0	53.0	91.0	2297.0	33.0	98.0	235.0	23.0	5.0
1	6	8	-99999.9	1.0	-0.041711229946524056	38683.0	1267.0	1215.0	1110.0	49.0	4672.0	136.0	86.0	97.0	2285.0	39.0	93.0	27.0	235.0	6.0
1	8	6	2.5861498994096594	0.004852767080659293	0.0370722433460076	38683.0	1215.0	1267.0	1110.0	49.0	4672.0	97.0	93.0	136.0	2285.0	27.0	86.0	39.0	235.0	6.0
6	1	8	-64.58743594935916	1.0	0.5098137896326119	38683.0	1267.0	4672.0	136.0	86.0	1215.0	1110.0	49.0	97.0	2285.0	39.0	93.0	235.0	27.0	6.0
1	6	9	0.21783626361401276	0.41377838170640935	0.9565217391304348	37970.0	1980.0	2137.0	178.0	59.0	4598.0	174.0	122.0	262.0	2095.0	64.0	164.0	62.0	134.0	1.0
1	9	6	-4.574561535894254	0.9999976115076595	0.5116279069767442	37970.0	2137.0	1980.0	178.0	59.0	4598.0	262.0	164.0	174.0	2095.0	62.0	122.0	64.0	134.0	1.0
6	1	9	-0.20793461526792126	0.5823599590075019	1.05	37970.0	1980.0	4598.0	174.0	122.0	2137.0	178.0	59.0	262.0	2095.0	64.0	164.0	134.0	62.0	1.0
1	7	8	0.10203686486412045	0.4593636510892871	0.0	39324.0	540.0	574.0	1856.0	30.0	4782.0	48.0	44.0	48.0	2385.0	19.0	32.0	15.0	300.0	3.0
1	8	7	0.10203686486412045	0.4593636510892871	0.0	39324.0	574.0	540.0	1856.0	30.0	4782.0	48.0	32.0	48.0	2385.0	15.0	44.0	19.0	300.0	3.0
7	1	8	-184.43219385756237	1.0	0.5	39324.0	540.0	4782.0	48.0	44.0	574.0	1856.0	30.0	48.0	2385.0	19.0	32.0	300.0	15.0	3.0
1	7	9	0.608312099169316	0.2714901980784781	0.9202898550724637	37885.0	1979.0	2222.0	182.0	56.0	4585.0	171.0	118.0	298.0	2084.0	70.0	141.0	76.0	129.0	4.0
1	9	7	-6.414927591240065	0.9999999999292252	0.522633744855967	37885.0	2222.0	1979.0	182.0	56.0	4585.0	298.0	141.0	171.0	2084.0	76.0	118.0	70.0	129.0	4.0
7	1	9	-0.5556236496349657	0.7107659492958845	1.1047619047619048	37885.0	1979.0	4585.0	171.0	118.0	2222.0	182.0	56.0	298.0	2084.0	70.0	141.0	129.0	76.0	4.0
1	8	9	0.10652754673419235	0.4575818474637341	0.9841269841269841	37922.0	1976.0	2185.0	180.0	61.0	4567.0	178.0	117.0	302.0	2076.0	70.0	155.0	77.0	129.0	5.0
1	9	8	-6.498180350785787	0.9999999999591512	0.5040650406504066	37922.0	2185.0	1976.0	180.0	61.0	4567.0	302.0	155.0	178.0	2076.0	77.0	117.0	70.0	129.0	5.0
8	1	9	-0.10480936049654409	0.5417365128339695	1.0166666666666666	37922.0	1976.0	4567.0	178.0	117.0	2185.0	180.0	61.0	302.0	2076.0	70.0	155.0	129.0	77.0	5.0
2	3	4	0.32504607988078754	0.37257316702600274	0.997883149872989	38188.0	2619.0	1622.0	121.0	59.0	1610.0	116.0	51.0	2473.0	2622.0	233.0	155.0	55.0	69.0	7.0
2	4	3	-152.90167597592273	1.0	0.5005308982798896	38188.0	1622.0	2619.0	121.0	59.0	1610.0	2473.0	155.0	116.0	2622.0	55.0	51.0	233.0	69.0	7.0
3	2	4	-0.32435654640628436	0.627165874474122	1.002130379207499	38188.0	2619.0	1610.0	116.0	51.0	1622.0	121.0	59.0	2473.0	2622.0	233.0	155.0	69.0	55.0	7.0
2	3	5	-1.156518591848352	0.8762653923769907	1.0058415480102227	38517.0	2290.0	1670.0	87.0	45.0	1619.0	103.0	55.0	2858.0	2275.0	195.0	163.0	51.0	64.0	8.0
2	5	3	-200.29456362573632	1.0	0.4985522982265653	38517.0	1670.0	2290.0	87.0	45.0	1619.0	2858.0	163.0	103.0	2275.0	51.0	55.0	195.0	64.0	8.0
3	2	5	1.1632352152492864	0.12236710041783772	0.9942590599210621	38517.0	2290.0	1619.0	103.0	55.0	1670.0	87.0	45.0	2858.0	2275.0	195.0	163.0	64.0	51.0	8.0
2	3	6	-1.9719650612682558	0.9756932716437634	1.0099191770756797	38534.0	2273.0	1676.0	79.0	47.0	1618.0	106.0	53.0	2855.0	2279.0	194.0	161.0	51.0	62.0	12.0
2	6	3	-202.74722259558047	1.0	0.49755656108597285	38534.0	1676.0	2273.0	79.0	47.0	1618.0	2855.0	161.0	106.0	2279.0	51.0	53.0	194.0	62.0	12.0
3	2	6	1.9913332157441532	0.023222063844038354	0.9903674634320371	38534.0	2273.0	1618.0	106.0	53.0	1676.0	79.0	47.0	2855.0	2279.0	194.0	161.0	62.0	51.0	12.0
2	3	7	-2.201189586160856	0.9861387452457516	1.01193139448173	38470.0	2337.0	1666.0	88.0	48.0	1601.0	120.0	56.0	2834.0	2289.0	205.0	167.0	51.0	63.0	5.0
2	7	3	-188.88958136242843	1.0	0.4970695970695971	38470.0	1666.0	2337.0	88.0	48.0	1601.0	2834.0	167.0	120.0	2289.0	51.0	56.0	205.0	63.0	5.0
3	2	7	2.2271431848186114	0.012968809759308142	0.9884809215262779	38470.0	2337.0	1601.0	120.0	56.0	1666.0	88.0	48.0	2834.0	2289.0	205.0	167.0	63.0	51.0	5.0
2	3	8	-1.1272674313166	0.8701852344838434	1.0058565153733527	38455.0	2352.0	1668.0	92.0	42.0	1616.0	108.0	53.0	2856.0	2261.0	211.0	165.0	52.0	64.0	5.0
2	8	3	-194.73544875994298	1.0	0.49854862119013066	38455.0	1668.0	2352.0	92.0	42.0	1616.0	2856.0	165.0	108.0	2261.0	52.0	53.0	211.0	64.0	5.0
3	2	8	1.1338308515862745	0.12843280659537226	0.9942446043165467	38455.0	2352.0	1616.0	108.0	53.0	1668.0	92.0	42.0	2856.0	2261.0	211.0	165.0	64.0	52.0	5.0
2	3	9	-1.4726437170203979	0.9295763975635002	1.0067043048694424	38686.0	2121.0	1673.0	73.0	56.0	1653.0	92.0	32.0	2945.0	2185.0	198.0	174.0	50.0	54.0	8.0
2	9	3	-222.60172396224084	1.0	0.49834061135371177	38686.0	1673.0	2121.0	73.0	56.0	1653.0	2945.0	174.0	92.0	2185.0	50.0	32.0	198.0	54.0	8.0
3	2	9	1.482451018325476	0.0691101983977882	0.9934278796264269	38686.0	2121.0	1653.0	92.0	32.0	1673.0	73.0	56.0	2945.0	2185.0	198.0	174.0	54.0	50.0	8.0
2	4	5	1.4929680988908705	0.067722800519053	0.9287531806615776	37669.0	2141.0	2518.0	201.0	80.0	3943.0	173.0	122.0	538.0	2179.0	76.0	159.0	77.0	116.0	8.0
2	5	4	-17.968937475936546	1.0	0.51994301994302	37669.0	2518.0	2141.0	201.0	80.0	3943.0	538.0	159.0	173.0	2179.0	77.0	122.0	76.0	116.0	8.0
4	2	5	-1.378439039249927	0.9159660528323122	1.0906148867313916	37669.0	2141.0	3943.0	173.0	122.0	2518.0	201.0	80.0	538.0	2179.0	76.0	159.0	116.0	77.0	8.0
2	4	6	0.36487792721458856	0.35760132735759087	0.9804469273743017	37680.0	2130.0	2530.0	191.0	78.0	3940.0	184.0	114.0	535.0	2176.0	82.0	159.0	76.0	117.0	8.0
2	6	4	-17.931143851688358	1.0	0.5050359712230217	37680.0	2530.0	2130.0	191.0	78.0	3940.0	535.0	159.0	184.0	2176.0	76.0	114.0	82.0	117.0	8.0
4	2	6	-0.3576011594353803	0.639679031280585	1.0207715133531157	37680.0	2130.0	3940.0	184.0	114.0	2530.0	191.0	78.0	535.0	2176.0	82.0	159.0	117.0	76.0	8.0
2	4	7	-0.44613428438223496	0.6722498481383372	1.0287539936102237	37620.0	2190.0	2516.0	193.0	90.0	3914.0	202.0	122.0	524.0	2183.0	86.0	164.0	75.0	114.0	7.0
2	7	4	-16.407827570057744	1.0	0.4931087289433384	37620.0	2516.0	2190.0	193.0	90.0	3914.0	524.0	164.0	202.0	2183.0	75.0	122.0	86.0	114.0	7.0
4	2	7	0.45860387618173837	0.3232593471684999	0.9735294117647059	37620.0	2190.0	3914.0	202.0	122.0	2516.0	193.0	90.0	524.0	2183.0	86.0	164.0	114.0	75.0	7.0
2	4	8	1.1587927268085454	0.12327039982213295	0.9410187667560322	37620.0	2190.0	2503.0	201.0	95.0	3941.0	179.0	118.0	530.0	2164.0	99.0	166.0	78.0	112.0	4.0
2	8	4	-17.329218505455064	1.0	0.5161764705882353	37620.0	2503.0	2190.0	201.0	95.0	3941.0	530.0	166.0	179.0	2164.0	78.0	118.0	99.0	112.0	4.0
4	2	8	-1.0861618436467564	0.8612962622039504	1.0716612377850163	37620.0	2190.0	3941.0	179.0	118.0	2503.0	201.0	95.0	530.0	2164.0	99.0	166.0	112.0	78.0	4.0
2	4	9	-0.5438311584628388	0.7067211914395883	1.0229357798165137	37785.0	2025.0	2574.0	160.0	65.0	3987.0	170.0	81.0	616.0	2086.0	91.0	169.0	71.0	110.0	10.0
2	9	4	-24.798700825905435	1.0	0.49445676274944567	37785.0	2574.0	2025.0	160.0	65.0	3987.0	616.0	169.0	170.0	2086.0	71.0	81.0	91.0	110.0	10.0
4	2	9	0.5560246821951895	0.2890969610409808	0.9785407725321889	37785.0	2025.0	3987.0	170.0	81.0	2574.0	160.0	65.0	616.0	2086.0	91.0	169.0	110.0	71.0	10.0
2	5	6	-99999.9	1.0	-0.005448241703813769	39875.0	312.0	335.0	2065.0	22.0	4589.0	35.0	16.0	24.0	2394.0	11.0	21.0	7.0	293.0	1.0
2	6	5	1.4332755959198078	0.07588959393262584	0.005360623781676413	39875.0	335.0	312.0	2065.0	22.0	4589.0	24.0	21.0	35.0	2394.0	7.0	16.0	11.0	293.0	1.0
5	2	6	-264.5044963379284	1.0	0.5013510194055515	39875.0	312.0	4589.0	35.0	16.0	335.0	2065.0	22.0	24.0	2394.0	11.0	21.0	293.0	7.0	1.0
2	5	7	-99999.9	1.0	-0.04266389177939646	38895.0	1292.0	1241.0	1131.0	50.0	4436.0	129.0	75.0	88.0	2309.0	32.0	78.0	22.0	217.0	5.0
2	7	5	2.815484006068998	0.0024352527747274477	0.03782287822878229	38895.0	1241.0	1292.0	1131.0	50.0	4436.0	88.0	78.0	129.0	2309.0	22.0	75.0	32.0	217.0	5.0
5	2	7	-68.80768229466182	1.0	0.5100244498777506	38895.0	1292.0	4436.0	129.0	75.0	1241.0	1131.0	50.0	88.0	2309.0	32.0	78.0	217.0	22.0	5.0
2	5	8	-99999.9	1.0	-0.0038797284190106693	38884.0	1303.0	1239.0	1140.0	43.0	4459.0	105.0	76.0	101.0	2290.0	38.0	77.0	26.0	215.0	4.0
2	8	5	0.2791405012301577	0.39006856606724893	0.0038350910834132313	38884.0	1239.0	1303.0	1140.0	43.0	4459.0	101.0	77.0	105.0	2290.0	26.0	76.0	38.0	215.0	4.0
5	2	8	-72.2276046933031	1.0	0.5009643201542912	38884.0	1303.0	4459.0	105.0	76.0	1239.0	1140.0	43.0	101.0	2290.0	38.0	77.0	215.0	26.0	4.0
2	5	9	0.7280505774857632	0.23329124374480992	0.8586956521739131	38182.0	2005.0	2177.0	189.0	56.0	4374.0	176.0	90.0	255.0	2102.0	72.0	143.0	49.0	126.0	4.0
2	9	5	-3.696256778004647	0.9998905685046665	0.5448275862068965	38182.0	2177.0	2005.0	189.0	56.0	4374.0	255.0	143.0	176.0	2102.0	49.0	90.0	72.0	126.0	4.0
5	2	9	-0.6082447862539287	0.7284874834808774	1.2452830188679245	38182.0	2005.0	4374.0	176.0	90.0	2177.0	189.0	56.0	255.0	2102.0	72.0	143.0	126.0	49.0	4.0
2	6	7	-99999.9	1.0	-0.034482758620689655	38910.0	1300.0	1226.0	1122.0	51.0	4428.0	132.0	74.0	99.0	2304.0	33.0	75.0	24.0	216.0	6.0
2	7	6	2.1952228659064494	0.014073758509352774	0.03125	38910.0	1226.0	1300.0	1122.0	51.0	4428.0	99.0	75.0	132.0	2304.0	24.0	74.0	33.0	216.0	6.0
6	2	7	-65.85668597719345	1.0	0.5081967213114755	38910.0	1300.0	4428.0	132.0	74.0	1226.0	1122.0	51.0	99.0	2304.0	33.0	75.0	216.0	24.0	6.0
2	6	8	0.34013304300134317	0.36687823639868267	0.004859086491739553	38902.0	1308.0	1221.0	1130.0	48.0	4453.0	106.0	75.0	111.0	2286.0	39.0	73.0	29.0	214.0	5.0
2	8	6	-99999.9	1.0	-0.004930966469428009	38902.0	1221.0	1308.0	1130.0	48.0	4453.0	111.0	73.0	106.0	2286.0	29.0	75.0	39.0	214.0	5.0
6	2	8	-69.3191141636739	1.0	0.4987763093489966	38902.0	1308.0	4453.0	106.0	75.0	1221.0	1130.0	48.0	111.0	2286.0	39.0	73.0	214.0	29.0	5.0
2	6	9	0.21788898541682594	0.4137578420635343	0.9560439560439561	38199.0	2011.0	2160.0	178.0	61.0	4369.0	174.0	91.0	261.0	2103.0	72.0	142.0	50.0	126.0	3.0
2	9	6	-4.5211964473991255	0.9999969225403755	0.511764705882353	38199.0	2160.0	2011.0	178.0	61.0	4369.0	261.0	142.0	174.0	2103.0	50.0	91.0	72.0	126.0	3.0
6	2	9	-0.2078711010298454	0.5823351622734736	1.0506329113924051	38199.0	2011.0	4369.0	174.0	91.0	2160.0	178.0	61.0	261.0	2103.0	72.0	142.0	126.0	50.0	3.0
2	7	8	3.525243925534245	0.0002115889735336829	0.01854795972443031	39563.0	573.0	560.0	1884.0	29.0	4543.0	32.0	27.0	67.0	2374.0	19.0	27.0	15.0	283.0	4.0
2	8	7	-99999.9	1.0	-0.019640852974186305	39563.0	560.0	573.0	1884.0	29.0	4543.0	67.0	27.0	32.0	2374.0	15.0	27.0	19.0	283.0	4.0
7	2	8	-183.01052036273475	1.0	0.49523030798582723	39563.0	573.0	4543.0	32.0	27.0	560.0	1884.0	29.0	67.0	2374.0	19.0	27.0	283.0	15.0	4.0
2	7	9	0.3805938017440667	0.3517523972895279	0.9448818897637795	38134.0	2002.0	2225.0	182.0	66.0	4336.0	175.0	91.0	295.0	2091.0	74.0	141.0	61.0	122.0	5.0
2	9	7	-6.1438713710113655	0.9999999995957407	0.5150214592274679	38134.0	2225.0	2002.0	182.0	66.0	4336.0	295.0	141.0	175.0	2091.0	61.0	91.0	74.0	122.0	5.0
7	2	9	-0.3583924966423295	0.6399751337031007	1.0660377358490567	38134.0	2002.0	4336.0	175.0	91.0	2225.0	182.0	66.0	295.0	2091.0	74.0	141.0	122.0	61.0	5.0
2	8	9	0.052202884206558366	0.4791834494345958	0.9887640449438202	38127.0	1996.0	2232.0	186.0	68.0	4362.0	185.0	90.0	273.0	2074.0	74.0	137.0	68.0	125.0	3.0
2	9	8	-4.541650925970567	0.9999972065280298	0.5028571428571429	38127.0	2232.0	1996.0	186.0	68.0	4362.0	273.0	137.0	185.0	2074.0	68.0	90.0	74.0	125.0	3.0
8	2	9	-0.05160966961330202	0.5205802105951318	1.0116279069767442	38127.0	1996.0	4362.0	185.0	90.0	2232.0	186.0	68.0	273.0	2074.0	74.0	137.0	125.0	68.0	3.0
3	4	5	2.5209603922736488	0.005851770293066161	0.8917050691244239	37640.0	2158.0	2496.0	212.0	78.0	3972.0	165.0	113.0	552.0	2184.0	76.0	167.0	77.0	100.0	10.0
3	5	4	-18.23673475261789	1.0	0.5323246217331499	37640.0	2496.0	2158.0	212.0	78.0	3972.0	552.0	167.0	165.0	2184.0	77.0	113.0	76.0	100.0	10.0
4	3	5	-2.214797243857986	0.9866130531824768	1.1604095563139931	37640.0	2158.0	3972.0	165.0	113.0	2496.0	212.0	78.0	552.0	2184.0	76.0	167.0	100.0	77.0	10.0
3	4	6	2.1748899766162624	0.01481912883814096	0.9065420560747663	37646.0	2152.0	2506.0	202.0	78.0	3974.0	162.0	114.0	550.0	2181.0	81.0	168.0	77.0	101.0	8.0
3	6	4	-18.92154279656147	1.0	0.5271739130434783	37646.0	2506.0	2152.0	202.0	78.0	3974.0	550.0	168.0	162.0	2181.0	77.0	114.0	81.0	101.0	8.0
4	3	6	-1.9506745151094314	0.9744521803804023	1.12987012987013	37646.0	2152.0	3974.0	162.0	114.0	2506.0	202.0	78.0	550.0	2181.0	81.0	168.0	101.0	77.0	8.0
3	4	7	1.3563286884610712	0.08749736786719353	0.9322916666666666	37581.0	2217.0	2490.0	208.0	88.0	3953.0	182.0	115.0	540.0	2183.0	89.0	174.0	75.0	99.0	6.0
3	7	4	-17.31927402188751	1.0	0.518840579710145	37581.0	2490.0	2217.0	208.0	88.0	3953.0	540.0	174.0	182.0	2183.0	75.0	115.0	89.0	99.0	6.0
4	3	7	-1.2578243703046805	0.8957722912518515	1.0849673202614378	37581.0	2217.0	3953.0	182.0	115.0	2490.0	208.0	88.0	540.0	2183.0	89.0	174.0	99.0	75.0	6.0
3	4	8	2.0757073157492965	0.01896044958561849	0.9048780487804878	37589.0	2209.0	2482.0	210.0	94.0	3972.0	171.0	107.0	542.0	2170.0	100.0	175.0	76.0	97.0	6.0
3	8	4	-17.670123816122228	1.0	0.5277382645803698	37589.0	2482.0	2209.0	210.0	94.0	3972.0	542.0	175.0	171.0	2170.0	76.0	107.0	100.0	97.0	6.0
4	3	8	-1.8575062771664863	0.9683804819002582	1.1331058020477816	37589.0	2209.0	3972.0	171.0	107.0	2482.0	210.0	94.0	542.0	2170.0	100.0	175.0	97.0	76.0	6.0
3	4	9	0.8334597210963166	0.20229270112285125	0.9695740365111561	37788.0	2010.0	2551.0	174.0	61.0	3984.0	159.0	107.0	637.0	2082.0	93.0	171.0	71.0	100.0	12.0
3	9	4	-25.72612339117298	1.0	0.5079702444208289	37788.0	2551.0	2010.0	174.0	61.0	3984.0	637.0	171.0	159.0	2082.0	71.0	107.0	93.0	100.0	12.0
4	3	9	-0.8073051273380639	0.7902547029809717	1.0334821428571428	37788.0	2010.0	3984.0	159.0	107.0	2551.0	174.0	61.0	637.0	2082.0	93.0	171.0	100.0	71.0	12.0
3	5	6	0.40441400185604803	0.3429542001680119	0.0014499758337361045	39818.0	318.0	334.0	2092.0	22.0	4646.0	26.0	19.0	29.0	2386.0	11.0	17.0	8.0	274.0	0.0
3	6	5	-99999.9	1.0	-0.0014563106796116505	39818.0	334.0	318.0	2092.0	22.0	4646.0	29.0	17.0	26.0	2386.0	8.0	19.0	11.0	274.0	0.0
5	3	6	-278.1020286096765	1.0	0.49963671591184305	39818.0	318.0	4646.0	26.0	19.0	334.0	2092.0	22.0	29.0	2386.0	11.0	17.0	274.0	8.0	0.0
3	5	7	-99999.9	1.0	-0.025717111770524232	38828.0	1308.0	1243.0	1155.0	50.0	4503.0	118.0	70.0	92.0	2302.0	32.0	72.0	20.0	200.0	7.0
3	7	5	1.8099989069878204	0.03514792420738089	0.023875114784205696	38828.0	1243.0	1308.0	1155.0	50.0	4503.0	92.0	72.0	118.0	2302.0	20.0	70.0	32.0	200.0	7.0
5	3	7	-72.19111025178356	1.0	0.5061904761904761	38828.0	1308.0	4503.0	118.0	70.0	1243.0	1155.0	50.0	92.0	2302.0	32.0	72.0	200.0	20.0	7.0
3	5	8	-99999.9	1.0	-0.007670182166826463	38827.0	1309.0	1244.0	1160.0	44.0	4516.0	109.0	66.0	101.0	2286.0	39.0	72.0	22.0	199.0	6.0
3	8	5	0.5538418149897628	0.28984352534750646	0.007497656982193065	38827.0	1244.0	1309.0	1160.0	44.0	4516.0	101.0	72.0	109.0	2286.0	22.0	66.0	39.0	199.0	6.0
5	3	8	-72.76096844428018	1.0	0.5018957345971564	38827.0	1309.0	4516.0	109.0	66.0	1244.0	1160.0	44.0	101.0	2286.0	39.0	72.0	199.0	22.0	6.0
3	5	9	1.805213887647928	0.03552055601670101	0.7372881355932204	38145.0	1991.0	2194.0	195.0	59.0	4411.0	164.0	116.0	251.0	2102.0	73.0	130.0	46.0	120.0	3.0
3	9	5	-3.2610315389769	0.9994449007092868	0.6083916083916083	38145.0	2194.0	1991.0	195.0	59.0	4411.0	251.0	130.0	164.0	2102.0	46.0	116.0	73.0	120.0	3.0
5	3	9	-1.1619767552676319	0.8773774874990367	2.24	38145.0	1991.0	4411.0	164.0	116.0	2194.0	195.0	59.0	251.0	2102.0	73.0	130.0	120.0	46.0	3.0
3	6	7	-99999.9	1.0	-0.03012048192771084	38834.0	1318.0	1237.0	1144.0	51.0	4504.0	118.0	70.0	88.0	2299.0	33.0	75.0	23.0	199.0	7.0
3	7	6	2.110314430631414	0.017415579416530935	0.027624309392265196	38834.0	1237.0	1318.0	1144.0	51.0	4504.0	88.0	75.0	118.0	2299.0	23.0	70.0	33.0	199.0	7.0
6	3	7	-72.17275352759442	1.0	0.5072046109510087	38834.0	1318.0	4504.0	118.0	70.0	1237.0	1144.0	51.0	88.0	2299.0	33.0	75.0	199.0	23.0	7.0
3	6	8	-99999.9	1.0	-0.011673151750972763	38836.0	1316.0	1235.0	1148.0	49.0	4519.0	108.0	65.0	96.0	2284.0	40.0	74.0	25.0	198.0	7.0
3	8	6	0.8441694984769086	0.19928729976881332	0.011278195488721806	38836.0	1235.0	1316.0	1148.0	49.0	4519.0	96.0	74.0	108.0	2284.0	25.0	65.0	40.0	198.0	7.0
6	3	8	-73.16135653466554	1.0	0.502868068833652	38836.0	1316.0	4519.0	108.0	65.0	1235.0	1148.0	49.0	96.0	2284.0	40.0	74.0	198.0	25.0	7.0
3	6	9	1.417085847280022	0.07822896589869399	0.7757009345794392	38154.0	1998.0	2185.0	185.0	62.0	4414.0	161.0	117.0	244.0	2103.0	73.0	134.0	48.0	119.0	3.0
3	9	6	-3.483669374563387	0.9997526594721728	0.5845070422535212	38154.0	2185.0	1998.0	185.0	62.0	4414.0	244.0	134.0	161.0	2103.0	48.0	117.0	73.0	119.0	3.0
6	3	9	-1.0073260842111	0.8431109378445921	1.6857142857142857	38154.0	1998.0	4414.0	161.0	117.0	2185.0	185.0	62.0	244.0	2103.0	73.0	134.0	119.0	48.0	3.0
3	7	8	1.6792887967353873	0.04654786289969404	0.008966244725738395	39509.0	562.0	562.0	1922.0	29.0	4597.0	43.0	27.0	60.0	2360.0	20.0	32.0	14.0	259.0	4.0
3	8	7	-99999.9	1.0	-0.00921409214092141	39509.0	562.0	562.0	1922.0	29.0	4597.0	60.0	32.0	43.0	2360.0	14.0	27.0	20.0	259.0	4.0
7	3	8	-183.93151408948796	1.0	0.4977278802459235	39509.0	562.0	4597.0	43.0	27.0	562.0	1922.0	29.0	60.0	2360.0	20.0	32.0	259.0	14.0	4.0
3	7	9	1.9136979695739371	0.027829312375106885	0.7692307692307692	38083.0	1988.0	2256.0	194.0	63.0	4387.0	161.0	119.0	271.0	2089.0	80.0	134.0	62.0	112.0	1.0
3	9	7	-4.465295262339185	0.9999959985483549	0.588235294117647	38083.0	2256.0	1988.0	194.0	63.0	4387.0	271.0	134.0	161.0	2089.0	62.0	119.0	80.0	112.0	1.0
7	3	9	-1.3395885787017558	0.9098103661607594	1.75	38083.0	1988.0	4387.0	161.0	119.0	2256.0	194.0	63.0	271.0	2089.0	80.0	134.0	112.0	62.0	1.0
3	8	9	1.6048120984852026	0.05426757945243654	0.7741935483870966	38089.0	1982.0	2250.0	197.0	66.0	4400.0	169.0	120.0	265.0	2075.0	77.0	127.0	68.0	113.0	2.0
3	9	8	-3.8974008106069227	0.9999513653854206	0.5853658536585366	38089.0	2250.0	1982.0	197.0	66.0	4400.0	265.0	127.0	169.0	2075.0	68.0	120.0	77.0	113.0	2.0
8	3	9	-1.1367419030936856	0.8721768479775084	1.7000000000000002	38089.0	1982.0	4400.0	169.0	120.0	2250.0	197.0	66.0	265.0	2075.0	77.0	127.0	113.0	68.0	2.0
4	5	6	1.192815973100333	0.11647079040461283	0.004362578768783325	41284.0	328.0	336.0	2078.0	22.0	3180.0	24.0	11.0	33.0	2452.0	11.0	11.0	8.0	222.0	0.0
4	6	5	-99999.9	1.0	-0.0044204322200392925	41284.0	336.0	328.0	2078.0	22.0	3180.0	33.0	11.0	24.0	2452.0	8.0	11.0	11.0	222.0	0.0
5	4	6	-271.03429611002065	1.0	0.4989021712612833	41284.0	328.0	3180.0	24.0	11.0	336.0	2078.0	22.0	33.0	2452.0	11.0	11.0	222.0	8.0	0.0
4	5	7	-99999.9	1.0	-0.0039100684261974585	40269.0	1343.0	1265.0	1123.0	48.0	3062.0	96.0	57.0	92.0	2371.0	33.0	50.0	23.0	163.0	5.0
4	7	5	0.29219348347443375	0.38506941422842944	0.0038647342995169085	40269.0	1265.0	1343.0	1123.0	48.0	3062.0	92.0	50.0	96.0	2371.0	23.0	57.0	33.0	163.0	5.0
5	4	7	-75.02067688206093	1.0	0.5009718172983479	40269.0	1343.0	3062.0	96.0	57.0	1265.0	1123.0	48.0	92.0	2371.0	33.0	50.0	163.0	23.0	5.0
4	5	8	0.07237336704342447	0.4711523207466629	0.0009727626459143969	40289.0	1323.0	1272.0	1122.0	42.0	3054.0	95.0	66.0	96.0	2359.0	41.0	49.0	23.0	164.0	5.0
4	8	5	-99999.9	1.0	-0.000975609756097561	40289.0	1272.0	1323.0	1122.0	42.0	3054.0	96.0	49.0	95.0	2359.0	23.0	66.0	41.0	164.0	5.0
5	4	8	-74.2550745865533	1.0	0.4997564539698003	40289.0	1323.0	3054.0	95.0	66.0	1272.0	1122.0	42.0	96.0	2359.0	41.0	49.0	164.0	23.0	5.0
4	5	9	1.3885428726703644	0.08248595639056111	0.8472222222222222	39548.0	2064.0	2224.0	154.0	58.0	3008.0	132.0	75.0	254.0	2174.0	68.0	97.0	50.0	89.0	5.0
4	9	5	-6.311558512138016	0.9999999998612734	0.5495495495495496	39548.0	2224.0	2064.0	154.0	58.0	3008.0	254.0	97.0	132.0	2174.0	50.0	75.0	68.0	89.0	5.0
5	4	9	-1.1381498956314462	0.8724709977449299	1.282051282051282	39548.0	2064.0	3008.0	132.0	75.0	2224.0	154.0	58.0	254.0	2174.0	68.0	97.0	89.0	50.0	5.0
4	6	7	-99999.9	1.0	-0.014985014985014984	40267.0	1353.0	1267.0	1113.0	48.0	3071.0	97.0	56.0	82.0	2367.0	35.0	51.0	26.0	162.0	5.0
4	7	6	1.1275789947107782	0.12974893249240416	0.014340344168260038	40267.0	1267.0	1353.0	1113.0	48.0	3071.0	82.0	51.0	97.0	2367.0	26.0	56.0	35.0	162.0	5.0
6	4	7	-76.37468390841003	1.0	0.5036638983878846	40267.0	1353.0	3071.0	97.0	56.0	1267.0	1113.0	48.0	82.0	2367.0	35.0	51.0	162.0	26.0	5.0
4	6	8	-99999.9	1.0	-0.009940357852882704	40293.0	1327.0	1268.0	1113.0	47.0	3062.0	97.0	65.0	87.0	2354.0	43.0	50.0	26.0	163.0	5.0
4	8	6	0.740198485365968	0.22958971457123334	0.009652509652509652	40293.0	1268.0	1327.0	1113.0	47.0	3062.0	87.0	50.0	97.0	2354.0	26.0	65.0	43.0	163.0	5.0
6	4	8	-75.20416611318231	1.0	0.5024485798237023	40293.0	1327.0	3062.0	97.0	65.0	1268.0	1113.0	47.0	87.0	2354.0	43.0	50.0	163.0	26.0	5.0
4	6	9	1.0941732220033942	0.13693954929143215	0.8702290076335878	39547.0	2073.0	2225.0	144.0	59.0	3021.0	127.0	76.0	241.0	2175.0	68.0	97.0	54.0	88.0	5.0
4	9	6	-6.243223678489948	0.9999999997847764	0.5402843601895734	39547.0	2225.0	2073.0	144.0	59.0	3021.0	241.0	97.0	127.0	2175.0	54.0	76.0	68.0	88.0	5.0
6	4	9	-0.9310070397748177	0.8240750559933152	1.2125	39547.0	2073.0	3021.0	127.0	76.0	2225.0	144.0	59.0	241.0	2175.0	68.0	97.0	88.0	54.0	5.0
4	7	8	0.7882847724962335	0.21526501391975983	0.003763440860215054	40968.0	566.0	593.0	1889.0	32.0	3138.0	36.0	30.0	43.0	2428.0	19.0	18.0	13.0	224.0	3.0
4	8	7	-99999.9	1.0	-0.0038064165307232192	40968.0	593.0	566.0	1889.0	32.0	3138.0	43.0	18.0	36.0	2428.0	13.0	30.0	19.0	224.0	3.0
7	4	8	-207.88195571829274	1.0	0.49905379832387137	40968.0	566.0	3138.0	36.0	30.0	593.0	1889.0	32.0	43.0	2428.0	19.0	18.0	224.0	13.0	3.0
4	7	9	1.826384034800172	0.03389616061175693	0.821656050955414	39464.0	2070.0	2308.0	149.0	57.0	3006.0	121.0	77.0	250.0	2166.0	74.0	103.0	69.0	80.0	6.0
4	9	7	-6.58802812552919	0.999999999977599	0.5608695652173913	39464.0	2308.0	2070.0	149.0	57.0	3006.0	250.0	103.0	121.0	2166.0	69.0	77.0	74.0	80.0	6.0
7	4	9	-1.4299595931381188	0.923635643665735	1.3835616438356164	39464.0	2070.0	3006.0	121.0	77.0	2308.0	149.0	57.0	250.0	2166.0	74.0	103.0	80.0	69.0	6.0
4	8	9	1.291838294748016	0.09820664346850605	0.8620689655172413	39490.0	2071.0	2282.0	145.0	60.0	2999.0	125.0	75.0	250.0	2155.0	72.0	110.0	76.0	85.0	5.0
4	9	8	-6.782151047427072	0.9999999999940458	0.5434782608695652	39490.0	2282.0	2071.0	145.0	60.0	2999.0	250.0	110.0	125.0	2155.0	76.0	75.0	72.0	85.0	5.0
8	4	9	-1.085144167588333	0.8610710561442003	1.2352941176470589	39490.0	2071.0	2999.0	125.0	75.0	2282.0	145.0	60.0	250.0	2155.0	72.0	110.0	85.0	76.0	5.0
5	6	7	-1.4624506092598388	0.9281910752118504	1.0099403578528827	42991.0	1473.0	340.0	18.0	5.0	347.0	28.0	5.0	1044.0	3614.0	94.0	16.0	15.0	10.0	0.0
5	7	6	-150.04743251005914	1.0	0.4975514201762977	42991.0	340.0	1473.0	18.0	5.0	347.0	1044.0	16.0	28.0	3614.0	15.0	5.0	94.0	10.0	0.0
6	5	7	1.4768448081698768	0.06985865731849972	0.9903474903474904	42991.0	1473.0	347.0	28.0	5.0	340.0	18.0	5.0	1044.0	3614.0	94.0	16.0	10.0	15.0	0.0
5	6	8	-1.4951749660519522	0.932565576357058	1.0098716683119446	43004.0	1460.0	339.0	17.0	7.0	351.0	27.0	2.0	1050.0	3603.0	99.0	16.0	15.0	10.0	0.0
5	8	6	-154.45157399316685	1.0	0.497568093385214	43004.0	339.0	1460.0	17.0	7.0	351.0	1050.0	16.0	27.0	3603.0	15.0	2.0	99.0	10.0	0.0
6	5	8	1.5097905571179537	0.0655484645404254	0.9904122722914669	43004.0	1460.0	351.0	27.0	2.0	339.0	17.0	7.0	1050.0	3603.0	99.0	16.0	10.0	15.0	0.0
5	6	9	-1.1467044421904926	0.8742480471031404	1.0032169117647058	42218.0	2246.0	338.0	15.0	10.0	350.0	22.0	8.0	2205.0	2383.0	164.0	20.0	12.0	9.0	0.0
5	9	6	-358.75467548531543	1.0	0.4991996341184542	42218.0	338.0	2246.0	15.0	10.0	350.0	2205.0	20.0	22.0	2383.0	12.0	8.0	164.0	9.0	0.0
6	5	9	1.1503814605575715	0.12499345300803077	0.9968138370505234	42218.0	2246.0	350.0	22.0	8.0	338.0	15.0	10.0	2205.0	2383.0	164.0	20.0	9.0	12.0	0.0
5	7	8	0.7291914365991354	0.23294221512758018	0.007050528789659224	42736.0	595.0	607.0	876.0	13.0	1370.0	31.0	6.0	37.0	3590.0	30.0	10.0	24.0	75.0	0.0
5	8	7	-99999.9	1.0	-0.007202881152460984	42736.0	607.0	595.0	876.0	13.0	1370.0	37.0	10.0	31.0	3590.0	24.0	6.0	30.0	75.0	0.0
7	5	8	-101.96526921777907	1.0	0.4982185273159145	42736.0	595.0	1370.0	31.0	6.0	607.0	876.0	13.0	37.0	3590.0	30.0	10.0	75.0	24.0	0.0
5	7	9	-0.4031533917933846	0.6565822596873303	1.0043859649122806	41172.0	2159.0	1384.0	74.0	38.0	1298.0	79.0	30.0	1224.0	2303.0	130.0	53.0	35.0	18.0	3.0
5	9	7	-92.72528011247846	1.0	0.4989106753812636	41172.0	1384.0	2159.0	74.0	38.0	1298.0	1224.0	53.0	79.0	2303.0	35.0	30.0	130.0	18.0	3.0
7	5	9	0.4049138869540544	0.3427704523176939	0.9956709956709957	41172.0	2159.0	1298.0	79.0	30.0	1384.0	74.0	38.0	1224.0	2303.0	130.0	53.0	18.0	35.0	3.0
5	8	9	-0.7103924672158614	0.7612696727876122	1.007936507936508	41188.0	2155.0	1368.0	75.0	41.0	1301.0	84.0	32.0	1227.0	2291.0	127.0	47.0	42.0	19.0	3.0
5	9	8	-90.9302358036304	1.0	0.4980392156862745	41188.0	1368.0	2155.0	75.0	41.0	1301.0	1227.0	47.0	84.0	2291.0	42.0	32.0	127.0	19.0	3.0
8	5	9	0.7159861086900019	0.23699989381939446	0.9922480620155039	41188.0	2155.0	1301.0	84.0	32.0	1368.0	75.0	41.0	1227.0	2291.0	127.0	47.0	19.0	42.0	3.0
6	7	8	0.7401068603984424	0.22961750945779613	0.006984866123399301	42745.0	593.0	610.0	883.0	13.0	1361.0	30.0	9.0	36.0	3576.0	30.0	8.0	24.0	82.0	0.0
6	8	7	-99999.9	1.0	-0.007134363852556481	42745.0	610.0	593.0	883.0	13.0	1361.0	36.0	8.0	30.0	3576.0	24.0	9.0	30.0	82.0	0.0
7	6	8	-104.47841845958014	1.0	0.4982352941176471	42745.0	593.0	1361.0	30.0	9.0	610.0	883.0	13.0	36.0	3576.0	30.0	8.0	82.0	24.0	0.0
6	7	9	0.33849795072199856	0.3674940527447299	0.9965126416739319	41171.0	2167.0	1397.0	72.0	37.0	1299.0	68.0	33.0	1211.0	2302.0	129.0	53.0	37.0	21.0	3.0
6	9	7	-96.38729146808903	1.0	0.5008764241893077	41171.0	1397.0	2167.0	72.0	37.0	1299.0	1211.0	53.0	68.0	2302.0	37.0	33.0	129.0	21.0	3.0
7	6	9	-0.3373133559688157	0.6320595864139388	1.0035242290748898	41171.0	2167.0	1299.0	68.0	33.0	1397.0	72.0	37.0	1211.0	2302.0	129.0	53.0	21.0	37.0	3.0
6	8	9	-0.0824139407043414	0.5328412906658349	1.000877192982456	41192.0	2163.0	1376.0	73.0	40.0	1297.0	74.0	34.0	1215.0	2289.0	126.0	51.0	44.0	23.0	3.0
6	9	8	-94.11672028435757	1.0	0.49978098992553655	41192.0	1376.0	2163.0	73.0	40.0	1297.0	1215.0	51.0	74.0	2289.0	44.0	34.0	126.0	23.0	3.0
8	6	9	0.08248617027551085	0.4671299917089893	0.9991251093613298	41192.0	2163.0	1297.0	74.0	34.0	1376.0	73.0	40.0	1215.0	2289.0	126.0	51.0	23.0	44.0	3.0
7	8	9	-0.6006266492363677	0.725955706150701	1.0025239777889954	41885.0	2221.0	585.0	32.0	15.0	604.0	37.0	13.0	2023.0	2340.0	178.0	34.0	18.0	13.0	2.0
7	9	8	-239.16953172592176	1.0	0.499371385466432	41885.0	585.0	2221.0	32.0	15.0	604.0	2023.0	34.0	37.0	2340.0	18.0	13.0	178.0	13.0	2.0
8	7	9	0.6021388009212528	0.27354082554909587	0.9974949899799599	41885.0	2221.0	604.0	37.0	13.0	585.0	32.0	15.0	2023.0	2340.0	178.0	34.0	13.0	18.0	2.0
