P1	Hybrid	P2	Zscore	Pvalue	Gamma	AAAA	AAAB	AABA	AABB	AABC	ABAA	ABAB	ABAC	ABBA	BAAA	ABBC	CABC	BACA	BCAA	ABCD
1	2	3	-99999.9	1.0	-0.06299212598425197	22770.0	1101.0	1044.0	384.0	59.0	1352.0	114.0	47.0	98.0	2739.0	82.0	38.0	56.0	111.0	5.0
1	3	2	1.1239818669915433	0.1305104099791703	0.05298013245033112	22770.0	1044.0	1101.0	384.0	59.0	1352.0	98.0	38.0	114.0	2739.0	56.0	47.0	82.0	111.0	5.0
2	1	3	-18.967194005482295	1.0	0.5143884892086331	22770.0	1101.0	1352.0	114.0	47.0	1044.0	384.0	59.0	98.0	2739.0	82.0	38.0	111.0	56.0	5.0
1	2	4	-99999.9	1.0	-0.02197802197802198	22739.0	1132.0	1044.0	394.0	49.0	1351.0	115.0	47.0	109.0	2732.0	78.0	38.0	55.0	111.0	6.0
1	4	2	0.404767083319176	0.34282441056782953	0.020618556701030927	22739.0	1044.0	1132.0	394.0	49.0	1351.0	109.0	38.0	115.0	2732.0	55.0	47.0	78.0	111.0	6.0
2	1	4	-18.821669374341678	1.0	0.5053191489361702	22739.0	1132.0	1351.0	115.0	47.0	1044.0	394.0	49.0	109.0	2732.0	78.0	38.0	111.0	55.0	6.0
1	2	5	-99999.9	1.0	-0.04363636363636364	22713.0	1158.0	1037.0	399.0	51.0	1361.0	112.0	40.0	100.0	2739.0	80.0	38.0	52.0	114.0	6.0
1	5	2	0.8383757982723586	0.20090978863835884	0.03858520900321544	22713.0	1037.0	1158.0	399.0	51.0	1361.0	100.0	38.0	112.0	2739.0	52.0	40.0	80.0	114.0	6.0
2	1	5	-20.05115450868057	1.0	0.5102389078498294	22713.0	1158.0	1361.0	112.0	40.0	1037.0	399.0	51.0	100.0	2739.0	80.0	38.0	114.0	52.0	6.0
1	2	6	-99999.9	1.0	-0.034220532319391636	22803.0	1068.0	1056.0	386.0	45.0	1345.0	114.0	54.0	105.0	2752.0	62.0	40.0	50.0	113.0	7.0
1	6	2	0.6168514456200314	0.2686663040091204	0.03103448275862069	22803.0	1056.0	1068.0	386.0	45.0	1345.0	105.0	40.0	114.0	2752.0	50.0	54.0	62.0	113.0	7.0
2	1	6	-18.642621467627592	1.0	0.5081374321880652	22803.0	1068.0	1345.0	114.0	54.0	1056.0	386.0	45.0	105.0	2752.0	62.0	40.0	113.0	50.0	7.0
1	2	7	-99999.9	1.0	-0.11814345991561181	22770.0	1101.0	1063.0	384.0	40.0	1354.0	119.0	40.0	91.0	2758.0	70.0	39.0	55.0	110.0	6.0
1	7	2	1.9947315314211922	0.023036015074056282	0.08722741433021806	22770.0	1063.0	1101.0	384.0	40.0	1354.0	91.0	39.0	119.0	2758.0	55.0	40.0	70.0	110.0	6.0
2	1	7	-18.878709136664863	1.0	0.525089605734767	22770.0	1101.0	1354.0	119.0	40.0	1063.0	384.0	40.0	91.0	2758.0	70.0	39.0	110.0	55.0	6.0
1	2	8	-99999.9	1.0	-0.11403508771929825	22785.0	1086.0	1065.0	380.0	42.0	1341.0	126.0	46.0	100.0	2753.0	66.0	39.0	54.0	112.0	5.0
1	8	2	1.7871255198635938	0.036958551998512945	0.0849673202614379	22785.0	1065.0	1086.0	380.0	42.0	1341.0	100.0	39.0	126.0	2753.0	54.0	46.0	66.0	112.0	5.0
2	1	8	-17.458841617128943	1.0	0.5243445692883896	22785.0	1086.0	1341.0	126.0	46.0	1065.0	380.0	42.0	100.0	2753.0	66.0	39.0	112.0	54.0	5.0
1	2	9	-0.498228843567722	0.6908386231418957	1.013793103448276	21906.0	1965.0	1299.0	123.0	65.0	1324.0	131.0	58.0	719.0	2048.0	152.0	78.0	55.0	70.0	7.0
1	9	2	-37.11804884579526	1.0	0.4966216216216216	21906.0	1299.0	1965.0	123.0	65.0	1324.0	719.0	78.0	131.0	2048.0	55.0	58.0	152.0	70.0	7.0
2	1	9	0.5050074672897319	0.3067767914856736	0.9867549668874173	21906.0	1965.0	1324.0	131.0	58.0	1299.0	123.0	65.0	719.0	2048.0	152.0	78.0	70.0	55.0	7.0
1	3	4	0.5612237291956989	0.2873224820197102	0.010703363914373086	23007.0	807.0	776.0	722.0	46.0	1386.0	75.0	27.0	82.0	2775.0	52.0	30.0	52.0	159.0	4.0
1	4	3	-99999.9	1.0	-0.011058451816745656	23007.0	776.0	807.0	722.0	46.0	1386.0	82.0	30.0	75.0	2775.0	52.0	27.0	52.0	159.0	4.0
3	1	4	-51.311883812178124	1.0	0.49728049728049734	23007.0	807.0	1386.0	75.0	27.0	776.0	722.0	46.0	82.0	2775.0	52.0	30.0	159.0	52.0	4.0
1	3	5	0.3365092044466025	0.368243523322481	0.006006006006006006	22977.0	837.0	773.0	731.0	40.0	1397.0	69.0	22.0	73.0	2781.0	55.0	29.0	53.0	160.0	3.0
1	5	3	-99999.9	1.0	-0.0061162079510703364	22977.0	773.0	837.0	731.0	40.0	1397.0	73.0	29.0	69.0	2781.0	53.0	22.0	55.0	160.0	3.0
3	1	5	-55.35576413146608	1.0	0.4984848484848485	22977.0	837.0	1397.0	69.0	22.0	773.0	731.0	40.0	73.0	2781.0	55.0	29.0	160.0	53.0	3.0
1	3	6	0.5637160872446515	0.28647365029717575	0.02476780185758514	22773.0	1041.0	1086.0	414.0	44.0	1344.0	99.0	45.0	107.0	2740.0	62.0	39.0	77.0	127.0	2.0
1	6	3	-99999.9	1.0	-0.026755852842809368	22773.0	1086.0	1041.0	414.0	44.0	1344.0	107.0	39.0	99.0	2740.0	77.0	45.0	62.0	127.0	2.0
3	1	6	-21.632604848013525	1.0	0.4935691318327974	22773.0	1041.0	1344.0	99.0	45.0	1086.0	414.0	44.0	107.0	2740.0	62.0	39.0	127.0	77.0	2.0
1	3	7	-99999.9	1.0	-0.03257328990228013	22752.0	1062.0	1081.0	420.0	43.0	1349.0	103.0	36.0	93.0	2750.0	66.0	42.0	79.0	120.0	4.0
1	7	3	0.723785481889434	0.23459865250396117	0.02967359050445104	22752.0	1081.0	1062.0	420.0	43.0	1349.0	93.0	42.0	103.0	2750.0	79.0	36.0	66.0	120.0	4.0
3	1	7	-22.943999775895048	1.0	0.5077639751552796	22752.0	1062.0	1349.0	103.0	36.0	1081.0	420.0	43.0	93.0	2750.0	66.0	42.0	120.0	79.0	4.0
1	3	8	-99999.9	1.0	-0.023411371237458192	22763.0	1051.0	1087.0	416.0	41.0	1336.0	110.0	42.0	103.0	2744.0	62.0	41.0	79.0	122.0	3.0
1	8	3	0.48448955231251034	0.31401924554951754	0.021875	22763.0	1087.0	1051.0	416.0	41.0	1336.0	103.0	41.0	110.0	2744.0	79.0	42.0	62.0	122.0	3.0
3	1	8	-21.179114715375462	1.0	0.505654281098546	22763.0	1051.0	1336.0	110.0	42.0	1087.0	416.0	41.0	103.0	2744.0	62.0	41.0	122.0	79.0	3.0
1	3	9	0.31935277274165114	0.37472957841821297	0.9916943521594684	21853.0	1961.0	1352.0	126.0	66.0	1314.0	121.0	53.0	718.0	2039.0	152.0	89.0	74.0	73.0	9.0
1	9	3	-37.81136829261132	1.0	0.502102607232969	21853.0	1352.0	1961.0	126.0	66.0	1314.0	718.0	89.0	121.0	2039.0	74.0	53.0	152.0	73.0	9.0
3	1	9	-0.3166781264037813	0.6242560071750891	1.008517887563884	21853.0	1961.0	1314.0	121.0	53.0	1352.0	126.0	66.0	718.0	2039.0	152.0	89.0	73.0	74.0	9.0
1	4	5	-99999.9	1.0	-0.0033195020746887966	23437.0	346.0	313.0	1238.0	24.0	1464.0	29.0	5.0	25.0	2855.0	22.0	10.0	19.0	213.0	0.0
1	5	4	0.5445906787827591	0.29301750908275515	0.003286770747740345	23437.0	313.0	346.0	1238.0	24.0	1464.0	25.0	10.0	29.0	2855.0	19.0	5.0	22.0	213.0	0.0
4	1	5	-164.60253266208883	1.0	0.5008257638315442	23437.0	346.0	1464.0	29.0	5.0	313.0	1238.0	24.0	25.0	2855.0	22.0	10.0	213.0	19.0	0.0
1	4	6	0.13586111400771383	0.4459655088112544	0.006514657980456026	22742.0	1041.0	1117.0	413.0	45.0	1343.0	108.0	47.0	110.0	2730.0	62.0	37.0	78.0	125.0	2.0
1	6	4	-99999.9	1.0	-0.006644518272425249	22742.0	1117.0	1041.0	413.0	45.0	1343.0	110.0	37.0	108.0	2730.0	78.0	47.0	62.0	125.0	2.0
4	1	6	-20.582958772168638	1.0	0.4983552631578947	22742.0	1041.0	1343.0	108.0	47.0	1117.0	413.0	45.0	110.0	2730.0	62.0	37.0	125.0	78.0	2.0
1	4	7	-99999.9	1.0	-0.055944055944055944	22720.0	1063.0	1113.0	415.0	47.0	1348.0	113.0	37.0	97.0	2739.0	66.0	39.0	80.0	118.0	5.0
1	7	4	1.1267874797551714	0.1299162240371764	0.04790419161676647	22720.0	1113.0	1063.0	415.0	47.0	1348.0	97.0	39.0	113.0	2739.0	80.0	37.0	66.0	118.0	5.0
4	1	7	-21.268113680378868	1.0	0.5129032258064515	22720.0	1063.0	1348.0	113.0	37.0	1113.0	415.0	47.0	97.0	2739.0	66.0	39.0	118.0	80.0	5.0
1	4	8	-99999.9	1.0	-0.035460992907801414	22735.0	1048.0	1115.0	408.0	52.0	1336.0	116.0	46.0	106.0	2738.0	58.0	38.0	79.0	121.0	4.0
1	8	4	0.6809807450966291	0.24794176973945936	0.032051282051282055	22735.0	1115.0	1048.0	408.0	52.0	1336.0	106.0	38.0	116.0	2738.0	79.0	46.0	58.0	121.0	4.0
4	1	8	-19.88463775682156	1.0	0.5084175084175084	22735.0	1048.0	1336.0	116.0	46.0	1115.0	408.0	52.0	106.0	2738.0	58.0	38.0	121.0	79.0	4.0
1	4	9	0.0626628632554873	0.47501741536796915	0.9983050847457627	21816.0	1967.0	1389.0	128.0	58.0	1313.0	127.0	58.0	716.0	2035.0	151.0	92.0	72.0	71.0	7.0
1	9	4	-36.845763594225794	1.0	0.5004248088360238	21816.0	1389.0	1967.0	128.0	58.0	1313.0	716.0	92.0	127.0	2035.0	72.0	58.0	151.0	71.0	7.0
4	1	9	-0.06255647469308409	0.5249402248391992	1.0017035775127767	21816.0	1967.0	1313.0	127.0	58.0	1389.0	128.0	58.0	716.0	2035.0	151.0	92.0	71.0	72.0	7.0
1	5	6	0.49616087725343383	0.3098904561117606	0.02147239263803681	22718.0	1032.0	1141.0	417.0	50.0	1355.0	98.0	46.0	105.0	2737.0	61.0	30.0	81.0	127.0	2.0
1	6	5	-99999.9	1.0	-0.022950819672131147	22718.0	1141.0	1032.0	417.0	50.0	1355.0	105.0	30.0	98.0	2737.0	81.0	46.0	61.0	127.0	2.0
5	1	6	-22.114599100438785	1.0	0.49445324881141045	22718.0	1032.0	1355.0	98.0	46.0	1141.0	417.0	50.0	105.0	2737.0	61.0	30.0	127.0	81.0	2.0
1	5	7	-99999.9	1.0	-0.03642384105960265	22687.0	1063.0	1146.0	417.0	45.0	1358.0	104.0	37.0	93.0	2745.0	65.0	33.0	83.0	120.0	4.0
1	7	5	0.7951627661164838	0.21325935275046415	0.03283582089552239	22687.0	1146.0	1063.0	417.0	45.0	1358.0	93.0	33.0	104.0	2745.0	83.0	37.0	65.0	120.0	4.0
5	1	7	-22.62599507222359	1.0	0.5086342229199372	22687.0	1063.0	1358.0	104.0	37.0	1146.0	417.0	45.0	93.0	2745.0	65.0	33.0	120.0	83.0	4.0
1	5	8	-99999.9	1.0	-0.02027027027027027	22700.0	1050.0	1150.0	410.0	48.0	1345.0	108.0	46.0	102.0	2744.0	57.0	33.0	81.0	123.0	3.0
1	8	5	0.41771715226647615	0.3380770065129375	0.01910828025477707	22700.0	1150.0	1050.0	410.0	48.0	1345.0	102.0	33.0	108.0	2744.0	81.0	46.0	57.0	123.0	3.0
5	1	8	-21.02509666407929	1.0	0.5049180327868852	22700.0	1050.0	1345.0	108.0	46.0	1150.0	410.0	48.0	102.0	2744.0	57.0	33.0	123.0	81.0	3.0
1	5	9	0.0	0.49999999949999996	nan	21786.0	1964.0	1419.0	122.0	67.0	1319.0	122.0	58.0	719.0	2033.0	151.0	83.0	79.0	72.0	6.0
1	9	5	-38.21117930238242	1.0	0.5	21786.0	1419.0	1964.0	122.0	67.0	1319.0	719.0	83.0	122.0	2033.0	79.0	58.0	151.0	72.0	6.0
5	1	9	0.0	0.49999999949999996	nan	21786.0	1964.0	1319.0	122.0	58.0	1419.0	122.0	67.0	719.0	2033.0	151.0	83.0	72.0	79.0	6.0
1	6	7	-99999.9	1.0	-0.04595185995623632	22952.0	907.0	881.0	573.0	45.0	1369.0	95.0	26.0	74.0	2779.0	63.0	41.0	58.0	133.0	4.0
1	7	6	1.6397575173969643	0.05052778485830922	0.04038461538461539	22952.0	881.0	907.0	573.0	45.0	1369.0	74.0	41.0	95.0	2779.0	58.0	26.0	63.0	133.0	4.0
6	1	7	-37.32400444360709	1.0	0.510747185261003	22952.0	907.0	1369.0	95.0	26.0	881.0	573.0	45.0	74.0	2779.0	63.0	41.0	133.0	58.0	4.0
1	6	8	-99999.9	1.0	-0.035634743875278395	22958.0	901.0	892.0	564.0	43.0	1358.0	99.0	33.0	83.0	2777.0	56.0	39.0	57.0	136.0	4.0
1	8	6	1.2016467391716128	0.11475027733176058	0.03219315895372234	22958.0	892.0	901.0	564.0	43.0	1358.0	83.0	39.0	99.0	2777.0	57.0	33.0	56.0	136.0	4.0
6	1	8	-34.92285835717499	1.0	0.5084566596194504	22958.0	901.0	1358.0	99.0	33.0	892.0	564.0	43.0	83.0	2777.0	56.0	39.0	136.0	57.0	4.0
1	6	9	0.821886781374853	0.20557061373694063	0.9785123966942149	21901.0	1958.0	1304.0	134.0	61.0	1316.0	121.0	53.0	713.0	2048.0	155.0	92.0	65.0	73.0	6.0
1	9	6	-36.60557280123377	1.0	0.5055508112724167	21901.0	1304.0	1958.0	134.0	61.0	1316.0	713.0	92.0	121.0	2048.0	65.0	53.0	155.0	73.0	6.0
6	1	9	-0.8038385919189863	0.7892549598116047	1.0229681978798586	21901.0	1958.0	1316.0	121.0	53.0	1304.0	134.0	61.0	713.0	2048.0	155.0	92.0	73.0	65.0	6.0
1	7	8	0.5445536320291524	0.29303025185444453	0.003127443315089914	23636.0	197.0	214.0	1300.0	11.0	1448.0	25.0	11.0	29.0	2892.0	11.0	3.0	16.0	206.0	1.0
1	8	7	-99999.9	1.0	-0.0031570639305445935	23636.0	214.0	197.0	1300.0	11.0	1448.0	29.0	3.0	25.0	2892.0	16.0	11.0	11.0	206.0	1.0
7	1	8	-173.0319165772637	1.0	0.49921445404556164	23636.0	197.0	1448.0	25.0	11.0	214.0	1300.0	11.0	29.0	2892.0	11.0	3.0	206.0	16.0	1.0
1	7	9	0.2589590291953093	0.3978334848514272	0.9935064935064936	21869.0	1964.0	1336.0	122.0	67.0	1310.0	118.0	56.0	730.0	2051.0	151.0	81.0	65.0	73.0	7.0
1	9	7	-39.361772437687	1.0	0.5016393442622951	21869.0	1336.0	1964.0	122.0	67.0	1310.0	730.0	81.0	118.0	2051.0	65.0	56.0	151.0	73.0	7.0
7	1	9	-0.2572664865208301	0.6015134110829257	1.0066225165562914	21869.0	1964.0	1310.0	118.0	56.0	1336.0	122.0	67.0	730.0	2051.0	151.0	81.0	73.0	65.0	7.0
1	8	9	-0.44260851960167025	0.670975510074701	1.0115894039735098	21881.0	1969.0	1324.0	120.0	64.0	1297.0	127.0	56.0	738.0	2044.0	151.0	86.0	63.0	72.0	8.0
1	9	8	-39.076009301975965	1.0	0.49715215622457276	21881.0	1324.0	1969.0	120.0	64.0	1297.0	738.0	86.0	127.0	2044.0	63.0	56.0	151.0	72.0	8.0
8	1	9	0.4476793209719021	0.3271923505361831	0.9888	21881.0	1969.0	1297.0	127.0	56.0	1324.0	120.0	64.0	738.0	2044.0	151.0	86.0	72.0	63.0	8.0
2	3	4	-99999.9	1.0	-0.00267379679144385	23309.0	813.0	781.0	450.0	31.0	1084.0	75.0	21.0	74.0	3101.0	59.0	33.0	61.0	105.0	3.0
2	4	3	0.0820030810107771	0.4673220655491812	0.002652519893899204	23309.0	781.0	813.0	450.0	31.0	1084.0	74.0	33.0	75.0	3101.0	61.0	21.0	59.0	105.0	3.0
3	2	4	-30.7511553790416	1.0	0.5006657789613849	23309.0	813.0	1084.0	75.0	21.0	781.0	450.0	31.0	74.0	3101.0	59.0	33.0	105.0	61.0	3.0
2	3	5	-99999.9	1.0	-0.04143646408839779	23299.0	823.0	775.0	459.0	28.0	1075.0	82.0	23.0	67.0	3108.0	59.0	33.0	62.0	105.0	2.0
2	5	3	1.2468050180483525	0.10623456848078772	0.036855036855036855	23299.0	775.0	823.0	459.0	28.0	1075.0	67.0	33.0	82.0	3108.0	62.0	23.0	59.0	105.0	2.0
3	2	5	-31.336366120281923	1.0	0.5097529258777632	23299.0	823.0	1075.0	82.0	23.0	775.0	459.0	28.0	67.0	3108.0	59.0	33.0	105.0	62.0	2.0
2	3	6	0.1447946135299163	0.44243649575535104	0.03773584905660377	23060.0	1062.0	1088.0	149.0	25.0	1057.0	98.0	25.0	100.0	3065.0	69.0	44.0	88.0	67.0	3.0
2	6	3	-99999.9	1.0	-0.0425531914893617	23060.0	1088.0	1062.0	149.0	25.0	1057.0	100.0	44.0	98.0	3065.0	88.0	25.0	69.0	67.0	3.0
3	2	6	-3.547468031482947	0.9998054826621106	0.49	23060.0	1062.0	1057.0	98.0	25.0	1088.0	149.0	25.0	100.0	3065.0	69.0	44.0	67.0	88.0	3.0
2	3	7	-99999.9	1.0	-0.2619047619047619	23041.0	1081.0	1083.0	153.0	26.0	1060.0	100.0	20.0	89.0	3066.0	79.0	44.0	86.0	71.0	1.0
2	7	3	0.8546904253677591	0.1963612311934092	0.14666666666666667	23041.0	1083.0	1081.0	153.0	26.0	1060.0	89.0	44.0	100.0	3066.0	86.0	20.0	79.0	71.0	1.0
3	2	7	-4.118053867681023	0.999980885087818	0.5470085470085471	23041.0	1081.0	1060.0	100.0	20.0	1083.0	153.0	26.0	89.0	3066.0	79.0	44.0	71.0	86.0	1.0
2	3	8	0.07082096003613994	0.4717700558747604	0.018518518518518517	23041.0	1081.0	1085.0	154.0	23.0	1058.0	101.0	21.0	102.0	3057.0	75.0	44.0	87.0	71.0	0.0
2	8	3	-99999.9	1.0	-0.019607843137254905	23041.0	1085.0	1081.0	154.0	23.0	1058.0	102.0	44.0	101.0	3057.0	87.0	21.0	75.0	71.0	0.0
3	2	8	-3.682689921879301	0.9998845755599426	0.49523809523809526	23041.0	1081.0	1058.0	101.0	21.0	1085.0	154.0	23.0	102.0	3057.0	75.0	44.0	71.0	87.0	0.0
2	3	9	0.8212221400462452	0.20575981894968487	0.986562150055991	22138.0	1984.0	1092.0	114.0	56.0	1029.0	102.0	49.0	983.0	2076.0	175.0	84.0	63.0	48.0	7.0
2	9	3	-59.470169975015594	1.0	0.5034285714285713	22138.0	1092.0	1984.0	114.0	56.0	1029.0	983.0	84.0	102.0	2076.0	63.0	49.0	175.0	48.0	7.0
3	2	9	-0.8100363674235949	0.791040420528205	1.014002333722287	22138.0	1984.0	1029.0	102.0	49.0	1092.0	114.0	56.0	983.0	2076.0	175.0	84.0	48.0	63.0	7.0
2	4	5	-99999.9	1.0	-0.014270032930845226	23749.0	341.0	325.0	956.0	13.0	1152.0	32.0	7.0	19.0	3194.0	24.0	4.0	26.0	156.0	2.0
2	5	4	1.824678765459898	0.034024703137336854	0.01368421052631579	23749.0	325.0	341.0	956.0	13.0	1152.0	19.0	4.0	32.0	3194.0	26.0	7.0	24.0	156.0	2.0
4	2	5	-129.6925522526882	1.0	0.5034927458355722	23749.0	341.0	1152.0	32.0	7.0	325.0	956.0	13.0	19.0	3194.0	24.0	4.0	156.0	26.0	2.0
2	4	6	0.3577882250895276	0.36025096495504205	0.11627906976744186	23026.0	1064.0	1122.0	145.0	27.0	1059.0	107.0	25.0	112.0	3057.0	68.0	30.0	87.0	66.0	5.0
2	6	4	-99999.9	1.0	-0.17857142857142858	23026.0	1122.0	1064.0	145.0	27.0	1059.0	112.0	30.0	107.0	3057.0	87.0	25.0	68.0	66.0	5.0
4	2	6	-2.36140228559088	0.9908970306832818	0.4647887323943662	23026.0	1064.0	1059.0	107.0	25.0	1122.0	145.0	27.0	112.0	3057.0	68.0	30.0	66.0	87.0	5.0
2	4	7	-99999.9	1.0	-0.17647058823529413	23007.0	1083.0	1117.0	146.0	31.0	1061.0	106.0	24.0	100.0	3060.0	77.0	32.0	86.0	66.0	4.0
2	7	4	0.44210132297336957	0.32920797304871807	0.11538461538461539	23007.0	1117.0	1083.0	146.0	31.0	1061.0	100.0	32.0	106.0	3060.0	86.0	24.0	77.0	66.0	4.0
4	2	7	-2.9473421531557977	0.9983973397845102	0.5348837209302325	23007.0	1083.0	1061.0	106.0	24.0	1117.0	146.0	31.0	100.0	3060.0	77.0	32.0	66.0	86.0	4.0
2	4	8	0.5144903635457129	0.30345458884174126	0.14583333333333334	23009.0	1081.0	1117.0	144.0	33.0	1062.0	103.0	26.0	110.0	3056.0	71.0	32.0	86.0	67.0	3.0
2	8	4	-99999.9	1.0	-0.25925925925925924	23009.0	1117.0	1081.0	144.0	33.0	1062.0	110.0	32.0	103.0	3056.0	86.0	26.0	71.0	67.0	3.0
4	2	8	-2.498953194364893	0.9937719473538412	0.45333333333333337	23009.0	1081.0	1062.0	103.0	26.0	1117.0	144.0	33.0	110.0	3056.0	71.0	32.0	67.0	86.0	3.0
2	4	9	0.5415029759925364	0.2940804505708081	0.990990990990991	22097.0	1993.0	1133.0	114.0	47.0	1032.0	106.0	53.0	986.0	2074.0	177.0	78.0	61.0	46.0	3.0
2	9	4	-59.02382438318645	1.0	0.5022831050228311	22097.0	1133.0	1993.0	114.0	47.0	1032.0	986.0	78.0	106.0	2074.0	61.0	53.0	177.0	46.0	3.0
4	2	9	-0.5365802216653315	0.7042212159650085	1.0092592592592593	22097.0	1993.0	1032.0	106.0	53.0	1133.0	114.0	47.0	986.0	2074.0	177.0	78.0	46.0	61.0	3.0
2	5	6	1.419427284985482	0.07788729165091879	0.2753623188405797	23023.0	1051.0	1125.0	150.0	35.0	1050.0	100.0	25.0	119.0	3065.0	68.0	32.0	86.0	66.0	5.0
2	6	5	-99999.9	1.0	-1.5833333333333335	23023.0	1125.0	1051.0	150.0	35.0	1050.0	119.0	32.0	100.0	3065.0	86.0	25.0	68.0	66.0	5.0
5	2	6	-2.315907675502629	0.9897183700705396	0.38271604938271603	23023.0	1051.0	1050.0	100.0	25.0	1125.0	150.0	35.0	119.0	3065.0	68.0	32.0	66.0	86.0	5.0
2	5	7	0.6750040584741024	0.24983652663101508	0.15254237288135594	22993.0	1081.0	1131.0	148.0	31.0	1052.0	98.0	25.0	107.0	3068.0	77.0	34.0	86.0	66.0	3.0
2	7	5	-99999.9	1.0	-0.28125	22993.0	1131.0	1081.0	148.0	31.0	1052.0	107.0	34.0	98.0	3068.0	86.0	25.0	77.0	66.0	3.0
5	2	7	-3.075018488604245	0.9989474838283579	0.45054945054945056	22993.0	1081.0	1052.0	98.0	25.0	1131.0	148.0	31.0	107.0	3068.0	77.0	34.0	66.0	86.0	3.0
2	5	8	1.5868866806784456	0.056269159657482026	0.29577464788732394	22993.0	1081.0	1133.0	146.0	31.0	1052.0	96.0	27.0	117.0	3064.0	71.0	35.0	85.0	67.0	2.0
2	8	5	-99999.9	1.0	-2.625	22993.0	1133.0	1081.0	146.0	31.0	1052.0	117.0	35.0	96.0	3064.0	85.0	27.0	71.0	67.0	2.0
5	2	8	-2.1914149399845217	0.9857891600701336	0.36708860759493667	22993.0	1081.0	1052.0	96.0	27.0	1133.0	146.0	31.0	117.0	3064.0	71.0	35.0	67.0	85.0	2.0
2	5	9	0.47680533890144267	0.3167503828973077	0.9922822491730982	22088.0	1986.0	1142.0	112.0	56.0	1017.0	105.0	53.0	1005.0	2069.0	178.0	74.0	67.0	46.0	2.0
2	9	5	-60.826738234141125	1.0	0.501952035694367	22088.0	1142.0	1986.0	112.0	56.0	1017.0	1005.0	74.0	105.0	2069.0	67.0	53.0	178.0	46.0	2.0
5	2	9	-0.4730968529322092	0.6819279459411065	1.007900677200903	22088.0	1986.0	1017.0	105.0	53.0	1142.0	112.0	56.0	1005.0	2069.0	178.0	74.0	46.0	67.0	2.0
2	6	7	-99999.9	1.0	-0.06829268292682926	23229.0	919.0	895.0	311.0	30.0	1092.0	92.0	17.0	78.0	3098.0	75.0	23.0	62.0	76.0	3.0
2	7	6	1.0995185060466033	0.13577102736053104	0.05668016194331983	23229.0	895.0	919.0	311.0	30.0	1092.0	78.0	23.0	92.0	3098.0	62.0	17.0	75.0	76.0	3.0
6	2	7	-17.19961091601473	1.0	0.5154867256637169	23229.0	919.0	1092.0	92.0	17.0	895.0	311.0	30.0	78.0	3098.0	75.0	23.0	76.0	62.0	3.0
2	6	8	0.07468389171717729	0.4702330438368303	0.0	23224.0	924.0	902.0	308.0	26.0	1092.0	90.0	19.0	90.0	3092.0	69.0	22.0	63.0	77.0	2.0
2	8	6	0.07468389171717729	0.4702330438368303	0.0	23224.0	902.0	924.0	308.0	26.0	1092.0	90.0	22.0	90.0	3092.0	63.0	19.0	69.0	77.0	2.0
6	2	8	-16.244248971650574	1.0	0.5	23224.0	924.0	1092.0	90.0	19.0	902.0	308.0	26.0	90.0	3092.0	69.0	22.0	77.0	63.0	2.0
2	6	9	1.163166131631601	0.12238111166359122	0.9808773903262092	22162.0	1986.0	1068.0	117.0	51.0	1055.0	100.0	46.0	972.0	2095.0	184.0	69.0	46.0	43.0	6.0
2	9	6	-58.500414267354024	1.0	0.504921829762594	22162.0	1068.0	1986.0	117.0	51.0	1055.0	972.0	69.0	100.0	2095.0	46.0	46.0	184.0	43.0	6.0
6	2	9	-1.1404897276892418	0.8729587804722839	1.0202863961813842	22162.0	1986.0	1055.0	100.0	46.0	1068.0	117.0	51.0	972.0	2095.0	184.0	69.0	43.0	46.0	6.0
2	7	8	1.7352712338190701	0.04134634880715149	0.011605415860735008	23913.0	211.0	213.0	1040.0	7.0	1171.0	18.0	4.0	30.0	3209.0	13.0	3.0	18.0	149.0	1.0
2	8	7	-99999.9	1.0	-0.012024048096192385	23913.0	213.0	211.0	1040.0	7.0	1171.0	30.0	3.0	18.0	3209.0	18.0	4.0	13.0	149.0	1.0
7	2	8	-146.05199551310486	1.0	0.4970472440944882	23913.0	211.0	1171.0	18.0	4.0	213.0	1040.0	7.0	30.0	3209.0	13.0	3.0	149.0	18.0	1.0
2	7	9	1.11218182873039	0.1330300372247607	0.9823399558498896	22134.0	1990.0	1096.0	113.0	51.0	1045.0	97.0	51.0	987.0	2087.0	178.0	64.0	57.0	46.0	4.0
2	9	7	-60.752932394397575	1.0	0.5045351473922902	22134.0	1096.0	1990.0	113.0	51.0	1045.0	987.0	64.0	97.0	2087.0	57.0	51.0	178.0	46.0	4.0
7	2	9	-1.0921875486633268	0.8626246208966113	1.0186480186480187	22134.0	1990.0	1045.0	97.0	51.0	1096.0	113.0	51.0	987.0	2087.0	178.0	64.0	46.0	57.0	4.0
2	8	9	0.20394387803926484	0.4191987056768335	0.9965986394557823	22131.0	1995.0	1099.0	110.0	49.0	1047.0	107.0	50.0	986.0	2080.0	179.0	63.0	54.0	46.0	4.0
2	9	8	-59.5516123874652	1.0	0.5008547008547009	22131.0	1099.0	1995.0	110.0	49.0	1047.0	986.0	63.0	107.0	2080.0	54.0	50.0	179.0	46.0	4.0
8	2	9	-0.20324782384800455	0.5805293053693007	1.0034364261168385	22131.0	1995.0	1047.0	107.0	50.0	1099.0	110.0	49.0	986.0	2080.0	179.0	63.0	46.0	54.0	4.0
3	4	5	-99999.9	1.0	-0.03262955854126679	24056.0	337.0	318.0	576.0	15.0	845.0	38.0	5.0	21.0	3610.0	25.0	9.0	24.0	120.0	1.0
3	5	4	2.2251104784752194	0.013036867712199918	0.029720279720279724	24056.0	318.0	337.0	576.0	15.0	845.0	21.0	9.0	38.0	3610.0	24.0	5.0	25.0	120.0	1.0
4	3	5	-70.41820220115689	1.0	0.5077767612076853	24056.0	337.0	845.0	38.0	5.0	318.0	576.0	15.0	21.0	3610.0	25.0	9.0	120.0	24.0	1.0
3	4	6	-0.8838016409386377	0.8115983849281783	1.0340557275541795	23296.0	1097.0	821.0	69.0	19.0	789.0	80.0	19.0	414.0	3138.0	104.0	29.0	63.0	61.0	1.0
3	6	4	-27.719233283984547	1.0	0.491899852724595	23296.0	821.0	1097.0	69.0	19.0	789.0	414.0	29.0	80.0	3138.0	63.0	19.0	104.0	61.0	1.0
4	3	6	0.9129088806102694	0.18064520891310254	0.9691011235955057	23296.0	1097.0	789.0	80.0	19.0	821.0	69.0	19.0	414.0	3138.0	104.0	29.0	61.0	63.0	1.0
3	4	7	-0.9712931101309435	0.834298831976863	1.0385852090032155	23282.0	1111.0	819.0	67.0	23.0	786.0	79.0	23.0	402.0	3146.0	108.0	28.0	65.0	59.0	2.0
3	7	4	-27.11526599115552	1.0	0.4908814589665653	23282.0	819.0	1111.0	67.0	23.0	786.0	402.0	28.0	79.0	3146.0	65.0	23.0	108.0	59.0	2.0
4	3	7	1.0073783030769847	0.1568765196350833	0.9654178674351584	23282.0	1111.0	786.0	79.0	23.0	819.0	67.0	23.0	402.0	3146.0	108.0	28.0	59.0	65.0	2.0
3	4	8	-0.8958938924331367	0.8148453125239499	1.0339506172839505	23281.0	1112.0	818.0	67.0	24.0	790.0	78.0	20.0	413.0	3140.0	103.0	28.0	64.0	60.0	2.0
3	8	4	-28.179935161987768	1.0	0.4919236417033774	23281.0	818.0	1112.0	67.0	24.0	790.0	413.0	28.0	78.0	3140.0	64.0	20.0	103.0	60.0	2.0
4	3	8	0.9253113038264636	0.17740198072600277	0.969187675070028	23281.0	1112.0	790.0	78.0	20.0	818.0	67.0	24.0	413.0	3140.0	103.0	28.0	60.0	64.0	2.0
3	4	9	-0.24873945783800952	0.5982187831012322	1.0024038461538463	22360.0	2033.0	807.0	71.0	31.0	769.0	74.0	45.0	1325.0	2122.0	209.0	65.0	42.0	41.0	6.0
3	9	4	-103.97309337628808	1.0	0.49940119760479046	22360.0	807.0	2033.0	71.0	31.0	769.0	1325.0	65.0	74.0	2122.0	42.0	45.0	209.0	41.0	6.0
4	3	9	0.24933595533882003	0.4015505152159149	0.9976133651551312	22360.0	2033.0	769.0	74.0	45.0	807.0	71.0	31.0	1325.0	2122.0	209.0	65.0	41.0	42.0	6.0
3	5	6	0.08371230360335677	0.4666425218051693	0.9971590909090909	23289.0	1085.0	828.0	72.0	28.0	784.0	71.0	20.0	422.0	3147.0	103.0	26.0	63.0	62.0	0.0
3	6	5	-29.299306261175047	1.0	0.500713266761769	23289.0	828.0	1085.0	72.0	28.0	784.0	422.0	26.0	71.0	3147.0	63.0	20.0	103.0	62.0	0.0
5	3	6	-0.08347380701189423	0.5332626637668063	1.002865329512894	23289.0	1085.0	784.0	71.0	20.0	828.0	72.0	28.0	422.0	3147.0	103.0	26.0	62.0	63.0	0.0
3	5	7	-0.33582293569687854	0.631497735746129	1.0119760479041917	23264.0	1110.0	837.0	68.0	23.0	781.0	72.0	22.0	410.0	3153.0	109.0	25.0	65.0	61.0	0.0
3	7	5	-28.71286100208311	1.0	0.4970588235294117	23264.0	837.0	1110.0	68.0	23.0	781.0	410.0	25.0	72.0	3153.0	65.0	22.0	109.0	61.0	0.0
5	3	7	0.33979717162228545	0.36700470600515445	0.9884393063583815	23264.0	1110.0	781.0	72.0	22.0	837.0	68.0	23.0	410.0	3153.0	109.0	25.0	61.0	65.0	0.0
3	5	8	-0.33589568925273094	0.6315251685316874	1.0115606936416186	23262.0	1112.0	837.0	68.0	23.0	783.0	72.0	20.0	422.0	3147.0	103.0	26.0	63.0	62.0	0.0
3	8	5	-29.72676849886669	1.0	0.49715909090909094	23262.0	837.0	1112.0	68.0	23.0	783.0	422.0	26.0	72.0	3147.0	63.0	20.0	103.0	62.0	0.0
5	3	8	0.339734497129905	0.3670283071683751	0.9888268156424581	23262.0	1112.0	783.0	72.0	20.0	837.0	68.0	23.0	422.0	3147.0	103.0	26.0	62.0	63.0	0.0
3	5	9	-0.4261212496989024	0.6649902141124142	1.003949447077409	22346.0	2028.0	821.0	66.0	41.0	759.0	71.0	45.0	1342.0	2120.0	210.0	58.0	47.0	41.0	5.0
3	9	5	-108.7461429231598	1.0	0.4990184530820573	22346.0	821.0	2028.0	66.0	41.0	759.0	1342.0	58.0	71.0	2120.0	47.0	45.0	210.0	41.0	5.0
5	3	9	0.42779757247505845	0.3343992888846996	0.9960967993754879	22346.0	2028.0	759.0	71.0	45.0	821.0	66.0	41.0	1342.0	2120.0	210.0	58.0	41.0	47.0	5.0
3	6	7	-99999.9	1.0	-0.1	23206.0	911.0	895.0	260.0	30.0	1115.0	95.0	22.0	80.0	3128.0	73.0	21.0	67.0	97.0	0.0
3	7	6	1.170874428187074	0.12082468819844372	0.07692307692307693	23206.0	895.0	911.0	260.0	30.0	1115.0	80.0	21.0	95.0	3128.0	67.0	22.0	73.0	97.0	0.0
6	3	7	-12.87961871005781	1.0	0.5217391304347826	23206.0	911.0	1115.0	95.0	22.0	895.0	260.0	30.0	80.0	3128.0	73.0	21.0	97.0	67.0	0.0
3	6	8	-99999.9	1.0	-0.012269938650306749	23200.0	917.0	899.0	261.0	25.0	1116.0	96.0	20.0	94.0	3119.0	68.0	21.0	67.0	97.0	0.0
3	8	6	0.14590448578995918	0.44199837431015854	0.011834319526627219	23200.0	899.0	917.0	261.0	25.0	1116.0	94.0	21.0	96.0	3119.0	67.0	20.0	68.0	97.0	0.0
6	3	8	-12.037120077671624	1.0	0.5030120481927711	23200.0	917.0	1116.0	96.0	20.0	899.0	261.0	25.0	94.0	3119.0	68.0	21.0	97.0	67.0	0.0
3	6	9	0.2805772013441051	0.3895174174626259	0.9956284153005465	22138.0	1979.0	1029.0	104.0	52.0	1079.0	100.0	53.0	1011.0	2090.0	180.0	69.0	48.0	61.0	7.0
3	9	6	-63.62088040477575	1.0	0.5011001100110011	22138.0	1029.0	1979.0	104.0	52.0	1079.0	1011.0	69.0	100.0	2090.0	48.0	53.0	180.0	61.0	7.0
6	3	9	-0.2793452487586205	0.6100099929545455	1.0044296788482836	22138.0	1979.0	1079.0	100.0	53.0	1029.0	104.0	52.0	1011.0	2090.0	180.0	69.0	61.0	48.0	7.0
3	7	8	1.7007683591275076	0.04449321684330132	0.012257405515832482	23891.0	210.0	208.0	986.0	7.0	1193.0	19.0	4.0	31.0	3245.0	14.0	7.0	18.0	167.0	0.0
3	8	7	-99999.9	1.0	-0.012725344644750796	23891.0	208.0	210.0	986.0	7.0	1193.0	31.0	7.0	19.0	3245.0	18.0	4.0	14.0	167.0	0.0
7	3	8	-135.3528152472309	1.0	0.49687825182101975	23891.0	210.0	1193.0	19.0	4.0	208.0	986.0	7.0	31.0	3245.0	14.0	7.0	167.0	18.0	0.0
3	7	9	0.21294286635153756	0.4156857973731629	0.9967880085653105	22117.0	1984.0	1050.0	101.0	50.0	1062.0	98.0	56.0	1029.0	2084.0	177.0	68.0	56.0	61.0	7.0
3	9	7	-65.87032665807546	1.0	0.5008068854222701	22117.0	1050.0	1984.0	101.0	50.0	1062.0	1029.0	68.0	98.0	2084.0	56.0	56.0	177.0	61.0	7.0
7	3	9	-0.21225669170164002	0.5840465760735667	1.0032432432432432	22117.0	1984.0	1062.0	98.0	56.0	1050.0	101.0	50.0	1029.0	2084.0	177.0	68.0	61.0	56.0	7.0
3	8	9	-0.7556654591503925	0.7750751681561111	1.0121145374449338	22112.0	1987.0	1055.0	99.0	49.0	1066.0	110.0	55.0	1029.0	2076.0	177.0	64.0	52.0	61.0	8.0
3	9	8	-63.88807972816959	1.0	0.49702541914548404	22112.0	1055.0	1987.0	99.0	49.0	1066.0	1029.0	64.0	110.0	2076.0	52.0	55.0	177.0	61.0	8.0
8	3	9	0.7647104211206366	0.2222219334250254	0.9883103081827843	22112.0	1987.0	1066.0	110.0	55.0	1055.0	99.0	49.0	1029.0	2076.0	177.0	64.0	61.0	52.0	8.0
4	5	6	1.6081186448722131	0.053904595363101326	0.9869565217391304	23753.0	1148.0	332.0	34.0	14.0	320.0	22.0	6.0	930.0	3221.0	155.0	14.0	25.0	26.0	0.0
4	6	5	-120.07285881712517	1.0	0.5033259423503326	23753.0	332.0	1148.0	34.0	14.0	320.0	930.0	14.0	22.0	3221.0	25.0	6.0	155.0	26.0	0.0
5	4	6	-1.5868659755567214	0.9437284951745476	1.0135746606334841	23753.0	1148.0	320.0	22.0	6.0	332.0	34.0	14.0	930.0	3221.0	155.0	14.0	26.0	25.0	0.0
4	5	7	1.3643018717000168	0.08623634946638958	0.9889746416758545	23729.0	1172.0	339.0	32.0	9.0	316.0	22.0	10.0	919.0	3225.0	162.0	14.0	25.0	25.0	1.0
4	7	5	-121.01357601979143	1.0	0.5028026905829597	23729.0	339.0	1172.0	32.0	9.0	316.0	919.0	14.0	22.0	3225.0	25.0	10.0	162.0	25.0	1.0
5	4	7	-1.3490922633198605	0.9113462703888893	1.0114025085518814	23729.0	1172.0	316.0	22.0	10.0	339.0	32.0	9.0	919.0	3225.0	162.0	14.0	25.0	25.0	1.0
4	5	8	1.2164827553705757	0.11190060466244445	0.9901639344262295	23730.0	1171.0	341.0	32.0	7.0	315.0	23.0	10.0	929.0	3220.0	157.0	15.0	24.0	25.0	1.0
4	8	5	-121.24278128526753	1.0	0.5024958402662231	23730.0	341.0	1171.0	32.0	7.0	315.0	929.0	15.0	23.0	3220.0	24.0	10.0	157.0	25.0	1.0
5	4	8	-1.2043984895887487	0.885782136899377	1.010135135135135	23730.0	1171.0	315.0	23.0	10.0	341.0	32.0	7.0	929.0	3220.0	157.0	15.0	25.0	24.0	1.0
4	5	9	-0.12789587903401442	0.5508843502426664	1.0005479452054795	22793.0	2108.0	336.0	30.0	14.0	312.0	31.0	5.0	1857.0	2182.0	267.0	28.0	21.0	15.0	1.0
4	9	5	-233.6657709951438	1.0	0.4998631261976458	22793.0	336.0	2108.0	30.0	14.0	312.0	1857.0	28.0	31.0	2182.0	21.0	5.0	267.0	15.0	1.0
5	4	9	0.12796592058879758	0.449087935003322	0.99945295404814	22793.0	2108.0	312.0	31.0	5.0	336.0	30.0	14.0	1857.0	2182.0	267.0	28.0	15.0	21.0	1.0
4	6	7	-99999.9	1.0	-0.08074534161490683	23169.0	916.0	899.0	265.0	32.0	1152.0	91.0	21.0	78.0	3117.0	73.0	19.0	64.0	103.0	1.0
4	7	6	1.02804137176381	0.15196520402628233	0.065	23169.0	899.0	916.0	265.0	32.0	1152.0	78.0	19.0	91.0	3117.0	64.0	21.0	73.0	103.0	1.0
6	4	7	-13.759938360530995	1.0	0.5180055401662049	23169.0	916.0	1152.0	91.0	21.0	899.0	265.0	32.0	78.0	3117.0	73.0	19.0	103.0	64.0	1.0
4	6	8	-99999.9	1.0	-0.005917159763313609	23165.0	920.0	906.0	261.0	29.0	1151.0	91.0	22.0	90.0	3112.0	66.0	18.0	64.0	104.0	1.0
4	8	6	0.07452343000045333	0.47029688086598886	0.005813953488372093	23165.0	906.0	920.0	261.0	29.0	1151.0	90.0	18.0	91.0	3112.0	64.0	22.0	66.0	104.0	1.0
6	4	8	-12.668983100076987	1.0	0.501466275659824	23165.0	920.0	1151.0	91.0	22.0	906.0	261.0	29.0	90.0	3112.0	66.0	18.0	104.0	64.0	1.0
4	6	9	0.34342319057570536	0.3656401242284286	0.9944506104328524	22097.0	1988.0	1032.0	109.0	55.0	1120.0	104.0	40.0	1000.0	2085.0	183.0	77.0	45.0	61.0	4.0
4	9	6	-61.19801256059074	1.0	0.5013989927252379	22097.0	1032.0	1988.0	109.0	55.0	1120.0	1000.0	77.0	104.0	2085.0	45.0	40.0	183.0	61.0	4.0
6	4	9	-0.3415067665211534	0.6336388773868233	1.0056433408577878	22097.0	1988.0	1120.0	104.0	40.0	1032.0	109.0	55.0	1000.0	2085.0	183.0	77.0	61.0	45.0	4.0
4	7	8	1.89976820635438	0.028731706613497776	0.013104838709677418	23863.0	205.0	208.0	996.0	9.0	1221.0	17.0	11.0	30.0	3231.0	11.0	8.0	19.0	171.0	0.0
4	8	7	-99999.9	1.0	-0.013641133263378805	23863.0	208.0	205.0	996.0	9.0	1221.0	30.0	8.0	17.0	3231.0	19.0	11.0	11.0	171.0	0.0
7	4	8	-141.1673913337177	1.0	0.49665809768637537	23863.0	205.0	1221.0	17.0	11.0	208.0	996.0	9.0	30.0	3231.0	11.0	8.0	171.0	19.0	0.0
4	7	9	0.13946183964395734	0.4445425778643408	0.9978213507625272	22077.0	1991.0	1052.0	104.0	57.0	1102.0	102.0	45.0	1018.0	2079.0	175.0	77.0	53.0	63.0	5.0
4	9	7	-63.734060717288436	1.0	0.5005464480874317	22077.0	1052.0	1991.0	104.0	57.0	1102.0	1018.0	77.0	102.0	2079.0	53.0	45.0	175.0	63.0	5.0
7	4	9	-0.13915733781067358	0.5553371168229209	1.0021929824561404	22077.0	1991.0	1102.0	102.0	45.0	1052.0	104.0	57.0	1018.0	2079.0	175.0	77.0	63.0	53.0	5.0
4	8	9	-0.8875015651392898	0.8125955718530772	1.0146067415730338	22076.0	1995.0	1053.0	99.0	58.0	1102.0	112.0	45.0	1015.0	2076.0	176.0	80.0	46.0	61.0	6.0
4	9	8	-62.53472566673764	1.0	0.49642660802638816	22076.0	1053.0	1995.0	99.0	58.0	1102.0	1015.0	80.0	112.0	2076.0	46.0	45.0	176.0	61.0	6.0
8	4	9	0.9002784425997669	0.1839860160486383	0.9860064585575888	22076.0	1995.0	1102.0	112.0	45.0	1053.0	99.0	58.0	1015.0	2076.0	176.0	80.0	61.0	46.0	6.0
5	6	7	-99999.9	1.0	-0.05732484076433121	23158.0	915.0	887.0	257.0	32.0	1163.0	91.0	22.0	82.0	3126.0	73.0	27.0	65.0	102.0	0.0
5	7	6	0.6994684608580664	0.2421295893782689	0.04891304347826087	23158.0	887.0	915.0	257.0	32.0	1163.0	82.0	27.0	91.0	3126.0	65.0	22.0	73.0	102.0	0.0
6	5	7	-12.901307166937674	1.0	0.5131964809384165	23158.0	915.0	1163.0	91.0	22.0	887.0	257.0	32.0	82.0	3126.0	73.0	27.0	102.0	65.0	0.0
5	6	8	0.22245709144481535	0.41197907653315113	0.01807228915662651	23152.0	921.0	893.0	254.0	29.0	1164.0	91.0	21.0	94.0	3121.0	66.0	27.0	65.0	102.0	0.0
5	8	6	-99999.9	1.0	-0.01910828025477707	23152.0	893.0	921.0	254.0	29.0	1164.0	94.0	27.0	91.0	3121.0	65.0	21.0	66.0	102.0	0.0
6	5	8	-11.864378210390175	1.0	0.49535603715170273	23152.0	921.0	1164.0	91.0	21.0	893.0	254.0	29.0	94.0	3121.0	66.0	27.0	102.0	65.0	0.0
5	6	9	0.3483420009330285	0.363791742736982	0.9945652173913043	22089.0	1984.0	1016.0	106.0	54.0	1128.0	101.0	47.0	1016.0	2081.0	184.0	77.0	45.0	68.0	4.0
5	9	6	-63.39824416981124	1.0	0.5013698630136987	22089.0	1016.0	1984.0	106.0	54.0	1128.0	1016.0	77.0	101.0	2081.0	45.0	47.0	184.0	68.0	4.0
6	5	9	-0.34643849273120864	0.635493333625119	1.0055248618784531	22089.0	1984.0	1128.0	101.0	47.0	1016.0	106.0	54.0	1016.0	2081.0	184.0	77.0	68.0	45.0	4.0
5	7	8	2.024582978341743	0.021455033492094988	0.014213197969543146	23837.0	208.0	208.0	988.0	8.0	1247.0	17.0	8.0	31.0	3240.0	11.0	7.0	20.0	170.0	0.0
5	8	7	-99999.9	1.0	-0.014846235418875928	23837.0	208.0	208.0	988.0	8.0	1247.0	31.0	7.0	17.0	3240.0	20.0	8.0	11.0	170.0	0.0
7	5	8	-138.39470787664635	1.0	0.4963692946058091	23837.0	208.0	1247.0	17.0	8.0	208.0	988.0	8.0	31.0	3240.0	11.0	7.0	170.0	20.0	0.0
5	7	9	0.14153475445996022	0.4437237284409229	0.9978563772775991	22059.0	1986.0	1046.0	101.0	57.0	1120.0	99.0	53.0	1030.0	2075.0	177.0	71.0	53.0	70.0	3.0
5	9	7	-65.74289344665145	1.0	0.5005376344086021	22059.0	1046.0	1986.0	101.0	57.0	1120.0	1030.0	71.0	99.0	2075.0	53.0	53.0	177.0	70.0	3.0
7	5	9	-0.14123070557819875	0.5561561801504132	1.0021574973031284	22059.0	1986.0	1120.0	99.0	53.0	1046.0	101.0	57.0	1030.0	2075.0	177.0	71.0	70.0	53.0	3.0
5	8	9	-0.8297693479158624	0.7966654504085311	1.0132450331125828	22056.0	1989.0	1049.0	97.0	58.0	1122.0	109.0	54.0	1027.0	2072.0	178.0	72.0	46.0	67.0	4.0
5	9	8	-64.30712446347938	1.0	0.4967532467532467	22056.0	1049.0	1989.0	97.0	58.0	1122.0	1027.0	72.0	109.0	2072.0	46.0	54.0	178.0	67.0	4.0
8	5	9	0.8406160060585535	0.20028149504349058	0.9872611464968153	22056.0	1989.0	1122.0	109.0	54.0	1049.0	97.0	58.0	1027.0	2072.0	178.0	72.0	67.0	46.0	4.0
6	7	8	1.6382142729227342	0.05068848969658157	0.014833127317676144	24111.0	210.0	205.0	818.0	5.0	973.0	21.0	2.0	33.0	3437.0	15.0	8.0	19.0	143.0	0.0
6	8	7	-99999.9	1.0	-0.015523932729624839	24111.0	205.0	210.0	818.0	5.0	973.0	33.0	8.0	21.0	3437.0	19.0	2.0	15.0	143.0	0.0
7	6	8	-107.16651702036216	1.0	0.4962073324905183	24111.0	210.0	973.0	21.0	2.0	205.0	818.0	5.0	33.0	3437.0	15.0	8.0	143.0	19.0	0.0
6	7	9	0.0	0.49999999949999996	nan	22321.0	2000.0	896.0	91.0	41.0	858.0	91.0	47.0	1182.0	2112.0	191.0	69.0	52.0	43.0	6.0
6	9	7	-80.84809248343326	1.0	0.5	22321.0	896.0	2000.0	91.0	41.0	858.0	1182.0	69.0	91.0	2112.0	52.0	47.0	191.0	43.0	6.0
7	6	9	0.0	0.49999999949999996	nan	22321.0	2000.0	858.0	91.0	47.0	896.0	91.0	41.0	1182.0	2112.0	191.0	69.0	43.0	52.0	6.0
6	8	9	-1.0078214645919654	0.843229897372353	1.013170272812794	22312.0	2004.0	905.0	88.0	40.0	866.0	102.0	46.0	1179.0	2106.0	192.0	64.0	47.0	42.0	7.0
6	9	8	-78.53808699070244	1.0	0.49677121771217714	22312.0	905.0	2004.0	88.0	40.0	866.0	1179.0	64.0	102.0	2106.0	47.0	46.0	192.0	42.0	7.0
8	6	9	1.0209222078642843	0.1536456661355452	0.9873303167420815	22312.0	2004.0	866.0	102.0	46.0	905.0	88.0	40.0	1179.0	2106.0	192.0	64.0	42.0	47.0	7.0
7	8	9	-2.0497339496432976	0.9798048668206041	1.0074468085106383	22971.0	2113.0	208.0	16.0	9.0	207.0	30.0	9.0	1924.0	2207.0	267.0	16.0	9.0	13.0	1.0
7	9	8	-279.3494554228148	1.0	0.49815886375591795	22971.0	208.0	2113.0	16.0	9.0	207.0	1924.0	16.0	30.0	2207.0	9.0	9.0	267.0	13.0	1.0
8	7	9	2.064885098162308	0.019466870913340983	0.9927159209157128	22971.0	2113.0	207.0	30.0	9.0	208.0	16.0	9.0	1924.0	2207.0	267.0	16.0	13.0	9.0	1.0
