P1	Hybrid	P2	Zscore	Pvalue	Gamma	AAAA	AAAB	AABA	AABB	AABC	ABAA	ABAB	ABAC	ABBA	BAAA	ABBC	CABC	BACA	BCAA	ABCD
1	2	3	0.7209108290699451	0.2354821204559232	0.009689922480620155	22335.0	920.0	867.0	1114.0	62.0	2125.0	92.0	41.0	102.0	2041.0	47.0	39.0	43.0	169.0	3.0
1	3	2	-99999.9	1.0	-0.00998003992015968	22335.0	867.0	920.0	1114.0	62.0	2125.0	102.0	39.0	92.0	2041.0	43.0	41.0	47.0	169.0	3.0
2	1	3	-72.95617590187845	1.0	0.4975417895771878	22335.0	920.0	2125.0	92.0	41.0	867.0	1114.0	62.0	102.0	2041.0	47.0	39.0	169.0	43.0	3.0
1	2	4	-0.8998686447006956	0.815904950145516	1.036319612590799	21843.0	1412.0	1840.0	126.0	77.0	2053.0	141.0	64.0	569.0	1534.0	87.0	112.0	66.0	67.0	9.0
1	4	2	-26.576120640160518	1.0	0.49138920780711826	21843.0	1840.0	1412.0	126.0	77.0	2053.0	569.0	112.0	141.0	1534.0	66.0	64.0	87.0	67.0	9.0
2	1	4	0.931406097201888	0.1758217518914753	0.9672489082969432	21843.0	1412.0	2053.0	141.0	64.0	1840.0	126.0	77.0	569.0	1534.0	87.0	112.0	67.0	66.0	9.0
1	2	5	-0.3971772163752934	0.6543815585467632	1.0088626292466765	22025.0	1230.0	1875.0	110.0	58.0	2100.0	116.0	42.0	799.0	1308.0	83.0	138.0	56.0	55.0	5.0
1	5	2	-45.6091836804295	1.0	0.4978134110787172	22025.0	1875.0	1230.0	110.0	58.0	2100.0	799.0	138.0	116.0	1308.0	56.0	42.0	83.0	55.0	5.0
2	1	5	0.40066632808576447	0.34433295135447983	0.9913669064748202	22025.0	1230.0	2100.0	116.0	42.0	1875.0	110.0	58.0	799.0	1308.0	83.0	138.0	55.0	56.0	5.0
1	2	6	-0.2640493887548211	0.6041290084764814	1.0058565153733527	22045.0	1210.0	1873.0	112.0	58.0	2097.0	116.0	45.0	803.0	1309.0	78.0	138.0	55.0	56.0	5.0
1	6	2	-45.61453190739534	1.0	0.49854862119013066	22045.0	1873.0	1210.0	112.0	58.0	2097.0	803.0	138.0	116.0	1309.0	55.0	45.0	78.0	56.0	5.0
2	1	6	0.26558679422064246	0.39527878957653106	0.9942446043165467	22045.0	1210.0	2097.0	116.0	45.0	1873.0	112.0	58.0	803.0	1309.0	78.0	138.0	56.0	55.0	5.0
1	2	7	-1.332598362978217	0.9086681135354203	1.032967032967033	22076.0	1179.0	1882.0	109.0	52.0	2072.0	130.0	56.0	788.0	1319.0	83.0	139.0	57.0	52.0	6.0
1	7	2	-43.087347069628976	1.0	0.4921465968586387	22076.0	1882.0	1179.0	109.0	52.0	2072.0	788.0	139.0	130.0	1319.0	57.0	56.0	83.0	52.0	6.0
2	1	7	1.3751280979668836	0.08454592651758741	0.97	22076.0	1179.0	2072.0	130.0	56.0	1882.0	109.0	52.0	788.0	1319.0	83.0	139.0	52.0	57.0	6.0
1	2	8	-1.1938347188545875	0.8837286221105531	1.0290076335877862	22071.0	1184.0	1877.0	113.0	53.0	2060.0	132.0	66.0	806.0	1313.0	71.0	139.0	56.0	53.0	6.0
1	8	2	-43.543550535064604	1.0	0.493050475493782	22071.0	1877.0	1184.0	113.0	53.0	2060.0	806.0	139.0	132.0	1313.0	56.0	66.0	71.0	53.0	6.0
2	1	8	1.2274888133030106	0.10981952932901662	0.973314606741573	22071.0	1184.0	2060.0	132.0	66.0	1877.0	113.0	53.0	806.0	1313.0	71.0	139.0	53.0	56.0	6.0
1	2	9	-0.7580133017364402	0.7757785572453163	1.0167364016736402	22062.0	1193.0	1869.0	117.0	57.0	2056.0	129.0	73.0	858.0	1243.0	89.0	141.0	52.0	55.0	6.0
1	9	2	-46.8073213822251	1.0	0.4959183673469388	22062.0	1869.0	1193.0	117.0	57.0	2056.0	858.0	141.0	129.0	1243.0	52.0	73.0	89.0	55.0	6.0
2	1	9	0.7704908869502091	0.2205043139378392	0.9840637450199203	22062.0	1193.0	2056.0	129.0	73.0	1869.0	117.0	57.0	858.0	1243.0	89.0	141.0	55.0	52.0	6.0
1	3	4	-0.5484711337410751	0.7083158039067985	1.0219512195121951	21791.0	1411.0	1892.0	127.0	77.0	2064.0	136.0	66.0	555.0	1536.0	85.0	115.0	69.0	69.0	7.0
1	4	3	-26.08284947124225	1.0	0.49468713105076745	21791.0	1892.0	1411.0	127.0	77.0	2064.0	555.0	115.0	136.0	1536.0	69.0	66.0	85.0	69.0	7.0
3	1	4	0.5602521366137951	0.28765370301655	0.9794050343249427	21791.0	1411.0	2064.0	136.0	66.0	1892.0	127.0	77.0	555.0	1536.0	85.0	115.0	69.0	69.0	7.0
1	3	5	0.20038751921076575	0.42058878498621666	0.995575221238938	21985.0	1217.0	1915.0	114.0	67.0	2107.0	111.0	48.0	786.0	1312.0	78.0	144.0	57.0	57.0	2.0
1	5	3	-44.886804303211385	1.0	0.5011135857461025	21985.0	1915.0	1217.0	114.0	67.0	2107.0	786.0	144.0	111.0	1312.0	57.0	48.0	78.0	57.0	2.0
3	1	5	-0.19949690801427347	0.5790629446684146	1.0044843049327354	21985.0	1217.0	2107.0	111.0	48.0	1915.0	114.0	67.0	786.0	1312.0	78.0	144.0	57.0	57.0	2.0
1	3	6	0.0	0.49999999949999996	nan	21998.0	1204.0	1920.0	111.0	65.0	2105.0	111.0	50.0	789.0	1313.0	74.0	144.0	56.0	58.0	2.0
1	6	3	-45.49413527026525	1.0	0.5	21998.0	1920.0	1204.0	111.0	65.0	2105.0	789.0	144.0	111.0	1313.0	56.0	50.0	74.0	58.0	2.0
3	1	6	0.0	0.49999999949999996	nan	21998.0	1204.0	2105.0	111.0	50.0	1920.0	111.0	65.0	789.0	1313.0	74.0	144.0	58.0	56.0	2.0
1	3	7	-0.25625846028817734	0.6011243071848446	1.0061919504643964	22048.0	1154.0	1910.0	119.0	67.0	2083.0	123.0	60.0	773.0	1325.0	78.0	143.0	58.0	55.0	4.0
1	7	3	-41.89825825711697	1.0	0.49846625766871167	22048.0	1910.0	1154.0	119.0	67.0	2083.0	773.0	143.0	123.0	1325.0	58.0	60.0	78.0	55.0	4.0
3	1	7	0.25783543542841225	0.3982670158979562	0.993920972644377	22048.0	1154.0	2083.0	123.0	60.0	1910.0	119.0	67.0	773.0	1325.0	78.0	143.0	55.0	58.0	4.0
1	3	8	-0.5172900307974967	0.6975231545269214	1.0121951219512195	22032.0	1170.0	1916.0	114.0	66.0	2076.0	122.0	68.0	786.0	1322.0	68.0	143.0	57.0	55.0	5.0
1	8	3	-43.45236258698968	1.0	0.4970059880239521	22032.0	1916.0	1170.0	114.0	66.0	2076.0	786.0	143.0	122.0	1322.0	57.0	68.0	68.0	55.0	5.0
3	1	8	0.5235224408071051	0.3003053555121652	0.9882352941176471	22032.0	1170.0	2076.0	122.0	68.0	1916.0	114.0	66.0	786.0	1322.0	68.0	143.0	55.0	57.0	5.0
1	3	9	0.0	0.49999999949999996	nan	22017.0	1185.0	1914.0	123.0	59.0	2068.0	123.0	75.0	841.0	1249.0	86.0	146.0	52.0	60.0	2.0
1	9	3	-45.768706360546375	1.0	0.5	22017.0	1914.0	1185.0	123.0	59.0	2068.0	841.0	146.0	123.0	1249.0	52.0	75.0	86.0	60.0	2.0
3	1	9	0.0	0.49999999949999996	nan	22017.0	1185.0	2068.0	123.0	75.0	1914.0	123.0	59.0	841.0	1249.0	86.0	146.0	60.0	52.0	2.0
1	4	5	0.1943156619932262	0.42296438189539665	0.9883268482490273	22457.0	1226.0	1443.0	122.0	50.0	2558.0	119.0	57.0	373.0	1311.0	57.0	106.0	50.0	68.0	3.0
1	5	4	-16.25774372009988	1.0	0.502970297029703	22457.0	1443.0	1226.0	122.0	50.0	2558.0	373.0	106.0	119.0	1311.0	50.0	57.0	57.0	68.0	3.0
4	1	5	-0.19202059511929045	0.5761369448172414	1.0120967741935485	22457.0	1226.0	2558.0	119.0	57.0	1443.0	122.0	50.0	373.0	1311.0	57.0	106.0	68.0	50.0	3.0
1	4	6	0.32366826431391776	0.3730946686414305	0.9808429118773946	22472.0	1211.0	1446.0	124.0	45.0	2557.0	119.0	58.0	375.0	1311.0	55.0	106.0	50.0	68.0	3.0
1	6	4	-16.24814686855869	1.0	0.504930966469428	22472.0	1446.0	1211.0	124.0	45.0	2557.0	375.0	106.0	119.0	1311.0	50.0	58.0	55.0	68.0	3.0
4	1	6	-0.3173466185265365	0.6245096273273085	1.0203252032520325	22472.0	1211.0	2557.0	119.0	58.0	1446.0	124.0	45.0	375.0	1311.0	55.0	106.0	68.0	50.0	3.0
1	4	7	-0.9840268158712846	0.8374488322605282	1.0740740740740742	22498.0	1185.0	1460.0	114.0	41.0	2531.0	130.0	73.0	362.0	1328.0	51.0	106.0	48.0	69.0	4.0
1	7	4	-15.252415646004902	1.0	0.4833333333333333	22498.0	1460.0	1185.0	114.0	41.0	2531.0	362.0	106.0	130.0	1328.0	48.0	73.0	51.0	69.0	4.0
4	1	7	1.051890734207235	0.1464248707870841	0.9393939393939394	22498.0	1185.0	2531.0	130.0	73.0	1460.0	114.0	41.0	362.0	1328.0	51.0	106.0	69.0	48.0	4.0
1	4	8	-0.8125189325927519	0.7917530933691042	1.0560344827586208	22485.0	1198.0	1463.0	114.0	38.0	2528.0	127.0	79.0	372.0	1326.0	43.0	105.0	48.0	67.0	7.0
1	8	4	-16.12537573914846	1.0	0.48707753479125254	22485.0	1463.0	1198.0	114.0	38.0	2528.0	372.0	105.0	127.0	1326.0	48.0	79.0	43.0	67.0	7.0
4	1	8	0.8556321820772652	0.19610058684230913	0.9520295202952029	22485.0	1198.0	2528.0	127.0	79.0	1463.0	114.0	38.0	372.0	1326.0	43.0	105.0	67.0	48.0	7.0
1	4	9	-0.7701626461083244	0.7793983560961717	1.0418118466898956	22468.0	1215.0	1463.0	110.0	42.0	2529.0	122.0	83.0	421.0	1252.0	68.0	105.0	50.0	66.0	6.0
1	9	4	-19.9600485783074	1.0	0.4901639344262296	22468.0	1463.0	1215.0	110.0	42.0	2529.0	421.0	105.0	122.0	1252.0	50.0	83.0	68.0	66.0	6.0
4	1	9	0.801072183744779	0.21154486948265083	0.9628482972136223	22468.0	1215.0	2529.0	122.0	83.0	1463.0	110.0	42.0	421.0	1252.0	68.0	105.0	66.0	50.0	6.0
1	5	6	0.17938673390384724	0.4288170319834461	0.0008389261744966443	23736.0	164.0	182.0	1206.0	10.0	3013.0	15.0	9.0	16.0	1459.0	5.0	9.0	6.0	169.0	1.0
1	6	5	-99999.9	1.0	-0.0008410428931875526	23736.0	182.0	164.0	1206.0	10.0	3013.0	16.0	9.0	15.0	1459.0	6.0	9.0	5.0	169.0	1.0
5	1	6	-213.47021334557806	1.0	0.49979000419991604	23736.0	164.0	3013.0	15.0	9.0	182.0	1206.0	10.0	16.0	1459.0	5.0	9.0	169.0	6.0	1.0
1	5	7	-99999.9	1.0	-0.037950664136622396	23220.0	680.0	738.0	624.0	36.0	2908.0	77.0	52.0	57.0	1401.0	22.0	34.0	28.0	122.0	1.0
1	7	5	1.7479236237580622	0.04023858537395997	0.034071550255536626	23220.0	738.0	680.0	624.0	36.0	2908.0	57.0	34.0	77.0	1401.0	28.0	52.0	22.0	122.0	1.0
5	1	7	-47.80571110978302	1.0	0.5089766606822262	23220.0	680.0	2908.0	77.0	52.0	738.0	624.0	36.0	57.0	1401.0	22.0	34.0	122.0	28.0	1.0
1	5	8	-99999.9	1.0	-0.020754716981132078	23211.0	689.0	737.0	619.0	42.0	2902.0	78.0	57.0	67.0	1397.0	16.0	36.0	26.0	122.0	1.0
1	8	5	0.9208320705708012	0.17856903290651038	0.019538188277087032	23211.0	737.0	689.0	619.0	42.0	2902.0	67.0	36.0	78.0	1397.0	26.0	57.0	16.0	122.0	1.0
5	1	8	-45.288195470800346	1.0	0.505032021957914	23211.0	689.0	2902.0	78.0	57.0	737.0	619.0	42.0	67.0	1397.0	16.0	36.0	122.0	26.0	1.0
1	5	9	-0.6709281161095046	0.74886690400832	1.3243243243243243	22676.0	1224.0	1255.0	114.0	29.0	2819.0	126.0	92.0	175.0	1259.0	46.0	61.0	39.0	85.0	0.0
1	9	5	-3.4105512568899816	0.9996757907001856	0.44545454545454544	22676.0	1255.0	1224.0	114.0	29.0	2819.0	175.0	61.0	126.0	1259.0	39.0	92.0	46.0	85.0	0.0
5	1	9	0.835237042503669	0.20179207754498796	0.8356164383561644	22676.0	1224.0	2819.0	126.0	92.0	1255.0	114.0	29.0	175.0	1259.0	46.0	61.0	85.0	39.0	0.0
1	6	7	-99999.9	1.0	-0.03977272727272727	23238.0	680.0	720.0	627.0	33.0	2907.0	78.0	53.0	57.0	1401.0	22.0	35.0	27.0	121.0	1.0
1	7	6	1.829029097634071	0.03369756737047114	0.03553299492385787	23238.0	720.0	680.0	627.0	33.0	2907.0	57.0	35.0	78.0	1401.0	27.0	53.0	22.0	121.0	1.0
6	1	7	-47.81604640957642	1.0	0.5093833780160859	23238.0	680.0	2907.0	78.0	53.0	720.0	627.0	33.0	57.0	1401.0	22.0	35.0	121.0	27.0	1.0
1	6	8	-99999.9	1.0	-0.02457466918714556	23229.0	689.0	719.0	622.0	39.0	2901.0	80.0	57.0	67.0	1396.0	17.0	37.0	25.0	121.0	1.0
1	8	6	1.0820679099194601	0.13961121572843227	0.022887323943661973	23229.0	719.0	689.0	622.0	39.0	2901.0	67.0	37.0	80.0	1396.0	25.0	57.0	17.0	121.0	1.0
6	1	8	-45.11390824433444	1.0	0.5059252506836828	23229.0	689.0	2901.0	80.0	57.0	719.0	622.0	39.0	67.0	1396.0	17.0	37.0	121.0	25.0	1.0
1	6	9	-0.6133481582557436	0.7301769741598956	1.3055555555555556	22692.0	1226.0	1239.0	117.0	24.0	2819.0	128.0	91.0	175.0	1258.0	47.0	61.0	38.0	84.0	1.0
1	9	6	-3.2340175617120956	0.9993896278688574	0.4476190476190476	22692.0	1239.0	1226.0	117.0	24.0	2819.0	175.0	61.0	128.0	1258.0	38.0	91.0	47.0	84.0	1.0
6	1	9	0.7568977272092158	0.2245555013656887	0.8405797101449275	22692.0	1226.0	2819.0	128.0	91.0	1239.0	117.0	24.0	175.0	1258.0	47.0	61.0	84.0	38.0	1.0
1	7	8	1.0021923847776182	0.15812535326766897	0.007905138339920948	23651.0	307.0	297.0	1032.0	11.0	2945.0	28.0	26.0	36.0	1460.0	10.0	24.0	13.0	160.0	0.0
1	8	7	-99999.9	1.0	-0.008097165991902832	23651.0	297.0	307.0	1032.0	11.0	2945.0	36.0	24.0	28.0	1460.0	13.0	26.0	10.0	160.0	0.0
7	1	8	-124.77295190481337	1.0	0.498	23651.0	307.0	2945.0	28.0	26.0	297.0	1032.0	11.0	36.0	1460.0	10.0	24.0	160.0	13.0	0.0
1	7	9	1.035720630883691	0.15016627061038568	0.8148148148148149	22760.0	1198.0	1171.0	131.0	38.0	2791.0	116.0	92.0	182.0	1277.0	47.0	82.0	31.0	84.0	0.0
1	9	7	-3.5214501450045494	0.999785360574648	0.5641025641025642	22760.0	1171.0	1198.0	131.0	38.0	2791.0	182.0	82.0	116.0	1277.0	31.0	92.0	47.0	84.0	0.0
7	1	9	-0.8003295784101249	0.7882401248317457	1.4166666666666667	22760.0	1198.0	2791.0	116.0	92.0	1171.0	131.0	38.0	182.0	1277.0	47.0	82.0	84.0	31.0	0.0
1	8	9	-0.1855614800143208	0.5736056548520823	1.0566037735849056	22740.0	1208.0	1191.0	122.0	37.0	2786.0	125.0	94.0	181.0	1274.0	46.0	88.0	25.0	83.0	0.0
1	9	8	-3.649375773614998	0.9998685270957677	0.4869565217391304	22740.0	1191.0	1208.0	122.0	37.0	2786.0	181.0	88.0	125.0	1274.0	25.0	94.0	46.0	83.0	0.0
8	1	9	0.19550227358651645	0.42249990036357077	0.9516129032258065	22740.0	1208.0	2786.0	125.0	94.0	1191.0	122.0	37.0	181.0	1274.0	46.0	88.0	83.0	25.0	0.0
2	3	4	0.0	0.49999999949999996	nan	22954.0	1506.0	942.0	69.0	42.0	901.0	69.0	38.0	1543.0	1623.0	158.0	77.0	35.0	40.0	3.0
2	4	3	-125.42977529299293	1.0	0.5	22954.0	942.0	1506.0	69.0	42.0	901.0	1543.0	77.0	69.0	1623.0	35.0	38.0	158.0	40.0	3.0
3	2	4	0.0	0.49999999949999996	nan	22954.0	1506.0	901.0	69.0	38.0	942.0	69.0	42.0	1543.0	1623.0	158.0	77.0	40.0	35.0	3.0
2	3	5	0.6839913842409558	0.2469902354991269	0.996	23164.0	1296.0	961.0	56.0	36.0	928.0	49.0	31.0	1792.0	1394.0	138.0	92.0	30.0	33.0	0.0
2	5	3	-169.62986329175718	1.0	0.5010060362173039	23164.0	961.0	1296.0	56.0	36.0	928.0	1792.0	92.0	49.0	1394.0	30.0	31.0	138.0	33.0	0.0
3	2	5	-0.6812444308905905	0.7521416481564099	1.0040485829959513	23164.0	1296.0	928.0	49.0	31.0	961.0	56.0	36.0	1792.0	1394.0	138.0	92.0	33.0	30.0	0.0
2	3	6	0.18900239844200534	0.42504548475359016	0.9988538681948425	23179.0	1281.0	963.0	57.0	33.0	924.0	55.0	29.0	1798.0	1392.0	134.0	92.0	30.0	33.0	0.0
2	6	3	-164.52658784376538	1.0	0.5002870264064294	23179.0	963.0	1281.0	57.0	33.0	924.0	1798.0	92.0	55.0	1392.0	30.0	29.0	134.0	33.0	0.0
3	2	6	-0.1887855282200409	0.5748695265664834	1.0011500862564693	23179.0	1281.0	924.0	55.0	29.0	963.0	57.0	33.0	1798.0	1392.0	134.0	92.0	33.0	30.0	0.0
2	3	7	1.036981386406797	0.14987228975137945	0.9936672423719056	23190.0	1270.0	958.0	62.0	33.0	941.0	51.0	16.0	1777.0	1402.0	145.0	91.0	27.0	35.0	2.0
2	7	3	-161.67482524433242	1.0	0.5015983725661145	23190.0	958.0	1270.0	62.0	33.0	941.0	1777.0	91.0	51.0	1402.0	27.0	16.0	145.0	35.0	2.0
3	2	7	-1.0303725826695578	0.8485824093557326	1.0064553990610328	23190.0	1270.0	941.0	51.0	16.0	958.0	62.0	33.0	1777.0	1402.0	145.0	91.0	35.0	27.0	2.0
2	3	8	0.49791594687242574	0.30927164312224753	0.9971330275229358	23167.0	1293.0	964.0	53.0	36.0	941.0	48.0	19.0	1787.0	1404.0	133.0	94.0	27.0	34.0	0.0
2	8	3	-172.67725037535735	1.0	0.5007198387561186	23167.0	964.0	1293.0	53.0	36.0	941.0	1787.0	94.0	48.0	1404.0	27.0	19.0	133.0	34.0	0.0
3	2	8	-0.49648433115398866	0.6902236297717701	1.0028918449971083	23167.0	1293.0	941.0	48.0	19.0	964.0	53.0	36.0	1787.0	1404.0	133.0	94.0	34.0	27.0	0.0
2	3	9	0.9730138350083654	0.16527321235929182	0.9944659656889873	23152.0	1308.0	966.0	58.0	29.0	933.0	48.0	27.0	1845.0	1340.0	139.0	90.0	27.0	34.0	4.0
2	9	3	-173.87757231599483	1.0	0.5013950892857143	23152.0	966.0	1308.0	58.0	29.0	933.0	1845.0	90.0	48.0	1340.0	27.0	27.0	139.0	34.0	4.0
3	2	9	-0.9675991781635773	0.8333777088899031	1.0056274620146315	23152.0	1308.0	933.0	48.0	27.0	966.0	58.0	29.0	1845.0	1340.0	139.0	90.0	34.0	27.0	4.0
2	4	5	0.6487105853042356	0.2582626685345115	0.9624060150375939	22679.0	1217.0	1446.0	128.0	43.0	2336.0	118.0	67.0	374.0	1298.0	55.0	102.0	57.0	75.0	5.0
2	5	4	-15.958280398484163	1.0	0.5099601593625498	22679.0	1446.0	1217.0	128.0	43.0	2336.0	374.0	102.0	118.0	1298.0	57.0	67.0	55.0	75.0	5.0
4	2	5	-0.6233703280657888	0.7334794596201901	1.042372881355932	22679.0	1217.0	2336.0	118.0	67.0	1446.0	128.0	43.0	374.0	1298.0	55.0	102.0	75.0	57.0	5.0
2	4	6	0.5817835525582373	0.28035620096893	0.9659090909090909	22692.0	1204.0	1450.0	128.0	39.0	2337.0	119.0	65.0	374.0	1301.0	52.0	103.0	57.0	74.0	5.0
2	6	4	-15.902083769925108	1.0	0.5089820359281437	22692.0	1450.0	1204.0	128.0	39.0	2337.0	374.0	103.0	119.0	1301.0	57.0	65.0	52.0	74.0	5.0
4	2	6	-0.561250015409123	0.7126864765804034	1.0379746835443038	22692.0	1204.0	2337.0	119.0	65.0	1450.0	128.0	39.0	374.0	1301.0	52.0	103.0	74.0	57.0	5.0
2	4	7	0.19766699036749044	0.4216528320274946	0.9878542510121457	22685.0	1211.0	1463.0	118.0	36.0	2344.0	115.0	62.0	359.0	1315.0	53.0	106.0	50.0	78.0	5.0
2	7	4	-15.879248226188354	1.0	0.5030927835051546	22685.0	1463.0	1211.0	118.0	36.0	2344.0	359.0	106.0	115.0	1315.0	50.0	62.0	53.0	78.0	5.0
4	2	7	-0.1952366585187098	0.5773961378889146	1.0126050420168067	22685.0	1211.0	2344.0	115.0	62.0	1463.0	118.0	36.0	359.0	1315.0	53.0	106.0	78.0	50.0	5.0
2	4	8	0.26009291712225263	0.39739610972814177	0.9845559845559846	22671.0	1225.0	1460.0	122.0	35.0	2342.0	118.0	61.0	373.0	1310.0	44.0	107.0	51.0	75.0	6.0
2	8	4	-16.32083054942134	1.0	0.5039525691699605	22671.0	1460.0	1225.0	122.0	35.0	2342.0	373.0	107.0	118.0	1310.0	51.0	61.0	44.0	75.0	6.0
4	2	8	-0.2560130282262173	0.6010295537731081	1.0161943319838056	22671.0	1225.0	2342.0	118.0	61.0	1460.0	122.0	35.0	373.0	1310.0	44.0	107.0	75.0	51.0	6.0
2	4	9	-0.2596006769240832	0.602414034038206	1.0136986301369864	22659.0	1237.0	1459.0	115.0	43.0	2338.0	119.0	64.0	415.0	1246.0	66.0	115.0	50.0	67.0	7.0
2	9	4	-19.470050769306226	1.0	0.4966442953020134	22659.0	1459.0	1237.0	115.0	43.0	2338.0	415.0	115.0	119.0	1246.0	50.0	64.0	66.0	67.0	7.0
4	2	9	0.26310879417981403	0.3962334231247173	0.9868421052631579	22659.0	1237.0	2338.0	119.0	64.0	1459.0	115.0	43.0	415.0	1246.0	66.0	115.0	67.0	50.0	7.0
2	5	6	-99999.9	1.0	-0.000846740050804403	23963.0	162.0	179.0	1200.0	9.0	2786.0	18.0	8.0	17.0	1451.0	5.0	11.0	8.0	183.0	0.0
2	6	5	0.16885715093059184	0.4329545012359397	0.0008445945945945944	23963.0	179.0	162.0	1200.0	9.0	2786.0	17.0	11.0	18.0	1451.0	8.0	8.0	5.0	183.0	0.0
5	2	6	-199.5891523999598	1.0	0.5002114164904862	23963.0	162.0	2786.0	18.0	8.0	179.0	1200.0	9.0	17.0	1451.0	5.0	11.0	183.0	8.0	0.0
2	5	7	-99999.9	1.0	-0.018050541516245487	23432.0	693.0	716.0	638.0	34.0	2696.0	74.0	42.0	64.0	1381.0	28.0	49.0	25.0	128.0	0.0
2	7	5	0.8572364592964669	0.19565706413567152	0.017123287671232876	23432.0	716.0	693.0	638.0	34.0	2696.0	64.0	49.0	74.0	1381.0	25.0	42.0	28.0	128.0	0.0
5	2	7	-48.34813630432066	1.0	0.5043936731107206	23432.0	693.0	2696.0	74.0	42.0	716.0	638.0	34.0	64.0	1381.0	28.0	49.0	128.0	25.0	0.0
2	5	8	-99999.9	1.0	-0.003616636528028933	23417.0	708.0	714.0	633.0	41.0	2696.0	78.0	38.0	76.0	1377.0	20.0	50.0	24.0	128.0	0.0
2	8	5	0.1613937447549407	0.435891639364293	0.003577817531305904	23417.0	714.0	708.0	633.0	41.0	2696.0	76.0	50.0	78.0	1377.0	24.0	38.0	20.0	128.0	0.0
5	2	8	-44.78676416949603	1.0	0.5008992805755396	23417.0	708.0	2696.0	78.0	38.0	714.0	633.0	41.0	76.0	1377.0	20.0	50.0	128.0	24.0	0.0
2	5	9	0.0	0.49999999949999996	nan	22874.0	1251.0	1244.0	117.0	27.0	2621.0	117.0	74.0	167.0	1259.0	47.0	80.0	39.0	82.0	1.0
2	9	5	-3.2679040567910342	0.9994582041438356	0.5	22874.0	1244.0	1251.0	117.0	27.0	2621.0	167.0	80.0	117.0	1259.0	39.0	74.0	47.0	82.0	1.0
5	2	9	0.0	0.49999999949999996	nan	22874.0	1251.0	2621.0	117.0	74.0	1244.0	117.0	27.0	167.0	1259.0	47.0	80.0	82.0	39.0	1.0
2	6	7	-99999.9	1.0	-0.01436265709156194	23446.0	696.0	702.0	637.0	32.0	2699.0	72.0	43.0	64.0	1385.0	28.0	46.0	23.0	127.0	0.0
2	7	6	0.689941901302652	0.24511529388014364	0.013769363166953527	23446.0	702.0	696.0	637.0	32.0	2699.0	64.0	46.0	72.0	1385.0	23.0	43.0	28.0	127.0	0.0
6	2	7	-48.7271467794998	1.0	0.5035149384885764	23446.0	696.0	2699.0	72.0	43.0	702.0	637.0	32.0	64.0	1385.0	28.0	46.0	127.0	23.0	0.0
2	6	8	-99999.9	1.0	-0.003616636528028933	23430.0	712.0	701.0	632.0	38.0	2700.0	77.0	37.0	75.0	1380.0	22.0	47.0	22.0	127.0	0.0
2	8	6	0.16245128246963841	0.4354752385422185	0.003577817531305904	23430.0	701.0	712.0	632.0	38.0	2700.0	75.0	47.0	77.0	1380.0	22.0	37.0	22.0	127.0	0.0
6	2	8	-45.08023088532462	1.0	0.5008992805755396	23430.0	712.0	2700.0	77.0	37.0	701.0	632.0	38.0	75.0	1380.0	22.0	47.0	127.0	22.0	0.0
2	6	9	0.0	0.49999999949999996	nan	22891.0	1251.0	1227.0	118.0	26.0	2620.0	118.0	76.0	169.0	1261.0	47.0	79.0	36.0	80.0	1.0
2	9	6	-3.319114102346655	0.9995484252193259	0.5	22891.0	1227.0	1251.0	118.0	26.0	2620.0	169.0	79.0	118.0	1261.0	36.0	76.0	47.0	80.0	1.0
6	2	9	0.0	0.49999999949999996	nan	22891.0	1251.0	2620.0	118.0	76.0	1227.0	118.0	26.0	169.0	1261.0	47.0	79.0	80.0	36.0	1.0
2	7	8	1.002131775813558	0.15813998713110244	0.007744433688286544	23830.0	318.0	301.0	1053.0	11.0	2766.0	28.0	15.0	36.0	1436.0	8.0	20.0	15.0	163.0	0.0
2	8	7	-99999.9	1.0	-0.007928642220019823	23830.0	301.0	318.0	1053.0	11.0	2766.0	36.0	20.0	28.0	1436.0	15.0	15.0	8.0	163.0	0.0
7	2	8	-127.39600200029894	1.0	0.4980411361410382	23830.0	318.0	2766.0	28.0	15.0	301.0	1053.0	11.0	36.0	1436.0	8.0	20.0	163.0	15.0	0.0
2	7	9	2.252005138872073	0.012160935267080286	0.6292134831460674	22925.0	1223.0	1193.0	140.0	32.0	2626.0	107.0	76.0	163.0	1271.0	46.0	79.0	37.0	81.0	1.0
2	9	7	-1.56957933921387	0.9417434869508936	0.7088607594936709	22925.0	1193.0	1223.0	140.0	32.0	2626.0	163.0	79.0	107.0	1271.0	37.0	76.0	46.0	81.0	1.0
7	2	9	-0.9249306820367446	0.8224990369046781	-2.3000000000000007	22925.0	1223.0	2626.0	107.0	76.0	1193.0	140.0	32.0	163.0	1271.0	46.0	79.0	81.0	37.0	1.0
2	8	9	0.90576351015659	0.18253049231796947	0.7868852459016393	22900.0	1231.0	1218.0	131.0	33.0	2626.0	118.0	78.0	166.0	1268.0	45.0	76.0	29.0	80.0	1.0
2	9	8	-2.4385940658062033	0.9926277379078248	0.5783132530120482	22900.0	1218.0	1231.0	131.0	33.0	2626.0	166.0	76.0	118.0	1268.0	29.0	78.0	45.0	80.0	1.0
8	2	9	-0.6604525594891801	0.7455183379344537	1.5909090909090908	22900.0	1231.0	2626.0	118.0	78.0	1218.0	131.0	33.0	166.0	1268.0	45.0	76.0	80.0	29.0	1.0
3	4	5	0.12797638440793874	0.44908379459437875	0.9922779922779923	22652.0	1203.0	1440.0	124.0	49.0	2363.0	122.0	77.0	379.0	1304.0	49.0	103.0	57.0	73.0	5.0
3	5	4	-16.31698901201229	1.0	0.501953125	22652.0	1440.0	1203.0	124.0	49.0	2363.0	379.0	103.0	122.0	1304.0	57.0	77.0	49.0	73.0	5.0
4	3	5	-0.12698045923744894	0.5505221048576668	1.007905138339921	22652.0	1203.0	2363.0	122.0	77.0	1440.0	124.0	49.0	379.0	1304.0	49.0	103.0	73.0	57.0	5.0
3	4	6	0.32362265509758653	0.37311193565988754	0.9811320754716981	22658.0	1197.0	1445.0	124.0	44.0	2371.0	119.0	72.0	379.0	1306.0	47.0	103.0	57.0	73.0	5.0
3	6	4	-16.50475540997693	1.0	0.5048543689320388	22658.0	1445.0	1197.0	124.0	44.0	2371.0	379.0	103.0	119.0	1306.0	57.0	72.0	47.0	73.0	5.0
4	3	6	-0.3173991424995561	0.6245295521920724	1.02	22658.0	1197.0	2371.0	119.0	72.0	1445.0	124.0	44.0	379.0	1306.0	47.0	103.0	73.0	57.0	5.0
3	4	7	-0.6846895071511196	0.7532301318751977	1.048888888888889	22674.0	1181.0	1457.0	117.0	39.0	2355.0	128.0	79.0	364.0	1319.0	49.0	107.0	52.0	75.0	4.0
3	7	4	-15.37439166057511	1.0	0.4886128364389234	22674.0	1457.0	1181.0	117.0	39.0	2355.0	364.0	107.0	128.0	1319.0	52.0	79.0	49.0	75.0	4.0
4	3	7	0.7166030011285024	0.23680947666619057	0.9573643410852714	22674.0	1181.0	2355.0	128.0	79.0	1457.0	117.0	39.0	364.0	1319.0	49.0	107.0	75.0	52.0	4.0
3	4	8	-0.317359906303823	0.6245146680505929	1.0202429149797572	22652.0	1203.0	1456.0	119.0	38.0	2361.0	124.0	77.0	376.0	1315.0	41.0	108.0	52.0	73.0	5.0
3	8	4	-16.312299184016517	1.0	0.49508840864440073	22652.0	1456.0	1203.0	119.0	38.0	2361.0	376.0	108.0	124.0	1315.0	52.0	77.0	41.0	73.0	5.0
4	3	8	0.32365672984159727	0.37309903540903366	0.9809160305343512	22652.0	1203.0	2361.0	124.0	77.0	1456.0	119.0	38.0	376.0	1315.0	41.0	108.0	73.0	52.0	5.0
3	4	9	-0.6936002640372191	0.756033604465349	1.03971119133574	22627.0	1228.0	1458.0	115.0	40.0	2370.0	126.0	66.0	414.0	1252.0	66.0	117.0	54.0	61.0	6.0
3	9	4	-18.85331626792076	1.0	0.4906303236797274	22627.0	1458.0	1228.0	115.0	40.0	2370.0	414.0	117.0	126.0	1252.0	54.0	66.0	66.0	61.0	6.0
4	3	9	0.7200919407886407	0.23573412521454518	0.964516129032258	22627.0	1228.0	2370.0	126.0	66.0	1458.0	115.0	40.0	414.0	1252.0	66.0	117.0	61.0	54.0	6.0
3	5	6	0.6666237857744022	0.2525061705816989	0.003395585738539898	23928.0	164.0	175.0	1190.0	11.0	2821.0	16.0	8.0	20.0	1459.0	4.0	12.0	7.0	185.0	0.0
3	6	5	-99999.9	1.0	-0.003430531732418525	23928.0	175.0	164.0	1190.0	11.0	2821.0	20.0	12.0	16.0	1459.0	7.0	8.0	4.0	185.0	0.0
5	3	6	-194.98745733901288	1.0	0.4991467576791809	23928.0	164.0	2821.0	16.0	8.0	175.0	1190.0	11.0	20.0	1459.0	4.0	12.0	185.0	7.0	0.0
3	5	7	-99999.9	1.0	-0.02835538752362949	23408.0	684.0	723.0	619.0	34.0	2720.0	75.0	50.0	60.0	1397.0	26.0	46.0	27.0	131.0	0.0
3	7	5	1.3037748697839169	0.09615524427307431	0.026132404181184666	23408.0	723.0	684.0	619.0	34.0	2720.0	60.0	46.0	75.0	1397.0	27.0	50.0	26.0	131.0	0.0
5	3	7	-47.28356861083006	1.0	0.5067996373526746	23408.0	684.0	2720.0	75.0	50.0	723.0	619.0	34.0	60.0	1397.0	26.0	46.0	131.0	27.0	0.0
3	5	8	-99999.9	1.0	-0.005597014925373134	23387.0	705.0	721.0	613.0	42.0	2726.0	74.0	45.0	71.0	1393.0	19.0	48.0	24.0	132.0	0.0
3	8	5	0.24971020320136122	0.4014057884281097	0.005504587155963302	23387.0	721.0	705.0	613.0	42.0	2726.0	71.0	48.0	74.0	1393.0	24.0	45.0	19.0	132.0	0.0
5	3	8	-44.86459984184462	1.0	0.5013876040703052	23387.0	705.0	2726.0	74.0	45.0	721.0	613.0	42.0	71.0	1393.0	19.0	48.0	132.0	24.0	0.0
3	5	9	-0.4717518834051154	0.6814480366231642	1.2222222222222223	22848.0	1244.0	1237.0	113.0	26.0	2647.0	121.0	77.0	165.0	1271.0	47.0	89.0	40.0	74.0	1.0
3	9	5	-3.0663872421332545	0.9989166186397138	0.4583333333333333	22848.0	1237.0	1244.0	113.0	26.0	2647.0	165.0	89.0	121.0	1271.0	40.0	77.0	47.0	74.0	1.0
5	3	9	0.5575249531151363	0.2885843770216798	0.8666666666666667	22848.0	1244.0	2647.0	121.0	77.0	1237.0	113.0	26.0	165.0	1271.0	47.0	89.0	74.0	40.0	1.0
3	6	7	-99999.9	1.0	-0.03213610586011342	23418.0	685.0	713.0	621.0	31.0	2727.0	75.0	51.0	58.0	1398.0	26.0	41.0	26.0	130.0	0.0
3	7	6	1.4897758389261089	0.06814162559461334	0.029310344827586206	23418.0	713.0	685.0	621.0	31.0	2727.0	58.0	41.0	75.0	1398.0	26.0	51.0	26.0	130.0	0.0
6	3	7	-47.84809459139146	1.0	0.5076645626690712	23418.0	685.0	2727.0	75.0	51.0	713.0	621.0	31.0	58.0	1398.0	26.0	41.0	130.0	26.0	0.0
3	6	8	-99999.9	1.0	-0.013133208255159474	23396.0	707.0	712.0	615.0	38.0	2734.0	75.0	44.0	68.0	1393.0	21.0	43.0	23.0	131.0	0.0
3	8	6	0.5885258966393117	0.27808963470623493	0.012635379061371844	23396.0	712.0	707.0	615.0	38.0	2734.0	68.0	43.0	75.0	1393.0	23.0	44.0	21.0	131.0	0.0
6	3	8	-45.40056916931835	1.0	0.5032198712051518	23396.0	707.0	2734.0	75.0	44.0	712.0	615.0	38.0	68.0	1393.0	21.0	43.0	131.0	23.0	0.0
3	6	9	-0.4603612832609284	0.6773715200934713	1.2424242424242424	22861.0	1242.0	1224.0	117.0	24.0	2650.0	125.0	78.0	166.0	1269.0	47.0	85.0	38.0	73.0	1.0
3	9	6	-2.8197128599731904	0.9975966059707629	0.45555555555555555	22861.0	1224.0	1242.0	117.0	24.0	2650.0	166.0	85.0	125.0	1269.0	38.0	78.0	47.0	73.0	1.0
6	3	9	0.5501878751167192	0.29109523240056	0.8596491228070176	22861.0	1242.0	2650.0	125.0	78.0	1224.0	117.0	24.0	166.0	1269.0	47.0	85.0	73.0	38.0	1.0
3	7	8	1.4597132632645131	0.07218448830960744	0.011799410029498527	23814.0	317.0	294.0	1033.0	10.0	2782.0	28.0	16.0	40.0	1449.0	10.0	23.0	14.0	170.0	0.0
3	8	7	-99999.9	1.0	-0.012232415902140673	23814.0	294.0	317.0	1033.0	10.0	2782.0	40.0	23.0	28.0	1449.0	14.0	16.0	10.0	170.0	0.0
7	3	8	-120.79127253513839	1.0	0.496996996996997	23814.0	317.0	2782.0	28.0	16.0	294.0	1033.0	10.0	40.0	1449.0	10.0	23.0	170.0	14.0	0.0
3	7	9	1.549126510143088	0.060675670793227	0.725	22914.0	1217.0	1171.0	134.0	32.0	2637.0	112.0	77.0	170.0	1283.0	46.0	94.0	37.0	75.0	1.0
3	9	7	-2.534934289325051	0.9943765571256725	0.6170212765957447	22914.0	1171.0	1217.0	134.0	32.0	2637.0	170.0	94.0	112.0	1283.0	37.0	77.0	46.0	75.0	1.0
7	3	9	-0.9615267993991577	0.8318563266164727	2.571428571428571	22914.0	1217.0	2637.0	112.0	77.0	1171.0	134.0	32.0	170.0	1283.0	46.0	94.0	75.0	37.0	1.0
3	8	9	0.19547313635907632	0.4225113044120131	0.9361702127659575	22886.0	1222.0	1199.0	127.0	34.0	2640.0	124.0	81.0	168.0	1279.0	44.0	93.0	29.0	73.0	1.0
3	9	8	-2.6714661969073705	0.9962239206559964	0.5176470588235295	22886.0	1199.0	1222.0	127.0	34.0	2640.0	168.0	93.0	124.0	1279.0	29.0	81.0	44.0	73.0	1.0
8	3	9	-0.182145422516412	0.5722656878868475	1.0789473684210527	22886.0	1222.0	2640.0	124.0	81.0	1199.0	127.0	34.0	168.0	1279.0	44.0	93.0	73.0	29.0	1.0
4	5	6	0.18544845376945288	0.4264386668029424	0.0008389261744966443	24843.0	172.0	186.0	1205.0	11.0	1906.0	14.0	2.0	15.0	1482.0	4.0	6.0	7.0	147.0	0.0
4	6	5	-99999.9	1.0	-0.0008410428931875526	24843.0	186.0	172.0	1205.0	11.0	1906.0	15.0	6.0	14.0	1482.0	7.0	2.0	4.0	147.0	0.0
5	4	6	-220.6836599856508	1.0	0.49979000419991604	24843.0	172.0	1906.0	14.0	2.0	186.0	1205.0	11.0	15.0	1482.0	4.0	6.0	147.0	7.0	0.0
4	5	7	-99999.9	1.0	-0.005253940455341506	24289.0	726.0	740.0	630.0	32.0	1839.0	56.0	27.0	53.0	1425.0	23.0	36.0	30.0	92.0	2.0
4	7	5	0.28792057224249257	0.38670383617602777	0.005172413793103449	24289.0	740.0	726.0	630.0	32.0	1839.0	53.0	36.0	56.0	1425.0	30.0	27.0	23.0	92.0	2.0
5	4	7	-55.088802822396985	1.0	0.5013032145960035	24289.0	726.0	1839.0	56.0	27.0	740.0	630.0	32.0	53.0	1425.0	23.0	36.0	92.0	30.0	2.0
4	5	8	0.5500956417470758	0.2911268608452491	0.01048951048951049	24273.0	742.0	740.0	623.0	39.0	1840.0	57.0	25.0	63.0	1422.0	16.0	37.0	28.0	93.0	2.0
4	8	5	-99999.9	1.0	-0.010830324909747292	24273.0	740.0	742.0	623.0	39.0	1840.0	63.0	37.0	57.0	1422.0	28.0	25.0	16.0	93.0	2.0
5	4	8	-51.34225989639372	1.0	0.4973357015985791	24273.0	742.0	1840.0	57.0	25.0	740.0	623.0	39.0	63.0	1422.0	16.0	37.0	93.0	28.0	2.0
4	5	9	0.21668030591472534	0.4142287850978087	0.9516129032258065	23725.0	1290.0	1272.0	102.0	28.0	1770.0	99.0	53.0	158.0	1294.0	49.0	61.0	35.0	62.0	2.0
4	9	5	-4.044699043741549	0.999973791712168	0.5130434782608695	23725.0	1272.0	1290.0	102.0	28.0	1770.0	158.0	61.0	99.0	1294.0	35.0	53.0	49.0	62.0	2.0
5	4	9	-0.20566266324109522	0.5814727582817212	1.0566037735849056	23725.0	1290.0	1770.0	99.0	53.0	1272.0	102.0	28.0	158.0	1294.0	49.0	61.0	62.0	35.0	2.0
4	6	7	-99999.9	1.0	-0.005244755244755245	24302.0	727.0	727.0	631.0	30.0	1843.0	56.0	28.0	53.0	1427.0	23.0	32.0	28.0	91.0	2.0
4	7	6	0.2879193556345409	0.38670430182587645	0.005163511187607573	24302.0	727.0	727.0	631.0	30.0	1843.0	53.0	32.0	56.0	1427.0	28.0	28.0	23.0	91.0	2.0
6	4	7	-55.1845431632871	1.0	0.5013009540329575	24302.0	727.0	1843.0	56.0	28.0	727.0	631.0	30.0	53.0	1427.0	23.0	32.0	91.0	28.0	2.0
4	6	8	0.45619296464627224	0.32412563418356755	0.008756567425569177	24286.0	743.0	727.0	624.0	37.0	1844.0	58.0	25.0	63.0	1423.0	17.0	33.0	26.0	92.0	2.0
4	8	6	-99999.9	1.0	-0.008992805755395683	24286.0	727.0	743.0	624.0	37.0	1844.0	63.0	33.0	58.0	1423.0	26.0	25.0	17.0	92.0	2.0
6	4	8	-51.18485063331173	1.0	0.4977817213842059	24286.0	743.0	1844.0	58.0	25.0	727.0	624.0	37.0	63.0	1423.0	17.0	33.0	92.0	26.0	2.0
4	6	9	0.21569870232425123	0.4146113423536264	0.9508196721311475	23737.0	1292.0	1260.0	103.0	25.0	1774.0	100.0	53.0	158.0	1295.0	50.0	57.0	33.0	61.0	2.0
4	9	6	-3.9544762092779298	0.9999616320612077	0.5132743362831858	23737.0	1260.0	1292.0	103.0	25.0	1774.0	158.0	57.0	100.0	1295.0	33.0	53.0	50.0	61.0	2.0
6	4	9	-0.20454187289368647	0.5810349349514821	1.0576923076923077	23737.0	1292.0	1774.0	100.0	53.0	1260.0	103.0	25.0	158.0	1295.0	50.0	57.0	61.0	33.0	2.0
4	7	8	1.3148637892459953	0.0942779090028355	0.00856327307326356	24697.0	332.0	316.0	1061.0	11.0	1899.0	19.0	10.0	28.0	1474.0	9.0	13.0	14.0	117.0	0.0
4	8	7	-99999.9	1.0	-0.0087890625	24697.0	316.0	332.0	1061.0	11.0	1899.0	28.0	13.0	19.0	1474.0	14.0	10.0	9.0	117.0	0.0
7	4	8	-150.9171438101237	1.0	0.49783132530120483	24697.0	332.0	1899.0	19.0	10.0	316.0	1061.0	11.0	28.0	1474.0	9.0	13.0	117.0	14.0	0.0
4	7	9	2.4450465567944892	0.007241675353878652	0.6451612903225806	23762.0	1267.0	1235.0	120.0	33.0	1789.0	87.0	52.0	147.0	1313.0	51.0	53.0	28.0	59.0	4.0
4	9	7	-2.0004926373773104	0.9772765219712023	0.6896551724137931	23762.0	1235.0	1267.0	120.0	33.0	1789.0	147.0	53.0	87.0	1313.0	28.0	52.0	51.0	59.0	4.0
7	4	9	-1.1002709505575206	0.8643929130824279	-4.500000000000002	23762.0	1267.0	1789.0	87.0	52.0	1235.0	120.0	33.0	147.0	1313.0	51.0	53.0	59.0	28.0	4.0
4	8	9	0.9822333246204898	0.1629924597950262	0.7968749999999999	23736.0	1277.0	1261.0	111.0	32.0	1790.0	98.0	52.0	149.0	1308.0	50.0	50.0	22.0	60.0	4.0
4	9	8	-2.8711435642752776	0.9979549858475876	0.5730337078651685	23736.0	1261.0	1277.0	111.0	32.0	1790.0	149.0	50.0	98.0	1308.0	22.0	52.0	50.0	60.0	4.0
8	4	9	-0.7318601242270316	0.7678730956419942	1.52	23736.0	1277.0	1790.0	98.0	52.0	1261.0	111.0	32.0	149.0	1308.0	50.0	50.0	60.0	22.0	4.0
5	6	7	0.0	0.49999999949999996	nan	25952.0	797.0	176.0	11.0	1.0	193.0	11.0	3.0	628.0	2130.0	76.0	8.0	6.0	8.0	0.0
5	7	6	-131.24689179685328	1.0	0.5	25952.0	176.0	797.0	11.0	1.0	193.0	628.0	8.0	11.0	2130.0	6.0	3.0	76.0	8.0	0.0
6	5	7	0.0	0.49999999949999996	nan	25952.0	797.0	193.0	11.0	3.0	176.0	11.0	1.0	628.0	2130.0	76.0	8.0	8.0	6.0	0.0
5	6	8	-0.19942957352974452	0.5790366112379758	1.0015948963317385	25939.0	810.0	174.0	12.0	2.0	191.0	13.0	3.0	641.0	2119.0	74.0	8.0	6.0	8.0	0.0
5	8	6	-125.4412017502095	1.0	0.49960222752585526	25939.0	174.0	810.0	12.0	2.0	191.0	641.0	8.0	13.0	2119.0	6.0	3.0	74.0	8.0	0.0
6	5	8	0.1997471365449193	0.42083919809131787	0.9984126984126984	25939.0	810.0	191.0	13.0	3.0	174.0	12.0	2.0	641.0	2119.0	74.0	8.0	8.0	6.0	0.0
5	6	9	0.0	0.49999999949999996	nan	25323.0	1426.0	172.0	14.0	2.0	188.0	14.0	5.0	1292.0	1439.0	103.0	11.0	5.0	6.0	0.0
5	9	6	-241.08916559050252	1.0	0.5	25323.0	172.0	1426.0	14.0	2.0	188.0	1292.0	11.0	14.0	1439.0	5.0	5.0	103.0	6.0	0.0
6	5	9	0.0	0.49999999949999996	nan	25323.0	1426.0	188.0	14.0	5.0	172.0	14.0	2.0	1292.0	1439.0	103.0	11.0	6.0	5.0	0.0
5	7	8	2.4695128090724814	0.006764867128439933	0.03118503118503118	25785.0	343.0	328.0	477.0	4.0	811.0	11.0	7.0	26.0	2109.0	12.0	3.0	18.0	66.0	0.0
5	8	7	-99999.9	1.0	-0.03440366972477064	25785.0	328.0	343.0	477.0	4.0	811.0	26.0	3.0	11.0	2109.0	18.0	7.0	12.0	66.0	0.0
7	5	8	-74.250018459446	1.0	0.4918211559432934	25785.0	343.0	811.0	11.0	7.0	328.0	477.0	4.0	26.0	2109.0	12.0	3.0	66.0	18.0	0.0
5	7	9	3.1640475616623007	0.0007780226636000531	0.9526627218934911	24777.0	1351.0	718.0	68.0	23.0	774.0	36.0	19.0	680.0	1398.0	69.0	37.0	24.0	26.0	0.0
5	9	7	-60.51240961679147	1.0	0.5127388535031848	24777.0	718.0	1351.0	68.0	23.0	774.0	680.0	37.0	36.0	1398.0	24.0	19.0	69.0	26.0	0.0
7	5	9	-3.00682780704554	0.998679984463769	1.0551724137931036	24777.0	1351.0	774.0	36.0	19.0	718.0	68.0	23.0	680.0	1398.0	69.0	37.0	26.0	24.0	0.0
5	8	9	1.290103084328962	0.09850750288298393	0.9796875	24750.0	1363.0	745.0	58.0	21.0	776.0	45.0	19.0	672.0	1396.0	70.0	43.0	17.0	25.0	0.0
5	9	8	-60.932561059844865	1.0	0.5052377115229653	24750.0	745.0	1363.0	58.0	21.0	776.0	672.0	43.0	45.0	1396.0	17.0	19.0	70.0	25.0	0.0
8	5	9	-1.2633545355310727	0.8967690335358206	1.021630615640599	24750.0	1363.0	776.0	45.0	19.0	745.0	58.0	21.0	672.0	1396.0	70.0	43.0	25.0	17.0	0.0
6	7	8	2.4694866588925533	0.0067653615789655674	0.031055900621118012	25803.0	342.0	327.0	479.0	5.0	793.0	11.0	8.0	26.0	2111.0	12.0	4.0	17.0	62.0	0.0
6	8	7	-99999.9	1.0	-0.03424657534246575	25803.0	327.0	342.0	479.0	5.0	793.0	26.0	4.0	11.0	2111.0	17.0	8.0	12.0	62.0	0.0
7	6	8	-74.57849709855509	1.0	0.49185667752442996	25803.0	342.0	793.0	11.0	8.0	327.0	479.0	5.0	26.0	2111.0	12.0	4.0	62.0	17.0	0.0
6	7	9	3.0237733726037495	0.001248286106734442	0.9540740740740741	24793.0	1352.0	718.0	69.0	24.0	758.0	38.0	16.0	682.0	1398.0	69.0	35.0	23.0	25.0	0.0
6	9	7	-59.79267991632577	1.0	0.5123309466984884	24793.0	718.0	1352.0	69.0	24.0	758.0	682.0	35.0	38.0	1398.0	23.0	16.0	69.0	25.0	0.0
7	6	9	-2.8782190642951835	0.9980002975460471	1.0532646048109966	24793.0	1352.0	758.0	38.0	16.0	718.0	69.0	24.0	682.0	1398.0	69.0	35.0	25.0	23.0	0.0
6	8	9	1.2659064854135094	0.10277335090086581	0.9796875	24766.0	1364.0	745.0	60.0	21.0	760.0	47.0	16.0	674.0	1395.0	70.0	41.0	17.0	24.0	0.0
6	9	8	-59.78973708029959	1.0	0.5052377115229653	24766.0	745.0	1364.0	60.0	21.0	760.0	674.0	41.0	47.0	1395.0	17.0	16.0	70.0	24.0	0.0
8	6	9	-1.2396596204846806	0.8924492726416506	1.021630615640599	24766.0	1364.0	760.0	47.0	16.0	745.0	60.0	21.0	674.0	1395.0	70.0	41.0	24.0	17.0	0.0
7	8	9	-2.8950642788125367	0.9981045288051595	1.018957345971564	25212.0	1384.0	339.0	13.0	9.0	314.0	33.0	10.0	1108.0	1452.0	92.0	13.0	7.0	14.0	0.0
7	9	8	-158.50476926498695	1.0	0.49539170506912444	25212.0	339.0	1384.0	13.0	9.0	314.0	1108.0	13.0	33.0	1452.0	7.0	10.0	92.0	14.0	0.0
8	7	9	2.9489259398137	0.0015944704572569135	0.9820627802690582	25212.0	1384.0	314.0	33.0	10.0	339.0	13.0	9.0	1108.0	1452.0	92.0	13.0	14.0	7.0	0.0
