P1	Hybrid	P2	Zscore	Pvalue	Gamma	AAAA	AAAB	AABA	AABB	AABC	ABAA	ABAB	ABAC	ABBA	BAAA	ABBC	CABC	BACA	BCAA	ABCD
1	2	3	-0.23172818514779775	0.5916253848978152	1.0036958817317845	72827.0	4502.0	6663.0	451.0	228.0	6597.0	458.0	214.0	2359.0	4493.0	282.0	461.0	229.0	204.0	32.0
1	3	2	-63.16248246599916	1.0	0.49908112365450247	72827.0	6663.0	4502.0	451.0	228.0	6597.0	2359.0	461.0	458.0	4493.0	229.0	214.0	282.0	204.0	32.0
2	1	3	0.2325814714686997	0.4080432544999326	0.9963446475195823	72827.0	4502.0	6597.0	458.0	214.0	6663.0	451.0	228.0	2359.0	4493.0	282.0	461.0	204.0	229.0	32.0
1	2	4	-0.26035130040792115	0.6027035385553547	1.0024449877750612	73524.0	3805.0	6796.0	357.0	189.0	6723.0	364.0	182.0	3234.0	3639.0	261.0	548.0	189.0	168.0	21.0
1	4	2	-107.00438446765598	1.0	0.4993909866017053	73524.0	6796.0	3805.0	357.0	189.0	6723.0	3234.0	548.0	364.0	3639.0	189.0	182.0	261.0	168.0	21.0
2	1	4	0.2609863035796478	0.39705159415600055	0.9975728155339806	73524.0	3805.0	6723.0	364.0	182.0	6796.0	357.0	189.0	3234.0	3639.0	261.0	548.0	168.0	189.0	21.0
1	2	5	-0.7481946200840562	0.7728286802767279	1.0055653192735794	74061.0	3268.0	6874.0	311.0	157.0	6778.0	330.0	161.0	3763.0	3137.0	234.0	606.0	153.0	146.0	21.0
1	5	2	-135.93514887000853	1.0	0.4986201888162673	74061.0	6874.0	3268.0	311.0	157.0	6778.0	3763.0	606.0	330.0	3137.0	153.0	161.0	234.0	146.0	21.0
2	1	5	0.7523355166123398	0.22592458947402705	0.9945260731777585	74061.0	3268.0	6778.0	330.0	161.0	6874.0	311.0	157.0	3763.0	3137.0	234.0	606.0	146.0	153.0	21.0
1	2	6	-1.2682436987513266	0.8976444631923559	1.009428403064231	74167.0	3162.0	6920.0	299.0	123.0	6774.0	331.0	164.0	3757.0	3156.0	221.0	605.0	158.0	150.0	13.0
1	6	2	-137.04958469631518	1.0	0.4976757699012202	74167.0	6920.0	3162.0	299.0	123.0	6774.0	3757.0	605.0	331.0	3156.0	158.0	164.0	221.0	150.0	13.0
2	1	6	1.2800895243088406	0.10025689486854183	0.9908309455587393	74167.0	3162.0	6774.0	331.0	164.0	6920.0	299.0	123.0	3757.0	3156.0	221.0	605.0	150.0	158.0	13.0
1	2	7	-0.5583212691467153	0.7116875190287313	1.0040733197556009	74129.0	3200.0	6911.0	306.0	125.0	6801.0	320.0	148.0	3771.0	3131.0	232.0	606.0	156.0	152.0	12.0
1	7	2	-138.18451411381204	1.0	0.49898785425101216	74129.0	6911.0	3200.0	306.0	125.0	6801.0	3771.0	606.0	320.0	3131.0	156.0	148.0	232.0	152.0	12.0
2	1	7	0.5605862641533957	0.2875397768325527	0.9959758551307847	74129.0	3200.0	6801.0	320.0	148.0	6911.0	306.0	125.0	3771.0	3131.0	232.0	606.0	152.0	156.0	12.0
1	2	8	-0.32457824198469193	0.6272497830023919	1.0022390148334732	74321.0	3008.0	6880.0	299.0	163.0	6815.0	307.0	147.0	3888.0	3013.0	233.0	614.0	152.0	138.0	22.0
1	8	2	-145.61391381038212	1.0	0.499442119944212	74321.0	6880.0	3008.0	299.0	163.0	6815.0	3888.0	614.0	307.0	3013.0	152.0	147.0	233.0	138.0	22.0
2	1	8	0.3253033539466795	0.3724758149299958	0.9977759243814289	74321.0	3008.0	6815.0	307.0	147.0	6880.0	299.0	163.0	3888.0	3013.0	233.0	614.0	138.0	152.0	22.0
1	2	9	-0.7419393061970941	0.7709380137743593	1.0012374323279196	76751.0	578.0	7264.0	54.0	24.0	7181.0	62.0	26.0	6535.0	544.0	55.0	868.0	28.0	27.0	3.0
1	9	2	-601.0635804329232	1.0	0.4996912150687046	76751.0	7264.0	578.0	54.0	24.0	7181.0	6535.0	868.0	62.0	544.0	28.0	26.0	55.0	27.0	3.0
2	1	9	0.742856271197801	0.228784282924964	0.9987671443982123	76751.0	578.0	7181.0	62.0	26.0	7264.0	54.0	24.0	6535.0	544.0	55.0	868.0	27.0	28.0	3.0
1	3	4	0.07599306525799508	0.46971223963252084	0.9978947368421053	75614.0	3876.0	4706.0	348.0	127.0	8851.0	346.0	220.0	1294.0	3736.0	150.0	360.0	110.0	240.0	22.0
1	4	3	-35.94471986703157	1.0	0.5005279831045406	75614.0	4706.0	3876.0	348.0	127.0	8851.0	1294.0	360.0	346.0	3736.0	110.0	220.0	150.0	240.0	22.0
3	1	4	-0.07583274233550986	0.5302239848435635	1.0021186440677967	75614.0	3876.0	8851.0	346.0	220.0	4706.0	348.0	127.0	1294.0	3736.0	150.0	360.0	240.0	110.0	22.0
1	3	5	0.0	0.49999999949999996	nan	76163.0	3327.0	4772.0	296.0	113.0	8912.0	296.0	209.0	1811.0	3234.0	135.0	424.0	90.0	197.0	21.0
1	5	3	-62.260858145526676	1.0	0.5	76163.0	4772.0	3327.0	296.0	113.0	8912.0	1811.0	424.0	296.0	3234.0	90.0	209.0	135.0	197.0	21.0
3	1	5	0.0	0.49999999949999996	nan	76163.0	3327.0	8912.0	296.0	209.0	4772.0	296.0	113.0	1811.0	3234.0	135.0	424.0	197.0	90.0	21.0
1	3	6	0.08142605218252952	0.4675514992569689	0.9986666666666667	76305.0	3185.0	4782.0	303.0	96.0	8906.0	301.0	210.0	1799.0	3249.0	132.0	431.0	95.0	192.0	14.0
1	6	3	-60.90668703253191	1.0	0.5003340013360054	76305.0	4782.0	3185.0	303.0	96.0	8906.0	1799.0	431.0	301.0	3249.0	95.0	210.0	132.0	192.0	14.0
3	1	6	-0.08131733916225911	0.5324052739089927	1.001338688085676	76305.0	3185.0	8906.0	301.0	210.0	4782.0	303.0	96.0	1799.0	3249.0	132.0	431.0	192.0	95.0	14.0
1	3	7	0.6219470882103044	0.266988275201816	0.9902470741222367	76270.0	3220.0	4770.0	301.0	110.0	8939.0	286.0	192.0	1809.0	3225.0	146.0	430.0	96.0	192.0	14.0
1	7	3	-62.52641393474259	1.0	0.5024744308808974	76270.0	4770.0	3220.0	301.0	110.0	8939.0	1809.0	430.0	286.0	3225.0	96.0	192.0	146.0	192.0	14.0
3	1	7	-0.6158215423645036	0.7309938993923888	1.0100468854655056	76270.0	3220.0	8939.0	286.0	192.0	4770.0	301.0	110.0	1809.0	3225.0	146.0	430.0	192.0	96.0	14.0
1	3	8	0.621719395369515	0.26706314283078725	0.9910125823846615	76416.0	3074.0	4785.0	301.0	95.0	8936.0	286.0	195.0	1940.0	3099.0	141.0	441.0	87.0	196.0	8.0
1	8	3	-67.93320593404238	1.0	0.5022775584573338	76416.0	4785.0	3074.0	301.0	95.0	8936.0	1940.0	441.0	286.0	3099.0	87.0	195.0	141.0	196.0	8.0
3	1	8	-0.616081069534846	0.7310795456738732	1.0092364532019704	76416.0	3074.0	8936.0	286.0	195.0	4785.0	301.0	95.0	1940.0	3099.0	141.0	441.0	196.0	87.0	8.0
1	3	9	0.09663896692233091	0.4615064959494578	0.99977939554379	78907.0	583.0	5108.0	54.0	19.0	9329.0	53.0	35.0	4585.0	561.0	34.0	670.0	20.0	39.0	3.0
1	9	3	-437.87115912508057	1.0	0.5000551693699657	78907.0	5108.0	583.0	54.0	19.0	9329.0	4585.0	670.0	53.0	561.0	20.0	35.0	34.0	39.0	3.0
3	1	9	-0.0966176432314831	0.5384850367631904	1.0002207505518763	78907.0	583.0	9329.0	53.0	35.0	5108.0	54.0	19.0	4585.0	561.0	34.0	670.0	39.0	20.0	3.0
1	4	5	0.20483194084656986	0.4188517438271502	0.9911347517730497	76978.0	3342.0	3957.0	303.0	91.0	9975.0	298.0	232.0	857.0	3236.0	99.0	315.0	86.0	220.0	11.0
1	5	4	-22.695379045799882	1.0	0.5022461814914644	76978.0	3957.0	3342.0	303.0	91.0	9975.0	857.0	315.0	298.0	3236.0	86.0	232.0	99.0	220.0	11.0
4	1	5	-0.20299981257423919	0.580432383600737	1.0091074681238617	76978.0	3342.0	9975.0	298.0	232.0	3957.0	303.0	91.0	857.0	3236.0	99.0	315.0	220.0	86.0	11.0
1	4	6	-0.7553123766587193	0.7749692802475325	1.0366795366795367	77130.0	3190.0	3957.0	295.0	99.0	9969.0	314.0	222.0	851.0	3243.0	98.0	316.0	88.0	220.0	8.0
1	6	4	-22.102825338013037	1.0	0.49130832570905764	77130.0	3957.0	3190.0	295.0	99.0	9969.0	851.0	316.0	314.0	3243.0	88.0	222.0	98.0	220.0	8.0
4	1	6	0.7820366506931992	0.2170964537490383	0.9669565217391304	77130.0	3190.0	9969.0	314.0	222.0	3957.0	295.0	99.0	851.0	3243.0	98.0	316.0	220.0	88.0	8.0
1	4	7	0.37493077177479145	0.3538560350775396	0.9843205574912892	77099.0	3221.0	3941.0	297.0	113.0	10014.0	288.0	203.0	853.0	3227.0	112.0	311.0	92.0	220.0	9.0
1	7	4	-23.162389900753823	1.0	0.5040142729705619	77099.0	3941.0	3221.0	297.0	113.0	10014.0	853.0	311.0	288.0	3227.0	92.0	203.0	112.0	220.0	9.0
4	1	7	-0.36895842319784783	0.643920582007697	1.016453382084095	77099.0	3221.0	10014.0	288.0	203.0	3941.0	297.0	113.0	853.0	3227.0	112.0	311.0	220.0	92.0	9.0
1	4	8	1.010294139557962	0.15617720788594902	0.9666203059805285	77253.0	3067.0	3948.0	303.0	100.0	10017.0	279.0	209.0	974.0	3109.0	109.0	326.0	84.0	213.0	9.0
1	8	4	-28.24614031847466	1.0	0.5087847730600292	77253.0	3948.0	3067.0	303.0	100.0	10017.0	974.0	326.0	279.0	3109.0	84.0	209.0	109.0	213.0	9.0
4	1	8	-0.975406284378982	0.8353206159291954	1.0370942812983	77253.0	3067.0	10017.0	279.0	209.0	3948.0	303.0	100.0	974.0	3109.0	109.0	326.0	213.0	84.0	9.0
1	4	9	1.3076519479480428	0.09549576163706197	0.9963462619449128	79737.0	583.0	4278.0	56.0	17.0	10419.0	43.0	43.0	3588.0	574.0	30.0	577.0	17.0	37.0	1.0
1	9	4	-355.2789753963438	1.0	0.5009184682775187	79737.0	4278.0	583.0	56.0	17.0	10419.0	3588.0	577.0	43.0	574.0	17.0	43.0	30.0	37.0	1.0
4	1	9	-1.3028566093519007	0.9036880723685702	1.0036942313157147	79737.0	583.0	10419.0	43.0	43.0	4278.0	56.0	17.0	3588.0	574.0	30.0	577.0	37.0	17.0	1.0
1	5	6	-99999.9	1.0	-0.09163346613545816	77991.0	2944.0	3096.0	548.0	92.0	10663.0	274.0	210.0	251.0	3306.0	63.0	222.0	65.0	266.0	9.0
1	6	5	1.037965815030093	0.14964300937990327	0.071875	77991.0	3096.0	2944.0	548.0	92.0	10663.0	251.0	222.0	274.0	3306.0	65.0	210.0	63.0	266.0	9.0
5	1	6	-12.365331883401964	1.0	0.520140105078809	77991.0	2944.0	10663.0	274.0	210.0	3096.0	548.0	92.0	251.0	3306.0	63.0	222.0	266.0	65.0	9.0
1	5	7	0.17630697457896458	0.43002639723474	0.014336917562724013	77909.0	3026.0	3131.0	534.0	71.0	10690.0	259.0	198.0	263.0	3282.0	75.0	225.0	66.0	263.0	8.0
1	7	5	-99999.9	1.0	-0.0149812734082397	77909.0	3131.0	3026.0	534.0	71.0	10690.0	263.0	225.0	259.0	3282.0	66.0	198.0	75.0	263.0	8.0
5	1	7	-11.944797527724816	1.0	0.49633699633699635	77909.0	3026.0	10690.0	259.0	198.0	3131.0	534.0	71.0	263.0	3282.0	75.0	225.0	263.0	66.0	8.0
1	5	8	0.5680246483146157	0.285009080427151	0.9121621621621622	77829.0	3106.0	3372.0	292.0	72.0	10654.0	279.0	214.0	414.0	3125.0	81.0	249.0	68.0	238.0	7.0
1	8	5	-5.33069285341409	0.9999999509758677	0.5252918287937743	77829.0	3372.0	3106.0	292.0	72.0	10654.0	414.0	249.0	279.0	3125.0	68.0	214.0	81.0	238.0	7.0
5	1	8	-0.5133259784769121	0.6961383511905093	1.1192660550458715	77829.0	3106.0	10654.0	279.0	214.0	3372.0	292.0	72.0	414.0	3125.0	81.0	249.0	238.0	68.0	7.0
1	5	9	1.8930424616533559	0.029176046166017766	0.9933199732798931	80361.0	574.0	3654.0	66.0	16.0	11062.0	46.0	39.0	3020.0	572.0	28.0	502.0	16.0	41.0	3.0
1	9	5	-279.60237158620095	1.0	0.5016869095816464	80361.0	3654.0	574.0	66.0	16.0	11062.0	3020.0	502.0	46.0	572.0	16.0	39.0	28.0	41.0	3.0
5	1	9	-1.8803118465783497	0.9699672691908954	1.0068166325835037	80361.0	574.0	11062.0	46.0	39.0	3654.0	66.0	16.0	3020.0	572.0	28.0	502.0	41.0	16.0	3.0
1	6	7	0.933555489046809	0.17526660101554115	0.025940337224383915	78503.0	2584.0	2537.0	976.0	71.0	10741.0	225.0	170.0	245.0	3329.0	71.0	192.0	53.0	298.0	5.0
1	7	6	-99999.9	1.0	-0.02812939521800281	78503.0	2537.0	2584.0	976.0	71.0	10741.0	245.0	192.0	225.0	3329.0	53.0	170.0	71.0	298.0	5.0
6	1	7	-34.121453124660924	1.0	0.49325236167341435	78503.0	2584.0	10741.0	225.0	170.0	2537.0	976.0	71.0	245.0	3329.0	71.0	192.0	298.0	53.0	5.0
1	6	8	0.8436485526353029	0.19943286367959945	0.8950276243093923	77974.0	3113.0	3227.0	290.0	67.0	10639.0	271.0	226.0	433.0	3136.0	76.0	245.0	65.0	234.0	4.0
1	8	6	-6.349565422465698	0.9999999998915523	0.5311475409836066	77974.0	3227.0	3113.0	290.0	67.0	10639.0	433.0	245.0	271.0	3136.0	65.0	226.0	76.0	234.0	4.0
6	1	8	-0.744702117449681	0.7717741589460682	1.153225806451613	77974.0	3113.0	10639.0	271.0	226.0	3227.0	290.0	67.0	433.0	3136.0	76.0	245.0	234.0	65.0	4.0
1	6	9	1.2949892814837096	0.09766203162423692	0.9956738768718802	80505.0	582.0	3510.0	57.0	17.0	11051.0	44.0	41.0	3036.0	580.0	29.0	497.0	10.0	39.0	2.0
1	9	6	-296.7517745799992	1.0	0.5010885948752302	80505.0	3510.0	582.0	57.0	17.0	11051.0	3036.0	497.0	44.0	580.0	10.0	41.0	29.0	39.0	2.0
6	1	9	-1.2893626569318084	0.9013639129283906	1.0043830074173972	80505.0	582.0	11051.0	44.0	41.0	3510.0	57.0	17.0	3036.0	580.0	29.0	497.0	39.0	10.0	2.0
1	7	8	1.1580203696556493	0.12342792018550652	0.8424242424242424	77946.0	3094.0	3255.0	305.0	71.0	10677.0	279.0	222.0	418.0	3110.0	79.0	222.0	83.0	234.0	5.0
1	8	7	-5.0329346835033935	0.9999997580917144	0.5515873015873015	77946.0	3255.0	3094.0	305.0	71.0	10677.0	418.0	222.0	279.0	3110.0	83.0	222.0	79.0	234.0	5.0
7	1	8	-0.9414122429574702	0.8267531922354273	1.2988505747126438	77946.0	3094.0	10677.0	279.0	222.0	3255.0	305.0	71.0	418.0	3110.0	79.0	222.0	234.0	83.0	5.0
1	7	9	1.983365536251824	0.023663237663392955	0.9932930918846412	80455.0	585.0	3560.0	61.0	10.0	11097.0	41.0	40.0	3003.0	575.0	29.0	484.0	18.0	39.0	3.0
1	9	7	-291.75307038264333	1.0	0.5016937669376694	80455.0	3560.0	585.0	61.0	10.0	11097.0	3003.0	484.0	41.0	575.0	18.0	40.0	29.0	39.0	3.0
7	1	9	-1.9699734664594417	0.975579363405042	1.0068446269678302	80455.0	585.0	11097.0	41.0	40.0	3560.0	61.0	10.0	3003.0	575.0	29.0	484.0	39.0	18.0	3.0
1	8	9	0.9544074160077014	0.16993871884219403	0.9964726631393298	80617.0	584.0	3398.0	60.0	12.0	11225.0	50.0	42.0	2875.0	571.0	26.0	484.0	13.0	40.0	3.0
1	9	8	-268.66568760616775	1.0	0.500886524822695	80617.0	3398.0	584.0	60.0	12.0	11225.0	2875.0	484.0	50.0	571.0	13.0	42.0	26.0	40.0	3.0
8	1	9	-0.9510289826767009	0.8292051776906343	1.0035650623885919	80617.0	584.0	11225.0	50.0	42.0	3398.0	60.0	12.0	2875.0	571.0	26.0	484.0	40.0	13.0	3.0
2	3	4	0.29893134337762534	0.3824962838585113	0.9916492693110647	75573.0	3851.0	4674.0	365.0	135.0	8892.0	357.0	234.0	1307.0	3696.0	145.0	379.0	111.0	263.0	18.0
2	4	3	-35.199165682715474	1.0	0.5021141649048626	75573.0	4674.0	3851.0	365.0	135.0	8892.0	1307.0	379.0	357.0	3696.0	111.0	234.0	145.0	263.0	18.0
3	2	4	-0.2964140268018138	0.6165429748269025	1.0085653104925054	75573.0	3851.0	8892.0	357.0	234.0	4674.0	365.0	135.0	1307.0	3696.0	145.0	379.0	263.0	111.0	18.0
2	3	5	0.9263308245290172	0.17713702160980338	0.9851132686084142	76105.0	3319.0	4734.0	324.0	116.0	8970.0	301.0	212.0	1823.0	3196.0	129.0	450.0	97.0	207.0	17.0
2	5	3	-60.37260460734763	1.0	0.5038066865276398	76105.0	4734.0	3319.0	324.0	116.0	8970.0	1823.0	450.0	301.0	3196.0	97.0	212.0	129.0	207.0	17.0
3	2	5	-0.9123323955118242	0.8192031416855047	1.0155826558265582	76105.0	3319.0	8970.0	301.0	212.0	4734.0	324.0	116.0	1823.0	3196.0	129.0	450.0	207.0	97.0	17.0
2	3	6	1.5003690905530687	0.06675944038151527	0.9762668377164849	76195.0	3229.0	4746.0	329.0	99.0	9016.0	292.0	175.0	1814.0	3209.0	125.0	452.0	104.0	206.0	9.0
2	6	3	-60.217516201927204	1.0	0.5061523112736948	76195.0	4746.0	3229.0	329.0	99.0	9016.0	1814.0	452.0	292.0	3209.0	104.0	175.0	125.0	206.0	9.0
3	2	6	-1.4638949405199126	0.9283886323588975	1.0255524861878453	76195.0	3229.0	9016.0	292.0	175.0	4746.0	329.0	99.0	1814.0	3209.0	125.0	452.0	206.0	104.0	9.0
2	3	7	1.0290433459241417	0.15172967416450178	0.9838082901554405	76181.0	3243.0	4749.0	312.0	113.0	9028.0	287.0	168.0	1806.0	3200.0	142.0	454.0	102.0	206.0	9.0
2	7	3	-61.495630352426765	1.0	0.5041486890142715	76181.0	4749.0	3243.0	312.0	113.0	9028.0	1806.0	454.0	287.0	3200.0	102.0	168.0	142.0	206.0	9.0
3	2	7	-1.0121071486574509	0.8442565730883103	1.0170183798502384	76181.0	3243.0	9028.0	287.0	168.0	4749.0	312.0	113.0	1806.0	3200.0	142.0	454.0	206.0	102.0	9.0
2	3	8	1.2770865172948425	0.10078592085906413	0.9815914489311164	76367.0	3057.0	4769.0	315.0	90.0	8985.0	284.0	214.0	1937.0	3073.0	138.0	460.0	93.0	208.0	10.0
2	8	3	-66.82046229200758	1.0	0.5047328244274809	76367.0	4769.0	3057.0	315.0	90.0	8985.0	1937.0	460.0	284.0	3073.0	93.0	214.0	138.0	208.0	10.0
3	2	8	-1.2531363164260343	0.8949218806765928	1.0194846008799496	76367.0	3057.0	8985.0	284.0	214.0	4769.0	315.0	90.0	1937.0	3073.0	138.0	460.0	208.0	93.0	10.0
2	3	9	0.6768559501361359	0.24924861066180193	0.9984489253268336	78837.0	587.0	5095.0	57.0	22.0	9399.0	50.0	34.0	4556.0	557.0	35.0	712.0	18.0	40.0	1.0
2	9	3	-435.0249885232076	1.0	0.500388672959467	78837.0	5095.0	587.0	57.0	22.0	9399.0	4556.0	712.0	50.0	557.0	18.0	34.0	35.0	40.0	1.0
3	2	9	-0.675804465082662	0.750417666990703	1.0015583259127339	78837.0	587.0	9399.0	50.0	34.0	5095.0	57.0	22.0	4556.0	557.0	35.0	712.0	40.0	18.0	1.0
2	4	5	0.9279877961120693	0.17670693155312645	0.9612794612794613	76912.0	3335.0	3927.0	330.0	94.0	10041.0	307.0	230.0	878.0	3194.0	92.0	324.0	93.0	235.0	8.0
2	5	4	-22.110317924757155	1.0	0.5102770330652369	76912.0	3927.0	3335.0	330.0	94.0	10041.0	878.0	324.0	307.0	3194.0	93.0	230.0	92.0	235.0	8.0
4	2	5	-0.8906082526609702	0.8134303475371383	1.0438095238095237	76912.0	3335.0	10041.0	307.0	230.0	3927.0	330.0	94.0	878.0	3194.0	92.0	324.0	235.0	93.0	8.0
2	4	6	0.4420304576568605	0.3292336125166907	0.980565371024735	77016.0	3231.0	3925.0	321.0	105.0	10083.0	310.0	185.0	865.0	3207.0	92.0	334.0	88.0	230.0	8.0
2	6	4	-21.860415360484684	1.0	0.5050045495905368	77016.0	3925.0	3231.0	321.0	105.0	10083.0	865.0	334.0	310.0	3207.0	88.0	185.0	92.0	230.0	8.0
4	2	6	-0.433269493631229	0.6675904671091939	1.020637898686679	77016.0	3231.0	10083.0	310.0	185.0	3925.0	321.0	105.0	865.0	3207.0	92.0	334.0	230.0	88.0	8.0
2	4	7	0.8150164194296708	0.20753139930542197	0.9656946826758147	77016.0	3231.0	3914.0	321.0	116.0	10097.0	301.0	180.0	864.0	3195.0	105.0	327.0	93.0	228.0	12.0
2	7	4	-22.127695787515542	1.0	0.5090415913200723	77016.0	3914.0	3231.0	321.0	116.0	10097.0	864.0	327.0	301.0	3195.0	93.0	180.0	105.0	228.0	12.0
4	2	7	-0.7860637935174267	0.7840850055394252	1.0382409177820269	77016.0	3231.0	10097.0	301.0	180.0	3914.0	321.0	116.0	864.0	3195.0	105.0	327.0	228.0	93.0	12.0
2	4	8	1.4778183394143358	0.06972824003594646	0.9510204081632653	77212.0	3035.0	3924.0	328.0	99.0	10058.0	292.0	228.0	991.0	3071.0	102.0	333.0	87.0	226.0	14.0
2	8	4	-27.216487750880674	1.0	0.5132158590308371	77212.0	3924.0	3035.0	328.0	99.0	10058.0	991.0	333.0	292.0	3071.0	87.0	228.0	102.0	226.0	14.0
4	2	8	-1.4017075236505074	0.9194986442668716	1.0574162679425838	77212.0	3035.0	10058.0	292.0	228.0	3924.0	328.0	99.0	991.0	3071.0	102.0	333.0	226.0	87.0	14.0
2	4	9	1.5859228440423279	0.05637841044150349	0.995475113122172	79660.0	587.0	4272.0	59.0	20.0	10496.0	43.0	39.0	3563.0	569.0	32.0	608.0	13.0	39.0	0.0
2	9	4	-347.31710284526906	1.0	0.501138952164009	79660.0	4272.0	587.0	59.0	20.0	10496.0	3563.0	608.0	43.0	569.0	13.0	39.0	32.0	39.0	0.0
4	2	9	-1.5787141038421355	0.9427991697182307	1.0045871559633028	79660.0	587.0	10496.0	43.0	39.0	4272.0	59.0	20.0	3563.0	569.0	32.0	608.0	39.0	13.0	0.0
2	5	6	-99999.9	1.0	-0.03618421052631579	77859.0	2980.0	3082.0	583.0	94.0	10795.0	268.0	180.0	257.0	3273.0	64.0	230.0	64.0	264.0	7.0
2	6	5	0.48770559280451814	0.31287920003958647	0.03264094955489614	77859.0	3082.0	2980.0	583.0	94.0	10795.0	257.0	230.0	268.0	3273.0	64.0	180.0	64.0	264.0	7.0
5	2	6	-13.966114703038485	1.0	0.5085803432137286	77859.0	2980.0	10795.0	268.0	180.0	3082.0	583.0	94.0	257.0	3273.0	64.0	230.0	264.0	64.0	7.0
2	5	7	-99999.9	1.0	-0.017361111111111112	77812.0	3027.0	3118.0	566.0	75.0	10787.0	273.0	183.0	268.0	3252.0	74.0	233.0	64.0	261.0	7.0
2	7	5	0.21670828541434028	0.414217881926938	0.0165016501650165	77812.0	3118.0	3027.0	566.0	75.0	10787.0	268.0	233.0	273.0	3252.0	64.0	183.0	74.0	261.0	7.0
5	2	7	-12.699105525280308	1.0	0.5042301184433164	77812.0	3027.0	10787.0	273.0	183.0	3118.0	566.0	75.0	268.0	3252.0	74.0	233.0	261.0	64.0	7.0
2	5	8	1.137842661727381	0.12759314762906504	0.8231292517006803	77774.0	3065.0	3362.0	321.0	76.0	10709.0	295.0	239.0	416.0	3095.0	83.0	257.0	60.0	239.0	9.0
2	8	5	-4.157502033234657	0.9999839031971665	0.5601851851851852	77774.0	3362.0	3065.0	321.0	76.0	10709.0	416.0	257.0	295.0	3095.0	60.0	239.0	83.0	239.0	9.0
5	2	8	-0.8933475443314145	0.8141644894873693	1.3768115942028987	77774.0	3065.0	10709.0	295.0	239.0	3362.0	321.0	76.0	416.0	3095.0	83.0	257.0	239.0	60.0	9.0
2	5	9	2.733334573716216	0.0031348840306837378	0.9902717208990272	80259.0	580.0	3673.0	71.0	15.0	11164.0	42.0	37.0	2994.0	568.0	32.0	509.0	15.0	40.0	1.0
2	9	5	-275.50127444732766	1.0	0.5024680851063831	80259.0	3673.0	580.0	71.0	15.0	11164.0	2994.0	509.0	42.0	568.0	15.0	37.0	32.0	40.0	1.0
5	2	9	-2.706482709679031	0.9965999435859797	1.0100207325501036	80259.0	580.0	11164.0	42.0	37.0	3673.0	71.0	15.0	2994.0	568.0	32.0	509.0	40.0	15.0	1.0
2	6	7	0.42419464774794086	0.33571197032701416	0.011335012594458438	78350.0	2591.0	2580.0	1008.0	69.0	10894.0	223.0	165.0	232.0	3307.0	66.0	162.0	59.0	288.0	6.0
2	7	6	-99999.9	1.0	-0.011734028683181226	78350.0	2580.0	2591.0	1008.0	69.0	10894.0	232.0	162.0	223.0	3307.0	59.0	165.0	66.0	288.0	6.0
6	2	7	-36.5750051836003	1.0	0.4971172325432415	78350.0	2591.0	10894.0	223.0	165.0	2580.0	1008.0	69.0	232.0	3307.0	66.0	162.0	288.0	59.0	6.0
2	6	8	1.6020483713266598	0.054572455697460276	0.8	77864.0	3077.0	3272.0	319.0	66.0	10749.0	283.0	250.0	427.0	3103.0	75.0	206.0	64.0	238.0	7.0
2	8	6	-4.806145113979977	0.9999992296587898	0.5714285714285715	77864.0	3272.0	3077.0	319.0	66.0	10749.0	427.0	206.0	283.0	3103.0	64.0	250.0	75.0	238.0	7.0
6	2	8	-1.2015362784949948	0.8852283137114096	1.5	77864.0	3077.0	10749.0	283.0	250.0	3272.0	319.0	66.0	427.0	3103.0	75.0	206.0	238.0	64.0	7.0
2	6	9	2.0148742414489607	0.021958845125657933	0.9929530201342281	80357.0	584.0	3575.0	65.0	17.0	11199.0	44.0	39.0	3003.0	571.0	31.0	465.0	10.0	40.0	0.0
2	9	6	-281.8905010179554	1.0	0.5017805663896897	80357.0	3575.0	584.0	65.0	17.0	11199.0	3003.0	465.0	44.0	571.0	10.0	39.0	31.0	40.0	0.0
6	2	9	-2.000574694618806	0.9772809475925737	1.0071991772368871	80357.0	584.0	11199.0	44.0	39.0	3575.0	65.0	17.0	3003.0	571.0	31.0	465.0	40.0	10.0	0.0
2	7	8	1.8771115518309678	0.030251339530821264	0.7653631284916201	77865.0	3065.0	3271.0	325.0	72.0	10758.0	283.0	247.0	420.0	3088.0	81.0	204.0	79.0	236.0	6.0
2	8	7	-4.2458475577129065	0.9999891043137203	0.5905172413793104	77865.0	3271.0	3065.0	325.0	72.0	10758.0	420.0	204.0	283.0	3088.0	79.0	247.0	81.0	236.0	6.0
7	2	8	-1.3016466965251239	0.9034813377837706	1.7924528301886793	77865.0	3065.0	10758.0	283.0	247.0	3271.0	325.0	72.0	420.0	3088.0	81.0	204.0	236.0	79.0	6.0
2	7	9	2.6148290766037405	0.004463642368458198	0.9909274193548387	80341.0	589.0	3591.0	67.0	10.0	11211.0	40.0	37.0	2989.0	569.0	31.0	467.0	16.0	39.0	3.0
2	9	7	-282.98261340133905	1.0	0.5022994379151763	80341.0	3591.0	589.0	67.0	10.0	11211.0	2989.0	467.0	40.0	569.0	16.0	37.0	31.0	39.0	3.0
7	2	9	-2.590888627275731	0.9952135443317078	1.0093264248704663	80341.0	589.0	11211.0	40.0	37.0	3591.0	67.0	10.0	2989.0	569.0	31.0	467.0	39.0	16.0	3.0
2	8	9	1.7191345794264767	0.04279490040571954	0.9936328263176513	80545.0	591.0	3387.0	64.0	11.0	11297.0	46.0	39.0	2855.0	567.0	28.0	515.0	12.0	40.0	3.0
2	9	8	-266.5613672877399	1.0	0.5016071428571428	80545.0	3387.0	591.0	64.0	11.0	11297.0	2855.0	515.0	46.0	567.0	12.0	39.0	28.0	40.0	3.0
8	2	9	-1.708118409106193	0.9561928447074648	1.006491164803462	80545.0	591.0	11297.0	46.0	39.0	3387.0	64.0	11.0	2855.0	567.0	28.0	515.0	40.0	12.0	3.0
3	4	5	0.5774653966694403	0.281812514604588	0.9800995024875622	80947.0	3518.0	4128.0	226.0	88.0	6006.0	214.0	140.0	805.0	3419.0	100.0	196.0	94.0	114.0	5.0
3	5	4	-27.862705389300533	1.0	0.5051282051282051	80947.0	4128.0	3518.0	226.0	88.0	6006.0	805.0	196.0	214.0	3419.0	94.0	140.0	100.0	114.0	5.0
4	3	5	-0.5657402109502639	0.7142148363092529	1.0211640211640212	80947.0	3518.0	6006.0	214.0	140.0	4128.0	226.0	88.0	805.0	3419.0	100.0	196.0	114.0	94.0	5.0
3	4	6	-0.6541764976700241	0.7435010124629654	1.0251346499102334	81083.0	3382.0	4128.0	216.0	98.0	6016.0	230.0	114.0	801.0	3424.0	99.0	195.0	90.0	118.0	6.0
3	6	4	-27.335232224068882	1.0	0.49394463667820065	81083.0	4128.0	3382.0	216.0	98.0	6016.0	801.0	195.0	230.0	3424.0	90.0	114.0	99.0	118.0	6.0
4	3	6	0.6702158513782209	0.25136003429259857	0.9766277128547579	81083.0	3382.0	6016.0	230.0	114.0	4128.0	216.0	98.0	801.0	3424.0	99.0	195.0	118.0	90.0	6.0
3	4	7	0.04809176376804978	0.48082148862347496	0.9983136593591906	81102.0	3363.0	4107.0	217.0	118.0	6011.0	216.0	133.0	808.0	3409.0	107.0	190.0	93.0	118.0	8.0
3	7	4	-28.422232386917337	1.0	0.5004226542688082	81102.0	4107.0	3363.0	217.0	118.0	6011.0	808.0	190.0	216.0	3409.0	93.0	133.0	107.0	118.0	8.0
4	3	7	-0.048010527680603744	0.5191461402243193	1.0016949152542374	81102.0	3363.0	6011.0	216.0	133.0	4107.0	217.0	118.0	808.0	3409.0	107.0	190.0	118.0	93.0	8.0
3	4	8	0.42820940811246977	0.3342493701111168	0.9875173370319001	81238.0	3227.0	4114.0	228.0	100.0	6032.0	219.0	109.0	931.0	3286.0	107.0	203.0	91.0	111.0	4.0
3	8	4	-33.44791265589632	1.0	0.5031802120141342	81238.0	4114.0	3227.0	228.0	100.0	6032.0	931.0	203.0	219.0	3286.0	91.0	109.0	107.0	111.0	4.0
4	3	8	-0.42279664874026157	0.6637781444530814	1.0129682997118155	81238.0	3227.0	6032.0	219.0	109.0	4114.0	228.0	100.0	931.0	3286.0	107.0	203.0	111.0	91.0	4.0
3	4	9	1.414775528180989	0.07856721217476004	0.9967293540474244	83853.0	612.0	4383.0	42.0	17.0	6303.0	30.0	27.0	3687.0	607.0	30.0	373.0	17.0	18.0	1.0
3	9	4	-429.7380666849747	1.0	0.500821692686935	83853.0	4383.0	612.0	42.0	17.0	6303.0	3687.0	373.0	30.0	607.0	17.0	27.0	30.0	18.0	1.0
4	3	9	-1.4101331146348661	0.9207497570725038	1.0033030553261768	83853.0	612.0	6303.0	30.0	27.0	4383.0	42.0	17.0	3687.0	607.0	30.0	373.0	18.0	17.0	1.0
3	5	6	-99999.9	1.0	-0.06273062730627306	81961.0	3114.0	3250.0	484.0	98.0	6693.0	196.0	118.0	179.0	3485.0	63.0	140.0	63.0	151.0	5.0
3	6	5	0.8994830175964827	0.18419768933047875	0.052795031055900624	81961.0	3250.0	3114.0	484.0	98.0	6693.0	179.0	140.0	196.0	3485.0	63.0	118.0	63.0	151.0	5.0
5	3	6	-15.238300533399254	1.0	0.5143338954468802	81961.0	3114.0	6693.0	196.0	118.0	3250.0	484.0	98.0	179.0	3485.0	63.0	140.0	151.0	63.0	5.0
3	5	7	-99999.9	1.0	-0.007272727272727273	81914.0	3161.0	3295.0	461.0	76.0	6685.0	184.0	138.0	182.0	3469.0	76.0	142.0	65.0	149.0	3.0
3	7	5	0.10489723535991462	0.4582286224100065	0.0071174377224199285	81914.0	3295.0	3161.0	461.0	76.0	6685.0	182.0	142.0	184.0	3469.0	65.0	138.0	76.0	149.0	3.0
5	3	7	-14.528267097348136	1.0	0.5017985611510791	81914.0	3161.0	6685.0	184.0	138.0	3295.0	461.0	76.0	182.0	3469.0	76.0	142.0	149.0	65.0	3.0
3	5	8	0.29071063218214954	0.38563638678373935	0.9534883720930233	81822.0	3253.0	3530.0	226.0	76.0	6661.0	220.0	126.0	343.0	3306.0	78.0	162.0	70.0	123.0	4.0
3	8	5	-5.668857327551942	0.9999999927920995	0.5125000000000001	81822.0	3530.0	3253.0	226.0	76.0	6661.0	343.0	162.0	220.0	3306.0	70.0	126.0	78.0	123.0	4.0
5	3	8	-0.2765296257342399	0.6089292816105496	1.054054054054054	81822.0	3253.0	6661.0	220.0	126.0	3530.0	226.0	76.0	343.0	3306.0	78.0	162.0	123.0	70.0	4.0
3	5	9	2.4320266855700265	0.007507300832673813	0.9928640934155044	84473.0	602.0	3763.0	52.0	17.0	6950.0	30.0	27.0	3091.0	607.0	29.0	322.0	17.0	20.0	0.0
3	9	5	-335.9513226112424	1.0	0.5018032786885247	84473.0	3763.0	602.0	52.0	17.0	6950.0	3091.0	322.0	30.0	607.0	17.0	27.0	29.0	20.0	0.0
5	3	9	-2.4145472386302873	0.9921226135773054	1.0072920119323832	84473.0	602.0	6950.0	30.0	27.0	3763.0	52.0	17.0	3091.0	607.0	29.0	322.0	20.0	17.0	0.0
3	6	7	0.6612526667685329	0.25422508098103025	0.01540436456996149	82514.0	2697.0	2695.0	928.0	73.0	6730.0	161.0	121.0	173.0	3503.0	68.0	106.0	54.0	172.0	5.0
3	7	6	-99999.9	1.0	-0.016150740242261104	82514.0	2695.0	2697.0	928.0	73.0	6730.0	173.0	106.0	161.0	3503.0	54.0	121.0	68.0	172.0	5.0
6	3	7	-41.603813617520224	1.0	0.49605781865965837	82514.0	2697.0	6730.0	161.0	121.0	2695.0	928.0	73.0	173.0	3503.0	68.0	106.0	172.0	54.0	5.0
3	6	8	-0.04766389910111149	0.5190080134129362	1.006993006993007	81946.0	3265.0	3406.0	218.0	72.0	6667.0	219.0	126.0	363.0	3310.0	71.0	136.0	67.0	132.0	2.0
3	8	6	-6.911265369661148	0.9999999999975834	0.4982698961937716	81946.0	3406.0	3265.0	218.0	72.0	6667.0	363.0	136.0	219.0	3310.0	67.0	126.0	71.0	132.0	2.0
6	3	8	0.047994898400424764	0.480860087783483	0.9931506849315068	81946.0	3265.0	6667.0	219.0	126.0	3406.0	218.0	72.0	363.0	3310.0	71.0	136.0	132.0	67.0	2.0
3	6	9	1.6286651446133271	0.051691953557692405	0.9954633830200907	84602.0	609.0	3634.0	44.0	18.0	6954.0	30.0	28.0	3102.0	613.0	29.0	307.0	11.0	19.0	0.0
3	9	6	-355.7470008733973	1.0	0.5011419249592169	84602.0	3634.0	609.0	44.0	18.0	6954.0	3102.0	307.0	30.0	613.0	11.0	28.0	29.0	19.0	0.0
6	3	9	-1.6212428425219902	0.9475172229032919	1.0045992115637319	84602.0	609.0	6954.0	30.0	28.0	3634.0	44.0	18.0	3102.0	613.0	29.0	307.0	19.0	11.0	0.0
3	7	8	0.2880385453034669	0.3866586834254828	0.9541984732824428	81959.0	3250.0	3393.0	230.0	75.0	6664.0	224.0	121.0	349.0	3290.0	79.0	153.0	82.0	129.0	2.0
3	8	7	-5.712764481852122	0.9999999944260372	0.5122950819672132	81959.0	3393.0	3250.0	230.0	75.0	6664.0	349.0	153.0	224.0	3290.0	82.0	121.0	79.0	129.0	2.0
7	3	8	-0.27421269512890056	0.6080393500930473	1.0530973451327434	81959.0	3250.0	6664.0	224.0	121.0	3393.0	230.0	75.0	349.0	3290.0	79.0	153.0	129.0	82.0	2.0
3	7	9	2.266691245282923	0.011704511367131243	0.9934938191281718	84601.0	608.0	3635.0	49.0	14.0	6951.0	29.0	29.0	3083.0	607.0	28.0	329.0	18.0	19.0	0.0
3	9	7	-343.8570619094188	1.0	0.5016425755584757	84601.0	3635.0	608.0	49.0	14.0	6951.0	3083.0	329.0	29.0	607.0	18.0	29.0	28.0	19.0	0.0
7	3	9	-2.2518471637813984	0.9878340723821109	1.006635700066357	84601.0	608.0	6951.0	29.0	29.0	3635.0	49.0	14.0	3083.0	607.0	28.0	329.0	19.0	18.0	0.0
3	8	9	1.1631373842049606	0.12238694242623738	0.996595165134491	84736.0	616.0	3500.0	42.0	13.0	7106.0	32.0	28.0	2959.0	610.0	27.0	298.0	12.0	19.0	2.0
3	9	8	-339.2871749725867	1.0	0.5008555783709788	84736.0	3500.0	616.0	42.0	13.0	7106.0	2959.0	298.0	32.0	610.0	12.0	28.0	27.0	19.0	2.0
8	3	9	-1.159163563281814	0.876805181300411	1.00343997248022	84736.0	616.0	7106.0	32.0	28.0	3500.0	42.0	13.0	2959.0	610.0	27.0	298.0	19.0	12.0	2.0
4	5	6	-99999.9	1.0	-0.0033444816053511705	83771.0	3182.0	3328.0	445.0	99.0	4883.0	145.0	101.0	144.0	3551.0	64.0	97.0	62.0	124.0	4.0
4	6	5	0.05891029138683761	0.4765117110833138	0.003311258278145696	83771.0	3328.0	3182.0	445.0	99.0	4883.0	144.0	97.0	145.0	3551.0	62.0	101.0	64.0	124.0	4.0
5	4	6	-17.67308741605124	1.0	0.5008319467554077	83771.0	3182.0	4883.0	145.0	101.0	3328.0	445.0	99.0	144.0	3551.0	64.0	97.0	124.0	62.0	4.0
4	5	7	-99999.9	1.0	-0.007380073800738007	83744.0	3209.0	3369.0	427.0	76.0	4855.0	154.0	120.0	152.0	3528.0	79.0	98.0	62.0	124.0	3.0
4	7	5	0.11472315297992035	0.45433223391568944	0.007220216606498194	83744.0	3369.0	3209.0	427.0	76.0	4855.0	152.0	98.0	154.0	3528.0	62.0	120.0	79.0	124.0	3.0
5	4	7	-15.659710381759089	1.0	0.5018248175182481	83744.0	3209.0	4855.0	154.0	120.0	3369.0	427.0	76.0	152.0	3528.0	79.0	98.0	124.0	62.0	3.0
4	5	8	-0.7409048920684005	0.7706245140939654	1.1515151515151516	83642.0	3311.0	3628.0	169.0	75.0	4841.0	184.0	104.0	298.0	3378.0	83.0	109.0	63.0	108.0	7.0
4	8	5	-6.371782071788245	0.9999999999061517	0.46913580246913583	83642.0	3628.0	3311.0	169.0	75.0	4841.0	298.0	109.0	184.0	3378.0	63.0	104.0	83.0	108.0	7.0
5	4	8	0.838392377866874	0.20090513434930946	0.8958333333333334	83642.0	3311.0	4841.0	184.0	104.0	3628.0	169.0	75.0	298.0	3378.0	83.0	109.0	108.0	63.0	7.0
4	5	9	0.9849544776515115	0.16232322005371835	0.9974076474400518	86341.0	612.0	3815.0	37.0	20.0	5082.0	29.0	18.0	3107.0	624.0	28.0	254.0	14.0	18.0	1.0
4	9	5	-377.97628079876955	1.0	0.5006506180871828	86341.0	3815.0	612.0	37.0	20.0	5082.0	3107.0	254.0	29.0	624.0	14.0	18.0	28.0	18.0	1.0
5	4	9	-0.9823944920045938	0.8370472275764322	1.0026126714565644	86341.0	612.0	5082.0	29.0	18.0	3815.0	37.0	20.0	3107.0	624.0	28.0	254.0	18.0	14.0	1.0
4	6	7	0.06265047733864744	0.47502234694438816	0.0012970168612191958	84352.0	2747.0	2761.0	897.0	68.0	4892.0	127.0	105.0	128.0	3559.0	71.0	85.0	58.0	147.0	3.0
4	7	6	-99999.9	1.0	-0.0013020833333333333	84352.0	2761.0	2747.0	897.0	68.0	4892.0	128.0	85.0	127.0	3559.0	58.0	105.0	71.0	147.0	3.0
6	4	7	-48.17821707341871	1.0	0.4996751137102014	84352.0	2747.0	4892.0	127.0	105.0	2761.0	897.0	68.0	128.0	3559.0	71.0	85.0	147.0	58.0	3.0
4	6	8	-0.6194823552946757	0.7322007333020727	1.110091743119266	83772.0	3327.0	3498.0	162.0	66.0	4841.0	174.0	109.0	295.0	3386.0	77.0	112.0	65.0	112.0	4.0
4	8	6	-6.865929437849327	0.999999999996677	0.4763779527559055	83772.0	3498.0	3327.0	162.0	66.0	4841.0	295.0	112.0	174.0	3386.0	65.0	109.0	77.0	112.0	4.0
6	4	8	0.6809186219354698	0.24796142479286798	0.9172413793103449	83772.0	3327.0	4841.0	174.0	109.0	3498.0	162.0	66.0	295.0	3386.0	77.0	112.0	112.0	65.0	4.0
4	6	9	0.14273387246979444	0.44325015846801363	0.9996745850959974	86475.0	624.0	3681.0	25.0	20.0	5081.0	24.0	19.0	3096.0	634.0	28.0	266.0	9.0	17.0	1.0
4	9	6	-438.33572235474077	1.0	0.5000813934559662	86475.0	3681.0	624.0	25.0	20.0	5081.0	3096.0	266.0	24.0	634.0	9.0	19.0	28.0	17.0	1.0
6	4	9	-0.14268740962068316	0.5567314933750613	1.0003257328990227	86475.0	624.0	5081.0	24.0	19.0	3681.0	25.0	20.0	3096.0	634.0	28.0	266.0	17.0	9.0	1.0
4	7	8	-0.1566740903046227	0.5622491574248788	1.0263157894736843	83806.0	3307.0	3464.0	177.0	71.0	4817.0	180.0	108.0	297.0	3364.0	83.0	134.0	81.0	108.0	3.0
4	8	7	-6.266963612184935	0.9999999998151354	0.49367088607594933	83806.0	3464.0	3307.0	177.0	71.0	4817.0	297.0	134.0	180.0	3364.0	81.0	108.0	83.0	108.0	3.0
7	4	8	0.1606913746714079	0.4361682338011421	0.975609756097561	83806.0	3307.0	4817.0	180.0	108.0	3464.0	177.0	71.0	297.0	3364.0	83.0	134.0	108.0	81.0	3.0
4	7	9	0.9438252886539205	0.17262945547791797	0.9977206121784435	86490.0	623.0	3666.0	31.0	15.0	5062.0	24.0	19.0	3088.0	627.0	29.0	293.0	16.0	17.0	0.0
4	9	7	-412.18198677357555	1.0	0.5005718019931383	86490.0	3666.0	623.0	31.0	15.0	5062.0	3088.0	293.0	24.0	627.0	16.0	19.0	29.0	17.0	0.0
7	4	9	-0.9416690298351942	0.8268189552116991	1.0022950819672132	86490.0	623.0	5062.0	24.0	19.0	3666.0	31.0	15.0	3088.0	627.0	29.0	293.0	17.0	16.0	0.0
4	8	9	-0.13720699157653152	0.5545664361237599	1.000339558573854	86641.0	629.0	3515.0	26.0	14.0	5201.0	27.0	20.0	2973.0	626.0	26.0	269.0	14.0	19.0	0.0
4	9	8	-404.3490041760345	1.0	0.4999151535720346	86641.0	3515.0	629.0	26.0	14.0	5201.0	2973.0	269.0	27.0	626.0	14.0	20.0	26.0	19.0	0.0
8	4	9	0.13725356557231447	0.4454151577132307	0.9996607869742198	86641.0	629.0	5201.0	27.0	20.0	3515.0	26.0	14.0	2973.0	626.0	26.0	269.0	19.0	14.0	0.0
5	6	7	1.8224721001392463	0.03419163540783876	0.053537284894837486	85834.0	2820.0	2765.0	604.0	59.0	3410.0	109.0	50.0	137.0	3907.0	76.0	72.0	63.0	92.0	2.0
5	7	6	-99999.9	1.0	-0.06378132118451026	85834.0	2765.0	2820.0	604.0	59.0	3410.0	137.0	72.0	109.0	3907.0	63.0	50.0	76.0	92.0	2.0
6	5	7	-30.396231098750967	1.0	0.4854469854469854	85834.0	2820.0	3410.0	109.0	50.0	2765.0	604.0	59.0	137.0	3907.0	76.0	72.0	92.0	63.0	2.0
5	6	8	0.2550784744144212	0.3993313017936847	0.9908675799086758	85238.0	3416.0	3245.0	126.0	57.0	3375.0	122.0	72.0	556.0	3474.0	90.0	104.0	59.0	60.0	6.0
5	8	6	-27.42093599955036	1.0	0.5023148148148148	85238.0	3245.0	3416.0	126.0	57.0	3375.0	556.0	104.0	122.0	3474.0	59.0	72.0	90.0	60.0	6.0
6	5	8	-0.25272752073318233	0.5997605540187771	1.0093896713615023	85238.0	3416.0	3375.0	122.0	72.0	3245.0	126.0	57.0	556.0	3474.0	90.0	104.0	60.0	59.0	6.0
5	6	9	-0.9779599592890642	0.8359529346925052	1.0020509815411662	88034.0	620.0	3389.0	22.0	17.0	3522.0	29.0	18.0	3449.0	640.0	31.0	205.0	10.0	14.0	0.0
5	9	6	-478.78125435480376	1.0	0.49948882722360155	88034.0	3389.0	620.0	22.0	17.0	3522.0	3449.0	205.0	29.0	640.0	10.0	18.0	31.0	14.0	0.0
6	5	9	0.9799616317203576	0.1635525312268611	0.9979615608619685	88034.0	620.0	3522.0	29.0	18.0	3389.0	22.0	17.0	3449.0	640.0	31.0	205.0	14.0	10.0	0.0
5	7	8	0.6813232378782529	0.24783342389366125	0.9736842105263158	85202.0	3397.0	3281.0	139.0	63.0	3421.0	128.0	70.0	535.0	3450.0	94.0	79.0	77.0	60.0	4.0
5	8	7	-24.527636563617133	1.0	0.5068493150684932	85202.0	3281.0	3397.0	139.0	63.0	3421.0	535.0	79.0	128.0	3450.0	77.0	70.0	94.0	60.0	4.0
7	5	8	-0.6629090963139758	0.7463056769719898	1.0285714285714285	85202.0	3397.0	3421.0	128.0	70.0	3281.0	139.0	63.0	535.0	3450.0	94.0	79.0	60.0	77.0	4.0
5	7	9	-0.4114904159367971	0.659643471972014	1.0008870490833826	87978.0	621.0	3445.0	25.0	13.0	3574.0	28.0	17.0	3413.0	635.0	31.0	189.0	16.0	15.0	0.0
5	9	7	-464.70984306462344	1.0	0.49977853240809095	87978.0	3445.0	621.0	25.0	13.0	3574.0	3413.0	189.0	28.0	635.0	16.0	17.0	31.0	15.0	0.0
7	5	9	0.41185510463629793	0.34022285863061175	0.9991153052196992	87978.0	621.0	3574.0	28.0	17.0	3445.0	25.0	13.0	3413.0	635.0	31.0	189.0	15.0	16.0	0.0
5	8	9	-1.5975095717181063	0.9449239167397474	1.0040664181633345	87859.0	624.0	3564.0	22.0	13.0	3983.0	34.0	18.0	2997.0	631.0	27.0	196.0	14.0	18.0	0.0
5	9	8	-396.0492479884498	1.0	0.49898955877399803	87859.0	3564.0	624.0	22.0	13.0	3983.0	2997.0	196.0	34.0	631.0	14.0	18.0	27.0	18.0	0.0
8	5	9	1.6039794046106535	0.05435929459468303	0.9959825912286575	87859.0	624.0	3983.0	34.0	18.0	3564.0	22.0	13.0	2997.0	631.0	27.0	196.0	18.0	14.0	0.0
6	7	8	0.556797850115457	0.28883274626702404	0.991332611050921	85803.0	3441.0	2810.0	108.0	61.0	2820.0	100.0	54.0	1015.0	3487.0	101.0	70.0	73.0	54.0	3.0
6	8	7	-63.12695625683998	1.0	0.5021953896816684	85803.0	2810.0	3441.0	108.0	61.0	2820.0	1015.0	70.0	100.0	3487.0	73.0	54.0	101.0	54.0	3.0
7	6	8	-0.5519296721909502	0.7095017588943268	1.0088987764182424	85803.0	3441.0	2820.0	100.0	54.0	2810.0	108.0	61.0	1015.0	3487.0	101.0	70.0	54.0	73.0	3.0
6	7	9	0.8212695551043208	0.20574631775697516	0.9987225344915688	88607.0	637.0	2949.0	21.0	9.0	2945.0	16.0	13.0	3925.0	644.0	34.0	173.0	16.0	10.0	1.0
6	9	7	-641.2472686254431	1.0	0.5003199795213106	88607.0	2949.0	637.0	21.0	9.0	2945.0	3925.0	173.0	16.0	644.0	16.0	13.0	34.0	10.0	1.0
7	6	9	-0.8202190696155712	0.7939544387426266	1.0012823800974608	88607.0	637.0	2945.0	16.0	13.0	2949.0	21.0	9.0	3925.0	644.0	34.0	173.0	10.0	16.0	1.0
6	8	9	-0.1456844809021316	0.5579147845059566	1.0003369272237197	87982.0	631.0	3574.0	23.0	13.0	3860.0	24.0	21.0	2993.0	639.0	28.0	190.0	13.0	9.0	0.0
6	9	8	-432.6829082793318	1.0	0.49991581074254926	87982.0	3574.0	631.0	23.0	13.0	3860.0	2993.0	190.0	24.0	639.0	13.0	21.0	28.0	9.0	0.0
8	6	9	0.14573354943729566	0.4420658467299281	0.9996634129922585	87982.0	631.0	3860.0	24.0	21.0	3574.0	23.0	13.0	2993.0	639.0	28.0	190.0	9.0	13.0	0.0
7	8	9	-1.1063786731583085	0.8657186277193217	1.0027091093802911	87992.0	631.0	3560.0	22.0	13.0	3850.0	30.0	15.0	2991.0	631.0	27.0	206.0	14.0	18.0	0.0
7	9	8	-410.60478507587356	1.0	0.4993254637436762	87992.0	3560.0	631.0	22.0	13.0	3850.0	2991.0	206.0	30.0	631.0	14.0	15.0	27.0	18.0	0.0
8	7	9	1.1093678759226673	0.13363580419379084	0.9973127309371851	87992.0	631.0	3850.0	30.0	15.0	3560.0	22.0	13.0	2991.0	631.0	27.0	206.0	18.0	14.0	0.0
