P1	Hybrid	P2	Zscore	Pvalue	Gamma	AAAA	AAAB	AABA	AABB	AABC	ABAA	ABAB	ABAC	ABBA	BAAA	ABBC	CABC	BACA	BCAA	ABCD
1	2	3	-1.5051822866893645	0.9338613628308363	1.2545454545454546	21936.0	1418.0	1610.0	120.0	51.0	2552.0	148.0	74.0	286.0	1464.0	66.0	118.0	60.0	90.0	7.0
1	3	2	-8.923580699658372	1.0	0.4539473684210526	21936.0	1610.0	1418.0	120.0	51.0	2552.0	286.0	118.0	148.0	1464.0	60.0	74.0	66.0	90.0	7.0
2	1	3	1.8105815912350331	0.03510276772619925	0.8556701030927835	21936.0	1418.0	2552.0	148.0	74.0	1610.0	120.0	51.0	286.0	1464.0	66.0	118.0	90.0	60.0	7.0
1	2	4	-1.6747723566842168	0.9530105702363141	1.253968253968254	21979.0	1375.0	1594.0	125.0	62.0	2538.0	157.0	79.0	315.0	1438.0	63.0	131.0	58.0	80.0	6.0
1	4	2	-9.943960867812534	1.0	0.4540229885057472	21979.0	1594.0	1375.0	125.0	62.0	2538.0	315.0	131.0	157.0	1438.0	58.0	79.0	63.0	80.0	6.0
2	1	4	2.013966758037982	0.022006443149366506	0.8558558558558559	21979.0	1375.0	2538.0	157.0	79.0	1594.0	125.0	62.0	315.0	1438.0	63.0	131.0	80.0	58.0	6.0
1	2	5	-1.6273555225252965	0.9481692026531171	1.2	21952.0	1402.0	1600.0	114.0	67.0	2547.0	143.0	84.0	317.0	1436.0	63.0	127.0	62.0	80.0	6.0
1	5	2	-11.391488657677069	1.0	0.4615384615384615	21952.0	1600.0	1402.0	114.0	67.0	2547.0	317.0	127.0	143.0	1436.0	62.0	84.0	63.0	80.0	6.0
2	1	5	1.898581442946179	0.028809699331164174	0.875	21952.0	1402.0	2547.0	143.0	84.0	1600.0	114.0	67.0	317.0	1436.0	63.0	127.0	80.0	62.0	6.0
1	2	6	-2.023495324753301	0.9784890157753867	1.2517482517482517	22020.0	1334.0	1610.0	103.0	68.0	2551.0	139.0	84.0	318.0	1438.0	60.0	124.0	62.0	80.0	9.0
1	6	2	-12.08476374505444	1.0	0.4543147208121827	22020.0	1610.0	1334.0	103.0	68.0	2551.0	318.0	124.0	139.0	1438.0	62.0	84.0	60.0	80.0	9.0
2	1	6	2.430455278334971	0.0075399334371846205	0.8565737051792829	22020.0	1334.0	2551.0	139.0	84.0	1610.0	103.0	68.0	318.0	1438.0	60.0	124.0	80.0	62.0	9.0
1	2	7	-1.5836666943090978	0.9433652014778882	1.2283464566929134	22013.0	1341.0	1600.0	118.0	63.0	2539.0	147.0	88.0	303.0	1443.0	70.0	127.0	62.0	79.0	7.0
1	7	2	-10.102701325764933	1.0	0.4574780058651027	22013.0	1600.0	1341.0	118.0	63.0	2539.0	303.0	127.0	147.0	1443.0	62.0	88.0	70.0	79.0	7.0
2	1	7	1.878066272097328	0.03018598600076805	0.8644859813084113	22013.0	1341.0	2539.0	147.0	88.0	1600.0	118.0	63.0	303.0	1443.0	70.0	127.0	79.0	62.0	7.0
1	2	8	-1.6153837069339623	0.9468861918822412	1.2222222222222223	22019.0	1335.0	1595.0	122.0	64.0	2531.0	152.0	91.0	317.0	1434.0	65.0	129.0	61.0	79.0	6.0
1	8	2	-10.499994095070758	1.0	0.4583333333333333	22019.0	1595.0	1335.0	122.0	64.0	2531.0	317.0	129.0	152.0	1434.0	61.0	91.0	65.0	79.0	6.0
2	1	8	1.9090898354674097	0.02812518525853369	0.8666666666666667	22019.0	1335.0	2531.0	152.0	91.0	1595.0	122.0	64.0	317.0	1434.0	65.0	129.0	79.0	61.0	6.0
1	2	9	-1.675666663152522	0.9530982711844151	1.0530612244897959	22291.0	1063.0	1649.0	100.0	32.0	2582.0	126.0	66.0	642.0	1117.0	57.0	159.0	45.0	67.0	4.0
1	9	2	-34.93120505494872	1.0	0.4877126654064272	22291.0	1649.0	1063.0	100.0	32.0	2582.0	642.0	159.0	126.0	1117.0	45.0	66.0	57.0	67.0	4.0
2	1	9	1.7600994795129203	0.03919542634709838	0.954225352112676	22291.0	1063.0	2582.0	126.0	66.0	1649.0	100.0	32.0	642.0	1117.0	57.0	159.0	67.0	45.0	4.0
1	3	4	-0.5404163332429641	0.7055450492216832	1.6470588235294117	22160.0	1386.0	1413.0	125.0	51.0	2728.0	136.0	92.0	164.0	1460.0	48.0	92.0	57.0	86.0	2.0
1	4	3	-1.9160215451341447	0.9723188904328193	0.417910447761194	22160.0	1413.0	1386.0	125.0	51.0	2728.0	164.0	92.0	136.0	1460.0	57.0	92.0	48.0	86.0	2.0
3	1	4	0.7527227498741286	0.22580820043808103	0.78	22160.0	1386.0	2728.0	136.0	92.0	1413.0	125.0	51.0	164.0	1460.0	48.0	92.0	86.0	57.0	2.0
1	3	5	0.06311561846395881	0.4748371489984109	0.9761904761904762	22139.0	1407.0	1413.0	129.0	47.0	2733.0	128.0	95.0	169.0	1453.0	50.0	89.0	60.0	86.0	2.0
1	5	3	-2.524624738558367	0.9942088855779468	0.5061728395061729	22139.0	1413.0	1407.0	129.0	47.0	2733.0	169.0	89.0	128.0	1453.0	60.0	95.0	50.0	86.0	2.0
3	1	5	-0.061576213135569574	0.5245499095484518	1.0256410256410255	22139.0	1407.0	2733.0	128.0	95.0	1413.0	129.0	47.0	169.0	1453.0	50.0	89.0	86.0	60.0	2.0
1	3	6	-0.9475046226805215	0.8283091599063577	1.7307692307692308	22201.0	1345.0	1429.0	110.0	50.0	2730.0	129.0	97.0	174.0	1450.0	48.0	89.0	60.0	87.0	1.0
1	6	3	-3.1915945185028063	0.9992924863721435	0.41284403669724773	22201.0	1429.0	1345.0	110.0	50.0	2730.0	174.0	89.0	129.0	1450.0	60.0	97.0	48.0	87.0	1.0
3	1	6	1.3475621300345197	0.0888996921836519	0.7710843373493976	22201.0	1345.0	2730.0	129.0	97.0	1429.0	110.0	50.0	174.0	1450.0	48.0	89.0	87.0	60.0	1.0
1	3	7	-0.762939048789574	0.7772501930521543	3.714285714285714	22195.0	1351.0	1418.0	119.0	52.0	2721.0	138.0	97.0	164.0	1457.0	51.0	84.0	57.0	92.0	4.0
1	7	3	-1.8069609050279374	0.9646158660453821	0.3661971830985915	22195.0	1418.0	1351.0	119.0	52.0	2721.0	164.0	84.0	138.0	1457.0	57.0	97.0	51.0	92.0	4.0
3	1	7	1.3204714305973397	0.09333890057870264	0.703125	22195.0	1351.0	2721.0	138.0	97.0	1418.0	119.0	52.0	164.0	1457.0	51.0	84.0	92.0	57.0	4.0
1	3	8	-0.9807644279760783	0.8366455356993661	6.2	22183.0	1363.0	1431.0	113.0	45.0	2720.0	139.0	97.0	170.0	1452.0	50.0	87.0	56.0	90.0	4.0
1	8	3	-2.1501373997937097	0.9842278820358759	0.3522727272727273	22183.0	1431.0	1363.0	113.0	45.0	2720.0	170.0	87.0	139.0	1452.0	56.0	97.0	50.0	90.0	4.0
3	1	8	1.8033410449882734	0.03566728221071258	0.6867469879518072	22183.0	1363.0	2720.0	139.0	97.0	1431.0	113.0	45.0	170.0	1452.0	50.0	87.0	90.0	56.0	4.0
1	3	9	-1.2628992241209682	0.8966872318148824	1.053072625698324	22489.0	1057.0	1451.0	97.0	41.0	2767.0	116.0	73.0	493.0	1136.0	43.0	123.0	36.0	75.0	3.0
1	9	3	-26.321478565889652	1.0	0.48771021992238034	22489.0	1451.0	1057.0	97.0	41.0	2767.0	493.0	123.0	116.0	1136.0	36.0	73.0	43.0	75.0	3.0
3	1	9	1.3265466651244124	0.09232941014066243	0.9542168674698795	22489.0	1057.0	2767.0	116.0	73.0	1451.0	97.0	41.0	493.0	1136.0	43.0	123.0	75.0	36.0	3.0
1	4	5	1.654509101229433	0.04901204110983748	0.011363636363636362	23255.0	318.0	297.0	1247.0	18.0	2937.0	29.0	18.0	43.0	1602.0	8.0	11.0	10.0	206.0	1.0
1	5	4	-99999.9	1.0	-0.011764705882352941	23255.0	297.0	318.0	1247.0	18.0	2937.0	43.0	11.0	29.0	1602.0	10.0	18.0	8.0	206.0	1.0
4	1	5	-142.2877827057316	1.0	0.4971098265895954	23255.0	318.0	2937.0	29.0	18.0	297.0	1247.0	18.0	43.0	1602.0	8.0	11.0	206.0	10.0	1.0
1	4	6	1.984692434601615	0.023589281277508922	0.05869565217391305	22629.0	944.0	1001.0	516.0	45.0	2830.0	83.0	71.0	110.0	1513.0	30.0	53.0	43.0	126.0	6.0
1	6	4	-99999.9	1.0	-0.0712401055408971	22629.0	1001.0	944.0	516.0	45.0	2830.0	110.0	53.0	83.0	1513.0	43.0	71.0	30.0	126.0	6.0
4	1	6	-29.843893646231695	1.0	0.48390941597139453	22629.0	944.0	2830.0	83.0	71.0	1001.0	516.0	45.0	110.0	1513.0	30.0	53.0	126.0	43.0	6.0
1	4	7	0.36365065545896896	0.35805950950725096	0.011337868480725623	22629.0	944.0	984.0	529.0	49.0	2817.0	93.0	74.0	98.0	1520.0	35.0	54.0	39.0	129.0	6.0
1	7	4	-99999.9	1.0	-0.011737089201877934	22629.0	984.0	944.0	529.0	49.0	2817.0	98.0	54.0	93.0	1520.0	39.0	74.0	35.0	129.0	6.0
4	1	7	-31.346686500563155	1.0	0.4971164936562861	22629.0	944.0	2817.0	93.0	74.0	984.0	529.0	49.0	98.0	1520.0	35.0	54.0	129.0	39.0	6.0
1	4	8	0.9239497424843269	0.17775622138972025	0.029082774049217	22627.0	946.0	987.0	529.0	46.0	2813.0	95.0	76.0	108.0	1513.0	32.0	56.0	39.0	128.0	5.0
1	8	4	-99999.9	1.0	-0.031862745098039214	22627.0	987.0	946.0	529.0	46.0	2813.0	108.0	56.0	95.0	1513.0	39.0	76.0	32.0	128.0	5.0
4	1	8	-29.921757045069363	1.0	0.49239766081871345	22627.0	946.0	2813.0	95.0	76.0	987.0	529.0	46.0	108.0	1513.0	32.0	56.0	128.0	39.0	5.0
1	4	9	-1.874848077809194	0.9695932500390864	1.089783281733746	22506.0	1067.0	1434.0	93.0	35.0	2788.0	122.0	74.0	474.0	1131.0	48.0	121.0	35.0	68.0	4.0
1	9	4	-24.631624746389754	1.0	0.48021828103683495	22506.0	1434.0	1067.0	93.0	35.0	2788.0	474.0	121.0	122.0	1131.0	35.0	74.0	48.0	68.0	4.0
4	1	9	2.0293099933105196	0.021213294973850272	0.9292682926829269	22506.0	1067.0	2788.0	122.0	74.0	1434.0	93.0	35.0	474.0	1131.0	48.0	121.0	68.0	35.0	4.0
1	5	6	0.962404367906333	0.16792325532400998	0.02888888888888889	22618.0	934.0	1012.0	524.0	47.0	2834.0	87.0	70.0	100.0	1509.0	32.0	59.0	43.0	125.0	6.0
1	6	5	-99999.9	1.0	-0.031630170316301706	22618.0	1012.0	934.0	524.0	47.0	2834.0	100.0	59.0	87.0	1509.0	43.0	70.0	32.0	125.0	6.0
5	1	6	-31.38918861479115	1.0	0.4924506387921022	22618.0	934.0	2834.0	87.0	70.0	1012.0	524.0	47.0	100.0	1509.0	32.0	59.0	125.0	43.0	6.0
1	5	7	-99999.9	1.0	-0.02122641509433962	22609.0	943.0	1004.0	532.0	47.0	2818.0	99.0	74.0	90.0	1515.0	36.0	61.0	38.0	128.0	6.0
1	7	5	0.6604613259991783	0.25447885005671256	0.019955654101995568	22609.0	1004.0	943.0	532.0	47.0	2818.0	90.0	61.0	99.0	1515.0	38.0	74.0	36.0	128.0	6.0
5	1	7	-31.77552823973822	1.0	0.5051428571428571	22609.0	943.0	2818.0	99.0	74.0	1004.0	532.0	47.0	90.0	1515.0	36.0	61.0	128.0	38.0	6.0
1	5	8	-99999.9	1.0	-0.002325581395348837	22611.0	941.0	1003.0	532.0	48.0	2814.0	101.0	76.0	100.0	1509.0	32.0	63.0	37.0	126.0	7.0
1	8	5	0.07059777795978743	0.47185887030104423	0.0023094688221709002	22611.0	1003.0	941.0	532.0	48.0	2814.0	100.0	63.0	101.0	1509.0	37.0	76.0	32.0	126.0	7.0
5	1	8	-30.427642300668168	1.0	0.5005793742757823	22611.0	941.0	2814.0	101.0	76.0	1003.0	532.0	48.0	100.0	1509.0	32.0	63.0	126.0	37.0	7.0
1	5	9	-2.1004242877000783	0.9821542952407485	1.1071428571428572	22486.0	1066.0	1454.0	92.0	37.0	2791.0	125.0	75.0	466.0	1126.0	49.0	126.0	37.0	66.0	4.0
1	9	5	-23.804808593934226	1.0	0.47692307692307695	22486.0	1454.0	1066.0	92.0	37.0	2791.0	466.0	126.0	125.0	1126.0	37.0	75.0	49.0	66.0	4.0
5	1	9	2.3036911542516987	0.010619965618754224	0.918918918918919	22486.0	1066.0	2791.0	125.0	75.0	1454.0	92.0	37.0	466.0	1126.0	49.0	126.0	66.0	37.0	4.0
1	6	7	-99999.9	1.0	-0.04385964912280702	22727.0	903.0	886.0	571.0	48.0	2832.0	95.0	66.0	75.0	1528.0	36.0	62.0	29.0	140.0	2.0
1	7	6	1.5565353291617818	0.059790437129426	0.03875968992248062	22727.0	886.0	903.0	571.0	48.0	2832.0	75.0	62.0	95.0	1528.0	29.0	66.0	36.0	140.0	2.0
6	1	7	-37.04554083405037	1.0	0.5102880658436215	22727.0	903.0	2832.0	95.0	66.0	886.0	571.0	48.0	75.0	1528.0	36.0	62.0	140.0	29.0	2.0
1	6	8	-99999.9	1.0	-0.03303964757709251	22716.0	914.0	898.0	567.0	40.0	2829.0	98.0	66.0	83.0	1521.0	35.0	65.0	28.0	138.0	2.0
1	8	6	1.1288196959461099	0.12948700297118254	0.030060120240480964	22716.0	898.0	914.0	567.0	40.0	2829.0	83.0	65.0	98.0	1521.0	28.0	66.0	35.0	138.0	2.0
6	1	8	-35.29442915991503	1.0	0.5078698845750262	22716.0	914.0	2829.0	98.0	66.0	898.0	567.0	40.0	83.0	1521.0	35.0	65.0	138.0	28.0	2.0
1	6	9	-2.3597978230883743	0.9908575670017603	1.125	22562.0	1068.0	1378.0	87.0	40.0	2796.0	124.0	73.0	457.0	1129.0	53.0	130.0	35.0	67.0	1.0
1	9	6	-23.59797823088375	1.0	0.4736842105263158	22562.0	1378.0	1068.0	87.0	40.0	2796.0	457.0	130.0	124.0	1129.0	35.0	73.0	53.0	67.0	1.0
6	1	9	2.621997581209305	0.004370840272468812	0.9090909090909091	22562.0	1068.0	2796.0	124.0	73.0	1378.0	87.0	40.0	457.0	1129.0	53.0	130.0	67.0	35.0	1.0
1	7	8	0.9812768383033024	0.16322812326905467	0.005728314238952537	23343.0	270.0	271.0	1237.0	14.0	2926.0	22.0	21.0	29.0	1611.0	12.0	22.0	14.0	208.0	0.0
1	8	7	-99999.9	1.0	-0.005828476269775187	23343.0	271.0	270.0	1237.0	14.0	2926.0	29.0	22.0	22.0	1611.0	14.0	21.0	12.0	208.0	0.0
7	1	8	-169.34034581005523	1.0	0.4985555096987206	23343.0	270.0	2926.0	22.0	21.0	271.0	1237.0	14.0	29.0	1611.0	12.0	22.0	208.0	14.0	0.0
1	7	9	-0.9266541528317525	0.8229469546403398	1.0414201183431953	22557.0	1056.0	1383.0	102.0	37.0	2782.0	116.0	71.0	468.0	1135.0	49.0	133.0	37.0	72.0	2.0
1	9	7	-24.225387138315803	1.0	0.49025069637883006	22557.0	1383.0	1056.0	102.0	37.0	2782.0	468.0	133.0	116.0	1135.0	37.0	71.0	49.0	72.0	2.0
7	1	9	0.9635097157284699	0.16764589094669424	0.9631578947368421	22557.0	1056.0	2782.0	116.0	71.0	1383.0	102.0	37.0	468.0	1135.0	49.0	133.0	72.0	37.0	2.0
1	8	9	-1.8005780388787012	0.9641153458348879	1.0877742946708464	22552.0	1062.0	1388.0	95.0	38.0	2780.0	123.0	74.0	470.0	1128.0	49.0	133.0	37.0	70.0	1.0
1	9	8	-24.114884449268313	1.0	0.4806094182825485	22552.0	1388.0	1062.0	95.0	38.0	2780.0	470.0	133.0	123.0	1128.0	37.0	74.0	49.0	70.0	1.0
8	1	9	1.945869638557674	0.025835131781436704	0.9305210918114144	22552.0	1062.0	2780.0	123.0	74.0	1388.0	95.0	38.0	470.0	1128.0	49.0	133.0	70.0	37.0	1.0
2	3	4	0.9569065640818889	0.16930720180951697	0.723404255319149	23054.0	1434.0	1463.0	122.0	55.0	1834.0	109.0	71.0	143.0	1483.0	48.0	63.0	51.0	66.0	4.0
2	4	3	-1.545772141978435	0.9389201802018817	0.6181818181818182	23054.0	1463.0	1434.0	122.0	55.0	1834.0	143.0	63.0	109.0	1483.0	51.0	71.0	48.0	66.0	4.0
3	2	4	-0.5910305248741077	0.7227500604100481	2.625	23054.0	1434.0	1834.0	109.0	71.0	1463.0	122.0	55.0	143.0	1483.0	48.0	63.0	66.0	51.0	4.0
2	3	5	1.486082388842504	0.06862869860522214	0.6825396825396826	23035.0	1453.0	1464.0	121.0	55.0	1837.0	101.0	76.0	144.0	1479.0	51.0	63.0	50.0	68.0	3.0
2	5	3	-1.7089947471688824	0.9562740705526522	0.6515151515151515	23035.0	1464.0	1453.0	121.0	55.0	1837.0	144.0	63.0	101.0	1479.0	50.0	76.0	51.0	68.0	3.0
3	2	5	-0.7948812777529679	0.7866587781312572	7.6666666666666705	23035.0	1453.0	1837.0	101.0	76.0	1464.0	121.0	55.0	144.0	1479.0	51.0	63.0	68.0	50.0	3.0
2	3	6	0.5166115544523773	0.30271366385022125	0.875	23094.0	1394.0	1477.0	107.0	56.0	1837.0	100.0	77.0	149.0	1472.0	53.0	66.0	49.0	68.0	1.0
2	6	3	-3.0996693267142654	0.9990312479099217	0.5384615384615384	23094.0	1477.0	1394.0	107.0	56.0	1837.0	149.0	66.0	100.0	1472.0	49.0	77.0	53.0	68.0	1.0
3	2	6	-0.4428099038163234	0.6710483512769849	1.2	23094.0	1394.0	1837.0	100.0	77.0	1477.0	107.0	56.0	149.0	1472.0	53.0	66.0	68.0	49.0	1.0
2	3	7	0.204926281612542	0.4188148890488341	0.9	23089.0	1399.0	1463.0	120.0	57.0	1827.0	117.0	70.0	144.0	1474.0	56.0	59.0	49.0	74.0	2.0
2	7	3	-1.6394102529003398	0.9494360883987468	0.5294117647058824	23089.0	1463.0	1399.0	120.0	57.0	1827.0	144.0	59.0	117.0	1474.0	49.0	70.0	56.0	74.0	2.0
3	2	7	-0.18215669476670407	0.5722701108675166	1.1428571428571428	23089.0	1399.0	1827.0	117.0	70.0	1463.0	120.0	57.0	144.0	1474.0	56.0	59.0	74.0	49.0	2.0
2	3	8	-0.18829488245206072	0.5746772358996217	1.096774193548387	23075.0	1413.0	1475.0	114.0	51.0	1828.0	117.0	69.0	151.0	1470.0	53.0	62.0	48.0	71.0	3.0
2	8	3	-2.322303550242087	0.9898917255116131	0.47887323943661975	23075.0	1475.0	1413.0	114.0	51.0	1828.0	151.0	62.0	117.0	1470.0	48.0	69.0	53.0	71.0	3.0
3	2	8	0.20490913678606604	0.418821586723756	0.925	23075.0	1413.0	1828.0	117.0	69.0	1475.0	114.0	51.0	151.0	1470.0	53.0	62.0	71.0	48.0	3.0
2	3	9	0.296275351947636	0.3835099717321051	0.9896373056994818	23369.0	1119.0	1504.0	94.0	42.0	1887.0	90.0	37.0	472.0	1159.0	43.0	91.0	35.0	55.0	3.0
2	9	3	-27.998020759051585	1.0	0.5026315789473684	23369.0	1504.0	1119.0	94.0	42.0	1887.0	472.0	91.0	90.0	1159.0	35.0	37.0	43.0	55.0	3.0
3	2	9	-0.29317299224137805	0.615304969209004	1.0106951871657754	23369.0	1119.0	1887.0	90.0	37.0	1504.0	94.0	42.0	472.0	1159.0	43.0	91.0	55.0	35.0	3.0
2	4	5	1.4161407184772579	0.07836720538968545	0.007861635220125786	24190.0	327.0	309.0	1282.0	20.0	2002.0	20.0	18.0	30.0	1604.0	9.0	12.0	6.0	169.0	2.0
2	5	4	-99999.9	1.0	-0.008051529790660225	24190.0	309.0	327.0	1282.0	20.0	2002.0	30.0	12.0	20.0	1604.0	6.0	18.0	9.0	169.0	2.0
4	2	5	-177.3008179533532	1.0	0.49801113762927607	24190.0	327.0	2002.0	20.0	18.0	309.0	1282.0	20.0	30.0	1604.0	9.0	12.0	169.0	6.0	2.0
2	4	6	1.7469342728553978	0.040324328793285735	0.043388429752066124	23535.0	982.0	1036.0	527.0	48.0	1924.0	64.0	52.0	85.0	1521.0	37.0	43.0	36.0	107.0	3.0
2	6	4	-99999.9	1.0	-0.0498812351543943	23535.0	1036.0	982.0	527.0	48.0	1924.0	85.0	43.0	64.0	1521.0	36.0	52.0	37.0	107.0	3.0
4	2	6	-36.76880707628979	1.0	0.4883977900552486	23535.0	982.0	1924.0	64.0	52.0	1036.0	527.0	48.0	85.0	1521.0	37.0	43.0	107.0	36.0	3.0
2	4	7	-99999.9	1.0	-0.011037527593818984	23532.0	985.0	1020.0	541.0	50.0	1914.0	83.0	43.0	78.0	1524.0	41.0	38.0	33.0	113.0	5.0
2	7	4	0.39592060253812095	0.34608185179910467	0.010683760683760684	23532.0	1020.0	985.0	541.0	50.0	1914.0	78.0	38.0	83.0	1524.0	33.0	43.0	41.0	113.0	5.0
4	2	7	-36.266327192491914	1.0	0.50271444082519	23532.0	985.0	1914.0	83.0	43.0	1020.0	541.0	50.0	78.0	1524.0	41.0	38.0	113.0	33.0	5.0
2	4	8	0.15190256762910026	0.4396318760063136	0.004395604395604396	23529.0	988.0	1021.0	539.0	51.0	1911.0	86.0	43.0	88.0	1518.0	37.0	42.0	31.0	113.0	3.0
2	8	4	-99999.9	1.0	-0.004454342984409799	23529.0	1021.0	988.0	539.0	51.0	1911.0	88.0	42.0	86.0	1518.0	31.0	43.0	37.0	113.0	3.0
4	2	8	-34.25402900036209	1.0	0.4988938053097345	23529.0	988.0	1911.0	86.0	43.0	1021.0	539.0	51.0	88.0	1518.0	37.0	42.0	113.0	31.0	3.0
2	4	9	-0.6521819511226831	0.7428581617949065	1.0263157894736843	23385.0	1132.0	1488.0	88.0	35.0	1909.0	97.0	34.0	448.0	1149.0	46.0	93.0	38.0	55.0	3.0
2	9	4	-26.087278044907336	1.0	0.49367088607594933	23385.0	1488.0	1132.0	88.0	35.0	1909.0	448.0	93.0	97.0	1149.0	38.0	34.0	46.0	55.0	3.0
4	2	9	0.668904565254034	0.2517781131920742	0.975609756097561	23385.0	1132.0	1909.0	97.0	34.0	1488.0	88.0	35.0	448.0	1149.0	46.0	93.0	55.0	38.0	3.0
2	5	6	0.8465117614099676	0.19863361010396174	0.020920502092050212	23525.0	974.0	1046.0	534.0	49.0	1927.0	66.0	51.0	76.0	1517.0	37.0	49.0	38.0	107.0	4.0
2	6	5	-99999.9	1.0	-0.022321428571428572	23525.0	1046.0	974.0	534.0	49.0	1927.0	76.0	49.0	66.0	1517.0	38.0	51.0	37.0	107.0	4.0
5	2	6	-38.7702386725765	1.0	0.49460043196544273	23525.0	974.0	1927.0	66.0	51.0	1046.0	534.0	49.0	76.0	1517.0	37.0	49.0	107.0	38.0	4.0
2	5	7	-99999.9	1.0	-0.03872437357630979	23512.0	987.0	1040.0	541.0	48.0	1915.0	85.0	44.0	68.0	1521.0	41.0	47.0	34.0	113.0	4.0
2	7	5	1.3927164348865957	0.08185283436724378	0.03469387755102041	23512.0	1040.0	987.0	541.0	48.0	1915.0	68.0	47.0	85.0	1521.0	34.0	44.0	41.0	113.0	4.0
5	2	7	-37.357570253428676	1.0	0.5091496232508073	23512.0	987.0	1915.0	85.0	44.0	1040.0	541.0	48.0	68.0	1521.0	41.0	47.0	113.0	34.0	4.0
2	5	8	-99999.9	1.0	-0.02036199095022624	23510.0	989.0	1040.0	538.0	51.0	1915.0	87.0	42.0	78.0	1516.0	36.0	48.0	32.0	113.0	5.0
2	8	5	0.7064927672693638	0.23994080528844186	0.019189765458422176	23510.0	1040.0	989.0	538.0	51.0	1915.0	78.0	48.0	87.0	1516.0	32.0	42.0	36.0	113.0	5.0
5	2	8	-35.403137559831485	1.0	0.5049396267837541	23510.0	989.0	1915.0	87.0	42.0	1040.0	538.0	51.0	78.0	1516.0	36.0	48.0	113.0	32.0	5.0
2	5	9	-1.0628854465952136	0.8560830154237113	1.0461538461538462	23369.0	1130.0	1504.0	87.0	38.0	1908.0	102.0	34.0	442.0	1142.0	46.0	100.0	40.0	55.0	3.0
2	9	5	-25.154955569420043	1.0	0.48920863309352514	23369.0	1504.0	1130.0	87.0	38.0	1908.0	442.0	100.0	102.0	1142.0	40.0	34.0	46.0	55.0	3.0
5	2	9	1.1097774515920609	0.1335475160229881	0.9594594594594594	23369.0	1130.0	1908.0	102.0	34.0	1504.0	87.0	38.0	442.0	1142.0	46.0	100.0	55.0	40.0	3.0
2	6	7	-99999.9	1.0	-0.04722792607802875	23626.0	945.0	926.0	587.0	44.0	1933.0	77.0	42.0	54.0	1530.0	37.0	43.0	33.0	122.0	1.0
2	7	6	2.0358841040377165	0.020880929457670727	0.04136690647482014	23626.0	926.0	945.0	587.0	44.0	1933.0	54.0	43.0	77.0	1530.0	33.0	42.0	37.0	122.0	1.0
6	2	7	-45.143517089532	1.0	0.5110258868648131	23626.0	945.0	1933.0	77.0	42.0	926.0	587.0	44.0	54.0	1530.0	37.0	43.0	122.0	33.0	1.0
2	6	8	-99999.9	1.0	-0.03512396694214876	23610.0	961.0	940.0	580.0	37.0	1935.0	79.0	38.0	62.0	1524.0	35.0	44.0	32.0	122.0	1.0
2	8	6	1.4486127719654998	0.07372291975476142	0.03177570093457943	23610.0	940.0	961.0	580.0	37.0	1935.0	62.0	44.0	79.0	1524.0	32.0	38.0	35.0	122.0	1.0
6	2	8	-42.69147051498326	1.0	0.508341511285574	23610.0	961.0	1935.0	79.0	38.0	940.0	580.0	37.0	62.0	1524.0	35.0	44.0	122.0	32.0	1.0
2	6	9	-1.1642008316032286	0.8778286239458895	1.0516129032258064	23438.0	1133.0	1435.0	81.0	41.0	1920.0	97.0	35.0	423.0	1149.0	49.0	107.0	38.0	53.0	1.0
2	9	6	-24.884792775519	1.0	0.4880239520958084	23438.0	1435.0	1133.0	81.0	41.0	1920.0	423.0	107.0	97.0	1149.0	38.0	35.0	49.0	53.0	1.0
6	2	9	1.2213395227248593	0.11097881445813318	0.9553072625698324	23438.0	1133.0	1920.0	97.0	35.0	1435.0	81.0	41.0	423.0	1149.0	49.0	107.0	53.0	38.0	1.0
2	7	8	0.8666637263848084	0.1930631017780271	0.00473186119873817	24270.0	282.0	280.0	1283.0	13.0	1999.0	21.0	10.0	27.0	1600.0	13.0	15.0	14.0	173.0	0.0
2	8	7	-99999.9	1.0	-0.0048000000000000004	24270.0	280.0	282.0	1283.0	13.0	1999.0	27.0	15.0	21.0	1600.0	14.0	10.0	13.0	173.0	0.0
7	2	8	-181.42160672321992	1.0	0.4988085782366958	24270.0	282.0	1999.0	21.0	10.0	280.0	1283.0	13.0	27.0	1600.0	13.0	15.0	173.0	14.0	0.0
2	7	9	0.6517194801192501	0.25729101409644217	0.9751381215469613	23436.0	1116.0	1437.0	102.0	37.0	1903.0	93.0	34.0	446.0	1150.0	44.0	101.0	41.0	57.0	3.0
2	9	7	-24.91016679566912	1.0	0.5064562410329985	23436.0	1437.0	1116.0	102.0	37.0	1903.0	446.0	101.0	93.0	1150.0	41.0	34.0	44.0	57.0	3.0
7	2	9	-0.635103402722442	0.7373195698454837	1.026865671641791	23436.0	1116.0	1903.0	93.0	34.0	1437.0	102.0	37.0	446.0	1150.0	44.0	101.0	57.0	41.0	3.0
2	8	9	-0.6384565825179861	0.7384118055156392	1.0266272189349113	23426.0	1124.0	1447.0	92.0	39.0	1906.0	101.0	34.0	448.0	1143.0	44.0	96.0	40.0	58.0	2.0
2	9	8	-25.25450481960031	1.0	0.4935988620199146	23426.0	1447.0	1124.0	92.0	39.0	1906.0	448.0	96.0	101.0	1143.0	40.0	34.0	44.0	58.0	2.0
8	2	9	0.6550159751481356	0.2562286710105699	0.9753424657534246	23426.0	1124.0	1906.0	101.0	34.0	1447.0	92.0	39.0	448.0	1143.0	44.0	96.0	58.0	40.0	2.0
3	4	5	-99999.9	1.0	-0.0007955449482895784	24559.0	329.0	313.0	1282.0	19.0	1633.0	24.0	12.0	23.0	1637.0	11.0	15.0	7.0	136.0	0.0
3	5	4	0.14576545991223502	0.442053250820698	0.0007936507936507937	24559.0	313.0	329.0	1282.0	19.0	1633.0	23.0	15.0	24.0	1637.0	7.0	12.0	11.0	136.0	0.0
4	3	5	-183.37294856959093	1.0	0.5001986491855384	24559.0	329.0	1633.0	24.0	12.0	313.0	1282.0	19.0	23.0	1637.0	11.0	15.0	136.0	7.0	0.0
3	4	6	1.7950627548227585	0.03632179963126636	0.04329896907216495	23886.0	1002.0	1045.0	524.0	45.0	1573.0	60.0	36.0	81.0	1550.0	40.0	38.0	37.0	81.0	2.0
3	6	4	-99999.9	1.0	-0.04976303317535545	23886.0	1045.0	1002.0	524.0	45.0	1573.0	81.0	38.0	60.0	1550.0	37.0	36.0	40.0	81.0	2.0
4	3	6	-37.867276208880114	1.0	0.48842337375964723	23886.0	1002.0	1573.0	60.0	36.0	1045.0	524.0	45.0	81.0	1550.0	40.0	38.0	81.0	37.0	2.0
3	4	7	0.08253797078861623	0.4671093965416311	0.002145922746781116	23890.0	998.0	1026.0	538.0	50.0	1556.0	73.0	40.0	74.0	1558.0	39.0	36.0	37.0	82.0	3.0
3	7	4	-99999.9	1.0	-0.0021598272138228943	23890.0	1026.0	998.0	538.0	50.0	1556.0	74.0	36.0	73.0	1558.0	37.0	40.0	39.0	82.0	3.0
4	3	7	-38.29761844591814	1.0	0.49946178686759957	23890.0	998.0	1556.0	73.0	40.0	1026.0	538.0	50.0	74.0	1558.0	39.0	36.0	82.0	37.0	3.0
3	4	8	1.4901219946365183	0.06809611348567812	0.03696098562628337	23875.0	1013.0	1028.0	535.0	51.0	1565.0	66.0	38.0	84.0	1554.0	33.0	39.0	35.0	81.0	3.0
3	8	4	-99999.9	1.0	-0.04157043879907621	23875.0	1028.0	1013.0	535.0	51.0	1565.0	84.0	39.0	66.0	1554.0	35.0	38.0	33.0	81.0	3.0
4	3	8	-37.335834421170524	1.0	0.4902173913043478	23875.0	1013.0	1565.0	66.0	38.0	1028.0	535.0	51.0	84.0	1554.0	33.0	39.0	81.0	35.0	3.0
3	4	9	-0.6245331351828955	0.7338612977302097	1.0226628895184136	23753.0	1135.0	1503.0	76.0	35.0	1541.0	84.0	44.0	445.0	1182.0	44.0	81.0	42.0	34.0	1.0
3	9	4	-28.80659086031104	1.0	0.4945205479452055	23753.0	1503.0	1135.0	76.0	35.0	1541.0	445.0	81.0	84.0	1182.0	42.0	44.0	44.0	34.0	1.0
4	3	9	0.6383732046606329	0.26161532497498785	0.9787798408488063	23753.0	1135.0	1541.0	84.0	44.0	1503.0	76.0	35.0	445.0	1182.0	44.0	81.0	34.0	42.0	1.0
3	5	6	1.702709903701156	0.044311155138434644	0.0408997955010225	23878.0	994.0	1053.0	530.0	47.0	1574.0	61.0	36.0	81.0	1547.0	40.0	37.0	39.0	81.0	2.0
3	6	5	-99999.9	1.0	-0.04662004662004662	23878.0	1053.0	994.0	530.0	47.0	1574.0	81.0	37.0	61.0	1547.0	39.0	36.0	40.0	81.0	2.0
5	3	6	-38.22583733809094	1.0	0.4891067538126362	23878.0	994.0	1574.0	61.0	36.0	1053.0	530.0	47.0	81.0	1547.0	40.0	37.0	81.0	39.0	2.0
3	5	7	0.08143836591172954	0.46754660305498574	0.002150537634408602	23873.0	999.0	1043.0	539.0	48.0	1554.0	75.0	42.0	76.0	1554.0	38.0	36.0	39.0	82.0	2.0
3	7	5	-99999.9	1.0	-0.0021645021645021645	23873.0	1043.0	999.0	539.0	48.0	1554.0	76.0	36.0	75.0	1554.0	39.0	42.0	38.0	82.0	2.0
5	3	7	-37.70596341713051	1.0	0.4994606256742179	23873.0	999.0	1554.0	75.0	42.0	1043.0	539.0	48.0	76.0	1554.0	38.0	36.0	82.0	39.0	2.0
3	5	8	1.558381655865383	0.059571413605151835	0.03901437371663244	23861.0	1011.0	1042.0	535.0	53.0	1564.0	67.0	40.0	86.0	1551.0	31.0	38.0	37.0	81.0	3.0
3	8	5	-99999.9	1.0	-0.044186046511627906	23861.0	1042.0	1011.0	535.0	53.0	1564.0	86.0	38.0	67.0	1551.0	37.0	40.0	31.0	81.0	3.0
5	3	8	-36.82701913071349	1.0	0.4896401308615049	23861.0	1011.0	1564.0	67.0	40.0	1042.0	535.0	53.0	86.0	1551.0	31.0	38.0	81.0	37.0	3.0
3	5	9	-0.924403940011748	0.8223619978352699	1.0345821325648414	23736.0	1136.0	1520.0	75.0	35.0	1541.0	87.0	43.0	446.0	1176.0	46.0	80.0	45.0	33.0	1.0
3	9	5	-28.579488478696515	1.0	0.49178082191780825	23736.0	1520.0	1136.0	75.0	35.0	1541.0	446.0	80.0	87.0	1176.0	45.0	43.0	46.0	33.0	1.0
5	3	9	0.9553032360567089	0.16971217803320127	0.9686684073107049	23736.0	1136.0	1541.0	87.0	43.0	1520.0	75.0	35.0	446.0	1176.0	46.0	80.0	33.0	45.0	1.0
3	6	7	-99999.9	1.0	-0.03777335984095428	23976.0	955.0	940.0	591.0	40.0	1583.0	69.0	40.0	50.0	1562.0	35.0	33.0	37.0	86.0	3.0
3	7	6	1.7612594650913036	0.039097204275878594	0.033928571428571426	23976.0	940.0	955.0	591.0	40.0	1583.0	50.0	33.0	69.0	1562.0	37.0	40.0	35.0	86.0	3.0
6	3	7	-48.38828635671898	1.0	0.5089369708372531	23976.0	955.0	1583.0	69.0	40.0	940.0	591.0	40.0	50.0	1562.0	35.0	33.0	86.0	37.0	3.0
3	6	8	-99999.9	1.0	-0.007736943907156673	23952.0	979.0	951.0	584.0	36.0	1593.0	63.0	36.0	59.0	1557.0	31.0	36.0	35.0	85.0	3.0
3	8	6	0.3632799801082138	0.3581979354237613	0.007561436672967864	23952.0	951.0	979.0	584.0	36.0	1593.0	59.0	36.0	63.0	1557.0	35.0	36.0	31.0	85.0	3.0
6	3	8	-47.317217409094845	1.0	0.5019120458891013	23952.0	979.0	1593.0	63.0	36.0	951.0	584.0	36.0	59.0	1557.0	31.0	36.0	85.0	35.0	3.0
3	6	9	-1.2360938341989647	0.8917880887908807	1.05	23796.0	1135.0	1460.0	71.0	40.0	1562.0	87.0	43.0	423.0	1178.0	46.0	82.0	43.0	34.0	0.0
3	9	6	-27.194064352377232	1.0	0.48837209302325585	23796.0	1460.0	1135.0	71.0	40.0	1562.0	423.0	82.0	87.0	1178.0	43.0	43.0	46.0	34.0	0.0
6	3	9	1.2949554453512964	0.09766786802485417	0.9565217391304348	23796.0	1135.0	1562.0	87.0	43.0	1460.0	71.0	40.0	423.0	1178.0	46.0	82.0	34.0	43.0	0.0
3	7	8	2.7408924453367938	0.003063682501045828	0.01234567901234568	24619.0	297.0	284.0	1289.0	13.0	1650.0	9.0	7.0	25.0	1632.0	11.0	13.0	14.0	135.0	2.0
3	8	7	-99999.9	1.0	-0.01282051282051282	24619.0	284.0	297.0	1289.0	13.0	1650.0	25.0	13.0	9.0	1632.0	14.0	7.0	11.0	135.0	2.0
7	3	8	-216.5305031816074	1.0	0.4968553459119497	24619.0	297.0	1650.0	9.0	7.0	284.0	1289.0	13.0	25.0	1632.0	11.0	13.0	135.0	14.0	2.0
3	7	9	0.5463157118790902	0.2924244436675091	0.9808743169398907	23789.0	1127.0	1467.0	87.0	32.0	1550.0	80.0	36.0	439.0	1184.0	45.0	78.0	44.0	38.0	4.0
3	9	7	-27.471875797348552	1.0	0.5049226441631505	23789.0	1467.0	1127.0	87.0	32.0	1550.0	439.0	78.0	80.0	1184.0	44.0	36.0	45.0	38.0	4.0
7	3	9	-0.5356633163828405	0.7039043896300547	1.0202898550724637	23789.0	1127.0	1550.0	80.0	36.0	1467.0	87.0	32.0	439.0	1184.0	45.0	78.0	38.0	44.0	4.0
3	8	9	-0.6820296867309453	0.7523899777431531	1.026946107784431	23772.0	1131.0	1484.0	80.0	35.0	1560.0	89.0	39.0	432.0	1178.0	45.0	75.0	41.0	35.0	4.0
3	9	8	-26.67493885881031	1.0	0.4935251798561151	23772.0	1484.0	1131.0	80.0	35.0	1560.0	432.0	75.0	89.0	1178.0	41.0	39.0	45.0	35.0	4.0
8	3	9	0.6999255094148475	0.24198684387589964	0.9750692520775623	23772.0	1131.0	1560.0	89.0	39.0	1484.0	80.0	35.0	432.0	1178.0	45.0	75.0	35.0	41.0	4.0
4	5	6	0.6035605695884912	0.2730678680595544	0.9950556242274413	25127.0	1065.0	332.0	24.0	9.0	325.0	20.0	6.0	825.0	2123.0	107.0	14.0	12.0	11.0	0.0
4	6	5	-120.86300406009538	1.0	0.5012453300124533	25127.0	332.0	1065.0	24.0	9.0	325.0	825.0	14.0	20.0	2123.0	12.0	6.0	107.0	11.0	0.0
5	4	6	-0.6005615108576168	0.7259340081565049	1.0050188205771644	25127.0	1065.0	325.0	20.0	6.0	332.0	24.0	9.0	825.0	2123.0	107.0	14.0	11.0	12.0	0.0
4	5	7	-0.14880651127511998	0.559146861999164	1.0012787723785166	25110.0	1082.0	336.0	22.0	7.0	317.0	23.0	11.0	806.0	2142.0	107.0	13.0	13.0	11.0	0.0
4	7	5	-116.66430483969391	1.0	0.4996809189534142	25110.0	336.0	1082.0	22.0	7.0	317.0	806.0	13.0	23.0	2142.0	13.0	11.0	107.0	11.0	0.0
5	4	7	0.14899655790510097	0.44077815639316853	0.9987261146496815	25110.0	1082.0	317.0	23.0	11.0	336.0	22.0	7.0	806.0	2142.0	107.0	13.0	11.0	13.0	0.0
4	5	8	-0.294161093247928	0.6156825278260936	1.0025220680958387	25106.0	1086.0	334.0	22.0	9.0	319.0	24.0	8.0	819.0	2134.0	102.0	13.0	12.0	11.0	1.0
4	8	5	-117.22319565929915	1.0	0.49937185929648237	25106.0	334.0	1086.0	22.0	9.0	319.0	819.0	13.0	24.0	2134.0	12.0	8.0	102.0	11.0	1.0
5	4	8	0.29490112115546996	0.38403477543836895	0.9974968710888611	25106.0	1086.0	319.0	24.0	8.0	334.0	22.0	9.0	819.0	2134.0	102.0	13.0	11.0	12.0	1.0
4	5	9	-0.6839695123213712	0.7530028587758972	1.0024140012070006	24951.0	1241.0	343.0	15.0	7.0	326.0	19.0	6.0	1680.0	1264.0	111.0	23.0	9.0	5.0	0.0
4	9	5	-284.70230950377265	1.0	0.4993986770895971	24951.0	343.0	1241.0	15.0	7.0	326.0	1680.0	23.0	19.0	1264.0	9.0	6.0	111.0	5.0	0.0
5	4	9	0.6856166393829518	0.24647737516400314	0.9976033553025764	24951.0	1241.0	326.0	19.0	6.0	343.0	15.0	7.0	1680.0	1264.0	111.0	23.0	5.0	9.0	0.0
4	6	7	-99999.9	1.0	-0.923076923076923	24493.0	966.0	953.0	123.0	22.0	1066.0	73.0	25.0	49.0	2060.0	46.0	21.0	45.0	56.0	2.0
4	7	6	2.3052815013152967	0.010575379022531584	0.2448979591836735	24493.0	953.0	966.0	123.0	22.0	1066.0	49.0	21.0	73.0	2060.0	45.0	25.0	46.0	56.0	2.0
6	4	7	-4.802669794406868	0.9999992161663781	0.5967741935483871	24493.0	966.0	1066.0	73.0	25.0	953.0	123.0	22.0	49.0	2060.0	46.0	21.0	56.0	45.0	2.0
4	6	8	-99999.9	1.0	-0.38709677419354843	24476.0	983.0	964.0	116.0	18.0	1069.0	73.0	22.0	61.0	2053.0	41.0	21.0	44.0	57.0	2.0
4	8	6	1.1146980530423405	0.1324899661180723	0.1791044776119403	24476.0	964.0	983.0	116.0	18.0	1069.0	61.0	21.0	73.0	2053.0	44.0	22.0	41.0	57.0	2.0
6	4	8	-3.9943346900683854	0.9999675468959206	0.5612244897959183	24476.0	983.0	1069.0	73.0	22.0	964.0	116.0	18.0	61.0	2053.0	41.0	21.0	57.0	44.0	2.0
4	6	9	-0.833556246977634	0.797734506681161	1.011111111111111	24279.0	1180.0	1015.0	53.0	30.0	1079.0	62.0	23.0	881.0	1203.0	71.0	69.0	27.0	27.0	1.0
4	9	6	-76.68717472194247	1.0	0.4972677595628415	24279.0	1015.0	1180.0	53.0	30.0	1079.0	881.0	69.0	62.0	1203.0	27.0	23.0	71.0	27.0	1.0
6	4	9	0.84271620573563	0.1996935419760949	0.989247311827957	24279.0	1180.0	1079.0	62.0	23.0	1015.0	53.0	30.0	881.0	1203.0	71.0	69.0	27.0	27.0	1.0
4	7	8	2.3344419784574812	0.009786274289311114	0.017094017094017096	25153.0	293.0	287.0	816.0	8.0	1116.0	11.0	9.0	25.0	2140.0	13.0	10.0	19.0	100.0	0.0
4	8	7	-99999.9	1.0	-0.018018018018018018	25153.0	287.0	293.0	816.0	8.0	1116.0	25.0	10.0	11.0	2140.0	19.0	9.0	13.0	100.0	0.0
7	4	8	-131.89597178284814	1.0	0.4956140350877193	25153.0	293.0	1116.0	11.0	9.0	287.0	816.0	8.0	25.0	2140.0	13.0	10.0	100.0	19.0	0.0
4	7	9	1.4462334667048706	0.07405590909506055	0.9814169570267132	24281.0	1165.0	1013.0	70.0	28.0	1058.0	54.0	24.0	899.0	1211.0	68.0	72.0	27.0	28.0	2.0
4	9	7	-74.93297149364614	1.0	0.504778972520908	24281.0	1013.0	1165.0	70.0	28.0	1058.0	899.0	72.0	54.0	1211.0	27.0	24.0	68.0	28.0	2.0
7	4	9	-1.418849164376731	0.9220284515839081	1.019680196801968	24281.0	1165.0	1058.0	54.0	24.0	1013.0	70.0	28.0	899.0	1211.0	68.0	72.0	28.0	27.0	2.0
4	8	9	-0.17930980459553217	0.5711527673693415	1.002412545235223	24269.0	1171.0	1025.0	61.0	31.0	1063.0	63.0	25.0	894.0	1206.0	70.0	72.0	23.0	26.0	1.0
4	9	8	-74.68253361403909	1.0	0.49939903846153844	24269.0	1025.0	1171.0	61.0	31.0	1063.0	894.0	72.0	63.0	1206.0	23.0	25.0	70.0	26.0	1.0
8	4	9	0.17974135647181502	0.42867782084832995	0.9976047904191617	24269.0	1171.0	1063.0	63.0	25.0	1025.0	61.0	31.0	894.0	1206.0	70.0	72.0	26.0	23.0	1.0
5	6	7	-99999.9	1.0	-0.5142857142857142	24479.0	973.0	948.0	122.0	21.0	1080.0	69.0	22.0	51.0	2061.0	46.0	24.0	45.0	56.0	3.0
5	7	6	1.753773456436949	0.03973462375676218	0.20224719101123592	24479.0	948.0	973.0	122.0	21.0	1080.0	51.0	24.0	69.0	2061.0	45.0	22.0	46.0	56.0	3.0
6	5	7	-5.163888510619906	0.9999998788407849	0.5725806451612903	24479.0	973.0	1080.0	69.0	22.0	948.0	122.0	21.0	51.0	2061.0	46.0	24.0	56.0	45.0	3.0
5	6	8	-99999.9	1.0	-0.14634146341463414	24466.0	986.0	959.0	116.0	16.0	1079.0	69.0	23.0	63.0	2054.0	41.0	24.0	44.0	56.0	4.0
5	8	6	0.5474492097208135	0.29203505181090583	0.1016949152542373	24466.0	959.0	986.0	116.0	16.0	1079.0	63.0	24.0	69.0	2054.0	44.0	23.0	41.0	56.0	4.0
6	5	8	-4.288352142813038	0.999990993474827	0.53	24466.0	986.0	1079.0	69.0	23.0	959.0	116.0	16.0	63.0	2054.0	41.0	24.0	56.0	44.0	4.0
5	6	9	-0.564421589670551	0.713766409043696	1.0072904009720534	24270.0	1182.0	1007.0	53.0	31.0	1088.0	59.0	24.0	888.0	1199.0	71.0	70.0	26.0	31.0	1.0
5	9	6	-78.54867122915172	1.0	0.4981971153846154	24270.0	1007.0	1182.0	53.0	31.0	1088.0	888.0	70.0	59.0	1199.0	26.0	24.0	71.0	31.0	1.0
6	5	9	0.5685066675210014	0.2848454543546288	0.9928656361474435	24270.0	1182.0	1088.0	59.0	24.0	1007.0	53.0	31.0	888.0	1199.0	71.0	70.0	31.0	26.0	1.0
5	7	8	2.4009722384536345	0.008175781974993357	0.017052375152253354	25133.0	294.0	292.0	817.0	7.0	1136.0	10.0	9.0	24.0	2138.0	13.0	6.0	19.0	101.0	1.0
5	8	7	-99999.9	1.0	-0.017971758664955075	25133.0	292.0	294.0	817.0	7.0	1136.0	24.0	6.0	10.0	2138.0	19.0	9.0	13.0	101.0	1.0
7	5	8	-135.9979275066956	1.0	0.49562500000000004	25133.0	294.0	1136.0	10.0	9.0	292.0	817.0	7.0	24.0	2138.0	13.0	6.0	101.0	19.0	1.0
5	7	9	1.8240669774832863	0.03407091706617682	0.9769585253456221	24260.0	1167.0	1017.0	71.0	28.0	1079.0	51.0	25.0	899.0	1207.0	69.0	68.0	26.0	31.0	2.0
5	9	7	-75.51637286780802	1.0	0.5059665871121719	24260.0	1017.0	1167.0	71.0	28.0	1079.0	899.0	68.0	51.0	1207.0	26.0	25.0	69.0	31.0	2.0
7	5	9	-1.7810465299011329	0.9625476237620574	1.0247524752475248	24260.0	1167.0	1079.0	51.0	25.0	1017.0	71.0	28.0	899.0	1207.0	69.0	68.0	31.0	26.0	2.0
5	8	9	0.09092517485662872	0.46377596095637474	0.9988009592326139	24251.0	1174.0	1026.0	61.0	31.0	1081.0	60.0	25.0	893.0	1203.0	71.0	72.0	21.0	29.0	2.0
5	9	8	-75.64974548071558	1.0	0.5003003003003003	24251.0	1026.0	1174.0	61.0	31.0	1081.0	893.0	72.0	60.0	1203.0	21.0	25.0	71.0	29.0	2.0
8	5	9	-0.0908160209852522	0.5361806724239176	1.0012033694344165	24251.0	1174.0	1081.0	60.0	25.0	1026.0	61.0	31.0	893.0	1203.0	71.0	72.0	29.0	21.0	2.0
6	7	8	2.4736842675214206	0.006686400359019684	0.01804123711340206	25257.0	302.0	288.0	771.0	5.0	1012.0	9.0	2.0	23.0	2199.0	17.0	11.0	18.0	86.0	0.0
6	8	7	-99999.9	1.0	-0.019073569482288825	25257.0	288.0	302.0	771.0	5.0	1012.0	23.0	11.0	9.0	2199.0	18.0	2.0	17.0	86.0	0.0
7	6	8	-132.16541657900137	1.0	0.495364238410596	25257.0	302.0	1012.0	9.0	2.0	288.0	771.0	5.0	23.0	2199.0	17.0	11.0	86.0	18.0	0.0
6	7	9	2.431556376588842	0.00751705442681605	0.9721030042918455	24390.0	1169.0	968.0	71.0	25.0	949.0	45.0	29.0	951.0	1214.0	74.0	65.0	24.0	24.0	2.0
6	9	7	-82.29883120762224	1.0	0.5072788353863382	24390.0	968.0	1169.0	71.0	25.0	949.0	951.0	65.0	45.0	1214.0	24.0	29.0	74.0	24.0	2.0
7	6	9	-2.3617766130222746	0.990906216228355	1.0304449648711944	24390.0	1169.0	949.0	45.0	29.0	968.0	71.0	25.0	951.0	1214.0	74.0	65.0	24.0	24.0	2.0
6	8	9	0.7453302217626286	0.22803598941734537	0.9910813823857302	24368.0	1177.0	990.0	62.0	26.0	964.0	54.0	28.0	943.0	1207.0	76.0	58.0	22.0	24.0	1.0
6	9	8	-82.07949067160946	1.0	0.5022598870056496	24368.0	990.0	1177.0	62.0	26.0	964.0	943.0	58.0	54.0	1207.0	22.0	28.0	76.0	24.0	1.0
8	6	9	-0.7386230881584654	0.769932118559574	1.009163802978236	24368.0	1177.0	964.0	54.0	28.0	990.0	62.0	26.0	943.0	1207.0	76.0	58.0	24.0	22.0	1.0
7	8	9	-2.81326908253473	0.9975479087284383	1.011036174126303	25045.0	1224.0	294.0	11.0	8.0	287.0	29.0	6.0	1678.0	1271.0	107.0	19.0	9.0	11.0	1.0
7	9	8	-260.5399755880773	1.0	0.497285886610374	25045.0	294.0	1224.0	11.0	8.0	287.0	1678.0	19.0	29.0	1271.0	9.0	6.0	107.0	11.0	1.0
8	7	9	2.8439779021136418	0.002227770713633337	0.9893175074183976	25045.0	1224.0	287.0	29.0	6.0	294.0	11.0	8.0	1678.0	1271.0	107.0	19.0	11.0	9.0	1.0
