P1	Hybrid	P2	Zscore	Pvalue	Gamma	AAAA	AAAB	AABA	AABB	AABC	ABAA	ABAB	ABAC	ABBA	BAAA	ABBC	CABC	BACA	BCAA	ABCD
1	2	3	1.49182142610199	0.06787301474098362	0.022267206477732792	24144.0	328.0	282.0	505.0	11.0	823.0	22.0	7.0	33.0	3695.0	30.0	3.0	14.0	102.0	1.0
1	3	2	-99999.9	1.0	-0.023861171366594363	24144.0	282.0	328.0	505.0	11.0	823.0	33.0	3.0	22.0	3695.0	14.0	7.0	30.0	102.0	1.0
2	1	3	-64.01270119274001	1.0	0.4942408376963351	24144.0	328.0	823.0	22.0	7.0	282.0	505.0	11.0	33.0	3695.0	30.0	3.0	102.0	14.0	1.0
1	2	4	1.0744341358958351	0.14131411145263773	0.01652892561983471	24147.0	325.0	284.0	500.0	14.0	823.0	24.0	5.0	32.0	3693.0	33.0	3.0	15.0	101.0	1.0
1	4	2	-99999.9	1.0	-0.01739130434782609	24147.0	284.0	325.0	500.0	14.0	823.0	32.0	3.0	24.0	3693.0	15.0	5.0	33.0	101.0	1.0
2	1	4	-62.854396949906324	1.0	0.49576271186440674	24147.0	325.0	823.0	24.0	5.0	284.0	500.0	14.0	32.0	3693.0	33.0	3.0	101.0	15.0	1.0
1	2	5	-0.5403131937673191	0.70550949183001	1.0507246376811594	23487.0	985.0	706.0	76.0	16.0	757.0	83.0	12.0	228.0	3445.0	85.0	13.0	46.0	59.0	2.0
1	5	2	-11.732515064661792	1.0	0.4882154882154882	23487.0	706.0	985.0	76.0	16.0	757.0	228.0	13.0	83.0	3445.0	46.0	12.0	85.0	59.0	2.0
2	1	5	0.5663972789836724	0.28556183750766273	0.9559748427672956	23487.0	985.0	757.0	83.0	12.0	706.0	76.0	16.0	228.0	3445.0	85.0	13.0	59.0	46.0	2.0
1	2	6	0.3396039423193038	0.3670774714520362	0.9748427672955975	23526.0	946.0	698.0	73.0	27.0	760.0	69.0	23.0	224.0	3440.0	94.0	13.0	51.0	55.0	1.0
1	6	2	-12.820048822553716	1.0	0.5065359477124183	23526.0	698.0	946.0	73.0	27.0	760.0	224.0	13.0	69.0	3440.0	51.0	23.0	94.0	55.0	1.0
2	1	6	-0.3308399696142895	0.6296172479040338	1.0272108843537415	23526.0	946.0	760.0	69.0	23.0	698.0	73.0	27.0	224.0	3440.0	94.0	13.0	55.0	51.0	1.0
1	2	7	0.08445965453984612	0.46634542439208604	0.993421052631579	23507.0	965.0	701.0	71.0	26.0	758.0	70.0	24.0	221.0	3440.0	97.0	13.0	49.0	57.0	1.0
1	7	2	-12.668948180976837	1.0	0.5016611295681063	23507.0	701.0	965.0	71.0	26.0	758.0	221.0	13.0	70.0	3440.0	49.0	24.0	97.0	57.0	1.0
2	1	7	-0.08390031907931735	0.5334322224977617	1.0067114093959733	23507.0	965.0	758.0	70.0	24.0	701.0	71.0	26.0	221.0	3440.0	97.0	13.0	57.0	49.0	1.0
1	2	8	-2.076775030391601	0.9810889008589517	1.02	22308.0	2164.0	705.0	58.0	35.0	725.0	83.0	44.0	1358.0	2158.0	242.0	52.0	27.0	40.0	1.0
1	8	2	-107.99230158036335	1.0	0.4951456310679611	22308.0	705.0	2164.0	58.0	35.0	725.0	1358.0	52.0	83.0	2158.0	27.0	44.0	242.0	40.0	1.0
2	1	8	2.117496109418887	0.017108822134705104	0.9811320754716981	22308.0	2164.0	725.0	83.0	44.0	705.0	58.0	35.0	1358.0	2158.0	242.0	52.0	40.0	27.0	1.0
1	2	9	-1.0306697097772917	0.8486521116344508	1.005968529571351	22907.0	1565.0	720.0	51.0	27.0	763.0	62.0	27.0	1916.0	1657.0	185.0	68.0	22.0	28.0	2.0
1	9	2	-174.74536443042257	1.0	0.498521107824684	22907.0	720.0	1565.0	51.0	27.0	763.0	1916.0	68.0	62.0	1657.0	22.0	27.0	185.0	28.0	2.0
2	1	9	1.0367847943552582	0.14991810547885165	0.994136460554371	22907.0	1565.0	763.0	62.0	27.0	720.0	51.0	27.0	1916.0	1657.0	185.0	68.0	28.0	22.0	2.0
1	3	4	-99999.9	1.0	-0.00411522633744856	24337.0	89.0	94.0	743.0	7.0	847.0	11.0	1.0	8.0	3714.0	9.0	3.0	7.0	130.0	0.0
1	4	3	0.6874011545704235	0.2459149171306787	0.0040650406504065045	24337.0	94.0	89.0	743.0	7.0	847.0	8.0	3.0	11.0	3714.0	7.0	1.0	9.0	130.0	0.0
3	1	4	-167.72588171518328	1.0	0.5010224948875256	24337.0	89.0	847.0	11.0	1.0	94.0	743.0	7.0	8.0	3714.0	9.0	3.0	130.0	7.0	0.0
1	3	5	-0.8947353360788705	0.8145357389038779	1.096774193548387	23440.0	986.0	753.0	75.0	16.0	759.0	87.0	13.0	223.0	3423.0	85.0	16.0	64.0	59.0	1.0
1	5	3	-11.03506914497273	1.0	0.47887323943661975	23440.0	753.0	986.0	75.0	16.0	759.0	223.0	16.0	87.0	3423.0	64.0	13.0	85.0	59.0	1.0
3	1	5	0.9736825716152413	0.16510708631884485	0.925	23440.0	986.0	759.0	87.0	13.0	753.0	75.0	16.0	223.0	3423.0	85.0	16.0	59.0	64.0	1.0
1	3	6	0.16543426630326288	0.43430108869958817	0.9864864864864865	23476.0	950.0	748.0	75.0	21.0	763.0	73.0	23.0	219.0	3418.0	94.0	15.0	69.0	56.0	0.0
1	6	3	-11.911267173834998	1.0	0.503448275862069	23476.0	748.0	950.0	75.0	21.0	763.0	219.0	15.0	73.0	3418.0	69.0	23.0	94.0	56.0	0.0
3	1	6	-0.1631680434771908	0.5648069423094046	1.0140845070422535	23476.0	950.0	763.0	73.0	23.0	748.0	75.0	21.0	219.0	3418.0	94.0	15.0	56.0	69.0	0.0
1	3	7	0.08273639070114992	0.4670305083450459	0.993006993006993	23460.0	966.0	748.0	74.0	22.0	762.0	73.0	24.0	215.0	3419.0	97.0	15.0	67.0	58.0	0.0
1	7	3	-11.665831088862213	1.0	0.5017667844522968	23460.0	748.0	966.0	74.0	22.0	762.0	215.0	15.0	73.0	3419.0	67.0	24.0	97.0	58.0	0.0
3	1	7	-0.08215374006240944	0.5327378365442108	1.0071428571428571	23460.0	966.0	762.0	73.0	24.0	748.0	74.0	22.0	215.0	3419.0	97.0	15.0	58.0	67.0	0.0
1	3	8	-1.5211274991277917	0.9358860540154961	1.0152979066022545	22272.0	2154.0	741.0	67.0	36.0	730.0	86.0	43.0	1347.0	2143.0	241.0	58.0	39.0	42.0	1.0
1	8	3	-102.47595783597748	1.0	0.4962613144431326	22272.0	741.0	2154.0	67.0	36.0	730.0	1347.0	58.0	86.0	2143.0	39.0	43.0	241.0	42.0	1.0
3	1	8	1.5440469459822153	0.061288496742476384	0.985373364126251	22272.0	2154.0	730.0	86.0	43.0	741.0	67.0	36.0	1347.0	2143.0	241.0	58.0	42.0	39.0	1.0
1	3	9	-0.619593417923259	0.7322373038440964	1.0038188761593017	22865.0	1561.0	762.0	60.0	22.0	765.0	67.0	27.0	1907.0	1641.0	183.0	75.0	33.0	29.0	3.0
1	9	3	-163.48414898632274	1.0	0.49905071874152424	22865.0	762.0	1561.0	60.0	22.0	765.0	1907.0	75.0	67.0	1641.0	33.0	27.0	183.0	29.0	3.0
3	1	9	0.6219505667957931	0.26698713149116104	0.9962243797195254	22865.0	1561.0	765.0	67.0	27.0	762.0	60.0	22.0	1907.0	1641.0	183.0	75.0	29.0	33.0	3.0
1	4	5	-1.2403909477346864	0.8925845180413039	1.140495867768595	23442.0	989.0	751.0	72.0	16.0	757.0	89.0	12.0	227.0	3419.0	86.0	14.0	66.0	59.0	1.0
1	5	4	-11.309446876404495	1.0	0.4709897610921502	23442.0	751.0	989.0	72.0	16.0	757.0	227.0	14.0	89.0	3419.0	66.0	12.0	86.0	59.0	1.0
4	1	5	1.3931927311512782	0.08178081453161046	0.9011627906976745	23442.0	989.0	757.0	89.0	12.0	751.0	72.0	16.0	227.0	3419.0	86.0	14.0	59.0	66.0	1.0
1	4	6	-0.16210936540246326	0.5643901409198065	1.0136986301369864	23481.0	950.0	743.0	74.0	22.0	759.0	76.0	23.0	224.0	3414.0	94.0	14.0	70.0	56.0	0.0
1	6	4	-12.15820240518474	1.0	0.4966442953020134	23481.0	743.0	950.0	74.0	22.0	759.0	224.0	14.0	76.0	3414.0	70.0	23.0	94.0	56.0	0.0
4	1	6	0.16430003250249656	0.4347474734450907	0.9868421052631579	23481.0	950.0	759.0	76.0	23.0	743.0	74.0	22.0	224.0	3414.0	94.0	14.0	56.0	70.0	0.0
1	4	7	-0.2430147684847136	0.5960029698726332	1.0212765957446808	23466.0	965.0	742.0	73.0	24.0	758.0	76.0	24.0	220.0	3414.0	98.0	14.0	69.0	57.0	0.0
1	7	4	-11.907723655750987	1.0	0.4948453608247423	23466.0	742.0	965.0	73.0	24.0	758.0	220.0	14.0	76.0	3414.0	69.0	24.0	98.0	57.0	0.0
4	1	7	0.2480775761614785	0.40203724665966223	0.98	23466.0	965.0	758.0	76.0	24.0	742.0	73.0	24.0	220.0	3414.0	98.0	14.0	57.0	69.0	0.0
1	4	8	-1.7638340831018053	0.961120086305731	1.017741935483871	22278.0	2153.0	735.0	65.0	39.0	728.0	87.0	43.0	1349.0	2142.0	241.0	58.0	39.0	42.0	1.0
1	8	4	-102.94377103194176	1.0	0.49567949725058913	22278.0	735.0	2153.0	65.0	39.0	728.0	1349.0	58.0	87.0	2142.0	39.0	43.0	241.0	42.0	1.0
4	1	8	1.7945823793206959	0.03636008002885127	0.9831546707503829	22278.0	2153.0	728.0	87.0	43.0	735.0	65.0	39.0	1349.0	2142.0	241.0	58.0	42.0	39.0	1.0
1	4	9	-1.240932080462085	0.8926845115541457	1.0076628352490422	22871.0	1560.0	756.0	56.0	27.0	761.0	70.0	27.0	1911.0	1638.0	183.0	75.0	33.0	29.0	3.0
1	9	4	-164.42350066122626	1.0	0.4981060606060606	22871.0	756.0	1560.0	56.0	27.0	761.0	1911.0	75.0	70.0	1638.0	33.0	27.0	183.0	29.0	3.0
4	1	9	1.2503688263211121	0.1055824919540298	0.9925093632958801	22871.0	1560.0	761.0	70.0	27.0	756.0	56.0	27.0	1911.0	1638.0	183.0	75.0	29.0	33.0	3.0
1	5	6	0.8320131533054158	0.20270070816414676	0.3448275862068966	23274.0	919.0	950.0	105.0	22.0	884.0	86.0	28.0	96.0	3408.0	70.0	17.0	66.0	72.0	3.0
1	6	5	-99999.9	1.0	9.999999999999996	23274.0	950.0	919.0	105.0	22.0	884.0	96.0	17.0	86.0	3408.0	66.0	28.0	70.0	72.0	3.0
5	1	6	-0.7488118379748746	0.7730147561906715	0.32142857142857145	23274.0	919.0	884.0	86.0	28.0	950.0	105.0	22.0	96.0	3408.0	70.0	17.0	72.0	66.0	3.0
1	5	7	0.32691889733128776	0.37186468232402503	0.2	23259.0	934.0	949.0	105.0	23.0	882.0	89.0	27.0	93.0	3406.0	75.0	17.0	64.0	74.0	3.0
1	7	5	-99999.9	1.0	-0.49999999999999994	23259.0	949.0	934.0	105.0	23.0	882.0	93.0	17.0	89.0	3406.0	64.0	27.0	75.0	74.0	3.0
5	1	7	-0.9807566919938623	0.836643627811713	0.42857142857142855	23259.0	934.0	882.0	89.0	27.0	949.0	105.0	23.0	93.0	3406.0	75.0	17.0	74.0	64.0	3.0
1	5	8	-0.13851728688896747	0.5550842231624536	1.001763668430335	22085.0	2108.0	928.0	103.0	46.0	839.0	105.0	54.0	1241.0	2113.0	220.0	55.0	50.0	52.0	1.0
1	8	5	-78.81633623982295	1.0	0.4995602462620933	22085.0	928.0	2108.0	103.0	46.0	839.0	1241.0	55.0	105.0	2113.0	50.0	54.0	220.0	52.0	1.0
5	1	8	0.13876115535180017	0.4448194181228401	0.9982456140350877	22085.0	2108.0	839.0	105.0	54.0	928.0	103.0	46.0	1241.0	2113.0	220.0	55.0	52.0	50.0	1.0
1	5	9	0.15915208282063822	0.4367745183350267	0.9988276670574443	22656.0	1537.0	971.0	80.0	26.0	888.0	78.0	32.0	1782.0	1621.0	171.0	77.0	42.0	35.0	4.0
1	9	5	-135.43842248036276	1.0	0.5002935995302408	22656.0	971.0	1537.0	80.0	26.0	888.0	1782.0	77.0	78.0	1621.0	42.0	32.0	171.0	35.0	4.0
5	1	9	-0.15896528460136522	0.5631518968722059	1.0011764705882353	22656.0	1537.0	888.0	78.0	32.0	971.0	80.0	26.0	1782.0	1621.0	171.0	77.0	35.0	42.0	4.0
1	6	7	-99999.9	1.0	-0.003926701570680629	23966.0	258.0	242.0	794.0	10.0	960.0	27.0	10.0	24.0	3511.0	25.0	8.0	21.0	143.0	1.0
1	7	6	0.42039318618177185	0.3370991626789357	0.0038809831824062097	23966.0	242.0	258.0	794.0	10.0	960.0	24.0	8.0	27.0	3511.0	21.0	10.0	25.0	143.0	1.0
6	1	7	-107.48052460047285	1.0	0.5009759271307742	23966.0	258.0	960.0	27.0	10.0	242.0	794.0	10.0	24.0	3511.0	25.0	8.0	143.0	21.0	1.0
1	6	8	-1.0822476467990458	0.8604287100162323	1.0137111517367459	22091.0	2133.0	922.0	87.0	37.0	848.0	102.0	47.0	1211.0	2121.0	228.0	76.0	45.0	50.0	2.0
1	8	6	-81.09642366680849	1.0	0.49664128974473803	22091.0	922.0	2133.0	87.0	37.0	848.0	1211.0	76.0	102.0	2121.0	45.0	47.0	228.0	50.0	2.0
6	1	8	1.0968858025267154	0.13634570127418444	0.9868305531167691	22091.0	2133.0	848.0	102.0	47.0	922.0	87.0	37.0	1211.0	2121.0	228.0	76.0	50.0	45.0	2.0
1	6	9	0.08361944666577081	0.4666794368979432	0.9994065281899109	22680.0	1544.0	947.0	72.0	27.0	895.0	71.0	31.0	1755.0	1631.0	174.0	97.0	39.0	35.0	2.0
1	9	6	-140.73152873849313	1.0	0.5001485001485002	22680.0	947.0	1544.0	72.0	27.0	895.0	1755.0	97.0	71.0	1631.0	39.0	31.0	174.0	35.0	2.0
6	1	9	-0.08356979141240635	0.5333008226361147	1.0005945303210464	22680.0	1544.0	895.0	71.0	31.0	947.0	72.0	27.0	1755.0	1631.0	174.0	97.0	35.0	39.0	2.0
1	7	8	-1.1568275388842422	0.8763285279317574	1.0145322434150772	22078.0	2130.0	935.0	86.0	41.0	842.0	102.0	48.0	1219.0	2115.0	225.0	74.0	51.0	52.0	2.0
1	8	7	-81.9178500972403	1.0	0.4964444444444444	22078.0	935.0	2130.0	86.0	41.0	842.0	1219.0	74.0	102.0	2115.0	51.0	48.0	225.0	52.0	2.0
7	1	8	1.1733980318315544	0.12031817406373724	0.9860748476936466	22078.0	2130.0	842.0	102.0	48.0	935.0	86.0	41.0	1219.0	2115.0	225.0	74.0	52.0	51.0	2.0
1	7	9	0.25458098149251673	0.3995234318729256	0.9982290436835891	22671.0	1537.0	956.0	71.0	35.0	894.0	68.0	30.0	1759.0	1625.0	175.0	94.0	48.0	35.0	2.0
1	9	7	-143.24423225312225	1.0	0.5004439183190292	22671.0	956.0	1537.0	71.0	35.0	894.0	1759.0	94.0	68.0	1625.0	48.0	30.0	175.0	35.0	2.0
7	1	9	-0.25412932983995756	0.6003021207158676	1.001780415430267	22671.0	1537.0	894.0	68.0	30.0	956.0	71.0	35.0	1759.0	1625.0	175.0	94.0	35.0	48.0	2.0
1	8	9	0.5748472571841465	0.28269726333397927	0.9809523809523809	21589.0	1424.0	2038.0	159.0	60.0	1920.0	149.0	66.0	664.0	1512.0	92.0	163.0	80.0	74.0	10.0
1	9	8	-29.02978648779934	1.0	0.5049019607843137	21589.0	2038.0	1424.0	159.0	60.0	1920.0	664.0	163.0	149.0	1512.0	80.0	66.0	92.0	74.0	10.0
8	1	9	-0.5636851745203767	0.7135158289321006	1.02020202020202	21589.0	1424.0	1920.0	149.0	66.0	2038.0	159.0	60.0	664.0	1512.0	92.0	163.0	74.0	80.0	10.0
2	3	4	-99999.9	1.0	-0.00398406374501992	24876.0	91.0	94.0	262.0	1.0	308.0	10.0	0.0	9.0	4278.0	15.0	2.0	6.0	47.0	1.0
2	4	3	0.2292186071489532	0.40934954994611394	0.003937007874015748	24876.0	94.0	91.0	262.0	1.0	308.0	9.0	2.0	10.0	4278.0	6.0	0.0	15.0	47.0	1.0
3	2	4	-57.7630890015362	1.0	0.500990099009901	24876.0	91.0	308.0	10.0	0.0	94.0	262.0	1.0	9.0	4278.0	15.0	2.0	47.0	6.0	1.0
2	3	5	-0.9538357521223074	0.829916613788385	1.011308562197092	23922.0	1045.0	322.0	23.0	12.0	277.0	30.0	11.0	656.0	3522.0	124.0	14.0	28.0	12.0	2.0
2	5	3	-86.25400444191723	1.0	0.4972200158856235	23922.0	322.0	1045.0	23.0	12.0	277.0	656.0	14.0	30.0	3522.0	28.0	11.0	124.0	12.0	2.0
3	2	5	0.9645016471140904	0.16739723745202362	0.9890625	23922.0	1045.0	277.0	30.0	11.0	322.0	23.0	12.0	656.0	3522.0	124.0	14.0	12.0	28.0	2.0
2	3	6	-0.2765992112412909	0.6089560005639904	1.003257328990228	23960.0	1007.0	326.0	25.0	6.0	279.0	27.0	12.0	643.0	3512.0	147.0	13.0	29.0	12.0	2.0
2	6	3	-85.46915627355865	1.0	0.4991896272285251	23960.0	326.0	1007.0	25.0	6.0	279.0	643.0	13.0	27.0	3512.0	29.0	12.0	147.0	12.0	2.0
3	2	6	0.2774972606284379	0.3906992189354137	0.9967741935483871	23960.0	1007.0	279.0	27.0	12.0	326.0	25.0	6.0	643.0	3512.0	147.0	13.0	12.0	29.0	2.0
2	3	7	0.13482305746020776	0.44637585700149396	0.9983766233766234	23943.0	1024.0	322.0	28.0	7.0	279.0	27.0	12.0	642.0	3512.0	148.0	14.0	29.0	11.0	2.0
2	7	3	-82.78135728056745	1.0	0.500406834825061	23943.0	322.0	1024.0	28.0	7.0	279.0	642.0	14.0	27.0	3512.0	29.0	12.0	148.0	11.0	2.0
3	2	7	-0.13460383297653264	0.5535374752626052	1.0016313213703099	23943.0	1024.0	279.0	27.0	12.0	322.0	28.0	7.0	642.0	3512.0	148.0	14.0	11.0	29.0	2.0
2	3	8	0.5345615778717805	0.29647650961315153	0.9977502812148481	22719.0	2248.0	314.0	30.0	13.0	283.0	26.0	9.0	1800.0	2214.0	288.0	32.0	16.0	8.0	0.0
2	8	3	-236.5434982082625	1.0	0.5005643340857787	22719.0	314.0	2248.0	30.0	13.0	283.0	1800.0	32.0	26.0	2214.0	16.0	9.0	288.0	8.0	0.0
3	2	8	-0.5333562530062297	0.703106521661746	1.0022650056625142	22719.0	2248.0	283.0	26.0	9.0	314.0	30.0	13.0	1800.0	2214.0	288.0	32.0	8.0	16.0	0.0
2	3	9	0.6320942131626002	0.2636626001340059	0.9983093829247676	23343.0	1624.0	327.0	22.0	8.0	287.0	18.0	13.0	2380.0	1704.0	218.0	37.0	14.0	4.0	1.0
2	9	3	-372.61953865934834	1.0	0.5004237288135593	23343.0	327.0	1624.0	22.0	8.0	287.0	2380.0	37.0	18.0	1704.0	14.0	13.0	218.0	4.0	1.0
3	2	9	-0.6310237741902672	0.7359875678893306	1.0016992353440952	23343.0	1624.0	287.0	18.0	13.0	327.0	22.0	8.0	2380.0	1704.0	218.0	37.0	4.0	14.0	1.0
2	4	5	-1.490736862862376	0.9319846707350257	1.0180032733224222	23922.0	1048.0	322.0	21.0	11.0	277.0	32.0	10.0	654.0	3516.0	124.0	16.0	32.0	13.0	2.0
2	5	4	-85.78513038108045	1.0	0.4956175298804781	23922.0	322.0	1048.0	21.0	11.0	277.0	654.0	16.0	32.0	3516.0	32.0	10.0	124.0	13.0	2.0
4	2	5	1.5171003765142828	0.06462069635786061	0.9829192546583851	23922.0	1048.0	277.0	32.0	10.0	322.0	21.0	11.0	654.0	3516.0	124.0	16.0	13.0	32.0	2.0
2	4	6	-0.8108565979590076	0.7912760438198235	1.00990099009901	23962.0	1008.0	324.0	24.0	6.0	278.0	30.0	11.0	642.0	3506.0	146.0	15.0	32.0	14.0	2.0
2	6	4	-83.51822958977783	1.0	0.4975609756097561	23962.0	324.0	1008.0	24.0	6.0	278.0	642.0	15.0	30.0	3506.0	32.0	11.0	146.0	14.0	2.0
4	2	6	0.8188061724488018	0.2064484488770857	0.9903846153846154	23962.0	1008.0	278.0	30.0	11.0	324.0	24.0	6.0	642.0	3506.0	146.0	15.0	14.0	32.0	2.0
2	4	7	-0.3959338947495169	0.6539230512712696	1.0049342105263157	23946.0	1024.0	319.0	27.0	8.0	278.0	30.0	11.0	641.0	3505.0	148.0	16.0	33.0	12.0	2.0
2	7	4	-81.03447045873439	1.0	0.4987755102040816	23946.0	319.0	1024.0	27.0	8.0	278.0	641.0	16.0	30.0	3505.0	33.0	11.0	148.0	12.0	2.0
4	2	7	0.3978779236926406	0.34536013705018687	0.9951377633711507	23946.0	1024.0	278.0	30.0	11.0	319.0	27.0	8.0	641.0	3505.0	148.0	16.0	12.0	33.0	2.0
2	4	8	0.26716322219657096	0.3946718073590554	0.9988694177501414	22723.0	2247.0	310.0	29.0	15.0	283.0	27.0	9.0	1794.0	2212.0	288.0	38.0	17.0	8.0	0.0
2	8	4	-235.7715435884747	1.0	0.5002831257078143	22723.0	310.0	2247.0	29.0	15.0	283.0	1794.0	38.0	27.0	2212.0	17.0	9.0	288.0	8.0	0.0
4	2	8	-0.2668608303208533	0.6052117805159496	1.0011344299489506	22723.0	2247.0	283.0	27.0	9.0	310.0	29.0	15.0	1794.0	2212.0	288.0	38.0	8.0	17.0	0.0
2	4	9	-0.3156857152478651	0.6238793959399591	1.0008499787505312	23347.0	1623.0	323.0	19.0	12.0	285.0	21.0	13.0	2376.0	1700.0	218.0	43.0	15.0	4.0	1.0
2	9	4	-372.0356154196108	1.0	0.49978777589134127	23347.0	323.0	1623.0	19.0	12.0	285.0	2376.0	43.0	21.0	1700.0	15.0	13.0	218.0	4.0	1.0
4	2	9	0.3159538135198378	0.3760188514957893	0.9991521831284442	23347.0	1623.0	285.0	21.0	13.0	323.0	19.0	12.0	2376.0	1700.0	218.0	43.0	4.0	15.0	1.0
2	5	6	-99999.9	1.0	-0.08333333333333333	23330.0	914.0	956.0	104.0	20.0	828.0	91.0	28.0	90.0	3415.0	75.0	17.0	62.0	66.0	4.0
2	6	5	0.0768716900430234	0.46936274166450764	0.06666666666666667	23330.0	956.0	914.0	104.0	20.0	828.0	90.0	17.0	91.0	3415.0	62.0	28.0	75.0	66.0	4.0
5	2	6	-0.9993319705592975	0.8411830388669751	0.5185185185185186	23330.0	914.0	828.0	91.0	28.0	956.0	104.0	20.0	90.0	3415.0	75.0	17.0	66.0	62.0	4.0
2	5	7	-99999.9	1.0	-0.25	23309.0	935.0	956.0	102.0	22.0	832.0	87.0	28.0	84.0	3419.0	77.0	19.0	62.0	64.0	4.0
2	7	5	0.24638816041472042	0.4026909385721641	0.14285714285714285	23309.0	956.0	935.0	102.0	22.0	832.0	84.0	19.0	87.0	3419.0	62.0	28.0	77.0	64.0	4.0
5	2	7	-1.2319408020736047	0.8910143331315359	0.5454545454545454	23309.0	935.0	832.0	87.0	28.0	956.0	102.0	22.0	84.0	3419.0	77.0	19.0	64.0	62.0	4.0
2	5	8	1.398131524314923	0.08103684236718722	0.983704974271012	22103.0	2141.0	930.0	103.0	47.0	821.0	84.0	42.0	1231.0	2126.0	223.0	63.0	46.0	39.0	1.0
2	8	5	-83.00486102248588	1.0	0.5041758241758242	22103.0	930.0	2141.0	103.0	47.0	821.0	1231.0	63.0	84.0	2126.0	46.0	42.0	223.0	39.0	1.0
5	2	8	-1.3749715426566986	0.9154298071249736	1.0171325518485121	22103.0	2141.0	821.0	84.0	42.0	930.0	103.0	47.0	1231.0	2126.0	223.0	63.0	39.0	46.0	1.0
2	5	9	0.8927049128671044	0.18600757745128016	0.9941792782305006	22685.0	1559.0	985.0	68.0	27.0	859.0	58.0	30.0	1766.0	1640.0	174.0	79.0	38.0	28.0	4.0
2	9	5	-151.58129420483445	1.0	0.5014679976512038	22685.0	985.0	1559.0	68.0	27.0	859.0	1766.0	79.0	58.0	1640.0	38.0	30.0	174.0	28.0	4.0
5	2	9	-0.8874783033069925	0.8125893126376301	1.0059241706161137	22685.0	1559.0	859.0	58.0	30.0	985.0	68.0	27.0	1766.0	1640.0	174.0	79.0	28.0	38.0	4.0
2	6	7	-99999.9	1.0	-0.0013175230566534913	24026.0	260.0	239.0	788.0	11.0	900.0	28.0	7.0	27.0	3518.0	23.0	8.0	22.0	142.0	1.0
2	7	6	0.1348028249626123	0.44638385556634064	0.0013123359580052493	24026.0	239.0	260.0	788.0	11.0	900.0	27.0	8.0	28.0	3518.0	22.0	7.0	23.0	142.0	1.0
6	2	7	-102.4501469715855	1.0	0.5003287310979618	24026.0	260.0	900.0	28.0	7.0	239.0	788.0	11.0	27.0	3518.0	23.0	8.0	142.0	22.0	1.0
2	6	8	0.6227067716278674	0.2667385605843873	0.9929947460595446	22121.0	2165.0	912.0	87.0	39.0	818.0	79.0	38.0	1213.0	2130.0	225.0	84.0	47.0	41.0	1.0
2	8	6	-87.64597810662222	1.0	0.5017699115044248	22121.0	912.0	2165.0	87.0	39.0	818.0	1213.0	84.0	79.0	2130.0	47.0	38.0	225.0	41.0	1.0
6	2	8	-0.6183137785299635	0.7318157935649083	1.0071556350626119	22121.0	2165.0	818.0	79.0	38.0	912.0	87.0	39.0	1213.0	2130.0	225.0	84.0	41.0	47.0	1.0
2	6	9	1.1467868071345908	0.12573492747575754	0.9929742388758782	22722.0	1564.0	948.0	61.0	29.0	853.0	49.0	33.0	1745.0	1649.0	174.0	106.0	38.0	28.0	1.0
2	9	6	-160.93241526788728	1.0	0.5017751479289941	22722.0	948.0	1564.0	61.0	29.0	853.0	1745.0	106.0	49.0	1649.0	38.0	33.0	174.0	28.0	1.0
6	2	9	-1.1386727495369402	0.8725801094639215	1.007177033492823	22722.0	1564.0	853.0	49.0	33.0	948.0	61.0	29.0	1745.0	1649.0	174.0	106.0	28.0	38.0	1.0
2	7	8	0.7071830357941764	0.23972630043958987	0.9921739130434782	22101.0	2164.0	932.0	86.0	41.0	819.0	77.0	39.0	1218.0	2126.0	224.0	78.0	53.0	41.0	1.0
2	8	7	-88.94791072433411	1.0	0.5019797624285086	22101.0	932.0	2164.0	86.0	41.0	819.0	1218.0	78.0	77.0	2126.0	53.0	39.0	224.0	41.0	1.0
7	2	8	-0.7016049049246342	0.7585372730647127	1.0080142475512022	22101.0	2164.0	819.0	77.0	39.0	932.0	86.0	41.0	1218.0	2126.0	224.0	78.0	41.0	53.0	1.0
2	7	9	1.2597909070630307	0.10387246916930892	0.99241097489784	22710.0	1555.0	960.0	60.0	39.0	855.0	47.0	33.0	1747.0	1645.0	176.0	102.0	44.0	26.0	1.0
2	9	7	-163.48209693964088	1.0	0.5019191024505462	22710.0	960.0	1555.0	60.0	39.0	855.0	1747.0	102.0	47.0	1645.0	44.0	33.0	176.0	26.0	1.0
7	2	9	-1.2501572118913724	0.8943788695768013	1.0077658303464756	22710.0	1555.0	855.0	47.0	33.0	960.0	60.0	39.0	1747.0	1645.0	176.0	102.0	26.0	44.0	1.0
2	8	9	1.0843325602149936	0.13910872641614513	0.9654510556621881	21594.0	1439.0	2076.0	151.0	64.0	1915.0	133.0	67.0	636.0	1527.0	93.0	153.0	76.0	67.0	9.0
2	9	8	-29.2167384280151	1.0	0.5091093117408908	21594.0	2076.0	1439.0	151.0	64.0	1915.0	636.0	153.0	133.0	1527.0	76.0	67.0	93.0	67.0	9.0
8	2	9	-1.0455294069667433	0.8521107948859259	1.0385438972162742	21594.0	1439.0	1915.0	133.0	67.0	2076.0	151.0	64.0	636.0	1527.0	93.0	153.0	67.0	76.0	9.0
3	4	5	-0.9935255102817349	0.8397730301614211	1.0045351473922903	24109.0	1075.0	90.0	6.0	5.0	90.0	10.0	5.0	896.0	3537.0	154.0	6.0	10.0	7.0	0.0
3	5	4	-221.0594260376858	1.0	0.4988738738738739	24109.0	90.0	1075.0	6.0	5.0	90.0	896.0	6.0	10.0	3537.0	10.0	5.0	154.0	7.0	0.0
4	3	5	0.998010952766077	0.15913703291767056	0.9955257270693513	24109.0	1075.0	90.0	10.0	5.0	90.0	6.0	5.0	896.0	3537.0	154.0	6.0	7.0	10.0	0.0
3	4	6	-0.9934715727671486	0.8397598940316767	1.0046082949308757	24146.0	1038.0	93.0	6.0	2.0	94.0	10.0	1.0	882.0	3530.0	175.0	6.0	9.0	8.0	0.0
3	6	4	-217.5702744360053	1.0	0.4988558352402746	24146.0	93.0	1038.0	6.0	2.0	94.0	882.0	6.0	10.0	3530.0	9.0	1.0	175.0	8.0	0.0
4	3	6	0.9980287818165392	0.15913271027382891	0.9954545454545455	24146.0	1038.0	94.0	10.0	1.0	93.0	6.0	2.0	882.0	3530.0	175.0	6.0	8.0	9.0	0.0
3	4	7	-0.9934558429072042	0.839756062994345	1.0046296296296295	24130.0	1054.0	92.0	6.0	3.0	94.0	10.0	1.0	878.0	3531.0	178.0	6.0	10.0	7.0	0.0
3	7	4	-216.5733737537721	1.0	0.49885057471264366	24130.0	92.0	1054.0	6.0	3.0	94.0	878.0	6.0	10.0	3531.0	10.0	1.0	178.0	7.0	0.0
4	3	7	0.9980339804321219	0.1591314498867178	0.9954337899543378	24130.0	1054.0	94.0	10.0	1.0	92.0	6.0	3.0	878.0	3531.0	178.0	6.0	7.0	10.0	0.0
3	4	8	-0.42518787052946394	0.6646500992552402	1.0009871668311945	22916.0	2268.0	86.0	10.0	5.0	90.0	12.0	3.0	2040.0	2236.0	311.0	16.0	4.0	3.0	0.0
3	8	4	-431.5656885874084	1.0	0.4997535731887629	22916.0	86.0	2268.0	10.0	5.0	90.0	2040.0	16.0	12.0	2236.0	4.0	3.0	311.0	3.0	0.0
4	3	8	0.4256071879560216	0.3351970885825519	0.9990157480314961	22916.0	2268.0	90.0	12.0	3.0	86.0	10.0	5.0	2040.0	2236.0	311.0	16.0	3.0	4.0	0.0
3	4	9	-1.7209576052100959	0.9573707762715131	1.0022918258212377	23537.0	1647.0	93.0	3.0	5.0	95.0	9.0	1.0	2633.0	1717.0	237.0	16.0	4.0	3.0	0.0
3	9	4	-754.3530836171219	1.0	0.49942900647126	23537.0	93.0	1647.0	3.0	5.0	95.0	2633.0	16.0	9.0	1717.0	4.0	1.0	237.0	3.0	0.0
4	3	9	1.724892721685424	0.04227336788528535	0.9977238239757208	23537.0	1647.0	95.0	9.0	1.0	93.0	3.0	5.0	2633.0	1717.0	237.0	16.0	3.0	4.0	0.0
3	5	6	-99999.9	1.0	-0.23076923076923078	23284.0	915.0	955.0	109.0	22.0	874.0	93.0	25.0	90.0	3393.0	74.0	18.0	63.0	83.0	2.0
3	6	5	0.23744785788820147	0.40615473187376805	0.13636363636363635	23284.0	955.0	915.0	109.0	22.0	874.0	90.0	18.0	93.0	3393.0	63.0	25.0	74.0	83.0	2.0
5	3	6	-1.2663885754037372	0.8973129316581505	0.5428571428571428	23284.0	915.0	874.0	93.0	25.0	955.0	109.0	22.0	90.0	3393.0	74.0	18.0	83.0	63.0	2.0
3	5	7	-99999.9	1.0	-0.875	23265.0	934.0	957.0	105.0	24.0	876.0	90.0	26.0	83.0	3398.0	76.0	19.0	63.0	82.0	2.0
3	7	5	0.5931070830875987	0.2765546997738286	0.2413793103448276	23265.0	957.0	934.0	105.0	24.0	876.0	83.0	19.0	90.0	3398.0	63.0	26.0	76.0	82.0	2.0
5	3	7	-1.2709437494734266	0.8981256008434124	0.5945945945945945	23265.0	934.0	876.0	90.0	26.0	957.0	105.0	24.0	83.0	3398.0	76.0	19.0	82.0	63.0	2.0
3	5	8	1.1265846248655047	0.12995912269213217	0.986050566695728	22070.0	2129.0	932.0	110.0	44.0	854.0	94.0	44.0	1225.0	2109.0	223.0	67.0	49.0	49.0	1.0
3	8	5	-78.50886604531478	1.0	0.5035618878005343	22070.0	932.0	2129.0	110.0	44.0	854.0	1225.0	67.0	94.0	2109.0	49.0	44.0	223.0	49.0	1.0
5	3	8	-1.1106470881742154	0.8666398098955181	1.0145586897179253	22070.0	2129.0	854.0	94.0	44.0	932.0	110.0	44.0	1225.0	2109.0	223.0	67.0	49.0	49.0	1.0
3	5	9	0.6871683837191228	0.2459882446583419	0.9952996474735605	22642.0	1557.0	988.0	72.0	26.0	902.0	64.0	26.0	1758.0	1626.0	173.0	84.0	40.0	38.0	4.0
3	9	5	-144.8207368688052	1.0	0.5011834319526627	22642.0	988.0	1557.0	72.0	26.0	902.0	1758.0	84.0	64.0	1626.0	40.0	26.0	173.0	38.0	4.0
5	3	9	-0.6839231965468956	0.7529882349355919	1.0047675804529201	22642.0	1557.0	902.0	64.0	26.0	988.0	72.0	26.0	1758.0	1626.0	173.0	84.0	38.0	40.0	4.0
3	6	7	-99999.9	1.0	-0.003947368421052631	23980.0	259.0	242.0	793.0	11.0	946.0	30.0	6.0	27.0	3499.0	23.0	5.0	22.0	156.0	1.0
3	7	6	0.3977062837866473	0.34542340266708715	0.0039011703511053313	23980.0	242.0	259.0	793.0	11.0	946.0	27.0	5.0	30.0	3499.0	22.0	6.0	23.0	156.0	1.0
6	3	7	-101.14996484307068	1.0	0.5009810333551341	23980.0	259.0	946.0	30.0	6.0	242.0	793.0	11.0	27.0	3499.0	23.0	5.0	156.0	22.0	1.0
3	6	8	0.22445734136093495	0.41120076990668	0.9973333333333333	22085.0	2154.0	917.0	91.0	38.0	854.0	88.0	40.0	1210.0	2115.0	224.0	82.0	49.0	52.0	1.0
3	8	6	-83.7225883276289	1.0	0.5006693440428379	22085.0	917.0	2154.0	91.0	38.0	854.0	1210.0	82.0	88.0	2115.0	49.0	40.0	224.0	52.0	1.0
6	3	8	-0.22385718804178809	0.5885657441694744	1.0026881720430108	22085.0	2154.0	854.0	88.0	40.0	917.0	91.0	38.0	1210.0	2115.0	224.0	82.0	52.0	49.0	1.0
3	6	9	0.7254797310576357	0.2340788182127601	0.9952746603662138	22677.0	1562.0	953.0	65.0	28.0	898.0	57.0	27.0	1742.0	1634.0	173.0	104.0	39.0	39.0	2.0
3	9	6	-152.07868862295683	1.0	0.501189767995241	22677.0	953.0	1562.0	65.0	28.0	898.0	1742.0	104.0	57.0	1634.0	39.0	27.0	173.0	39.0	2.0
6	3	9	-0.7220353169042464	0.7648636871822698	1.0047932893948472	22677.0	1562.0	898.0	57.0	27.0	953.0	65.0	28.0	1742.0	1634.0	173.0	104.0	39.0	39.0	2.0
3	7	8	0.22571876010571343	0.4107101253824209	0.9973544973544973	22069.0	2153.0	933.0	90.0	40.0	851.0	87.0	40.0	1218.0	2110.0	223.0	77.0	55.0	53.0	1.0
3	8	7	-84.87025379974838	1.0	0.50066401062417	22069.0	933.0	2153.0	90.0	40.0	851.0	1218.0	77.0	87.0	2110.0	55.0	40.0	223.0	53.0	1.0
7	3	8	-0.22512003660410676	0.5890570110264512	1.0026666666666666	22069.0	2153.0	851.0	87.0	40.0	933.0	90.0	40.0	1218.0	2110.0	223.0	77.0	53.0	55.0	1.0
3	7	9	0.7314863169399556	0.23224101047526347	0.9952913478516775	22669.0	1553.0	961.0	64.0	38.0	896.0	56.0	26.0	1747.0	1629.0	175.0	101.0	45.0	38.0	2.0
3	9	7	-153.88643392624317	1.0	0.5011855364552461	22669.0	961.0	1553.0	64.0	38.0	896.0	1747.0	101.0	56.0	1629.0	45.0	26.0	175.0	38.0	2.0
7	3	9	-0.7280257075162302	0.766701144432679	1.0047761194029852	22669.0	1553.0	896.0	56.0	26.0	961.0	64.0	38.0	1747.0	1629.0	175.0	101.0	38.0	45.0	2.0
3	8	9	0.8265225748521949	0.20425380533164839	0.9729206963249516	21563.0	1439.0	2067.0	154.0	62.0	1946.0	140.0	60.0	643.0	1514.0	95.0	155.0	76.0	77.0	9.0
3	9	8	-28.869252793051633	1.0	0.5070564516129032	21563.0	2067.0	1439.0	154.0	62.0	1946.0	643.0	155.0	140.0	1514.0	76.0	60.0	95.0	77.0	9.0
8	3	9	-0.8035179703831477	0.7891623520736528	1.0294736842105263	21563.0	1439.0	1946.0	140.0	60.0	2067.0	154.0	62.0	643.0	1514.0	95.0	155.0	77.0	76.0	9.0
4	5	6	-99999.9	1.0	-0.26666666666666666	23282.0	917.0	958.0	111.0	21.0	876.0	92.0	24.0	88.0	3388.0	74.0	17.0	64.0	86.0	2.0
4	6	5	0.3207750654399607	0.3741904970867259	0.14814814814814817	23282.0	958.0	917.0	111.0	21.0	876.0	88.0	17.0	92.0	3388.0	64.0	24.0	74.0	86.0	2.0
5	4	6	-1.5236815608398178	0.9362058382851159	0.5476190476190477	23282.0	917.0	876.0	92.0	24.0	958.0	111.0	21.0	88.0	3388.0	74.0	17.0	86.0	64.0	2.0
4	5	7	-99999.9	1.0	-0.7999999999999999	23264.0	935.0	960.0	107.0	23.0	877.0	89.0	26.0	81.0	3392.0	77.0	18.0	63.0	86.0	2.0
4	7	5	0.6809278574722479	0.2479585027226775	0.23529411764705882	23264.0	960.0	935.0	107.0	23.0	877.0	81.0	18.0	89.0	3392.0	63.0	26.0	77.0	86.0	2.0
5	4	7	-1.5320876793125564	0.9372495798531439	0.5909090909090908	23264.0	935.0	877.0	89.0	26.0	960.0	107.0	23.0	81.0	3392.0	77.0	18.0	86.0	63.0	2.0
4	5	8	1.2620054518127628	0.10347348108547116	0.9842931937172775	22073.0	2126.0	933.0	112.0	45.0	851.0	94.0	47.0	1222.0	2106.0	222.0	69.0	49.0	50.0	1.0
4	8	5	-77.82366952845373	1.0	0.5040214477211796	22073.0	933.0	2126.0	112.0	45.0	851.0	1222.0	69.0	94.0	2106.0	49.0	47.0	222.0	50.0	1.0
5	4	8	-1.24186706694341	0.8928571253771989	1.0164835164835164	22073.0	2126.0	851.0	94.0	47.0	933.0	112.0	45.0	1222.0	2106.0	222.0	69.0	50.0	49.0	1.0
4	5	9	1.2039700342733588	0.11430064566576381	0.9918032786885246	22643.0	1556.0	989.0	75.0	26.0	901.0	61.0	30.0	1755.0	1622.0	173.0	86.0	40.0	39.0	4.0
4	9	5	-144.47640411280327	1.0	0.5020746887966805	22643.0	989.0	1556.0	75.0	26.0	901.0	1755.0	86.0	61.0	1622.0	40.0	30.0	173.0	39.0	4.0
5	4	9	-1.194019868700852	0.8837648378960169	1.0084033613445378	22643.0	1556.0	901.0	61.0	30.0	989.0	75.0	26.0	1755.0	1622.0	173.0	86.0	39.0	40.0	4.0
4	6	7	-99999.9	1.0	-0.003931847968545216	23982.0	258.0	242.0	796.0	11.0	944.0	30.0	7.0	27.0	3493.0	24.0	5.0	21.0	159.0	1.0
4	7	6	0.39770357790192123	0.345424400077341	0.0038860103626943004	23982.0	242.0	258.0	796.0	11.0	944.0	27.0	5.0	30.0	3493.0	21.0	7.0	24.0	159.0	1.0
6	4	7	-101.5469802242904	1.0	0.5009771986970684	23982.0	258.0	944.0	30.0	7.0	242.0	796.0	11.0	27.0	3493.0	24.0	5.0	159.0	21.0	1.0
4	6	8	0.3723268607169602	0.354824810356716	0.9955555555555555	22088.0	2152.0	918.0	93.0	38.0	851.0	88.0	42.0	1208.0	2112.0	224.0	83.0	49.0	53.0	1.0
4	8	6	-83.02888993988212	1.0	0.5011185682326621	22088.0	918.0	2152.0	93.0	38.0	851.0	1208.0	83.0	88.0	2112.0	49.0	42.0	224.0	53.0	1.0
6	4	8	-0.37066468723161666	0.6445562925628713	1.0045045045045045	22088.0	2152.0	851.0	88.0	42.0	918.0	93.0	38.0	1208.0	2112.0	224.0	83.0	53.0	49.0	1.0
4	6	9	1.2710134428572712	0.10186200191987216	0.9917695473251029	22679.0	1561.0	953.0	68.0	28.0	896.0	54.0	31.0	1741.0	1630.0	173.0	105.0	39.0	40.0	2.0
4	9	6	-151.88610642144377	1.0	0.5020833333333333	22679.0	953.0	1561.0	68.0	28.0	896.0	1741.0	105.0	54.0	1630.0	39.0	31.0	173.0	40.0	2.0
6	4	9	-1.2604656134559657	0.8962492087343972	1.0084388185654007	22679.0	1561.0	896.0	54.0	31.0	953.0	68.0	28.0	1741.0	1630.0	173.0	105.0	40.0	39.0	2.0
4	7	8	0.3743945734404922	0.35405544854186344	0.9955830388692579	22073.0	2151.0	933.0	92.0	40.0	847.0	87.0	42.0	1214.0	2107.0	223.0	81.0	55.0	54.0	1.0
4	8	7	-84.0141422800465	1.0	0.5011116051578479	22073.0	933.0	2151.0	92.0	40.0	847.0	1214.0	81.0	87.0	2107.0	55.0	42.0	223.0	54.0	1.0
7	4	8	-0.3727335504882273	0.6453265591002884	1.0044762757385854	22073.0	2151.0	847.0	87.0	42.0	933.0	92.0	40.0	1214.0	2107.0	223.0	81.0	54.0	55.0	1.0
4	7	9	1.2815228335711237	0.10000511110313681	0.9917888563049854	22672.0	1552.0	960.0	67.0	38.0	893.0	53.0	30.0	1744.0	1625.0	175.0	105.0	45.0	39.0	2.0
4	9	7	-153.50812799276957	1.0	0.5020783847980997	22672.0	960.0	1552.0	67.0	38.0	893.0	1744.0	105.0	53.0	1625.0	45.0	30.0	175.0	39.0	2.0
7	4	9	-1.2709129461258275	0.8981201211155072	1.0084185207456404	22672.0	1552.0	893.0	53.0	30.0	960.0	67.0	38.0	1744.0	1625.0	175.0	105.0	39.0	45.0	2.0
4	8	9	1.2479539649862004	0.10602402659665067	0.9602272727272727	21568.0	1438.0	2064.0	157.0	62.0	1941.0	136.0	65.0	643.0	1511.0	95.0	158.0	76.0	77.0	9.0
4	9	8	-28.881220332537776	1.0	0.5105740181268883	21568.0	2064.0	1438.0	157.0	62.0	1941.0	643.0	158.0	136.0	1511.0	76.0	65.0	95.0	77.0	9.0
8	4	9	-1.196263564069612	0.8842030743187747	1.0451612903225806	21568.0	1438.0	1941.0	136.0	65.0	2064.0	157.0	62.0	643.0	1511.0	95.0	158.0	77.0	76.0	9.0
5	6	7	-99999.9	1.0	-0.0053619302949061655	23901.0	257.0	240.0	783.0	10.0	1025.0	33.0	5.0	29.0	3532.0	24.0	5.0	20.0	133.0	3.0
5	7	6	0.5087616247404484	0.3054596544668885	0.0052770448548812654	23901.0	240.0	257.0	783.0	10.0	1025.0	29.0	5.0	33.0	3532.0	20.0	5.0	24.0	133.0	3.0
6	5	7	-95.39280463883406	1.0	0.5013297872340425	23901.0	257.0	1025.0	33.0	5.0	240.0	783.0	10.0	29.0	3532.0	24.0	5.0	133.0	20.0	3.0
5	6	8	-0.5749980225817577	0.7173537210639345	1.0070859167404782	22018.0	2140.0	906.0	92.0	35.0	921.0	100.0	42.0	1237.0	2121.0	227.0	66.0	47.0	45.0	3.0
5	8	6	-82.29659198201419	1.0	0.4982471516213848	22018.0	906.0	2140.0	92.0	35.0	921.0	1237.0	66.0	100.0	2121.0	47.0	42.0	227.0	45.0	3.0
6	5	8	0.579043743057267	0.28127978902163897	0.9930615784908933	22018.0	2140.0	921.0	100.0	42.0	906.0	92.0	35.0	1237.0	2121.0	227.0	66.0	45.0	47.0	3.0
5	6	9	0.0	0.49999999949999996	nan	22605.0	1553.0	939.0	67.0	27.0	970.0	67.0	26.0	1781.0	1630.0	174.0	79.0	39.0	41.0	2.0
5	9	6	-148.0118301497566	1.0	0.5	22605.0	939.0	1553.0	67.0	27.0	970.0	1781.0	79.0	67.0	1630.0	39.0	26.0	174.0	41.0	2.0
6	5	9	0.0	0.49999999949999996	nan	22605.0	1553.0	970.0	67.0	26.0	939.0	67.0	27.0	1781.0	1630.0	174.0	79.0	41.0	39.0	2.0
5	7	8	-0.43859751645763906	0.6695233702693995	1.0052585451358458	21999.0	2142.0	925.0	90.0	35.0	921.0	96.0	42.0	1243.0	2117.0	225.0	60.0	55.0	46.0	4.0
5	8	7	-84.28382274594286	1.0	0.49869565217391304	21999.0	925.0	2142.0	90.0	35.0	921.0	1243.0	60.0	96.0	2117.0	55.0	42.0	225.0	46.0	4.0
7	5	8	0.44089183650885594	0.32964568207019695	0.994823123382226	21999.0	2142.0	921.0	96.0	42.0	925.0	90.0	35.0	1243.0	2117.0	225.0	60.0	46.0	55.0	4.0
5	7	9	0.08670324634348979	0.4654536337143853	0.9994186046511628	22597.0	1544.0	947.0	67.0	36.0	968.0	66.0	25.0	1785.0	1624.0	176.0	77.0	46.0	40.0	2.0
5	9	7	-148.95617721811462	1.0	0.5001454757055571	22597.0	947.0	1544.0	67.0	36.0	968.0	1785.0	77.0	66.0	1624.0	46.0	25.0	176.0	40.0	2.0
7	5	9	-0.08665280815480829	0.5345263198289827	1.0005824111822947	22597.0	1544.0	968.0	66.0	25.0	947.0	67.0	36.0	1785.0	1624.0	176.0	77.0	40.0	46.0	2.0
5	8	9	0.5245717966660757	0.2999404341038131	0.9831144465290806	21492.0	1432.0	2052.0	154.0	61.0	2017.0	145.0	62.0	669.0	1509.0	90.0	144.0	82.0	82.0	9.0
5	9	8	-30.017163920336543	1.0	0.5043310875842155	21492.0	2052.0	1432.0	154.0	61.0	2017.0	669.0	144.0	145.0	1509.0	82.0	62.0	90.0	82.0	9.0
8	5	9	-0.5155619757309712	0.6969198230349523	1.017786561264822	21492.0	1432.0	2017.0	145.0	62.0	2052.0	154.0	61.0	669.0	1509.0	90.0	144.0	82.0	82.0	9.0
6	7	8	0.13992596271467814	0.4443592177947939	0.9994788952579469	22683.0	2243.0	256.0	26.0	13.0	237.0	25.0	12.0	1943.0	2217.0	288.0	29.0	16.0	10.0	2.0
6	8	7	-268.2380705240383	1.0	0.5001303780964798	22683.0	256.0	2243.0	26.0	13.0	237.0	1943.0	29.0	25.0	2217.0	16.0	12.0	288.0	10.0	2.0
7	6	8	-0.139853008615244	0.5556119611791539	1.0005219206680585	22683.0	2243.0	237.0	25.0	12.0	256.0	26.0	13.0	1943.0	2217.0	288.0	29.0	10.0	16.0	2.0
6	7	9	0.14573805387915226	0.44206406870392945	0.9995988768551946	23317.0	1609.0	258.0	24.0	13.0	248.0	23.0	3.0	2515.0	1701.0	232.0	36.0	14.0	6.0	1.0
6	9	7	-363.03349221296935	1.0	0.5001003411599438	23317.0	258.0	1609.0	24.0	13.0	248.0	2515.0	36.0	23.0	1701.0	14.0	3.0	232.0	6.0	1.0
7	6	9	-0.14567957151403224	0.5579128466214516	1.0004016064257029	23317.0	1609.0	248.0	23.0	3.0	258.0	24.0	13.0	2515.0	1701.0	232.0	36.0	6.0	14.0	1.0
6	8	9	0.5336901584761913	0.29677794058573637	0.9825918762088974	21506.0	1433.0	2069.0	149.0	64.0	2003.0	140.0	66.0	648.0	1520.0	90.0	148.0	78.0	76.0	10.0
6	9	8	-29.590154342179936	1.0	0.5044687189672294	21506.0	2069.0	1433.0	149.0	64.0	2003.0	648.0	148.0	140.0	1520.0	78.0	66.0	90.0	76.0	10.0
8	6	9	-0.5242350178732665	0.6999424704021051	1.0183673469387755	21506.0	1433.0	2003.0	140.0	66.0	2069.0	149.0	64.0	648.0	1520.0	90.0	148.0	76.0	78.0	10.0
7	8	9	0.5355523481072517	0.2961339647751744	0.9825581395348837	21493.0	1427.0	2072.0	148.0	60.0	2016.0	139.0	73.0	646.0	1513.0	94.0	147.0	79.0	84.0	9.0
7	9	8	-29.633896595267924	1.0	0.5044776119402985	21493.0	2072.0	1427.0	148.0	60.0	2016.0	646.0	147.0	139.0	1513.0	79.0	73.0	94.0	84.0	9.0
8	7	9	-0.5260455016911466	0.700571718802012	1.01840490797546	21493.0	1427.0	2016.0	139.0	73.0	2072.0	148.0	60.0	646.0	1513.0	94.0	147.0	84.0	79.0	9.0
