P1	Hybrid	P2	Zscore	Pvalue	Gamma	AAAA	AAAB	AABA	AABB	AABC	ABAA	ABAB	ABAC	ABBA	BAAA	ABBC	CABC	BACA	BCAA	ABCD
1	2	3	-0.6008407402910714	0.726027015215986	1.049056603773585	36669.0	2395.0	2587.0	216.0	105.0	4237.0	229.0	141.0	507.0	2373.0	108.0	209.0	80.0	137.0	7.0
1	3	2	-13.449588878823224	1.0	0.4885764499121265	36669.0	2587.0	2395.0	216.0	105.0	4237.0	507.0	209.0	229.0	2373.0	80.0	141.0	108.0	137.0	7.0
2	1	3	0.6289376094413732	0.2646948941897511	0.9572368421052632	36669.0	2395.0	4237.0	229.0	141.0	2587.0	216.0	105.0	507.0	2373.0	108.0	209.0	137.0	80.0	7.0
1	2	4	-1.5605868275346784	0.9406893539527232	1.1184668989547037	36768.0	2296.0	2619.0	192.0	97.0	4234.0	226.0	147.0	547.0	2332.0	109.0	198.0	85.0	143.0	7.0
1	4	2	-16.294362463965026	1.0	0.47485207100591714	36768.0	2619.0	2296.0	192.0	97.0	4234.0	547.0	198.0	226.0	2332.0	85.0	147.0	109.0	143.0	7.0
2	1	4	1.7258826285819648	0.04218422915745168	0.9125964010282777	36768.0	2296.0	4234.0	226.0	147.0	2619.0	192.0	97.0	547.0	2332.0	109.0	198.0	143.0	85.0	7.0
1	2	5	-0.38836296274614446	0.6511262217005493	1.0238095238095237	36802.0	2262.0	2610.0	203.0	95.0	4236.0	211.0	160.0	555.0	2342.0	91.0	196.0	84.0	145.0	8.0
1	5	2	-17.087970360830397	1.0	0.4942528735632184	36802.0	2610.0	2262.0	203.0	95.0	4236.0	555.0	196.0	211.0	2342.0	84.0	160.0	91.0	145.0	8.0
2	1	5	0.39739465955419434	0.34553827684870275	0.9777777777777777	36802.0	2262.0	4236.0	211.0	160.0	2610.0	203.0	95.0	555.0	2342.0	91.0	196.0	145.0	84.0	8.0
1	2	6	-0.75222502535543	0.774042194424992	1.0484848484848486	36770.0	2294.0	2621.0	207.0	80.0	4230.0	223.0	154.0	569.0	2311.0	108.0	202.0	78.0	144.0	9.0
1	6	2	-17.019091198666597	1.0	0.4887005649717514	36770.0	2621.0	2294.0	207.0	80.0	4230.0	569.0	202.0	223.0	2311.0	78.0	154.0	108.0	144.0	9.0
2	1	6	0.7870099976262013	0.2156379441896964	0.9576719576719577	36770.0	2294.0	4230.0	223.0	154.0	2621.0	207.0	80.0	569.0	2311.0	108.0	202.0	144.0	78.0	9.0
1	2	7	0.19091924298011603	0.42429444966895935	0.9882005899705014	36689.0	2375.0	2603.0	224.0	81.0	4238.0	220.0	149.0	555.0	2342.0	91.0	194.0	82.0	144.0	13.0
1	7	2	-15.798567356604554	1.0	0.5030030030030029	36689.0	2603.0	2375.0	224.0	81.0	4238.0	555.0	194.0	220.0	2342.0	82.0	149.0	91.0	144.0	13.0
2	1	7	-0.18863961022811465	0.5748123412041233	1.0122324159021407	36689.0	2375.0	4238.0	220.0	149.0	2603.0	224.0	81.0	555.0	2342.0	91.0	194.0	144.0	82.0	13.0
1	2	8	-0.7899268089251534	0.7852148052302836	1.0555555555555556	36696.0	2368.0	2614.0	210.0	84.0	4227.0	227.0	153.0	550.0	2344.0	94.0	196.0	84.0	141.0	12.0
1	8	2	-15.798536178503065	1.0	0.48717948717948717	36696.0	2614.0	2368.0	210.0	84.0	4227.0	550.0	196.0	227.0	2344.0	84.0	153.0	94.0	141.0	12.0
2	1	8	0.8315019041317404	0.20284502444108132	0.9523809523809523	36696.0	2368.0	4227.0	227.0	153.0	2614.0	210.0	84.0	550.0	2344.0	94.0	196.0	141.0	84.0	12.0
1	2	9	-0.6004301416461836	0.7258902456828138	1.0128354725787632	37288.0	1776.0	2679.0	160.0	69.0	4328.0	171.0	108.0	1039.0	1851.0	98.0	249.0	64.0	114.0	6.0
1	9	2	-47.97982677336318	1.0	0.4968517458500286	37288.0	2679.0	1776.0	160.0	69.0	4328.0	1039.0	249.0	171.0	1851.0	64.0	108.0	98.0	114.0	6.0
2	1	9	0.6080392793859395	0.27158066054996355	0.9876404494382023	37288.0	1776.0	4328.0	171.0	108.0	2679.0	160.0	69.0	1039.0	1851.0	98.0	249.0	114.0	64.0	6.0
1	3	4	-1.024626609074041	0.8472302786704449	-37.99999999999997	36942.0	2314.0	2445.0	196.0	75.0	4550.0	235.0	168.0	273.0	2319.0	90.0	156.0	89.0	139.0	9.0
1	4	3	-2.0229807409923373	0.9784625017737185	0.3304347826086957	36942.0	2445.0	2314.0	196.0	75.0	4550.0	273.0	156.0	235.0	2319.0	89.0	168.0	90.0	139.0	9.0
3	1	4	2.0762170762816092	0.018936874484449917	0.6637931034482759	36942.0	2314.0	4550.0	235.0	168.0	2445.0	196.0	75.0	273.0	2319.0	90.0	156.0	139.0	89.0	9.0
1	3	5	-1.0217304376106824	0.8465457313843024	2.428571428571429	36974.0	2282.0	2438.0	196.0	82.0	4555.0	226.0	172.0	277.0	2328.0	77.0	155.0	83.0	145.0	10.0
1	5	3	-2.7586721815488437	0.9970981074740753	0.38636363636363635	36974.0	2438.0	2282.0	196.0	82.0	4555.0	277.0	155.0	226.0	2328.0	83.0	172.0	77.0	145.0	10.0
3	1	5	1.6227483420875544	0.0523215990482061	0.7297297297297297	36974.0	2282.0	4555.0	226.0	172.0	2438.0	196.0	82.0	277.0	2328.0	77.0	155.0	145.0	83.0	10.0
1	3	6	-0.6480954081547211	0.741538440019875	1.4	36960.0	2296.0	2431.0	211.0	74.0	4563.0	227.0	163.0	283.0	2300.0	99.0	155.0	85.0	147.0	6.0
1	6	3	-2.916429336696246	0.9982296178508283	0.43750000000000006	36960.0	2431.0	2296.0	211.0	74.0	4563.0	283.0	155.0	227.0	2300.0	85.0	163.0	99.0	147.0	6.0
3	1	6	0.8332655247703558	0.20234744598150334	0.8181818181818182	36960.0	2296.0	4563.0	227.0	163.0	2431.0	211.0	74.0	283.0	2300.0	99.0	155.0	147.0	85.0	6.0
1	3	7	-0.3783637339526925	0.6474197399410897	1.25	36882.0	2374.0	2410.0	222.0	84.0	4555.0	231.0	167.0	276.0	2328.0	78.0	156.0	85.0	143.0	9.0
1	7	3	-2.2701824037161593	0.9884017756334011	0.45454545454545453	36882.0	2410.0	2374.0	222.0	84.0	4555.0	276.0	156.0	231.0	2328.0	85.0	167.0	78.0	143.0	9.0
3	1	7	0.4540364807432309	0.32490130826088137	0.8571428571428571	36882.0	2374.0	4555.0	231.0	167.0	2410.0	222.0	84.0	276.0	2328.0	78.0	156.0	143.0	85.0	9.0
1	3	8	-0.702024160739423	0.7586680209685477	7.2500000000000036	36886.0	2370.0	2424.0	219.0	73.0	4543.0	244.0	166.0	273.0	2326.0	83.0	157.0	85.0	141.0	10.0
1	8	3	-1.516372187197155	0.935287341185661	0.3493975903614458	36886.0	2424.0	2370.0	219.0	73.0	4543.0	273.0	157.0	244.0	2326.0	85.0	166.0	83.0	141.0	10.0
3	1	8	1.3072174027561654	0.09556951076068132	0.6835443037974683	36886.0	2370.0	4543.0	244.0	166.0	2424.0	219.0	73.0	273.0	2326.0	83.0	157.0	141.0	85.0	10.0
1	3	9	-0.31986329645570927	0.6254639499260786	1.0104529616724738	37495.0	1761.0	2472.0	171.0	73.0	4651.0	177.0	125.0	757.0	1844.0	81.0	208.0	65.0	114.0	6.0
1	9	3	-31.23998195384097	1.0	0.49742710120068606	37495.0	2472.0	1761.0	171.0	73.0	4651.0	757.0	208.0	177.0	1844.0	65.0	125.0	81.0	114.0	6.0
3	1	9	0.32317222710869936	0.3732824751478354	0.9898648648648649	37495.0	1761.0	4651.0	177.0	125.0	2472.0	171.0	73.0	757.0	1844.0	81.0	208.0	114.0	65.0	6.0
1	4	5	1.3890858544043458	0.08240337901662609	0.0070600100857286935	38874.0	513.0	538.0	2013.0	34.0	4901.0	44.0	34.0	58.0	2567.0	18.0	28.0	26.0	349.0	3.0
1	5	4	-99999.9	1.0	-0.0072127769191138585	38874.0	538.0	513.0	2013.0	34.0	4901.0	58.0	28.0	44.0	2567.0	26.0	34.0	18.0	349.0	3.0
4	1	5	-193.97591752574974	1.0	0.4982161060142712	38874.0	513.0	4901.0	44.0	34.0	538.0	2013.0	34.0	58.0	2567.0	18.0	28.0	349.0	26.0	3.0
1	4	6	1.2326611837094985	0.10885116751361845	0.026894865525672374	37823.0	1564.0	1568.0	948.0	69.0	4721.0	152.0	106.0	174.0	2398.0	71.0	106.0	62.0	227.0	11.0
1	6	4	-99999.9	1.0	-0.02925531914893617	37823.0	1568.0	1564.0	948.0	69.0	4721.0	174.0	106.0	152.0	2398.0	62.0	106.0	71.0	227.0	11.0
4	1	6	-43.36726164505236	1.0	0.4929936305732484	37823.0	1564.0	4721.0	152.0	106.0	1568.0	948.0	69.0	174.0	2398.0	71.0	106.0	227.0	62.0	11.0
1	4	7	0.5786875296509345	0.28139997615587287	0.012360939431396786	37750.0	1637.0	1542.0	945.0	98.0	4719.0	146.0	114.0	156.0	2435.0	52.0	112.0	63.0	225.0	6.0
1	7	4	-99999.9	1.0	-0.012836970474967908	37750.0	1542.0	1637.0	945.0	98.0	4719.0	156.0	112.0	146.0	2435.0	63.0	114.0	52.0	225.0	6.0
4	1	7	-45.65844608945882	1.0	0.4968513853904282	37750.0	1637.0	4719.0	146.0	114.0	1542.0	945.0	98.0	156.0	2435.0	52.0	112.0	225.0	63.0	6.0
1	4	8	-99999.9	1.0	-0.005115089514066497	37760.0	1627.0	1550.0	945.0	90.0	4707.0	159.0	113.0	155.0	2433.0	55.0	111.0	63.0	225.0	7.0
1	8	4	0.2262531469383012	0.41050231104635415	0.005037783375314861	37760.0	1550.0	1627.0	945.0	90.0	4707.0	155.0	111.0	159.0	2433.0	63.0	113.0	55.0	225.0	7.0
4	1	8	-44.45874337337607	1.0	0.501269035532995	37760.0	1627.0	4707.0	159.0	113.0	1550.0	945.0	90.0	155.0	2433.0	55.0	111.0	225.0	63.0	7.0
1	4	9	-0.2710406294541725	0.6068200454810778	1.009242144177449	37612.0	1775.0	2355.0	166.0	64.0	4689.0	171.0	119.0	717.0	1845.0	81.0	210.0	70.0	120.0	6.0
1	9	4	-29.868677365849738	1.0	0.49772105742935274	37612.0	2355.0	1775.0	166.0	64.0	4689.0	717.0	210.0	171.0	1845.0	70.0	119.0	81.0	120.0	6.0
4	1	9	0.2735226865004562	0.39222579125829915	0.9910071942446043	37612.0	1775.0	4689.0	171.0	119.0	2355.0	166.0	64.0	717.0	1845.0	81.0	210.0	120.0	70.0	6.0
1	5	6	0.33348947523071126	0.3693824842075274	0.007653061224489796	37839.0	1573.0	1552.0	938.0	70.0	4723.0	160.0	104.0	166.0	2402.0	69.0	112.0	50.0	231.0	11.0
1	6	5	-99999.9	1.0	-0.007832898172323759	37839.0	1552.0	1573.0	938.0	70.0	4723.0	166.0	112.0	160.0	2402.0	50.0	104.0	69.0	231.0	11.0
5	1	6	-42.90897914635155	1.0	0.49806451612903224	37839.0	1573.0	4723.0	160.0	104.0	1552.0	938.0	70.0	166.0	2402.0	69.0	112.0	231.0	50.0	11.0
1	5	7	-99999.9	1.0	-0.007822685788787484	37752.0	1660.0	1540.0	927.0	93.0	4720.0	154.0	113.0	148.0	2439.0	50.0	119.0	51.0	229.0	5.0
1	7	5	0.34647763730453524	0.3644919596161086	0.007643312101910828	37752.0	1540.0	1660.0	927.0	93.0	4720.0	148.0	119.0	154.0	2439.0	51.0	113.0	50.0	229.0	5.0
5	1	7	-44.63786893940085	1.0	0.5019329896907216	37752.0	1660.0	4720.0	154.0	113.0	1540.0	927.0	93.0	148.0	2439.0	50.0	119.0	229.0	51.0	5.0
1	5	8	-99999.9	1.0	-0.025333333333333333	37768.0	1644.0	1542.0	934.0	84.0	4710.0	165.0	112.0	146.0	2440.0	51.0	117.0	50.0	230.0	7.0
1	8	5	1.088499216122726	0.13818743211225715	0.023543990086741018	37768.0	1542.0	1644.0	934.0	84.0	4710.0	146.0	117.0	165.0	2440.0	50.0	112.0	51.0	230.0	7.0
5	1	8	-44.05557353675668	1.0	0.5061014771997431	37768.0	1644.0	4710.0	165.0	112.0	1542.0	934.0	84.0	146.0	2440.0	51.0	117.0	230.0	50.0	7.0
1	5	9	0.16147493103131325	0.43585967010063364	0.9943396226415094	37645.0	1767.0	2322.0	175.0	63.0	4698.0	172.0	117.0	699.0	1857.0	81.0	219.0	57.0	122.0	6.0
1	9	5	-28.2042879534693	1.0	0.5014272121788773	37645.0	2322.0	1767.0	175.0	63.0	4698.0	699.0	219.0	172.0	1857.0	57.0	117.0	81.0	122.0	6.0
5	1	9	-0.1605557189002052	0.5637783411428741	1.0057581573896353	37645.0	1767.0	4698.0	172.0	117.0	2322.0	175.0	63.0	699.0	1857.0	81.0	219.0	122.0	57.0	6.0
1	6	7	-99999.9	1.0	-0.013173652694610778	37798.0	1593.0	1494.0	1007.0	80.0	4732.0	161.0	108.0	150.0	2415.0	47.0	105.0	68.0	237.0	5.0
1	7	6	0.6273550716857227	0.2652131989193175	0.012672811059907833	37798.0	1494.0	1593.0	1007.0	80.0	4732.0	150.0	105.0	161.0	2415.0	68.0	108.0	47.0	237.0	5.0
6	1	7	-48.249308240556466	1.0	0.5032295948326483	37798.0	1593.0	4732.0	161.0	108.0	1494.0	1007.0	80.0	150.0	2415.0	47.0	105.0	237.0	68.0	5.0
1	6	8	-99999.9	1.0	-0.03341584158415842	37808.0	1583.0	1502.0	1005.0	74.0	4723.0	170.0	108.0	143.0	2419.0	50.0	107.0	66.0	236.0	6.0
1	8	6	1.5453442311393502	0.06113152734695482	0.030371203599550055	37808.0	1502.0	1583.0	1005.0	74.0	4723.0	143.0	107.0	170.0	2419.0	66.0	108.0	50.0	236.0	6.0
6	1	8	-47.79120122227249	1.0	0.5079552150854448	37808.0	1583.0	4723.0	170.0	108.0	1502.0	1005.0	74.0	143.0	2419.0	50.0	107.0	236.0	66.0	6.0
1	6	9	-1.5714265212884917	0.9419581868291182	1.0613496932515338	37612.0	1779.0	2355.0	155.0	71.0	4699.0	185.0	117.0	704.0	1832.0	76.0	213.0	69.0	126.0	7.0
1	9	6	-28.757105339579375	1.0	0.4859550561797753	37612.0	2355.0	1779.0	155.0	71.0	4699.0	704.0	213.0	185.0	1832.0	69.0	117.0	76.0	126.0	7.0
6	1	9	1.662260424253144	0.048230265681604045	0.9481865284974094	37612.0	1779.0	4699.0	185.0	117.0	2355.0	155.0	71.0	704.0	1832.0	76.0	213.0	126.0	69.0	7.0
1	7	8	-99999.9	1.0	-0.007180469123982767	38822.0	470.0	488.0	2156.0	36.0	4900.0	52.0	35.0	37.0	2591.0	16.0	36.0	12.0	347.0	2.0
1	8	7	1.5928148780539535	0.05560086503172701	0.007029053420805998	38822.0	488.0	470.0	2156.0	36.0	4900.0	37.0	36.0	52.0	2591.0	12.0	35.0	16.0	347.0	2.0
7	1	8	-223.41883356170038	1.0	0.5017759886336728	38822.0	470.0	4900.0	52.0	35.0	488.0	2156.0	36.0	37.0	2591.0	16.0	36.0	347.0	12.0	2.0
1	7	9	-0.21543954553993272	0.5852876437640335	1.0074906367041199	37525.0	1767.0	2442.0	169.0	69.0	4697.0	173.0	117.0	711.0	1851.0	82.0	208.0	62.0	120.0	7.0
1	9	7	-29.192058420660953	1.0	0.4981481481481481	37525.0	2442.0	1767.0	169.0	69.0	4697.0	711.0	208.0	173.0	1851.0	62.0	117.0	82.0	120.0	7.0
7	1	9	0.21704132654766453	0.4140881061148419	0.9926739926739927	37525.0	1767.0	4697.0	173.0	117.0	2442.0	169.0	69.0	711.0	1851.0	82.0	208.0	120.0	62.0	7.0
1	8	9	-0.48888161170129335	0.6875372380589525	1.0165441176470589	37535.0	1775.0	2432.0	162.0	68.0	4686.0	171.0	116.0	724.0	1852.0	79.0	206.0	63.0	121.0	10.0
1	9	8	-30.527940641791858	1.0	0.4959641255605381	37535.0	2432.0	1775.0	162.0	68.0	4686.0	724.0	206.0	171.0	1852.0	63.0	116.0	79.0	121.0	10.0
8	1	9	0.49683809362771586	0.3096516151401334	0.9842381786339754	37535.0	1775.0	4686.0	171.0	116.0	2432.0	162.0	68.0	724.0	1852.0	79.0	206.0	121.0	63.0	10.0
2	3	4	-0.7062292480159165	0.7599772770123764	1.4285714285714286	38464.0	2442.0	2538.0	151.0	76.0	3028.0	166.0	109.0	216.0	2415.0	95.0	120.0	86.0	88.0	6.0
2	4	3	-3.060326741402305	0.9988944528869466	0.4347826086956522	38464.0	2538.0	2442.0	151.0	76.0	3028.0	216.0	120.0	166.0	2415.0	86.0	109.0	95.0	88.0	6.0
3	2	4	0.9180980224206915	0.17928375270992858	0.8125	38464.0	2442.0	3028.0	166.0	109.0	2538.0	151.0	76.0	216.0	2415.0	95.0	120.0	88.0	86.0	6.0
2	3	5	-0.932940371769238	0.8245746384431043	2.3333333333333335	38508.0	2398.0	2530.0	153.0	82.0	3021.0	177.0	105.0	219.0	2428.0	79.0	121.0	85.0	88.0	6.0
2	5	3	-2.565586022365405	0.9948498884024853	0.3888888888888889	38508.0	2530.0	2398.0	153.0	82.0	3021.0	219.0	121.0	177.0	2428.0	85.0	105.0	79.0	88.0	6.0
3	2	5	1.4660491556373736	0.07131748697424511	0.7333333333333333	38508.0	2398.0	3021.0	177.0	105.0	2530.0	153.0	82.0	219.0	2428.0	79.0	121.0	88.0	85.0	6.0
2	3	6	-0.25393165879237195	0.6002257653029138	1.108695652173913	38483.0	2423.0	2517.0	172.0	76.0	3040.0	177.0	86.0	228.0	2399.0	99.0	124.0	86.0	87.0	3.0
2	6	3	-2.844034578474558	0.9977726255099083	0.4766355140186916	38483.0	2517.0	2423.0	172.0	76.0	3040.0	228.0	124.0	177.0	2399.0	86.0	86.0	99.0	87.0	3.0
3	2	6	0.27882691945829086	0.3901888921064103	0.9180327868852459	38483.0	2423.0	3040.0	177.0	86.0	2517.0	172.0	76.0	228.0	2399.0	99.0	124.0	87.0	86.0	3.0
2	3	7	-0.5747474876879042	0.7172689951437992	3.428571428571428	38429.0	2477.0	2498.0	182.0	85.0	3008.0	199.0	96.0	223.0	2425.0	78.0	121.0	86.0	86.0	7.0
2	7	3	-1.38615570560024	0.917150260989298	0.3692307692307692	38429.0	2498.0	2477.0	182.0	85.0	3008.0	223.0	121.0	199.0	2425.0	86.0	96.0	78.0	86.0	7.0
3	2	7	0.9818602914668358	0.1630843430864377	0.7068965517241379	38429.0	2477.0	3008.0	199.0	96.0	2498.0	182.0	85.0	223.0	2425.0	78.0	121.0	86.0	86.0	7.0
2	3	8	-0.4003005526694522	0.6555323703918656	1.375	38416.0	2490.0	2507.0	181.0	77.0	3013.0	190.0	100.0	223.0	2419.0	84.0	124.0	86.0	86.0	4.0
2	8	3	-1.8680692457907773	0.969123852875478	0.44	38416.0	2507.0	2490.0	181.0	77.0	3013.0	223.0	124.0	190.0	2419.0	86.0	100.0	84.0	86.0	4.0
3	2	8	0.5094734306702118	0.305210202110496	0.8235294117647058	38416.0	2490.0	3013.0	190.0	100.0	2507.0	181.0	77.0	223.0	2419.0	84.0	124.0	86.0	86.0	4.0
2	3	9	-0.18039039605253748	0.5715769440521087	1.0052539404553416	39057.0	1849.0	2559.0	136.0	70.0	3089.0	139.0	75.0	713.0	1924.0	89.0	165.0	62.0	69.0	4.0
2	9	3	-34.695086174104866	1.0	0.49869678540399653	39057.0	2559.0	1849.0	136.0	70.0	3089.0	713.0	165.0	139.0	1924.0	62.0	75.0	89.0	69.0	4.0
3	2	9	0.18133320300054726	0.42805303287911145	0.9948275862068966	39057.0	1849.0	3089.0	139.0	75.0	2559.0	136.0	70.0	713.0	1924.0	89.0	165.0	69.0	62.0	4.0
2	4	5	-99999.9	1.0	-0.003972194637537239	40468.0	534.0	570.0	2061.0	38.0	3307.0	39.0	18.0	31.0	2623.0	13.0	23.0	28.0	245.0	2.0
2	5	4	0.9569503790829283	0.1692961435226361	0.003925417075564278	40468.0	570.0	534.0	2061.0	38.0	3307.0	31.0	23.0	39.0	2623.0	28.0	18.0	13.0	245.0	2.0
4	2	5	-241.86920831321083	1.0	0.5009871668311945	40468.0	534.0	3307.0	39.0	18.0	570.0	2061.0	38.0	31.0	2623.0	13.0	23.0	245.0	28.0	2.0
2	4	6	-99999.9	1.0	-0.0024067388688327317	39348.0	1654.0	1652.0	946.0	71.0	3196.0	113.0	55.0	111.0	2483.0	73.0	85.0	66.0	144.0	3.0
2	6	4	0.13375784439649793	0.44679699998558287	0.0023894862604540022	39348.0	1652.0	1654.0	946.0	71.0	3196.0	111.0	85.0	113.0	2483.0	66.0	55.0	73.0	144.0	3.0
4	2	6	-55.7101421911412	1.0	0.500599520383693	39348.0	1654.0	3196.0	113.0	55.0	1652.0	946.0	71.0	111.0	2483.0	73.0	85.0	144.0	66.0	3.0
2	4	7	-99999.9	1.0	-0.03802281368821293	39293.0	1709.0	1634.0	942.0	93.0	3176.0	123.0	65.0	93.0	2520.0	54.0	83.0	67.0	143.0	5.0
2	7	4	2.066183984512086	0.01940548956329813	0.034129692832764506	39293.0	1634.0	1709.0	942.0	93.0	3176.0	93.0	83.0	123.0	2520.0	67.0	65.0	54.0	143.0	5.0
4	2	7	-56.406822777179976	1.0	0.5089928057553957	39293.0	1709.0	3176.0	123.0	65.0	1634.0	942.0	93.0	93.0	2520.0	54.0	83.0	143.0	67.0	5.0
2	4	8	-99999.9	1.0	-0.02466091245376079	39284.0	1718.0	1639.0	947.0	83.0	3183.0	116.0	65.0	96.0	2511.0	60.0	81.0	68.0	145.0	4.0
2	8	4	1.3862126051715087	0.08284105401225983	0.022962112514351322	39284.0	1639.0	1718.0	947.0	83.0	3183.0	96.0	81.0	116.0	2511.0	68.0	65.0	60.0	145.0	4.0
4	2	8	-57.59713374487615	1.0	0.5059453032104637	39284.0	1718.0	3183.0	116.0	65.0	1639.0	947.0	83.0	96.0	2511.0	60.0	81.0	145.0	68.0	4.0
2	4	9	0.3784296105791702	0.3525557948014495	0.9887640449438202	39139.0	1863.0	2477.0	130.0	62.0	3162.0	124.0	78.0	652.0	1930.0	85.0	153.0	71.0	71.0	3.0
2	9	4	-32.92337612038783	1.0	0.5028571428571429	39139.0	2477.0	1863.0	130.0	62.0	3162.0	652.0	153.0	124.0	1930.0	71.0	78.0	85.0	71.0	3.0
4	2	9	-0.374129274095316	0.6458458711788904	1.0116279069767442	39139.0	1863.0	3162.0	124.0	78.0	2477.0	130.0	62.0	652.0	1930.0	85.0	153.0	71.0	71.0	3.0
2	5	6	0.32030646866898865	0.37436807882547396	0.006067961165048544	39375.0	1663.0	1625.0	939.0	69.0	3187.0	120.0	54.0	125.0	2489.0	76.0	80.0	53.0	143.0	2.0
2	6	5	-99999.9	1.0	-0.006180469715698392	39375.0	1625.0	1663.0	939.0	69.0	3187.0	125.0	80.0	120.0	2489.0	53.0	54.0	76.0	143.0	2.0
5	2	6	-52.145893099311444	1.0	0.4984690753214942	39375.0	1663.0	3187.0	120.0	54.0	1625.0	939.0	69.0	125.0	2489.0	76.0	80.0	143.0	53.0	2.0
2	5	7	-99999.9	1.0	-0.02979274611398964	39307.0	1731.0	1620.0	925.0	88.0	3165.0	130.0	66.0	107.0	2529.0	54.0	80.0	51.0	141.0	6.0
2	7	5	1.5103624246906622	0.06547551224736126	0.027348394768133177	39307.0	1620.0	1731.0	925.0	88.0	3165.0	107.0	80.0	130.0	2529.0	51.0	66.0	54.0	141.0	6.0
5	2	7	-52.20600554909028	1.0	0.5071295722256665	39307.0	1731.0	3165.0	130.0	66.0	1620.0	925.0	88.0	107.0	2529.0	54.0	80.0	141.0	51.0	6.0
2	5	8	-99999.9	1.0	-0.014906832298136646	39306.0	1732.0	1617.0	939.0	77.0	3172.0	122.0	67.0	110.0	2522.0	58.0	78.0	51.0	143.0	6.0
2	8	5	0.7927507355612472	0.2139614705792624	0.014268727705112961	39306.0	1617.0	1732.0	939.0	77.0	3172.0	110.0	78.0	122.0	2522.0	51.0	67.0	58.0	143.0	6.0
5	2	8	-53.973112579461564	1.0	0.5036452004860268	39306.0	1732.0	3172.0	122.0	67.0	1617.0	939.0	77.0	110.0	2522.0	58.0	78.0	143.0	51.0	6.0
2	5	9	0.9432870551787083	0.17276703515615277	0.9727272727272728	39180.0	1858.0	2436.0	137.0	60.0	3163.0	122.0	76.0	657.0	1946.0	87.0	147.0	57.0	71.0	3.0
2	9	5	-32.70061791286186	1.0	0.5071090047393365	39180.0	2436.0	1858.0	137.0	60.0	3163.0	657.0	147.0	122.0	1946.0	57.0	76.0	87.0	71.0	3.0
5	2	9	-0.9168397545662211	0.8203867142114747	1.0297029702970297	39180.0	1858.0	3163.0	122.0	76.0	2436.0	137.0	60.0	657.0	1946.0	87.0	147.0	71.0	57.0	3.0
2	6	7	-99999.9	1.0	-0.029411764705882353	39345.0	1655.0	1582.0	1010.0	79.0	3185.0	135.0	72.0	110.0	2504.0	48.0	57.0	71.0	145.0	2.0
2	7	6	1.6142462938679663	0.05323700236201334	0.02702702702702703	39345.0	1582.0	1655.0	1010.0	79.0	3185.0	110.0	57.0	135.0	2504.0	71.0	72.0	48.0	145.0	2.0
6	2	7	-56.498620285378806	1.0	0.5070422535211268	39345.0	1655.0	3185.0	135.0	72.0	1582.0	1010.0	79.0	110.0	2504.0	48.0	57.0	145.0	71.0	2.0
2	6	8	-99999.9	1.0	-0.02191464821222607	39337.0	1663.0	1586.0	1013.0	72.0	3194.0	127.0	71.0	108.0	2499.0	55.0	58.0	69.0	148.0	0.0
2	8	6	1.2499533686064166	0.10565835963361248	0.020562770562770564	39337.0	1586.0	1663.0	1013.0	72.0	3194.0	108.0	58.0	127.0	2499.0	69.0	71.0	55.0	148.0	0.0
6	2	8	-58.287299188699194	1.0	0.5053042992741485	39337.0	1663.0	3194.0	127.0	71.0	1586.0	1013.0	72.0	108.0	2499.0	55.0	58.0	148.0	69.0	0.0
2	6	9	-0.6113476093362135	0.7295153125530526	1.0193798449612403	39138.0	1862.0	2478.0	126.0	67.0	3173.0	136.0	83.0	662.0	1918.0	82.0	132.0	71.0	69.0	3.0
2	9	6	-32.76823186042094	1.0	0.49529190207156304	39138.0	2478.0	1862.0	126.0	67.0	3173.0	662.0	132.0	136.0	1918.0	71.0	83.0	82.0	69.0	3.0
6	2	9	0.6229701874604763	0.26665200105591147	0.9816849816849816	39138.0	1862.0	3173.0	136.0	83.0	2478.0	126.0	67.0	662.0	1918.0	82.0	132.0	69.0	71.0	3.0
2	7	8	1.1808693928452436	0.11882736815465322	0.005036630036630036	40425.0	502.0	498.0	2211.0	35.0	3297.0	38.0	17.0	49.0	2645.0	16.0	14.0	12.0	238.0	3.0
2	8	7	-99999.9	1.0	-0.005113900511390051	40425.0	498.0	502.0	2211.0	35.0	3297.0	49.0	14.0	38.0	2645.0	12.0	17.0	16.0	238.0	3.0
7	2	8	-232.09451157558394	1.0	0.4987312572087658	40425.0	502.0	3297.0	38.0	17.0	498.0	2211.0	35.0	49.0	2645.0	16.0	14.0	238.0	12.0	3.0
2	7	9	0.6948246867586192	0.24358251901044403	0.9808027923211169	39071.0	1856.0	2545.0	133.0	66.0	3151.0	122.0	79.0	684.0	1938.0	88.0	132.0	65.0	69.0	1.0
2	9	7	-34.80440021854534	1.0	0.504941599281222	39071.0	2545.0	1856.0	133.0	66.0	3151.0	684.0	132.0	122.0	1938.0	65.0	79.0	88.0	69.0	1.0
7	2	9	-0.681224915309607	0.7521354748495285	1.0203703703703704	39071.0	1856.0	3151.0	122.0	79.0	2545.0	133.0	66.0	684.0	1938.0	88.0	132.0	69.0	65.0	1.0
2	8	9	0.439164725928641	0.3302711220907678	0.9875	39065.0	1858.0	2551.0	132.0	65.0	3156.0	125.0	79.0	678.0	1932.0	85.0	133.0	68.0	71.0	2.0
2	9	8	-34.254848622433904	1.0	0.5031847133757962	39065.0	2551.0	1858.0	132.0	65.0	3156.0	678.0	133.0	125.0	1932.0	68.0	79.0	85.0	71.0	2.0
8	2	9	-0.4336056787649873	0.6677125610512614	1.0129870129870129	39065.0	1858.0	3156.0	125.0	79.0	2551.0	132.0	65.0	678.0	1932.0	85.0	133.0	71.0	68.0	2.0
3	4	5	0.272035418952262	0.39279745576999214	0.000964785335262904	40947.0	545.0	582.0	2097.0	38.0	2828.0	26.0	20.0	28.0	2615.0	11.0	14.0	28.0	217.0	4.0
3	5	4	-99999.9	1.0	-0.0009675858732462507	40947.0	582.0	545.0	2097.0	38.0	2828.0	28.0	14.0	26.0	2615.0	28.0	20.0	11.0	217.0	4.0
4	3	5	-281.4206409061151	1.0	0.4997584541062802	40947.0	545.0	2828.0	26.0	20.0	582.0	2097.0	38.0	28.0	2615.0	11.0	14.0	217.0	28.0	4.0
3	4	6	-99999.9	1.0	-0.0035842293906810036	39818.0	1674.0	1705.0	937.0	75.0	2726.0	97.0	51.0	94.0	2494.0	66.0	49.0	67.0	142.0	5.0
3	6	4	0.21738921349494184	0.41395255536536046	0.0035460992907801413	39818.0	1705.0	1674.0	937.0	75.0	2726.0	94.0	49.0	97.0	2494.0	67.0	51.0	66.0	142.0	5.0
4	3	6	-60.86897977858355	1.0	0.5008912655971479	39818.0	1674.0	2726.0	97.0	51.0	1705.0	937.0	75.0	94.0	2494.0	66.0	49.0	142.0	67.0	5.0
3	4	7	-99999.9	1.0	-0.028325123152709356	39757.0	1735.0	1680.0	941.0	96.0	2712.0	106.0	56.0	83.0	2521.0	50.0	47.0	66.0	143.0	7.0
3	7	4	1.6892443707243598	0.045586278039019934	0.026106696935300797	39757.0	1680.0	1735.0	941.0	96.0	2712.0	83.0	47.0	106.0	2521.0	66.0	56.0	50.0	143.0	7.0
4	3	7	-61.32691519803653	1.0	0.5067926757235677	39757.0	1735.0	2712.0	106.0	56.0	1680.0	941.0	96.0	83.0	2521.0	50.0	47.0	143.0	66.0	7.0
3	4	8	-99999.9	1.0	-0.028117359413202935	39740.0	1752.0	1689.0	944.0	84.0	2727.0	103.0	44.0	80.0	2517.0	57.0	47.0	66.0	142.0	8.0
3	8	4	1.7163997431197484	0.04304441807174009	0.02593010146561443	39740.0	1689.0	1752.0	944.0	84.0	2727.0	80.0	47.0	103.0	2517.0	66.0	44.0	57.0	142.0	8.0
4	3	8	-62.760529737552524	1.0	0.5067448680351906	39740.0	1752.0	2727.0	103.0	44.0	1689.0	944.0	84.0	80.0	2517.0	57.0	47.0	142.0	66.0	8.0
3	4	9	0.4481456310442136	0.32702407530622146	0.9866156787762906	39618.0	1874.0	2528.0	127.0	62.0	2683.0	120.0	71.0	636.0	1935.0	83.0	118.0	74.0	69.0	2.0
3	9	4	-32.58658945735784	1.0	0.5034146341463415	39618.0	2528.0	1874.0	127.0	62.0	2683.0	636.0	118.0	120.0	1935.0	74.0	71.0	83.0	69.0	2.0
4	3	9	-0.44206613604942774	0.6707792962257403	1.0139442231075697	39618.0	1874.0	2683.0	120.0	71.0	2528.0	127.0	62.0	636.0	1935.0	83.0	118.0	69.0	74.0	2.0
3	5	6	-99999.9	1.0	-0.007334963325183374	39843.0	1686.0	1680.0	924.0	76.0	2719.0	100.0	51.0	94.0	2507.0	68.0	56.0	51.0	140.0	5.0
3	6	5	0.4321207484022548	0.3328268622648657	0.007177033492822967	39843.0	1680.0	1686.0	924.0	76.0	2719.0	94.0	56.0	100.0	2507.0	51.0	51.0	68.0	140.0	5.0
5	3	6	-59.34458278057637	1.0	0.501813784764208	39843.0	1686.0	2719.0	100.0	51.0	1680.0	924.0	76.0	94.0	2507.0	68.0	56.0	140.0	51.0	5.0
3	5	7	-99999.9	1.0	-0.033078880407124686	39770.0	1759.0	1667.0	922.0	91.0	2702.0	110.0	58.0	84.0	2534.0	51.0	56.0	49.0	139.0	8.0
3	7	5	1.8869684135481308	0.029582222393290225	0.030092592592592587	39770.0	1667.0	1759.0	922.0	91.0	2702.0	84.0	56.0	110.0	2534.0	49.0	58.0	51.0	139.0	8.0
5	3	7	-58.9314750692724	1.0	0.5078787878787879	39770.0	1759.0	2702.0	110.0	58.0	1667.0	922.0	91.0	84.0	2534.0	51.0	56.0	139.0	49.0	8.0
3	5	8	-99999.9	1.0	-0.0325	39762.0	1767.0	1667.0	934.0	79.0	2716.0	108.0	46.0	82.0	2530.0	57.0	56.0	48.0	140.0	8.0
3	8	5	1.9062152260154008	0.028311077388853856	0.0296127562642369	39762.0	1667.0	1767.0	934.0	79.0	2716.0	82.0	56.0	108.0	2530.0	48.0	46.0	57.0	140.0	8.0
5	3	8	-60.558991411104664	1.0	0.5077473182359953	39762.0	1767.0	2716.0	108.0	46.0	1667.0	934.0	79.0	82.0	2530.0	57.0	56.0	140.0	48.0	8.0
3	5	9	1.0171971414784688	0.15452984426991656	0.969811320754717	39663.0	1866.0	2483.0	135.0	62.0	2680.0	119.0	71.0	633.0	1951.0	85.0	124.0	59.0	68.0	1.0
3	9	5	-31.66026102851729	1.0	0.5079051383399209	39663.0	2483.0	1866.0	135.0	62.0	2680.0	633.0	124.0	119.0	1951.0	59.0	71.0	85.0	68.0	1.0
5	3	9	-0.9855334172301118	0.8378189331201542	1.033195020746888	39663.0	1866.0	2680.0	119.0	71.0	2483.0	135.0	62.0	633.0	1951.0	85.0	124.0	68.0	59.0	1.0
3	6	7	-99999.9	1.0	-0.02199074074074074	39835.0	1688.0	1602.0	1000.0	84.0	2695.0	117.0	57.0	98.0	2512.0	48.0	49.0	64.0	147.0	4.0
3	7	6	1.3066012154843527	0.09567415923167599	0.020629750271444085	39835.0	1602.0	1688.0	1000.0	84.0	2695.0	98.0	49.0	117.0	2512.0	64.0	57.0	48.0	147.0	4.0
6	3	7	-60.72257227750971	1.0	0.5053221288515406	39835.0	1688.0	2695.0	117.0	57.0	1602.0	1000.0	84.0	98.0	2512.0	48.0	49.0	147.0	64.0	4.0
3	6	8	-99999.9	1.0	-0.024221453287197235	39821.0	1702.0	1608.0	1002.0	76.0	2710.0	114.0	45.0	93.0	2511.0	54.0	51.0	61.0	147.0	5.0
3	8	6	1.4725148815565816	0.07044098303718282	0.02258064516129032	39821.0	1608.0	1702.0	1002.0	76.0	2710.0	93.0	51.0	114.0	2511.0	61.0	45.0	54.0	147.0	5.0
6	3	8	-62.26634356296402	1.0	0.5058430717863105	39821.0	1702.0	2710.0	114.0	45.0	1608.0	1002.0	76.0	93.0	2511.0	54.0	51.0	147.0	61.0	5.0
3	6	9	-0.7403280350569363	0.7704495817506661	1.023715415019763	39648.0	1875.0	2498.0	122.0	66.0	2663.0	134.0	72.0	652.0	1924.0	82.0	122.0	71.0	67.0	4.0
3	9	6	-32.69782154834799	1.0	0.49427480916030536	39648.0	2498.0	1875.0	122.0	66.0	2663.0	652.0	122.0	134.0	1924.0	71.0	72.0	82.0	67.0	4.0
6	3	9	0.7574784914675219	0.22438155637728663	0.977859778597786	39648.0	1875.0	2663.0	134.0	72.0	2498.0	122.0	66.0	652.0	1924.0	82.0	122.0	67.0	71.0	4.0
3	7	8	0.12692625012620115	0.44949934782689593	0.0	40923.0	514.0	506.0	2228.0	38.0	2799.0	31.0	12.0	31.0	2645.0	17.0	24.0	10.0	221.0	1.0
3	8	7	0.12692625012620115	0.44949934782689593	0.0	40923.0	506.0	514.0	2228.0	38.0	2799.0	31.0	24.0	31.0	2645.0	10.0	12.0	17.0	221.0	1.0
7	3	8	-278.7945353027088	1.0	0.5	40923.0	514.0	2799.0	31.0	12.0	506.0	2228.0	38.0	31.0	2645.0	17.0	24.0	221.0	10.0	1.0
3	7	9	0.8100092040722979	0.20896738522349323	0.9766606822262118	39577.0	1860.0	2569.0	138.0	65.0	2645.0	125.0	72.0	669.0	1939.0	85.0	123.0	65.0	63.0	5.0
3	9	7	-33.085760566337626	1.0	0.506046511627907	39577.0	2569.0	1860.0	138.0	65.0	2645.0	669.0	123.0	125.0	1939.0	65.0	72.0	85.0	63.0	5.0
7	3	9	-0.7906523664749819	0.7854266221599894	1.0250965250965252	39577.0	1860.0	2645.0	125.0	72.0	2569.0	138.0	65.0	669.0	1939.0	85.0	123.0	63.0	65.0	5.0
3	8	9	0.7543234970480006	0.22532743076157857	0.978494623655914	39565.0	1864.0	2581.0	135.0	64.0	2656.0	123.0	75.0	669.0	1936.0	81.0	112.0	70.0	64.0	5.0
3	9	8	-33.56739561863599	1.0	0.5055555555555555	39565.0	2581.0	1864.0	135.0	64.0	2656.0	669.0	112.0	123.0	1936.0	70.0	75.0	81.0	64.0	5.0
8	3	9	-0.7377449586513412	0.7696653457183446	1.0229885057471264	39565.0	1864.0	2656.0	123.0	75.0	2581.0	135.0	64.0	669.0	1936.0	81.0	112.0	64.0	70.0	5.0
4	5	6	-1.403965346936891	0.9198353618299013	1.0099502487562189	41996.0	1779.0	548.0	30.0	13.0	566.0	42.0	16.0	1260.0	3507.0	162.0	22.0	24.0	34.0	1.0
4	6	5	-143.9064480610315	1.0	0.49754901960784315	41996.0	548.0	1779.0	30.0	13.0	566.0	1260.0	22.0	42.0	3507.0	24.0	16.0	162.0	34.0	1.0
5	4	6	1.417797517842673	0.07812499535310757	0.9903381642512077	41996.0	1779.0	566.0	42.0	16.0	548.0	30.0	13.0	1260.0	3507.0	162.0	22.0	34.0	24.0	1.0
4	5	7	-2.3246408458445256	0.9899544368777338	1.0171821305841924	41912.0	1863.0	557.0	26.0	8.0	560.0	46.0	18.0	1230.0	3534.0	165.0	20.0	25.0	35.0	1.0
4	7	5	-139.9433789198401	1.0	0.49581239530988275	41912.0	557.0	1863.0	26.0	8.0	560.0	1230.0	20.0	46.0	3534.0	25.0	18.0	165.0	35.0	1.0
5	4	7	2.3639084277000078	0.009041626176783613	0.9836601307189542	41912.0	1863.0	560.0	46.0	18.0	557.0	26.0	8.0	1230.0	3534.0	165.0	20.0	35.0	25.0	1.0
4	5	8	-1.5302315046851023	0.9370202612702803	1.011063829787234	41912.0	1863.0	555.0	29.0	7.0	566.0	42.0	16.0	1230.0	3539.0	160.0	20.0	22.0	36.0	3.0
4	8	5	-141.36984900975457	1.0	0.4972791963164504	41912.0	555.0	1863.0	29.0	7.0	566.0	1230.0	20.0	42.0	3539.0	22.0	16.0	160.0	36.0	3.0
5	4	8	1.5469764622279527	0.06093447658991913	0.9892915980230642	41912.0	1863.0	566.0	42.0	16.0	555.0	29.0	7.0	1230.0	3539.0	160.0	20.0	36.0	22.0	3.0
4	5	9	0.896447319459314	0.18500692159980514	0.9973292636398321	41755.0	2020.0	546.0	34.0	11.0	588.0	27.0	9.0	2641.0	2099.0	189.0	53.0	5.0	21.0	2.0
4	9	5	-333.86259454720386	1.0	0.5006703696609844	41755.0	546.0	2020.0	34.0	11.0	588.0	2641.0	53.0	27.0	2099.0	5.0	9.0	189.0	21.0	2.0
5	4	9	-0.8940467336765232	0.814351587832028	1.0026923076923078	41755.0	2020.0	588.0	27.0	9.0	546.0	34.0	11.0	2641.0	2099.0	189.0	53.0	21.0	5.0	2.0
4	6	7	-99999.9	1.0	-3.5555555555555562	40857.0	1687.0	1612.0	172.0	38.0	1673.0	131.0	44.0	99.0	3394.0	80.0	38.0	80.0	93.0	2.0
4	7	6	2.289483531449018	0.011025606097679441	0.30476190476190473	40857.0	1612.0	1687.0	172.0	38.0	1673.0	99.0	38.0	131.0	3394.0	80.0	44.0	80.0	93.0	2.0
6	4	7	-2.9334007746690545	0.9983235778569385	0.6403508771929826	40857.0	1687.0	1673.0	131.0	44.0	1612.0	172.0	38.0	99.0	3394.0	80.0	38.0	93.0	80.0	2.0
4	6	8	-99999.9	1.0	-4.000000000000001	40850.0	1694.0	1617.0	170.0	35.0	1681.0	130.0	37.0	98.0	3395.0	80.0	37.0	78.0	95.0	3.0
4	8	6	2.2980438353548864	0.01077961822698792	0.30769230769230765	40850.0	1617.0	1694.0	170.0	35.0	1681.0	98.0	37.0	130.0	3395.0	78.0	37.0	80.0	95.0	3.0
6	4	8	-2.8725547941936096	0.9979640971123875	0.6428571428571429	40850.0	1694.0	1681.0	130.0	37.0	1617.0	170.0	35.0	98.0	3395.0	80.0	37.0	95.0	78.0	3.0
4	6	9	-1.7103558522282696	0.9563999874073972	1.0162962962962963	40595.0	1949.0	1706.0	70.0	46.0	1716.0	92.0	40.0	1464.0	1987.0	122.0	102.0	52.0	56.0	3.0
4	9	6	-108.37436627300957	1.0	0.4960231381055676	40595.0	1706.0	1949.0	70.0	46.0	1716.0	1464.0	102.0	92.0	1987.0	52.0	40.0	122.0	56.0	3.0
6	4	9	1.7377813833864488	0.04112463208690742	0.9844632768361581	40595.0	1949.0	1716.0	92.0	40.0	1706.0	70.0	46.0	1464.0	1987.0	122.0	102.0	56.0	52.0	3.0
4	7	8	0.516636215714912	0.3027050545198541	0.0029828486204325133	41954.0	515.0	513.0	1365.0	19.0	1768.0	28.0	14.0	32.0	3551.0	22.0	16.0	24.0	178.0	1.0
4	8	7	-99999.9	1.0	-0.0030097817908201654	41954.0	513.0	515.0	1365.0	19.0	1768.0	32.0	16.0	28.0	3551.0	24.0	14.0	22.0	178.0	1.0
7	4	8	-172.1690188869944	1.0	0.499250936329588	41954.0	515.0	1768.0	28.0	14.0	513.0	1365.0	19.0	32.0	3551.0	22.0	16.0	178.0	24.0	1.0
4	7	9	-0.3217394181533622	0.6261748747441054	1.0028694404591105	40532.0	1937.0	1769.0	75.0	53.0	1690.0	79.0	41.0	1477.0	2008.0	120.0	115.0	44.0	57.0	3.0
4	9	7	-112.76966606275349	1.0	0.4992857142857143	40532.0	1769.0	1937.0	75.0	53.0	1690.0	1477.0	115.0	79.0	2008.0	44.0	41.0	120.0	57.0	3.0
7	4	9	0.3226599887346308	0.37347644723745343	0.9971550497866287	40532.0	1937.0	1690.0	79.0	41.0	1769.0	75.0	53.0	1477.0	2008.0	120.0	115.0	57.0	44.0	3.0
4	8	9	-0.7295336181379087	0.7671624135748661	1.0064655172413792	40525.0	1942.0	1776.0	71.0	52.0	1696.0	80.0	40.0	1481.0	2004.0	118.0	105.0	47.0	60.0	3.0
4	9	8	-114.2936001749391	1.0	0.4983991462113127	40525.0	1776.0	1942.0	71.0	52.0	1696.0	1481.0	105.0	80.0	2004.0	47.0	40.0	118.0	60.0	3.0
8	4	9	0.7342201296034627	0.23140722449783446	0.9936575052854123	40525.0	1942.0	1696.0	80.0	40.0	1776.0	71.0	52.0	1481.0	2004.0	118.0	105.0	60.0	47.0	3.0
5	6	7	-99999.9	1.0	-0.575	40857.0	1705.0	1615.0	183.0	39.0	1673.0	120.0	37.0	97.0	3395.0	79.0	37.0	80.0	81.0	2.0
5	7	6	1.68997205895666	0.04551662341390261	0.2110091743119266	40857.0	1615.0	1705.0	183.0	39.0	1673.0	97.0	37.0	120.0	3395.0	80.0	37.0	79.0	81.0	2.0
6	5	7	-4.629053900620418	0.9999981613319675	0.5771812080536913	40857.0	1705.0	1673.0	120.0	37.0	1615.0	183.0	39.0	97.0	3395.0	79.0	37.0	81.0	80.0	2.0
5	6	8	-99999.9	1.0	-1.1999999999999997	40859.0	1703.0	1619.0	182.0	36.0	1672.0	127.0	31.0	97.0	3398.0	76.0	36.0	79.0	80.0	5.0
5	8	6	2.1743646577927067	0.014838827695039414	0.2608695652173913	40859.0	1619.0	1703.0	182.0	36.0	1672.0	97.0	36.0	127.0	3398.0	79.0	31.0	76.0	80.0	5.0
6	5	8	-3.9863352059532966	0.9999664338077336	0.6071428571428571	40859.0	1703.0	1672.0	127.0	31.0	1619.0	182.0	36.0	97.0	3398.0	76.0	36.0	80.0	79.0	5.0
5	6	9	-2.2658431079655164	0.9882695401256955	1.0226757369614512	40622.0	1940.0	1721.0	70.0	46.0	1689.0	100.0	41.0	1453.0	1999.0	119.0	98.0	55.0	44.0	3.0
5	9	6	-104.4553672772102	1.0	0.4945175438596492	40622.0	1721.0	1940.0	70.0	46.0	1689.0	1453.0	98.0	100.0	1999.0	55.0	41.0	119.0	44.0	3.0
6	5	9	2.3160835316454618	0.010276829035777979	0.9787685774946921	40622.0	1940.0	1689.0	100.0	41.0	1721.0	70.0	46.0	1453.0	1999.0	119.0	98.0	44.0	55.0	3.0
5	7	8	-99999.9	1.0	-0.0014771048744460856	41955.0	517.0	523.0	1385.0	19.0	1767.0	29.0	11.0	27.0	3549.0	19.0	11.0	26.0	160.0	2.0
5	8	7	0.26720545223891967	0.39465555076242376	0.0014705882352941176	41955.0	523.0	517.0	1385.0	19.0	1767.0	27.0	11.0	29.0	3549.0	26.0	11.0	19.0	160.0	2.0
7	5	8	-181.16529661798782	1.0	0.5003684598378777	41955.0	517.0	1767.0	29.0	11.0	523.0	1385.0	19.0	27.0	3549.0	19.0	11.0	160.0	26.0	2.0
5	7	9	-0.8626895832651664	0.8058459618552405	1.0081061164333087	40545.0	1927.0	1798.0	75.0	54.0	1677.0	86.0	44.0	1454.0	2023.0	118.0	109.0	45.0	42.0	3.0
5	9	7	-108.14990321115155	1.0	0.4979978157990535	40545.0	1798.0	1927.0	75.0	54.0	1677.0	1454.0	109.0	86.0	2023.0	45.0	44.0	118.0	42.0	3.0
7	5	9	0.8696264147095499	0.1922522586885813	0.9920863309352518	40545.0	1927.0	1677.0	86.0	44.0	1798.0	75.0	54.0	1454.0	2023.0	118.0	109.0	42.0	45.0	3.0
5	8	9	-1.093074999406487	0.8628195218689879	1.0102264426588752	40547.0	1931.0	1796.0	74.0	51.0	1674.0	88.0	43.0	1471.0	2017.0	116.0	95.0	49.0	44.0	4.0
5	9	8	-109.07326958363296	1.0	0.4974820143884892	40547.0	1796.0	1931.0	74.0	51.0	1674.0	1471.0	95.0	88.0	2017.0	49.0	43.0	116.0	44.0	4.0
8	5	9	1.1041401114756777	0.1347662272924426	0.9900779588944011	40547.0	1931.0	1674.0	88.0	43.0	1796.0	74.0	51.0	1471.0	2017.0	116.0	95.0	44.0	49.0	4.0
6	7	8	0.5548893422077393	0.2894851467955468	0.0030721966205837174	42007.0	523.0	524.0	1322.0	16.0	1715.0	24.0	10.0	28.0	3609.0	22.0	9.0	27.0	163.0	1.0
6	8	7	-99999.9	1.0	-0.0031007751937984496	42007.0	524.0	523.0	1322.0	16.0	1715.0	28.0	9.0	24.0	3609.0	27.0	10.0	22.0	163.0	1.0
7	6	8	-179.50670220420415	1.0	0.49922839506172845	42007.0	523.0	1715.0	24.0	10.0	524.0	1322.0	16.0	28.0	3609.0	22.0	9.0	163.0	27.0	1.0
6	7	9	1.5692273172121398	0.05829749961614894	0.9865771812080537	40594.0	1936.0	1717.0	92.0	53.0	1628.0	72.0	49.0	1542.0	1996.0	121.0	102.0	45.0	52.0	1.0
6	9	7	-113.76898049788012	1.0	0.5034246575342466	40594.0	1717.0	1936.0	92.0	53.0	1628.0	1542.0	102.0	72.0	1996.0	45.0	49.0	121.0	52.0	1.0
7	6	9	-1.5478772856854441	0.9391740622806601	1.013986013986014	40594.0	1936.0	1628.0	72.0	49.0	1717.0	92.0	53.0	1542.0	1996.0	121.0	102.0	52.0	45.0	1.0
6	8	9	1.3538358073999244	0.08789444597200968	0.98859825620389	40589.0	1942.0	1722.0	88.0	51.0	1632.0	71.0	49.0	1545.0	1995.0	120.0	95.0	47.0	52.0	2.0
6	9	8	-116.03169243421705	1.0	0.5029000341180484	40589.0	1722.0	1942.0	88.0	51.0	1632.0	1545.0	95.0	71.0	1995.0	47.0	49.0	120.0	52.0	2.0
8	6	9	-1.3382216902182429	0.9095878452602688	1.0118055555555556	40589.0	1942.0	1632.0	71.0	49.0	1722.0	88.0	51.0	1545.0	1995.0	120.0	95.0	52.0	47.0	2.0
7	8	9	-0.4194186256838531	0.662544852236301	1.0010849909584087	41702.0	2020.0	520.0	24.0	13.0	519.0	27.0	15.0	2795.0	2103.0	196.0	47.0	10.0	8.0	1.0
7	9	8	-387.40300392331926	1.0	0.49972919299512547	41702.0	520.0	2020.0	24.0	13.0	519.0	2795.0	47.0	27.0	2103.0	10.0	15.0	196.0	8.0	1.0
8	7	9	0.4198731978937705	0.3372890846071901	0.9989185291997116	41702.0	2020.0	519.0	27.0	15.0	520.0	24.0	13.0	2795.0	2103.0	196.0	47.0	8.0	10.0	1.0
