P1	Hybrid	P2	Zscore	Pvalue	Gamma	AAAA	AAAB	AABA	AABB	AABC	ABAA	ABAB	ABAC	ABBA	BAAA	ABBC	CABC	BACA	BCAA	ABCD
1	2	3	-99999.9	1.0	-0.019607843137254905	8006.0	79.0	98.0	170.0	3.0	295.0	14.0	3.0	11.0	1257.0	3.0	3.0	7.0	51.0	0.0
1	3	2	0.6030532664364605	0.27323657812432345	0.018518518518518517	8006.0	98.0	79.0	170.0	3.0	295.0	11.0	3.0	14.0	1257.0	7.0	3.0	3.0	51.0	0.0
2	1	3	-31.35876985469596	1.0	0.5047619047619047	8006.0	79.0	295.0	14.0	3.0	98.0	170.0	3.0	11.0	1257.0	3.0	3.0	51.0	7.0	0.0
1	2	4	-99999.9	1.0	-0.032679738562091505	8008.0	77.0	96.0	172.0	3.0	296.0	14.0	2.0	9.0	1255.0	7.0	3.0	7.0	51.0	0.0
1	4	2	1.0490877390713311	0.1470688973604326	0.02976190476190476	8008.0	96.0	77.0	172.0	3.0	296.0	9.0	3.0	14.0	1255.0	7.0	2.0	7.0	51.0	0.0
2	1	4	-33.151172554654075	1.0	0.5077881619937694	8008.0	77.0	296.0	14.0	2.0	96.0	172.0	3.0	9.0	1255.0	7.0	3.0	51.0	7.0	0.0
1	2	5	0.0	0.49999999949999996	nan	7776.0	309.0	241.0	24.0	6.0	280.0	24.0	8.0	95.0	1152.0	24.0	7.0	23.0	30.0	1.0
1	5	2	-10.237308962930387	1.0	0.5	7776.0	241.0	309.0	24.0	6.0	280.0	95.0	7.0	24.0	1152.0	23.0	8.0	24.0	30.0	1.0
2	1	5	0.0	0.49999999949999996	nan	7776.0	309.0	280.0	24.0	8.0	241.0	24.0	6.0	95.0	1152.0	24.0	7.0	30.0	23.0	1.0
1	2	6	-0.2720896771546218	0.6072234036550357	1.0344827586206897	7750.0	335.0	243.0	25.0	3.0	282.0	27.0	3.0	87.0	1148.0	36.0	8.0	21.0	31.0	1.0
1	6	2	-8.434779991793286	1.0	0.4918032786885246	7750.0	243.0	335.0	25.0	3.0	282.0	87.0	8.0	27.0	1148.0	21.0	3.0	36.0	31.0	1.0
2	1	6	0.28115933305977575	0.3892941625742363	0.96875	7750.0	335.0	282.0	27.0	3.0	243.0	25.0	3.0	87.0	1148.0	36.0	8.0	31.0	21.0	1.0
1	2	7	-0.28314773249086733	0.6114681378492838	1.0344827586206897	7755.0	330.0	244.0	23.0	4.0	283.0	25.0	4.0	85.0	1154.0	32.0	8.0	20.0	31.0	2.0
1	7	2	-8.777579707216882	1.0	0.4918032786885246	7755.0	244.0	330.0	23.0	4.0	283.0	85.0	8.0	25.0	1154.0	20.0	4.0	32.0	31.0	2.0
2	1	7	0.2925859902405629	0.3849193791715828	0.96875	7755.0	330.0	283.0	25.0	4.0	244.0	23.0	4.0	85.0	1154.0	32.0	8.0	31.0	20.0	2.0
1	2	8	0.5561226379715073	0.28906348031339135	0.991701244813278	7409.0	676.0	235.0	28.0	8.0	276.0	24.0	12.0	502.0	692.0	77.0	21.0	17.0	21.0	2.0
1	8	2	-65.90053259962355	1.0	0.5021008403361344	7409.0	235.0	676.0	28.0	8.0	276.0	502.0	21.0	24.0	692.0	17.0	12.0	77.0	21.0	2.0
2	1	8	-0.5514688920470595	0.7093438848061333	1.0085106382978724	7409.0	676.0	276.0	24.0	12.0	235.0	28.0	8.0	502.0	692.0	77.0	21.0	21.0	17.0	2.0
1	2	9	-1.2452400723475592	0.8934781732689364	1.011111111111111	7526.0	559.0	251.0	12.0	8.0	288.0	19.0	5.0	656.0	549.0	66.0	33.0	12.0	16.0	0.0
1	9	2	-114.56208665597516	1.0	0.4972677595628415	7526.0	251.0	559.0	12.0	8.0	288.0	656.0	33.0	19.0	549.0	12.0	5.0	66.0	16.0	0.0
2	1	9	1.2589240291865433	0.10402895553812441	0.989247311827957	7526.0	559.0	288.0	19.0	5.0	251.0	12.0	8.0	656.0	549.0	66.0	33.0	16.0	12.0	0.0
1	3	4	-99999.9	1.0	-0.009174311926605503	8076.0	28.0	28.0	224.0	0.0	305.0	4.0	0.0	2.0	1272.0	4.0	1.0	0.0	56.0	0.0
1	4	3	0.8110128144698505	0.2086790984464748	0.00892857142857143	8076.0	28.0	28.0	224.0	0.0	305.0	2.0	1.0	4.0	1272.0	0.0	0.0	4.0	56.0	0.0
3	1	4	-89.21140959168382	1.0	0.502262443438914	8076.0	28.0	305.0	4.0	0.0	28.0	224.0	0.0	2.0	1272.0	4.0	1.0	56.0	0.0	0.0
1	3	5	0.4544199862997994	0.3247633080251031	0.961038961038961	7797.0	307.0	220.0	24.0	8.0	280.0	21.0	8.0	95.0	1159.0	24.0	7.0	19.0	30.0	1.0
1	5	3	-10.75460634242859	1.0	0.5103448275862069	7797.0	220.0	307.0	24.0	8.0	280.0	95.0	7.0	21.0	1159.0	19.0	8.0	24.0	30.0	1.0
3	1	5	-0.4359975544227805	0.6685807154353769	1.0441176470588236	7797.0	307.0	280.0	21.0	8.0	220.0	24.0	8.0	95.0	1159.0	24.0	7.0	30.0	19.0	1.0
1	3	6	0.0	0.49999999949999996	nan	7770.0	334.0	223.0	24.0	5.0	282.0	24.0	3.0	86.0	1156.0	36.0	9.0	16.0	31.0	1.0
1	6	3	-8.939621911291324	1.0	0.5	7770.0	223.0	334.0	24.0	5.0	282.0	86.0	9.0	24.0	1156.0	16.0	3.0	36.0	31.0	1.0
3	1	6	0.0	0.49999999949999996	nan	7770.0	334.0	282.0	24.0	3.0	223.0	24.0	5.0	86.0	1156.0	36.0	9.0	31.0	16.0	1.0
1	3	7	0.1500474975115935	0.44036355371226155	0.9841269841269841	7775.0	329.0	224.0	23.0	5.0	283.0	22.0	4.0	84.0	1162.0	32.0	9.0	15.0	31.0	2.0
1	7	3	-9.152897348207176	1.0	0.5040650406504066	7775.0	224.0	329.0	23.0	5.0	283.0	84.0	9.0	22.0	1162.0	15.0	4.0	32.0	31.0	2.0
3	1	7	-0.14762737658398714	0.5586815951204482	1.0166666666666666	7775.0	329.0	283.0	22.0	4.0	224.0	23.0	5.0	84.0	1162.0	32.0	9.0	31.0	15.0	2.0
1	3	8	-0.4553370462396053	0.6755665883235829	1.0062893081761006	7420.0	684.0	224.0	20.0	8.0	274.0	23.0	12.0	503.0	697.0	78.0	22.0	13.0	21.0	1.0
1	8	3	-73.30926444457658	1.0	0.49844236760124605	7420.0	224.0	684.0	20.0	8.0	274.0	503.0	22.0	23.0	697.0	13.0	12.0	78.0	21.0	1.0
3	1	8	0.45818290277860285	0.32341054216135734	0.9938271604938271	7420.0	684.0	274.0	23.0	12.0	224.0	20.0	8.0	503.0	697.0	78.0	22.0	21.0	13.0	1.0
1	3	9	-0.37662296192394235	0.6467730314563223	1.0031104199066874	7550.0	554.0	227.0	13.0	12.0	287.0	15.0	7.0	660.0	554.0	64.0	30.0	11.0	16.0	0.0
1	9	3	-121.83752818239518	1.0	0.49922600619195046	7550.0	227.0	554.0	13.0	12.0	287.0	660.0	30.0	15.0	554.0	11.0	7.0	64.0	16.0	0.0
3	1	9	0.37779078506169095	0.3527930674878357	0.9969183359013868	7550.0	554.0	287.0	15.0	7.0	227.0	13.0	12.0	660.0	554.0	64.0	30.0	16.0	11.0	0.0
1	4	5	1.2407918835130523	0.10734138837419871	0.9058823529411765	7801.0	303.0	216.0	26.0	10.0	281.0	18.0	9.0	95.0	1158.0	23.0	6.0	23.0	30.0	1.0
1	5	4	-10.701829995300075	1.0	0.5273972602739726	7801.0	216.0	303.0	26.0	10.0	281.0	95.0	6.0	18.0	1158.0	23.0	9.0	23.0	30.0	1.0
4	1	5	-1.1118784410701377	0.866904742779393	1.1311475409836065	7801.0	303.0	281.0	18.0	9.0	216.0	26.0	10.0	95.0	1158.0	23.0	6.0	30.0	23.0	1.0
1	4	6	0.4460116913231863	0.32779442786090884	0.9545454545454546	7769.0	335.0	224.0	25.0	3.0	283.0	22.0	3.0	85.0	1155.0	36.0	9.0	19.0	31.0	1.0
1	6	4	-8.920233826463713	1.0	0.5121951219512195	7769.0	224.0	335.0	25.0	3.0	283.0	85.0	9.0	22.0	1155.0	19.0	3.0	36.0	31.0	1.0
4	1	6	-0.4247730393554155	0.6644988952103132	1.0526315789473684	7769.0	335.0	283.0	22.0	3.0	224.0	25.0	3.0	85.0	1155.0	36.0	9.0	31.0	19.0	1.0
1	4	7	0.6174369722295132	0.2684732170718349	0.9402985074626866	7774.0	330.0	225.0	24.0	3.0	284.0	20.0	4.0	83.0	1161.0	32.0	9.0	18.0	31.0	2.0
1	7	4	-9.107195340385326	1.0	0.5163934426229508	7774.0	225.0	330.0	24.0	3.0	284.0	83.0	9.0	20.0	1161.0	18.0	4.0	32.0	31.0	2.0
4	1	7	-0.5782346247863696	0.71844717703562	1.0727272727272728	7774.0	330.0	284.0	20.0	4.0	225.0	24.0	3.0	83.0	1161.0	32.0	9.0	31.0	18.0	2.0
1	4	8	0.0	0.49999999949999996	nan	7423.0	681.0	221.0	20.0	11.0	276.0	20.0	12.0	501.0	697.0	78.0	22.0	16.0	21.0	1.0
1	8	4	-75.95788963304756	1.0	0.5	7423.0	221.0	681.0	20.0	11.0	276.0	501.0	22.0	20.0	697.0	16.0	12.0	78.0	21.0	1.0
4	1	8	0.0	0.49999999949999996	nan	7423.0	681.0	276.0	20.0	12.0	221.0	20.0	11.0	501.0	697.0	78.0	22.0	21.0	16.0	1.0
1	4	9	0.0	0.49999999949999996	nan	7549.0	555.0	228.0	13.0	11.0	289.0	13.0	6.0	658.0	553.0	65.0	30.0	14.0	16.0	0.0
1	9	4	-126.25234719566147	1.0	0.5	7549.0	228.0	555.0	13.0	11.0	289.0	658.0	30.0	13.0	553.0	14.0	6.0	65.0	16.0	0.0
4	1	9	0.0	0.49999999949999996	nan	7549.0	555.0	289.0	13.0	6.0	228.0	13.0	11.0	658.0	553.0	65.0	30.0	16.0	14.0	0.0
1	5	6	-0.1277150535300476	0.5508127982224563	0.8888888888888888	7696.0	321.0	297.0	34.0	8.0	343.0	35.0	4.0	27.0	1139.0	33.0	7.0	22.0	33.0	1.0
1	6	5	0.8940053747103306	0.1856594762945275	0.5333333333333333	7696.0	297.0	321.0	34.0	8.0	343.0	27.0	7.0	35.0	1139.0	22.0	4.0	33.0	33.0	1.0
5	1	6	-99999.9	1.0	1.1666666666666667	7696.0	321.0	343.0	35.0	4.0	297.0	34.0	8.0	27.0	1139.0	33.0	7.0	33.0	22.0	1.0
1	5	7	-99999.9	1.0	1.4	7703.0	314.0	296.0	34.0	9.0	344.0	32.0	6.0	25.0	1145.0	29.0	7.0	22.0	33.0	1.0
1	7	5	0.9535936493959349	0.17014467740434658	0.43750000000000006	7703.0	296.0	314.0	34.0	9.0	344.0	25.0	7.0	32.0	1145.0	22.0	6.0	29.0	33.0	1.0
5	1	7	-0.27245532839883896	0.6073639692938136	0.8181818181818182	7703.0	314.0	344.0	32.0	6.0	296.0	34.0	9.0	25.0	1145.0	29.0	7.0	33.0	22.0	1.0
1	5	8	-0.24915549398783327	0.598379693074341	1.0049140049140048	7353.0	664.0	291.0	31.0	17.0	332.0	33.0	17.0	442.0	685.0	72.0	25.0	15.0	20.0	3.0
1	8	5	-51.20145401449983	1.0	0.49878048780487805	7353.0	291.0	664.0	31.0	17.0	332.0	442.0	25.0	33.0	685.0	15.0	17.0	72.0	20.0	3.0
5	1	8	0.2503738582616124	0.4011491771687179	0.9951573849878934	7353.0	664.0	332.0	33.0	17.0	291.0	31.0	17.0	442.0	685.0	72.0	25.0	20.0	15.0	3.0
1	5	9	-0.8777921098572283	0.8099717637382007	1.0107142857142857	7470.0	547.0	307.0	20.0	12.0	351.0	26.0	5.0	592.0	542.0	65.0	34.0	12.0	16.0	1.0
1	9	5	-83.68284780638918	1.0	0.4973637961335676	7470.0	307.0	547.0	20.0	12.0	351.0	592.0	34.0	26.0	542.0	12.0	5.0	65.0	16.0	1.0
5	1	9	0.8870973265694957	0.1875132176870824	0.9896193771626297	7470.0	547.0	351.0	26.0	5.0	307.0	20.0	12.0	592.0	542.0	65.0	34.0	16.0	12.0	1.0
1	6	7	0.24966872875251656	0.40142182650106606	0.0	7908.0	85.0	91.0	269.0	3.0	367.0	8.0	2.0	8.0	1182.0	6.0	1.0	9.0	60.0	1.0
1	7	6	0.24966872875251656	0.40142182650106606	0.0	7908.0	91.0	85.0	269.0	3.0	367.0	8.0	1.0	8.0	1182.0	9.0	2.0	6.0	60.0	1.0
6	1	7	-65.04704460943881	1.0	0.5	7908.0	85.0	367.0	8.0	2.0	91.0	269.0	3.0	8.0	1182.0	6.0	1.0	60.0	9.0	1.0
1	6	8	0.3915090681019929	0.34771054623759556	0.9927710843373494	7324.0	669.0	320.0	31.0	12.0	334.0	28.0	15.0	440.0	681.0	75.0	25.0	24.0	20.0	2.0
1	8	6	-53.37573628457172	1.0	0.5018270401948843	7324.0	320.0	669.0	31.0	12.0	334.0	440.0	25.0	28.0	681.0	24.0	15.0	75.0	20.0	2.0
6	1	8	-0.3886582739167842	0.6512354698444186	1.0073891625615763	7324.0	669.0	334.0	28.0	15.0	320.0	31.0	12.0	440.0	681.0	75.0	25.0	20.0	24.0	2.0
1	6	9	0.0	0.49999999949999996	nan	7448.0	545.0	329.0	20.0	14.0	353.0	20.0	4.0	589.0	545.0	62.0	35.0	15.0	20.0	1.0
1	9	6	-89.85455135385469	1.0	0.5	7448.0	329.0	545.0	20.0	14.0	353.0	589.0	35.0	20.0	545.0	15.0	4.0	62.0	20.0	1.0
6	1	9	0.0	0.49999999949999996	nan	7448.0	545.0	353.0	20.0	4.0	329.0	20.0	14.0	589.0	545.0	62.0	35.0	20.0	15.0	1.0
1	7	8	0.13487424131152	0.4463556224565153	0.9975903614457832	7329.0	670.0	315.0	28.0	14.0	333.0	27.0	16.0	441.0	684.0	74.0	25.0	22.0	20.0	2.0
1	8	7	-55.703061661657664	1.0	0.5006045949214026	7329.0	315.0	670.0	28.0	14.0	333.0	441.0	25.0	27.0	684.0	22.0	16.0	74.0	20.0	2.0
7	1	8	-0.13454845811994628	0.5535155830811194	1.0024271844660195	7329.0	670.0	333.0	27.0	16.0	315.0	28.0	14.0	441.0	684.0	74.0	25.0	20.0	22.0	2.0
1	7	9	0.32452308379899686	0.3727710929987036	0.9965156794425087	7451.0	548.0	326.0	20.0	11.0	354.0	18.0	4.0	590.0	548.0	61.0	33.0	14.0	20.0	2.0
1	9	7	-92.48907888271381	1.0	0.500875656742557	7451.0	326.0	548.0	20.0	11.0	354.0	590.0	33.0	18.0	548.0	14.0	4.0	61.0	20.0	2.0
7	1	9	-0.3233883877017976	0.6267993699286752	1.0035211267605635	7451.0	548.0	354.0	18.0	4.0	326.0	20.0	11.0	590.0	548.0	61.0	33.0	20.0	14.0	2.0
1	8	9	1.0257819292599835	0.15249721255735338	0.9358974358974359	7141.0	503.0	636.0	55.0	21.0	738.0	45.0	16.0	191.0	511.0	31.0	48.0	24.0	39.0	1.0
1	9	8	-13.950634237935772	1.0	0.5177304964539008	7141.0	636.0	503.0	55.0	21.0	738.0	191.0	48.0	45.0	511.0	24.0	16.0	31.0	39.0	1.0
8	1	9	-0.9555228930092996	0.8303433406642967	1.0793650793650793	7141.0	503.0	738.0	45.0	16.0	636.0	55.0	21.0	191.0	511.0	31.0	48.0	39.0	24.0	1.0
2	3	4	-99999.9	1.0	-0.07017543859649122	8275.0	26.0	29.0	67.0	0.0	106.0	6.0	0.0	2.0	1472.0	4.0	0.0	0.0	13.0	0.0
2	4	3	1.404644292353202	0.08006359300575394	0.057971014492753624	8275.0	29.0	26.0	67.0	0.0	106.0	2.0	0.0	6.0	1472.0	0.0	0.0	4.0	13.0	0.0
3	2	4	-21.42082545838634	1.0	0.5158730158730159	8275.0	26.0	106.0	6.0	0.0	29.0	67.0	0.0	2.0	1472.0	4.0	0.0	13.0	0.0	0.0
2	3	5	0.4269439132135475	0.3347101269308056	0.9913793103448276	7976.0	325.0	80.0	12.0	4.0	101.0	10.0	1.0	240.0	1193.0	45.0	2.0	3.0	8.0	0.0
2	5	3	-48.671606106344456	1.0	0.5021834061135371	7976.0	80.0	325.0	12.0	4.0	101.0	240.0	2.0	10.0	1193.0	3.0	1.0	45.0	8.0	0.0
3	2	5	-0.4232313574464732	0.6639367259298223	1.008849557522124	7976.0	325.0	101.0	10.0	1.0	80.0	12.0	4.0	240.0	1193.0	45.0	2.0	8.0	3.0	0.0
2	3	6	0.20848801219678945	0.41742400194143947	0.9955357142857143	7951.0	350.0	81.0	12.0	3.0	101.0	11.0	0.0	234.0	1191.0	53.0	3.0	2.0	8.0	0.0
2	6	3	-46.28433870768726	1.0	0.5011235955056179	7951.0	81.0	350.0	12.0	3.0	101.0	234.0	3.0	11.0	1191.0	2.0	0.0	53.0	8.0	0.0
3	2	6	-0.2075530883752792	0.5822110013292318	1.004524886877828	7951.0	350.0	101.0	11.0	0.0	81.0	12.0	3.0	234.0	1191.0	53.0	3.0	8.0	2.0	0.0
2	3	7	0.40891751553925476	0.3413001427076312	0.9911111111111112	7958.0	343.0	80.0	13.0	3.0	100.0	11.0	1.0	234.0	1195.0	49.0	3.0	2.0	8.0	0.0
2	7	3	-45.18538546708762	1.0	0.5022522522522522	7958.0	80.0	343.0	13.0	3.0	100.0	234.0	3.0	11.0	1195.0	2.0	1.0	49.0	8.0	0.0
3	2	7	-0.40525009387522554	0.6573531097659235	1.0091324200913243	7958.0	343.0	100.0	11.0	1.0	80.0	13.0	3.0	234.0	1195.0	49.0	3.0	8.0	2.0	0.0
2	3	8	-1.2137355357050312	0.8875755687639617	1.0093603744149766	7602.0	699.0	83.0	9.0	4.0	92.0	15.0	5.0	662.0	723.0	93.0	4.0	3.0	6.0	0.0
2	8	3	-132.09488413589804	1.0	0.49769230769230766	7602.0	83.0	699.0	9.0	4.0	92.0	662.0	4.0	15.0	723.0	3.0	5.0	93.0	6.0	0.0
3	2	8	1.2249911975508274	0.11028933577590982	0.9908952959028832	7602.0	699.0	92.0	15.0	5.0	83.0	9.0	4.0	662.0	723.0	93.0	4.0	6.0	3.0	0.0
2	3	9	1.501185772412142	0.06665378878212092	0.9939831528279182	7732.0	569.0	82.0	8.0	6.0	105.0	3.0	4.0	829.0	571.0	78.0	6.0	3.0	4.0	0.0
2	9	3	-246.4947038300766	1.0	0.5015179113539768	7732.0	82.0	569.0	8.0	6.0	105.0	829.0	6.0	3.0	571.0	3.0	4.0	78.0	4.0	0.0
3	2	9	-1.4920986914653371	0.9321633306080822	1.0061274509803921	7732.0	569.0	105.0	3.0	4.0	82.0	8.0	6.0	829.0	571.0	78.0	6.0	4.0	3.0	0.0
2	4	5	1.607653220287591	0.053955571914372835	0.9710743801652892	7982.0	322.0	74.0	13.0	6.0	100.0	6.0	2.0	241.0	1193.0	44.0	2.0	7.0	8.0	0.0
2	5	4	-52.363562032224394	1.0	0.5075593952483801	7982.0	74.0	322.0	13.0	6.0	100.0	241.0	2.0	6.0	1193.0	7.0	2.0	44.0	8.0	0.0
4	2	5	-1.5597656775556201	0.9405923555129272	1.0316742081447965	7982.0	322.0	100.0	6.0	2.0	74.0	13.0	6.0	241.0	1193.0	44.0	2.0	8.0	7.0	0.0
2	4	6	0.8968771243889664	0.18489221357775398	0.9826086956521739	7952.0	352.0	80.0	12.0	1.0	100.0	8.0	0.0	234.0	1191.0	53.0	4.0	5.0	8.0	0.0
2	6	4	-49.77668040358752	1.0	0.5044642857142858	7952.0	80.0	352.0	12.0	1.0	100.0	234.0	4.0	8.0	1191.0	5.0	0.0	53.0	8.0	0.0
4	2	6	-0.8810031929838519	0.8108419902478856	1.018348623853211	7952.0	352.0	100.0	8.0	0.0	80.0	12.0	1.0	234.0	1191.0	53.0	4.0	8.0	5.0	0.0
2	4	7	1.09468421857138	0.1368275451448705	0.9783549783549783	7959.0	345.0	79.0	13.0	1.0	99.0	8.0	1.0	234.0	1195.0	49.0	4.0	5.0	8.0	0.0
2	7	4	-48.385042460854976	1.0	0.5055928411633109	7959.0	79.0	345.0	13.0	1.0	99.0	234.0	4.0	8.0	1195.0	5.0	1.0	49.0	8.0	0.0
4	2	7	-1.0704655411693584	0.8577950589677078	1.0231481481481481	7959.0	345.0	99.0	8.0	1.0	79.0	13.0	1.0	234.0	1195.0	49.0	4.0	8.0	5.0	0.0
2	4	8	-0.6843592550938156	0.7531258986280682	1.0046439628482973	7606.0	698.0	79.0	8.0	6.0	93.0	11.0	4.0	660.0	724.0	94.0	5.0	6.0	6.0	0.0
2	8	4	-148.73407810705532	1.0	0.498847040737894	7606.0	79.0	698.0	8.0	6.0	93.0	660.0	5.0	11.0	724.0	6.0	4.0	94.0	6.0	0.0
4	2	8	0.68752270311428	0.24587663154268902	0.9954198473282443	7606.0	698.0	93.0	11.0	4.0	79.0	8.0	6.0	660.0	724.0	94.0	5.0	6.0	6.0	0.0
2	4	9	2.31519471099769	0.010301113989194977	0.9916167664670659	7734.0	570.0	80.0	8.0	5.0	104.0	1.0	3.0	829.0	570.0	79.0	7.0	6.0	4.0	0.0
2	9	4	-271.53926538987315	1.0	0.5021224984839296	7734.0	80.0	570.0	8.0	5.0	104.0	829.0	7.0	1.0	570.0	6.0	3.0	79.0	4.0	0.0
4	2	9	-2.2956218088515743	0.9891512721148779	1.0085995085995085	7734.0	570.0	104.0	1.0	3.0	80.0	8.0	5.0	829.0	570.0	79.0	7.0	4.0	6.0	0.0
2	5	6	0.0	0.49999999949999996	nan	7736.0	320.0	296.0	36.0	9.0	303.0	36.0	4.0	30.0	1145.0	31.0	5.0	23.0	25.0	1.0
2	6	5	0.7066162457260616	0.23990242597342792	0.5	7736.0	296.0	320.0	36.0	9.0	303.0	30.0	5.0	36.0	1145.0	23.0	4.0	31.0	25.0	1.0
5	2	6	0.0	0.49999999949999996	nan	7736.0	320.0	303.0	36.0	4.0	296.0	36.0	9.0	30.0	1145.0	31.0	5.0	25.0	23.0	1.0
2	5	7	-99999.9	1.0	2.5	7742.0	314.0	296.0	35.0	10.0	305.0	32.0	6.0	27.0	1153.0	26.0	5.0	23.0	24.0	2.0
2	7	5	0.7103440030048385	0.2387453501113398	0.38461538461538464	7742.0	296.0	314.0	35.0	10.0	305.0	27.0	5.0	32.0	1153.0	23.0	6.0	26.0	24.0	2.0
5	2	7	-0.426206401802904	0.6650212360341505	0.7272727272727273	7742.0	314.0	305.0	32.0	6.0	296.0	35.0	10.0	27.0	1153.0	26.0	5.0	24.0	23.0	2.0
2	5	8	-0.7671740985938765	0.7785110606015796	1.0148148148148148	7389.0	667.0	296.0	27.0	18.0	296.0	33.0	14.0	444.0	691.0	71.0	18.0	17.0	18.0	1.0
2	8	5	-53.3185998522744	1.0	0.4963768115942029	7389.0	296.0	667.0	27.0	18.0	296.0	444.0	18.0	33.0	691.0	17.0	14.0	71.0	18.0	1.0
5	2	8	0.7783737204711594	0.2181742991299952	0.9858156028368794	7389.0	667.0	296.0	33.0	14.0	296.0	27.0	18.0	444.0	691.0	71.0	18.0	18.0	17.0	1.0
2	5	9	0.15611217417593093	0.43797228938046007	0.9982698961937716	7506.0	550.0	308.0	21.0	12.0	315.0	20.0	8.0	597.0	544.0	65.0	28.0	13.0	13.0	0.0
2	9	5	-89.92061232533655	1.0	0.5004336513443192	7506.0	308.0	550.0	21.0	12.0	315.0	597.0	28.0	20.0	544.0	13.0	8.0	65.0	13.0	0.0
5	2	9	-0.15584161581514075	0.5619210787267745	1.0017391304347827	7506.0	550.0	315.0	20.0	8.0	308.0	21.0	12.0	597.0	544.0	65.0	28.0	13.0	13.0	0.0
2	6	7	0.26678082582760926	0.39481902047154527	0.0	7946.0	86.0	92.0	270.0	3.0	329.0	7.0	2.0	7.0	1192.0	5.0	1.0	9.0	49.0	2.0
2	7	6	0.26678082582760926	0.39481902047154527	0.0	7946.0	92.0	86.0	270.0	3.0	329.0	7.0	1.0	7.0	1192.0	9.0	2.0	5.0	49.0	2.0
6	2	7	-70.04000882980688	1.0	0.5	7946.0	86.0	329.0	7.0	2.0	92.0	270.0	3.0	7.0	1192.0	5.0	1.0	49.0	9.0	2.0
2	6	8	-0.26632638113532514	0.6050060100723366	1.0048899755501222	7360.0	672.0	325.0	27.0	13.0	298.0	29.0	11.0	440.0	689.0	75.0	20.0	23.0	16.0	2.0
2	8	6	-54.99639770444461	1.0	0.4987864077669903	7360.0	325.0	672.0	27.0	13.0	298.0	440.0	20.0	29.0	689.0	23.0	11.0	75.0	16.0	2.0
6	2	8	0.2676223732576382	0.3944950654649806	0.9951807228915662	7360.0	672.0	298.0	29.0	11.0	325.0	27.0	13.0	440.0	689.0	75.0	20.0	16.0	23.0	2.0
2	6	9	1.445258725585161	0.07419265770893912	0.9846678023850085	7486.0	546.0	328.0	24.0	13.0	315.0	15.0	8.0	593.0	548.0	63.0	32.0	14.0	13.0	2.0
2	9	6	-91.37246831755063	1.0	0.5039232781168265	7486.0	328.0	546.0	24.0	13.0	315.0	593.0	32.0	15.0	548.0	14.0	8.0	63.0	13.0	2.0
6	2	9	-1.4227546969860843	0.9225963110861941	1.0160714285714285	7486.0	546.0	315.0	15.0	8.0	328.0	24.0	13.0	593.0	548.0	63.0	32.0	13.0	14.0	2.0
2	7	8	-0.55107008435636	0.7092072115428274	1.0097799511002445	7365.0	673.0	320.0	24.0	15.0	297.0	28.0	12.0	441.0	693.0	74.0	20.0	20.0	15.0	3.0
2	8	7	-57.44905629415044	1.0	0.4975903614457831	7365.0	320.0	673.0	24.0	15.0	297.0	441.0	20.0	28.0	693.0	20.0	12.0	74.0	15.0	3.0
7	2	8	0.5564073248828137	0.28896618629881154	0.9904988123515439	7365.0	673.0	297.0	28.0	12.0	320.0	24.0	15.0	441.0	693.0	74.0	20.0	15.0	20.0	3.0
2	7	9	1.8127070626258304	0.03493845270263518	0.9814502529510961	7489.0	549.0	325.0	24.0	10.0	316.0	13.0	8.0	595.0	551.0	62.0	29.0	13.0	13.0	3.0
2	9	7	-94.09597570539549	1.0	0.5047701647875109	7489.0	325.0	549.0	24.0	10.0	316.0	595.0	29.0	13.0	551.0	13.0	8.0	62.0	13.0	3.0
7	2	9	-1.7784462762188133	0.9623347540629996	1.019642857142857	7489.0	549.0	316.0	13.0	8.0	325.0	24.0	10.0	595.0	551.0	62.0	29.0	13.0	13.0	3.0
2	8	9	1.4860614819713298	0.06863146331741177	0.9166666666666666	7178.0	507.0	636.0	54.0	22.0	701.0	40.0	17.0	194.0	515.0	32.0	45.0	22.0	36.0	1.0
2	9	8	-14.860614819713302	1.0	0.5238095238095238	7178.0	636.0	507.0	54.0	22.0	701.0	194.0	45.0	40.0	515.0	22.0	17.0	32.0	36.0	1.0
8	2	9	-1.3509649836103	0.9116466121827028	1.1111111111111112	7178.0	507.0	701.0	40.0	17.0	636.0	54.0	22.0	194.0	515.0	32.0	45.0	36.0	22.0	1.0
3	4	5	1.869903510834445	0.030748546200733307	0.9832775919732442	8055.0	326.0	22.0	6.0	4.0	27.0	1.0	3.0	295.0	1208.0	49.0	0.0	4.0	0.0	0.0
3	5	4	-108.08042292623088	1.0	0.5042881646655232	8055.0	22.0	326.0	6.0	4.0	27.0	295.0	0.0	1.0	1208.0	4.0	3.0	49.0	0.0	0.0
4	3	5	-1.838102430718213	0.9669764021467697	1.017605633802817	8055.0	326.0	27.0	1.0	3.0	22.0	6.0	4.0	295.0	1208.0	49.0	0.0	0.0	4.0	0.0
3	4	6	1.1267541820977425	0.12992326497308482	0.9896907216494846	8025.0	356.0	27.0	5.0	0.0	27.0	2.0	2.0	290.0	1206.0	56.0	1.0	3.0	0.0	0.0
3	6	4	-107.04164729928473	1.0	0.5026178010471204	8025.0	27.0	356.0	5.0	0.0	27.0	290.0	1.0	2.0	1206.0	3.0	2.0	56.0	0.0	0.0
4	3	6	-1.1150171593675577	0.8675784173330574	1.0106382978723405	8025.0	356.0	27.0	2.0	2.0	27.0	5.0	0.0	290.0	1206.0	56.0	1.0	0.0	3.0	0.0
3	4	7	1.1267571081872974	0.12992264622800986	0.9896551724137931	8031.0	350.0	27.0	5.0	0.0	27.0	2.0	2.0	289.0	1211.0	52.0	1.0	3.0	0.0	0.0
3	7	4	-106.66633957506433	1.0	0.5026269702276708	8031.0	27.0	350.0	5.0	0.0	27.0	289.0	1.0	2.0	1211.0	3.0	2.0	52.0	0.0	0.0
4	3	7	-1.1149791593212282	0.8675702753223126	1.01067615658363	8031.0	350.0	27.0	2.0	2.0	27.0	5.0	0.0	289.0	1211.0	52.0	1.0	0.0	3.0	0.0
3	4	8	1.1262388463790012	0.1300322686571962	0.9958391123439667	7671.0	710.0	23.0	5.0	4.0	28.0	2.0	1.0	720.0	733.0	99.0	1.0	3.0	0.0	0.0
3	8	4	-268.42025838699465	1.0	0.5010467550593161	7671.0	23.0	710.0	5.0	4.0	28.0	720.0	1.0	2.0	733.0	3.0	1.0	99.0	0.0	0.0
4	3	8	-1.1215331130375847	0.8689694475572807	1.0042134831460674	7671.0	710.0	28.0	2.0	1.0	23.0	5.0	4.0	720.0	733.0	99.0	1.0	0.0	3.0	0.0
3	4	9	0.8100894183464697	0.20894433507601673	0.9977502812148481	7811.0	570.0	26.0	4.0	2.0	27.0	2.0	2.0	889.0	578.0	85.0	1.0	3.0	0.0	0.0
3	9	4	-358.46456761831485	1.0	0.5005643340857787	7811.0	26.0	570.0	4.0	2.0	27.0	889.0	1.0	2.0	578.0	3.0	2.0	85.0	0.0	0.0
4	3	9	-0.8082628356669963	0.7905304121094038	1.0022650056625142	7811.0	570.0	27.0	2.0	2.0	26.0	4.0	2.0	889.0	578.0	85.0	1.0	0.0	3.0	0.0
3	5	6	-0.1299718605280255	0.5517056897312497	0.8571428571428571	7759.0	318.0	293.0	34.0	9.0	280.0	35.0	7.0	29.0	1153.0	31.0	9.0	23.0	19.0	1.0
3	6	5	0.6498593026401253	0.2578914919701798	0.5454545454545454	7759.0	293.0	318.0	34.0	9.0	280.0	29.0	9.0	35.0	1153.0	23.0	7.0	31.0	19.0	1.0
5	3	6	-99999.9	1.0	1.25	7759.0	318.0	280.0	35.0	7.0	293.0	34.0	9.0	29.0	1153.0	31.0	9.0	19.0	23.0	1.0
3	5	7	-99999.9	1.0	1.2	7765.0	312.0	293.0	33.0	10.0	282.0	32.0	8.0	26.0	1161.0	26.0	9.0	23.0	18.0	2.0
3	7	5	0.7956743406634362	0.21311061142524435	0.4615384615384615	7765.0	293.0	312.0	33.0	10.0	282.0	26.0	9.0	32.0	1161.0	23.0	8.0	26.0	18.0	2.0
5	3	7	-0.1326123901105732	0.5527500658835958	0.875	7765.0	312.0	282.0	32.0	8.0	293.0	33.0	10.0	26.0	1161.0	26.0	9.0	18.0	23.0	2.0
3	5	8	0.0	0.49999999949999996	nan	7402.0	675.0	292.0	27.0	17.0	283.0	27.0	12.0	445.0	695.0	73.0	21.0	16.0	14.0	1.0
3	8	5	-56.82999910717282	1.0	0.5	7402.0	292.0	675.0	27.0	17.0	283.0	445.0	21.0	27.0	695.0	16.0	12.0	73.0	14.0	1.0
5	3	8	0.0	0.49999999949999996	nan	7402.0	675.0	283.0	27.0	12.0	292.0	27.0	17.0	445.0	695.0	73.0	21.0	14.0	16.0	1.0
3	5	9	-0.7952750563795257	0.7867733010531649	1.0087260034904013	7532.0	545.0	305.0	17.0	14.0	289.0	22.0	11.0	600.0	549.0	64.0	28.0	12.0	12.0	0.0
3	9	5	-92.72907157385296	1.0	0.49784668389319553	7532.0	305.0	545.0	17.0	14.0	289.0	600.0	28.0	22.0	549.0	12.0	11.0	64.0	12.0	0.0
5	3	9	0.8021545983897292	0.2112317082202544	0.9914965986394558	7532.0	545.0	289.0	22.0	11.0	305.0	17.0	14.0	600.0	549.0	64.0	28.0	12.0	12.0	0.0
3	6	7	-99999.9	1.0	-0.0038910505836575876	7965.0	87.0	93.0	265.0	3.0	310.0	7.0	1.0	6.0	1200.0	5.0	1.0	9.0	46.0	2.0
3	7	6	0.27674062814411404	0.390989700753152	0.0038461538461538464	7965.0	93.0	87.0	265.0	3.0	310.0	6.0	1.0	7.0	1200.0	9.0	1.0	5.0	46.0	2.0
6	3	7	-71.39908206118126	1.0	0.5009671179883946	7965.0	87.0	310.0	7.0	1.0	93.0	265.0	3.0	6.0	1200.0	5.0	1.0	46.0	9.0	2.0
3	6	8	0.4294793590128205	0.3337872418281074	0.9928741092636579	7371.0	681.0	323.0	26.0	12.0	287.0	23.0	8.0	441.0	693.0	77.0	21.0	22.0	13.0	2.0
3	8	6	-59.41131133010689	1.0	0.5018007202881153	7371.0	323.0	681.0	26.0	12.0	287.0	441.0	21.0	23.0	693.0	22.0	8.0	77.0	13.0	2.0
6	3	8	-0.42639697126870935	0.6650906586720124	1.0072815533980584	7371.0	681.0	287.0	23.0	8.0	323.0	26.0	12.0	441.0	693.0	77.0	21.0	13.0	22.0	2.0
3	6	9	0.6675226304171206	0.25221911415150566	0.9931506849315068	7510.0	542.0	327.0	20.0	14.0	291.0	16.0	11.0	596.0	553.0	62.0	30.0	14.0	12.0	2.0
3	9	6	-96.1232587800652	1.0	0.5017301038062283	7510.0	327.0	542.0	20.0	14.0	291.0	596.0	30.0	16.0	553.0	14.0	11.0	62.0	12.0	2.0
6	3	9	-0.6629190260694163	0.7463088569374103	1.006993006993007	7510.0	542.0	291.0	16.0	11.0	327.0	20.0	14.0	596.0	553.0	62.0	30.0	12.0	14.0	2.0
3	7	8	0.14907472081806458	0.4407473183625321	0.9976303317535545	7376.0	682.0	318.0	23.0	14.0	286.0	22.0	9.0	443.0	697.0	76.0	20.0	19.0	12.0	3.0
3	8	7	-62.611382743586915	1.0	0.5005945303210464	7376.0	318.0	682.0	23.0	14.0	286.0	443.0	20.0	22.0	697.0	19.0	9.0	76.0	12.0	3.0
7	3	8	-0.14872062409403117	0.5591129750990641	1.0023866348448687	7376.0	682.0	286.0	22.0	9.0	318.0	23.0	14.0	443.0	697.0	76.0	20.0	12.0	19.0	3.0
3	7	9	1.0308686537531346	0.15130123054242772	0.9898477157360406	7513.0	545.0	324.0	20.0	11.0	292.0	14.0	11.0	599.0	556.0	61.0	26.0	13.0	12.0	3.0
3	9	7	-99.47882508717728	1.0	0.5025773195876289	7513.0	324.0	545.0	20.0	11.0	292.0	599.0	26.0	14.0	556.0	13.0	11.0	61.0	12.0	3.0
7	3	9	-1.020295641919769	0.8462058475747068	1.0104712041884816	7513.0	545.0	292.0	14.0	11.0	324.0	20.0	11.0	599.0	556.0	61.0	26.0	12.0	13.0	3.0
3	8	9	1.0575103282014162	0.14513940268941017	0.9358974358974359	7191.0	503.0	646.0	52.0	21.0	688.0	42.0	19.0	188.0	518.0	32.0	41.0	23.0	35.0	1.0
3	9	8	-14.38214046353926	1.0	0.5177304964539008	7191.0	646.0	503.0	52.0	21.0	688.0	188.0	41.0	42.0	518.0	23.0	19.0	32.0	35.0	1.0
8	3	9	-0.9850781139410452	0.837707144484502	1.0793650793650793	7191.0	503.0	688.0	42.0	19.0	646.0	52.0	21.0	188.0	518.0	32.0	41.0	35.0	23.0	1.0
4	5	6	-0.6987901991231257	0.7576584916519833	0.5454545454545454	7762.0	320.0	290.0	30.0	10.0	277.0	35.0	5.0	29.0	1154.0	31.0	12.0	22.0	22.0	1.0
4	6	5	0.1397580398246249	0.44442555734481326	0.8571428571428571	7762.0	290.0	320.0	30.0	10.0	277.0	29.0	12.0	35.0	1154.0	22.0	5.0	31.0	22.0	1.0
5	4	6	-99999.9	1.0	-0.25	7762.0	320.0	277.0	35.0	5.0	290.0	30.0	10.0	29.0	1154.0	31.0	12.0	22.0	22.0	1.0
4	5	7	-0.45446721279351077	0.6752536842440253	0.6666666666666666	7768.0	314.0	290.0	29.0	11.0	279.0	32.0	6.0	26.0	1162.0	26.0	12.0	22.0	21.0	2.0
4	7	5	0.4544672127935114	0.32474631575597446	0.6666666666666666	7768.0	290.0	314.0	29.0	11.0	279.0	26.0	12.0	32.0	1162.0	22.0	6.0	26.0	21.0	2.0
5	4	7	-99999.9	1.0	-inf	7768.0	314.0	279.0	32.0	6.0	290.0	29.0	11.0	26.0	1162.0	26.0	12.0	21.0	22.0	2.0
4	5	8	-0.42640945184043827	0.6650952050284094	1.0072289156626506	7408.0	674.0	291.0	23.0	16.0	277.0	26.0	14.0	444.0	696.0	74.0	23.0	16.0	17.0	1.0
4	8	5	-59.83945974160823	1.0	0.49821215733015495	7408.0	291.0	674.0	23.0	16.0	277.0	444.0	23.0	26.0	696.0	16.0	14.0	74.0	17.0	1.0
5	4	8	0.4294698067579534	0.3337907169023544	0.9929245283018868	7408.0	674.0	277.0	26.0	14.0	291.0	23.0	16.0	444.0	696.0	74.0	23.0	17.0	16.0	1.0
4	5	9	-1.1396928367321637	0.8727927993287412	1.0122377622377623	7536.0	546.0	302.0	15.0	13.0	285.0	22.0	10.0	601.0	548.0	65.0	30.0	12.0	15.0	0.0
4	9	5	-95.40857176072139	1.0	0.4969957081545065	7536.0	302.0	546.0	15.0	13.0	285.0	601.0	30.0	22.0	548.0	12.0	10.0	65.0	15.0	0.0
5	4	9	1.1534715066063004	0.12435851043039703	0.9881956155143339	7536.0	546.0	285.0	22.0	10.0	302.0	15.0	13.0	601.0	548.0	65.0	30.0	15.0	12.0	0.0
4	6	7	-99999.9	1.0	-0.00390625	7965.0	87.0	93.0	264.0	3.0	310.0	7.0	1.0	6.0	1200.0	5.0	1.0	9.0	47.0	2.0
4	7	6	0.27674237363673376	0.39098903056400724	0.003861003861003861	7965.0	93.0	87.0	264.0	3.0	310.0	6.0	1.0	7.0	1200.0	9.0	1.0	5.0	47.0	2.0
6	4	7	-71.12279002464058	1.0	0.5009708737864078	7965.0	87.0	310.0	7.0	1.0	93.0	264.0	3.0	6.0	1200.0	5.0	1.0	47.0	9.0	2.0
4	6	8	0.30182328313065276	0.3813934588050897	0.9952380952380953	7374.0	678.0	325.0	23.0	12.0	284.0	21.0	13.0	439.0	695.0	77.0	21.0	22.0	14.0	2.0
4	8	6	-62.779242891175755	1.0	0.5011990407673861	7374.0	325.0	678.0	23.0	12.0	284.0	439.0	21.0	21.0	695.0	22.0	13.0	77.0	14.0	2.0
6	4	8	-0.3003791525893578	0.618055949830796	1.0048309178743962	7374.0	678.0	284.0	21.0	13.0	325.0	23.0	12.0	439.0	695.0	77.0	21.0	14.0	22.0	2.0
4	6	9	0.3430152767138293	0.36579355020584803	0.9965576592082617	7510.0	542.0	328.0	18.0	14.0	291.0	16.0	11.0	595.0	553.0	63.0	30.0	13.0	14.0	2.0
4	9	6	-98.95990733194016	1.0	0.5008650519031141	7510.0	328.0	542.0	18.0	14.0	291.0	595.0	30.0	16.0	553.0	13.0	11.0	63.0	14.0	2.0
6	4	9	-0.34183042256283164	0.6337606766771076	1.0034782608695652	7510.0	542.0	291.0	16.0	11.0	328.0	18.0	14.0	595.0	553.0	63.0	30.0	14.0	13.0	2.0
4	7	8	0.0	0.49999999949999996	nan	7379.0	679.0	320.0	20.0	14.0	283.0	20.0	14.0	441.0	699.0	76.0	20.0	19.0	13.0	3.0
4	8	7	-66.48289300522457	1.0	0.5	7379.0	320.0	679.0	20.0	14.0	283.0	441.0	20.0	20.0	699.0	19.0	14.0	76.0	13.0	3.0
7	4	8	0.0	0.49999999949999996	nan	7379.0	679.0	283.0	20.0	14.0	320.0	20.0	14.0	441.0	699.0	76.0	20.0	13.0	19.0	3.0
4	7	9	0.7078121825713732	0.2395308807097577	0.9931972789115646	7513.0	545.0	325.0	18.0	11.0	292.0	14.0	11.0	598.0	556.0	62.0	26.0	12.0	14.0	3.0
4	9	7	-102.63276647284903	1.0	0.5017182130584193	7513.0	325.0	545.0	18.0	11.0	292.0	598.0	26.0	14.0	556.0	12.0	11.0	62.0	14.0	3.0
7	4	9	-0.7029641539236241	0.7589610246584214	1.0069444444444444	7513.0	545.0	292.0	14.0	11.0	325.0	18.0	11.0	598.0	556.0	62.0	26.0	14.0	12.0	3.0
4	8	9	0.8517987953579155	0.19716284157350517	0.9483870967741935	7195.0	504.0	643.0	50.0	20.0	684.0	42.0	18.0	189.0	517.0	32.0	43.0	23.0	38.0	2.0
4	9	8	-14.800004069343776	1.0	0.513986013986014	7195.0	643.0	504.0	50.0	20.0	684.0	189.0	43.0	42.0	517.0	23.0	18.0	32.0	38.0	2.0
8	4	9	-0.8054423983316343	0.7897178419972886	1.0610687022900764	7195.0	504.0	684.0	42.0	18.0	643.0	50.0	20.0	189.0	517.0	32.0	43.0	38.0	23.0	2.0
5	6	7	-99999.9	1.0	-0.007905138339920948	7954.0	85.0	93.0	263.0	4.0	321.0	8.0	2.0	6.0	1195.0	5.0	1.0	9.0	53.0	1.0
5	7	6	0.5341004524058938	0.2966359991401083	0.007722007722007722	7954.0	93.0	85.0	263.0	4.0	321.0	6.0	1.0	8.0	1195.0	9.0	2.0	5.0	53.0	1.0
6	5	7	-68.09780768175129	1.0	0.501953125	7954.0	85.0	321.0	8.0	2.0	93.0	263.0	4.0	6.0	1195.0	5.0	1.0	53.0	9.0	1.0
5	6	8	0.5362325222725947	0.295898909327063	0.9904988123515439	7368.0	671.0	317.0	30.0	13.0	290.0	26.0	15.0	443.0	687.0	76.0	25.0	23.0	15.0	1.0
5	8	6	-55.366007924645444	1.0	0.5024096385542169	7368.0	317.0	671.0	30.0	13.0	290.0	443.0	25.0	26.0	687.0	23.0	15.0	76.0	15.0	1.0
6	5	8	-0.5310888050325698	0.7023213969321922	1.0097799511002445	7368.0	671.0	290.0	26.0	15.0	317.0	30.0	13.0	443.0	687.0	76.0	25.0	15.0	23.0	1.0
5	6	9	1.0961894606219964	0.13649797862540103	0.9880749574105622	7497.0	542.0	324.0	24.0	12.0	304.0	17.0	10.0	597.0	546.0	63.0	32.0	15.0	15.0	2.0
5	9	6	-89.73093727662882	1.0	0.5030355594102341	7497.0	324.0	542.0	24.0	12.0	304.0	597.0	32.0	17.0	546.0	15.0	10.0	63.0	15.0	2.0
6	5	9	-1.0829595878213862	0.8605867803139293	1.0123674911660778	7497.0	542.0	304.0	17.0	10.0	324.0	24.0	12.0	597.0	546.0	63.0	32.0	15.0	15.0	2.0
5	7	8	0.2776904050179157	0.3906250778605105	0.9952718676122931	7374.0	673.0	311.0	27.0	14.0	288.0	25.0	15.0	446.0	690.0	76.0	24.0	21.0	15.0	1.0
5	8	7	-58.17613985125341	1.0	0.5011904761904763	7374.0	311.0	673.0	27.0	14.0	288.0	446.0	24.0	25.0	690.0	21.0	15.0	76.0	15.0	1.0
7	5	8	-0.27637121069479015	0.6088684526009583	1.0047961630695443	7374.0	673.0	288.0	25.0	15.0	311.0	27.0	14.0	446.0	690.0	76.0	24.0	15.0	21.0	1.0
5	7	9	1.2684608971322524	0.10231677196023314	0.9865092748735245	7503.0	544.0	318.0	24.0	10.0	302.0	16.0	10.0	601.0	549.0	62.0	30.0	13.0	15.0	3.0
5	9	7	-91.48774220566361	1.0	0.5034423407917384	7503.0	318.0	544.0	24.0	10.0	302.0	601.0	30.0	16.0	549.0	13.0	10.0	62.0	15.0	3.0
7	5	9	-1.251114423325316	0.8945535644131016	1.0140597539543057	7503.0	544.0	302.0	16.0	10.0	318.0	24.0	10.0	601.0	549.0	62.0	30.0	15.0	13.0	3.0
5	8	9	1.4876450392391773	0.06842229768821562	0.9135802469135802	7182.0	503.0	639.0	54.0	21.0	697.0	40.0	21.0	188.0	516.0	32.0	48.0	22.0	35.0	2.0
5	9	8	-14.238888232717839	1.0	0.524822695035461	7182.0	639.0	503.0	54.0	21.0	697.0	188.0	48.0	40.0	516.0	22.0	21.0	32.0	35.0	2.0
8	5	9	-1.3469218598516877	0.9109972364068366	1.1166666666666667	7182.0	503.0	697.0	40.0	21.0	639.0	54.0	21.0	188.0	516.0	32.0	48.0	35.0	22.0	2.0
6	7	8	-0.628021705835044	0.7350051965161504	1.0029585798816567	7570.0	705.0	88.0	4.0	3.0	92.0	6.0	2.0	684.0	722.0	105.0	9.0	4.0	6.0	0.0
6	8	7	-213.5273799839124	1.0	0.4992636229749632	7570.0	88.0	705.0	4.0	3.0	92.0	684.0	9.0	6.0	722.0	4.0	2.0	105.0	6.0	0.0
7	6	8	0.629874277238687	0.2643883643701964	0.9970674486803519	7570.0	705.0	92.0	6.0	2.0	88.0	4.0	3.0	684.0	722.0	105.0	9.0	6.0	4.0	0.0
6	7	9	0.9877566603627852	0.1616359240006855	0.9976415094339622	7710.0	565.0	91.0	3.0	1.0	95.0	1.0	4.0	847.0	581.0	83.0	11.0	3.0	4.0	1.0
6	9	7	-416.8333106731076	1.0	0.5005917159763313	7710.0	91.0	565.0	3.0	1.0	95.0	847.0	11.0	1.0	581.0	3.0	4.0	83.0	4.0	1.0
7	6	9	-0.9854215382342679	0.8377914686045482	1.002375296912114	7710.0	565.0	95.0	1.0	4.0	91.0	3.0	1.0	847.0	581.0	83.0	11.0	4.0	3.0	1.0
6	8	9	0.8256998520845377	0.20448713443468391	0.948051948051948	7162.0	496.0	639.0	53.0	20.0	717.0	45.0	23.0	191.0	513.0	28.0	45.0	27.0	39.0	2.0
6	9	8	-14.243322448458267	1.0	0.5140845070422535	7162.0	639.0	496.0	53.0	20.0	717.0	191.0	45.0	45.0	513.0	27.0	23.0	28.0	39.0	2.0
8	6	9	-0.7804560245730561	0.7824388126977813	1.0615384615384615	7162.0	496.0	717.0	45.0	23.0	639.0	53.0	20.0	191.0	513.0	28.0	45.0	39.0	27.0	2.0
7	8	9	0.7323288701134395	0.23198386197806475	0.9536423841059603	7163.0	499.0	642.0	51.0	20.0	716.0	44.0	21.0	188.0	517.0	27.0	45.0	27.0	37.0	3.0
7	9	8	-14.332722172220187	1.0	0.5124555160142349	7163.0	642.0	499.0	51.0	20.0	716.0	188.0	45.0	44.0	517.0	27.0	21.0	27.0	37.0	3.0
8	7	9	-0.6967295500384806	0.7570140376477883	1.0538461538461539	7163.0	499.0	716.0	44.0	21.0	642.0	51.0	20.0	188.0	517.0	27.0	45.0	37.0	27.0	3.0
