P1	Hybrid	P2	Zscore	Pvalue	Gamma	AAAA	AAAB	AABA	AABB	AABC	ABAA	ABAB	ABAC	ABBA	BAAA	ABBC	CABC	BACA	BCAA	ABCD
1	2	3	0.1611713869345003	0.4359792008362644	0.0007527286413248024	79941.0	817.0	795.0	2731.0	31.0	3484.0	76.0	21.0	78.0	11433.0	51.0	23.0	45.0	470.0	4.0
1	3	2	-99999.9	1.0	-0.0007544322897019992	79941.0	795.0	817.0	2731.0	31.0	3484.0	78.0	23.0	76.0	11433.0	45.0	21.0	51.0	470.0	4.0
2	1	3	-213.79384476861506	1.0	0.49981160512434064	79941.0	817.0	3484.0	76.0	21.0	795.0	2731.0	31.0	78.0	11433.0	51.0	23.0	470.0	45.0	4.0
1	2	4	-99999.9	1.0	-0.2916666666666667	77661.0	3097.0	3070.0	411.0	76.0	3229.0	287.0	65.0	259.0	11071.0	232.0	75.0	211.0	250.0	6.0
1	4	2	1.28689819114483	0.09906495636473167	0.15555555555555556	77661.0	3070.0	3097.0	411.0	76.0	3229.0	259.0	75.0	287.0	11071.0	211.0	65.0	232.0	250.0	6.0
2	1	4	-5.699120560784243	0.999999993961288	0.5507246376811595	77661.0	3097.0	3229.0	287.0	65.0	3070.0	411.0	76.0	259.0	11071.0	232.0	75.0	250.0	211.0	6.0
1	2	5	-99999.9	1.0	-0.14814814814814814	77670.0	3088.0	3084.0	406.0	67.0	3229.0	282.0	70.0	266.0	11076.0	220.0	75.0	213.0	245.0	9.0
1	5	2	0.7183726758453278	0.23626369553273152	0.10256410256410256	77670.0	3084.0	3088.0	406.0	67.0	3229.0	266.0	75.0	282.0	11076.0	213.0	70.0	220.0	245.0	9.0
2	1	5	-5.567388237801291	0.9999999870370495	0.5303030303030304	77670.0	3088.0	3229.0	282.0	70.0	3084.0	406.0	67.0	266.0	11076.0	220.0	75.0	245.0	213.0	9.0
1	2	6	-0.42892370458244	0.6660105894918851	1.0025806451612904	74161.0	6597.0	3152.0	266.0	139.0	3135.0	276.0	170.0	4161.0	6764.0	637.0	243.0	129.0	151.0	19.0
1	6	2	-167.06578293486072	1.0	0.49935732647814907	74161.0	3152.0	6597.0	266.0	139.0	3135.0	4161.0	243.0	276.0	6764.0	129.0	170.0	637.0	151.0	19.0
2	1	6	0.430027755302086	0.33358776124020406	0.9974391805377721	74161.0	6597.0	3135.0	276.0	170.0	3152.0	266.0	139.0	4161.0	6764.0	637.0	243.0	151.0	129.0	19.0
1	2	7	-0.18324514713420295	0.5726971525464313	1.0008084074373484	74987.0	5771.0	3198.0	236.0	123.0	3217.0	240.0	124.0	5192.0	5779.0	591.0	285.0	115.0	121.0	21.0
1	7	2	-227.04073729927694	1.0	0.49979814291481633	74987.0	3198.0	5771.0	236.0	123.0	3217.0	5192.0	285.0	240.0	5779.0	115.0	124.0	591.0	121.0	21.0
2	1	7	0.18339316421589455	0.4272447812331661	0.9991935483870967	74987.0	5771.0	3217.0	240.0	124.0	3198.0	236.0	123.0	5192.0	5779.0	591.0	285.0	121.0	115.0	21.0
1	2	8	-1.5066455941493984	0.9340492102377786	1.0052410901467506	75818.0	4940.0	3239.0	182.0	136.0	3243.0	212.0	126.0	5966.0	5058.0	538.0	327.0	91.0	112.0	12.0
1	8	2	-290.4812705520048	1.0	0.49869994799791995	75818.0	3239.0	4940.0	182.0	136.0	3243.0	5966.0	327.0	212.0	5058.0	91.0	126.0	538.0	112.0	12.0
2	1	8	1.5145008892179563	0.06494944974376071	0.9948400412796697	75818.0	4940.0	3243.0	212.0	126.0	3239.0	182.0	136.0	5966.0	5058.0	538.0	327.0	112.0	91.0	12.0
1	2	9	-0.10311144108053245	0.5410627927600286	1.0003257328990227	76088.0	4670.0	3273.0	187.0	97.0	3292.0	189.0	100.0	6331.0	4705.0	526.0	328.0	95.0	104.0	15.0
1	9	2	-316.7583469993988	1.0	0.49991860654403386	76088.0	3273.0	4670.0	187.0	97.0	3292.0	6331.0	328.0	189.0	4705.0	95.0	100.0	526.0	104.0	15.0
2	1	9	0.10314501693239846	0.45892388347583934	0.9996745850959974	76088.0	4670.0	3292.0	189.0	100.0	3273.0	187.0	97.0	6331.0	4705.0	526.0	328.0	104.0	95.0	15.0
1	3	4	-99999.9	1.0	-0.38823529411764696	77642.0	3094.0	3089.0	417.0	73.0	3222.0	299.0	64.0	266.0	11055.0	233.0	75.0	215.0	249.0	7.0
1	4	3	1.5039845802678273	0.06629269712034946	0.1793478260869565	77642.0	3089.0	3094.0	417.0	73.0	3222.0	266.0	75.0	299.0	11055.0	215.0	64.0	233.0	249.0	7.0
3	1	4	-5.37788425671526	0.9999999622328772	0.5613382899628253	77642.0	3094.0	3222.0	299.0	64.0	3089.0	417.0	73.0	266.0	11055.0	233.0	75.0	249.0	215.0	7.0
1	3	5	-99999.9	1.0	-0.2142857142857143	77653.0	3083.0	3101.0	412.0	66.0	3221.0	293.0	71.0	272.0	11061.0	221.0	77.0	217.0	244.0	8.0
1	5	3	0.9402047587048287	0.1735562569650979	0.13043478260869565	77653.0	3101.0	3083.0	412.0	66.0	3221.0	272.0	77.0	293.0	11061.0	217.0	71.0	221.0	244.0	8.0
3	1	5	-5.327826965994038	0.9999999501964776	0.5405405405405405	77653.0	3083.0	3221.0	293.0	71.0	3101.0	412.0	66.0	272.0	11061.0	221.0	77.0	244.0	217.0	8.0
1	3	6	-0.4265688892725846	0.6651532819205931	1.0025846471956579	74132.0	6604.0	3181.0	269.0	129.0	3134.0	279.0	172.0	4158.0	6764.0	632.0	247.0	126.0	155.0	18.0
1	6	3	-165.89264103810842	1.0	0.4993563336766221	74132.0	3181.0	6604.0	269.0	129.0	3134.0	4158.0	247.0	279.0	6764.0	126.0	172.0	632.0	155.0	18.0
3	1	6	0.42766857705106515	0.33444625197324784	0.9974352398050782	74132.0	6604.0	3134.0	279.0	172.0	3181.0	269.0	129.0	4158.0	6764.0	632.0	247.0	155.0	126.0	18.0
1	3	7	0.3220469213977272	0.37370864292242323	0.9985887096774193	74961.0	5775.0	3224.0	240.0	115.0	3225.0	233.0	127.0	5186.0	5785.0	583.0	283.0	116.0	124.0	23.0
1	7	3	-227.5491533190224	1.0	0.5003535710677846	74961.0	3224.0	5775.0	240.0	115.0	3225.0	5186.0	283.0	233.0	5785.0	116.0	127.0	583.0	124.0	23.0
3	1	7	-0.3215917773537571	0.6261189442635657	1.0014172909495849	74961.0	5775.0	3225.0	233.0	127.0	3224.0	240.0	115.0	5186.0	5785.0	583.0	283.0	124.0	116.0	23.0
1	3	8	-1.1970463284439092	0.8843556866659588	1.0041884816753928	75793.0	4943.0	3264.0	188.0	127.0	3250.0	212.0	123.0	5966.0	5049.0	539.0	320.0	100.0	114.0	12.0
1	8	3	-288.18890357287097	1.0	0.4989594172736732	75793.0	3264.0	4943.0	188.0	127.0	3250.0	5966.0	320.0	212.0	5049.0	100.0	123.0	539.0	114.0	12.0
3	1	8	1.2020392224103074	0.1146742311031217	0.9958634953464323	75793.0	4943.0	3250.0	212.0	123.0	3264.0	188.0	127.0	5966.0	5049.0	539.0	320.0	114.0	100.0	12.0
1	3	9	0.2074285501556564	0.4178376240731163	0.9993489583333334	76062.0	4674.0	3299.0	188.0	92.0	3301.0	184.0	100.0	6324.0	4708.0	522.0	326.0	97.0	104.0	19.0
1	9	3	-318.19539593877744	1.0	0.5001629195177583	76062.0	3299.0	4674.0	188.0	92.0	3301.0	6324.0	326.0	184.0	4708.0	97.0	100.0	522.0	104.0	19.0
3	1	9	-0.2072934175496918	0.5821096125719314	1.000652315720809	76062.0	4674.0	3301.0	184.0	100.0	3299.0	188.0	92.0	6324.0	4708.0	522.0	326.0	104.0	97.0	19.0
1	4	5	0.5501979749620421	0.29109176908345313	0.0034782608695652175	79603.0	1128.0	1151.0	2394.0	39.0	3435.0	102.0	26.0	110.0	11380.0	79.0	25.0	89.0	434.0	5.0
1	5	4	-99999.9	1.0	-0.0035149384885764497	79603.0	1151.0	1128.0	2394.0	39.0	3435.0	110.0	25.0	102.0	11380.0	89.0	26.0	79.0	434.0	5.0
4	1	5	-157.08152185166315	1.0	0.4991258741258741	79603.0	1128.0	3435.0	102.0	26.0	1151.0	2394.0	39.0	110.0	11380.0	79.0	25.0	434.0	89.0	5.0
1	4	6	0.17316759489591282	0.43125985024960256	0.9989816700610998	74152.0	6579.0	3161.0	269.0	154.0	3130.0	265.0	168.0	4189.0	6751.0	629.0	220.0	153.0	159.0	21.0
1	6	4	-169.7042429979942	1.0	0.5002549719530851	74152.0	3161.0	6579.0	269.0	154.0	3130.0	4189.0	220.0	265.0	6751.0	153.0	168.0	629.0	159.0	21.0
4	1	6	-0.17299107339245118	0.5686707749456984	1.0010214504596526	74152.0	6579.0	3130.0	265.0	168.0	3161.0	269.0	154.0	4189.0	6751.0	629.0	220.0	159.0	153.0	21.0
1	4	7	-0.04577744818354034	0.5182562485368889	1.0002004811547716	74963.0	5768.0	3222.0	238.0	124.0	3202.0	239.0	122.0	5228.0	5761.0	580.0	264.0	134.0	132.0	23.0
1	7	4	-228.4294664358658	1.0	0.49994989477903595	74963.0	3222.0	5768.0	238.0	124.0	3202.0	5228.0	264.0	239.0	5761.0	134.0	122.0	580.0	132.0	23.0
4	1	7	0.045786623859664526	0.48174009472761825	0.9997996393508315	74963.0	5768.0	3202.0	239.0	122.0	3222.0	238.0	124.0	5228.0	5761.0	580.0	264.0	132.0	134.0	23.0
1	4	8	0.342131468732635	0.36612604474759847	0.9987914364640884	75795.0	4936.0	3262.0	213.0	109.0	3233.0	206.0	124.0	5991.0	5047.0	531.0	312.0	108.0	123.0	10.0
1	8	4	-282.40508947673845	1.0	0.5003026896134222	75795.0	3262.0	4936.0	213.0	109.0	3233.0	5991.0	312.0	206.0	5047.0	108.0	124.0	531.0	123.0	10.0
4	1	8	-0.3417174807842982	0.6337181755910415	1.0012129613585168	75795.0	4936.0	3233.0	206.0	124.0	3262.0	213.0	109.0	5991.0	5047.0	531.0	312.0	123.0	108.0	10.0
1	4	9	0.0	0.49999999949999996	nan	76070.0	4661.0	3291.0	181.0	112.0	3271.0	181.0	111.0	6354.0	4701.0	514.0	326.0	107.0	111.0	9.0
1	9	4	-324.40087321033803	1.0	0.5	76070.0	3291.0	4661.0	181.0	112.0	3271.0	6354.0	326.0	181.0	4701.0	107.0	111.0	514.0	111.0	9.0
4	1	9	0.0	0.49999999949999996	nan	76070.0	4661.0	3271.0	181.0	111.0	3291.0	181.0	112.0	6354.0	4701.0	514.0	326.0	111.0	107.0	9.0
1	5	6	-0.3900652867604564	0.6517558113343778	1.0023059185242122	74161.0	6593.0	3152.0	261.0	148.0	3131.0	270.0	169.0	4182.0	6759.0	630.0	226.0	140.0	158.0	20.0
1	6	5	-169.93844326530512	1.0	0.4994255074684029	74161.0	3152.0	6593.0	261.0	148.0	3131.0	4182.0	226.0	270.0	6759.0	140.0	169.0	630.0	158.0	20.0
5	1	6	0.39096267622386227	0.3479124651490445	0.9977099236641221	74161.0	6593.0	3131.0	270.0	169.0	3152.0	261.0	148.0	4182.0	6759.0	630.0	226.0	158.0	140.0	20.0
1	5	7	0.629388918763722	0.2645471781091422	0.9971938264181198	75000.0	5754.0	3185.0	255.0	121.0	3205.0	241.0	124.0	5216.0	5771.0	584.0	273.0	122.0	127.0	22.0
1	7	5	-223.0284589990588	1.0	0.5007045088566827	75000.0	3185.0	5754.0	255.0	121.0	3205.0	5216.0	273.0	241.0	5771.0	122.0	124.0	584.0	127.0	22.0
5	1	7	-0.6276177740677037	0.734872875690531	1.0028299979785729	75000.0	5754.0	3205.0	241.0	124.0	3185.0	255.0	121.0	5216.0	5771.0	584.0	273.0	127.0	122.0	22.0
1	5	8	-0.5045523306171222	0.6930633547601655	1.0017340038148084	75803.0	4951.0	3254.0	191.0	116.0	3245.0	201.0	124.0	5978.0	5057.0	536.0	313.0	103.0	118.0	10.0
1	8	5	-291.9844337281282	1.0	0.49956762365963336	75803.0	3254.0	4951.0	191.0	116.0	3245.0	5978.0	313.0	201.0	5057.0	103.0	124.0	536.0	118.0	10.0
5	1	8	0.5054257118368161	0.306629927427829	0.9982749698119717	75803.0	4951.0	3245.0	201.0	124.0	3254.0	191.0	116.0	5978.0	5057.0	536.0	313.0	118.0	103.0	10.0
1	5	9	0.42183974518962075	0.33657103605779537	0.998704033695124	76104.0	4650.0	3257.0	184.0	120.0	3284.0	176.0	110.0	6341.0	4716.0	514.0	326.0	97.0	111.0	10.0
1	9	5	-324.65841389156145	1.0	0.500324622626197	76104.0	3257.0	4650.0	184.0	120.0	3284.0	6341.0	326.0	176.0	4716.0	97.0	110.0	514.0	111.0	10.0
5	1	9	-0.42129234568248103	0.663229150791198	1.0013010245568386	76104.0	4650.0	3284.0	176.0	110.0	3257.0	184.0	120.0	6341.0	4716.0	514.0	326.0	111.0	97.0	10.0
1	6	7	0.2231245941979949	0.4117193094261684	0.9929789368104313	71931.0	5382.0	6254.0	499.0	249.0	6788.0	492.0	259.0	1482.0	5397.0	290.0	424.0	245.0	280.0	28.0
1	7	6	-31.33306801380425	1.0	0.501773948302078	71931.0	6254.0	5382.0	499.0	249.0	6788.0	1482.0	424.0	492.0	5397.0	245.0	259.0	290.0	280.0	28.0
6	1	7	-0.22154694555215051	0.5876666665921315	1.007172131147541	71931.0	5382.0	6788.0	492.0	259.0	6254.0	499.0	249.0	1482.0	5397.0	290.0	424.0	280.0	245.0	28.0
1	6	8	-0.3091449736441745	0.6213943063646747	1.005157593123209	72693.0	4620.0	6364.0	417.0	221.0	6867.0	426.0	246.0	2180.0	4710.0	279.0	489.0	225.0	247.0	16.0
1	8	6	-60.558065392741725	1.0	0.49872050042649985	72693.0	6364.0	4620.0	417.0	221.0	6867.0	2180.0	489.0	426.0	4710.0	225.0	246.0	279.0	247.0	16.0
6	1	8	0.31073123633676153	0.3780025432846762	0.994920993227991	72693.0	4620.0	6867.0	426.0	246.0	6364.0	417.0	221.0	2180.0	4710.0	279.0	489.0	247.0	225.0	16.0
1	6	9	0.9768126663866039	0.16433095288714528	0.9873654656059897	72964.0	4349.0	6397.0	400.0	205.0	6938.0	373.0	228.0	2483.0	4414.0	272.0	530.0	202.0	224.0	21.0
1	9	6	-75.3592882993815	1.0	0.5032196518006201	72964.0	6397.0	4349.0	400.0	205.0	6938.0	2483.0	530.0	373.0	4414.0	202.0	228.0	272.0	224.0	21.0
6	1	9	-0.9643131678119885	0.8325555335883638	1.0131322957198443	72964.0	4349.0	6938.0	373.0	228.0	6397.0	400.0	205.0	2483.0	4414.0	272.0	530.0	224.0	202.0	21.0
1	7	8	0.16937499150550464	0.4327508464056433	0.9934810951760105	73583.0	4602.0	5474.0	441.0	215.0	7979.0	436.0	279.0	1198.0	4725.0	211.0	359.0	200.0	282.0	16.0
1	8	7	-25.643373713933105	1.0	0.5016458196181698	73583.0	5474.0	4602.0	441.0	215.0	7979.0	1198.0	359.0	436.0	4725.0	200.0	279.0	211.0	282.0	16.0
7	1	8	-0.1682636070468071	0.5668120496571487	1.0066489361702127	73583.0	4602.0	7979.0	436.0	279.0	5474.0	441.0	215.0	1198.0	4725.0	211.0	359.0	282.0	200.0	16.0
1	7	9	1.0860732845062688	0.13872332555820976	0.9734982332155477	73834.0	4351.0	5527.0	406.0	197.0	8080.0	376.0	238.0	1478.0	4434.0	222.0	393.0	179.0	267.0	18.0
1	9	7	-38.80901869969069	1.0	0.5068997240110396	73834.0	5527.0	4351.0	406.0	197.0	8080.0	1478.0	393.0	376.0	4434.0	179.0	238.0	222.0	267.0	18.0
7	1	9	-1.0565068611531037	0.854631615463967	1.0287907869481765	73834.0	4351.0	8080.0	376.0	238.0	5527.0	406.0	197.0	1478.0	4434.0	222.0	393.0	267.0	179.0	18.0
1	8	9	-0.39163044374541045	0.6523343022247028	1.032934131736527	74622.0	4435.0	4739.0	376.0	143.0	8890.0	387.0	259.0	732.0	4452.0	177.0	329.0	150.0	293.0	16.0
1	9	8	-12.674585270305979	1.0	0.4921540656205421	74622.0	4739.0	4435.0	376.0	143.0	8890.0	732.0	329.0	387.0	4452.0	150.0	259.0	177.0	293.0	16.0
8	1	9	0.4041172115170033	0.34306331199011364	0.9700272479564033	74622.0	4435.0	8890.0	387.0	259.0	4739.0	376.0	143.0	732.0	4452.0	177.0	329.0	293.0	150.0	16.0
2	3	4	-0.7120878482032557	0.761794880043243	1.0036231884057971	80066.0	3359.0	824.0	75.0	15.0	798.0	84.0	14.0	2577.0	11597.0	460.0	29.0	51.0	49.0	2.0
2	4	3	-197.96042180050515	1.0	0.4990990990990991	80066.0	824.0	3359.0	75.0	15.0	798.0	2577.0	29.0	84.0	11597.0	51.0	14.0	460.0	49.0	2.0
3	2	4	0.714658562456697	0.23740995485411787	0.996415770609319	80066.0	3359.0	798.0	84.0	14.0	824.0	75.0	15.0	2577.0	11597.0	460.0	29.0	49.0	51.0	2.0
2	3	5	-0.5723966291203358	0.7164733876206778	1.002792181890706	80072.0	3353.0	827.0	71.0	16.0	802.0	78.0	16.0	2592.0	11599.0	443.0	31.0	50.0	47.0	3.0
2	5	3	-206.14455743033776	1.0	0.49930486593843104	80072.0	827.0	3353.0	71.0	16.0	802.0	2592.0	31.0	78.0	11599.0	50.0	16.0	443.0	47.0	3.0
3	2	5	0.5739904144838373	0.28298710608898114	0.9972310126582279	80072.0	3353.0	802.0	78.0	16.0	827.0	71.0	16.0	2592.0	11599.0	443.0	31.0	47.0	50.0	3.0
2	3	6	-0.33311182993948407	0.630474997198788	1.0006020469596628	76492.0	6933.0	804.0	70.0	40.0	774.0	74.0	48.0	6722.0	7081.0	831.0	60.0	26.0	37.0	8.0
2	6	3	-553.9649731893637	1.0	0.4998496240601504	76492.0	804.0	6933.0	70.0	40.0	774.0	6722.0	60.0	74.0	7081.0	26.0	48.0	831.0	37.0	8.0
3	2	6	0.3333122582366799	0.3694493614433154	0.9993990384615384	76492.0	6933.0	774.0	74.0	48.0	804.0	70.0	40.0	6722.0	7081.0	831.0	60.0	37.0	26.0	8.0
2	3	7	0.8466872576132546	0.19858468393505668	0.9988403556242752	77381.0	6044.0	823.0	61.0	30.0	805.0	52.0	39.0	7804.0	6058.0	772.0	66.0	26.0	30.0	9.0
2	7	3	-728.433270633271	1.0	0.5002904162633107	77381.0	823.0	6044.0	61.0	30.0	805.0	7804.0	66.0	52.0	6058.0	26.0	39.0	772.0	30.0	9.0
3	2	7	-0.8457042615711338	0.8011411752728379	1.0011636927851046	77381.0	6044.0	805.0	52.0	39.0	823.0	61.0	30.0	7804.0	6058.0	772.0	66.0	30.0	26.0	9.0
2	3	8	0.5075440652383754	0.3058865575457612	0.9994181310368905	78226.0	5199.0	835.0	51.0	28.0	817.0	46.0	33.0	8634.0	5281.0	719.0	81.0	25.0	19.0	6.0
2	8	3	-871.250142388197	1.0	0.500145594315998	78226.0	835.0	5199.0	51.0	28.0	817.0	8634.0	81.0	46.0	5281.0	25.0	33.0	719.0	19.0	6.0
3	2	8	-0.5072485691594056	0.6940097952321913	1.0005828864537187	78226.0	5199.0	817.0	46.0	33.0	835.0	51.0	28.0	8634.0	5281.0	719.0	81.0	19.0	25.0	6.0
2	3	9	0.19795368788477652	0.4215406724380648	0.9997772828507795	78540.0	4885.0	840.0	52.0	22.0	823.0	50.0	23.0	9028.0	4926.0	680.0	81.0	20.0	22.0	8.0
2	9	3	-888.4161512268748	1.0	0.5000556978946197	78540.0	840.0	4885.0	52.0	22.0	823.0	9028.0	81.0	50.0	4926.0	20.0	23.0	680.0	22.0	8.0
3	2	9	-0.19790959038246314	0.5784420764914895	1.0002228660574994	78540.0	4885.0	823.0	50.0	23.0	840.0	52.0	22.0	9028.0	4926.0	680.0	81.0	22.0	20.0	8.0
2	4	5	0.7892917939280869	0.21497067865091946	0.005043558000917011	79746.0	1144.0	1153.0	2262.0	34.0	3292.0	92.0	20.0	103.0	11547.0	82.0	30.0	88.0	399.0	8.0
2	5	4	-99999.9	1.0	-0.005121042830540037	79746.0	1153.0	1144.0	2262.0	34.0	3292.0	103.0	30.0	92.0	11547.0	88.0	20.0	82.0	399.0	8.0
4	2	5	-154.91645300824905	1.0	0.49872949872949873	79746.0	1144.0	3292.0	92.0	20.0	1153.0	2262.0	34.0	103.0	11547.0	82.0	30.0	399.0	88.0	8.0
2	4	6	0.7055899428549669	0.24022152100024297	0.9960822722820764	74271.0	6619.0	3025.0	266.0	158.0	3011.0	250.0	143.0	4318.0	6779.0	635.0	227.0	152.0	134.0	12.0
2	6	4	-178.6906530280202	1.0	0.5009852216748769	74271.0	3025.0	6619.0	266.0	158.0	3011.0	4318.0	227.0	250.0	6779.0	152.0	143.0	635.0	134.0	12.0
4	2	6	-0.7028147611721548	0.7589144706284949	1.00396432111001	74271.0	6619.0	3011.0	250.0	143.0	3025.0	266.0	158.0	4318.0	6779.0	635.0	227.0	134.0	152.0	12.0
2	4	7	0.0	0.49999999949999996	nan	75105.0	5785.0	3099.0	227.0	123.0	3060.0	227.0	117.0	5356.0	5780.0	596.0	259.0	129.0	124.0	13.0
2	7	4	-240.6893910318777	1.0	0.5	75105.0	3099.0	5785.0	227.0	123.0	3060.0	5356.0	259.0	227.0	5780.0	129.0	117.0	596.0	124.0	13.0
4	2	7	0.0	0.49999999949999996	nan	75105.0	5785.0	3060.0	227.0	117.0	3099.0	227.0	123.0	5356.0	5780.0	596.0	259.0	124.0	129.0	13.0
2	4	8	1.7210785878334116	0.04261824719656171	0.9943257676902537	75936.0	4954.0	3125.0	213.0	111.0	3092.0	179.0	133.0	6137.0	5067.0	528.0	303.0	106.0	103.0	13.0
2	8	4	-299.8726339507395	1.0	0.5014307355664029	75936.0	3125.0	4954.0	213.0	111.0	3092.0	6137.0	303.0	179.0	5067.0	106.0	133.0	528.0	103.0	13.0
4	2	8	-1.7112570584634321	0.9564831975383199	1.0057724957555179	75936.0	4954.0	3092.0	179.0	133.0	3125.0	213.0	111.0	6137.0	5067.0	528.0	303.0	103.0	106.0	13.0
2	4	9	-0.10422637517450649	0.5415052026062828	1.0003164556962025	76219.0	4671.0	3161.0	183.0	105.0	3122.0	185.0	97.0	6507.0	4707.0	518.0	303.0	104.0	103.0	15.0
2	9	4	-329.5637983017885	1.0	0.4999209236122094	76219.0	3161.0	4671.0	183.0	105.0	3122.0	6507.0	303.0	185.0	4707.0	104.0	97.0	518.0	103.0	15.0
4	2	9	0.10425934777025925	0.4584817145296416	0.9996838444514701	76219.0	4671.0	3122.0	185.0	97.0	3161.0	183.0	105.0	6507.0	4707.0	518.0	303.0	103.0	104.0	15.0
2	5	6	0.08755069269958816	0.46511683270107496	0.9995061728395062	74271.0	6628.0	3025.0	262.0	153.0	3021.0	260.0	144.0	4308.0	6785.0	634.0	227.0	136.0	131.0	15.0
2	6	5	-177.1150513312664	1.0	0.5001235483073883	74271.0	3025.0	6628.0	262.0	153.0	3021.0	4308.0	227.0	260.0	6785.0	136.0	144.0	634.0	131.0	15.0
5	2	6	-0.08750743642849153	0.5348659765416823	1.000494559841741	74271.0	6628.0	3021.0	260.0	144.0	3025.0	262.0	153.0	4308.0	6785.0	634.0	227.0	131.0	136.0	15.0
2	5	7	0.8262826211612321	0.2043218412533626	0.9964919119080101	75128.0	5771.0	3076.0	247.0	117.0	3077.0	229.0	119.0	5342.0	5788.0	597.0	256.0	119.0	118.0	16.0
2	7	5	-233.88388637869284	1.0	0.5008816614420062	75128.0	3076.0	5771.0	247.0	117.0	3077.0	5342.0	256.0	229.0	5788.0	119.0	119.0	597.0	118.0	16.0
5	2	7	-0.8233737443411846	0.7948523097448525	1.0035454008272602	75128.0	5771.0	3077.0	229.0	119.0	3076.0	247.0	117.0	5342.0	5788.0	597.0	256.0	118.0	119.0	16.0
2	5	8	0.939467751258921	0.17374530702115742	0.9969803724207348	75928.0	4971.0	3133.0	193.0	114.0	3120.0	175.0	130.0	6118.0	5074.0	535.0	294.0	103.0	99.0	13.0
2	8	5	-309.2414681227278	1.0	0.5007583417593529	75928.0	3133.0	4971.0	193.0	114.0	3120.0	6118.0	294.0	175.0	5074.0	103.0	130.0	535.0	99.0	13.0
5	2	8	-0.9366223163737348	0.8255235808470247	1.0030472320975115	75928.0	4971.0	3120.0	175.0	130.0	3133.0	193.0	114.0	6118.0	5074.0	535.0	294.0	99.0	103.0	13.0
2	5	9	0.4160962798125183	0.33866981824868647	0.9987329743427305	76243.0	4656.0	3137.0	189.0	114.0	3145.0	181.0	99.0	6487.0	4722.0	518.0	300.0	93.0	100.0	16.0
2	9	5	-327.5717962824048	1.0	0.500317359568391	76243.0	3137.0	4656.0	189.0	114.0	3145.0	6487.0	300.0	181.0	4722.0	93.0	99.0	518.0	100.0	16.0
5	2	9	-0.4155684063208437	0.6611370329079471	1.0012718600953896	76243.0	4656.0	3145.0	181.0	99.0	3137.0	189.0	114.0	6487.0	4722.0	518.0	300.0	100.0	93.0	16.0
2	6	7	0.15986842097020248	0.43649235396416497	0.9949341438703141	71911.0	5385.0	6293.0	494.0	256.0	6808.0	489.0	259.0	1471.0	5412.0	298.0	396.0	235.0	270.0	23.0
2	7	6	-31.238289457577213	1.0	0.5012761613067892	71911.0	6293.0	5385.0	494.0	256.0	6808.0	1471.0	396.0	489.0	5412.0	235.0	259.0	298.0	270.0	23.0
6	2	7	-0.15905442697340919	0.5631870126990199	1.0051440329218106	71911.0	5385.0	6808.0	489.0	259.0	6293.0	494.0	256.0	1471.0	5412.0	298.0	396.0	270.0	235.0	23.0
2	6	8	0.38318213684128716	0.3507924166755342	0.9937923250564334	72669.0	4627.0	6392.0	420.0	231.0	6891.0	409.0	256.0	2170.0	4730.0	281.0	471.0	213.0	224.0	16.0
2	8	6	-60.96079449747754	1.0	0.501566505269154	72669.0	6392.0	4627.0	420.0	231.0	6891.0	2170.0	471.0	409.0	4730.0	213.0	256.0	281.0	224.0	16.0
6	2	8	-0.38078860844534496	0.6483198870347888	1.0063254744105807	72669.0	4627.0	6891.0	409.0	256.0	6392.0	420.0	231.0	2170.0	4730.0	281.0	471.0	224.0	213.0	16.0
2	6	9	0.8261094252989329	0.2043709571958533	0.9891968060122123	72953.0	4343.0	6427.0	403.0	213.0	6949.0	380.0	227.0	2486.0	4423.0	272.0	497.0	193.0	212.0	22.0
2	9	6	-74.8167796912033	1.0	0.5027452852709478	72953.0	6427.0	4343.0	403.0	213.0	6949.0	2486.0	497.0	380.0	4423.0	193.0	227.0	272.0	212.0	22.0
6	2	9	-0.8170873375582512	0.7930607966090664	1.0111650485436894	72953.0	4343.0	6949.0	380.0	227.0	6427.0	403.0	213.0	2486.0	4423.0	272.0	497.0	212.0	193.0	22.0
2	7	8	1.1819946536483663	0.11860397348665419	0.9585870889159561	73584.0	4620.0	5477.0	447.0	211.0	7978.0	413.0	284.0	1200.0	4731.0	205.0	354.0	208.0	270.0	18.0
2	8	7	-26.177705123447634	1.0	0.5110389610389611	73584.0	5477.0	4620.0	447.0	211.0	7978.0	1200.0	354.0	413.0	4731.0	208.0	284.0	205.0	270.0	18.0
7	2	8	-1.1309300815720706	0.8709576871656812	1.0472878998609179	73584.0	4620.0	7978.0	413.0	284.0	5477.0	447.0	211.0	1200.0	4731.0	205.0	354.0	270.0	208.0	18.0
2	7	9	1.257434945088608	0.10429815972123169	0.9691901408450704	73857.0	4347.0	5523.0	416.0	196.0	8057.0	381.0	237.0	1482.0	4433.0	221.0	393.0	182.0	258.0	17.0
2	9	7	-38.29787575612732	1.0	0.5080756806645131	73857.0	5523.0	4347.0	416.0	196.0	8057.0	1482.0	393.0	381.0	4433.0	182.0	237.0	221.0	258.0	17.0
7	2	9	-1.2174619904309318	0.8882856885523983	1.0339476236663434	73857.0	4347.0	8057.0	381.0	237.0	5523.0	416.0	196.0	1482.0	4433.0	221.0	393.0	258.0	182.0	17.0
2	8	9	-0.17868090620199112	0.5709058609614194	1.0152905198776758	74625.0	4436.0	4755.0	383.0	140.0	8887.0	388.0	257.0	720.0	4455.0	177.0	325.0	153.0	283.0	16.0
2	9	8	-12.043093078014167	1.0	0.4962630792227205	74625.0	4755.0	4436.0	383.0	140.0	8887.0	720.0	325.0	388.0	4455.0	153.0	257.0	177.0	283.0	16.0
8	2	9	0.18137188370503318	0.42803785322694954	0.9853801169590644	74625.0	4436.0	8887.0	388.0	257.0	4755.0	383.0	140.0	720.0	4455.0	177.0	325.0	283.0	153.0	16.0
3	4	5	0.6358463666380392	0.2624382224721099	0.004118993135011442	79724.0	1140.0	1150.0	2272.0	35.0	3314.0	96.0	20.0	105.0	11534.0	82.0	31.0	87.0	402.0	8.0
3	5	4	-99999.9	1.0	-0.0041705282669138085	79724.0	1150.0	1140.0	2272.0	35.0	3314.0	105.0	31.0	96.0	11534.0	87.0	20.0	82.0	402.0	8.0
4	3	5	-153.09767516718097	1.0	0.4989638498733594	79724.0	1140.0	3314.0	96.0	20.0	1150.0	2272.0	35.0	105.0	11534.0	82.0	31.0	402.0	87.0	8.0
3	4	6	0.6544859779546238	0.25639931583730513	0.9963163064833006	74238.0	6626.0	3028.0	271.0	158.0	3044.0	256.0	130.0	4313.0	6778.0	630.0	229.0	154.0	130.0	15.0
3	6	4	-176.36215485950595	1.0	0.5009260402518829	74238.0	3028.0	6626.0	271.0	158.0	3044.0	4313.0	229.0	256.0	6778.0	154.0	130.0	630.0	130.0	15.0
4	3	6	-0.6520661382530415	0.7428208091056385	1.0037248572138069	74238.0	6626.0	3044.0	256.0	130.0	3028.0	271.0	158.0	4313.0	6778.0	630.0	229.0	130.0	154.0	15.0
3	4	7	-0.5150495861856841	0.6967408244135695	1.002156017248138	75077.0	5787.0	3109.0	222.0	126.0	3088.0	233.0	109.0	5346.0	5785.0	590.0	259.0	131.0	124.0	14.0
3	7	4	-239.9194617832224	1.0	0.49946273322262386	75077.0	3109.0	5787.0	222.0	126.0	3088.0	5346.0	259.0	233.0	5785.0	131.0	109.0	590.0	124.0	14.0
4	3	7	0.5161576529660562	0.302872141982254	0.9978578383641675	75077.0	5787.0	3088.0	233.0	109.0	3109.0	222.0	126.0	5346.0	5785.0	590.0	259.0	124.0	131.0	14.0
3	4	8	1.4474221797867792	0.07388940257174714	0.9951472556894244	75910.0	4954.0	3133.0	216.0	108.0	3118.0	187.0	125.0	6134.0	5056.0	531.0	298.0	108.0	111.0	11.0
3	8	4	-295.37394689579884	1.0	0.5012220817530552	75910.0	3133.0	4954.0	216.0	108.0	3118.0	6134.0	298.0	187.0	5056.0	108.0	125.0	531.0	111.0	11.0
4	3	8	-1.4403639582946293	0.9251177269159687	1.0049244353880116	75910.0	4954.0	3118.0	187.0	125.0	3133.0	216.0	108.0	6134.0	5056.0	531.0	298.0	111.0	108.0	11.0
3	4	9	-0.10508631371483716	0.5418463942062521	1.0003169572107766	76188.0	4676.0	3175.0	180.0	102.0	3153.0	182.0	95.0	6494.0	4711.0	516.0	302.0	107.0	102.0	17.0
3	9	4	-331.75749239773955	1.0	0.4999207983526057	76188.0	3175.0	4676.0	180.0	102.0	3153.0	6494.0	302.0	182.0	4711.0	107.0	95.0	516.0	102.0	17.0
4	3	9	0.10511961102590016	0.4581403952788299	0.9996833438885371	76188.0	4676.0	3153.0	182.0	95.0	3175.0	180.0	102.0	6494.0	4711.0	516.0	302.0	102.0	107.0	17.0
3	5	6	0.13071760991382858	0.44799931655842373	0.9992579767499382	74236.0	6638.0	3030.0	265.0	152.0	3056.0	262.0	132.0	4302.0	6786.0	629.0	228.0	140.0	127.0	17.0
3	6	5	-175.9023304073746	1.0	0.5001857125170237	74236.0	3030.0	6638.0	265.0	152.0	3056.0	4302.0	228.0	262.0	6786.0	140.0	132.0	629.0	127.0	17.0
5	3	6	-0.13062054238171433	0.5519622883714439	1.0007436787307884	74236.0	6638.0	3056.0	262.0	132.0	3030.0	265.0	152.0	4302.0	6786.0	629.0	228.0	127.0	140.0	17.0
3	5	7	0.3661505506807118	0.3571264305177366	0.9984332158245202	75101.0	5773.0	3085.0	243.0	119.0	3104.0	235.0	111.0	5333.0	5792.0	592.0	256.0	122.0	118.0	16.0
3	7	5	-232.9632878706036	1.0	0.500392618767177	75101.0	3085.0	5773.0	243.0	119.0	3104.0	5333.0	256.0	235.0	5792.0	122.0	111.0	592.0	118.0	16.0
5	3	7	-0.3655759715505733	0.6426591847803351	1.0015741833923653	75101.0	5773.0	3104.0	235.0	111.0	3085.0	243.0	119.0	5333.0	5792.0	592.0	256.0	118.0	122.0	16.0
3	5	8	0.6193559997759016	0.26784087592052996	0.9979811574697174	75903.0	4971.0	3140.0	194.0	113.0	3145.0	182.0	123.0	6114.0	5065.0	538.0	291.0	104.0	107.0	10.0
3	8	5	-305.5489598894446	1.0	0.5005062436719542	75903.0	3140.0	4971.0	194.0	113.0	3145.0	6114.0	291.0	182.0	5065.0	104.0	123.0	538.0	107.0	10.0
5	3	8	-0.6181030881108123	0.7317463606237546	1.002031144211239	75903.0	4971.0	3145.0	182.0	123.0	3140.0	194.0	113.0	6114.0	5065.0	538.0	291.0	107.0	104.0	10.0
3	5	9	0.42066775676198	0.33699889452198417	0.998731165741475	76213.0	4661.0	3150.0	185.0	112.0	3175.0	177.0	98.0	6474.0	4727.0	516.0	300.0	96.0	99.0	17.0
3	9	5	-330.69744028451163	1.0	0.5003178134435087	76213.0	3150.0	4661.0	185.0	112.0	3175.0	6474.0	300.0	177.0	4727.0	96.0	98.0	516.0	99.0	17.0
5	3	9	-0.4201333209903276	0.6628059286422263	1.0012736825346282	76213.0	4661.0	3175.0	177.0	98.0	3150.0	185.0	112.0	6474.0	4727.0	516.0	300.0	99.0	96.0	17.0
3	6	7	0.03184485818250928	0.48729783145040373	0.9989858012170385	71882.0	5384.0	6304.0	494.0	257.0	6837.0	493.0	256.0	1478.0	5418.0	292.0	378.0	238.0	264.0	25.0
3	7	6	-31.33534045158769	1.0	0.500253936008126	71882.0	6304.0	5384.0	494.0	257.0	6837.0	1478.0	378.0	493.0	5418.0	238.0	256.0	292.0	264.0	25.0
6	3	7	-0.031812528377247844	0.5126892773226966	1.0010172939979654	71882.0	5384.0	6837.0	493.0	256.0	6304.0	494.0	257.0	1478.0	5418.0	292.0	378.0	264.0	238.0	25.0
3	6	8	0.3114700276795606	0.37772173136514176	0.9949267192784668	72637.0	4629.0	6406.0	424.0	225.0	6923.0	415.0	248.0	2180.0	4721.0	287.0	447.0	215.0	229.0	14.0
3	8	6	-60.771263178367754	1.0	0.5012780460096564	72637.0	6406.0	4629.0	424.0	225.0	6923.0	2180.0	447.0	415.0	4721.0	215.0	248.0	287.0	229.0	14.0
6	3	8	-0.30988179524380083	0.6216745075591279	1.0051516886090441	72637.0	4629.0	6923.0	415.0	248.0	6406.0	424.0	225.0	2180.0	4721.0	287.0	447.0	229.0	215.0	14.0
3	6	9	0.825049256920696	0.20467175939180693	0.9892170651664323	72923.0	4343.0	6440.0	404.0	211.0	6979.0	381.0	226.0	2491.0	4426.0	271.0	479.0	193.0	208.0	25.0
3	9	6	-74.86425213884758	1.0	0.502740052418394	72923.0	6440.0	4343.0	404.0	211.0	6979.0	2491.0	479.0	381.0	4426.0	193.0	226.0	271.0	208.0	25.0
6	3	9	-0.8160558290016553	0.7927659534307683	1.011143410852713	72923.0	4343.0	6979.0	381.0	226.0	6440.0	404.0	211.0	2491.0	4426.0	271.0	479.0	208.0	193.0	25.0
3	7	8	0.8938512053975791	0.1857007224385162	0.9682151589242054	73567.0	4619.0	5476.0	449.0	210.0	7995.0	423.0	275.0	1215.0	4723.0	211.0	340.0	205.0	276.0	16.0
3	8	7	-26.33423166671331	1.0	0.5083440308087291	73567.0	5476.0	4619.0	449.0	210.0	7995.0	1215.0	340.0	423.0	4723.0	205.0	275.0	211.0	276.0	16.0
7	3	8	-0.8645076052203859	0.8063454896808374	1.0351351351351352	73567.0	4619.0	7995.0	423.0	275.0	5476.0	449.0	210.0	1215.0	4723.0	211.0	340.0	276.0	205.0	16.0
3	7	9	1.1533383964672408	0.12438581532276327	0.9720034995625547	73838.0	4348.0	5525.0	411.0	199.0	8076.0	379.0	238.0	1490.0	4441.0	218.0	383.0	180.0	255.0	19.0
3	9	7	-38.889129055879714	1.0	0.5073059360730594	73838.0	5525.0	4348.0	411.0	199.0	8076.0	1490.0	383.0	379.0	4441.0	180.0	238.0	218.0	255.0	19.0
7	3	9	-1.1201189287022075	0.8686684075977772	1.0305635148042025	73838.0	4348.0	8076.0	379.0	238.0	5525.0	411.0	199.0	1490.0	4441.0	218.0	383.0	255.0	180.0	19.0
3	8	9	-0.3195726475611662	0.6253537751750511	1.0279503105590062	74607.0	4436.0	4756.0	381.0	141.0	8905.0	390.0	255.0	721.0	4455.0	175.0	323.0	155.0	285.0	15.0
3	9	8	-12.072744463421808	1.0	0.49329359165424735	74607.0	4756.0	4436.0	381.0	141.0	8905.0	721.0	323.0	390.0	4455.0	155.0	255.0	175.0	285.0	15.0
8	3	9	0.3282619340507448	0.3713568799164584	0.9742120343839542	74607.0	4436.0	8905.0	390.0	255.0	4756.0	381.0	141.0	721.0	4455.0	175.0	323.0	285.0	155.0	15.0
4	5	6	-0.878692262150866	0.8102159593172918	1.001924619085806	76157.0	6881.0	1125.0	87.0	44.0	1135.0	99.0	52.0	6346.0	7027.0	835.0	89.0	53.0	64.0	6.0
4	6	5	-458.3112390668544	1.0	0.499520230289461	76157.0	1125.0	6881.0	87.0	44.0	1135.0	6346.0	89.0	99.0	7027.0	53.0	52.0	835.0	64.0	6.0
5	4	6	0.8803801614858766	0.18932666358942118	0.9980864295965556	76157.0	6881.0	1135.0	99.0	52.0	1125.0	87.0	44.0	6346.0	7027.0	835.0	89.0	64.0	53.0	6.0
4	5	7	1.3734121702544777	0.08481218367888443	0.9975626269465132	77039.0	5999.0	1126.0	95.0	35.0	1166.0	77.0	43.0	7444.0	6008.0	756.0	104.0	46.0	50.0	12.0
4	7	5	-560.733668844451	1.0	0.5006115792334874	77039.0	1126.0	5999.0	95.0	35.0	1166.0	7444.0	104.0	77.0	6008.0	46.0	43.0	756.0	50.0	12.0
5	4	7	-1.370056473354168	0.9146653031648528	1.0024553266948575	77039.0	5999.0	1166.0	77.0	43.0	1126.0	95.0	35.0	7444.0	6008.0	756.0	104.0	50.0	46.0	12.0
4	5	8	-1.3998723057073572	0.9192241651230513	1.0020759555501282	77887.0	5151.0	1141.0	65.0	50.0	1161.0	82.0	43.0	8288.0	5256.0	664.0	116.0	45.0	45.0	6.0
4	8	5	-677.1264688136198	1.0	0.4994826221924645	77887.0	1141.0	5151.0	65.0	50.0	1161.0	8288.0	116.0	82.0	5256.0	45.0	43.0	664.0	45.0	6.0
5	4	8	1.4027723580101874	0.08034242015004023	0.9979368932038835	77887.0	5151.0	1161.0	82.0	43.0	1141.0	65.0	50.0	8288.0	5256.0	664.0	116.0	45.0	45.0	6.0
4	5	9	0.9331746380486898	0.1753648871525989	0.9987215248721525	78200.0	4838.0	1141.0	75.0	40.0	1188.0	64.0	34.0	8657.0	4892.0	659.0	126.0	37.0	44.0	5.0
4	9	5	-728.0458857939841	1.0	0.5003202328966521	78200.0	1141.0	4838.0	75.0	40.0	1188.0	8657.0	126.0	64.0	4892.0	37.0	34.0	659.0	44.0	5.0
5	4	9	-0.9319800702587986	0.8243266043475932	1.0012833975032085	78200.0	4838.0	1188.0	64.0	34.0	1141.0	75.0	40.0	8657.0	4892.0	659.0	126.0	44.0	37.0	5.0
4	6	7	0.38633544828216604	0.34962417990708894	0.9881188118811881	71895.0	5387.0	6270.0	494.0	248.0	6824.0	482.0	264.0	1480.0	5404.0	295.0	410.0	245.0	278.0	24.0
4	7	6	-31.74389600051789	1.0	0.5030241935483871	71895.0	6270.0	5387.0	494.0	248.0	6824.0	1480.0	410.0	482.0	5404.0	245.0	264.0	295.0	278.0	24.0
6	4	7	-0.3816901322707572	0.6486543335985575	1.0123203285420945	71895.0	5387.0	6824.0	482.0	264.0	6270.0	494.0	248.0	1480.0	5404.0	295.0	410.0	278.0	245.0	24.0
4	6	8	-0.7856446403165862	0.7839622108349906	1.0134110787172013	72654.0	4628.0	6374.0	411.0	227.0	6906.0	434.0	230.0	2172.0	4729.0	278.0	487.0	220.0	234.0	16.0
4	8	6	-60.1530526781527	1.0	0.49671334667047723	72654.0	6374.0	4628.0	411.0	227.0	6906.0	2172.0	487.0	434.0	4729.0	220.0	230.0	278.0	234.0	16.0
6	4	8	0.796041548675206	0.21300388227842693	0.9871076233183856	72654.0	4628.0	6906.0	434.0	230.0	6374.0	411.0	227.0	2172.0	4729.0	278.0	487.0	234.0	220.0	16.0
4	6	9	0.8627339441177703	0.19414184002468893	0.9887850467289719	72945.0	4337.0	6396.0	403.0	213.0	6957.0	379.0	234.0	2495.0	4417.0	267.0	519.0	197.0	218.0	23.0
4	9	6	-75.20164212893222	1.0	0.502851711026616	72945.0	6396.0	4337.0	403.0	213.0	6957.0	2495.0	519.0	379.0	4417.0	197.0	234.0	267.0	218.0	23.0
6	4	9	-0.8529486819916708	0.8031561639602752	1.011605415860735	72945.0	4337.0	6957.0	379.0	234.0	6396.0	403.0	213.0	2495.0	4417.0	267.0	519.0	218.0	197.0	23.0
4	7	8	0.10058610058809335	0.45993945867765174	0.9959893048128342	73553.0	4612.0	5475.0	448.0	206.0	8009.0	445.0	260.0	1190.0	4730.0	211.0	366.0	208.0	270.0	17.0
4	8	7	-24.87829554545538	1.0	0.5010087424344317	73553.0	5475.0	4612.0	448.0	206.0	8009.0	1190.0	366.0	445.0	4730.0	208.0	260.0	211.0	270.0	17.0
7	4	8	-0.10018105588773862	0.5398997642296126	1.0040595399188093	73553.0	4612.0	8009.0	445.0	260.0	5475.0	448.0	206.0	1190.0	4730.0	211.0	366.0	270.0	208.0	17.0
4	7	9	1.0765729360033203	0.14083558743666336	0.9733570159857904	73823.0	4342.0	5518.0	413.0	198.0	8091.0	383.0	240.0	1479.0	4432.0	220.0	401.0	178.0	262.0	20.0
4	9	7	-38.254224992651274	1.0	0.5069380203515264	73823.0	5518.0	4342.0	413.0	198.0	8091.0	1479.0	401.0	383.0	4432.0	178.0	240.0	220.0	262.0	20.0
7	4	9	-1.0471046987039594	0.8524743264151511	1.028957528957529	73823.0	4342.0	8091.0	383.0	240.0	5518.0	413.0	198.0	1479.0	4432.0	220.0	401.0	262.0	178.0	20.0
4	8	9	-0.21639985631983266	0.5856619244564008	1.0164835164835164	74600.0	4428.0	4741.0	375.0	150.0	8912.0	381.0	272.0	751.0	4460.0	172.0	308.0	152.0	286.0	12.0
4	9	8	-13.561057662709478	1.0	0.4959785522788204	74600.0	4741.0	4428.0	375.0	150.0	8912.0	751.0	308.0	381.0	4460.0	152.0	272.0	172.0	286.0	12.0
8	4	9	0.21990904317907323	0.4129710353308791	0.9842931937172775	74600.0	4428.0	8912.0	381.0	272.0	4741.0	375.0	150.0	751.0	4460.0	172.0	308.0	286.0	152.0	12.0
5	6	7	-0.12609426726670153	0.5501713852415318	1.004162330905307	71919.0	5373.0	6286.0	499.0	247.0	6800.0	503.0	257.0	1468.0	5409.0	301.0	406.0	241.0	268.0	23.0
5	7	6	-30.54633624535836	1.0	0.49896587383660806	71919.0	6286.0	5373.0	499.0	247.0	6800.0	1468.0	406.0	503.0	5409.0	241.0	257.0	301.0	268.0	23.0
6	5	7	0.1266169378045946	0.44962175774125124	0.9958890030832477	71919.0	5373.0	6800.0	503.0	257.0	6286.0	499.0	247.0	1468.0	5409.0	301.0	406.0	268.0	241.0	23.0
5	6	8	0.10452924606790444	0.4583746259957773	0.9982857142857143	72649.0	4643.0	6399.0	414.0	219.0	6911.0	411.0	238.0	2158.0	4734.0	286.0	476.0	221.0	226.0	15.0
5	8	6	-60.76633504747587	1.0	0.5004296763105128	72649.0	6399.0	4643.0	414.0	219.0	6911.0	2158.0	476.0	411.0	4734.0	221.0	238.0	286.0	226.0	15.0
6	5	8	-0.10434974535914443	0.5415541531881378	1.0017231476163124	72649.0	4643.0	6911.0	411.0	238.0	6399.0	414.0	219.0	2158.0	4734.0	286.0	476.0	226.0	221.0	15.0
5	6	9	0.6446224344942687	0.2595858852801516	0.9914813061997161	72967.0	4325.0	6421.0	402.0	209.0	6935.0	384.0	241.0	2479.0	4429.0	270.0	510.0	198.0	207.0	23.0
5	9	6	-74.38226646914438	1.0	0.5021572387344199	72967.0	6421.0	4325.0	402.0	209.0	6935.0	2479.0	510.0	384.0	4429.0	198.0	241.0	270.0	207.0	23.0
6	5	9	-0.6390839123840554	0.7386158873376052	1.0087421078193297	72967.0	4325.0	6935.0	384.0	241.0	6421.0	402.0	209.0	2479.0	4429.0	270.0	510.0	207.0	198.0	23.0
5	7	8	0.7189043291102253	0.23609986503807812	0.9737827715355806	73585.0	4620.0	5463.0	448.0	208.0	7977.0	427.0	270.0	1207.0	4733.0	213.0	361.0	206.0	267.0	15.0
5	8	7	-25.98325646641242	1.0	0.50682261208577	73585.0	5463.0	4620.0	448.0	208.0	7977.0	1207.0	361.0	427.0	4733.0	206.0	270.0	213.0	267.0	15.0
7	5	8	-0.6995492125572577	0.7578956343296936	1.0284552845528456	73585.0	4620.0	7977.0	427.0	270.0	5463.0	448.0	208.0	1207.0	4733.0	213.0	361.0	267.0	206.0	15.0
5	7	9	0.6445213850507189	0.2596186363501307	0.9839285714285714	73872.0	4333.0	5516.0	405.0	198.0	8042.0	387.0	245.0	1489.0	4444.0	220.0	393.0	180.0	258.0	18.0
5	9	7	-38.81451007749883	1.0	0.5041171088746569	73872.0	5516.0	4333.0	405.0	198.0	8042.0	1489.0	393.0	387.0	4444.0	180.0	245.0	220.0	258.0	18.0
7	5	9	-0.63399381251813	0.7369576284524505	1.0168855534709194	73872.0	4333.0	8042.0	387.0	245.0	5516.0	405.0	198.0	1489.0	4444.0	220.0	393.0	258.0	180.0	18.0
5	8	9	-0.45926595606011855	0.676978383530451	1.0404984423676011	74636.0	4412.0	4752.0	378.0	146.0	8876.0	391.0	278.0	725.0	4467.0	174.0	323.0	153.0	276.0	13.0
5	9	8	-12.258868211758553	1.0	0.49045521292217326	74636.0	4752.0	4412.0	378.0	146.0	8876.0	725.0	323.0	391.0	4467.0	153.0	278.0	174.0	276.0	13.0
8	5	9	0.47714157710437455	0.31663066585356625	0.9638888888888889	74636.0	4412.0	8876.0	391.0	278.0	4752.0	378.0	146.0	725.0	4467.0	174.0	323.0	276.0	153.0	13.0
6	7	8	0.6982214020532045	0.2425193031699533	0.9754601226993865	74074.0	4645.0	5486.0	430.0	217.0	7488.0	410.0	262.0	1205.0	4763.0	208.0	340.0	201.0	255.0	16.0
6	8	7	-27.05607932956159	1.0	0.5063694267515924	74074.0	5486.0	4645.0	430.0	217.0	7488.0	1205.0	340.0	410.0	4763.0	201.0	262.0	208.0	255.0	16.0
7	6	8	-0.6806560837625578	0.7519555019687161	1.0264900662251655	74074.0	4645.0	7488.0	410.0	262.0	5486.0	430.0	217.0	1205.0	4763.0	208.0	340.0	255.0	201.0	16.0
6	7	9	0.3920013995368625	0.34752864233103753	0.990072202166065	74375.0	4344.0	5527.0	403.0	203.0	7539.0	392.0	229.0	1489.0	4469.0	218.0	382.0	177.0	235.0	18.0
6	9	7	-38.701229081548476	1.0	0.5025194686211635	74375.0	5527.0	4344.0	403.0	203.0	7539.0	1489.0	382.0	392.0	4469.0	177.0	229.0	218.0	235.0	18.0
7	6	9	-0.388070665357368	0.6510180761438864	1.0102325581395348	74375.0	4344.0	7539.0	392.0	229.0	5527.0	403.0	203.0	1489.0	4469.0	218.0	382.0	235.0	177.0	18.0
6	8	9	-0.8665314708772888	0.8069006532650995	1.0859106529209621	75130.0	4430.0	4772.0	369.0	151.0	8382.0	394.0	257.0	710.0	4494.0	170.0	318.0	150.0	258.0	15.0
6	9	8	-11.819489262766204	1.0	0.4809741248097412	75130.0	4772.0	4430.0	369.0	151.0	8382.0	710.0	318.0	394.0	4494.0	150.0	257.0	170.0	258.0	15.0
8	6	9	0.9350861758517578	0.17487192941572605	0.9316939890710383	75130.0	4430.0	8382.0	394.0	257.0	4772.0	369.0	151.0	710.0	4494.0	170.0	318.0	258.0	150.0	15.0
7	8	9	-1.491942410209561	0.9321428463179182	1.1485507246376812	77042.0	4520.0	4872.0	304.0	141.0	6470.0	345.0	216.0	662.0	4610.0	176.0	266.0	152.0	207.0	17.0
7	9	8	-13.027204459878611	1.0	0.4696296296296297	77042.0	4872.0	4520.0	304.0	141.0	6470.0	662.0	266.0	345.0	4610.0	152.0	216.0	176.0	207.0	17.0
8	7	9	1.6849065705205768	0.04600327401832516	0.8972431077694236	77042.0	4520.0	6470.0	345.0	216.0	4872.0	304.0	141.0	662.0	4610.0	176.0	266.0	207.0	152.0	17.0
