P1	Hybrid	P2	Zscore	Pvalue	Gamma	AAAA	AAAB	AABA	AABB	AABC	ABAA	ABAB	ABAC	ABBA	BAAA	ABBC	CABC	BACA	BCAA	ABCD
1	2	3	0.09697237086747888	0.4613741089919896	0.016574585635359115	73358.0	4655.0	4598.0	663.0	179.0	4821.0	485.0	172.0	488.0	9382.0	314.0	174.0	336.0	361.0	14.0
1	3	2	-99999.9	1.0	-0.01744186046511628	73358.0	4598.0	4655.0	663.0	179.0	4821.0	488.0	174.0	485.0	9382.0	336.0	172.0	314.0	361.0	14.0
2	1	3	-5.6567216339361694	0.9999999922638816	0.49575070821529743	73358.0	4655.0	4821.0	485.0	172.0	4598.0	663.0	179.0	488.0	9382.0	314.0	174.0	361.0	336.0	14.0
1	2	4	0.3721985320155912	0.35487257890775525	0.9957264957264957	71326.0	6687.0	4744.0	444.0	252.0	4806.0	433.0	239.0	2996.0	6651.0	537.0	341.0	251.0	262.0	31.0
1	4	2	-86.35005942761728	1.0	0.5010752688172043	71326.0	4744.0	6687.0	444.0	252.0	4806.0	2996.0	341.0	433.0	6651.0	251.0	239.0	537.0	262.0	31.0
2	1	4	-0.37060111342324964	0.6445326137784372	1.0043290043290043	71326.0	6687.0	4806.0	433.0	239.0	4744.0	444.0	252.0	2996.0	6651.0	537.0	341.0	262.0	251.0	31.0
1	2	5	-0.4009243538853016	0.6557620416947363	1.0015704065608095	74265.0	3748.0	5062.0	247.0	131.0	5075.0	256.0	147.0	5996.0	3794.0	394.0	570.0	148.0	146.0	21.0
1	5	2	-256.10156783184357	1.0	0.4996083210026982	74265.0	5062.0	3748.0	247.0	131.0	5075.0	5996.0	570.0	256.0	3794.0	148.0	147.0	394.0	146.0	21.0
2	1	5	0.4015529809210103	0.3440065683307323	0.9984369572768322	74265.0	3748.0	5075.0	256.0	147.0	5062.0	247.0	131.0	5996.0	3794.0	394.0	570.0	146.0	148.0	21.0
1	2	6	-0.5206258304186675	0.6986862865340722	1.0021023125437982	74409.0	3604.0	5051.0	259.0	130.0	5070.0	271.0	137.0	5991.0	3806.0	387.0	564.0	150.0	146.0	25.0
1	6	2	-248.6856049966496	1.0	0.49947607404820116	74409.0	5051.0	3604.0	259.0	130.0	5070.0	5991.0	564.0	271.0	3806.0	150.0	137.0	387.0	146.0	25.0
2	1	6	0.5217180524405249	0.3009333138672077	0.9979108635097493	74409.0	3604.0	5070.0	271.0	137.0	5051.0	259.0	130.0	5991.0	3806.0	387.0	564.0	146.0	150.0	25.0
1	2	7	-0.04502921873541759	0.5179580553134255	1.0001747030048918	74334.0	3679.0	5054.0	246.0	140.0	5101.0	247.0	130.0	5972.0	3812.0	400.0	574.0	145.0	147.0	19.0
1	7	2	-257.83730647900074	1.0	0.49995633569120607	74334.0	5054.0	3679.0	246.0	140.0	5101.0	5972.0	574.0	247.0	3812.0	145.0	130.0	400.0	147.0	19.0
2	1	7	0.04503708410113556	0.4820388100356363	0.999825388510564	74334.0	3679.0	5101.0	247.0	130.0	5054.0	246.0	140.0	5972.0	3812.0	400.0	574.0	147.0	145.0	19.0
1	2	8	-0.9287666109340121	0.8234949923975118	1.0032076984763432	74739.0	3274.0	5099.0	221.0	120.0	5109.0	241.0	128.0	6496.0	3347.0	341.0	597.0	132.0	136.0	20.0
1	8	2	-291.4005241805461	1.0	0.49920191540303277	74739.0	5099.0	3274.0	221.0	120.0	5109.0	6496.0	597.0	241.0	3347.0	132.0	128.0	341.0	136.0	20.0
2	1	8	0.9317362883470706	0.17573639687525067	0.9968228752978554	74739.0	3274.0	5109.0	241.0	128.0	5099.0	221.0	120.0	6496.0	3347.0	341.0	597.0	136.0	132.0	20.0
1	2	9	-0.21364778037443463	0.5845890973227683	1.0003556187766713	76586.0	1427.0	5300.0	97.0	43.0	5320.0	100.0	58.0	8539.0	1475.0	170.0	766.0	52.0	55.0	12.0
1	9	2	-601.2048539736621	1.0	0.499911142704816	76586.0	5300.0	1427.0	97.0	43.0	5320.0	8539.0	766.0	100.0	1475.0	52.0	58.0	170.0	55.0	12.0
2	1	9	0.21372373052742946	0.41538128693140375	0.9996447602131439	76586.0	1427.0	5320.0	100.0	58.0	5300.0	97.0	43.0	8539.0	1475.0	170.0	766.0	55.0	52.0	12.0
1	3	4	-0.29763350392688553	0.6170084817712631	1.0035183737294762	71262.0	6694.0	4808.0	451.0	238.0	4775.0	460.0	248.0	3027.0	6629.0	547.0	341.0	246.0	248.0	26.0
1	4	3	-85.18932290173906	1.0	0.4991250243048804	71262.0	4808.0	6694.0	451.0	238.0	4775.0	3027.0	341.0	460.0	6629.0	246.0	248.0	547.0	248.0	26.0
3	1	4	0.29867701835436583	0.38259331503145466	0.9965183752417796	71262.0	6694.0	4775.0	460.0	248.0	4808.0	451.0	238.0	3027.0	6629.0	547.0	341.0	248.0	246.0	26.0
1	3	5	-0.3076371793369641	0.6208207180654238	1.001220149904131	74229.0	3727.0	5098.0	255.0	144.0	5078.0	262.0	143.0	6006.0	3801.0	396.0	557.0	135.0	151.0	18.0
1	5	3	-252.74591690955512	1.0	0.49969551979121357	74229.0	5098.0	3727.0	255.0	144.0	5078.0	6006.0	557.0	262.0	3801.0	135.0	143.0	396.0	151.0	18.0
3	1	5	0.30801208537027863	0.37903663697176515	0.9987843001042028	74229.0	3727.0	5078.0	262.0	143.0	5098.0	255.0	144.0	6006.0	3801.0	396.0	557.0	151.0	135.0	18.0
1	3	6	0.12972276101262326	0.44839285215023694	0.999476622470342	74346.0	3610.0	5114.0	269.0	114.0	5078.0	266.0	139.0	5995.0	3817.0	391.0	552.0	144.0	148.0	17.0
1	6	3	-247.5975098527597	1.0	0.5001309471846355	74346.0	5114.0	3610.0	269.0	114.0	5078.0	5995.0	552.0	266.0	3817.0	144.0	139.0	391.0	148.0	17.0
3	1	6	-0.12965483148163395	0.5515802748889542	1.000524200594094	74346.0	3610.0	5078.0	266.0	139.0	5114.0	269.0	114.0	5995.0	3817.0	391.0	552.0	148.0	144.0	17.0
1	3	7	0.1785721756812824	0.4291368296121769	0.9993033786137234	74277.0	3679.0	5111.0	253.0	133.0	5105.0	249.0	129.0	5987.0	3815.0	401.0	555.0	140.0	150.0	16.0
1	7	3	-255.9832138391181	1.0	0.5001743375174338	74277.0	5111.0	3679.0	253.0	133.0	5105.0	5987.0	555.0	249.0	3815.0	140.0	129.0	401.0	150.0	16.0
3	1	7	-0.17844769176655165	0.5708142935835901	1.000698080279232	74277.0	3679.0	5105.0	249.0	129.0	5111.0	253.0	133.0	5987.0	3815.0	401.0	555.0	150.0	140.0	16.0
1	3	8	0.32132229362028736	0.3739831505878657	0.9988839285714286	74695.0	3261.0	5143.0	241.0	113.0	5118.0	234.0	131.0	6499.0	3371.0	333.0	585.0	115.0	147.0	14.0
1	8	3	-287.26213049653626	1.0	0.5002794857462269	74695.0	5143.0	3261.0	241.0	113.0	5118.0	6499.0	585.0	234.0	3371.0	115.0	131.0	333.0	147.0	14.0
3	1	8	-0.32096327429780663	0.6258808199577371	1.0011198208286674	74695.0	3261.0	5118.0	234.0	131.0	5143.0	241.0	113.0	6499.0	3371.0	333.0	585.0	147.0	115.0	14.0
1	3	9	0.8754983815145848	0.19065135715772308	0.9985834021957266	76541.0	1415.0	5345.0	100.0	52.0	5340.0	88.0	55.0	8547.0	1483.0	173.0	738.0	56.0	58.0	9.0
1	9	3	-616.2779023878066	1.0	0.5003549035845263	76541.0	5345.0	1415.0	100.0	52.0	5340.0	8547.0	738.0	88.0	1483.0	56.0	55.0	173.0	58.0	9.0
3	1	9	-0.8742563930315282	0.809010717854418	1.0014226437462952	76541.0	1415.0	5340.0	88.0	55.0	5345.0	100.0	52.0	8547.0	1483.0	173.0	738.0	58.0	56.0	9.0
1	4	5	0.3423439444584947	0.3660461007525455	0.9970817120622568	72486.0	3584.0	6841.0	351.0	191.0	7575.0	342.0	226.0	3417.0	3666.0	252.0	649.0	190.0	208.0	22.0
1	5	4	-116.62517041219358	1.0	0.5007327796775769	72486.0	6841.0	3584.0	351.0	191.0	7575.0	3417.0	649.0	342.0	3666.0	190.0	226.0	252.0	208.0	22.0
4	1	5	-0.34134196218203083	0.633576852510337	1.0029440628066733	72486.0	3584.0	7575.0	342.0	226.0	6841.0	351.0	191.0	3417.0	3666.0	252.0	649.0	208.0	190.0	22.0
1	4	6	1.3853081681648227	0.08297918596821252	0.9880336351875808	72631.0	3439.0	6829.0	379.0	175.0	7585.0	342.0	216.0	3397.0	3686.0	252.0	643.0	199.0	207.0	20.0
1	6	4	-112.99621760868737	1.0	0.5030462703770788	72631.0	6829.0	3439.0	379.0	175.0	7585.0	3397.0	643.0	342.0	3686.0	199.0	216.0	252.0	207.0	20.0
4	1	6	-1.3685302950970326	0.9144268668099156	1.0124119423012412	72631.0	3439.0	7585.0	342.0	216.0	6829.0	379.0	175.0	3397.0	3686.0	252.0	643.0	207.0	199.0	20.0
1	4	7	0.45700096337965407	0.3238351982491374	0.99609375	72566.0	3504.0	6822.0	352.0	209.0	7597.0	340.0	206.0	3400.0	3676.0	259.0	650.0	188.0	210.0	21.0
1	7	4	-116.0782446984322	1.0	0.5009823182711198	72566.0	6822.0	3504.0	352.0	209.0	7597.0	3400.0	650.0	340.0	3676.0	188.0	206.0	259.0	210.0	21.0
4	1	7	-0.4552088027389496	0.675520463234965	1.0039525691699605	72566.0	3504.0	7597.0	340.0	206.0	6822.0	352.0	209.0	3400.0	3676.0	259.0	650.0	210.0	188.0	21.0
1	4	8	1.5622995102382256	0.05910873482608403	0.9892146017699115	72955.0	3115.0	6883.0	334.0	166.0	7656.0	295.0	192.0	3872.0	3244.0	219.0	674.0	181.0	195.0	19.0
1	8	4	-141.72860685186768	1.0	0.5027406886858748	72955.0	6883.0	3115.0	334.0	166.0	7656.0	3872.0	674.0	295.0	3244.0	181.0	192.0	219.0	195.0	19.0
4	1	8	-1.545265772217736	0.9388589881861791	1.0111460417262075	72955.0	3115.0	7656.0	295.0	192.0	6883.0	334.0	166.0	3872.0	3244.0	219.0	674.0	195.0	181.0	19.0
1	4	9	0.6761985544535556	0.24945722836218887	0.9980609906575004	74715.0	1355.0	7171.0	138.0	74.0	7932.0	127.0	84.0	5789.0	1428.0	118.0	904.0	72.0	77.0	16.0
1	9	4	-347.3816392015486	1.0	0.5004861663572882	74715.0	7171.0	1355.0	138.0	74.0	7932.0	5789.0	904.0	127.0	1428.0	72.0	84.0	118.0	77.0	16.0
4	1	9	-0.6748848518574783	0.7501256039031141	1.001950354609929	74715.0	1355.0	7932.0	127.0	84.0	7171.0	138.0	74.0	5789.0	1428.0	118.0	904.0	77.0	72.0	16.0
1	5	6	-99999.9	1.0	-0.04545454545454545	76508.0	2819.0	2952.0	1070.0	104.0	11113.0	288.0	240.0	254.0	3872.0	72.0	258.0	67.0	370.0	13.0
1	6	5	1.486392306750208	0.06858772531911361	0.039999999999999994	76508.0	2952.0	2819.0	1070.0	104.0	11113.0	254.0	258.0	288.0	3872.0	67.0	240.0	72.0	370.0	13.0
5	1	6	-34.18702305525478	1.0	0.5106382978723404	76508.0	2819.0	11113.0	288.0	240.0	2952.0	1070.0	104.0	254.0	3872.0	72.0	258.0	370.0	67.0	13.0
1	5	7	-99999.9	1.0	-0.03014416775884666	76429.0	2898.0	2959.0	1068.0	99.0	11130.0	282.0	229.0	259.0	3860.0	79.0	258.0	62.0	377.0	11.0
1	7	5	1.0014749066953328	0.1582986433458462	0.02764423076923077	76429.0	2959.0	2898.0	1068.0	99.0	11130.0	259.0	258.0	282.0	3860.0	62.0	229.0	79.0	377.0	11.0
5	1	7	-34.224316376631776	1.0	0.5072100313479624	76429.0	2898.0	11130.0	282.0	229.0	2959.0	1068.0	99.0	259.0	3860.0	79.0	258.0	377.0	62.0	11.0
1	5	8	0.0	0.49999999949999996	nan	76120.0	3207.0	3718.0	313.0	95.0	11057.0	313.0	271.0	784.0	3329.0	85.0	361.0	78.0	263.0	6.0
1	8	5	-18.823442652496023	1.0	0.5	76120.0	3718.0	3207.0	313.0	95.0	11057.0	784.0	361.0	313.0	3329.0	78.0	271.0	85.0	263.0	6.0
5	1	8	0.0	0.49999999949999996	nan	76120.0	3207.0	11057.0	313.0	271.0	3718.0	313.0	95.0	784.0	3329.0	85.0	361.0	263.0	78.0	6.0
1	5	9	1.6678964808115897	0.04766811863704801	0.9887071651090342	77960.0	1367.0	3926.0	167.0	33.0	11387.0	138.0	116.0	2677.0	1460.0	61.0	561.0	29.0	109.0	9.0
1	9	5	-144.35931609783074	1.0	0.5028718558130323	77960.0	3926.0	1367.0	167.0	33.0	11387.0	2677.0	561.0	138.0	1460.0	29.0	116.0	61.0	109.0	9.0
5	1	9	-1.6488460680728987	0.950410427881216	1.011688835147118	77960.0	1367.0	11387.0	138.0	116.0	3926.0	167.0	33.0	2677.0	1460.0	61.0	561.0	109.0	29.0	9.0
1	6	7	0.5886613163188366	0.2780442025518908	0.005823186871360509	77504.0	1956.0	1884.0	2048.0	61.0	11294.0	170.0	161.0	181.0	3988.0	58.0	172.0	46.0	469.0	8.0
1	7	6	-99999.9	1.0	-0.005926724137931034	77504.0	1884.0	1956.0	2048.0	61.0	11294.0	181.0	172.0	170.0	3988.0	46.0	161.0	58.0	469.0	8.0
6	1	7	-99.91187977884266	1.0	0.4985313751668892	77504.0	1956.0	11294.0	170.0	161.0	1884.0	2048.0	61.0	181.0	3988.0	58.0	172.0	469.0	46.0	8.0
1	6	8	0.9844784998750373	0.1624401526594874	0.9547169811320755	76259.0	3201.0	3579.0	322.0	92.0	11047.0	298.0	280.0	804.0	3338.0	85.0	351.0	84.0	251.0	9.0
1	8	6	-19.77160987249031	1.0	0.5121457489878544	76259.0	3579.0	3201.0	322.0	92.0	11047.0	804.0	351.0	298.0	3338.0	84.0	280.0	85.0	251.0	9.0
6	1	8	-0.9377838674698972	0.8258222679814238	1.0524017467248907	76259.0	3201.0	11047.0	298.0	280.0	3579.0	322.0	92.0	804.0	3338.0	85.0	351.0	251.0	84.0	9.0
1	6	9	1.1905244685376344	0.11692022296526405	0.9922809725974527	78084.0	1376.0	3802.0	152.0	39.0	11375.0	132.0	118.0	2703.0	1464.0	60.0	547.0	31.0	107.0	10.0
1	9	6	-151.8513959619752	1.0	0.5019523623584538	78084.0	3802.0	1376.0	152.0	39.0	11375.0	2703.0	547.0	132.0	1464.0	31.0	118.0	60.0	107.0	10.0
6	1	9	-1.1812632902526274	0.8812508649064194	1.0079020150138285	78084.0	1376.0	11375.0	132.0	118.0	3802.0	152.0	39.0	2703.0	1464.0	60.0	547.0	107.0	31.0	10.0
1	7	8	0.48587874065422704	0.3135265772960959	0.9764243614931237	76193.0	3195.0	3645.0	318.0	102.0	11065.0	306.0	276.0	803.0	3317.0	84.0	334.0	97.0	255.0	10.0
1	8	7	-19.63759910144169	1.0	0.5061099796334012	76193.0	3645.0	3195.0	318.0	102.0	11065.0	803.0	334.0	306.0	3317.0	97.0	276.0	84.0	255.0	10.0
7	1	8	-0.4741472620066401	0.6823025385210133	1.025369978858351	76193.0	3195.0	11065.0	306.0	276.0	3645.0	318.0	102.0	803.0	3317.0	84.0	334.0	255.0	97.0	10.0
1	7	9	1.4049436717751411	0.08001906797463143	0.9906976744186047	78012.0	1376.0	3874.0	159.0	32.0	11391.0	135.0	121.0	2691.0	1453.0	60.0	543.0	39.0	108.0	6.0
1	9	7	-148.2215573722774	1.0	0.5023584905660377	78012.0	3874.0	1376.0	159.0	32.0	11391.0	2691.0	543.0	135.0	1453.0	39.0	121.0	60.0	108.0	6.0
7	1	9	-1.39175171241575	0.9180011453736246	1.0095693779904307	78012.0	1376.0	11391.0	135.0	121.0	3874.0	159.0	32.0	2691.0	1453.0	60.0	543.0	108.0	39.0	6.0
1	8	9	0.5925363302444423	0.2767457048613322	0.9951876804619827	78451.0	1387.0	3435.0	148.0	32.0	11938.0	138.0	126.0	2206.0	1461.0	53.0	481.0	28.0	110.0	6.0
1	9	8	-121.94397676430644	1.0	0.5012118274357731	78451.0	3435.0	1387.0	148.0	32.0	11938.0	2206.0	481.0	138.0	1461.0	28.0	126.0	53.0	110.0	6.0
8	1	9	-0.5896710675256587	0.7222944462001739	1.0048828125	78451.0	1387.0	11938.0	138.0	126.0	3435.0	148.0	32.0	2206.0	1461.0	53.0	481.0	110.0	28.0	6.0
2	3	4	-0.9825896997382747	0.837095288949533	1.0108492330714554	71464.0	6715.0	4668.0	416.0	228.0	4573.0	445.0	242.0	3147.0	6681.0	578.0	361.0	231.0	231.0	20.0
2	4	3	-92.53284379259398	1.0	0.4973311246088717	71464.0	4668.0	6715.0	416.0	228.0	4573.0	3147.0	361.0	445.0	6681.0	231.0	242.0	578.0	231.0	20.0
3	2	4	0.9931356291581156	0.16032193868803313	0.9894927536231884	71464.0	6715.0	4573.0	445.0	242.0	4668.0	416.0	228.0	3147.0	6681.0	578.0	361.0	231.0	231.0	20.0
2	3	5	0.5504895748848776	0.29099178545606064	0.997979797979798	74405.0	3774.0	4935.0	244.0	133.0	4902.0	232.0	126.0	6160.0	3828.0	418.0	566.0	127.0	135.0	15.0
2	5	3	-271.39136041824463	1.0	0.5005065856129686	74405.0	4935.0	3774.0	244.0	133.0	4902.0	6160.0	566.0	232.0	3828.0	127.0	126.0	418.0	135.0	15.0
3	2	5	-0.5493752235187139	0.7086260398672176	1.0020325203252032	74405.0	3774.0	4902.0	232.0	126.0	4935.0	244.0	133.0	6160.0	3828.0	418.0	566.0	135.0	127.0	15.0
2	3	6	0.5381974102023298	0.29522036261721696	0.9979763912310287	74532.0	3647.0	4947.0	255.0	110.0	4892.0	243.0	125.0	6161.0	3837.0	408.0	553.0	131.0	142.0	17.0
2	6	3	-264.88282538791236	1.0	0.5005074424898512	74532.0	4947.0	3647.0	255.0	110.0	4892.0	6161.0	553.0	243.0	3837.0	131.0	125.0	408.0	142.0	17.0
3	2	6	-0.5371061008203718	0.7044028572991298	1.0020359687818121	74532.0	3647.0	4892.0	243.0	125.0	4947.0	255.0	110.0	6161.0	3837.0	408.0	553.0	142.0	131.0	17.0
2	3	7	0.3193224195538221	0.3747410856402942	0.9988193624557261	74496.0	3683.0	4939.0	244.0	129.0	4886.0	237.0	137.0	6159.0	3835.0	412.0	555.0	133.0	139.0	16.0
2	7	3	-269.82744452298084	1.0	0.5002956830277941	74496.0	4939.0	3683.0	244.0	129.0	4886.0	6159.0	555.0	237.0	3835.0	133.0	137.0	412.0	139.0	16.0
3	2	7	-0.31894496988531884	0.6251158097909469	1.0011848341232228	74496.0	3683.0	4886.0	237.0	137.0	4939.0	244.0	129.0	6159.0	3835.0	412.0	555.0	139.0	133.0	16.0
2	3	8	1.8736356962298655	0.030490263925611494	0.9938442597722376	74885.0	3294.0	4963.0	249.0	100.0	4928.0	209.0	123.0	6667.0	3388.0	351.0	597.0	107.0	122.0	17.0
2	8	3	-300.6248474600822	1.0	0.5015532774153464	74885.0	4963.0	3294.0	249.0	100.0	4928.0	6667.0	597.0	209.0	3388.0	107.0	123.0	351.0	122.0	17.0
3	2	8	-1.862030643915032	0.9687006764839896	1.0062715584822828	74885.0	3294.0	4928.0	209.0	123.0	4963.0	249.0	100.0	6667.0	3388.0	351.0	597.0	122.0	107.0	17.0
2	3	9	1.3205743337462934	0.09332173407698785	0.9979255503054051	76742.0	1437.0	5164.0	102.0	46.0	5139.0	84.0	37.0	8743.0	1485.0	178.0	723.0	58.0	54.0	8.0
2	9	3	-633.949045438984	1.0	0.5005202312138728	76742.0	5164.0	1437.0	102.0	46.0	5139.0	8743.0	723.0	84.0	1485.0	58.0	37.0	178.0	54.0	8.0
3	2	9	-1.3178291740272225	0.9062195137530747	1.0020874405659284	76742.0	1437.0	5139.0	84.0	37.0	5164.0	102.0	46.0	8743.0	1485.0	178.0	723.0	54.0	58.0	8.0
2	4	5	0.774942990216415	0.21918660903913478	0.9936040933802367	72518.0	3614.0	6822.0	345.0	192.0	7543.0	325.0	213.0	3432.0	3670.0	255.0	653.0	192.0	210.0	16.0
2	5	4	-119.61245053990368	1.0	0.5016144656118825	72518.0	6822.0	3614.0	345.0	192.0	7543.0	3432.0	653.0	325.0	3670.0	192.0	213.0	255.0	210.0	16.0
4	2	5	-0.7699546220785559	0.7793366600762464	1.006521030322791	72518.0	3614.0	7543.0	325.0	213.0	6822.0	345.0	192.0	3432.0	3670.0	255.0	653.0	210.0	192.0	16.0
2	4	6	1.5894747675760768	0.055976625970620475	0.9869009584664536	72657.0	3475.0	6822.0	357.0	180.0	7559.0	316.0	206.0	3405.0	3700.0	252.0	642.0	195.0	215.0	19.0
2	6	4	-118.16388028224102	1.0	0.503340394329477	72657.0	6822.0	3475.0	357.0	180.0	7559.0	3405.0	642.0	316.0	3700.0	195.0	206.0	252.0	215.0	19.0
4	2	6	-1.5683778218102564	0.9416034987933668	1.013634852011972	72657.0	3475.0	7559.0	316.0	206.0	6822.0	357.0	180.0	3405.0	3700.0	252.0	642.0	215.0	195.0	19.0
2	4	7	0.3916132215391683	0.3476720612737323	0.9967773122784402	72623.0	3509.0	6812.0	332.0	215.0	7540.0	322.0	219.0	3415.0	3690.0	252.0	645.0	193.0	216.0	17.0
2	7	4	-120.73435620052581	1.0	0.500809585492228	72623.0	6812.0	3509.0	332.0	215.0	7540.0	3415.0	645.0	322.0	3690.0	193.0	219.0	252.0	216.0	17.0
4	2	7	-0.39034709408511337	0.6518599950306903	1.003254149040026	72623.0	3509.0	7540.0	322.0	219.0	6812.0	332.0	215.0	3415.0	3690.0	252.0	645.0	216.0	193.0	17.0
2	4	8	2.54122212192177	0.0055233088680830544	0.9828664672287191	72996.0	3136.0	6852.0	343.0	164.0	7615.0	280.0	186.0	3894.0	3242.0	221.0	683.0	182.0	188.0	18.0
2	8	4	-143.23618658641598	1.0	0.5043963712491276	72996.0	6852.0	3136.0	343.0	164.0	7615.0	3894.0	683.0	280.0	3242.0	182.0	186.0	221.0	188.0	18.0
4	2	8	-2.4969230091157177	0.9937361782115153	1.0180619266055047	72996.0	3136.0	7615.0	280.0	186.0	6852.0	343.0	164.0	3894.0	3242.0	221.0	683.0	188.0	182.0	18.0
2	4	9	1.218755965462611	0.11146848138830379	0.9964955318030488	74764.0	1368.0	7142.0	145.0	72.0	7883.0	125.0	73.0	5812.0	1425.0	120.0	910.0	77.0	73.0	11.0
2	9	4	-345.33450281383074	1.0	0.5008807468733487	74764.0	7142.0	1368.0	145.0	72.0	7883.0	5812.0	910.0	125.0	1425.0	77.0	73.0	120.0	73.0	11.0
4	2	9	-1.2144698533983849	0.8877157561595569	1.003541703559412	74764.0	1368.0	7883.0	125.0	73.0	7142.0	145.0	72.0	5812.0	1425.0	120.0	910.0	73.0	77.0	11.0
2	5	6	-99999.9	1.0	-0.040897097625329816	76499.0	2841.0	2980.0	1062.0	109.0	11122.0	273.0	233.0	242.0	3870.0	75.0	242.0	68.0	380.0	4.0
2	6	5	1.3882201481240481	0.08253506627113971	0.03642773207990599	76499.0	2980.0	2841.0	1062.0	109.0	11122.0	242.0	242.0	273.0	3870.0	68.0	233.0	75.0	380.0	4.0
5	2	6	-35.33244183451202	1.0	0.5096333126165319	76499.0	2841.0	11122.0	273.0	233.0	2980.0	1062.0	109.0	242.0	3870.0	75.0	242.0	380.0	68.0	4.0
2	5	7	-99999.9	1.0	-0.04	76445.0	2895.0	2990.0	1063.0	98.0	11114.0	283.0	231.0	253.0	3855.0	79.0	233.0	67.0	387.0	7.0
2	7	5	1.3166497595521052	0.09397809231545273	0.03571428571428571	76445.0	2990.0	2895.0	1063.0	98.0	11114.0	253.0	233.0	283.0	3855.0	67.0	231.0	79.0	387.0	7.0
5	2	7	-34.23289374835475	1.0	0.509433962264151	76445.0	2895.0	11114.0	283.0	231.0	2990.0	1063.0	98.0	253.0	3855.0	79.0	233.0	387.0	67.0	7.0
2	5	8	0.9824230936129782	0.16294572995116097	0.9523809523809523	76109.0	3231.0	3739.0	324.0	88.0	11068.0	300.0	260.0	780.0	3319.0	88.0	344.0	85.0	262.0	3.0
2	8	5	-18.666038778646563	1.0	0.5128205128205129	76109.0	3739.0	3231.0	324.0	88.0	11068.0	780.0	344.0	300.0	3319.0	85.0	260.0	88.0	262.0	3.0
5	2	8	-0.9333019389323293	0.8246679692470456	1.0555555555555556	76109.0	3231.0	11068.0	300.0	260.0	3739.0	324.0	88.0	780.0	3319.0	88.0	344.0	262.0	85.0	3.0
2	5	9	1.9113699858092832	0.02797845870407012	0.9871445266848461	77957.0	1383.0	3949.0	167.0	35.0	11390.0	134.0	104.0	2668.0	1461.0	58.0	547.0	32.0	108.0	7.0
2	9	5	-144.85867680330372	1.0	0.5032770605759682	77957.0	3949.0	1383.0	167.0	35.0	11390.0	2668.0	547.0	134.0	1461.0	32.0	104.0	58.0	108.0	7.0
5	2	9	-1.8864784271937716	0.9703848082726427	1.0133711507293355	77957.0	1383.0	11390.0	134.0	104.0	3949.0	167.0	35.0	2668.0	1461.0	58.0	547.0	108.0	32.0	7.0
2	6	7	-99999.9	1.0	-0.0005387931034482759	77531.0	1948.0	1904.0	2037.0	71.0	11267.0	180.0	159.0	179.0	3979.0	53.0	154.0	46.0	489.0	3.0
2	7	6	0.052784752113566015	0.4789516371662299	0.0005379236148466917	77531.0	1904.0	1948.0	2037.0	71.0	11267.0	179.0	154.0	180.0	3979.0	46.0	159.0	53.0	489.0	3.0
6	2	7	-98.02128467489393	1.0	0.500134589502019	77531.0	1948.0	11267.0	180.0	159.0	1904.0	2037.0	71.0	179.0	3979.0	53.0	154.0	489.0	46.0	3.0
2	6	8	1.8560759824231554	0.031721303090910924	0.9207207207207208	76247.0	3232.0	3601.0	323.0	88.0	11059.0	279.0	268.0	790.0	3335.0	86.0	343.0	90.0	253.0	6.0
2	8	6	-19.69971554071847	1.0	0.5224948875255624	76247.0	3601.0	3232.0	323.0	88.0	11059.0	790.0	343.0	279.0	3335.0	90.0	268.0	86.0	253.0	6.0
6	2	8	-1.696257306832903	0.9550814474690551	1.1040189125295508	76247.0	3232.0	11059.0	279.0	268.0	3601.0	323.0	88.0	790.0	3335.0	86.0	343.0	253.0	90.0	6.0
2	6	9	1.6406779348717104	0.05043213113467915	0.9895793130065612	78087.0	1392.0	3819.0	150.0	43.0	11372.0	123.0	111.0	2687.0	1469.0	55.0	546.0	35.0	104.0	7.0
2	9	6	-154.16296002850083	1.0	0.5026465398941384	78087.0	3819.0	1392.0	150.0	43.0	11372.0	2687.0	546.0	123.0	1469.0	35.0	111.0	55.0	104.0	7.0
6	2	9	-1.6234009051363216	0.9477481418177525	1.0107569721115537	78087.0	1392.0	11372.0	123.0	111.0	3819.0	150.0	43.0	2687.0	1469.0	55.0	546.0	104.0	35.0	7.0
2	7	8	1.0801878855826381	0.14002929929315733	0.9514925373134329	76207.0	3228.0	3641.0	316.0	99.0	11051.0	290.0	259.0	800.0	3316.0	89.0	341.0	98.0	258.0	7.0
2	8	7	-20.10811294699989	1.0	0.5130784708249496	76207.0	3641.0	3228.0	316.0	99.0	11051.0	800.0	341.0	290.0	3316.0	98.0	259.0	89.0	258.0	7.0
7	2	8	-1.0251194835725428	0.847346573905945	1.056768558951965	76207.0	3228.0	11051.0	290.0	259.0	3641.0	316.0	99.0	800.0	3316.0	89.0	341.0	258.0	98.0	7.0
2	7	9	1.4294087803355044	0.0764434363085511	0.9907120743034056	78040.0	1395.0	3866.0	154.0	36.0	11363.0	130.0	107.0	2690.0	1459.0	56.0	552.0	38.0	107.0	7.0
2	9	7	-151.0408611221182	1.0	0.5023547880690737	78040.0	3866.0	1395.0	154.0	36.0	11363.0	2690.0	552.0	130.0	1459.0	38.0	107.0	56.0	107.0	7.0
7	2	9	-1.4160080730198592	0.9216133783777143	1.0095541401273886	78040.0	1395.0	11363.0	130.0	107.0	3866.0	154.0	36.0	2690.0	1459.0	56.0	552.0	107.0	38.0	7.0
2	8	9	0.8331410067135052	0.20238255286958795	0.9932432432432432	78445.0	1403.0	3461.0	149.0	33.0	11944.0	135.0	113.0	2193.0	1460.0	51.0	468.0	32.0	110.0	3.0
2	9	8	-121.63858698017187	1.0	0.5017064846416383	78445.0	3461.0	1403.0	149.0	33.0	11944.0	2193.0	468.0	135.0	1460.0	32.0	113.0	51.0	110.0	3.0
8	2	9	-0.827473380817495	0.79601565135743	1.006896551724138	78445.0	1403.0	11944.0	135.0	113.0	3461.0	149.0	33.0	2193.0	1460.0	51.0	468.0	110.0	32.0	3.0
3	4	5	0.6196195157766986	0.267754103057529	0.9948136142625608	72434.0	3603.0	6873.0	343.0	186.0	7627.0	327.0	222.0	3396.0	3680.0	252.0	638.0	200.0	202.0	17.0
3	5	4	-118.23114885414141	1.0	0.5013067624959163	72434.0	6873.0	3603.0	343.0	186.0	7627.0	3396.0	638.0	327.0	3680.0	200.0	222.0	252.0	202.0	17.0
4	3	5	-0.616389176170173	0.731181205834265	1.005268356931182	72434.0	3603.0	7627.0	327.0	222.0	6873.0	343.0	186.0	3396.0	3680.0	252.0	638.0	202.0	200.0	17.0
3	4	6	1.1356768189867619	0.12804597632388803	0.9902184545158135	72560.0	3477.0	6864.0	367.0	171.0	7656.0	337.0	183.0	3374.0	3698.0	256.0	631.0	199.0	207.0	20.0
3	6	4	-113.83267315643977	1.0	0.5024818001323627	72560.0	6864.0	3477.0	367.0	171.0	7656.0	3374.0	631.0	337.0	3698.0	199.0	183.0	256.0	207.0	20.0
4	3	6	-1.1244584111600897	0.8695906470747188	1.010077258985556	72560.0	3477.0	7656.0	337.0	183.0	6864.0	367.0	171.0	3374.0	3698.0	256.0	631.0	207.0	199.0	20.0
3	4	7	0.30670551389751705	0.3795338349816624	0.9973830552829571	72526.0	3511.0	6856.0	345.0	201.0	7637.0	337.0	202.0	3386.0	3684.0	258.0	630.0	197.0	209.0	21.0
3	7	4	-116.58643347029404	1.0	0.5006568144499178	72526.0	6856.0	3511.0	345.0	201.0	7637.0	3386.0	630.0	337.0	3684.0	197.0	202.0	258.0	209.0	21.0
4	3	7	-0.3059007765701375	0.6201598339559801	1.0026376524892846	72526.0	3511.0	7637.0	337.0	202.0	6856.0	345.0	201.0	3386.0	3684.0	258.0	630.0	209.0	197.0	21.0
3	4	8	0.6387692397696718	0.26148647116797596	0.9955030916245081	72909.0	3128.0	6904.0	323.0	175.0	7702.0	307.0	167.0	3849.0	3270.0	209.0	676.0	182.0	180.0	19.0
3	8	4	-140.76877121424155	1.0	0.5011318619128466	72909.0	6904.0	3128.0	323.0	175.0	7702.0	3849.0	676.0	307.0	3270.0	182.0	167.0	209.0	180.0	19.0
4	3	8	-0.6358837773652916	0.7375739704733105	1.0045584045584046	72909.0	3128.0	7702.0	307.0	167.0	6904.0	323.0	175.0	3849.0	3270.0	209.0	676.0	180.0	182.0	19.0
3	4	9	0.1871469672640546	0.4257727168048583	0.9994693083318592	74681.0	1356.0	7200.0	130.0	72.0	7966.0	127.0	83.0	5777.0	1434.0	117.0	887.0	80.0	79.0	11.0
3	9	4	-352.2729747133723	1.0	0.5001327786137912	74681.0	7200.0	1356.0	130.0	72.0	7966.0	5777.0	887.0	127.0	1434.0	80.0	83.0	117.0	79.0	11.0
4	3	9	-0.18704759719294095	0.5741883281740389	1.0005315379163713	74681.0	1356.0	7966.0	127.0	83.0	7200.0	130.0	72.0	5777.0	1434.0	117.0	887.0	79.0	80.0	11.0
3	5	6	-99999.9	1.0	-0.05555555555555555	76458.0	2849.0	2966.0	1064.0	102.0	11163.0	285.0	213.0	244.0	3882.0	81.0	254.0	67.0	366.0	6.0
3	6	5	1.8191430650733256	0.03444474747924864	0.047619047619047616	76458.0	2966.0	2849.0	1064.0	102.0	11163.0	244.0	254.0	285.0	3882.0	67.0	213.0	81.0	366.0	6.0
5	3	6	-34.563718236393164	1.0	0.5128205128205129	76458.0	2849.0	11163.0	285.0	213.0	2966.0	1064.0	102.0	244.0	3882.0	81.0	254.0	366.0	67.0	6.0
3	5	7	-99999.9	1.0	-0.038309114927344776	76409.0	2898.0	2973.0	1070.0	89.0	11150.0	284.0	227.0	255.0	3867.0	85.0	248.0	67.0	368.0	10.0
3	7	5	1.2685339443590393	0.10230373713284757	0.034360189573459717	76409.0	2973.0	2898.0	1070.0	89.0	11150.0	255.0	248.0	284.0	3867.0	67.0	227.0	85.0	368.0	10.0
5	3	7	-34.38164414711053	1.0	0.509056839475328	76409.0	2898.0	11150.0	284.0	227.0	2973.0	1070.0	89.0	255.0	3867.0	85.0	248.0	368.0	67.0	10.0
3	5	8	-0.5081049880613565	0.6943101471158102	1.0295454545454545	76085.0	3222.0	3728.0	311.0	93.0	11092.0	324.0	245.0	777.0	3349.0	81.0	358.0	86.0	245.0	4.0
3	8	5	-18.2136095720455	1.0	0.4929270946681175	76085.0	3728.0	3222.0	311.0	93.0	11092.0	777.0	358.0	324.0	3349.0	86.0	245.0	81.0	245.0	4.0
5	3	8	0.5226863674096958	0.300596249886357	0.9728601252609603	76085.0	3222.0	11092.0	324.0	245.0	3728.0	311.0	93.0	777.0	3349.0	81.0	358.0	245.0	86.0	4.0
3	5	9	0.9387878248485331	0.17391983132310151	0.9937402190923318	77939.0	1368.0	3942.0	154.0	36.0	11408.0	138.0	115.0	2678.0	1470.0	59.0	544.0	33.0	112.0	4.0
3	9	5	-148.0937793698561	1.0	0.5015797788309637	77939.0	3942.0	1368.0	154.0	36.0	11408.0	2678.0	544.0	138.0	1470.0	33.0	115.0	59.0	112.0	4.0
5	3	9	-0.9328742007549989	0.8245575544071249	1.0063795853269537	77939.0	1368.0	11408.0	138.0	115.0	3942.0	154.0	36.0	2678.0	1470.0	59.0	544.0	112.0	33.0	4.0
3	6	7	0.3611208257575751	0.3590046253480986	0.0037373198077949813	77479.0	1945.0	1903.0	2051.0	61.0	11319.0	185.0	157.0	192.0	3984.0	58.0	142.0	49.0	470.0	5.0
3	7	6	-99999.9	1.0	-0.003779697624190065	77479.0	1903.0	1945.0	2051.0	61.0	11319.0	192.0	142.0	185.0	3984.0	49.0	157.0	58.0	470.0	5.0
6	3	7	-95.90337358333313	1.0	0.49906040268456375	77479.0	1945.0	11319.0	185.0	157.0	1903.0	2051.0	61.0	192.0	3984.0	58.0	142.0	470.0	49.0	5.0
3	6	8	0.36086341248293075	0.3591008405500655	0.9819639278557114	76208.0	3216.0	3605.0	321.0	89.0	11098.0	312.0	251.0	802.0	3352.0	80.0	327.0	95.0	238.0	6.0
3	8	6	-19.286144600476586	1.0	0.5046343975283213	76208.0	3605.0	3216.0	321.0	89.0	11098.0	802.0	327.0	312.0	3352.0	95.0	251.0	80.0	238.0	6.0
6	3	8	-0.35423530898834626	0.6384186636461762	1.0190677966101696	76208.0	3216.0	11098.0	312.0	251.0	3605.0	321.0	89.0	802.0	3352.0	80.0	327.0	238.0	95.0	6.0
3	6	9	0.4856915558288417	0.3135929420358843	0.9968980224893369	78051.0	1373.0	3830.0	140.0	45.0	11408.0	132.0	121.0	2703.0	1475.0	56.0	519.0	34.0	108.0	5.0
3	9	6	-155.60343219866536	1.0	0.5007791195948578	78051.0	3830.0	1373.0	140.0	45.0	11408.0	2703.0	519.0	132.0	1475.0	34.0	121.0	56.0	108.0	5.0
6	3	9	-0.4841802635508834	0.6858710216654513	1.0031311154598825	78051.0	1373.0	11408.0	132.0	121.0	3830.0	140.0	45.0	2703.0	1475.0	56.0	519.0	108.0	34.0	5.0
3	7	8	-0.19521392438066038	0.57738723949587	1.0105042016806722	76179.0	3203.0	3634.0	322.0	101.0	11079.0	327.0	247.0	808.0	3329.0	81.0	340.0	103.0	239.0	8.0
3	8	7	-18.974793449800295	1.0	0.49741468459152016	76179.0	3634.0	3203.0	322.0	101.0	11079.0	808.0	340.0	327.0	3329.0	103.0	247.0	81.0	239.0	8.0
7	3	8	0.19724317515384812	0.4218186453835898	0.9898167006109979	76179.0	3203.0	11079.0	327.0	247.0	3634.0	322.0	101.0	808.0	3329.0	81.0	340.0	239.0	103.0	8.0
3	7	9	0.5943621262967704	0.2761349211715398	0.9961089494163424	78004.0	1378.0	3877.0	147.0	33.0	11399.0	137.0	117.0	2697.0	1463.0	58.0	534.0	41.0	110.0	5.0
3	9	7	-151.56234220567686	1.0	0.5009784735812133	78004.0	3877.0	1378.0	147.0	33.0	11399.0	2697.0	534.0	137.0	1463.0	41.0	117.0	58.0	110.0	5.0
7	3	9	-0.5920403992409237	0.7230882770668765	1.0039370078740157	78004.0	1378.0	11399.0	137.0	117.0	3877.0	147.0	33.0	2697.0	1463.0	58.0	534.0	110.0	41.0	5.0
3	8	9	-0.18274520931515936	0.5725010182791432	1.0014354066985647	78418.0	1395.0	3463.0	133.0	30.0	11971.0	136.0	120.0	2229.0	1474.0	56.0	430.0	31.0	112.0	2.0
3	9	8	-127.6779862415244	1.0	0.49964191931248503	78418.0	3463.0	1395.0	133.0	30.0	11971.0	2229.0	430.0	136.0	1474.0	31.0	120.0	56.0	112.0	2.0
8	3	9	0.18300714702559676	0.42739621678152395	0.9985707479752263	78418.0	1395.0	11971.0	136.0	120.0	3463.0	133.0	30.0	2229.0	1474.0	56.0	430.0	112.0	31.0	2.0
4	5	6	-99999.9	1.0	-0.08262108262108263	77221.0	2840.0	2995.0	1052.0	105.0	10400.0	292.0	215.0	234.0	3914.0	77.0	235.0	66.0	346.0	8.0
4	6	5	2.5954605812335756	0.004723245048719682	0.06621004566210045	77221.0	2995.0	2840.0	1052.0	105.0	10400.0	234.0	235.0	292.0	3914.0	66.0	215.0	77.0	346.0	8.0
5	4	6	-34.00948347823308	1.0	0.5183776932826363	77221.0	2840.0	10400.0	292.0	215.0	2995.0	1052.0	105.0	234.0	3914.0	77.0	235.0	346.0	66.0	8.0
4	5	7	-99999.9	1.0	-0.04417670682730924	77163.0	2898.0	3000.0	1059.0	93.0	10396.0	279.0	232.0	246.0	3895.0	84.0	230.0	64.0	351.0	10.0
4	7	5	1.4651831050934263	0.07143552317809876	0.03900709219858156	77163.0	3000.0	2898.0	1059.0	93.0	10396.0	246.0	230.0	279.0	3895.0	64.0	232.0	84.0	351.0	10.0
5	4	7	-34.63160066584463	1.0	0.5103578154425613	77163.0	2898.0	10396.0	279.0	232.0	3000.0	1059.0	93.0	246.0	3895.0	84.0	230.0	351.0	64.0	10.0
4	5	8	-1.3872539769344614	0.9173177772242543	1.087378640776699	76842.0	3219.0	3769.0	289.0	94.0	10335.0	325.0	247.0	773.0	3370.0	82.0	321.0	78.0	246.0	10.0
4	8	5	-18.650859023229994	1.0	0.48068669527896996	76842.0	3769.0	3219.0	289.0	94.0	10335.0	773.0	321.0	325.0	3370.0	78.0	247.0	82.0	246.0	10.0
5	4	8	1.4987297429381234	0.0669719087726306	0.9307692307692308	76842.0	3219.0	10335.0	325.0	247.0	3769.0	289.0	94.0	773.0	3370.0	82.0	321.0	246.0	78.0	10.0
4	5	9	1.252455180759127	0.1052020936191812	0.9918414918414918	78686.0	1375.0	3961.0	152.0	39.0	10661.0	131.0	115.0	2684.0	1484.0	57.0	519.0	28.0	100.0	8.0
4	9	5	-151.0103103658147	1.0	0.5020648967551623	78686.0	3961.0	1375.0	152.0	39.0	10661.0	2684.0	519.0	131.0	1484.0	28.0	115.0	57.0	100.0	8.0
5	4	9	-1.2421529642311437	0.8929098667074666	1.008363201911589	78686.0	1375.0	10661.0	131.0	115.0	3961.0	152.0	39.0	2684.0	1484.0	57.0	519.0	100.0	28.0	8.0
4	6	7	1.505873015738642	0.06604991545908923	0.014877789585547292	78246.0	1970.0	1917.0	2015.0	65.0	10552.0	161.0	156.0	189.0	4028.0	55.0	131.0	49.0	462.0	4.0
4	7	6	-99999.9	1.0	-0.01557285873192436	78246.0	1917.0	1970.0	2015.0	65.0	10552.0	189.0	131.0	161.0	4028.0	49.0	156.0	55.0	462.0	4.0
6	4	7	-98.20443309781291	1.0	0.49619565217391304	78246.0	1970.0	10552.0	161.0	156.0	1917.0	2015.0	65.0	189.0	4028.0	55.0	131.0	462.0	49.0	4.0
4	6	8	-0.48954100137146617	0.6877706287408349	1.0242424242424242	76989.0	3227.0	3622.0	287.0	88.0	10317.0	299.0	253.0	806.0	3383.0	83.0	306.0	91.0	241.0	8.0
4	8	6	-21.17264830931593	1.0	0.49415204678362573	76989.0	3622.0	3227.0	287.0	88.0	10317.0	806.0	306.0	299.0	3383.0	91.0	253.0	83.0	241.0	8.0
6	4	8	0.5011277706346962	0.30814059974187313	0.9774011299435028	76989.0	3227.0	10317.0	299.0	253.0	3622.0	287.0	88.0	806.0	3383.0	83.0	306.0	241.0	91.0	8.0
4	6	9	0.3783038370941412	0.35260250507980917	0.9977011494252873	78826.0	1390.0	3821.0	129.0	47.0	10633.0	123.0	113.0	2727.0	1490.0	55.0	504.0	30.0	104.0	8.0
4	9	6	-163.80556146176286	1.0	0.5005767012687429	78826.0	3821.0	1390.0	129.0	47.0	10633.0	2727.0	504.0	123.0	1490.0	30.0	113.0	55.0	104.0	8.0
6	4	9	-0.3774321692667354	0.6470737102668003	1.0023148148148149	78826.0	1390.0	10633.0	123.0	113.0	3821.0	129.0	47.0	2727.0	1490.0	55.0	504.0	104.0	30.0	8.0
4	7	8	-0.986112680018608	0.837961084502859	1.0544662309368191	76950.0	3213.0	3661.0	291.0	98.0	10308.0	316.0	248.0	800.0	3355.0	83.0	321.0	102.0	244.0	10.0
4	8	7	-20.07725416517887	1.0	0.48741188318227596	76950.0	3661.0	3213.0	291.0	98.0	10308.0	800.0	321.0	316.0	3355.0	102.0	248.0	83.0	244.0	10.0
7	4	8	1.0370482523336186	0.1498567087926298	0.9531835205992509	76950.0	3213.0	10308.0	316.0	248.0	3661.0	291.0	98.0	800.0	3355.0	83.0	321.0	244.0	102.0	10.0
4	7	9	0.7290160763450209	0.23299584507679105	0.9953614224971009	78776.0	1387.0	3871.0	142.0	37.0	10627.0	130.0	115.0	2705.0	1476.0	57.0	532.0	37.0	102.0	6.0
4	9	7	-155.70568363935723	1.0	0.5011677695601402	78776.0	3871.0	1387.0	142.0	37.0	10627.0	2705.0	532.0	130.0	1476.0	37.0	115.0	57.0	102.0	6.0
7	4	9	-0.7256187198727335	0.7659637983943399	1.004704037632301	78776.0	1387.0	10627.0	130.0	115.0	3871.0	142.0	37.0	2705.0	1476.0	57.0	532.0	102.0	37.0	6.0
4	8	9	-0.12395122711730185	0.5493230935153983	1.0009483167377904	79208.0	1403.0	3439.0	129.0	34.0	11181.0	131.0	117.0	2242.0	1482.0	49.0	441.0	30.0	108.0	6.0
4	9	8	-130.95447144943083	1.0	0.49976325757575757	79208.0	3439.0	1403.0	129.0	34.0	11181.0	2242.0	441.0	131.0	1482.0	30.0	117.0	49.0	108.0	6.0
8	4	9	0.12406866077634239	0.45063041618199406	0.9990543735224586	79208.0	1403.0	11181.0	131.0	117.0	3439.0	129.0	34.0	2242.0	1482.0	49.0	441.0	108.0	30.0	6.0
5	6	7	0.2738411825953396	0.39210340035314395	0.003568242640499554	85482.0	2139.0	2077.0	1222.0	48.0	3316.0	105.0	43.0	109.0	5140.0	63.0	51.0	60.0	143.0	2.0
5	7	6	-99999.9	1.0	-0.0036068530207394047	85482.0	2077.0	2139.0	1222.0	48.0	3316.0	109.0	51.0	105.0	5140.0	60.0	43.0	63.0	143.0	2.0
6	5	7	-76.1963090571535	1.0	0.49910313901345293	85482.0	2139.0	3316.0	105.0	43.0	2077.0	1222.0	48.0	109.0	5140.0	63.0	51.0	143.0	60.0	2.0
5	6	8	1.3577520248377062	0.0872712532242671	0.9839650145772595	84037.0	3584.0	3140.0	144.0	63.0	3269.0	122.0	73.0	1472.0	3709.0	131.0	122.0	74.0	58.0	2.0
5	8	6	-81.95884949929425	1.0	0.5041075429424944	84037.0	3140.0	3584.0	144.0	63.0	3269.0	1472.0	122.0	122.0	3709.0	74.0	73.0	131.0	58.0	2.0
6	5	8	-1.335625695544055	0.9091641116666489	1.0168453292496171	84037.0	3584.0	3269.0	122.0	73.0	3140.0	144.0	63.0	1472.0	3709.0	131.0	122.0	58.0	74.0	2.0
5	6	9	-1.1505489489434424	0.8750410204392094	1.0037005408482778	86091.0	1530.0	3256.0	57.0	34.0	3368.0	70.0	26.0	3596.0	1639.0	77.0	200.0	27.0	27.0	2.0
5	9	6	-313.2148254085262	1.0	0.49907997169143664	86091.0	3256.0	1530.0	57.0	34.0	3368.0	3596.0	200.0	70.0	1639.0	27.0	26.0	77.0	27.0	2.0
6	5	9	1.1547909047960416	0.12408808886630895	0.9963400900900901	86091.0	1530.0	3368.0	70.0	26.0	3256.0	57.0	34.0	3596.0	1639.0	77.0	200.0	27.0	27.0	2.0
5	7	8	0.3672156141079714	0.35672915756466983	0.9955817378497791	83987.0	3572.0	3190.0	137.0	82.0	3271.0	131.0	74.0	1483.0	3693.0	129.0	109.0	81.0	60.0	1.0
5	8	7	-82.37870276488796	1.0	0.5011119347664937	83987.0	3190.0	3572.0	137.0	82.0	3271.0	1483.0	109.0	131.0	3693.0	81.0	74.0	129.0	60.0	1.0
7	5	8	-0.3655859590157762	0.6426629116487937	1.0044776119402985	83987.0	3572.0	3271.0	131.0	74.0	3190.0	137.0	82.0	1483.0	3693.0	129.0	109.0	60.0	81.0	1.0
5	7	9	-0.958958048993055	0.8312100665866626	1.0031285551763367	86024.0	1535.0	3323.0	60.0	26.0	3379.0	71.0	26.0	3598.0	1631.0	76.0	187.0	34.0	29.0	1.0
5	9	7	-308.43577975794824	1.0	0.49922151450813873	86024.0	3323.0	1535.0	60.0	26.0	3379.0	3598.0	187.0	71.0	1631.0	34.0	26.0	76.0	29.0	1.0
7	5	9	0.9619488452898861	0.1680376452871466	0.9969005353620738	86024.0	1535.0	3379.0	71.0	26.0	3323.0	60.0	26.0	3598.0	1631.0	76.0	187.0	29.0	34.0	1.0
5	8	9	-1.488764814058266	0.9317253117103683	1.0089243776420855	85662.0	1515.0	3685.0	71.0	35.0	4727.0	90.0	46.0	2238.0	1615.0	52.0	199.0	31.0	33.0	1.0
5	9	8	-169.79754484548798	1.0	0.4977983777520278	85662.0	3685.0	1515.0	71.0	35.0	4727.0	2238.0	199.0	90.0	1615.0	31.0	46.0	52.0	33.0	1.0
8	5	9	1.501933590346491	0.06655715943251783	0.9913083257090577	85662.0	1515.0	4727.0	90.0	46.0	3685.0	71.0	35.0	2238.0	1615.0	52.0	199.0	33.0	31.0	1.0
6	7	8	-0.9850918835941763	0.8377105260229273	1.005295315682281	85155.0	3643.0	2151.0	80.0	56.0	2103.0	93.0	41.0	2561.0	3764.0	180.0	70.0	54.0	46.0	3.0
6	8	7	-188.00099716901167	1.0	0.498686603354213	85155.0	2151.0	3643.0	80.0	56.0	2103.0	2561.0	70.0	93.0	3764.0	54.0	41.0	180.0	46.0	3.0
7	6	8	0.9902807792533029	0.16101845542801674	0.9947874899759422	85155.0	3643.0	2103.0	93.0	41.0	2151.0	80.0	56.0	2561.0	3764.0	180.0	70.0	46.0	54.0	3.0
6	7	9	0.34628093396504556	0.36456586379387645	0.9993630573248408	87226.0	1572.0	2233.0	39.0	15.0	2177.0	36.0	24.0	4743.0	1664.0	98.0	132.0	23.0	17.0	1.0
6	9	7	-542.9685044571928	1.0	0.500159387950271	87226.0	2233.0	1572.0	39.0	15.0	2177.0	4743.0	132.0	36.0	1664.0	23.0	24.0	98.0	17.0	1.0
7	6	9	-0.3460602322862915	0.6353512095263574	1.0006381620931717	87226.0	1572.0	2177.0	36.0	24.0	2233.0	39.0	15.0	4743.0	1664.0	98.0	132.0	17.0	23.0	1.0
6	8	9	-0.5574987701773182	0.7114066809625121	1.0032452480296707	85788.0	1518.0	3671.0	75.0	33.0	4601.0	82.0	51.0	2246.0	1611.0	54.0	205.0	30.0	33.0	2.0
6	9	8	-172.90426143642264	1.0	0.4991926182237601	85788.0	3671.0	1518.0	75.0	33.0	4601.0	2246.0	205.0	82.0	1611.0	30.0	51.0	54.0	33.0	2.0
8	6	9	0.5593021395817735	0.2879777363572229	0.9967860422405876	85788.0	1518.0	4601.0	82.0	51.0	3671.0	75.0	33.0	2246.0	1611.0	54.0	205.0	33.0	30.0	2.0
7	8	9	-1.0021478266967658	0.8418638883959066	1.006094702297234	85736.0	1522.0	3667.0	77.0	33.0	4653.0	90.0	39.0	2236.0	1600.0	54.0	219.0	30.0	42.0	2.0
7	9	8	-166.4336275260245	1.0	0.49849012775842044	85736.0	3667.0	1522.0	77.0	33.0	4653.0	2236.0	219.0	90.0	1600.0	30.0	39.0	54.0	42.0	2.0
8	7	9	1.0082186196823473	0.15667477358326531	0.9940147329650092	85736.0	1522.0	4653.0	90.0	39.0	3667.0	77.0	33.0	2236.0	1600.0	54.0	219.0	42.0	30.0	2.0
