P1	Hybrid	P2	Zscore	Pvalue	Gamma	AAAA	AAAB	AABA	AABB	AABC	ABAA	ABAB	ABAC	ABBA	BAAA	ABBC	CABC	BACA	BCAA	ABCD
1	2	3	0.5228250844446826	0.3005479773730808	0.0064516129032258064	7522.0	170.0	165.0	477.0	15.0	888.0	15.0	12.0	18.0	612.0	5.0	14.0	12.0	74.0	1.0
1	3	2	-99999.9	1.0	-0.006578947368421052	7522.0	165.0	170.0	477.0	15.0	888.0	18.0	14.0	15.0	612.0	12.0	12.0	5.0	74.0	1.0
2	1	3	-79.9922379200364	1.0	0.49837133550488605	7522.0	170.0	888.0	15.0	12.0	165.0	477.0	15.0	18.0	612.0	5.0	14.0	74.0	12.0	1.0
1	2	4	0.4386880269485163	0.33044383312932224	0.008130081300813009	7430.0	262.0	244.0	388.0	25.0	880.0	22.0	13.0	25.0	594.0	16.0	18.0	15.0	67.0	1.0
1	4	2	-99999.9	1.0	-0.008333333333333333	7430.0	244.0	262.0	388.0	25.0	880.0	25.0	18.0	22.0	594.0	15.0	13.0	16.0	67.0	1.0
2	1	4	-53.08125126077042	1.0	0.4979423868312757	7430.0	262.0	880.0	22.0	13.0	244.0	388.0	25.0	25.0	594.0	16.0	18.0	67.0	15.0	1.0
1	2	5	0.29527230810328065	0.3838930021977298	0.0052493438320209964	7426.0	266.0	238.0	401.0	18.0	880.0	22.0	13.0	24.0	600.0	11.0	19.0	13.0	68.0	1.0
1	5	2	-99999.9	1.0	-0.005333333333333333	7426.0	238.0	266.0	401.0	18.0	880.0	24.0	19.0	22.0	600.0	13.0	13.0	11.0	68.0	1.0
2	1	5	-55.65883007746839	1.0	0.49867724867724866	7426.0	266.0	880.0	22.0	13.0	238.0	401.0	18.0	24.0	600.0	11.0	19.0	68.0	13.0	1.0
1	2	6	0.14289349160870726	0.4431871258736113	0.002652519893899204	7422.0	270.0	238.0	400.0	19.0	876.0	24.0	15.0	25.0	597.0	13.0	19.0	14.0	67.0	1.0
1	6	2	-99999.9	1.0	-0.00267379679144385	7422.0	238.0	270.0	400.0	19.0	876.0	25.0	19.0	24.0	597.0	14.0	15.0	13.0	67.0	1.0
2	1	6	-53.585059353265095	1.0	0.4993342210386152	7422.0	270.0	876.0	24.0	15.0	238.0	400.0	19.0	25.0	597.0	13.0	19.0	67.0	14.0	1.0
1	2	7	1.7221632979380375	0.042519935495560546	0.7142857142857143	7171.0	521.0	577.0	58.0	22.0	847.0	42.0	26.0	82.0	528.0	25.0	45.0	23.0	32.0	1.0
1	7	2	-2.5832449469070573	0.9951061787403764	0.625	7171.0	577.0	521.0	58.0	22.0	847.0	82.0	45.0	42.0	528.0	23.0	26.0	25.0	32.0	1.0
2	1	7	-1.0332979787628227	0.8492677411393919	3.0	7171.0	521.0	847.0	42.0	26.0	577.0	58.0	22.0	82.0	528.0	25.0	45.0	32.0	23.0	1.0
1	2	8	1.8872472836013667	0.029563471885677983	0.8240740740740741	7248.0	444.0	574.0	66.0	17.0	845.0	47.0	23.0	136.0	479.0	20.0	47.0	25.0	28.0	1.0
1	8	2	-6.953016308005038	0.9999999999982009	0.559748427672956	7248.0	574.0	444.0	66.0	17.0	845.0	136.0	47.0	47.0	479.0	25.0	23.0	20.0	28.0	1.0
2	1	8	-1.4843517960909625	0.9311421579815861	1.3725490196078431	7248.0	444.0	845.0	47.0	23.0	574.0	66.0	17.0	136.0	479.0	20.0	47.0	28.0	25.0	1.0
1	2	9	-0.20650430941656586	0.5818014709764672	1.0176991150442478	7226.0	466.0	595.0	45.0	17.0	846.0	47.0	22.0	162.0	451.0	22.0	55.0	19.0	27.0	0.0
1	9	2	-12.08050210086907	1.0	0.49568965517241376	7226.0	595.0	466.0	45.0	17.0	846.0	162.0	55.0	47.0	451.0	19.0	22.0	22.0	27.0	0.0
2	1	9	0.21009568871076703	0.4167965272846057	0.9831932773109243	7226.0	466.0	846.0	47.0	22.0	595.0	45.0	17.0	162.0	451.0	22.0	55.0	27.0	19.0	0.0
1	3	4	0.1581208758529383	0.4371807654465437	0.0	7425.0	262.0	249.0	396.0	17.0	888.0	20.0	12.0	20.0	602.0	17.0	15.0	9.0	66.0	2.0
1	4	3	0.1581208758529383	0.4371807654465437	0.0	7425.0	249.0	262.0	396.0	17.0	888.0	20.0	15.0	20.0	602.0	9.0	12.0	17.0	66.0	2.0
3	1	4	-59.37664553435733	1.0	0.5	7425.0	262.0	888.0	20.0	12.0	249.0	396.0	17.0	20.0	602.0	17.0	15.0	66.0	9.0	2.0
1	3	5	-99999.9	1.0	-0.0026041666666666665	7420.0	267.0	244.0	404.0	14.0	889.0	19.0	12.0	18.0	608.0	13.0	16.0	8.0	67.0	1.0
1	5	3	0.16437830882428153	0.4347166646343523	0.002583979328165375	7420.0	244.0	267.0	404.0	14.0	889.0	18.0	16.0	19.0	608.0	8.0	12.0	13.0	67.0	1.0
3	1	5	-63.285648897348395	1.0	0.5006485084306096	7420.0	267.0	889.0	19.0	12.0	244.0	404.0	14.0	18.0	608.0	13.0	16.0	67.0	8.0	1.0
1	3	6	-99999.9	1.0	-0.005221932114882507	7418.0	269.0	242.0	406.0	14.0	886.0	21.0	13.0	19.0	605.0	15.0	15.0	9.0	67.0	1.0
1	6	3	0.3165664586006797	0.37578636386385433	0.0051413881748071984	7418.0	242.0	269.0	406.0	14.0	886.0	19.0	15.0	21.0	605.0	9.0	13.0	15.0	67.0	1.0
3	1	6	-60.93904328063079	1.0	0.5012953367875647	7418.0	269.0	886.0	21.0	13.0	242.0	406.0	14.0	19.0	605.0	15.0	15.0	67.0	9.0	1.0
1	3	7	2.4081487131162143	0.00801681924270592	0.6290322580645161	7168.0	519.0	580.0	59.0	23.0	860.0	36.0	24.0	75.0	536.0	28.0	39.0	21.0	31.0	1.0
1	7	3	-1.6752338873851922	0.9530558470559496	0.7090909090909091	7168.0	580.0	519.0	59.0	23.0	860.0	75.0	39.0	36.0	536.0	21.0	24.0	28.0	31.0	1.0
3	1	7	-0.9879584464066521	0.8384134950771407	-2.2857142857142856	7168.0	519.0	860.0	36.0	24.0	580.0	59.0	23.0	75.0	536.0	28.0	39.0	31.0	21.0	1.0
1	3	8	1.2107249971739213	0.11300047537085467	0.8775510204081631	7240.0	447.0	582.0	60.0	20.0	849.0	48.0	23.0	134.0	483.0	22.0	45.0	20.0	27.0	0.0
1	8	3	-7.466137482572514	0.9999999999999584	0.5375	7240.0	582.0	447.0	60.0	20.0	849.0	134.0	45.0	48.0	483.0	20.0	23.0	22.0	27.0	0.0
3	1	8	-1.0417866254752346	0.8512446663775537	1.1935483870967742	7240.0	447.0	849.0	48.0	23.0	582.0	60.0	20.0	134.0	483.0	22.0	45.0	27.0	20.0	0.0
1	3	9	-0.1043125217730831	0.541539383752442	1.0086206896551724	7226.0	461.0	595.0	45.0	22.0	854.0	46.0	20.0	163.0	452.0	24.0	46.0	19.0	26.0	1.0
1	9	3	-12.308877569223776	1.0	0.4978723404255319	7226.0	595.0	461.0	45.0	22.0	854.0	163.0	46.0	46.0	452.0	19.0	20.0	24.0	26.0	1.0
3	1	9	0.10520408178823767	0.4581068822016372	0.9915966386554622	7226.0	461.0	854.0	46.0	20.0	595.0	45.0	22.0	163.0	452.0	24.0	46.0	26.0	19.0	1.0
1	4	5	-99999.9	1.0	-0.002570694087403599	7414.0	260.0	250.0	408.0	17.0	892.0	18.0	13.0	17.0	601.0	13.0	14.0	16.0	67.0	0.0
1	5	4	0.16899327025366145	0.43290096689830015	0.0025510204081632655	7414.0	250.0	260.0	408.0	17.0	892.0	17.0	14.0	18.0	601.0	16.0	13.0	13.0	67.0	0.0
4	1	5	-65.90737539892818	1.0	0.5006402048655569	7414.0	260.0	892.0	18.0	13.0	250.0	408.0	17.0	17.0	601.0	13.0	14.0	67.0	16.0	0.0
1	4	6	-99999.9	1.0	-0.0078125	7410.0	264.0	250.0	407.0	18.0	889.0	20.0	14.0	17.0	599.0	15.0	14.0	16.0	67.0	0.0
1	6	4	0.4941140139314855	0.3106128323665365	0.0076335877862595426	7410.0	250.0	264.0	407.0	18.0	889.0	17.0	14.0	20.0	599.0	16.0	14.0	15.0	67.0	0.0
4	1	6	-63.740707797161626	1.0	0.5019305019305019	7410.0	264.0	889.0	20.0	14.0	250.0	407.0	18.0	17.0	599.0	15.0	14.0	67.0	16.0	0.0
1	4	7	2.0329750235925284	0.0210274553301093	0.6607142857142857	7162.0	512.0	586.0	58.0	31.0	858.0	39.0	26.0	76.0	528.0	27.0	40.0	26.0	31.0	0.0
1	7	4	-1.9259763381402906	0.9729464035101367	0.6727272727272727	7162.0	586.0	512.0	58.0	31.0	858.0	76.0	40.0	39.0	528.0	26.0	26.0	27.0	31.0	0.0
4	1	7	-0.9890148763423112	0.8386720627480193	-17.999999999999982	7162.0	512.0	858.0	39.0	26.0	586.0	58.0	31.0	76.0	528.0	27.0	40.0	31.0	26.0	0.0
1	4	8	1.9968710681210686	0.022919526297716653	0.8113207547169812	7230.0	444.0	592.0	66.0	17.0	854.0	46.0	23.0	132.0	480.0	19.0	42.0	25.0	29.0	1.0
1	8	4	-6.589674524799527	0.9999999999778459	0.5657894736842106	7230.0	592.0	444.0	66.0	17.0	854.0	132.0	42.0	46.0	480.0	25.0	23.0	19.0	29.0	1.0
4	1	8	-1.532482447627797	0.937298266957306	1.434782608695652	7230.0	444.0	854.0	46.0	23.0	592.0	66.0	17.0	132.0	480.0	19.0	42.0	29.0	25.0	1.0
1	4	9	1.2432036707468197	0.10689646349221915	0.90625	7222.0	452.0	599.0	56.0	20.0	858.0	44.0	21.0	160.0	448.0	23.0	45.0	25.0	26.0	1.0
1	9	4	-10.774431813139111	1.0	0.5272727272727272	7222.0	599.0	452.0	56.0	20.0	858.0	160.0	45.0	44.0	448.0	25.0	21.0	23.0	26.0	1.0
4	1	9	-1.1145963944626662	0.8674882436681337	1.1304347826086956	7222.0	452.0	858.0	44.0	21.0	599.0	56.0	20.0	160.0	448.0	23.0	45.0	26.0	25.0	1.0
1	5	6	-99999.9	1.0	-0.003278688524590164	7597.0	67.0	63.0	617.0	5.0	913.0	5.0	5.0	3.0	629.0	3.0	4.0	1.0	88.0	0.0
1	6	5	0.7033055910483054	0.24093259446483395	0.003246753246753247	7597.0	63.0	67.0	617.0	5.0	913.0	3.0	4.0	5.0	629.0	1.0	5.0	3.0	88.0	0.0
5	1	6	-215.21151086078024	1.0	0.5008156606851549	7597.0	67.0	913.0	5.0	5.0	63.0	617.0	5.0	3.0	629.0	3.0	4.0	88.0	1.0	0.0
1	5	7	2.2576746070417024	0.011982939496018696	0.6071428571428571	7139.0	525.0	609.0	60.0	16.0	858.0	38.0	27.0	72.0	537.0	26.0	44.0	18.0	30.0	1.0
1	7	5	-1.2314588765682009	0.8909242882311048	0.7391304347826088	7139.0	609.0	525.0	60.0	16.0	858.0	72.0	44.0	38.0	537.0	18.0	27.0	26.0	30.0	1.0
5	1	7	-0.7968263318970713	0.7872241106813753	-1.1999999999999997	7139.0	525.0	858.0	38.0	27.0	609.0	60.0	16.0	72.0	537.0	26.0	44.0	30.0	18.0	1.0
1	5	8	1.3008998631571114	0.09664643426976993	0.8602150537634409	7213.0	451.0	609.0	62.0	14.0	851.0	49.0	23.0	129.0	487.0	19.0	48.0	15.0	27.0	3.0
1	8	5	-6.704637756271269	0.9999999999898488	0.5442176870748299	7213.0	609.0	451.0	62.0	14.0	851.0	129.0	48.0	49.0	487.0	15.0	23.0	19.0	27.0	3.0
5	1	8	-1.0895036353940808	0.8620340325132805	1.2407407407407407	7213.0	451.0	851.0	49.0	23.0	609.0	62.0	14.0	129.0	487.0	19.0	48.0	27.0	15.0	3.0
1	5	9	0.41893404900215114	0.33763220694374296	0.9658119658119658	7210.0	454.0	611.0	49.0	25.0	856.0	45.0	22.0	158.0	455.0	22.0	49.0	17.0	25.0	2.0
1	9	5	-11.415952835308616	1.0	0.509009009009009	7210.0	611.0	454.0	49.0	25.0	856.0	158.0	49.0	45.0	455.0	17.0	22.0	22.0	25.0	2.0
5	1	9	-0.40410452514366796	0.6569320237074879	1.0380952380952382	7210.0	454.0	856.0	45.0	22.0	611.0	49.0	25.0	158.0	455.0	22.0	49.0	25.0	17.0	2.0
1	6	7	2.2832951363094636	0.011206462628244096	0.6271186440677967	7136.0	524.0	612.0	60.0	17.0	855.0	38.0	27.0	75.0	534.0	26.0	44.0	21.0	30.0	1.0
1	7	6	-1.5567921383928156	0.9402400650020295	0.7115384615384616	7136.0	612.0	524.0	60.0	17.0	855.0	75.0	44.0	38.0	534.0	21.0	27.0	26.0	30.0	1.0
6	1	7	-0.9256601903957286	0.8226887181428779	-2.1428571428571423	7136.0	524.0	855.0	38.0	27.0	612.0	60.0	17.0	75.0	534.0	26.0	44.0	30.0	21.0	1.0
1	6	8	1.4904474182663021	0.06805334860747725	0.8469387755102041	7212.0	448.0	610.0	64.0	15.0	848.0	49.0	23.0	132.0	484.0	19.0	48.0	18.0	27.0	3.0
1	8	6	-6.756694962807234	0.999999999992901	0.5496688741721855	7212.0	610.0	448.0	64.0	15.0	848.0	132.0	48.0	49.0	484.0	18.0	23.0	19.0	27.0	3.0
6	1	8	-1.2210894511097417	0.888973856411772	1.2830188679245282	7212.0	448.0	848.0	49.0	23.0	610.0	64.0	15.0	132.0	484.0	19.0	48.0	27.0	18.0	3.0
1	6	9	0.20788167703554736	0.41766070870205163	0.9829059829059829	7202.0	458.0	619.0	48.0	22.0	852.0	46.0	22.0	161.0	452.0	22.0	50.0	19.0	25.0	2.0
1	9	6	-11.745314752508447	1.0	0.5043859649122807	7202.0	619.0	458.0	48.0	22.0	852.0	161.0	50.0	46.0	452.0	19.0	22.0	22.0	25.0	2.0
6	1	9	-0.20426634352188566	0.5809272873099924	1.018018018018018	7202.0	458.0	852.0	46.0	22.0	619.0	48.0	22.0	161.0	452.0	22.0	50.0	25.0	19.0	2.0
1	7	8	1.0502291677771394	0.1468064095793411	0.8275862068965517	7301.0	447.0	521.0	57.0	23.0	902.0	47.0	25.0	95.0	483.0	15.0	31.0	21.0	31.0	1.0
1	8	7	-3.9908708375531288	0.9999670692761126	0.5581395348837209	7301.0	521.0	447.0	57.0	23.0	902.0	95.0	31.0	47.0	483.0	21.0	25.0	15.0	31.0	1.0
7	1	8	-0.8314314244902352	0.7971350756340851	1.3571428571428572	7301.0	447.0	902.0	47.0	25.0	521.0	57.0	23.0	95.0	483.0	15.0	31.0	31.0	21.0	1.0
1	7	9	-0.1952487586956422	0.5774008740158751	1.0266666666666666	7288.0	460.0	533.0	50.0	18.0	898.0	52.0	24.0	129.0	446.0	18.0	36.0	19.0	28.0	1.0
1	9	7	-7.71232596847788	0.9999999999999938	0.4935897435897436	7288.0	533.0	460.0	50.0	18.0	898.0	129.0	36.0	52.0	446.0	19.0	24.0	18.0	28.0	1.0
7	1	9	0.20032015502539915	0.4206151253424697	0.9753086419753086	7288.0	460.0	898.0	52.0	24.0	533.0	50.0	18.0	129.0	446.0	18.0	36.0	28.0	19.0	1.0
1	8	9	1.0282667491552868	0.15191220434980712	0.7560975609756099	7373.0	449.0	448.0	62.0	17.0	950.0	52.0	26.0	83.0	457.0	11.0	30.0	8.0	34.0	0.0
1	9	8	-2.1593601732261023	0.9845889371088348	0.5961538461538461	7373.0	448.0	449.0	62.0	17.0	950.0	83.0	30.0	52.0	457.0	8.0	26.0	11.0	34.0	0.0
8	1	9	-0.6965677978148718	0.7569634115268683	1.909090909090909	7373.0	449.0	950.0	52.0	26.0	448.0	62.0	17.0	83.0	457.0	11.0	30.0	34.0	8.0	0.0
2	3	4	1.151633639363163	0.12473588297464344	0.9387755102040816	8131.0	279.0	179.0	17.0	1.0	182.0	11.0	4.0	103.0	1027.0	33.0	2.0	11.0	20.0	0.0
2	4	3	-16.506748830872002	1.0	0.5168539325842696	8131.0	179.0	279.0	17.0	1.0	182.0	103.0	2.0	11.0	1027.0	11.0	4.0	33.0	20.0	0.0
3	2	4	-1.0765270976655654	0.8591541684739992	1.075	8131.0	279.0	182.0	11.0	4.0	179.0	17.0	1.0	103.0	1027.0	33.0	2.0	20.0	11.0	0.0
2	3	5	0.36830851000675957	0.3563216644741426	0.9764705882352941	8127.0	283.0	179.0	16.0	2.0	182.0	14.0	1.0	97.0	1044.0	22.0	2.0	11.0	19.0	1.0
2	5	3	-14.916494655273752	1.0	0.5060975609756098	8127.0	179.0	283.0	16.0	2.0	182.0	97.0	2.0	14.0	1044.0	11.0	1.0	22.0	19.0	1.0
3	2	5	-0.359433606151175	0.6403645679607491	1.0253164556962024	8127.0	283.0	182.0	14.0	1.0	179.0	16.0	2.0	97.0	1044.0	22.0	2.0	19.0	11.0	1.0
2	3	6	1.115279474811774	0.13236538753569138	0.9340659340659341	8121.0	289.0	177.0	18.0	2.0	183.0	12.0	2.0	97.0	1041.0	25.0	2.0	11.0	19.0	1.0
2	6	3	-14.684513085021697	1.0	0.5182926829268293	8121.0	177.0	289.0	18.0	2.0	183.0	97.0	2.0	12.0	1041.0	11.0	2.0	25.0	19.0	1.0
3	2	6	-1.0365538648250603	0.8500280645244609	1.082191780821918	8121.0	289.0	183.0	12.0	2.0	177.0	18.0	2.0	97.0	1041.0	25.0	2.0	19.0	11.0	1.0
2	3	7	1.337321646085833	0.09055889872756895	0.984251968503937	7852.0	558.0	166.0	22.0	9.0	176.0	14.0	7.0	514.0	595.0	54.0	14.0	9.0	9.0	1.0
2	7	3	-82.24528123427865	1.0	0.5040322580645161	7852.0	166.0	558.0	22.0	9.0	176.0	514.0	14.0	14.0	595.0	9.0	7.0	54.0	9.0	1.0
3	2	7	-1.31592449974846	0.9059002409021532	1.0165289256198347	7852.0	558.0	176.0	14.0	7.0	166.0	22.0	9.0	514.0	595.0	54.0	14.0	9.0	9.0	1.0
2	3	8	-0.9212468352094051	0.8215392356059346	1.0091407678244972	7915.0	495.0	178.0	12.0	7.0	174.0	17.0	6.0	569.0	549.0	45.0	14.0	7.0	9.0	3.0
2	8	3	-102.6268974423278	1.0	0.4977457168620379	7915.0	178.0	495.0	12.0	7.0	174.0	569.0	14.0	17.0	549.0	7.0	6.0	45.0	9.0	3.0
3	2	8	0.9295914623399248	0.17629130691750727	0.9911032028469751	7915.0	495.0	174.0	17.0	6.0	178.0	12.0	7.0	569.0	549.0	45.0	14.0	9.0	7.0	3.0
2	3	9	0.1997549544852002	0.42083614079664733	0.9983277591973244	7897.0	513.0	175.0	13.0	9.0	183.0	12.0	2.0	609.0	504.0	50.0	20.0	7.0	6.0	0.0
2	9	3	-119.05395287317893	1.0	0.5004191114836547	7897.0	175.0	513.0	13.0	9.0	183.0	609.0	20.0	12.0	504.0	7.0	2.0	50.0	6.0	0.0
3	2	9	-0.19942035657148965	0.5790330066068046	1.0016806722689076	7897.0	513.0	183.0	12.0	2.0	175.0	13.0	9.0	609.0	504.0	50.0	20.0	6.0	7.0	0.0
2	4	5	-99999.9	1.0	2.4000000000000004	8042.0	268.0	264.0	29.0	4.0	264.0	22.0	1.0	10.0	1023.0	16.0	7.0	24.0	24.0	2.0
2	5	4	2.0283140261425134	0.0212640360556412	0.3870967741935484	8042.0	264.0	268.0	29.0	4.0	264.0	10.0	7.0	22.0	1023.0	24.0	1.0	16.0	24.0	2.0
4	2	5	-1.1831831819164664	0.8816316590462722	0.7307692307692307	8042.0	268.0	264.0	22.0	1.0	264.0	29.0	4.0	10.0	1023.0	16.0	7.0	24.0	24.0	2.0
2	4	6	-99999.9	1.0	9.0	8035.0	275.0	263.0	29.0	5.0	264.0	21.0	2.0	12.0	1019.0	18.0	6.0	24.0	25.0	2.0
2	6	4	1.5944681568318082	0.05541560999287709	0.3461538461538462	8035.0	263.0	275.0	29.0	5.0	264.0	12.0	6.0	21.0	1019.0	24.0	2.0	18.0	25.0	2.0
4	2	6	-1.4173050282949404	0.921803066231202	0.68	8035.0	275.0	264.0	21.0	2.0	263.0	29.0	5.0	12.0	1019.0	18.0	6.0	25.0	24.0	2.0
2	4	7	0.4940746028123015	0.31062674846581995	0.9925558312655087	7759.0	551.0	259.0	20.0	18.0	261.0	17.0	9.0	417.0	584.0	48.0	26.0	17.0	13.0	1.0
2	7	4	-65.38253910549459	1.0	0.5018820577164367	7759.0	259.0	551.0	20.0	18.0	261.0	417.0	26.0	17.0	584.0	17.0	9.0	48.0	13.0	1.0
4	2	7	-0.4903690432912092	0.688063607113507	1.0076142131979695	7759.0	551.0	261.0	17.0	9.0	259.0	20.0	18.0	417.0	584.0	48.0	26.0	13.0	17.0	1.0
2	4	8	0.30886019740670884	0.3787140064870069	0.9955654101995566	7824.0	486.0	269.0	22.0	6.0	260.0	20.0	7.0	469.0	540.0	40.0	28.0	13.0	13.0	3.0
2	8	4	-69.03025412039955	1.0	0.5011160714285714	7824.0	269.0	486.0	22.0	6.0	260.0	469.0	28.0	20.0	540.0	13.0	7.0	40.0	13.0	3.0
4	2	8	-0.30748442815322685	0.6207625942854273	1.0044943820224719	7824.0	486.0	260.0	20.0	7.0	269.0	22.0	6.0	469.0	540.0	40.0	28.0	13.0	13.0	3.0
2	4	9	2.3369396133788944	0.009721141502282649	0.9725490196078431	7809.0	501.0	263.0	25.0	9.0	271.0	11.0	5.0	507.0	498.0	44.0	34.0	14.0	7.0	2.0
2	9	4	-80.45749240347337	1.0	0.5071574642126789	7809.0	263.0	501.0	25.0	9.0	271.0	507.0	34.0	11.0	498.0	14.0	5.0	44.0	7.0	2.0
4	2	9	-2.2709776081625543	0.9884258678138715	1.0299145299145298	7809.0	501.0	271.0	11.0	5.0	263.0	25.0	9.0	507.0	498.0	44.0	34.0	7.0	14.0	2.0
2	5	6	1.12695933535294	0.12987988861629007	0.012820512820512824	8233.0	73.0	65.0	233.0	3.0	277.0	2.0	2.0	5.0	1060.0	4.0	0.0	2.0	41.0	0.0
2	6	5	-99999.9	1.0	-0.013333333333333332	8233.0	65.0	73.0	233.0	3.0	277.0	5.0	0.0	2.0	1060.0	2.0	2.0	4.0	41.0	0.0
5	2	6	-85.64890948682353	1.0	0.49673202614379086	8233.0	73.0	277.0	2.0	2.0	65.0	233.0	3.0	5.0	1060.0	4.0	0.0	41.0	2.0	0.0
2	5	7	1.0034029613377913	0.15783324915023667	0.9856801909307876	7741.0	565.0	277.0	21.0	3.0	256.0	15.0	10.0	428.0	594.0	47.0	20.0	9.0	12.0	2.0
2	7	5	-68.06416754408019	1.0	0.5036585365853659	7741.0	277.0	565.0	21.0	3.0	256.0	428.0	20.0	15.0	594.0	9.0	10.0	47.0	12.0	2.0
5	2	7	-0.9888256786064918	0.8386257752965478	1.0149625935162094	7741.0	565.0	256.0	15.0	10.0	277.0	21.0	3.0	428.0	594.0	47.0	20.0	12.0	9.0	2.0
2	5	8	-0.6622070908309372	0.7460808094152296	1.0087719298245614	7811.0	495.0	282.0	16.0	3.0	253.0	20.0	8.0	480.0	549.0	40.0	24.0	4.0	11.0	4.0
2	8	5	-76.8160225363886	1.0	0.49783549783549785	7811.0	282.0	495.0	16.0	3.0	253.0	480.0	24.0	20.0	549.0	4.0	8.0	40.0	11.0	4.0
5	2	8	0.6679654133599019	0.25207776959273276	0.9914529914529915	7811.0	495.0	253.0	20.0	8.0	282.0	16.0	3.0	480.0	549.0	40.0	24.0	11.0	4.0	4.0
2	5	9	0.7850902225739965	0.21620027296109123	0.9921722113502935	7801.0	505.0	271.0	15.0	15.0	265.0	11.0	5.0	518.0	507.0	44.0	29.0	5.0	7.0	2.0
2	9	5	-98.72509548868027	1.0	0.501980198019802	7801.0	271.0	505.0	15.0	15.0	265.0	518.0	29.0	11.0	507.0	5.0	5.0	44.0	7.0	2.0
5	2	9	-0.7788962168732155	0.7819796377704545	1.0080160320641283	7801.0	505.0	265.0	11.0	5.0	271.0	15.0	15.0	518.0	507.0	44.0	29.0	7.0	5.0	2.0
2	6	7	0.8245049508419672	0.2048262979464074	0.9879807692307693	7734.0	564.0	284.0	21.0	4.0	257.0	16.0	9.0	427.0	590.0	47.0	20.0	12.0	13.0	2.0
2	7	6	-66.94980200836774	1.0	0.5030599755201958	7734.0	284.0	564.0	21.0	4.0	257.0	427.0	20.0	16.0	590.0	12.0	9.0	47.0	13.0	2.0
6	2	7	-0.814474476987442	0.7923134626522238	1.0124688279301746	7734.0	564.0	257.0	16.0	9.0	284.0	21.0	4.0	427.0	590.0	47.0	20.0	13.0	12.0	2.0
2	6	8	-0.477956596072517	0.6836594405568126	1.0065934065934066	7806.0	492.0	287.0	18.0	4.0	254.0	21.0	7.0	479.0	545.0	40.0	24.0	7.0	12.0	4.0
2	8	6	-73.44599692981012	1.0	0.49836779107725787	7806.0	287.0	492.0	18.0	4.0	254.0	479.0	24.0	21.0	545.0	7.0	7.0	40.0	12.0	4.0
6	2	8	0.4810873161341274	0.3152272299691047	0.9935344827586207	7806.0	492.0	254.0	21.0	7.0	287.0	18.0	4.0	479.0	545.0	40.0	24.0	12.0	7.0	4.0
2	6	9	0.3921353550673898	0.34747915525261996	0.9960552268244576	7790.0	508.0	282.0	14.0	13.0	264.0	12.0	6.0	517.0	504.0	43.0	31.0	7.0	7.0	2.0
2	9	6	-98.62204179944878	1.0	0.5009920634920636	7790.0	282.0	508.0	14.0	13.0	264.0	517.0	31.0	12.0	504.0	7.0	6.0	43.0	7.0	2.0
6	2	9	-0.39058234376019224	0.6519469576660809	1.003992015968064	7790.0	508.0	264.0	12.0	6.0	282.0	14.0	13.0	517.0	504.0	43.0	31.0	7.0	7.0	2.0
2	7	8	-0.6015262957175781	0.7262552970683083	1.1395348837209303	7564.0	454.0	529.0	40.0	20.0	639.0	46.0	19.0	95.0	506.0	17.0	23.0	21.0	25.0	2.0
2	8	7	-5.5139910440778	0.9999999824169246	0.47115384615384615	7564.0	529.0	454.0	40.0	20.0	639.0	95.0	23.0	46.0	506.0	21.0	19.0	17.0	25.0	2.0
7	2	8	0.6751825768258529	0.2497798207574322	0.9016393442622951	7564.0	454.0	639.0	46.0	19.0	529.0	40.0	20.0	95.0	506.0	17.0	23.0	25.0	21.0	2.0
2	7	9	0.1159824854765568	0.4538331653762988	0.9895833333333334	7536.0	482.0	536.0	38.0	15.0	650.0	37.0	17.0	132.0	466.0	20.0	30.0	20.0	20.0	1.0
2	9	7	-10.902353634796311	1.0	0.5026455026455027	7536.0	536.0	482.0	38.0	15.0	650.0	132.0	30.0	37.0	466.0	20.0	17.0	20.0	20.0	1.0
7	2	9	-0.11476161720838253	0.5456830103792211	1.010752688172043	7536.0	482.0	650.0	37.0	17.0	536.0	38.0	15.0	132.0	466.0	20.0	30.0	20.0	20.0	1.0
2	8	9	1.3209952916651777	0.09325153335276926	0.8070175438596491	7618.0	475.0	454.0	45.0	15.0	705.0	34.0	18.0	80.0	481.0	12.0	27.0	8.0	27.0	1.0
2	9	8	-4.203166837116476	0.9999868314087482	0.5679012345679013	7618.0	454.0	475.0	45.0	15.0	705.0	80.0	27.0	34.0	481.0	8.0	18.0	12.0	27.0	1.0
8	2	9	-1.005105113223505	0.8425768690171833	1.4583333333333333	7618.0	475.0	705.0	34.0	18.0	454.0	45.0	15.0	80.0	481.0	12.0	27.0	27.0	8.0	1.0
3	4	5	-99999.9	1.0	2.25	8042.0	271.0	267.0	24.0	3.0	264.0	19.0	1.0	10.0	1036.0	18.0	4.0	24.0	16.0	1.0
3	5	4	1.6357981435883906	0.05094090913620908	0.391304347826087	8042.0	267.0	271.0	24.0	3.0	264.0	10.0	4.0	19.0	1036.0	24.0	1.0	18.0	16.0	1.0
4	3	5	-0.9087767464379947	0.8182660341669891	0.7368421052631579	8042.0	271.0	264.0	19.0	1.0	267.0	24.0	3.0	10.0	1036.0	18.0	4.0	16.0	24.0	1.0
3	4	6	-99999.9	1.0	1.2857142857142858	8038.0	275.0	266.0	23.0	5.0	261.0	21.0	2.0	12.0	1033.0	19.0	3.0	24.0	17.0	1.0
3	6	4	1.4820259643969222	0.06916672798260681	0.45	8038.0	266.0	275.0	23.0	5.0	261.0	12.0	3.0	21.0	1033.0	24.0	2.0	19.0	17.0	1.0
4	3	6	-0.3293391031993163	0.6290502362173203	0.8461538461538461	8038.0	275.0	261.0	21.0	2.0	266.0	23.0	5.0	12.0	1033.0	19.0	3.0	17.0	24.0	1.0
3	4	7	-0.6441422954665267	0.7402584781588131	1.0100250626566416	7768.0	545.0	260.0	17.0	17.0	252.0	21.0	11.0	424.0	590.0	50.0	18.0	15.0	10.0	2.0
3	7	4	-65.54147856371905	1.0	0.49753086419753084	7768.0	260.0	545.0	17.0	17.0	252.0	424.0	18.0	21.0	590.0	15.0	11.0	50.0	10.0	2.0
4	3	7	0.6505357673818273	0.257673040471213	0.9902676399026764	7768.0	545.0	252.0	21.0	11.0	260.0	17.0	17.0	424.0	590.0	50.0	18.0	10.0	15.0	2.0
3	4	8	1.1545466690284367	0.12413811594893776	0.985200845665962	7823.0	490.0	266.0	22.0	6.0	261.0	15.0	8.0	481.0	543.0	40.0	19.0	12.0	10.0	4.0
3	8	4	-75.70527444057893	1.0	0.5037837837837839	7823.0	266.0	490.0	22.0	6.0	261.0	481.0	19.0	15.0	543.0	12.0	8.0	40.0	10.0	4.0
4	3	8	-1.1372036933134173	0.8722733744717336	1.0154867256637168	7823.0	490.0	261.0	15.0	8.0	266.0	22.0	6.0	481.0	543.0	40.0	19.0	10.0	12.0	4.0
3	4	9	2.265384063490424	0.01174452501654999	0.9749518304431599	7817.0	496.0	263.0	23.0	8.0	263.0	10.0	11.0	516.0	501.0	47.0	25.0	12.0	6.0	2.0
3	9	4	-85.9103341000599	1.0	0.5065065065065065	7817.0	263.0	496.0	23.0	8.0	263.0	516.0	25.0	10.0	501.0	12.0	11.0	47.0	6.0	2.0
4	3	9	-2.207182496641856	0.9863493907465627	1.0270833333333333	7817.0	496.0	263.0	10.0	11.0	263.0	23.0	8.0	516.0	501.0	47.0	25.0	6.0	12.0	2.0
3	5	6	0.40563585948397923	0.3425051351816286	0.0	8237.0	72.0	67.0	229.0	2.0	273.0	3.0	2.0	3.0	1072.0	4.0	0.0	3.0	33.0	0.0
3	6	5	0.40563585948397923	0.3425051351816286	0.0	8237.0	67.0	72.0	229.0	2.0	273.0	3.0	0.0	3.0	1072.0	3.0	2.0	4.0	33.0	0.0
5	3	6	-91.50472531021735	1.0	0.5	8237.0	72.0	273.0	3.0	2.0	67.0	229.0	2.0	3.0	1072.0	4.0	0.0	33.0	3.0	0.0
3	5	7	-0.16396719789672914	0.5651215216191003	1.002433090024331	7750.0	559.0	278.0	18.0	2.0	247.0	19.0	12.0	431.0	599.0	49.0	16.0	8.0	10.0	2.0
3	7	5	-67.7184527313492	1.0	0.4993939393939394	7750.0	278.0	559.0	18.0	2.0	247.0	431.0	16.0	19.0	599.0	8.0	12.0	49.0	10.0	2.0
5	3	7	0.16436517653240082	0.434721833351023	0.9975845410628019	7750.0	559.0	247.0	19.0	12.0	278.0	18.0	2.0	431.0	599.0	49.0	16.0	10.0	8.0	2.0
3	5	8	0.18555835795430872	0.42639556940743706	0.9978902953586498	7809.0	500.0	280.0	15.0	3.0	255.0	14.0	9.0	487.0	552.0	40.0	19.0	4.0	9.0	4.0
3	8	5	-87.58354495443372	1.0	0.5005291005291006	7809.0	280.0	500.0	15.0	3.0	255.0	487.0	19.0	14.0	552.0	4.0	9.0	40.0	9.0	4.0
5	3	8	-0.1851660569861178	0.573450591204474	1.0021231422505308	7809.0	500.0	255.0	14.0	9.0	280.0	15.0	3.0	487.0	552.0	40.0	19.0	9.0	4.0	4.0
3	5	9	0.6255312855072268	0.26581115460889837	0.9941972920696325	7809.0	500.0	271.0	13.0	14.0	257.0	10.0	11.0	524.0	509.0	46.0	23.0	4.0	7.0	2.0
3	9	5	-106.54882896473087	1.0	0.5014634146341465	7809.0	271.0	500.0	13.0	14.0	257.0	524.0	23.0	10.0	509.0	4.0	11.0	46.0	7.0	2.0
5	3	9	-0.6218803246968734	0.7329897734016071	1.0059055118110236	7809.0	500.0	257.0	10.0	11.0	271.0	13.0	14.0	524.0	509.0	46.0	23.0	7.0	4.0	2.0
3	6	7	-0.3231514667348508	0.6267096640324814	1.0048543689320388	7746.0	558.0	282.0	18.0	3.0	245.0	20.0	11.0	434.0	595.0	49.0	15.0	11.0	11.0	2.0
3	7	6	-67.21550508084886	1.0	0.4987951807228916	7746.0	282.0	558.0	18.0	3.0	245.0	434.0	15.0	20.0	595.0	11.0	11.0	49.0	11.0	2.0
6	3	7	0.32471258493163746	0.3726993730980097	0.9952153110047847	7746.0	558.0	245.0	20.0	11.0	282.0	18.0	3.0	434.0	595.0	49.0	15.0	11.0	11.0	2.0
3	6	8	0.3536516650403763	0.3618000394704176	0.9958071278825996	7807.0	497.0	282.0	17.0	4.0	253.0	15.0	8.0	490.0	548.0	40.0	18.0	7.0	10.0	4.0
3	8	6	-83.63861878204894	1.0	0.5010548523206751	7807.0	282.0	497.0	17.0	4.0	253.0	490.0	18.0	15.0	548.0	7.0	8.0	40.0	10.0	4.0
6	3	8	-0.352162605398101	0.637641775591993	1.0042462845010616	7807.0	497.0	253.0	15.0	8.0	282.0	17.0	4.0	490.0	548.0	40.0	18.0	10.0	7.0	4.0
3	6	9	0.2082469773171128	0.41751809580181165	0.998062015503876	7801.0	503.0	279.0	12.0	12.0	253.0	11.0	12.0	526.0	506.0	46.0	25.0	6.0	7.0	1.0
3	9	6	-107.03894634099586	1.0	0.500485908649174	7801.0	279.0	503.0	12.0	12.0	253.0	526.0	25.0	11.0	506.0	6.0	12.0	46.0	7.0	1.0
6	3	9	-0.20784261425436115	0.5823240405821665	1.0019493177387915	7801.0	503.0	253.0	11.0	12.0	279.0	12.0	12.0	526.0	506.0	46.0	25.0	7.0	6.0	1.0
3	7	8	-0.11294127985987809	0.5449614937098542	1.0163934426229508	7567.0	461.0	522.0	38.0	19.0	636.0	39.0	19.0	101.0	508.0	17.0	24.0	23.0	25.0	1.0
3	8	7	-7.115300631172333	0.9999999999994378	0.49599999999999994	7567.0	522.0	461.0	38.0	19.0	636.0	101.0	24.0	39.0	508.0	23.0	19.0	17.0	25.0	1.0
7	3	8	0.11476291340600515	0.4543164759077911	0.984375	7567.0	461.0	636.0	39.0	19.0	522.0	38.0	19.0	101.0	508.0	17.0	24.0	25.0	23.0	1.0
3	7	9	-0.11800159223028456	0.5469668462595558	1.0098039215686274	7551.0	477.0	529.0	35.0	15.0	635.0	36.0	23.0	139.0	467.0	20.0	30.0	20.0	22.0	1.0
3	9	7	-12.272165591949612	1.0	0.4975845410628019	7551.0	529.0	477.0	35.0	15.0	635.0	139.0	30.0	36.0	467.0	20.0	23.0	20.0	22.0	1.0
7	3	9	0.11914723875679216	0.4525793095716084	0.9904761904761905	7551.0	477.0	635.0	36.0	23.0	529.0	35.0	15.0	139.0	467.0	20.0	30.0	22.0	20.0	1.0
3	8	9	1.0949362492858783	0.13677232618498114	0.8235294117647058	7620.0	469.0	460.0	43.0	15.0	703.0	34.0	24.0	76.0	481.0	13.0	25.0	8.0	29.0	0.0
3	9	8	-4.014766247381552	0.9999702334145453	0.56	7620.0	460.0	469.0	43.0	15.0	703.0	76.0	25.0	34.0	481.0	8.0	24.0	13.0	29.0	0.0
8	3	9	-0.860307053010333	0.8051901402143871	1.375	7620.0	469.0	703.0	34.0	24.0	460.0	43.0	15.0	76.0	481.0	13.0	25.0	29.0	8.0	0.0
4	5	6	0.44340857751738855	0.32873514522891356	0.004464285714285714	8234.0	72.0	65.0	225.0	1.0	276.0	2.0	3.0	3.0	1068.0	5.0	2.0	3.0	41.0	0.0
4	6	5	-99999.9	1.0	-0.004524886877828054	8234.0	65.0	72.0	225.0	1.0	276.0	3.0	2.0	2.0	1068.0	3.0	3.0	5.0	41.0	0.0
5	4	6	-98.43670420886022	1.0	0.49887640449438203	8234.0	72.0	276.0	2.0	3.0	65.0	225.0	1.0	3.0	1068.0	5.0	2.0	41.0	3.0	0.0
4	5	7	0.3652995838339349	0.35744395596148326	0.9952153110047847	7746.0	560.0	274.0	16.0	1.0	251.0	14.0	16.0	430.0	595.0	51.0	21.0	8.0	16.0	1.0
4	7	5	-75.61701385362437	1.0	0.5012048192771085	7746.0	274.0	560.0	16.0	1.0	251.0	430.0	21.0	14.0	595.0	8.0	16.0	51.0	16.0	1.0
5	4	7	-0.3635433358347333	0.6419004147059713	1.0048543689320388	7746.0	560.0	251.0	14.0	16.0	274.0	16.0	1.0	430.0	595.0	51.0	21.0	16.0	8.0	1.0
4	5	8	-1.203741774929125	0.8856552345271052	1.0152505446623095	7809.0	497.0	275.0	13.0	3.0	255.0	20.0	6.0	486.0	550.0	40.0	25.0	5.0	13.0	3.0
4	8	5	-81.3385513630679	1.0	0.49627263045793396	7809.0	275.0	497.0	13.0	3.0	255.0	486.0	25.0	20.0	550.0	5.0	6.0	40.0	13.0	3.0
5	4	8	1.2218237329216226	0.11088721280564473	0.9854166666666667	7809.0	497.0	255.0	20.0	6.0	275.0	13.0	3.0	486.0	550.0	40.0	25.0	13.0	5.0	3.0
4	5	9	-1.792938235506674	0.9635086506435739	1.02020202020202	7813.0	493.0	267.0	10.0	14.0	253.0	20.0	8.0	525.0	506.0	45.0	26.0	4.0	13.0	3.0
4	9	5	-92.33631912859401	1.0	0.4950980392156863	7813.0	267.0	493.0	10.0	14.0	253.0	525.0	26.0	20.0	506.0	4.0	8.0	45.0	13.0	3.0
5	4	9	1.8284419629424498	0.033741566992274485	0.9809523809523809	7813.0	493.0	253.0	20.0	8.0	267.0	10.0	14.0	525.0	506.0	45.0	26.0	13.0	4.0	3.0
4	6	7	0.3652995838339349	0.35744395596148326	0.9952153110047847	7740.0	559.0	280.0	16.0	2.0	251.0	14.0	16.0	430.0	592.0	51.0	21.0	11.0	16.0	1.0
4	7	6	-75.61701385362437	1.0	0.5012048192771085	7740.0	280.0	559.0	16.0	2.0	251.0	430.0	21.0	14.0	592.0	11.0	16.0	51.0	16.0	1.0
6	4	7	-0.3635433358347333	0.6419004147059713	1.0048543689320388	7740.0	559.0	251.0	14.0	16.0	280.0	16.0	2.0	430.0	592.0	51.0	21.0	16.0	11.0	1.0
4	6	8	-0.8381370282177626	0.7990231757172177	1.0108459869848156	7805.0	494.0	279.0	15.0	4.0	255.0	20.0	6.0	486.0	547.0	40.0	25.0	8.0	13.0	3.0
4	8	6	-78.9525080581133	1.0	0.4973319103521878	7805.0	279.0	494.0	15.0	4.0	255.0	486.0	25.0	20.0	547.0	8.0	6.0	40.0	13.0	3.0
6	4	8	0.8471299147866228	0.19846130888847835	0.9894957983193278	7805.0	494.0	255.0	20.0	6.0	279.0	15.0	4.0	486.0	547.0	40.0	25.0	13.0	8.0	3.0
4	6	9	-1.9361934092470225	0.9735780595513416	1.0222672064777327	7803.0	496.0	277.0	10.0	11.0	251.0	21.0	9.0	526.0	502.0	45.0	27.0	7.0	13.0	2.0
4	9	6	-90.82507265195103	1.0	0.49461312438785504	7803.0	277.0	496.0	10.0	11.0	251.0	526.0	27.0	21.0	502.0	7.0	9.0	45.0	13.0	2.0
6	4	9	1.9783679191514134	0.02394353879724087	0.9791271347248577	7803.0	496.0	251.0	21.0	9.0	277.0	10.0	11.0	526.0	502.0	45.0	27.0	13.0	7.0	2.0
4	7	8	-0.7902848402540664	0.7853193429206176	1.1904761904761905	7565.0	455.0	519.0	38.0	20.0	638.0	46.0	18.0	96.0	506.0	15.0	32.0	23.0	27.0	2.0
4	8	7	-5.729565091841979	0.9999999949507261	0.46296296296296297	7565.0	519.0	455.0	38.0	20.0	638.0	96.0	32.0	46.0	506.0	23.0	18.0	15.0	27.0	2.0
7	4	8	0.916730414694717	0.17964193923322402	0.8787878787878788	7565.0	455.0	638.0	46.0	18.0	519.0	38.0	20.0	96.0	506.0	15.0	32.0	27.0	23.0	2.0
4	7	9	-1.385879204237378	0.9171080468073891	1.1891891891891893	7552.0	468.0	528.0	34.0	15.0	634.0	48.0	20.0	136.0	462.0	19.0	34.0	20.0	28.0	2.0
4	9	7	-10.097119916586612	1.0	0.4631578947368421	7552.0	528.0	468.0	34.0	15.0	634.0	136.0	34.0	48.0	462.0	20.0	20.0	19.0	28.0	2.0
7	4	9	1.606359986729688	0.054097416251146724	0.8793103448275863	7552.0	468.0	634.0	48.0	20.0	528.0	34.0	15.0	136.0	462.0	19.0	34.0	28.0	20.0	2.0
4	8	9	-0.30431860577092396	0.6195573455872945	1.0857142857142856	7624.0	460.0	456.0	43.0	14.0	699.0	46.0	21.0	84.0	478.0	13.0	21.0	6.0	32.0	3.0
4	9	8	-4.1590209455359615	0.99998400983068	0.48101265822784817	7624.0	456.0	460.0	43.0	14.0	699.0	84.0	21.0	46.0	478.0	6.0	21.0	13.0	32.0	3.0
8	4	9	0.32834375885810213	0.37132594916822015	0.9318181818181818	7624.0	460.0	699.0	46.0	21.0	456.0	43.0	14.0	84.0	478.0	13.0	21.0	32.0	6.0	3.0
5	6	7	0.0	0.49999999949999996	nan	7925.0	585.0	72.0	4.0	1.0	66.0	4.0	0.0	653.0	620.0	61.0	6.0	3.0	0.0	0.0
5	7	6	-228.03535571658455	1.0	0.5	7925.0	72.0	585.0	4.0	1.0	66.0	653.0	6.0	4.0	620.0	3.0	0.0	61.0	0.0	0.0
6	5	7	0.0	0.49999999949999996	nan	7925.0	585.0	66.0	4.0	0.0	72.0	4.0	1.0	653.0	620.0	61.0	6.0	0.0	3.0	0.0
5	6	8	0.6298507794069366	0.2643960519579486	0.9971910112359551	7994.0	516.0	70.0	6.0	1.0	66.0	4.0	0.0	714.0	569.0	51.0	6.0	3.0	0.0	0.0
5	8	6	-222.9671759100566	1.0	0.5007052186177714	7994.0	70.0	516.0	6.0	1.0	66.0	714.0	6.0	4.0	569.0	3.0	0.0	51.0	0.0	0.0
6	5	8	-0.6280765518593114	0.7350231605054776	1.0028328611898016	7994.0	516.0	66.0	4.0	0.0	70.0	6.0	1.0	714.0	569.0	51.0	6.0	0.0	3.0	0.0
5	6	9	-0.3749726701754676	0.6461595453517275	1.0013351134846462	7993.0	517.0	73.0	3.0	1.0	61.0	4.0	5.0	754.0	521.0	59.0	3.0	4.0	1.0	1.0
5	9	6	-281.6044753017734	1.0	0.4996668887408395	7993.0	73.0	517.0	3.0	1.0	61.0	754.0	3.0	4.0	521.0	4.0	5.0	59.0	1.0	1.0
6	5	9	0.3754726337357015	0.3536545560184712	0.9986702127659575	7993.0	517.0	61.0	4.0	5.0	73.0	3.0	1.0	754.0	521.0	59.0	3.0	1.0	4.0	1.0
5	7	8	-0.22493170735475865	0.5889837569908684	1.037037037037037	7532.0	465.0	532.0	37.0	21.0	671.0	39.0	15.0	95.0	516.0	16.0	20.0	21.0	18.0	2.0
5	8	7	-6.523019513287998	0.9999999999653749	0.49122807017543857	7532.0	532.0	465.0	37.0	21.0	671.0	95.0	20.0	39.0	516.0	21.0	15.0	16.0	18.0	2.0
7	5	8	0.23296498261742862	0.40789434525444546	0.9666666666666667	7532.0	465.0	671.0	39.0	15.0	532.0	37.0	21.0	95.0	516.0	16.0	20.0	18.0	21.0	2.0
5	7	9	-0.23628998478250104	0.5933961227215516	1.0208333333333333	7525.0	472.0	541.0	34.0	15.0	661.0	36.0	28.0	134.0	473.0	20.0	23.0	20.0	17.0	1.0
5	9	7	-11.814499239125048	1.0	0.494949494949495	7525.0	541.0	472.0	34.0	15.0	661.0	134.0	23.0	36.0	473.0	20.0	28.0	20.0	17.0	1.0
7	5	9	0.24111222936989904	0.40473411815688365	0.9803921568627451	7525.0	472.0	661.0	36.0	28.0	541.0	34.0	15.0	134.0	473.0	20.0	23.0	17.0	20.0	1.0
5	8	9	0.8564119551632204	0.1958849326067249	0.8571428571428571	7599.0	465.0	467.0	41.0	15.0	724.0	34.0	28.0	76.0	487.0	13.0	18.0	8.0	25.0	0.0
5	9	8	-4.282059775816098	0.9999907349639987	0.5454545454545454	7599.0	467.0	465.0	41.0	15.0	724.0	76.0	18.0	34.0	487.0	8.0	28.0	13.0	25.0	0.0
8	5	9	-0.7136766293026835	0.7622864888626446	1.25	7599.0	465.0	724.0	34.0	28.0	467.0	41.0	15.0	76.0	487.0	13.0	18.0	25.0	8.0	0.0
6	7	8	-0.4396689345202375	0.6699115165099394	1.08	7528.0	463.0	532.0	36.0	21.0	675.0	40.0	16.0	94.0	514.0	16.0	21.0	21.0	21.0	2.0
6	8	7	-6.3751995505434405	0.99999999990822	0.48214285714285715	7528.0	532.0	463.0	36.0	21.0	675.0	94.0	21.0	40.0	514.0	21.0	16.0	16.0	21.0	2.0
7	6	8	0.4722370037439587	0.31837882856055544	0.9354838709677419	7528.0	463.0	675.0	40.0	16.0	532.0	36.0	21.0	94.0	514.0	16.0	21.0	21.0	21.0	2.0
6	7	9	-0.11797758125932852	0.546957333732404	1.010204081632653	7515.0	476.0	539.0	35.0	15.0	671.0	36.0	24.0	135.0	469.0	20.0	24.0	20.0	20.0	1.0
6	9	7	-11.797758125932878	1.0	0.49748743718592964	7515.0	539.0	476.0	35.0	15.0	671.0	135.0	24.0	36.0	469.0	20.0	24.0	20.0	20.0	1.0
7	6	9	0.11916927399932173	0.4525705809868863	0.9900990099009901	7515.0	476.0	671.0	36.0	24.0	539.0	35.0	15.0	135.0	469.0	20.0	24.0	20.0	20.0	1.0
6	8	9	0.9732399574413655	0.16521702743408984	0.8490566037735849	7591.0	469.0	463.0	42.0	15.0	732.0	34.0	24.0	79.0	483.0	13.0	19.0	8.0	28.0	0.0
6	9	8	-4.501234803166317	0.9999966188923269	0.5487804878048781	7591.0	463.0	469.0	42.0	15.0	732.0	79.0	19.0	34.0	483.0	8.0	24.0	13.0	28.0	0.0
8	6	9	-0.8002195205629006	0.7882082490304073	1.2758620689655173	7591.0	469.0	732.0	34.0	24.0	463.0	42.0	15.0	79.0	483.0	13.0	19.0	28.0	8.0	0.0
7	8	9	1.2226297402103754	0.11073485454165644	0.8181818181818182	7725.0	478.0	461.0	43.0	15.0	598.0	33.0	16.0	78.0	482.0	11.0	22.0	9.0	28.0	1.0
7	9	8	-4.279204090736313	0.999990615325365	0.5625000000000001	7725.0	461.0	478.0	43.0	15.0	598.0	78.0	22.0	33.0	482.0	9.0	16.0	11.0	28.0	1.0
8	7	9	-0.9509342423858475	0.8291811305461554	1.4	7725.0	478.0	598.0	33.0	16.0	461.0	43.0	15.0	78.0	482.0	11.0	22.0	28.0	9.0	1.0
