P1	Hybrid	P2	Zscore	Pvalue	Gamma	AAAA	AAAB	AABA	AABB	AABC	ABAA	ABAB	ABAC	ABBA	BAAA	ABBC	CABC	BACA	BCAA	ABCD
1	2	3	-99999.9	1.0	-0.005277044854881266	24128.0	256.0	226.0	785.0	9.0	1006.0	23.0	2.0	19.0	3383.0	17.0	3.0	7.0	134.0	2.0
1	3	2	0.617780171257095	0.2683600740430423	0.005194805194805195	24128.0	226.0	256.0	785.0	9.0	1006.0	19.0	3.0	23.0	3383.0	7.0	2.0	17.0	134.0	2.0
2	1	3	-117.68712262447671	1.0	0.5013089005235603	24128.0	256.0	1006.0	23.0	2.0	226.0	785.0	9.0	19.0	3383.0	17.0	3.0	134.0	7.0	2.0
1	2	4	-99999.9	1.0	-0.058823529411764705	23454.0	930.0	848.0	143.0	29.0	925.0	89.0	17.0	86.0	3257.0	76.0	18.0	59.0	65.0	4.0
1	4	2	0.23237198466054554	0.40812459939505286	0.05	23454.0	848.0	930.0	143.0	29.0	925.0	86.0	18.0	89.0	3257.0	59.0	17.0	76.0	65.0	4.0
2	1	4	-4.182695723889828	0.9999855875623438	0.5135135135135136	23454.0	930.0	925.0	89.0	17.0	848.0	143.0	29.0	86.0	3257.0	76.0	18.0	65.0	59.0	4.0
1	2	5	-99999.9	1.0	-0.17391304347826086	23520.0	864.0	856.0	140.0	24.0	926.0	86.0	19.0	78.0	3284.0	57.0	19.0	60.0	64.0	3.0
1	5	2	0.6585103071260643	0.2551050740883769	0.1142857142857143	23520.0	856.0	864.0	140.0	24.0	926.0	78.0	19.0	86.0	3284.0	60.0	19.0	57.0	64.0	3.0
2	1	5	-4.4449445731009325	0.9999956004863446	0.5344827586206897	23520.0	864.0	926.0	86.0	19.0	856.0	140.0	24.0	78.0	3284.0	57.0	19.0	64.0	60.0	3.0
1	2	6	0.37861544596290553	0.3524867825553537	0.9957519116397621	22325.0	2059.0	884.0	90.0	46.0	907.0	85.0	39.0	1257.0	1977.0	185.0	52.0	33.0	54.0	7.0
1	6	2	-88.3688450877423	1.0	0.5010688328345447	22325.0	884.0	2059.0	90.0	46.0	907.0	1257.0	52.0	85.0	1977.0	33.0	39.0	185.0	54.0	7.0
2	1	6	-0.37700019235384874	0.6469132111446324	1.004302925989673	22325.0	2059.0	907.0	85.0	39.0	884.0	90.0	46.0	1257.0	1977.0	185.0	52.0	54.0	33.0	7.0
1	2	7	-0.567959452033995	0.7149687846253897	1.0048543689320388	22695.0	1689.0	918.0	72.0	30.0	916.0	79.0	36.0	1528.0	1726.0	165.0	69.0	30.0	45.0	2.0
1	7	2	-118.13556602307095	1.0	0.4987951807228916	22695.0	918.0	1689.0	72.0	30.0	916.0	1528.0	69.0	79.0	1726.0	30.0	36.0	165.0	45.0	2.0
2	1	7	0.5707032175027582	0.284100382298492	0.9952153110047847	22695.0	1689.0	916.0	79.0	36.0	918.0	72.0	30.0	1528.0	1726.0	165.0	69.0	45.0	30.0	2.0
1	2	8	-0.8541699935858735	0.8034946419828839	1.0061538461538462	22863.0	1521.0	932.0	63.0	25.0	920.0	73.0	38.0	1708.0	1539.0	172.0	81.0	25.0	39.0	1.0
1	8	2	-140.510963944876	1.0	0.49847560975609756	22863.0	932.0	1521.0	63.0	25.0	920.0	1708.0	81.0	73.0	1539.0	25.0	38.0	172.0	39.0	1.0
2	1	8	0.8593942748922092	0.19506147009787744	0.9939577039274925	22863.0	1521.0	920.0	73.0	38.0	932.0	63.0	25.0	1708.0	1539.0	172.0	81.0	39.0	25.0	1.0
1	2	9	-0.8513301404370135	0.8027070528789104	1.0051194539249146	22999.0	1385.0	940.0	51.0	29.0	937.0	60.0	34.0	1827.0	1425.0	167.0	83.0	25.0	35.0	3.0
1	9	2	-167.99581437957053	1.0	0.4987298899237934	22999.0	940.0	1385.0	51.0	29.0	937.0	1827.0	83.0	60.0	1425.0	25.0	34.0	167.0	35.0	3.0
2	1	9	0.8556662871624992	0.19609115172137825	0.9949579831932773	22999.0	1385.0	937.0	60.0	34.0	940.0	51.0	29.0	1827.0	1425.0	167.0	83.0	35.0	25.0	3.0
1	3	4	0.07619097683729062	0.4696335126325256	0.01639344262295082	23424.0	930.0	878.0	147.0	25.0	924.0	87.0	17.0	88.0	3249.0	76.0	17.0	69.0	65.0	4.0
1	4	3	-99999.9	1.0	-0.017241379310344827	23424.0	878.0	930.0	147.0	25.0	924.0	88.0	17.0	87.0	3249.0	69.0	17.0	76.0	65.0	4.0
3	1	4	-4.495267633400117	0.999996522692721	0.49579831932773105	23424.0	930.0	924.0	87.0	17.0	878.0	147.0	25.0	88.0	3249.0	76.0	17.0	65.0	69.0	4.0
1	3	5	-99999.9	1.0	-0.07407407407407407	23485.0	869.0	891.0	142.0	17.0	925.0	84.0	19.0	80.0	3275.0	58.0	18.0	71.0	63.0	3.0
1	5	3	0.3216038664366199	0.37387647595256146	0.06060606060606061	23485.0	891.0	869.0	142.0	17.0	925.0	80.0	18.0	84.0	3275.0	71.0	19.0	58.0	63.0	3.0
3	1	5	-4.663256063330988	0.9999984420422987	0.5166666666666667	23485.0	869.0	925.0	84.0	19.0	891.0	142.0	17.0	80.0	3275.0	58.0	18.0	63.0	71.0	3.0
1	3	6	0.5304532053651702	0.2978988551892847	0.9940476190476191	22297.0	2057.0	912.0	91.0	47.0	906.0	84.0	38.0	1253.0	1974.0	186.0	57.0	37.0	54.0	7.0
1	6	3	-88.05523209061823	1.0	0.5015015015015015	22297.0	912.0	2057.0	91.0	47.0	906.0	1253.0	57.0	84.0	1974.0	37.0	38.0	186.0	54.0	7.0
3	1	6	-0.5272768388659773	0.7009993379219366	1.006060606060606	22297.0	2057.0	906.0	84.0	38.0	912.0	91.0	47.0	1253.0	1974.0	186.0	57.0	54.0	37.0	7.0
1	3	7	-0.32601524946997684	0.6277935227219396	1.0027662517289073	22668.0	1686.0	945.0	73.0	32.0	917.0	77.0	34.0	1527.0	1721.0	165.0	69.0	37.0	47.0	2.0
1	7	3	-118.50654318233698	1.0	0.4993112947658402	22668.0	945.0	1686.0	73.0	32.0	917.0	1527.0	69.0	77.0	1721.0	37.0	34.0	165.0	47.0	2.0
3	1	7	0.3269146018823078	0.37186630679218236	0.9972565157750343	22668.0	1686.0	917.0	77.0	34.0	945.0	73.0	32.0	1527.0	1721.0	165.0	69.0	47.0	37.0	2.0
1	3	8	-0.8479732384694201	0.8017736097789921	1.0061425061425062	22836.0	1518.0	959.0	64.0	27.0	918.0	74.0	36.0	1712.0	1530.0	171.0	79.0	33.0	40.0	3.0
1	8	3	-139.74598969976043	1.0	0.4984783931832015	22836.0	959.0	1518.0	64.0	27.0	918.0	1712.0	79.0	74.0	1530.0	33.0	36.0	171.0	40.0	3.0
3	1	8	0.8531501202671579	0.19678798452272694	0.9939686369119421	22836.0	1518.0	918.0	74.0	36.0	959.0	64.0	27.0	1712.0	1530.0	171.0	79.0	40.0	33.0	3.0
1	3	9	-0.46134370934577323	0.6777239654240483	1.0028344671201814	22971.0	1383.0	968.0	56.0	26.0	936.0	61.0	31.0	1830.0	1416.0	167.0	81.0	33.0	37.0	4.0
1	9	3	-163.6847480758801	1.0	0.49929438329099635	22971.0	968.0	1383.0	56.0	26.0	936.0	1830.0	81.0	61.0	1416.0	33.0	31.0	167.0	37.0	4.0
3	1	9	0.46264767686794894	0.3218084829713057	0.9971894322653176	22971.0	1383.0	936.0	61.0	31.0	968.0	56.0	26.0	1830.0	1416.0	167.0	81.0	37.0	33.0	4.0
1	4	5	-99999.9	1.0	-0.0061823802163833074	23971.0	331.0	405.0	687.0	10.0	984.0	36.0	9.0	32.0	3356.0	17.0	7.0	38.0	116.0	1.0
1	5	4	0.48601787828182175	0.3134772511797459	0.0060698027314112285	23971.0	405.0	331.0	687.0	10.0	984.0	32.0	7.0	36.0	3356.0	38.0	9.0	17.0	116.0	1.0
4	1	5	-79.09940969036633	1.0	0.5015313935681469	23971.0	331.0	984.0	36.0	9.0	405.0	687.0	10.0	32.0	3356.0	17.0	7.0	116.0	38.0	1.0
1	4	6	-0.3136092990928961	0.6230910330798464	1.003427592116538	22226.0	2076.0	983.0	79.0	40.0	908.0	83.0	38.0	1254.0	1964.0	187.0	54.0	48.0	52.0	8.0
1	6	4	-92.1227316085382	1.0	0.49914748508098894	22226.0	983.0	2076.0	79.0	40.0	908.0	1254.0	54.0	83.0	1964.0	48.0	38.0	187.0	52.0	8.0
4	1	6	0.3146805520359974	0.3765021748708559	0.996607294317218	22226.0	2076.0	908.0	83.0	38.0	983.0	79.0	40.0	1254.0	1964.0	187.0	54.0	52.0	48.0	8.0
1	4	7	-0.5756209585077029	0.717564332702391	1.0048712595685456	22614.0	1688.0	999.0	70.0	33.0	916.0	77.0	36.0	1521.0	1717.0	167.0	76.0	41.0	42.0	3.0
1	7	4	-119.31800154209665	1.0	0.4987910189982729	22614.0	999.0	1688.0	70.0	33.0	916.0	1521.0	76.0	77.0	1717.0	41.0	36.0	167.0	42.0	3.0
4	1	7	0.578411364816258	0.28149317178956634	0.99519890260631	22614.0	1688.0	916.0	77.0	36.0	999.0	70.0	33.0	1521.0	1717.0	167.0	76.0	42.0	41.0	3.0
1	4	8	0.7489466618203443	0.2269446091987658	0.9945321992709599	22806.0	1496.0	989.0	77.0	36.0	923.0	68.0	38.0	1705.0	1530.0	170.0	81.0	39.0	40.0	2.0
1	8	4	-135.47612949372444	1.0	0.5013782542113323	22806.0	989.0	1496.0	77.0	36.0	923.0	1705.0	81.0	68.0	1530.0	39.0	38.0	170.0	40.0	2.0
4	1	8	-0.7448290564713015	0.7718125348646852	1.0055589870290302	22806.0	1496.0	923.0	68.0	38.0	989.0	77.0	36.0	1705.0	1530.0	170.0	81.0	40.0	39.0	2.0
1	4	9	-0.3842529348851245	0.6496044507568115	1.0022753128555177	22923.0	1379.0	1016.0	52.0	34.0	941.0	56.0	32.0	1818.0	1418.0	169.0	88.0	36.0	35.0	3.0
1	9	4	-169.64767075178256	1.0	0.4994331065759637	22923.0	1016.0	1379.0	52.0	34.0	941.0	1818.0	88.0	56.0	1418.0	36.0	32.0	169.0	35.0	3.0
4	1	9	0.3851252457475198	0.35007236731165503	0.9977401129943503	22923.0	1379.0	941.0	56.0	32.0	1016.0	52.0	34.0	1818.0	1418.0	169.0	88.0	35.0	36.0	3.0
1	5	6	0.08032964100572465	0.46798747538347385	0.9991525423728813	22308.0	2068.0	901.0	78.0	49.0	909.0	77.0	37.0	1256.0	1986.0	188.0	51.0	32.0	50.0	10.0
1	6	5	-94.62831710474288	1.0	0.5002121340687314	22308.0	901.0	2068.0	78.0	49.0	909.0	1256.0	51.0	77.0	1986.0	32.0	37.0	188.0	50.0	10.0
5	1	6	-0.08026150729834065	0.531985430706353	1.0008496176720476	22308.0	2068.0	909.0	77.0	37.0	901.0	78.0	49.0	1256.0	1986.0	188.0	51.0	50.0	32.0	10.0
1	5	7	-0.3449151376703823	0.6349208488764473	1.0027567195037905	22685.0	1691.0	928.0	65.0	35.0	918.0	69.0	36.0	1524.0	1738.0	168.0	71.0	28.0	40.0	4.0
1	7	5	-125.80779646527182	1.0	0.4993136582017845	22685.0	928.0	1691.0	65.0	35.0	918.0	1524.0	71.0	69.0	1738.0	28.0	36.0	168.0	40.0	4.0
5	1	7	0.345863357980129	0.3647227695764268	0.9972658920027341	22685.0	1691.0	918.0	69.0	36.0	928.0	65.0	35.0	1524.0	1738.0	168.0	71.0	40.0	28.0	4.0
1	5	8	1.0241985540274858	0.15287076988299064	0.9927710843373494	22876.0	1500.0	919.0	75.0	34.0	923.0	63.0	37.0	1711.0	1547.0	172.0	75.0	27.0	38.0	3.0
1	8	5	-139.632402865747	1.0	0.5018270401948843	22876.0	919.0	1500.0	75.0	34.0	923.0	1711.0	75.0	63.0	1547.0	27.0	37.0	172.0	38.0	3.0
5	1	8	-1.0167407975661207	0.8453616076009247	1.0073891625615763	22876.0	1500.0	923.0	63.0	37.0	919.0	75.0	34.0	1711.0	1547.0	172.0	75.0	38.0	27.0	3.0
1	5	9	0.4749740887225154	0.31740273309974065	0.9971846846846847	23000.0	1376.0	939.0	58.0	31.0	940.0	53.0	30.0	1824.0	1434.0	172.0	83.0	23.0	34.0	3.0
1	9	5	-167.7608481367923	1.0	0.5007068136839129	23000.0	939.0	1376.0	58.0	31.0	940.0	1824.0	83.0	53.0	1434.0	23.0	30.0	172.0	34.0	3.0
5	1	9	-0.47363311162279065	0.6821192076025104	1.002839295854628	23000.0	1376.0	940.0	53.0	30.0	939.0	58.0	31.0	1824.0	1434.0	172.0	83.0	34.0	23.0	3.0
1	6	7	-0.9818968837650179	0.8369246715981916	1.0756302521008403	21651.0	1558.0	1962.0	146.0	87.0	1973.0	164.0	79.0	420.0	1600.0	75.0	120.0	71.0	87.0	7.0
1	7	6	-14.946652563978606	1.0	0.4830188679245283	21651.0	1962.0	1558.0	146.0	87.0	1973.0	420.0	120.0	164.0	1600.0	71.0	79.0	75.0	87.0	7.0
6	1	7	1.0509365084047457	0.1466439043548421	0.9383561643835616	21651.0	1558.0	1973.0	164.0	79.0	1962.0	146.0	87.0	420.0	1600.0	75.0	120.0	87.0	71.0	7.0
1	6	8	-0.2964672898943618	0.616563310289165	1.011467889908257	21814.0	1395.0	1981.0	138.0	76.0	1986.0	143.0	87.0	584.0	1427.0	84.0	139.0	67.0	76.0	3.0
1	8	6	-26.444882258577078	1.0	0.49718151071025934	21814.0	1981.0	1395.0	138.0	76.0	1986.0	584.0	139.0	143.0	1427.0	67.0	87.0	84.0	76.0	3.0
6	1	8	0.2998285970360212	0.3821540187511312	0.9889135254988913	21814.0	1395.0	1986.0	143.0	87.0	1981.0	138.0	76.0	584.0	1427.0	84.0	139.0	76.0	67.0	3.0
1	6	9	-0.1951263126503885	0.5773529469264792	1.0053097345132744	21914.0	1295.0	2025.0	116.0	54.0	2022.0	119.0	75.0	687.0	1325.0	83.0	138.0	66.0	74.0	7.0
1	9	6	-37.13904150779065	1.0	0.4986830553116769	21914.0	2025.0	1295.0	116.0	54.0	2022.0	687.0	138.0	119.0	1325.0	66.0	75.0	83.0	74.0	7.0
6	1	9	0.19615690937213348	0.4222436989540366	0.9947735191637631	21914.0	1295.0	2022.0	119.0	75.0	2025.0	116.0	54.0	687.0	1325.0	83.0	138.0	74.0	66.0	7.0
1	7	8	0.12232606983933046	0.4513203521742071	0.9895287958115183	22188.0	1425.0	1607.0	136.0	48.0	2281.0	134.0	98.0	323.0	1449.0	63.0	105.0	54.0	86.0	3.0
1	8	7	-11.437487529977465	1.0	0.5026595744680851	22188.0	1607.0	1425.0	136.0	48.0	2281.0	323.0	105.0	134.0	1449.0	54.0	98.0	63.0	86.0	3.0
7	1	8	-0.12103161407383489	0.5481670445883186	1.0108108108108107	22188.0	1425.0	2281.0	134.0	98.0	1607.0	136.0	48.0	323.0	1449.0	63.0	105.0	86.0	54.0	3.0
1	7	9	-1.4167270828729266	0.9217185811326537	1.0805860805860805	22300.0	1313.0	1639.0	99.0	53.0	2319.0	121.0	73.0	416.0	1339.0	80.0	112.0	50.0	80.0	6.0
1	9	7	-20.41374933048719	1.0	0.4820261437908497	22300.0	1639.0	1313.0	99.0	53.0	2319.0	416.0	112.0	121.0	1339.0	50.0	73.0	80.0	80.0	6.0
7	1	9	1.522381306002433	0.06395680625866862	0.9351032448377581	22300.0	1313.0	2319.0	121.0	73.0	1639.0	99.0	53.0	416.0	1339.0	80.0	112.0	80.0	50.0	6.0
1	8	9	0.3954121238726189	0.34626943263296095	0.9482758620689655	22498.0	1297.0	1441.0	124.0	44.0	2507.0	118.0	84.0	228.0	1349.0	60.0	112.0	43.0	89.0	6.0
1	9	8	-6.853810147125407	0.9999999999963829	0.5140186915887851	22498.0	1441.0	1297.0	124.0	44.0	2507.0	228.0	112.0	118.0	1349.0	43.0	84.0	60.0	89.0	6.0
8	1	9	-0.37384418984320333	0.6457398208227823	1.0612244897959184	22498.0	1297.0	2507.0	118.0	84.0	1441.0	124.0	44.0	228.0	1349.0	60.0	112.0	89.0	43.0	6.0
2	3	4	1.0014485807300715	0.15830500413710846	0.9915134370579916	24120.0	1014.0	259.0	21.0	1.0	228.0	15.0	5.0	716.0	3433.0	153.0	8.0	17.0	7.0	3.0
2	4	3	-116.00112726789993	1.0	0.5021489971346704	24120.0	259.0	1014.0	21.0	1.0	228.0	716.0	8.0	15.0	3433.0	17.0	5.0	153.0	7.0	3.0
3	2	4	-0.9928769808950065	0.8396150384098134	1.0087082728592163	24120.0	1014.0	228.0	15.0	5.0	259.0	21.0	1.0	716.0	3433.0	153.0	8.0	7.0	17.0	3.0
2	3	5	0.6494814503079467	0.25801355405215687	0.9943582510578279	24188.0	946.0	258.0	21.0	2.0	222.0	17.0	9.0	722.0	3453.0	127.0	9.0	18.0	6.0	2.0
2	5	3	-113.82162416646763	1.0	0.5014224751066857	24188.0	258.0	946.0	21.0	2.0	222.0	722.0	9.0	17.0	3453.0	18.0	9.0	127.0	6.0	2.0
3	2	5	-0.6457964491714476	0.7407944674350654	1.005738880918221	24188.0	946.0	222.0	17.0	9.0	258.0	21.0	2.0	722.0	3453.0	127.0	9.0	6.0	18.0	2.0
2	3	6	0.6485610478584035	0.25831100782780525	0.997941327843541	22986.0	2148.0	246.0	21.0	14.0	217.0	17.0	14.0	1956.0	2094.0	252.0	20.0	10.0	4.0	1.0
2	6	3	-313.74140690150125	1.0	0.5005162622612287	22986.0	246.0	2148.0	21.0	14.0	217.0	1956.0	20.0	17.0	2094.0	10.0	14.0	252.0	4.0	1.0
3	2	6	-0.6472231189303821	0.741256286333362	1.002071465561885	22986.0	2148.0	217.0	17.0	14.0	246.0	21.0	14.0	1956.0	2094.0	252.0	20.0	4.0	10.0	1.0
2	3	7	0.7064747440878152	0.23994640749597673	0.99822695035461	23358.0	1776.0	253.0	18.0	10.0	227.0	14.0	7.0	2266.0	1820.0	216.0	22.0	9.0	3.0	1.0
2	7	3	-397.038806177357	1.0	0.5004444444444444	23358.0	253.0	1776.0	18.0	10.0	227.0	2266.0	22.0	14.0	1820.0	9.0	7.0	216.0	3.0	1.0
3	2	7	-0.7052199044002702	0.7596633710404552	1.0017825311942958	23358.0	1776.0	227.0	14.0	7.0	253.0	18.0	10.0	2266.0	1820.0	216.0	22.0	3.0	9.0	1.0
2	3	8	0.0	0.49999999949999996	nan	23523.0	1611.0	260.0	14.0	7.0	231.0	14.0	3.0	2468.0	1618.0	216.0	22.0	9.0	2.0	2.0
2	8	3	-462.93647289443544	1.0	0.5	23523.0	260.0	1611.0	14.0	7.0	231.0	2468.0	22.0	14.0	1618.0	9.0	3.0	216.0	2.0	2.0
3	2	8	0.0	0.49999999949999996	nan	23523.0	1611.0	231.0	14.0	3.0	260.0	14.0	7.0	2468.0	1618.0	216.0	22.0	2.0	9.0	2.0
2	3	9	0.8152210117846729	0.2074728499069628	0.9984567901234568	23676.0	1458.0	260.0	14.0	7.0	231.0	10.0	7.0	2598.0	1492.0	212.0	21.0	9.0	3.0	2.0
2	9	3	-526.6327736128897	1.0	0.5003866976024749	23676.0	260.0	1458.0	14.0	7.0	231.0	2598.0	21.0	10.0	1492.0	9.0	7.0	212.0	3.0	2.0
3	2	9	-0.8139610102208635	0.7921664129509041	1.0015503875968992	23676.0	1458.0	231.0	10.0	7.0	260.0	14.0	7.0	2598.0	1492.0	212.0	21.0	3.0	9.0	2.0
2	4	5	-99999.9	1.0	-0.005084745762711864	24045.0	334.0	401.0	627.0	8.0	910.0	34.0	8.0	31.0	3416.0	18.0	12.0	38.0	116.0	2.0
2	5	4	0.3726662350564549	0.35469849404073783	0.005008347245409014	24045.0	401.0	334.0	627.0	8.0	910.0	31.0	12.0	34.0	3416.0	38.0	8.0	18.0	116.0	2.0
4	2	5	-73.66369246282596	1.0	0.5012615643397812	24045.0	334.0	910.0	34.0	8.0	401.0	627.0	8.0	31.0	3416.0	18.0	12.0	116.0	38.0	2.0
2	4	6	-0.6299590060063265	0.7356393546824116	1.0066500415627597	22310.0	2069.0	922.0	76.0	38.0	824.0	84.0	44.0	1295.0	1985.0	185.0	74.0	52.0	34.0	8.0
2	6	4	-95.99000354021383	1.0	0.49835390946502056	22310.0	922.0	2069.0	76.0	38.0	824.0	1295.0	74.0	84.0	1985.0	52.0	44.0	185.0	34.0	8.0
4	2	6	0.634120584906451	0.26300100629337064	0.993480032599837	22310.0	2069.0	824.0	84.0	44.0	922.0	76.0	38.0	1295.0	1985.0	185.0	74.0	34.0	52.0	8.0
2	4	7	-0.08356669943011802	0.5332995934146016	1.000667556742323	22678.0	1701.0	933.0	71.0	32.0	852.0	72.0	28.0	1571.0	1728.0	166.0	92.0	43.0	30.0	3.0
2	7	4	-125.3500491451776	1.0	0.49983327775925307	22678.0	933.0	1701.0	71.0	32.0	852.0	1571.0	92.0	72.0	1728.0	43.0	28.0	166.0	30.0	3.0
4	2	7	0.08362244772860374	0.46667824382683465	0.9993337774816788	22678.0	1701.0	852.0	72.0	28.0	933.0	71.0	32.0	1571.0	1728.0	166.0	92.0	30.0	43.0	3.0
2	4	8	1.8703868825036973	0.030714993160253057	0.9877336448598131	22854.0	1525.0	929.0	74.0	33.0	875.0	53.0	24.0	1744.0	1549.0	172.0	102.0	39.0	24.0	3.0
2	8	4	-148.7402901800558	1.0	0.5031240702171972	22854.0	929.0	1525.0	74.0	33.0	875.0	1744.0	102.0	53.0	1549.0	39.0	24.0	172.0	24.0	3.0
4	2	8	-1.8471591329279566	0.9676380198233295	1.0127349909035779	22854.0	1525.0	875.0	53.0	24.0	929.0	74.0	33.0	1744.0	1549.0	172.0	102.0	24.0	39.0	3.0
2	4	9	0.4002045068235333	0.3445029968913471	0.9978046103183315	22988.0	1391.0	948.0	52.0	36.0	876.0	48.0	28.0	1866.0	1430.0	169.0	108.0	33.0	23.0	4.0
2	9	4	-181.49274384447207	1.0	0.5005506607929515	22988.0	948.0	1391.0	52.0	36.0	876.0	1866.0	108.0	48.0	1430.0	33.0	28.0	169.0	23.0	4.0
4	2	9	-0.39932396885472465	0.6551726963385578	1.0022099447513813	22988.0	1391.0	876.0	48.0	28.0	948.0	52.0	36.0	1866.0	1430.0	169.0	108.0	23.0	33.0	4.0
2	5	6	-0.24374205783386146	0.5962846488567566	1.0024772914946325	22381.0	2065.0	851.0	74.0	44.0	836.0	77.0	40.0	1291.0	2008.0	189.0	66.0	36.0	32.0	10.0
2	6	5	-98.87802812793664	1.0	0.4993829699712053	22381.0	851.0	2065.0	74.0	44.0	836.0	1291.0	66.0	77.0	2008.0	36.0	40.0	189.0	32.0	10.0
5	2	6	0.24434438581862386	0.40348210745371715	0.9975409836065574	22381.0	2065.0	836.0	77.0	40.0	851.0	74.0	44.0	1291.0	2008.0	189.0	66.0	32.0	36.0	10.0
2	5	7	0.08803976584538503	0.4649224714864848	0.99933598937583	22740.0	1706.0	871.0	65.0	33.0	863.0	64.0	26.0	1569.0	1750.0	169.0	83.0	29.0	28.0	4.0
2	7	5	-132.41180783145836	1.0	0.5001661681621801	22740.0	871.0	1706.0	65.0	33.0	863.0	1569.0	83.0	64.0	1750.0	29.0	26.0	169.0	28.0	4.0
5	2	7	-0.08798126766209906	0.5350542813511903	1.0006653359946773	22740.0	1706.0	863.0	64.0	26.0	871.0	65.0	33.0	1569.0	1750.0	169.0	83.0	28.0	29.0	4.0
2	5	8	2.1811564142278272	0.014585873431768537	0.9860788863109049	22918.0	1528.0	865.0	73.0	31.0	881.0	49.0	23.0	1749.0	1565.0	174.0	91.0	27.0	22.0	4.0
2	8	5	-152.3174229269099	1.0	0.5035545023696683	22918.0	865.0	1528.0	73.0	31.0	881.0	1749.0	91.0	49.0	1565.0	27.0	23.0	174.0	22.0	4.0
5	2	8	-2.1503636177916694	0.9842368241165605	1.0145278450363195	22918.0	1528.0	881.0	49.0	23.0	865.0	73.0	31.0	1749.0	1565.0	174.0	91.0	22.0	27.0	4.0
2	5	9	1.4961021467221727	0.06731355011390483	0.9918522542096686	23054.0	1392.0	882.0	58.0	29.0	886.0	43.0	24.0	1869.0	1446.0	173.0	95.0	22.0	22.0	5.0
2	9	5	-180.629399180924	1.0	0.502062139125653	23054.0	882.0	1392.0	58.0	29.0	886.0	1869.0	95.0	43.0	1446.0	22.0	24.0	173.0	22.0	5.0
5	2	9	-1.4838121509933486	0.9310705844301683	1.0083518930957684	23054.0	1392.0	886.0	43.0	24.0	882.0	58.0	29.0	1869.0	1446.0	173.0	95.0	22.0	22.0	5.0
2	6	7	-0.6740638015699922	0.7498646905362389	1.0456273764258555	21665.0	1567.0	1946.0	145.0	92.0	1959.0	157.0	77.0	432.0	1615.0	74.0	124.0	71.0	73.0	3.0
2	7	6	-16.12135925421567	1.0	0.48932384341637014	21665.0	1946.0	1567.0	145.0	92.0	1959.0	432.0	124.0	157.0	1615.0	71.0	77.0	74.0	73.0	3.0
6	2	7	0.70347749472941	0.24087904444845054	0.959866220735786	21665.0	1567.0	1959.0	157.0	77.0	1946.0	145.0	92.0	432.0	1615.0	74.0	124.0	73.0	71.0	3.0
2	6	8	0.5598473921462936	0.28779173574911154	0.9809322033898306	21807.0	1425.0	1976.0	136.0	71.0	1993.0	127.0	73.0	590.0	1445.0	86.0	138.0	69.0	60.0	4.0
2	8	6	-28.241190670490816	1.0	0.504907306434024	21807.0	1976.0	1425.0	136.0	71.0	1993.0	590.0	138.0	127.0	1445.0	69.0	73.0	86.0	60.0	4.0
6	2	8	-0.5489648294479855	0.7084852333349543	1.0202247191011236	21807.0	1425.0	1993.0	127.0	73.0	1976.0	136.0	71.0	590.0	1445.0	86.0	138.0	60.0	69.0	4.0
2	6	9	0.6040175436099484	0.27291593979922624	0.9850993377483444	21926.0	1306.0	2010.0	117.0	56.0	2010.0	108.0	75.0	703.0	1337.0	81.0	137.0	66.0	61.0	7.0
2	9	6	-39.328253395047746	1.0	0.5038103302286198	21926.0	2010.0	1306.0	117.0	56.0	2010.0	703.0	137.0	108.0	1337.0	66.0	75.0	81.0	61.0	7.0
6	2	9	-0.5948811437906383	0.7240385849217451	1.0155979202772965	21926.0	1306.0	2010.0	108.0	75.0	2010.0	117.0	56.0	703.0	1337.0	81.0	137.0	61.0	66.0	7.0
2	7	8	0.6345772817141218	0.26285201577025363	0.9507389162561576	22169.0	1442.0	1614.0	135.0	55.0	2300.0	125.0	90.0	318.0	1465.0	60.0	103.0	51.0	71.0	2.0
2	8	7	-11.612764255368408	1.0	0.5132978723404256	22169.0	1614.0	1442.0	135.0	55.0	2300.0	318.0	103.0	125.0	1465.0	51.0	90.0	60.0	71.0	2.0
7	2	8	-0.6016976298118356	0.7263123345981422	1.0578034682080926	22169.0	1442.0	2300.0	125.0	90.0	1614.0	135.0	55.0	318.0	1465.0	60.0	103.0	71.0	51.0	2.0
2	7	9	-0.46929594621887555	0.6805709286361301	1.0233333333333334	22292.0	1319.0	1644.0	105.0	55.0	2327.0	112.0	76.0	419.0	1347.0	77.0	104.0	52.0	66.0	5.0
2	9	7	-21.051275301818112	1.0	0.4943639291465378	22292.0	1644.0	1319.0	105.0	55.0	2327.0	419.0	104.0	112.0	1347.0	52.0	76.0	77.0	66.0	5.0
7	2	9	0.4799965052531822	0.31561494837376436	0.9781931464174455	22292.0	1319.0	2327.0	112.0	76.0	1644.0	105.0	55.0	419.0	1347.0	77.0	104.0	66.0	52.0	5.0
2	8	9	1.107333483703868	0.13407493266496417	0.8796992481203008	22477.0	1306.0	1459.0	124.0	49.0	2528.0	108.0	85.0	225.0	1360.0	56.0	97.0	43.0	78.0	5.0
2	9	8	-6.990042615880672	0.9999999999986171	0.5366972477064219	22477.0	1459.0	1306.0	124.0	49.0	2528.0	225.0	97.0	108.0	1360.0	43.0	85.0	56.0	78.0	5.0
8	2	9	-0.9559032637101768	0.8304394524987574	1.188235294117647	22477.0	1306.0	2528.0	108.0	85.0	1459.0	124.0	49.0	225.0	1360.0	56.0	97.0	78.0	43.0	5.0
3	4	5	-99999.9	1.0	-0.001692047377326565	24010.0	338.0	400.0	625.0	9.0	945.0	33.0	5.0	32.0	3410.0	19.0	12.0	37.0	124.0	1.0
3	5	4	0.1240406751447292	0.45064149523101305	0.0016835016835016834	24010.0	400.0	338.0	625.0	9.0	945.0	32.0	12.0	33.0	3410.0	37.0	5.0	19.0	124.0	1.0
4	3	5	-73.43207968567972	1.0	0.50042194092827	24010.0	338.0	945.0	33.0	5.0	400.0	625.0	9.0	32.0	3410.0	19.0	12.0	124.0	37.0	1.0
3	4	6	-0.8675634482758005	0.807183359019128	1.0091819699499165	22281.0	2067.0	922.0	74.0	38.0	853.0	85.0	45.0	1294.0	1982.0	185.0	75.0	52.0	39.0	8.0
3	6	4	-96.2206733542251	1.0	0.49773569370111154	22281.0	922.0	2067.0	74.0	38.0	853.0	1294.0	75.0	85.0	1982.0	52.0	45.0	185.0	39.0	8.0
4	3	6	0.8754569122386077	0.19066263435159714	0.9910641754670999	22281.0	2067.0	853.0	85.0	45.0	922.0	74.0	38.0	1294.0	1982.0	185.0	75.0	39.0	52.0	8.0
3	4	7	-0.4201740507816099	0.6628208047733695	1.0033489618218352	22650.0	1698.0	935.0	68.0	31.0	880.0	73.0	30.0	1571.0	1724.0	166.0	90.0	44.0	37.0	3.0
3	7	4	-126.30431966495152	1.0	0.4991669443518827	22650.0	935.0	1698.0	68.0	31.0	880.0	1571.0	90.0	73.0	1724.0	44.0	30.0	166.0	37.0	3.0
4	3	7	0.4215765008843522	0.3366671204038746	0.996684350132626	22650.0	1698.0	880.0	73.0	30.0	935.0	68.0	31.0	1571.0	1724.0	166.0	90.0	37.0	44.0	3.0
3	4	8	1.8558791528311291	0.031735331370603914	0.9877693651718114	22827.0	1521.0	927.0	75.0	32.0	902.0	54.0	27.0	1750.0	1540.0	171.0	98.0	40.0	32.0	4.0
3	8	4	-148.0284562377208	1.0	0.5031148027291604	22827.0	927.0	1521.0	75.0	32.0	902.0	1750.0	98.0	54.0	1540.0	40.0	27.0	171.0	32.0	4.0
4	3	8	-1.8328995170944231	0.966591300110903	1.0126964933494558	22827.0	1521.0	902.0	54.0	27.0	927.0	75.0	32.0	1750.0	1540.0	171.0	98.0	32.0	40.0	4.0
3	4	9	0.0	0.49999999949999996	nan	22958.0	1390.0	949.0	52.0	33.0	906.0	52.0	25.0	1870.0	1422.0	169.0	103.0	35.0	31.0	5.0
3	9	4	-178.1839220761945	1.0	0.5	22958.0	949.0	1390.0	52.0	33.0	906.0	1870.0	103.0	52.0	1422.0	35.0	25.0	169.0	31.0	5.0
4	3	9	0.0	0.49999999949999996	nan	22958.0	1390.0	906.0	52.0	25.0	949.0	52.0	33.0	1870.0	1422.0	169.0	103.0	31.0	35.0	5.0
3	5	6	-0.40586291699399674	0.6575782899574424	1.004149377593361	22349.0	2061.0	854.0	73.0	45.0	868.0	78.0	43.0	1288.0	2004.0	188.0	66.0	37.0	37.0	9.0
3	6	5	-98.62468882954141	1.0	0.49896907216494846	22349.0	854.0	2061.0	73.0	45.0	868.0	1288.0	66.0	78.0	2004.0	37.0	43.0	188.0	37.0	9.0
5	3	6	0.4075400364857075	0.34180574357877147	0.9959016393442623	22349.0	2061.0	868.0	78.0	43.0	854.0	73.0	45.0	1288.0	2004.0	188.0	66.0	37.0	37.0	9.0
3	5	7	-0.17798112619645806	0.5706310937228289	1.0013333333333334	22707.0	1703.0	878.0	62.0	32.0	896.0	64.0	29.0	1566.0	1746.0	168.0	79.0	31.0	35.0	4.0
3	7	5	-133.8418068997364	1.0	0.49966733200266134	22707.0	878.0	1703.0	62.0	32.0	896.0	1566.0	79.0	64.0	1746.0	31.0	29.0	168.0	35.0	4.0
5	3	7	0.17821811837514842	0.4292758479268499	0.99867197875166	22707.0	1703.0	896.0	64.0	29.0	878.0	62.0	32.0	1566.0	1746.0	168.0	79.0	35.0	31.0	4.0
3	5	8	2.1811510815878465	0.014586070577437216	0.9860869565217392	22885.0	1525.0	869.0	73.0	30.0	914.0	49.0	26.0	1750.0	1557.0	173.0	86.0	28.0	30.0	5.0
3	8	5	-152.40793182595087	1.0	0.5035523978685613	22885.0	869.0	1525.0	73.0	30.0	914.0	1750.0	86.0	49.0	1557.0	28.0	26.0	173.0	30.0	5.0
5	3	8	-2.1503764631527447	0.9842373317451983	1.014519056261343	22885.0	1525.0	914.0	49.0	26.0	869.0	73.0	30.0	1750.0	1557.0	173.0	86.0	30.0	28.0	5.0
3	5	9	1.0859002860229168	0.13876159528914123	0.993998908892526	23018.0	1392.0	889.0	57.0	26.0	922.0	46.0	21.0	1868.0	1439.0	173.0	89.0	24.0	30.0	6.0
3	9	5	-178.77867436250023	1.0	0.5015139003578309	23018.0	889.0	1392.0	57.0	26.0	922.0	1868.0	89.0	46.0	1439.0	24.0	21.0	173.0	30.0	6.0
5	3	9	-1.079344356743964	0.8597828388817588	1.0061111111111112	23018.0	1392.0	922.0	46.0	21.0	889.0	57.0	26.0	1868.0	1439.0	173.0	89.0	30.0	24.0	6.0
3	6	7	-0.7298479379186714	0.7672584999868985	1.049618320610687	21639.0	1564.0	1946.0	144.0	89.0	1985.0	157.0	80.0	432.0	1612.0	75.0	124.0	72.0	77.0	4.0
3	7	6	-16.168938932352102	1.0	0.48845470692717585	21639.0	1946.0	1564.0	144.0	89.0	1985.0	432.0	124.0	157.0	1612.0	72.0	80.0	75.0	77.0	4.0
6	3	7	0.764349840438463	0.22232932949592565	0.9568106312292359	21639.0	1564.0	1985.0	157.0	80.0	1946.0	144.0	89.0	432.0	1612.0	75.0	124.0	77.0	72.0	4.0
3	6	8	0.6213695228304327	0.267178204993042	0.9790794979079498	21783.0	1420.0	1971.0	137.0	71.0	2017.0	127.0	78.0	595.0	1438.0	86.0	138.0	69.0	66.0	4.0
3	8	6	-28.45872414563377	1.0	0.5053995680345572	21783.0	1971.0	1420.0	137.0	71.0	2017.0	595.0	138.0	127.0	1438.0	69.0	78.0	86.0	66.0	4.0
6	3	8	-0.6080923962742267	0.7284369532973547	1.0223214285714286	21783.0	1420.0	2017.0	127.0	78.0	1971.0	137.0	71.0	595.0	1438.0	86.0	138.0	66.0	69.0	4.0
3	6	9	0.4650160484549397	0.3209599994327501	0.9883720930232558	21900.0	1303.0	2007.0	118.0	54.0	2036.0	111.0	75.0	706.0	1331.0	82.0	137.0	67.0	66.0	7.0
3	9	6	-39.06134807021488	1.0	0.5029585798816568	21900.0	2007.0	1303.0	118.0	54.0	2036.0	706.0	137.0	111.0	1331.0	67.0	75.0	82.0	66.0	7.0
6	3	9	-0.4595452714142933	0.677078654642025	1.0120481927710843	21900.0	1303.0	2036.0	111.0	75.0	2007.0	118.0	54.0	706.0	1331.0	82.0	137.0	66.0	67.0	7.0
3	7	8	0.5034283710556895	0.30733156115309046	0.9609756097560975	22146.0	1439.0	1608.0	135.0	54.0	2323.0	127.0	91.0	324.0	1456.0	61.0	103.0	51.0	80.0	2.0
3	8	7	-11.893495266190662	1.0	0.5103626943005182	22146.0	1608.0	1439.0	135.0	54.0	2323.0	324.0	103.0	127.0	1456.0	51.0	91.0	61.0	80.0	2.0
7	3	8	-0.482984579337692	0.6854466494942804	1.0441988950276244	22146.0	1439.0	2323.0	127.0	91.0	1608.0	135.0	54.0	324.0	1456.0	61.0	103.0	80.0	51.0	2.0
3	7	9	-0.8496390719929616	0.8022371556104044	1.0443686006825939	22269.0	1316.0	1638.0	105.0	54.0	2350.0	118.0	73.0	424.0	1339.0	78.0	105.0	52.0	74.0	5.0
3	9	7	-20.848835689673425	1.0	0.48960000000000004	22269.0	1638.0	1316.0	105.0	54.0	2350.0	424.0	105.0	118.0	1339.0	52.0	73.0	78.0	74.0	5.0
7	3	9	0.88573484956129	0.18788017775019283	0.9608433734939759	22269.0	1316.0	2350.0	118.0	73.0	1638.0	105.0	54.0	424.0	1339.0	78.0	105.0	74.0	52.0	5.0
3	8	9	0.9532901106126987	0.17022154186179117	0.890625	22452.0	1302.0	1455.0	126.0	47.0	2553.0	112.0	85.0	226.0	1352.0	56.0	100.0	45.0	84.0	5.0
3	9	8	-6.809215075804989	0.9999999999950646	0.5327102803738318	22452.0	1455.0	1302.0	126.0	47.0	2553.0	226.0	100.0	112.0	1352.0	45.0	85.0	56.0	84.0	5.0
8	3	9	-0.8362193952742972	0.7984843061436354	1.1627906976744187	22452.0	1302.0	2553.0	112.0	85.0	1455.0	126.0	47.0	226.0	1352.0	56.0	100.0	84.0	45.0	5.0
4	5	6	0.8167780920908989	0.20702757108032133	0.9967391304347826	22807.0	2148.0	327.0	30.0	19.0	410.0	24.0	10.0	1858.0	2059.0	242.0	23.0	12.0	25.0	6.0
4	6	5	-248.8450587236936	1.0	0.500819224467504	22807.0	327.0	2148.0	30.0	19.0	410.0	1858.0	23.0	24.0	2059.0	12.0	10.0	242.0	25.0	6.0
5	4	6	-0.8141059718332405	0.7922079341575707	1.0032930845225028	22807.0	2148.0	410.0	24.0	10.0	327.0	30.0	19.0	1858.0	2059.0	242.0	23.0	25.0	12.0	6.0
4	5	7	0.4119507465354399	0.3401878063148167	0.998592210229939	23194.0	1761.0	336.0	28.0	12.0	409.0	25.0	10.0	2153.0	1794.0	212.0	34.0	10.0	21.0	1.0
4	7	5	-291.7984454626031	1.0	0.5003526922172584	23194.0	336.0	1761.0	28.0	12.0	409.0	2153.0	34.0	25.0	1794.0	10.0	10.0	212.0	21.0	1.0
5	4	7	-0.41136998890404597	0.6595993274291274	1.0014137606032045	23194.0	1761.0	409.0	25.0	10.0	336.0	28.0	12.0	2153.0	1794.0	212.0	34.0	21.0	10.0	1.0
4	5	8	0.41991296517465937	0.33727455843300125	0.9987041036717063	23395.0	1560.0	334.0	27.0	15.0	404.0	24.0	16.0	2336.0	1614.0	209.0	35.0	9.0	19.0	3.0
4	8	5	-323.1930121960925	1.0	0.500324605063839	23395.0	334.0	1560.0	27.0	15.0	404.0	2336.0	35.0	24.0	1614.0	9.0	16.0	209.0	19.0	3.0
5	4	8	-0.4193680954101593	0.6625263906900213	1.0013009540329576	23395.0	1560.0	404.0	24.0	16.0	334.0	27.0	15.0	2336.0	1614.0	209.0	35.0	19.0	9.0	3.0
4	5	9	1.542841763722503	0.061434603839374824	0.9959399106780349	23524.0	1431.0	340.0	26.0	10.0	416.0	16.0	12.0	2469.0	1481.0	209.0	37.0	8.0	19.0	2.0
4	9	5	-376.9162428774068	1.0	0.5010212418300654	23524.0	340.0	1431.0	26.0	10.0	416.0	2469.0	37.0	16.0	1481.0	8.0	12.0	209.0	19.0	2.0
5	4	9	-1.536552151966602	0.93779847235135	1.0041101520756268	23524.0	1431.0	416.0	16.0	12.0	340.0	26.0	10.0	2469.0	1481.0	209.0	37.0	19.0	8.0	2.0
4	6	7	-0.45434076834199233	0.675208188238435	1.031496062992126	21567.0	1567.0	1963.0	146.0	88.0	2057.0	154.0	80.0	416.0	1603.0	76.0	123.0	72.0	84.0	4.0
4	7	6	-15.334000931542231	1.0	0.4924812030075188	21567.0	1963.0	1567.0	146.0	88.0	2057.0	416.0	123.0	154.0	1603.0	72.0	80.0	76.0	84.0	4.0
6	4	7	0.46821376890205313	0.31981587907597975	0.9712230215827338	21567.0	1567.0	2057.0	154.0	80.0	1963.0	146.0	88.0	416.0	1603.0	76.0	123.0	84.0	72.0	4.0
4	6	8	-0.5347121427643327	0.7035755577746226	1.0210280373831775	21742.0	1392.0	1987.0	134.0	76.0	2058.0	143.0	90.0	580.0	1435.0	80.0	137.0	69.0	72.0	5.0
4	8	6	-26.49795729698804	1.0	0.49490373725934317	21742.0	1987.0	1392.0	134.0	76.0	2058.0	580.0	137.0	143.0	1435.0	69.0	90.0	80.0	72.0	5.0
6	4	8	0.5457245209906003	0.29262763190590757	0.9802197802197802	21742.0	1392.0	2058.0	143.0	90.0	1987.0	134.0	76.0	580.0	1435.0	80.0	137.0	72.0	69.0	5.0
4	6	9	0.33464008276744583	0.36894837007922265	0.9913793103448276	21835.0	1299.0	2029.0	115.0	53.0	2101.0	110.0	80.0	685.0	1327.0	83.0	136.0	68.0	73.0	6.0
4	9	6	-38.14896943548887	1.0	0.5021834061135371	21835.0	2029.0	1299.0	115.0	53.0	2101.0	685.0	136.0	110.0	1327.0	68.0	80.0	83.0	73.0	6.0
6	4	9	-0.33173016900425073	0.6299534230464069	1.008849557522124	21835.0	1299.0	2101.0	110.0	80.0	2029.0	115.0	53.0	685.0	1327.0	83.0	136.0	73.0	68.0	6.0
4	7	8	-0.3598771747672641	0.6405304436489613	1.035294117647059	22112.0	1418.0	1617.0	131.0	53.0	2357.0	137.0	102.0	313.0	1457.0	59.0	105.0	53.0	83.0	3.0
4	8	7	-10.916274301273647	1.0	0.49162011173184356	22112.0	1617.0	1418.0	131.0	53.0	2357.0	313.0	105.0	137.0	1457.0	53.0	102.0	59.0	83.0	3.0
7	4	8	0.37214571481614817	0.35489224002890685	0.9680851063829787	22112.0	1418.0	2357.0	137.0	102.0	1617.0	131.0	53.0	313.0	1457.0	59.0	105.0	83.0	53.0	3.0
4	7	9	-0.9355809318987041	0.8252555175491011	1.0494699646643109	22218.0	1312.0	1646.0	99.0	56.0	2401.0	113.0	82.0	410.0	1341.0	78.0	111.0	51.0	78.0	4.0
4	9	7	-20.78326213003551	1.0	0.48848684210526316	22218.0	1646.0	1312.0	99.0	56.0	2401.0	410.0	111.0	113.0	1341.0	51.0	82.0	78.0	78.0	4.0
7	4	9	0.9796823899680033	0.1636214626528596	0.9569230769230769	22218.0	1312.0	2401.0	113.0	82.0	1646.0	99.0	56.0	410.0	1341.0	78.0	111.0	78.0	51.0	4.0
4	8	9	0.8953236163299171	0.18530702874517158	0.9084507042253521	22431.0	1298.0	1433.0	121.0	48.0	2574.0	108.0	93.0	237.0	1354.0	56.0	111.0	43.0	87.0	6.0
4	9	8	-7.989041499559268	0.9999999999999993	0.526530612244898	22431.0	1433.0	1298.0	121.0	48.0	2574.0	237.0	111.0	108.0	1354.0	43.0	93.0	56.0	87.0	6.0
8	4	9	-0.8050972053819411	0.789618264672615	1.1262135922330097	22431.0	1298.0	2574.0	108.0	93.0	1433.0	121.0	48.0	237.0	1354.0	56.0	111.0	87.0	43.0	6.0
5	6	7	-0.7467614869425554	0.7723962946874385	1.0511811023622046	21647.0	1570.0	1956.0	137.0	89.0	1977.0	150.0	81.0	417.0	1622.0	75.0	129.0	71.0	74.0	5.0
5	7	6	-16.084093564916575	1.0	0.48811700182815354	21647.0	1956.0	1570.0	137.0	89.0	1977.0	417.0	129.0	150.0	1622.0	71.0	81.0	75.0	74.0	5.0
6	5	7	0.7831206604641029	0.21677806651442033	0.9556313993174061	21647.0	1570.0	1977.0	150.0	81.0	1956.0	137.0	89.0	417.0	1622.0	75.0	129.0	74.0	71.0	5.0
5	6	8	-0.7766652057079833	0.7813219044229445	1.0305882352941176	21820.0	1397.0	1979.0	129.0	74.0	1980.0	142.0	86.0	580.0	1451.0	83.0	145.0	67.0	61.0	6.0
5	8	6	-26.944308290330806	1.0	0.49268841394825647	21820.0	1979.0	1397.0	129.0	74.0	1980.0	580.0	145.0	142.0	1451.0	67.0	86.0	83.0	61.0	6.0
6	5	8	0.7997169127267134	0.21193735580573103	0.9719827586206896	21820.0	1397.0	1980.0	142.0	86.0	1979.0	129.0	74.0	580.0	1451.0	83.0	145.0	61.0	67.0	6.0
5	6	9	-0.26388852923459843	0.604067032166774	1.0070422535211268	21921.0	1296.0	2019.0	112.0	51.0	2015.0	116.0	77.0	688.0	1342.0	84.0	143.0	68.0	61.0	7.0
5	9	6	-37.999948209782154	1.0	0.49825783972125437	21921.0	2019.0	1296.0	112.0	51.0	2015.0	688.0	143.0	116.0	1342.0	68.0	77.0	84.0	61.0	7.0
6	5	9	0.2657339035649103	0.3952221363440567	0.993103448275862	21921.0	1296.0	2015.0	116.0	77.0	2019.0	112.0	51.0	688.0	1342.0	84.0	143.0	61.0	68.0	7.0
5	7	8	-0.6031687206637308	0.726801822174165	1.0606060606060606	22181.0	1422.0	1618.0	124.0	54.0	2288.0	134.0	101.0	309.0	1475.0	59.0	108.0	51.0	72.0	4.0
5	8	7	-11.158621332279004	1.0	0.4861111111111111	22181.0	1618.0	1422.0	124.0	54.0	2288.0	309.0	108.0	134.0	1475.0	51.0	101.0	59.0	72.0	4.0
7	5	8	0.6376355047016585	0.26185542956462926	0.9487179487179487	22181.0	1422.0	2288.0	134.0	101.0	1618.0	124.0	54.0	309.0	1475.0	59.0	108.0	72.0	51.0	4.0
5	7	9	-1.5071584393033939	0.9341149471665453	1.085820895522388	22293.0	1310.0	1647.0	94.0	55.0	2326.0	117.0	80.0	408.0	1357.0	78.0	112.0	52.0	67.0	4.0
5	9	7	-20.575989127881115	1.0	0.48099173553719005	22293.0	1647.0	1310.0	94.0	55.0	2326.0	408.0	112.0	117.0	1357.0	52.0	80.0	78.0	67.0	4.0
7	5	9	1.6262809276332155	0.05194494520721793	0.9317507418397626	22293.0	1310.0	2326.0	117.0	80.0	1647.0	94.0	55.0	408.0	1357.0	78.0	112.0	67.0	52.0	4.0
5	8	9	0.33661853674065423	0.36820230775598417	0.9612403100775194	22501.0	1298.0	1439.0	117.0	44.0	2504.0	112.0	89.0	236.0	1367.0	57.0	106.0	47.0	78.0	5.0
5	9	8	-8.011521174427578	0.9999999999999994	0.5102880658436215	22501.0	1439.0	1298.0	117.0	44.0	2504.0	236.0	106.0	112.0	1367.0	47.0	89.0	57.0	78.0	5.0
8	5	9	-0.32304520864627306	0.6266694290723307	1.043859649122807	22501.0	1298.0	2504.0	112.0	89.0	1439.0	117.0	44.0	236.0	1367.0	57.0	106.0	78.0	47.0	5.0
6	7	8	0.30994701605455577	0.3783006931136823	0.9732620320855615	22179.0	1445.0	1621.0	136.0	44.0	2290.0	131.0	81.0	313.0	1455.0	65.0	101.0	55.0	80.0	4.0
6	8	7	-10.972124368331285	1.0	0.5069637883008357	22179.0	1621.0	1445.0	136.0	44.0	2290.0	313.0	101.0	131.0	1455.0	55.0	81.0	65.0	80.0	4.0
7	6	8	-0.30143198814096905	0.6184573791367207	1.0290697674418605	22179.0	1445.0	2290.0	131.0	81.0	1621.0	136.0	44.0	313.0	1455.0	65.0	101.0	80.0	55.0	4.0
6	7	9	-0.8413209650805276	0.7999159748377135	1.0462633451957295	22297.0	1327.0	1639.0	107.0	55.0	2322.0	120.0	60.0	414.0	1341.0	78.0	114.0	54.0	70.0	2.0
6	9	7	-19.868118175363232	1.0	0.4891846921797005	22297.0	1639.0	1327.0	107.0	55.0	2322.0	414.0	114.0	120.0	1341.0	54.0	60.0	78.0	70.0	2.0
7	6	9	0.8785222322439522	0.18983015203461817	0.959375	22297.0	1327.0	2322.0	120.0	60.0	1639.0	107.0	55.0	414.0	1341.0	78.0	114.0	70.0	54.0	2.0
6	8	9	0.8138524051292605	0.20786469790507045	0.9104477611940298	22482.0	1318.0	1454.0	124.0	47.0	2523.0	112.0	69.0	234.0	1355.0	52.0	93.0	48.0	83.0	6.0
6	9	8	-7.460313713684894	0.9999999999999565	0.5258620689655172	22482.0	1454.0	1318.0	124.0	47.0	2523.0	234.0	93.0	112.0	1355.0	48.0	69.0	52.0	83.0	6.0
8	6	9	-0.7338013488870382	0.7684651598719555	1.1224489795918366	22482.0	1318.0	2523.0	112.0	69.0	1454.0	124.0	47.0	234.0	1355.0	52.0	93.0	83.0	48.0	6.0
7	8	9	1.5763952151750071	0.057467382040906734	0.8670886075949367	23119.0	1350.0	1500.0	109.0	48.0	1886.0	88.0	61.0	225.0	1387.0	59.0	56.0	43.0	66.0	3.0
7	9	8	-8.707706902871474	1.0	0.541501976284585	23119.0	1500.0	1350.0	109.0	48.0	1886.0	225.0	56.0	88.0	1387.0	43.0	61.0	59.0	66.0	3.0
8	7	9	-1.334757992410955	0.9090221519695392	1.2210526315789474	23119.0	1350.0	1886.0	88.0	61.0	1500.0	109.0	48.0	225.0	1387.0	59.0	56.0	66.0	43.0	3.0
