P1	Hybrid	P2	Zscore	Pvalue	Gamma	AAAA	AAAB	AABA	AABB	AABC	ABAA	ABAB	ABAC	ABBA	BAAA	ABBC	CABC	BACA	BCAA	ABCD
1	2	3	0.2554888375217294	0.3991728392990104	0.9787234042553191	20615.0	1518.0	1846.0	198.0	82.0	2927.0	193.0	128.0	423.0	1626.0	93.0	150.0	87.0	106.0	8.0
1	3	2	-11.496997688477833	1.0	0.5054945054945055	20615.0	1846.0	1518.0	198.0	82.0	2927.0	423.0	150.0	193.0	1626.0	87.0	128.0	93.0	106.0	8.0
2	1	3	-0.24993473235821353	0.5986810335908408	1.0227272727272727	20615.0	1518.0	2927.0	193.0	128.0	1846.0	198.0	82.0	423.0	1626.0	93.0	150.0	106.0	87.0	8.0
1	2	4	-0.6797728913097515	0.7516759301895484	1.009861932938856	21260.0	873.0	1989.0	102.0	35.0	3084.0	112.0	52.0	1136.0	933.0	73.0	237.0	45.0	58.0	11.0
1	4	2	-70.2885169614282	1.0	0.49757045675413025	21260.0	1989.0	873.0	102.0	35.0	3084.0	1136.0	237.0	112.0	933.0	45.0	52.0	73.0	58.0	11.0
2	1	4	0.6864112984514483	0.2462268229446496	0.9904214559386973	21260.0	873.0	3084.0	112.0	52.0	1989.0	102.0	35.0	1136.0	933.0	73.0	237.0	58.0	45.0	11.0
1	2	5	-0.6893080600980914	0.754685354762214	1.0073469387755103	21432.0	701.0	1996.0	80.0	50.0	3112.0	89.0	47.0	1323.0	769.0	50.0	258.0	41.0	49.0	3.0
1	5	2	-95.2011020779919	1.0	0.4981832862333468	21432.0	1996.0	701.0	80.0	50.0	3112.0	1323.0	258.0	89.0	769.0	41.0	47.0	50.0	49.0	3.0
2	1	5	0.6943354284456462	0.2437358703396869	0.9928115015974441	21432.0	701.0	3112.0	89.0	47.0	1996.0	80.0	50.0	1323.0	769.0	50.0	258.0	49.0	41.0	3.0
1	2	6	-0.39309486878988303	0.6528752410529143	1.0040192926045015	21452.0	681.0	2001.0	78.0	47.0	3109.0	83.0	56.0	1332.0	761.0	49.0	263.0	38.0	47.0	3.0
1	6	2	-98.58819309250275	1.0	0.499001198561726	21452.0	2001.0	681.0	78.0	47.0	3109.0	1332.0	263.0	83.0	761.0	38.0	56.0	49.0	47.0	3.0
2	1	6	0.3946685071757513	0.34654382520096094	0.9960285941223193	21452.0	681.0	3109.0	83.0	56.0	2001.0	78.0	47.0	1332.0	761.0	49.0	263.0	47.0	38.0	3.0
1	2	7	-0.7677958918415208	0.7786958380312472	1.0081499592502037	21449.0	684.0	1997.0	79.0	50.0	3108.0	89.0	51.0	1326.0	759.0	57.0	260.0	37.0	50.0	4.0
1	7	2	-95.74414771263757	1.0	0.49798711755233493	21449.0	1997.0	684.0	79.0	50.0	3108.0	1326.0	260.0	89.0	759.0	37.0	51.0	57.0	50.0	4.0
2	1	7	0.7740028109348234	0.21946449959790315	0.9920445505171042	21449.0	684.0	3108.0	89.0	51.0	1997.0	79.0	50.0	1326.0	759.0	57.0	260.0	50.0	37.0	4.0
1	2	8	-1.3836034826978425	0.9167599916375861	1.0155993431855501	21417.0	716.0	2005.0	83.0	38.0	3086.0	102.0	60.0	1339.0	750.0	53.0	256.0	38.0	48.0	9.0
1	8	2	-91.4634723299205	1.0	0.4961893301243482	21417.0	2005.0	716.0	83.0	38.0	3086.0	1339.0	256.0	102.0	750.0	38.0	60.0	53.0	48.0	9.0
2	1	8	1.404855274267171	0.08003221289456941	0.9850980392156863	21417.0	716.0	3086.0	102.0	60.0	2005.0	83.0	38.0	1339.0	750.0	53.0	256.0	48.0	38.0	9.0
1	2	9	-2.7087423829409585	0.9966230115030326	1.0172413793103448	21760.0	373.0	2070.0	38.0	18.0	3153.0	66.0	29.0	1718.0	393.0	31.0	295.0	23.0	31.0	2.0
1	9	2	-162.52454297645775	1.0	0.49579831932773105	21760.0	2070.0	373.0	38.0	18.0	3153.0	1718.0	295.0	66.0	393.0	23.0	29.0	31.0	31.0	2.0
2	1	9	2.754653270787415	0.002937774153420669	0.9836065573770492	21760.0	373.0	3153.0	66.0	29.0	2070.0	38.0	18.0	1718.0	393.0	31.0	295.0	31.0	23.0	2.0
1	3	4	-0.1419177490126715	0.5564275371002778	1.0024906600249066	21583.0	878.0	1666.0	98.0	34.0	3331.0	100.0	69.0	905.0	949.0	52.0	221.0	41.0	70.0	3.0
1	4	3	-57.26381172661296	1.0	0.4993796526054591	21583.0	1666.0	878.0	98.0	34.0	3331.0	905.0	221.0	100.0	949.0	41.0	69.0	52.0	70.0	3.0
3	1	4	0.14227033969344832	0.4434332127822751	0.9975278121137207	21583.0	878.0	3331.0	100.0	69.0	1666.0	98.0	34.0	905.0	949.0	52.0	221.0	70.0	41.0	3.0
1	3	5	0.6192341989943004	0.26788098833806595	0.9921414538310412	21749.0	712.0	1679.0	88.0	31.0	3370.0	80.0	50.0	1090.0	776.0	40.0	233.0	43.0	58.0	1.0
1	5	3	-77.5590834240361	1.0	0.5019880715705765	21749.0	1679.0	712.0	88.0	31.0	3370.0	1090.0	233.0	80.0	776.0	43.0	50.0	40.0	58.0	1.0
3	1	5	-0.6143293736557318	0.7305012048926074	1.0080482897384306	21749.0	712.0	3370.0	80.0	50.0	1679.0	88.0	31.0	1090.0	776.0	40.0	233.0	58.0	43.0	1.0
1	3	6	0.9714247558107787	0.16566840158199314	0.9884281581485053	21776.0	685.0	1677.0	83.0	38.0	3371.0	71.0	58.0	1096.0	768.0	42.0	237.0	43.0	55.0	0.0
1	6	3	-82.00443980302666	1.0	0.5029440628066731	21776.0	1677.0	685.0	83.0	38.0	3371.0	1096.0	237.0	71.0	768.0	43.0	58.0	42.0	55.0	0.0
3	1	6	-0.9600519781817743	0.8314854780481226	1.011988011988012	21776.0	685.0	3371.0	71.0	58.0	1677.0	83.0	38.0	1096.0	768.0	42.0	237.0	55.0	43.0	0.0
1	3	7	0.5498393349783796	0.29121476136975866	0.9931439764936337	21767.0	694.0	1679.0	85.0	34.0	3366.0	78.0	56.0	1092.0	768.0	46.0	236.0	39.0	60.0	0.0
1	7	3	-79.09831576046123	1.0	0.5017318159327065	21767.0	1679.0	694.0	85.0	34.0	3366.0	1092.0	236.0	78.0	768.0	39.0	56.0	46.0	60.0	0.0
3	1	7	-0.5460435999242881	0.7074820414740454	1.007	21767.0	694.0	3366.0	78.0	56.0	1679.0	85.0	34.0	1092.0	768.0	46.0	236.0	60.0	39.0	0.0
1	3	8	-0.8079276638894449	0.7904339457011648	1.0110775427995973	21733.0	728.0	1689.0	86.0	23.0	3341.0	97.0	62.0	1101.0	757.0	48.0	239.0	36.0	55.0	5.0
1	8	3	-74.54968898616244	1.0	0.4972758791480931	21733.0	1689.0	728.0	86.0	23.0	3341.0	1101.0	239.0	97.0	757.0	36.0	62.0	48.0	55.0	5.0
3	1	8	0.8167794610037714	0.2070271798607476	0.9892787524366472	21733.0	728.0	3341.0	97.0	62.0	1689.0	86.0	23.0	1101.0	757.0	48.0	239.0	55.0	36.0	5.0
1	3	9	-0.6874638002492236	0.7541048155220772	1.004957507082153	22100.0	361.0	1730.0	48.0	20.0	3412.0	55.0	33.0	1474.0	408.0	24.0	280.0	19.0	35.0	1.0
1	9	3	-140.04619702219904	1.0	0.49876977152899826	22100.0	1730.0	361.0	48.0	20.0	3412.0	1474.0	280.0	55.0	408.0	19.0	33.0	24.0	35.0	1.0
3	1	9	0.6908550945422078	0.24482823590889558	0.9951151430565248	22100.0	361.0	3412.0	55.0	33.0	1730.0	48.0	20.0	1474.0	408.0	24.0	280.0	35.0	19.0	1.0
1	4	5	0.8416522560175863	0.19999126590647676	0.9468599033816425	22528.0	721.0	900.0	95.0	15.0	4310.0	84.0	63.0	280.0	795.0	15.0	103.0	20.0	69.0	2.0
1	5	4	-14.15506066938668	1.0	0.5144356955380578	22528.0	900.0	721.0	95.0	15.0	4310.0	280.0	103.0	84.0	795.0	20.0	63.0	15.0	69.0	2.0
4	1	5	-0.794416670220681	0.7865236098824846	1.0632183908045978	22528.0	721.0	4310.0	84.0	63.0	900.0	95.0	15.0	280.0	795.0	15.0	103.0	69.0	20.0	2.0
1	4	6	0.7921165059549864	0.21414631163378672	0.9537037037037037	22549.0	700.0	904.0	88.0	18.0	4315.0	78.0	64.0	284.0	786.0	20.0	105.0	18.0	69.0	2.0
1	6	4	-15.525483516717726	1.0	0.5124378109452736	22549.0	904.0	700.0	88.0	18.0	4315.0	284.0	105.0	78.0	786.0	18.0	64.0	20.0	69.0	2.0
4	1	6	-0.753664248384356	0.7744746402087752	1.053763440860215	22549.0	700.0	4315.0	78.0	64.0	904.0	88.0	18.0	284.0	786.0	20.0	105.0	69.0	18.0	2.0
1	4	7	0.7972943717014122	0.2126399835898255	0.95260663507109	22543.0	706.0	903.0	87.0	20.0	4312.0	77.0	68.0	278.0	790.0	22.0	104.0	18.0	70.0	2.0
1	7	4	-15.228322499496965	1.0	0.5127551020408163	22543.0	903.0	706.0	87.0	20.0	4312.0	278.0	104.0	77.0	790.0	18.0	68.0	22.0	70.0	2.0
4	1	7	-0.7576279850496006	0.775663206138798	1.0552486187845305	22543.0	706.0	4312.0	77.0	68.0	903.0	87.0	20.0	278.0	790.0	22.0	104.0	70.0	18.0	2.0
1	4	8	-1.1555018004303668	0.8760574443846134	1.0944444444444446	22514.0	735.0	908.0	89.0	13.0	4274.0	106.0	77.0	303.0	764.0	23.0	104.0	20.0	67.0	3.0
1	8	4	-14.545728546594027	1.0	0.4793187347931873	22514.0	908.0	735.0	89.0	13.0	4274.0	303.0	104.0	106.0	764.0	20.0	77.0	23.0	67.0	3.0
4	1	8	1.2552151537669975	0.10470040161774441	0.9264069264069265	22514.0	735.0	4274.0	106.0	77.0	908.0	89.0	13.0	303.0	764.0	23.0	104.0	67.0	20.0	3.0
1	4	9	-0.9148092149908512	0.8198541254526367	1.0149501661129567	22867.0	382.0	963.0	43.0	4.0	4363.0	52.0	42.0	663.0	420.0	7.0	140.0	10.0	43.0	1.0
1	9	4	-63.02019036603641	1.0	0.4963444354183591	22867.0	963.0	382.0	43.0	4.0	4363.0	663.0	140.0	52.0	420.0	10.0	42.0	7.0	43.0	1.0
4	1	9	0.9282843098106838	0.1766300369947873	0.985691573926868	22867.0	382.0	4363.0	52.0	42.0	963.0	43.0	4.0	663.0	420.0	7.0	140.0	43.0	10.0	1.0
1	5	6	0.9363667393520205	0.17454218316469472	0.01909307875894988	23078.0	350.0	375.0	444.0	12.0	4628.0	33.0	32.0	41.0	845.0	13.0	35.0	4.0	110.0	0.0
1	6	5	-99999.9	1.0	-0.020253164556962026	23078.0	375.0	350.0	444.0	12.0	4628.0	41.0	35.0	33.0	845.0	4.0	32.0	13.0	110.0	0.0
5	1	6	-47.16947449485805	1.0	0.4950859950859951	23078.0	350.0	4628.0	33.0	32.0	375.0	444.0	12.0	41.0	845.0	13.0	35.0	110.0	4.0	0.0
1	5	7	0.5724834808606657	0.2834971998293987	0.012224938875305624	23070.0	358.0	376.0	440.0	15.0	4619.0	36.0	38.0	41.0	846.0	12.0	34.0	3.0	112.0	0.0
1	7	5	-99999.9	1.0	-0.012690355329949237	23070.0	376.0	358.0	440.0	15.0	4619.0	41.0	34.0	36.0	846.0	3.0	38.0	12.0	112.0	0.0
5	1	7	-45.6841817726812	1.0	0.49688667496886674	23070.0	358.0	4619.0	36.0	38.0	376.0	440.0	15.0	41.0	846.0	12.0	34.0	112.0	3.0	0.0
1	5	8	-0.23022422760354214	0.5910411867705597	-0.5714285714285715	22703.0	725.0	719.0	89.0	23.0	4508.0	100.0	85.0	104.0	780.0	15.0	69.0	10.0	68.0	2.0
1	8	5	-0.31394212855028475	0.6232174346712277	0.2105263157894737	22703.0	719.0	725.0	89.0	23.0	4508.0	104.0	69.0	100.0	780.0	10.0	85.0	15.0	68.0	2.0
5	1	8	0.8633408535132827	0.1939750020732538	0.576923076923077	22703.0	725.0	4508.0	100.0	85.0	719.0	89.0	23.0	104.0	780.0	15.0	69.0	68.0	10.0	2.0
1	5	9	-1.2673805765630022	0.8974903104484687	1.0325	23047.0	381.0	783.0	44.0	4.0	4596.0	57.0	40.0	470.0	422.0	7.0	100.0	3.0	45.0	1.0
1	9	5	-41.53108658583378	1.0	0.4922526817640047	23047.0	783.0	381.0	44.0	4.0	4596.0	470.0	100.0	57.0	422.0	3.0	40.0	7.0	45.0	1.0
5	1	9	1.3072739119027574	0.09555991790349072	0.9703872437357631	23047.0	381.0	4596.0	57.0	40.0	783.0	44.0	4.0	470.0	422.0	7.0	100.0	45.0	3.0	1.0
1	6	7	-99999.9	1.0	-0.0035971223021582736	23234.0	219.0	212.0	583.0	11.0	4652.0	25.0	27.0	23.0	851.0	8.0	19.0	9.0	127.0	0.0
1	7	6	0.2888464231397914	0.3863495192912465	0.0035587188612099642	23234.0	212.0	219.0	583.0	11.0	4652.0	23.0	19.0	25.0	851.0	9.0	27.0	8.0	127.0	0.0
6	1	7	-80.58815205600189	1.0	0.5008944543828265	23234.0	219.0	4652.0	25.0	27.0	212.0	583.0	11.0	23.0	851.0	8.0	19.0	127.0	9.0	0.0
1	6	8	-0.7570846074045257	0.7755004795601369	0.36	22721.0	732.0	701.0	87.0	18.0	4516.0	103.0	85.0	94.0	773.0	15.0	71.0	14.0	68.0	2.0
1	8	6	-0.33122451573947964	0.6297624801705484	4.499999999999999	22721.0	701.0	732.0	87.0	18.0	4516.0	94.0	71.0	103.0	773.0	14.0	85.0	15.0	68.0	2.0
6	1	8	0.5888435835368524	0.2779830591632586	0.30434782608695654	22721.0	732.0	4516.0	103.0	85.0	701.0	87.0	18.0	94.0	773.0	15.0	71.0	68.0	14.0	2.0
1	6	9	-1.484861570708409	0.9312097171490664	1.0391644908616189	23073.0	380.0	757.0	41.0	8.0	4605.0	56.0	43.0	454.0	421.0	7.0	107.0	5.0	43.0	0.0
1	9	6	-40.88318858017153	1.0	0.4907521578298397	23073.0	757.0	380.0	41.0	8.0	4605.0	454.0	107.0	56.0	421.0	5.0	43.0	7.0	43.0	0.0
6	1	9	1.5408236902074697	0.061679868711111974	0.9649532710280374	23073.0	380.0	4605.0	56.0	43.0	757.0	41.0	8.0	454.0	421.0	7.0	107.0	43.0	5.0	0.0
1	7	8	-0.3126642882510308	0.6227320660711009	0.17391304347826086	22709.0	737.0	713.0	82.0	18.0	4507.0	101.0	86.0	97.0	776.0	12.0	77.0	13.0	70.0	2.0
1	8	7	-0.2468402275666033	0.5974840081907014	-0.3636363636363636	22709.0	713.0	737.0	82.0	18.0	4507.0	97.0	77.0	101.0	776.0	13.0	86.0	12.0	70.0	2.0
7	1	8	1.1724910809413653	0.12050003630442607	0.4411764705882353	22709.0	737.0	4507.0	101.0	86.0	713.0	82.0	18.0	97.0	776.0	12.0	77.0	70.0	13.0	2.0
1	7	9	-1.5729218607533708	0.9421315358338147	1.0415584415584416	23065.0	381.0	765.0	41.0	7.0	4596.0	57.0	41.0	458.0	420.0	7.0	112.0	5.0	45.0	0.0
1	9	7	-40.99427599588472	1.0	0.4902200488997555	23065.0	765.0	381.0	41.0	7.0	4596.0	458.0	112.0	57.0	420.0	5.0	41.0	7.0	45.0	0.0
7	1	9	1.6356818352472706	0.05095308537522858	0.9630484988452656	23065.0	381.0	4596.0	57.0	41.0	765.0	41.0	7.0	458.0	420.0	7.0	112.0	45.0	5.0	0.0
1	8	9	-1.1548190693437694	0.8759176792019326	1.030379746835443	23050.0	372.0	780.0	46.0	11.0	4583.0	58.0	40.0	465.0	417.0	8.0	118.0	7.0	44.0	1.0
1	9	8	-40.322432504586615	1.0	0.49273607748184023	23050.0	780.0	372.0	46.0	11.0	4583.0	465.0	118.0	58.0	417.0	7.0	40.0	8.0	44.0	1.0
8	1	9	1.1888677888330206	0.11724591200933165	0.9721577726218097	23050.0	372.0	4583.0	58.0	40.0	780.0	46.0	11.0	465.0	417.0	8.0	118.0	44.0	7.0	1.0
2	3	4	0.7576169701609405	0.22434009185073045	0.9879518072289156	22632.0	910.0	1712.0	93.0	34.0	2282.0	83.0	54.0	903.0	973.0	54.0	177.0	37.0	51.0	5.0
2	4	3	-61.36697458303619	1.0	0.5030674846625767	22632.0	1712.0	910.0	93.0	34.0	2282.0	903.0	177.0	83.0	973.0	37.0	54.0	54.0	51.0	5.0
3	2	4	-0.7483777388175146	0.7728838950102407	1.0125	22632.0	910.0	2282.0	83.0	54.0	1712.0	93.0	34.0	903.0	973.0	54.0	177.0	51.0	37.0	5.0
2	3	5	1.1645998364409824	0.12209056449278266	0.9865255052935515	22816.0	726.0	1728.0	80.0	31.0	2303.0	66.0	50.0	1091.0	796.0	43.0	183.0	36.0	46.0	5.0
2	5	3	-84.10074533155937	1.0	0.5034381139489195	22816.0	1728.0	726.0	80.0	31.0	2303.0	1091.0	183.0	66.0	796.0	36.0	50.0	43.0	46.0	5.0
3	2	5	-1.1486931069676423	0.8746586690630611	1.0140421263791375	22816.0	726.0	2303.0	66.0	50.0	1728.0	80.0	31.0	1091.0	796.0	43.0	183.0	46.0	36.0	5.0
2	3	6	0.9368519099101937	0.1744173545247385	0.9894128970163619	22833.0	709.0	1728.0	75.0	36.0	2314.0	64.0	41.0	1092.0	788.0	50.0	190.0	34.0	43.0	3.0
2	6	3	-86.61621748896962	1.0	0.5026894865525672	22833.0	1728.0	709.0	75.0	36.0	2314.0	1092.0	190.0	64.0	788.0	34.0	41.0	50.0	43.0	3.0
3	2	6	-0.9268272299403376	0.8229918966515418	1.010934393638171	22833.0	709.0	2314.0	64.0	41.0	1728.0	75.0	36.0	1092.0	788.0	50.0	190.0	43.0	34.0	3.0
2	3	7	0.9908844335790672	0.16087101346290777	0.988394584139265	22830.0	712.0	1727.0	80.0	32.0	2303.0	68.0	48.0	1090.0	788.0	52.0	190.0	32.0	45.0	3.0
2	7	3	-83.39943982623826	1.0	0.5029527559055118	22830.0	1727.0	712.0	80.0	32.0	2303.0	1090.0	190.0	68.0	788.0	32.0	48.0	52.0	45.0	3.0
3	2	7	-0.9792497826955557	0.8362717100713188	1.0120240480961924	22830.0	712.0	2303.0	68.0	48.0	1727.0	80.0	32.0	1090.0	788.0	52.0	190.0	45.0	32.0	3.0
2	3	8	0.5011505316391052	0.30813259093732204	0.9942418426103646	22768.0	774.0	1735.0	75.0	29.0	2306.0	69.0	44.0	1105.0	781.0	44.0	189.0	31.0	42.0	8.0
2	8	3	-86.03084126471315	1.0	0.5014520813165537	22768.0	1735.0	774.0	75.0	29.0	2306.0	1105.0	189.0	69.0	781.0	31.0	44.0	44.0	42.0	8.0
3	2	8	-0.4982481154327011	0.6908454140757191	1.005859375	22768.0	774.0	2306.0	69.0	44.0	1735.0	75.0	29.0	1105.0	781.0	44.0	189.0	42.0	31.0	8.0
2	3	9	2.170878017238203	0.014970144313903422	0.9871621621621621	23140.0	402.0	1773.0	48.0	18.0	2372.0	29.0	18.0	1490.0	415.0	25.0	221.0	18.0	28.0	3.0
2	9	3	-164.75821583460453	1.0	0.5032724767481915	23140.0	1773.0	402.0	48.0	18.0	2372.0	1490.0	221.0	29.0	415.0	18.0	18.0	25.0	28.0	3.0
3	2	9	-2.142646201818952	0.9839292979925263	1.0133520730850316	23140.0	402.0	2372.0	29.0	18.0	1773.0	48.0	18.0	1490.0	415.0	25.0	221.0	28.0	18.0	3.0
2	4	5	1.980392133938377	0.023829672322909445	0.8933333333333333	23613.0	731.0	931.0	91.0	15.0	3225.0	67.0	70.0	268.0	810.0	15.0	84.0	21.0	58.0	1.0
2	5	4	-14.60539198779553	1.0	0.5317460317460317	23613.0	931.0	731.0	91.0	15.0	3225.0	268.0	84.0	67.0	810.0	21.0	70.0	15.0	58.0	1.0
4	2	5	-1.7439274015278248	0.9594141655500813	1.1568627450980393	23613.0	731.0	3225.0	67.0	70.0	931.0	91.0	15.0	268.0	810.0	15.0	84.0	58.0	21.0	1.0
2	4	6	1.5956124357337893	0.05528767561596082	0.9155555555555556	23624.0	720.0	937.0	85.0	15.0	3240.0	66.0	56.0	272.0	800.0	21.0	84.0	20.0	58.0	2.0
2	6	4	-15.704185551695712	1.0	0.5241730279898219	23624.0	937.0	720.0	85.0	15.0	3240.0	272.0	84.0	66.0	800.0	20.0	56.0	21.0	58.0	2.0
4	2	6	-1.448444298457372	0.9262535396988054	1.1130952380952381	23624.0	720.0	3240.0	66.0	56.0	937.0	85.0	15.0	272.0	800.0	21.0	84.0	58.0	20.0	2.0
2	4	7	1.7669672125963427	0.03861681405445505	0.9066666666666666	23626.0	718.0	931.0	86.0	20.0	3229.0	65.0	68.0	269.0	803.0	21.0	85.0	20.0	58.0	1.0
2	7	4	-15.397857138339546	1.0	0.5271317829457364	23626.0	931.0	718.0	86.0	20.0	3229.0	269.0	85.0	65.0	803.0	20.0	68.0	21.0	58.0	1.0
4	2	7	-1.5850735289467193	0.9435251812661587	1.1296296296296295	23626.0	718.0	3229.0	65.0	68.0	931.0	86.0	20.0	269.0	803.0	21.0	85.0	58.0	20.0	1.0
2	4	8	0.31502410788198915	0.37637174376633076	0.9815668202764977	23565.0	779.0	938.0	84.0	15.0	3223.0	80.0	59.0	293.0	779.0	21.0	84.0	22.0	57.0	1.0
2	8	4	-16.460009636833924	1.0	0.504739336492891	23565.0	938.0	779.0	84.0	15.0	3223.0	293.0	84.0	80.0	779.0	22.0	59.0	21.0	57.0	1.0
4	2	8	-0.30910816219406445	0.6213803058974563	1.0195121951219512	23565.0	779.0	3223.0	80.0	59.0	938.0	84.0	15.0	293.0	779.0	21.0	84.0	57.0	22.0	1.0
2	4	9	2.349635242397492	0.009395890189456857	0.9681818181818181	23930.0	414.0	983.0	51.0	3.0	3300.0	30.0	32.0	669.0	419.0	5.0	114.0	13.0	36.0	1.0
2	9	4	-69.14640856198332	1.0	0.5083532219570405	23930.0	983.0	414.0	51.0	3.0	3300.0	669.0	114.0	30.0	419.0	13.0	32.0	5.0	36.0	1.0
4	2	9	-2.2724171827881845	0.9884693718406723	1.035175879396985	23930.0	414.0	3300.0	30.0	32.0	983.0	51.0	3.0	669.0	419.0	5.0	114.0	36.0	13.0	1.0
2	5	6	0.39148193337946374	0.34772057284529956	0.007075471698113208	24183.0	361.0	378.0	449.0	10.0	3523.0	28.0	26.0	31.0	853.0	14.0	42.0	5.0	97.0	0.0
2	6	5	-99999.9	1.0	-0.007228915662650603	24183.0	378.0	361.0	449.0	10.0	3523.0	31.0	42.0	28.0	853.0	5.0	26.0	14.0	97.0	0.0
5	2	6	-54.54648271753865	1.0	0.49821215733015495	24183.0	361.0	3523.0	28.0	26.0	378.0	449.0	10.0	31.0	853.0	14.0	42.0	97.0	5.0	0.0
2	5	7	0.12408337556561251	0.4506245908555546	0.0023923444976076554	24180.0	364.0	377.0	449.0	11.0	3509.0	32.0	36.0	33.0	851.0	14.0	41.0	5.0	98.0	0.0
2	7	5	-99999.9	1.0	-0.0024096385542168677	24180.0	377.0	364.0	449.0	11.0	3509.0	33.0	41.0	32.0	851.0	5.0	36.0	14.0	98.0	0.0
5	2	7	-51.6186842352948	1.0	0.49939975990396157	24180.0	364.0	3509.0	32.0	36.0	377.0	449.0	11.0	33.0	851.0	14.0	41.0	98.0	5.0	0.0
2	5	8	0.8754728646475677	0.1906582961900598	0.5217391304347826	23771.0	773.0	732.0	85.0	20.0	3440.0	74.0	63.0	86.0	795.0	17.0	74.0	12.0	57.0	1.0
2	8	5	-0.07958844224068853	0.5317177730918463	0.9230769230769231	23771.0	732.0	773.0	85.0	20.0	3440.0	86.0	74.0	74.0	795.0	12.0	63.0	17.0	57.0	1.0
5	2	8	-0.07295607205396444	0.5290795318839134	-0.1	23771.0	773.0	3440.0	74.0	63.0	732.0	85.0	20.0	86.0	795.0	17.0	74.0	57.0	12.0	1.0
2	5	9	1.931914037749948	0.0266849903800781	0.9623893805309734	24127.0	417.0	786.0	48.0	3.0	3516.0	31.0	30.0	466.0	426.0	6.0	101.0	5.0	37.0	1.0
2	9	5	-47.50235692820463	1.0	0.5099648300117233	24127.0	786.0	417.0	48.0	3.0	3516.0	466.0	101.0	31.0	426.0	5.0	30.0	6.0	37.0	1.0
5	2	9	-1.8564139489183407	0.9683027722322111	1.0423940149625934	24127.0	417.0	3516.0	31.0	30.0	786.0	48.0	3.0	466.0	426.0	6.0	101.0	37.0	5.0	1.0
2	6	7	-99999.9	1.0	-0.0035398230088495575	24332.0	229.0	225.0	585.0	10.0	3554.0	18.0	24.0	16.0	861.0	9.0	13.0	9.0	115.0	0.0
2	7	6	0.34302442697741475	0.36579010834148473	0.0035026269702276708	24332.0	225.0	229.0	585.0	10.0	3554.0	16.0	13.0	18.0	861.0	9.0	24.0	9.0	115.0	0.0
6	2	7	-97.24742504809711	1.0	0.500880281690141	24332.0	229.0	3554.0	18.0	24.0	225.0	585.0	10.0	16.0	861.0	9.0	13.0	115.0	9.0	0.0
2	6	8	0.5496737280572093	0.2912715629282929	0.3529411764705882	23779.0	782.0	724.0	84.0	12.0	3458.0	73.0	65.0	79.0	789.0	18.0	63.0	19.0	55.0	0.0
2	8	6	-99999.9	1.0	6.000000000000001	23779.0	724.0	782.0	84.0	12.0	3458.0	79.0	63.0	73.0	789.0	19.0	65.0	18.0	55.0	0.0
6	2	8	-0.45806144004767607	0.6765458283853023	0.3125	23779.0	782.0	3458.0	73.0	65.0	724.0	84.0	12.0	79.0	789.0	18.0	63.0	55.0	19.0	0.0
2	6	9	1.8778436809420505	0.030201212576382197	0.963718820861678	24142.0	419.0	771.0	45.0	4.0	3536.0	29.0	31.0	454.0	425.0	7.0	93.0	8.0	35.0	1.0
2	9	6	-48.002379094081185	1.0	0.5095923261390887	24142.0	771.0	419.0	45.0	4.0	3536.0	454.0	93.0	29.0	425.0	8.0	31.0	7.0	35.0	1.0
6	2	9	-1.8071483894242317	0.96463048086625	1.0407124681933841	24142.0	419.0	3536.0	29.0	31.0	771.0	45.0	4.0	454.0	425.0	7.0	93.0	35.0	8.0	1.0
2	7	8	0.4989298908089126	0.30891438692949624	0.5384615384615384	23774.0	783.0	729.0	82.0	13.0	3442.0	76.0	65.0	83.0	789.0	16.0	75.0	16.0	57.0	0.0
2	8	7	-0.08315498180148491	0.5331359117110644	0.875	23774.0	729.0	783.0	82.0	13.0	3442.0	83.0	75.0	76.0	789.0	16.0	65.0	16.0	57.0	0.0
7	2	8	-0.07127569868698713	0.5284109012243056	-0.19999999999999998	23774.0	783.0	3442.0	76.0	65.0	729.0	82.0	13.0	83.0	789.0	16.0	75.0	57.0	16.0	0.0
2	7	9	1.7486070594850345	0.04017944103096083	0.9659863945578231	24138.0	419.0	775.0	45.0	4.0	3523.0	30.0	30.0	456.0	425.0	7.0	104.0	7.0	36.0	1.0
2	9	7	-47.91183342989001	1.0	0.5089605734767025	24138.0	775.0	419.0	45.0	4.0	3523.0	456.0	104.0	30.0	425.0	7.0	30.0	7.0	36.0	1.0
7	2	9	-1.6870363883764066	0.9542018483043411	1.0378787878787878	24138.0	419.0	3523.0	30.0	30.0	775.0	45.0	4.0	456.0	425.0	7.0	104.0	36.0	7.0	1.0
2	8	9	1.7856502733195099	0.037077901200359586	0.963302752293578	24098.0	405.0	815.0	49.0	14.0	3535.0	33.0	32.0	453.0	422.0	6.0	95.0	7.0	36.0	0.0
2	9	8	-45.087669401317626	1.0	0.5097087378640777	24098.0	815.0	405.0	49.0	14.0	3535.0	453.0	95.0	33.0	422.0	7.0	32.0	6.0	36.0	0.0
8	2	9	-1.7176255010025758	0.9570675610927191	1.041237113402062	24098.0	405.0	3535.0	33.0	32.0	815.0	49.0	14.0	453.0	422.0	6.0	95.0	36.0	7.0	0.0
3	4	5	0.718744078556816	0.2361492401202855	0.9622641509433962	24156.0	758.0	963.0	68.0	16.0	2682.0	60.0	50.0	264.0	840.0	13.0	56.0	22.0	51.0	1.0
3	5	4	-17.60922992464202	1.0	0.51	24156.0	963.0	758.0	68.0	16.0	2682.0	264.0	56.0	60.0	840.0	22.0	50.0	13.0	51.0	1.0
4	3	5	-0.6905580362604703	0.7550784050884608	1.0425531914893618	24156.0	758.0	2682.0	60.0	50.0	963.0	68.0	16.0	264.0	840.0	13.0	56.0	51.0	22.0	1.0
3	4	6	0.4593221601371159	0.3230014387958249	0.9765258215962441	24180.0	734.0	967.0	63.0	17.0	2684.0	58.0	50.0	266.0	829.0	22.0	60.0	19.0	51.0	0.0
3	6	4	-18.64847970156689	1.0	0.5060827250608273	24180.0	967.0	734.0	63.0	17.0	2684.0	266.0	60.0	58.0	829.0	19.0	50.0	22.0	51.0	0.0
4	3	6	-0.4482807620568968	0.6730246822481418	1.0252525252525253	24180.0	734.0	2684.0	58.0	50.0	967.0	63.0	17.0	266.0	829.0	22.0	60.0	51.0	19.0	0.0
3	4	7	0.4632029649540057	0.3216094640153848	0.976303317535545	24170.0	744.0	963.0	62.0	22.0	2685.0	57.0	50.0	263.0	835.0	19.0	59.0	21.0	50.0	0.0
3	7	4	-18.62075919115104	1.0	0.5061425061425061	24170.0	963.0	744.0	62.0	22.0	2685.0	263.0	59.0	57.0	835.0	21.0	50.0	19.0	50.0	0.0
4	3	7	-0.45196017454250076	0.6743511390632426	1.0255102040816326	24170.0	744.0	2685.0	57.0	50.0	963.0	62.0	22.0	263.0	835.0	19.0	59.0	50.0	21.0	0.0
3	4	8	-0.3499763287152623	0.6368217035442842	1.0186046511627906	24102.0	812.0	972.0	62.0	13.0	2686.0	66.0	40.0	285.0	810.0	22.0	58.0	22.0	48.0	2.0
3	8	4	-19.51118032587586	1.0	0.4954751131221719	24102.0	972.0	812.0	62.0	13.0	2686.0	285.0	58.0	66.0	810.0	22.0	40.0	22.0	48.0	2.0
4	3	8	0.35636859042695657	0.36078233803835913	0.9823788546255506	24102.0	812.0	2686.0	66.0	40.0	972.0	62.0	13.0	285.0	810.0	22.0	58.0	48.0	22.0	2.0
3	4	9	0.0	0.49999999949999996	nan	24502.0	412.0	1010.0	34.0	3.0	2728.0	34.0	30.0	669.0	443.0	5.0	87.0	14.0	29.0	0.0
3	9	4	-76.94850195429593	1.0	0.5	24502.0	1010.0	412.0	34.0	3.0	2728.0	669.0	87.0	34.0	443.0	14.0	30.0	5.0	29.0	0.0
4	3	9	0.0	0.49999999949999996	nan	24502.0	412.0	2728.0	34.0	30.0	1010.0	34.0	3.0	669.0	443.0	5.0	87.0	29.0	14.0	0.0
3	5	6	0.9164079009726656	0.17972647343194859	0.016746411483253586	24754.0	365.0	393.0	437.0	12.0	2952.0	26.0	24.0	33.0	876.0	13.0	25.0	4.0	86.0	0.0
3	6	5	-99999.9	1.0	-0.017632241813602016	24754.0	393.0	365.0	437.0	12.0	2952.0	33.0	25.0	26.0	876.0	4.0	24.0	13.0	86.0	0.0
5	3	6	-52.8898274275653	1.0	0.4957055214723926	24754.0	365.0	2952.0	26.0	24.0	393.0	437.0	12.0	33.0	876.0	13.0	25.0	86.0	4.0	0.0
3	5	7	0.6326839929454915	0.26346995429005493	0.012165450121654502	24740.0	379.0	393.0	435.0	14.0	2949.0	29.0	24.0	34.0	878.0	10.0	24.0	6.0	85.0	0.0
3	7	5	-99999.9	1.0	-0.012626262626262626	24740.0	393.0	379.0	435.0	14.0	2949.0	34.0	24.0	29.0	878.0	6.0	24.0	10.0	85.0	0.0
5	3	7	-50.74125623422838	1.0	0.4969021065675341	24740.0	379.0	2949.0	29.0	24.0	393.0	435.0	14.0	34.0	878.0	10.0	24.0	85.0	6.0	0.0
3	5	8	-0.09025592604445702	0.5359581410449612	1.0476190476190477	24313.0	806.0	761.0	58.0	23.0	2898.0	59.0	45.0	81.0	827.0	14.0	50.0	12.0	52.0	1.0
3	8	5	-2.0758862990225104	0.981047830768238	0.4888888888888889	24313.0	761.0	806.0	58.0	23.0	2898.0	81.0	50.0	59.0	827.0	12.0	45.0	14.0	52.0	1.0
5	3	8	0.09435846813738688	0.4624121426614285	0.9583333333333334	24313.0	806.0	2898.0	59.0	45.0	761.0	58.0	23.0	81.0	827.0	14.0	50.0	52.0	12.0	1.0
3	5	9	-0.3544399864656761	0.638495349706286	1.0070093457943925	24708.0	411.0	804.0	34.0	4.0	2935.0	37.0	30.0	468.0	449.0	5.0	81.0	5.0	28.0	1.0
3	9	5	-51.275651375367744	1.0	0.4982658959537572	24708.0	804.0	411.0	34.0	4.0	2935.0	468.0	81.0	37.0	449.0	5.0	30.0	5.0	28.0	1.0
5	3	9	0.35690708613945105	0.3605807459372733	0.9931350114416476	24708.0	411.0	2935.0	37.0	30.0	804.0	34.0	4.0	468.0	449.0	5.0	81.0	28.0	5.0	1.0
3	6	7	-99999.9	1.0	-0.003577817531305903	24908.0	239.0	225.0	578.0	11.0	2978.0	17.0	15.0	15.0	885.0	6.0	14.0	11.0	98.0	0.0
3	7	6	0.35355031103009693	0.36183802345733873	0.003539823008849558	24908.0	225.0	239.0	578.0	11.0	2978.0	15.0	14.0	17.0	885.0	11.0	15.0	6.0	98.0	0.0
6	3	7	-99.17086224394225	1.0	0.5008896797153024	24908.0	239.0	2978.0	17.0	15.0	225.0	578.0	11.0	15.0	885.0	6.0	14.0	98.0	11.0	0.0
3	6	8	-0.16778768612686445	0.5666248464597831	1.1818181818181819	24335.0	812.0	739.0	59.0	16.0	2902.0	61.0	47.0	74.0	818.0	14.0	53.0	19.0	51.0	0.0
3	8	6	-1.258407645951483	0.8958777472016259	0.4642857142857143	24335.0	739.0	812.0	59.0	16.0	2902.0	74.0	53.0	61.0	818.0	19.0	47.0	14.0	51.0	0.0
6	3	8	0.19360117630022824	0.423244108437716	0.8823529411764706	24335.0	812.0	2902.0	61.0	47.0	739.0	59.0	16.0	74.0	818.0	14.0	53.0	51.0	19.0	0.0
3	6	9	-0.4821331578027471	0.6851443135536583	1.0096153846153846	24737.0	410.0	775.0	32.0	7.0	2941.0	36.0	33.0	456.0	446.0	4.0	87.0	9.0	27.0	0.0
3	9	6	-51.106114727091175	1.0	0.49763033175355453	24737.0	775.0	410.0	32.0	7.0	2941.0	456.0	87.0	36.0	446.0	9.0	33.0	4.0	27.0	0.0
6	3	9	0.48672490216277325	0.3132266534814756	0.9906542056074766	24737.0	410.0	2941.0	36.0	33.0	775.0	32.0	7.0	456.0	446.0	4.0	87.0	27.0	9.0	0.0
3	7	8	-0.4455977521321096	0.6720560549967587	1.6	24317.0	816.0	757.0	55.0	16.0	2899.0	61.0	47.0	77.0	822.0	14.0	53.0	15.0	51.0	0.0
3	8	7	-1.6338584244844008	0.9488557199932663	0.4210526315789474	24317.0	757.0	816.0	55.0	16.0	2899.0	77.0	53.0	61.0	822.0	15.0	47.0	14.0	51.0	0.0
7	3	8	0.6126969091816509	0.2700383309820469	0.7857142857142858	24317.0	816.0	2899.0	61.0	47.0	757.0	55.0	16.0	77.0	822.0	14.0	53.0	51.0	15.0	0.0
3	7	9	-0.6062533708130553	0.7278267915926915	1.0119331742243436	24721.0	412.0	791.0	31.0	6.0	2940.0	36.0	31.0	460.0	448.0	5.0	84.0	7.0	27.0	1.0
3	9	7	-52.01653921576013	1.0	0.4970691676436108	24721.0	791.0	412.0	31.0	6.0	2940.0	460.0	84.0	36.0	448.0	7.0	31.0	5.0	27.0	1.0
7	3	9	0.613402585091511	0.26980503603704886	0.988479262672811	24721.0	412.0	2940.0	36.0	31.0	791.0	31.0	6.0	460.0	448.0	5.0	84.0	27.0	7.0	1.0
3	8	9	-0.3448136191928431	0.6348826869989043	1.0073529411764706	24673.0	401.0	839.0	36.0	12.0	2960.0	39.0	30.0	450.0	443.0	5.0	74.0	9.0	28.0	1.0
3	9	8	-47.58427944861242	1.0	0.49818181818181817	24673.0	839.0	401.0	36.0	12.0	2960.0	450.0	74.0	39.0	443.0	9.0	30.0	5.0	28.0	1.0
8	3	9	0.3473305069241778	0.364171582941331	0.9928057553956835	24673.0	401.0	2960.0	39.0	30.0	839.0	36.0	12.0	450.0	443.0	5.0	74.0	28.0	9.0	1.0
4	5	6	1.3485161709808846	0.08874627450411143	0.02073732718894009	26451.0	387.0	413.0	443.0	12.0	1255.0	18.0	10.0	27.0	920.0	12.0	11.0	5.0	36.0	0.0
4	6	5	-99999.9	1.0	-0.022113022113022112	26451.0	413.0	387.0	443.0	12.0	1255.0	27.0	11.0	18.0	920.0	5.0	10.0	12.0	36.0	0.0
5	4	6	-62.331414125338625	1.0	0.4946492271105826	26451.0	387.0	1255.0	18.0	10.0	413.0	443.0	12.0	27.0	920.0	12.0	11.0	36.0	5.0	0.0
4	5	7	1.072175064138045	0.14182073993926547	0.01639344262295082	26440.0	398.0	415.0	438.0	15.0	1249.0	18.0	16.0	25.0	924.0	10.0	11.0	5.0	36.0	0.0
4	7	5	-99999.9	1.0	-0.017241379310344827	26440.0	415.0	398.0	438.0	15.0	1249.0	25.0	11.0	18.0	924.0	5.0	16.0	10.0	36.0	0.0
5	4	7	-63.25832878414462	1.0	0.49579831932773105	26440.0	398.0	1249.0	18.0	16.0	415.0	438.0	15.0	25.0	924.0	10.0	11.0	36.0	5.0	0.0
4	5	8	0.517226814973718	0.30249890709365346	0.8888888888888888	25980.0	858.0	808.0	35.0	25.0	1231.0	31.0	21.0	63.0	880.0	16.0	21.0	9.0	22.0	0.0
4	8	5	-3.6205877048160304	0.9998529970034764	0.5333333333333333	25980.0	808.0	858.0	35.0	25.0	1231.0	63.0	21.0	31.0	880.0	9.0	21.0	16.0	22.0	0.0
5	4	8	-0.45257346310200336	0.6745720204473772	1.1666666666666667	25980.0	858.0	1231.0	31.0	21.0	808.0	35.0	25.0	63.0	880.0	16.0	21.0	22.0	9.0	0.0
4	5	9	-0.8900077272564371	0.8132691644520589	1.0112359550561798	26381.0	457.0	849.0	13.0	6.0	1262.0	18.0	3.0	468.0	485.0	6.0	36.0	3.0	13.0	0.0
4	9	5	-80.99070318033588	1.0	0.4972375690607735	26381.0	849.0	457.0	13.0	6.0	1262.0	468.0	36.0	18.0	485.0	3.0	3.0	6.0	13.0	0.0
5	4	9	0.8998967020037308	0.18408758344214748	0.9891304347826086	26381.0	457.0	1262.0	18.0	3.0	849.0	13.0	6.0	468.0	485.0	6.0	36.0	13.0	3.0	0.0
4	6	7	-99999.9	1.0	-0.0034542314335060447	26618.0	246.0	237.0	593.0	12.0	1268.0	12.0	13.0	10.0	926.0	7.0	7.0	9.0	42.0	0.0
4	7	6	0.4260322621602935	0.33504220630648174	0.0034188034188034184	26618.0	237.0	246.0	593.0	12.0	1268.0	10.0	7.0	12.0	926.0	9.0	13.0	7.0	42.0	0.0
6	4	7	-123.76237215756487	1.0	0.5008591065292095	26618.0	246.0	1268.0	12.0	13.0	237.0	593.0	12.0	10.0	926.0	7.0	7.0	42.0	9.0	0.0
4	6	8	0.2452770744407223	0.4031210036495263	0.9166666666666666	26001.0	863.0	787.0	37.0	18.0	1236.0	35.0	22.0	57.0	870.0	16.0	22.0	15.0	21.0	0.0
4	8	6	-2.452770744407221	0.9929119624895486	0.5238095238095238	26001.0	787.0	863.0	37.0	18.0	1236.0	57.0	22.0	35.0	870.0	15.0	22.0	16.0	21.0	0.0
6	4	8	-0.22297915858247477	0.5882240957637144	1.1111111111111112	26001.0	863.0	1236.0	35.0	22.0	787.0	37.0	18.0	57.0	870.0	16.0	22.0	21.0	15.0	0.0
4	6	9	-1.3516431138236673	0.9117551816635526	1.0186480186480187	26409.0	455.0	821.0	13.0	8.0	1269.0	21.0	3.0	458.0	479.0	6.0	39.0	6.0	13.0	0.0
4	9	6	-75.18514820644155	1.0	0.4954648526077097	26409.0	821.0	455.0	13.0	8.0	1269.0	458.0	39.0	21.0	479.0	6.0	3.0	6.0	13.0	0.0
6	4	9	1.3763871525206681	0.08435096065725078	0.9823399558498896	26409.0	455.0	1269.0	21.0	3.0	821.0	13.0	8.0	458.0	479.0	6.0	39.0	13.0	6.0	0.0
4	7	8	-0.12136623046113328	0.5482995600880358	1.0416666666666667	25986.0	869.0	802.0	32.0	17.0	1230.0	33.0	22.0	58.0	874.0	15.0	27.0	13.0	22.0	0.0
4	8	7	-3.1555219919894637	0.999198877877732	0.49019607843137253	25986.0	802.0	869.0	32.0	17.0	1230.0	58.0	27.0	33.0	874.0	13.0	22.0	15.0	22.0	0.0
7	4	8	0.1262208796795786	0.4497785041833524	0.9629629629629629	25986.0	869.0	1230.0	33.0	22.0	802.0	32.0	17.0	58.0	874.0	15.0	27.0	22.0	13.0	0.0
4	7	9	-1.4877767264025519	0.9315950741583408	1.0185185185185186	26397.0	458.0	833.0	10.0	8.0	1264.0	18.0	3.0	458.0	483.0	6.0	44.0	5.0	13.0	0.0
4	9	7	-83.31549667854281	1.0	0.49549549549549543	26397.0	833.0	458.0	10.0	8.0	1264.0	458.0	44.0	18.0	483.0	5.0	3.0	6.0	13.0	0.0
7	4	9	1.514827212337144	0.06490810901245536	0.9824561403508771	26397.0	458.0	1264.0	18.0	3.0	833.0	10.0	8.0	458.0	483.0	6.0	44.0	13.0	5.0	0.0
4	8	9	-0.814643463989536	0.7923618447196186	1.0121359223300972	26342.0	446.0	888.0	16.0	14.0	1291.0	21.0	3.0	438.0	477.0	5.0	37.0	8.0	14.0	0.0
4	9	8	-68.75590836071676	1.0	0.4970202622169249	26342.0	888.0	446.0	16.0	14.0	1291.0	438.0	37.0	21.0	477.0	8.0	3.0	5.0	14.0	0.0
8	4	9	0.8244113712316168	0.20485287391603257	0.9882903981264637	26342.0	446.0	1291.0	21.0	3.0	888.0	16.0	14.0	438.0	477.0	5.0	37.0	14.0	8.0	0.0
5	6	7	-99999.9	1.0	-0.006329113924050633	27448.0	258.0	241.0	170.0	4.0	438.0	11.0	2.0	10.0	1376.0	13.0	3.0	11.0	15.0	0.0
5	7	6	0.21831454099231465	0.41359206048131614	0.006211180124223602	27448.0	241.0	258.0	170.0	4.0	438.0	10.0	3.0	11.0	1376.0	11.0	2.0	13.0	15.0	0.0
6	5	7	-34.71201201777801	1.0	0.5015673981191223	27448.0	258.0	438.0	11.0	2.0	241.0	170.0	4.0	10.0	1376.0	13.0	3.0	15.0	11.0	0.0
5	6	8	-0.5193479222347108	0.6982409414184632	1.0068493150684932	26817.0	889.0	394.0	15.0	6.0	420.0	18.0	13.0	459.0	908.0	32.0	13.0	11.0	5.0	0.0
5	8	6	-76.86349249073704	1.0	0.4983050847457627	26817.0	394.0	889.0	15.0	6.0	420.0	459.0	13.0	18.0	908.0	11.0	13.0	32.0	5.0	0.0
6	5	8	0.522880901297532	0.3005285545043679	0.9932885906040269	26817.0	889.0	420.0	18.0	13.0	394.0	15.0	6.0	459.0	908.0	32.0	13.0	5.0	11.0	0.0
5	6	9	-0.49774010992597284	0.6906663835717046	1.0022701475595914	27238.0	468.0	405.0	7.0	3.0	440.0	9.0	2.0	892.0	496.0	11.0	21.0	6.0	2.0	0.0
5	9	6	-220.24999864224245	1.0	0.4994343891402715	27238.0	405.0	468.0	7.0	3.0	440.0	892.0	21.0	9.0	496.0	6.0	2.0	11.0	2.0	0.0
6	5	9	0.49886749409341563	0.30893636676967695	0.9977452085682075	27238.0	468.0	440.0	9.0	2.0	405.0	7.0	3.0	892.0	496.0	11.0	21.0	2.0	6.0	0.0
5	7	8	-0.9530167500720258	0.8297092166133061	1.0114942528735633	26794.0	895.0	417.0	11.0	4.0	422.0	16.0	13.0	456.0	911.0	31.0	14.0	10.0	6.0	0.0
5	8	7	-84.81849075641023	1.0	0.4971751412429378	26794.0	417.0	895.0	11.0	4.0	422.0	456.0	14.0	16.0	911.0	10.0	13.0	31.0	6.0	0.0
7	5	8	0.9638464858682988	0.1675614440613139	0.9888888888888889	26794.0	895.0	422.0	16.0	13.0	417.0	11.0	4.0	456.0	911.0	31.0	14.0	6.0	10.0	0.0
5	7	9	-0.8980885043878681	0.8154308463516525	1.0034207525655645	27219.0	470.0	424.0	4.0	4.0	442.0	7.0	2.0	887.0	500.0	11.0	24.0	4.0	2.0	0.0
5	9	7	-264.3373831248296	1.0	0.499149177538287	27219.0	424.0	470.0	4.0	4.0	442.0	887.0	24.0	7.0	500.0	4.0	2.0	11.0	2.0	0.0
7	5	9	0.9011501697437359	0.1837542117695543	0.9966139954853274	27219.0	470.0	442.0	7.0	2.0	424.0	4.0	4.0	887.0	500.0	11.0	24.0	2.0	4.0	0.0
5	8	9	-0.2077996271837732	0.5823072576198294	1.0023310023310024	26757.0	454.0	886.0	11.0	13.0	876.0	12.0	4.0	442.0	490.0	5.0	35.0	9.0	6.0	0.0
5	9	8	-89.56163931620632	1.0	0.4994192799070848	26757.0	886.0	454.0	11.0	13.0	876.0	442.0	35.0	12.0	490.0	9.0	4.0	5.0	6.0	0.0
8	5	9	0.20828288213071222	0.4175040791801973	0.9976851851851852	26757.0	454.0	876.0	12.0	4.0	886.0	11.0	13.0	442.0	490.0	5.0	35.0	6.0	9.0	0.0
6	7	8	-0.4691502072434352	0.6805188479064914	1.0033222591362125	26976.0	910.0	261.0	8.0	2.0	240.0	10.0	4.0	614.0	911.0	36.0	12.0	7.0	9.0	0.0
6	8	7	-142.15251279475996	1.0	0.4991735537190083	26976.0	261.0	910.0	8.0	2.0	240.0	614.0	12.0	10.0	911.0	7.0	4.0	36.0	9.0	0.0
7	6	8	0.47070368475086377	0.31892619073889605	0.9967105263157895	26976.0	910.0	240.0	10.0	4.0	261.0	8.0	2.0	614.0	911.0	36.0	12.0	9.0	7.0	0.0
6	7	9	0.0	0.49999999949999996	nan	27416.0	470.0	262.0	6.0	3.0	245.0	6.0	3.0	1052.0	496.0	13.0	21.0	3.0	4.0	0.0
6	9	7	-300.70385750328234	1.0	0.5	27416.0	262.0	470.0	6.0	3.0	245.0	1052.0	21.0	6.0	496.0	3.0	3.0	13.0	4.0	0.0
7	6	9	0.0	0.49999999949999996	nan	27416.0	470.0	245.0	6.0	3.0	262.0	6.0	3.0	1052.0	496.0	13.0	21.0	4.0	3.0	0.0
6	8	9	0.39225659598482077	0.3474343675639343	0.9953271028037384	26784.0	453.0	894.0	14.0	12.0	849.0	12.0	5.0	438.0	484.0	6.0	31.0	9.0	9.0	0.0
6	9	8	-83.15839834878209	1.0	0.5011764705882353	26784.0	894.0	453.0	14.0	12.0	849.0	438.0	31.0	12.0	484.0	9.0	5.0	6.0	9.0	0.0
8	6	9	-0.3904150157219813	0.6518851038325859	1.004739336492891	26784.0	453.0	849.0	12.0	5.0	894.0	14.0	12.0	438.0	484.0	6.0	31.0	9.0	9.0	0.0
7	8	9	0.44693644567768176	0.3274605011746182	0.9953271028037384	26761.0	455.0	900.0	11.0	13.0	872.0	9.0	6.0	435.0	488.0	5.0	28.0	9.0	8.0	0.0
7	9	8	-94.75052648366851	1.0	0.5011764705882353	26761.0	900.0	455.0	11.0	13.0	872.0	435.0	28.0	9.0	488.0	9.0	6.0	5.0	8.0	0.0
8	7	9	-0.44483815250548614	0.671781611649948	1.004739336492891	26761.0	455.0	872.0	9.0	6.0	900.0	11.0	13.0	435.0	488.0	5.0	28.0	8.0	9.0	0.0
