P1	Hybrid	P2	Zscore	Pvalue	Gamma	AAAA	AAAB	AABA	AABB	AABC	ABAA	ABAB	ABAC	ABBA	BAAA	ABBC	CABC	BACA	BCAA	ABCD
1	2	3	-99999.9	1.0	-0.0007524454477050415	40043.0	401.0	383.0	1367.0	21.0	1731.0	37.0	6.0	36.0	5684.0	25.0	6.0	27.0	232.0	1.0
1	3	2	0.11700379031037864	0.4534284797659599	0.0007507507507507509	40043.0	383.0	401.0	1367.0	21.0	1731.0	36.0	6.0	37.0	5684.0	27.0	6.0	25.0	232.0	1.0
2	1	3	-155.61504111280397	1.0	0.5001878992859827	40043.0	401.0	1731.0	37.0	6.0	383.0	1367.0	21.0	36.0	5684.0	25.0	6.0	232.0	27.0	1.0
1	2	4	-99999.9	1.0	-0.08064516129032258	38937.0	1507.0	1539.0	200.0	32.0	1608.0	133.0	33.0	128.0	5490.0	127.0	33.0	115.0	114.0	4.0
1	4	2	0.3195050920306696	0.3746718342113382	0.06493506493506494	38937.0	1539.0	1507.0	200.0	32.0	1608.0	128.0	33.0	133.0	5490.0	115.0	33.0	127.0	114.0	4.0
2	1	4	-4.281368233210979	0.9999907061259308	0.5179856115107914	38937.0	1507.0	1608.0	133.0	33.0	1539.0	200.0	32.0	128.0	5490.0	127.0	33.0	114.0	115.0	4.0
1	2	5	0.43411544135417807	0.33210234001762107	0.10769230769230771	38912.0	1532.0	1541.0	199.0	31.0	1601.0	141.0	32.0	148.0	5473.0	124.0	35.0	112.0	117.0	2.0
1	5	2	-99999.9	1.0	-0.1590909090909091	38912.0	1541.0	1532.0	199.0	31.0	1601.0	148.0	35.0	141.0	5473.0	112.0	32.0	124.0	117.0	2.0
2	1	5	-3.1628410727232983	0.9992187461236364	0.4678899082568807	38912.0	1532.0	1601.0	141.0	32.0	1541.0	199.0	31.0	148.0	5473.0	124.0	35.0	117.0	112.0	2.0
1	2	6	-0.1781590867998169	0.5707009728526946	1.0015495867768596	37194.0	3250.0	1542.0	140.0	89.0	1566.0	143.0	65.0	2082.0	3365.0	298.0	110.0	79.0	70.0	7.0
1	6	2	-115.32831552174773	1.0	0.4996135016748261	37194.0	1542.0	3250.0	140.0	89.0	1566.0	2082.0	110.0	143.0	3365.0	79.0	65.0	298.0	70.0	7.0
2	1	6	0.17843473262776918	0.42919079469676746	0.9984575835475579	37194.0	3250.0	1566.0	143.0	65.0	1542.0	140.0	89.0	2082.0	3365.0	298.0	110.0	70.0	79.0	7.0
1	2	7	0.0	0.49999999949999996	nan	37628.0	2816.0	1588.0	131.0	52.0	1585.0	131.0	58.0	2619.0	2833.0	293.0	128.0	65.0	68.0	5.0
1	7	2	-153.679827914471	1.0	0.5	37628.0	1588.0	2816.0	131.0	52.0	1585.0	2619.0	128.0	131.0	2833.0	65.0	58.0	293.0	68.0	5.0
2	1	7	0.0	0.49999999949999996	nan	37628.0	2816.0	1585.0	131.0	58.0	1588.0	131.0	52.0	2619.0	2833.0	293.0	128.0	68.0	65.0	5.0
1	2	8	-0.20074256998897147	0.579550039048631	1.0010409437890353	37965.0	2479.0	1603.0	110.0	58.0	1614.0	113.0	47.0	2998.0	2469.0	278.0	146.0	60.0	47.0	13.0
1	8	2	-193.24818070938275	1.0	0.4997401697557596	37965.0	1603.0	2479.0	110.0	58.0	1614.0	2998.0	146.0	113.0	2469.0	60.0	47.0	278.0	47.0	13.0
2	1	8	0.200951314429168	0.4203683469741888	0.99896229678312	37965.0	2479.0	1614.0	113.0	47.0	1603.0	110.0	58.0	2998.0	2469.0	278.0	146.0	47.0	60.0	13.0
1	2	9	0.21711848858671884	0.4140580397965252	0.9990215264187867	38196.0	2248.0	1625.0	97.0	49.0	1620.0	94.0	60.0	3157.0	2343.0	245.0	162.0	55.0	46.0	3.0
1	9	2	-221.4608583584529	1.0	0.5002449779519843	38196.0	1625.0	2248.0	97.0	49.0	1620.0	3157.0	162.0	94.0	2343.0	55.0	60.0	245.0	46.0	3.0
2	1	9	-0.21690583580651637	0.5858590984717866	1.000981354268891	38196.0	2248.0	1620.0	94.0	60.0	1625.0	97.0	49.0	3157.0	2343.0	245.0	162.0	46.0	55.0	3.0
1	3	4	-99999.9	1.0	-0.07407407407407407	38915.0	1511.0	1561.0	196.0	32.0	1601.0	138.0	34.0	134.0	5488.0	126.0	34.0	112.0	114.0	4.0
1	4	3	0.24991351597268296	0.40132717025524145	0.06060606060606061	38915.0	1561.0	1511.0	196.0	32.0	1601.0	134.0	34.0	138.0	5488.0	112.0	34.0	126.0	114.0	4.0
3	1	4	-3.6237459816038915	0.9998547811208971	0.5166666666666667	38915.0	1511.0	1601.0	138.0	34.0	1561.0	196.0	32.0	134.0	5488.0	126.0	34.0	114.0	112.0	4.0
1	3	5	0.5566070512418971	0.2888979374260743	0.14516129032258066	38895.0	1531.0	1558.0	199.0	32.0	1594.0	146.0	33.0	155.0	5471.0	122.0	35.0	109.0	117.0	3.0
1	5	3	-99999.9	1.0	-0.2571428571428572	38895.0	1558.0	1531.0	199.0	32.0	1594.0	155.0	35.0	146.0	5471.0	109.0	33.0	122.0	117.0	3.0
3	1	5	-2.721190028293726	0.996747580031007	0.4536082474226804	38895.0	1531.0	1594.0	146.0	33.0	1558.0	199.0	32.0	155.0	5471.0	122.0	35.0	117.0	109.0	3.0
1	3	6	-0.40950046458548084	0.658913741855409	1.0036213140196586	37179.0	3247.0	1557.0	142.0	90.0	1557.0	149.0	67.0	2089.0	3365.0	294.0	112.0	73.0	69.0	10.0
1	6	3	-113.89962922113311	1.0	0.4990995626447131	37179.0	1557.0	3247.0	142.0	90.0	1557.0	2089.0	112.0	149.0	3365.0	73.0	67.0	294.0	69.0	10.0
3	1	6	0.4109780435814078	0.34054436182255576	0.996417604912999	37179.0	3247.0	1557.0	149.0	67.0	1557.0	142.0	90.0	2089.0	3365.0	294.0	112.0	69.0	73.0	10.0
1	3	7	-0.3044808245056168	0.6196191316206923	1.0020145044319098	37615.0	2811.0	1601.0	132.0	56.0	1583.0	137.0	53.0	2624.0	2828.0	296.0	125.0	64.0	68.0	7.0
1	7	3	-151.75324293359924	1.0	0.49949789114279974	37615.0	1601.0	2811.0	132.0	56.0	1583.0	2624.0	125.0	137.0	2828.0	64.0	53.0	296.0	68.0	7.0
3	1	7	0.3050929693075984	0.38014774155331965	0.9979975971165399	37615.0	2811.0	1583.0	137.0	53.0	1601.0	132.0	56.0	2624.0	2828.0	296.0	125.0	68.0	64.0	7.0
1	3	8	-0.606998413774105	0.7280740680254623	1.0031282586027113	37944.0	2482.0	1624.0	105.0	60.0	1611.0	114.0	48.0	3000.0	2471.0	277.0	147.0	57.0	47.0	13.0
1	8	3	-195.25115643067045	1.0	0.49922158796056043	37944.0	1624.0	2482.0	105.0	60.0	1611.0	3000.0	147.0	114.0	2471.0	57.0	48.0	277.0	47.0	13.0
3	1	8	0.6088913402203859	0.2712981812236628	0.996900826446281	37944.0	2482.0	1611.0	114.0	48.0	1624.0	105.0	60.0	3000.0	2471.0	277.0	147.0	47.0	57.0	13.0
1	3	9	0.7044564501631436	0.24057421179380922	0.9967469095640858	38183.0	2243.0	1638.0	106.0	45.0	1618.0	96.0	59.0	3160.0	2344.0	244.0	161.0	52.0	46.0	5.0
1	9	3	-215.14099987982354	1.0	0.500817260542661	38183.0	1638.0	2243.0	106.0	45.0	1618.0	3160.0	161.0	96.0	2344.0	52.0	59.0	244.0	46.0	5.0
3	1	9	-0.7021573103127418	0.7587095365589079	1.0032851511169514	38183.0	2243.0	1618.0	96.0	59.0	1638.0	106.0	45.0	3160.0	2344.0	244.0	161.0	46.0	52.0	5.0
1	4	5	1.5188760059378452	0.06439687904722724	0.014184397163120569	39892.0	584.0	561.0	1160.0	18.0	1707.0	48.0	14.0	64.0	5632.0	42.0	13.0	46.0	217.0	2.0
1	5	4	-99999.9	1.0	-0.014814814814814814	39892.0	561.0	584.0	1160.0	18.0	1707.0	64.0	13.0	48.0	5632.0	46.0	14.0	42.0	217.0	2.0
4	1	5	-104.04300640674225	1.0	0.4963768115942029	39892.0	584.0	1707.0	48.0	14.0	561.0	1160.0	18.0	64.0	5632.0	42.0	13.0	217.0	46.0	2.0
1	4	6	0.05882846849296217	0.4765442971910593	0.999482669425763	37207.0	3269.0	1529.0	145.0	65.0	1562.0	144.0	63.0	2076.0	3369.0	293.0	120.0	74.0	74.0	10.0
1	6	4	-113.59777265990971	1.0	0.500129433083096	37207.0	1529.0	3269.0	145.0	65.0	1562.0	2076.0	120.0	144.0	3369.0	74.0	63.0	293.0	74.0	10.0
4	1	6	-0.058798018975108675	0.5234435761961568	1.0005181347150258	37207.0	3269.0	1562.0	144.0	63.0	1529.0	145.0	65.0	2076.0	3369.0	293.0	120.0	74.0	74.0	10.0
1	4	7	0.39259819768778026	0.34730818770602445	0.997586484312148	37675.0	2801.0	1541.0	120.0	78.0	1594.0	114.0	61.0	2594.0	2849.0	295.0	144.0	66.0	62.0	6.0
1	7	4	-161.8813235132616	1.0	0.500605571255551	37675.0	1541.0	2801.0	120.0	78.0	1594.0	2594.0	144.0	114.0	2849.0	66.0	61.0	295.0	62.0	6.0
4	1	7	-0.39164836333853564	0.6523409233577067	1.0024311183144246	37675.0	2801.0	1594.0	114.0	61.0	1541.0	120.0	78.0	2594.0	2849.0	295.0	144.0	62.0	66.0	6.0
1	4	8	-0.06664019365606343	0.5265659961270582	1.0003469812630117	38001.0	2475.0	1567.0	112.0	60.0	1605.0	113.0	51.0	2996.0	2465.0	277.0	157.0	64.0	46.0	11.0
1	8	4	-192.19031850408658	1.0	0.4999132998092596	38001.0	1567.0	2475.0	112.0	60.0	1605.0	2996.0	157.0	113.0	2465.0	64.0	51.0	277.0	46.0	11.0
4	1	8	0.06666330853419594	0.47342480283258415	0.9996533795493934	38001.0	2475.0	1605.0	113.0	51.0	1567.0	112.0	60.0	2996.0	2465.0	277.0	157.0	46.0	64.0	11.0
1	4	9	-0.649998035039746	0.7421533168669636	1.002951787471302	38230.0	2246.0	1591.0	91.0	57.0	1611.0	100.0	58.0	3158.0	2339.0	241.0	170.0	53.0	44.0	11.0
1	9	4	-221.5048859407678	1.0	0.49926530612244896	38230.0	1591.0	2246.0	91.0	57.0	1611.0	3158.0	170.0	100.0	2339.0	53.0	58.0	241.0	44.0	11.0
4	1	9	0.6519110442991828	0.2572292171823234	0.997074122236671	38230.0	2246.0	1611.0	100.0	58.0	1591.0	91.0	57.0	3158.0	2339.0	241.0	170.0	44.0	53.0	11.0
1	5	6	-0.3986857540107419	0.654937567149894	1.0036515388628064	37194.0	3259.0	1542.0	150.0	70.0	1567.0	157.0	60.0	2081.0	3346.0	299.0	110.0	84.0	72.0	9.0
1	6	5	-109.98031299924897	1.0	0.4990920881971465	37194.0	1542.0	3259.0	150.0	70.0	1567.0	2081.0	110.0	157.0	3346.0	84.0	60.0	299.0	72.0	9.0
5	1	6	0.40013627390579143	0.34452812335291183	0.9963880288957688	37194.0	3259.0	1567.0	157.0	60.0	1542.0	150.0	70.0	2081.0	3346.0	299.0	110.0	72.0	84.0	9.0
1	5	7	-0.18996129537867867	0.5753302529492943	1.001211631663974	37652.0	2801.0	1564.0	123.0	75.0	1595.0	126.0	63.0	2605.0	2830.0	291.0	132.0	73.0	64.0	6.0
1	7	5	-157.16131170996098	1.0	0.49969764160451524	37652.0	1564.0	2801.0	123.0	75.0	1595.0	2605.0	132.0	126.0	2830.0	73.0	63.0	291.0	64.0	6.0
5	1	7	0.1901911799636468	0.42457967838620414	0.9987927565392354	37652.0	2801.0	1595.0	126.0	63.0	1564.0	123.0	75.0	2605.0	2830.0	291.0	132.0	64.0	73.0	6.0
1	5	8	0.2583187003196423	0.3980805359885051	0.9986101459346769	37985.0	2468.0	1583.0	122.0	57.0	1617.0	118.0	49.0	2992.0	2455.0	279.0	149.0	69.0	47.0	10.0
1	8	5	-185.34366747934277	1.0	0.5003481894150418	37985.0	1583.0	2468.0	122.0	57.0	1617.0	2992.0	149.0	118.0	2455.0	69.0	49.0	279.0	47.0	10.0
5	1	8	-0.25795917533659485	0.6017807344716128	1.0013956734124214	37985.0	2468.0	1617.0	118.0	49.0	1583.0	122.0	57.0	2992.0	2455.0	279.0	149.0	47.0	69.0	10.0
1	5	9	-0.9237428331242673	0.8221899074748118	1.0042791310072416	38207.0	2246.0	1614.0	92.0	56.0	1621.0	105.0	58.0	3156.0	2326.0	244.0	162.0	61.0	46.0	6.0
1	9	5	-217.7190800532887	1.0	0.49893704006541295	38207.0	1614.0	2246.0	92.0	56.0	1621.0	3156.0	162.0	105.0	2326.0	61.0	58.0	244.0	46.0	6.0
5	1	9	0.9276788071755999	0.17678708381620267	0.9957751056223595	38207.0	2246.0	1621.0	105.0	58.0	1614.0	92.0	56.0	3156.0	2326.0	244.0	162.0	46.0	61.0	6.0
1	6	7	-0.8668596793782262	0.8069905919989715	1.040485829959514	36095.0	2641.0	3121.0	245.0	113.0	3366.0	265.0	127.0	779.0	2655.0	153.0	187.0	109.0	139.0	5.0
1	7	6	-23.145153439398623	1.0	0.4904580152671756	36095.0	3121.0	2641.0	245.0	113.0	3366.0	779.0	187.0	265.0	2655.0	109.0	127.0	153.0	139.0	5.0
6	1	7	0.9005896279921649	0.1839032466685686	0.9638989169675091	36095.0	2641.0	3366.0	265.0	127.0	3121.0	245.0	113.0	779.0	2655.0	153.0	187.0	139.0	109.0	5.0
1	6	8	-1.1853172423400655	0.8820539177890551	1.0286368843069873	36389.0	2347.0	3179.0	203.0	97.0	3410.0	228.0	120.0	1126.0	2321.0	140.0	222.0	93.0	111.0	14.0
1	8	6	-43.76191258719524	1.0	0.49313563975837454	36389.0	3179.0	2347.0	203.0	97.0	3410.0	1126.0	222.0	228.0	2321.0	93.0	120.0	140.0	111.0	14.0
6	1	8	1.2183160519820495	0.11155201291177352	0.9736286919831224	36389.0	2347.0	3410.0	228.0	120.0	3179.0	203.0	97.0	1126.0	2321.0	140.0	222.0	111.0	93.0	14.0
1	6	9	-0.29758830863056074	0.6169912325314766	1.005791505791506	36628.0	2108.0	3193.0	199.0	87.0	3456.0	205.0	97.0	1247.0	2200.0	140.0	236.0	87.0	106.0	11.0
1	9	6	-51.978757907471106	1.0	0.4985645933014354	36628.0	3193.0	2108.0	199.0	87.0	3456.0	1247.0	236.0	205.0	2200.0	87.0	97.0	140.0	106.0	11.0
6	1	9	0.2993018689489709	0.3823549325572557	0.9943074003795066	36628.0	2108.0	3456.0	205.0	97.0	3193.0	199.0	87.0	1247.0	2200.0	140.0	236.0	106.0	87.0	11.0
1	7	8	-0.8923938097283589	0.8139090880670614	1.0520547945205478	36858.0	2358.0	2710.0	205.0	84.0	3965.0	224.0	143.0	608.0	2321.0	100.0	185.0	97.0	130.0	12.0
1	8	7	-18.928142385290972	1.0	0.4879288437102922	36858.0	2710.0	2358.0	205.0	84.0	3965.0	608.0	185.0	224.0	2321.0	97.0	143.0	100.0	130.0	12.0
7	1	8	0.93654871177221	0.17449535716778608	0.9549763033175356	36858.0	2358.0	3965.0	224.0	143.0	2710.0	205.0	84.0	608.0	2321.0	100.0	185.0	130.0	97.0	12.0
1	7	9	0.5631021597930078	0.2866826273842913	0.9795539033457249	37127.0	2089.0	2694.0	200.0	105.0	4022.0	189.0	121.0	716.0	2208.0	105.0	201.0	95.0	122.0	6.0
1	9	7	-26.414610404835624	1.0	0.5052732502396932	37127.0	2694.0	2089.0	200.0	105.0	4022.0	716.0	201.0	189.0	2208.0	95.0	121.0	105.0	122.0	6.0
7	1	9	-0.5513486042755067	0.7093026647883153	1.0217821782178218	37127.0	2089.0	4022.0	189.0	121.0	2694.0	200.0	105.0	716.0	2208.0	105.0	201.0	122.0	95.0	6.0
1	8	9	0.9553853228341358	0.16969142908620982	0.893491124260355	37457.0	2111.0	2364.0	205.0	78.0	4439.0	187.0	132.0	338.0	2215.0	89.0	162.0	90.0	125.0	8.0
1	9	8	-7.059235996496668	0.9999999999991573	0.5316901408450705	37457.0	2364.0	2111.0	205.0	78.0	4439.0	338.0	162.0	187.0	2215.0	90.0	132.0	89.0	125.0	8.0
8	1	9	-0.8414983307082124	0.7999656392483604	1.1565217391304348	37457.0	2111.0	4439.0	187.0	132.0	2364.0	205.0	78.0	338.0	2215.0	89.0	162.0	125.0	90.0	8.0
2	3	4	-1.1259273502942069	0.8699018130819575	1.0079808459696729	40142.0	1632.0	403.0	34.0	7.0	374.0	44.0	7.0	1307.0	5735.0	241.0	19.0	25.0	29.0	1.0
2	4	3	-143.33055169245253	1.0	0.49802839116719244	40142.0	403.0	1632.0	34.0	7.0	374.0	1307.0	19.0	44.0	5735.0	25.0	7.0	241.0	29.0	1.0
3	2	4	1.1348420561556023	0.12822080404273994	0.9922057677318783	40142.0	1632.0	374.0	44.0	7.0	403.0	34.0	7.0	1307.0	5735.0	241.0	19.0	29.0	25.0	1.0
2	3	5	-0.6859324810081571	0.7536222245513106	1.0046985121378231	40109.0	1665.0	404.0	35.0	5.0	380.0	41.0	4.0	1324.0	5724.0	235.0	20.0	24.0	28.0	2.0
2	5	3	-147.36116133658604	1.0	0.49883359253499227	40109.0	404.0	1665.0	35.0	5.0	380.0	1324.0	20.0	41.0	5724.0	24.0	4.0	235.0	28.0	2.0
3	2	5	0.689140271254493	0.2453674316111084	0.9953667953667954	40109.0	1665.0	380.0	41.0	4.0	404.0	35.0	5.0	1324.0	5724.0	235.0	20.0	28.0	24.0	2.0
2	3	6	-0.5617079964132473	0.712842539796533	1.0015188335358445	38382.0	3392.0	378.0	37.0	29.0	354.0	42.0	29.0	3339.0	3521.0	423.0	41.0	12.0	18.0	3.0
2	6	3	-370.95196083130844	1.0	0.4996211547204122	38382.0	378.0	3392.0	37.0	29.0	354.0	3339.0	41.0	42.0	3521.0	12.0	29.0	423.0	18.0	3.0
3	2	6	0.5625598435415659	0.2868672885722001	0.9984880556395525	38382.0	3392.0	354.0	42.0	29.0	378.0	37.0	29.0	3339.0	3521.0	423.0	41.0	18.0	12.0	3.0
2	3	7	-0.2537258519267101	0.6001462631533414	1.000517063081696	38816.0	2958.0	397.0	30.0	17.0	382.0	32.0	11.0	3902.0	2989.0	392.0	51.0	11.0	9.0	3.0
2	7	3	-491.2132493301118	1.0	0.4998708344097133	38816.0	397.0	2958.0	30.0	17.0	382.0	3902.0	51.0	32.0	2989.0	11.0	11.0	392.0	9.0	3.0
3	2	7	0.25385697639799004	0.3998030836476063	0.9994837377387713	38816.0	2958.0	382.0	32.0	11.0	397.0	30.0	17.0	3902.0	2989.0	392.0	51.0	9.0	11.0	3.0
2	3	8	-0.9254171871182111	0.8226255484927604	1.0016381933068101	39173.0	2601.0	406.0	25.0	13.0	382.0	32.0	11.0	4312.0	2588.0	383.0	53.0	6.0	10.0	5.0
2	8	3	-566.7519258822557	1.0	0.49959145558538576	39173.0	406.0	2601.0	25.0	13.0	382.0	4312.0	53.0	32.0	2588.0	6.0	11.0	383.0	10.0	5.0
3	2	8	0.9269307199008809	0.17698123410531685	0.9983698183511877	39173.0	2601.0	382.0	32.0	11.0	406.0	25.0	13.0	4312.0	2588.0	383.0	53.0	10.0	6.0	5.0
2	3	9	0.787578247949129	0.21547165858383743	0.9986625055728935	39417.0	2357.0	399.0	32.0	13.0	384.0	26.0	15.0	4506.0	2454.0	323.0	54.0	6.0	10.0	4.0
2	9	3	-587.2708468874059	1.0	0.5003350457895912	39417.0	399.0	2357.0	32.0	13.0	384.0	4506.0	54.0	26.0	2454.0	6.0	15.0	323.0	10.0	4.0
3	2	9	-0.7865234556527685	0.7842196211951851	1.0013428827215756	39417.0	2357.0	384.0	26.0	15.0	399.0	32.0	13.0	4506.0	2454.0	323.0	54.0	10.0	6.0	4.0
2	4	5	1.9527953444881996	0.02542185634671723	0.019498607242339833	39962.0	583.0	551.0	1104.0	18.0	1637.0	48.0	15.0	69.0	5694.0	41.0	18.0	47.0	211.0	2.0
2	5	4	-99999.9	1.0	-0.02071005917159763	39962.0	551.0	583.0	1104.0	18.0	1637.0	69.0	18.0	48.0	5694.0	47.0	15.0	41.0	211.0	2.0
4	2	5	-96.24491340691841	1.0	0.4949784791965567	39962.0	583.0	1637.0	48.0	15.0	551.0	1104.0	18.0	69.0	5694.0	41.0	18.0	211.0	47.0	2.0
2	4	6	0.17970538165660185	0.4286919427683885	0.9984962406015038	37291.0	3254.0	1469.0	141.0	63.0	1478.0	138.0	84.0	2130.0	3371.0	303.0	126.0	66.0	76.0	10.0
2	6	4	-119.14466803832765	1.0	0.5003767897513187	37291.0	1469.0	3254.0	141.0	63.0	1478.0	2130.0	126.0	138.0	3371.0	66.0	84.0	303.0	76.0	10.0
4	2	6	-0.17943474102157683	0.571201814277007	1.001510574018127	37291.0	3254.0	1478.0	138.0	84.0	1469.0	141.0	63.0	2130.0	3371.0	303.0	126.0	76.0	66.0	10.0
2	4	7	0.2583414382301422	0.39807176256704946	0.9984282907662082	37738.0	2807.0	1475.0	122.0	76.0	1531.0	118.0	51.0	2659.0	2849.0	296.0	145.0	65.0	60.0	8.0
2	7	4	-163.85305719746722	1.0	0.5003938558487593	37738.0	1475.0	2807.0	122.0	76.0	1531.0	2659.0	145.0	118.0	2849.0	65.0	51.0	296.0	60.0	8.0
4	2	7	-0.25793476142852056	0.6017713134350249	1.0015791551519937	37738.0	2807.0	1531.0	118.0	51.0	1475.0	122.0	76.0	2659.0	2849.0	296.0	145.0	60.0	65.0	8.0
2	4	8	-0.2054005502485929	0.5813703759994266	1.0010214504596526	38064.0	2481.0	1515.0	105.0	53.0	1542.0	108.0	50.0	3048.0	2464.0	292.0	157.0	54.0	54.0	13.0
2	8	4	-201.4979397938704	1.0	0.49974502804691484	38064.0	1515.0	2481.0	105.0	53.0	1542.0	3048.0	157.0	108.0	2464.0	54.0	50.0	292.0	54.0	13.0
4	2	8	0.20561014264680577	0.418547756010357	0.9989816700610998	38064.0	2481.0	1542.0	108.0	50.0	1515.0	105.0	53.0	3048.0	2464.0	292.0	157.0	54.0	54.0	13.0
2	4	9	-1.0463174395570791	0.8522927247935098	1.004520503713271	38279.0	2266.0	1537.0	82.0	54.0	1562.0	96.0	42.0	3207.0	2344.0	253.0	175.0	46.0	48.0	9.0
2	9	4	-233.55299990113352	1.0	0.4988774855676716	38279.0	1537.0	2266.0	82.0	54.0	1562.0	3207.0	175.0	96.0	2344.0	46.0	42.0	253.0	48.0	9.0
4	2	9	1.0510260361992518	0.1466233447489661	0.9955399808856323	38279.0	2266.0	1562.0	96.0	42.0	1537.0	82.0	54.0	3207.0	2344.0	253.0	175.0	48.0	46.0	9.0
2	5	6	-0.2906819649097647	0.6143526497880394	1.0025303643724697	37270.0	3243.0	1490.0	145.0	70.0	1491.0	150.0	83.0	2131.0	3349.0	309.0	112.0	76.0	74.0	7.0
2	6	5	-115.45887646215874	1.0	0.4993698008570709	37270.0	1490.0	3243.0	145.0	70.0	1491.0	2131.0	112.0	150.0	3349.0	76.0	83.0	309.0	74.0	7.0
5	2	6	0.2914156397328585	0.38536679451968403	0.9974886991461577	37270.0	3243.0	1491.0	150.0	83.0	1490.0	145.0	70.0	2131.0	3349.0	309.0	112.0	74.0	76.0	7.0
2	5	7	-0.3139627550797703	0.6232252677566025	1.0019770660340055	37705.0	2808.0	1508.0	124.0	73.0	1542.0	129.0	53.0	2663.0	2833.0	293.0	130.0	70.0	60.0	9.0
2	7	5	-159.4302870295068	1.0	0.49950719495367635	37705.0	1508.0	2808.0	124.0	73.0	1542.0	2663.0	130.0	129.0	2833.0	70.0	53.0	293.0	60.0	9.0
5	2	7	0.3145822553857683	0.37653949582565005	0.9980345911949685	37705.0	2808.0	1542.0	129.0	53.0	1508.0	124.0	73.0	2663.0	2833.0	293.0	130.0	60.0	70.0	9.0
2	5	8	0.1318916590457184	0.4475349600180377	0.9993176390310474	38043.0	2470.0	1536.0	116.0	53.0	1559.0	114.0	51.0	3043.0	2453.0	293.0	145.0	59.0	55.0	10.0
2	8	5	-193.02344301340855	1.0	0.5001707650273224	38043.0	1536.0	2470.0	116.0	53.0	1559.0	3043.0	145.0	114.0	2453.0	59.0	51.0	293.0	55.0	10.0
5	2	8	-0.13180159987259055	0.5524294225747606	1.0006837606837606	38043.0	2470.0	1559.0	114.0	51.0	1536.0	116.0	53.0	3043.0	2453.0	293.0	145.0	55.0	59.0	10.0
2	5	9	-1.3989423442525755	0.919084808602903	1.0061648280337443	38249.0	2264.0	1567.0	82.0	56.0	1579.0	101.0	44.0	3202.0	2333.0	254.0	163.0	52.0	49.0	5.0
2	9	5	-229.72105863516015	1.0	0.4984729143224562	38249.0	1567.0	2264.0	82.0	56.0	1579.0	3202.0	163.0	101.0	2333.0	52.0	44.0	254.0	49.0	5.0
5	2	9	1.4075137420406436	0.07963760565957922	0.9939471169162154	38249.0	2264.0	1579.0	101.0	44.0	1567.0	82.0	56.0	3202.0	2333.0	254.0	163.0	49.0	52.0	5.0
2	6	7	-0.8990007378108034	0.815673895760022	1.04375	36125.0	2635.0	3088.0	250.0	120.0	3336.0	271.0	127.0	772.0	2654.0	149.0	227.0	107.0	135.0	4.0
2	7	6	-22.34658976843996	1.0	0.4897360703812317	36125.0	3088.0	2635.0	250.0	120.0	3336.0	772.0	227.0	271.0	2654.0	107.0	127.0	149.0	135.0	4.0
6	2	7	0.9366834034675438	0.17446070280789383	0.9613259668508287	36125.0	2635.0	3336.0	271.0	127.0	3088.0	250.0	120.0	772.0	2654.0	149.0	227.0	135.0	107.0	4.0
2	6	8	-1.3553139798858085	0.9123411663273886	1.0336426914153132	36429.0	2331.0	3150.0	206.0	102.0	3370.0	235.0	129.0	1126.0	2306.0	143.0	251.0	85.0	123.0	14.0
2	8	6	-42.996167637756685	1.0	0.4919933738266151	36429.0	3150.0	2331.0	206.0	102.0	3370.0	1126.0	251.0	235.0	2306.0	85.0	129.0	143.0	123.0	14.0
6	2	8	1.399426331644157	0.08084264232008598	0.9694415173867229	36429.0	2331.0	3370.0	235.0	129.0	3150.0	206.0	102.0	1126.0	2306.0	143.0	251.0	123.0	85.0	14.0
2	6	9	-0.49864446361913506	0.6909850630182541	1.0097560975609756	36647.0	2113.0	3169.0	194.0	95.0	3437.0	204.0	93.0	1239.0	2198.0	138.0	268.0	84.0	113.0	8.0
2	9	6	-52.10834644819956	1.0	0.49759615384615385	36647.0	3169.0	2113.0	194.0	95.0	3437.0	1239.0	268.0	204.0	2198.0	84.0	93.0	138.0	113.0	8.0
6	2	9	0.5034622845236677	0.3073196419999882	0.990521327014218	36647.0	2113.0	3437.0	204.0	93.0	3169.0	194.0	95.0	1239.0	2198.0	138.0	268.0	113.0	84.0	8.0
2	7	8	-0.6053490954174171	0.7275265165500298	1.0342105263157895	36872.0	2341.0	2707.0	216.0	82.0	3951.0	229.0	155.0	622.0	2302.0	108.0	174.0	95.0	138.0	8.0
2	8	7	-18.905517903036266	1.0	0.49186483103879847	36872.0	2707.0	2341.0	216.0	82.0	3951.0	622.0	174.0	229.0	2302.0	95.0	155.0	108.0	138.0	8.0
7	2	8	0.6253733657492909	0.26586296310086976	0.9689737470167066	36872.0	2341.0	3951.0	229.0	155.0	2707.0	216.0	82.0	622.0	2302.0	108.0	174.0	138.0	95.0	8.0
2	7	9	0.6123564609361289	0.2701509185262154	0.978021978021978	37117.0	2096.0	2699.0	202.0	104.0	4032.0	190.0	113.0	724.0	2201.0	107.0	188.0	95.0	127.0	5.0
2	9	7	-26.63750605072159	1.0	0.5056818181818181	37117.0	2699.0	2096.0	202.0	104.0	4032.0	724.0	188.0	190.0	2201.0	95.0	113.0	107.0	127.0	5.0
7	2	9	-0.5985956415892497	0.7252787659102609	1.0235294117647058	37117.0	2096.0	4032.0	190.0	113.0	2699.0	202.0	104.0	724.0	2201.0	107.0	188.0	127.0	95.0	5.0
2	8	9	0.8456634630437475	0.1988702076673159	0.9036144578313253	37462.0	2117.0	2354.0	204.0	81.0	4434.0	188.0	125.0	338.0	2205.0	83.0	172.0	93.0	136.0	8.0
2	9	8	-7.082431502991376	0.999999999999287	0.528169014084507	37462.0	2354.0	2117.0	204.0	81.0	4434.0	338.0	172.0	188.0	2205.0	93.0	125.0	83.0	136.0	8.0
8	2	9	-0.755459360319081	0.7750133634418265	1.1355932203389831	37462.0	2117.0	4434.0	188.0	125.0	2354.0	204.0	81.0	338.0	2205.0	83.0	172.0	136.0	93.0	8.0
3	4	5	1.593405885627055	0.055534584732575665	0.015755329008341055	39936.0	580.0	553.0	1111.0	19.0	1663.0	49.0	17.0	66.0	5692.0	40.0	19.0	46.0	206.0	3.0
3	5	4	-99999.9	1.0	-0.016536964980544747	39936.0	553.0	580.0	1111.0	19.0	1663.0	66.0	19.0	49.0	5692.0	46.0	17.0	40.0	206.0	3.0
4	3	5	-97.94759708707483	1.0	0.49596582819174184	39936.0	580.0	1663.0	49.0	17.0	553.0	1111.0	19.0	66.0	5692.0	40.0	19.0	206.0	46.0	3.0
3	4	6	0.41820872379610463	0.33789730024303	0.9964894684052157	37263.0	3253.0	1473.0	144.0	66.0	1506.0	137.0	86.0	2124.0	3375.0	299.0	128.0	64.0	69.0	13.0
3	6	4	-118.29332473089814	1.0	0.5008822788001008	37263.0	1473.0	3253.0	144.0	66.0	1506.0	2124.0	128.0	137.0	3375.0	64.0	86.0	299.0	69.0	13.0
4	3	6	-0.41673541676712994	0.6615639851047419	1.003547896604156	37263.0	3253.0	1506.0	137.0	86.0	1473.0	144.0	66.0	2124.0	3375.0	299.0	128.0	69.0	64.0	13.0
3	4	7	0.38446410502895334	0.3503173029953207	0.9976368649074439	37715.0	2801.0	1483.0	125.0	75.0	1554.0	119.0	56.0	2652.0	2847.0	299.0	144.0	62.0	59.0	9.0
3	7	4	-161.92346556802786	1.0	0.5005928853754941	37715.0	1483.0	2801.0	125.0	75.0	1554.0	2652.0	144.0	119.0	2847.0	62.0	56.0	299.0	59.0	9.0
4	3	7	-0.38355341232063367	0.649345206772195	1.0023800079333598	37715.0	2801.0	1554.0	119.0	56.0	1483.0	125.0	75.0	2652.0	2847.0	299.0	144.0	59.0	62.0	9.0
3	4	8	0.2788078817646953	0.39019619749443923	0.9986399183951037	38032.0	2484.0	1523.0	105.0	55.0	1574.0	101.0	54.0	3038.0	2469.0	291.0	159.0	53.0	49.0	13.0
3	8	4	-204.43587930396188	1.0	0.5003407155025554	38032.0	1523.0	2484.0	105.0	55.0	1574.0	3038.0	159.0	101.0	2469.0	53.0	54.0	291.0	49.0	13.0
4	3	8	-0.27842816384605085	0.6096580841782266	1.00136565380676	38032.0	2484.0	1574.0	101.0	54.0	1523.0	105.0	55.0	3038.0	2469.0	291.0	159.0	49.0	53.0	13.0
3	4	9	-1.5454688067119347	0.9388835295455293	1.0068314899154196	38253.0	2263.0	1548.0	81.0	54.0	1588.0	102.0	39.0	3197.0	2349.0	252.0	174.0	45.0	44.0	11.0
3	9	4	-229.31813341497093	1.0	0.49830945097407825	38253.0	1548.0	2263.0	81.0	54.0	1588.0	3197.0	174.0	102.0	2349.0	45.0	39.0	252.0	44.0	11.0
4	3	9	1.555955024786555	0.05985940682934876	0.9933057060886197	38253.0	2263.0	1588.0	102.0	39.0	1548.0	81.0	54.0	3197.0	2349.0	252.0	174.0	44.0	45.0	11.0
3	5	6	-0.2314343890086112	0.5915112785162437	1.0020253164556963	37248.0	3241.0	1488.0	147.0	75.0	1513.0	151.0	84.0	2130.0	3353.0	304.0	115.0	72.0	68.0	11.0
3	6	5	-114.73359835101886	1.0	0.4994952044422009	37248.0	1488.0	3241.0	147.0	75.0	1513.0	2130.0	115.0	151.0	3353.0	72.0	84.0	304.0	68.0	11.0
5	3	6	0.2319021694815948	0.4083070456401533	0.9979869149471565	37248.0	3241.0	1513.0	151.0	84.0	1488.0	147.0	75.0	2130.0	3353.0	304.0	115.0	68.0	72.0	11.0
3	5	7	-0.18626182147298745	0.5738802631775671	1.001187648456057	37688.0	2801.0	1510.0	128.0	72.0	1559.0	131.0	58.0	2660.0	2831.0	296.0	131.0	66.0	58.0	11.0
3	7	5	-157.20497732320229	1.0	0.4997036158861885	37688.0	1510.0	2801.0	128.0	72.0	1559.0	2660.0	131.0	131.0	2831.0	66.0	58.0	296.0	58.0	11.0
5	3	7	0.18648277262538715	0.42603310790138527	0.9988165680473373	37688.0	2801.0	1559.0	131.0	58.0	1510.0	128.0	72.0	2660.0	2831.0	296.0	131.0	58.0	66.0	11.0
3	5	8	0.5374840552603544	0.2954666269965811	0.9972742759795571	38013.0	2476.0	1542.0	115.0	53.0	1589.0	107.0	52.0	3034.0	2459.0	294.0	148.0	57.0	50.0	11.0
3	8	5	-196.11449466312163	1.0	0.5006842285323299	38013.0	1542.0	2476.0	115.0	53.0	1589.0	3034.0	148.0	107.0	2459.0	57.0	52.0	294.0	50.0	11.0
5	3	8	-0.5360150178698239	0.7040259345452793	1.0027481964960494	38013.0	2476.0	1589.0	107.0	52.0	1542.0	115.0	53.0	3034.0	2459.0	294.0	148.0	50.0	57.0	11.0
3	5	9	-1.8756376530533985	0.9696475373419304	1.008491182233834	38228.0	2261.0	1573.0	82.0	55.0	1600.0	108.0	40.0	3196.0	2338.0	253.0	163.0	50.0	44.0	9.0
3	9	5	-224.6436789080107	1.0	0.4979039019671074	38228.0	1573.0	2261.0	82.0	55.0	1600.0	3196.0	163.0	108.0	2338.0	50.0	40.0	253.0	44.0	9.0
5	3	9	1.8914299389923193	0.02928342244736648	0.9917197452229299	38228.0	2261.0	1600.0	108.0	40.0	1573.0	82.0	55.0	3196.0	2338.0	253.0	163.0	44.0	50.0	9.0
3	6	7	-1.018533783287881	0.8457878058336327	1.0509554140127388	36107.0	2629.0	3091.0	251.0	121.0	3354.0	275.0	129.0	770.0	2652.0	154.0	226.0	101.0	136.0	4.0
3	7	6	-22.025793063600446	1.0	0.4881656804733728	36107.0	3091.0	2629.0	251.0	121.0	3354.0	770.0	226.0	275.0	2652.0	101.0	129.0	154.0	136.0	4.0
6	3	7	1.0679172394472933	0.14277895708870436	0.9558011049723757	36107.0	2629.0	3354.0	275.0	129.0	3091.0	251.0	121.0	770.0	2652.0	154.0	226.0	136.0	101.0	4.0
3	6	8	-1.3261476521649176	0.907604536851112	1.0323699421965318	36399.0	2337.0	3156.0	201.0	106.0	3400.0	229.0	129.0	1122.0	2312.0	142.0	249.0	82.0	122.0	14.0
3	8	6	-43.62078527299606	1.0	0.4922822491730981	36399.0	3156.0	2337.0	201.0	106.0	3400.0	1122.0	249.0	229.0	2312.0	82.0	129.0	142.0	122.0	14.0
6	3	8	1.367728989522832	0.08569852151481483	0.9704952581664911	36399.0	2337.0	3400.0	229.0	129.0	3156.0	201.0	106.0	1122.0	2312.0	142.0	249.0	122.0	82.0	14.0
3	6	9	-0.8868407409769565	0.8124177092108502	1.0178748758689176	36628.0	2108.0	3173.0	193.0	97.0	3456.0	211.0	91.0	1236.0	2203.0	137.0	267.0	82.0	109.0	9.0
3	9	6	-51.387494046609255	1.0	0.49564796905222436	36628.0	3173.0	2108.0	193.0	97.0	3456.0	1236.0	267.0	211.0	2203.0	82.0	91.0	137.0	109.0	9.0
6	3	9	0.9024145295989908	0.18341832450865092	0.9830348727615457	36628.0	2108.0	3456.0	211.0	91.0	3173.0	193.0	97.0	1236.0	2203.0	137.0	267.0	109.0	82.0	9.0
3	7	8	-0.19012308967422092	0.5753936442829479	1.0101781170483461	36852.0	2346.0	2703.0	217.0	81.0	3971.0	221.0	158.0	618.0	2304.0	106.0	182.0	98.0	135.0	8.0
3	8	7	-19.059839739840598	1.0	0.4974937343358396	36852.0	2703.0	2346.0	217.0	81.0	3971.0	618.0	182.0	221.0	2304.0	98.0	158.0	106.0	135.0	8.0
7	3	8	0.1920386875550695	0.4238559692203765	0.9901234567901235	36852.0	2346.0	3971.0	221.0	158.0	2703.0	217.0	81.0	618.0	2304.0	106.0	182.0	135.0	98.0	8.0
3	7	9	0.30086871514039626	0.3817573720048155	0.9887005649717514	37106.0	2092.0	2695.0	204.0	102.0	4043.0	198.0	109.0	723.0	2200.0	105.0	193.0	98.0	126.0	6.0
3	9	7	-26.025143859644214	1.0	0.5028735632183908	37106.0	2695.0	2092.0	204.0	102.0	4043.0	723.0	193.0	198.0	2200.0	98.0	109.0	105.0	126.0	6.0
7	3	9	-0.29743021553879173	0.616930892886809	1.0116959064327486	37106.0	2092.0	4043.0	198.0	109.0	2695.0	204.0	102.0	723.0	2200.0	105.0	193.0	126.0	98.0	6.0
3	8	9	0.4711236758557215	0.3187762235309195	0.9395973154362415	37436.0	2119.0	2365.0	198.0	81.0	4460.0	189.0	122.0	329.0	2213.0	81.0	170.0	94.0	134.0	9.0
3	9	8	-6.8574668374555	0.9999999999964743	0.5166051660516605	37436.0	2365.0	2119.0	198.0	81.0	4460.0	329.0	170.0	189.0	2213.0	94.0	122.0	81.0	134.0	9.0
8	3	9	-0.44083715383642513	0.6703345229371365	1.0737704918032787	37436.0	2119.0	4460.0	189.0	122.0	2365.0	198.0	81.0	329.0	2213.0	81.0	170.0	134.0	94.0	9.0
4	5	6	-1.0514025949638914	0.8534631088902276	1.003280839895013	38195.0	3404.0	574.0	40.0	32.0	566.0	50.0	22.0	3108.0	3507.0	394.0	51.0	31.0	21.0	5.0
4	6	5	-322.5703161349225	1.0	0.4991838067254326	38195.0	574.0	3404.0	40.0	32.0	566.0	3108.0	51.0	50.0	3507.0	31.0	22.0	394.0	21.0	5.0
5	4	6	1.0548407983483383	0.14574910099210192	0.9967511371020142	38195.0	3404.0	566.0	50.0	22.0	574.0	40.0	32.0	3108.0	3507.0	394.0	51.0	21.0	31.0	5.0
4	5	7	-1.2191005008562916	0.8885969083163346	1.0030598052851183	38682.0	2917.0	587.0	35.0	24.0	565.0	46.0	27.0	3652.0	2962.0	395.0	62.0	23.0	20.0	3.0
4	7	5	-400.86241014520095	1.0	0.49923854354146474	38682.0	587.0	2917.0	35.0	24.0	565.0	3652.0	62.0	46.0	2962.0	23.0	27.0	395.0	20.0	3.0
5	4	7	1.22281933211237	0.110699038091705	0.99696802646086	38682.0	2917.0	565.0	46.0	27.0	587.0	35.0	24.0	3652.0	2962.0	395.0	62.0	20.0	23.0	3.0
4	5	8	0.6793578679345751	0.2484555021417605	0.9985159534998763	39021.0	2578.0	585.0	42.0	19.0	581.0	36.0	21.0	4073.0	2565.0	371.0	66.0	22.0	17.0	3.0
4	8	5	-456.4152609407118	1.0	0.5003718393653941	39021.0	585.0	2578.0	42.0	19.0	581.0	4073.0	66.0	36.0	2565.0	22.0	21.0	371.0	17.0	3.0
5	4	8	-0.6783481708308825	0.7512245855949501	1.0014906832298136	39021.0	2578.0	581.0	36.0	21.0	585.0	42.0	19.0	4073.0	2565.0	371.0	66.0	17.0	22.0	3.0
4	5	9	-0.6010869669056835	0.7261090165950612	1.0011823126034523	39248.0	2351.0	593.0	32.0	21.0	580.0	37.0	21.0	4271.0	2417.0	321.0	68.0	20.0	15.0	5.0
4	9	5	-509.6015305426374	1.0	0.49970494511979224	39248.0	593.0	2351.0	32.0	21.0	580.0	4271.0	68.0	37.0	2417.0	20.0	21.0	321.0	15.0	5.0
5	4	9	0.6017968003573908	0.2736546539765604	0.9988218661639963	39248.0	2351.0	580.0	37.0	21.0	593.0	32.0	21.0	4271.0	2417.0	321.0	68.0	15.0	20.0	5.0
4	6	7	-1.0884311193138152	0.861797544438798	1.0520833333333333	36144.0	2625.0	3125.0	237.0	114.0	3317.0	262.0	146.0	767.0	2665.0	156.0	195.0	104.0	137.0	6.0
4	7	6	-23.074739729452897	1.0	0.4879227053140097	36144.0	3125.0	2625.0	237.0	114.0	3317.0	767.0	195.0	262.0	2665.0	104.0	146.0	156.0	137.0	6.0
6	4	7	1.142313847992717	0.12666184855414397	0.954954954954955	36144.0	2625.0	3317.0	262.0	146.0	3125.0	237.0	114.0	767.0	2665.0	156.0	195.0	137.0	104.0	6.0
4	6	8	-0.9045646184346765	0.817151984165436	1.0215419501133787	36436.0	2333.0	3170.0	206.0	100.0	3363.0	225.0	137.0	1126.0	2314.0	148.0	231.0	84.0	115.0	12.0
4	8	6	-43.79997099788956	1.0	0.49478308621636463	36436.0	3170.0	2333.0	206.0	100.0	3363.0	1126.0	231.0	225.0	2314.0	84.0	137.0	148.0	115.0	12.0
6	4	8	0.9236397879688151	0.17783692530988882	0.979765708200213	36436.0	2333.0	3363.0	225.0	137.0	3170.0	206.0	100.0	1126.0	2314.0	148.0	231.0	115.0	84.0	12.0
4	6	9	0.05058954437914774	0.4798262298302187	0.9990530303030303	36654.0	2115.0	3187.0	196.0	93.0	3430.0	195.0	100.0	1250.0	2199.0	139.0	239.0	80.0	110.0	13.0
4	9	6	-53.321379775622724	1.0	0.5002370791844476	36654.0	3187.0	2115.0	196.0	93.0	3430.0	1250.0	239.0	195.0	2199.0	80.0	100.0	139.0	110.0	13.0
6	4	9	-0.05054159220438078	0.520154664443983	1.0009496676163343	36654.0	2115.0	3430.0	195.0	100.0	3187.0	196.0	93.0	1250.0	2199.0	139.0	239.0	110.0	80.0	13.0
4	7	8	-0.4769450121614965	0.6832993498620434	1.025706940874036	36922.0	2347.0	2684.0	209.0	83.0	3901.0	219.0	159.0	618.0	2309.0	104.0	201.0	95.0	138.0	11.0
4	8	7	-19.507050997405155	1.0	0.4938118811881188	36922.0	2684.0	2347.0	209.0	83.0	3901.0	618.0	201.0	219.0	2309.0	95.0	159.0	104.0	138.0	11.0
7	4	8	0.48889852123822575	0.3124567758775004	0.9761336515513126	36922.0	2347.0	3901.0	219.0	159.0	2684.0	209.0	83.0	618.0	2309.0	104.0	201.0	138.0	95.0	11.0
4	7	9	1.0123555622760232	0.15568405335854363	0.9664902998236331	37158.0	2111.0	2683.0	191.0	102.0	3991.0	172.0	116.0	720.0	2207.0	104.0	208.0	95.0	132.0	10.0
4	9	7	-28.18611012863244	1.0	0.5088207985143918	37158.0	2683.0	2111.0	191.0	102.0	3991.0	720.0	208.0	172.0	2207.0	95.0	116.0	104.0	132.0	10.0
7	4	9	-0.9772556431460153	0.8357786955593173	1.0372549019607844	37158.0	2111.0	3991.0	172.0	116.0	2683.0	191.0	102.0	720.0	2207.0	104.0	208.0	132.0	95.0	10.0
4	8	9	1.6265676154552353	0.05191447253656045	0.839572192513369	37492.0	2114.0	2349.0	210.0	80.0	4404.0	180.0	136.0	337.0	2203.0	83.0	178.0	91.0	132.0	11.0
4	9	8	-6.885802905427166	0.9999999999971093	0.5528169014084507	37492.0	2349.0	2114.0	210.0	80.0	4404.0	337.0	178.0	180.0	2203.0	91.0	136.0	83.0	132.0	11.0
8	4	9	-1.3157585169606048	0.9058723799368118	1.309278350515464	37492.0	2114.0	4404.0	180.0	136.0	2349.0	210.0	80.0	337.0	2203.0	83.0	178.0	132.0	91.0	11.0
5	6	7	-0.3479107467713392	0.6360463273488718	1.0161290322580645	36138.0	2623.0	3109.0	256.0	111.0	3323.0	264.0	146.0	768.0	2646.0	154.0	210.0	107.0	137.0	8.0
5	7	6	-22.266287793365766	1.0	0.49606299212598426	36138.0	3109.0	2623.0	256.0	111.0	3323.0	768.0	210.0	264.0	2646.0	107.0	146.0	154.0	137.0	8.0
6	5	7	0.35343313957723343	0.36188193697238047	0.9846153846153847	36138.0	2623.0	3323.0	264.0	146.0	3109.0	256.0	111.0	768.0	2646.0	154.0	210.0	137.0	107.0	8.0
5	6	8	-1.1610192972302023	0.8771829152371793	1.0292397660818713	36437.0	2324.0	3165.0	212.0	99.0	3362.0	237.0	134.0	1117.0	2302.0	149.0	245.0	85.0	121.0	11.0
5	8	6	-42.02889855973325	1.0	0.4929971988795518	36437.0	3165.0	2324.0	212.0	99.0	3362.0	1117.0	245.0	237.0	2302.0	85.0	134.0	149.0	121.0	11.0
6	5	8	1.194002799992424	0.11623850045219797	0.9731182795698925	36437.0	2324.0	3362.0	237.0	134.0	3165.0	212.0	99.0	1117.0	2302.0	149.0	245.0	121.0	85.0	11.0
5	6	9	0.554736836776071	0.2895373087953752	0.9895931882686849	36648.0	2113.0	3180.0	204.0	92.0	3436.0	193.0	104.0	1239.0	2188.0	141.0	257.0	83.0	113.0	9.0
5	9	6	-52.1956932784757	1.0	0.5026429601153292	36648.0	3180.0	2113.0	204.0	92.0	3436.0	1239.0	257.0	193.0	2188.0	83.0	104.0	141.0	113.0	9.0
6	5	9	-0.5489030841904717	0.7084640457417972	1.0107421875	36648.0	2113.0	3436.0	193.0	104.0	3180.0	204.0	92.0	1239.0	2188.0	141.0	257.0	113.0	83.0	9.0
5	7	8	-0.6943355005623086	0.7562641522681351	1.0412087912087913	36909.0	2338.0	2693.0	216.0	81.0	3914.0	231.0	156.0	610.0	2300.0	107.0	200.0	93.0	140.0	12.0
5	8	7	-18.237879148103303	1.0	0.4902975420439845	36909.0	2693.0	2338.0	216.0	81.0	3914.0	610.0	200.0	231.0	2300.0	93.0	156.0	107.0	140.0	12.0
7	5	8	0.7218157974183368	0.23520379841315053	0.9633251833740831	36909.0	2338.0	3914.0	231.0	156.0	2693.0	216.0	81.0	610.0	2300.0	107.0	200.0	140.0	93.0	12.0
5	7	9	1.3677910113350555	0.08568881143103502	0.9541446208112875	37142.0	2105.0	2686.0	201.0	103.0	4007.0	175.0	119.0	716.0	2196.0	105.0	209.0	93.0	133.0	10.0
5	9	7	-27.092783493752055	1.0	0.5123106060606061	37142.0	2686.0	2105.0	201.0	103.0	4007.0	716.0	209.0	175.0	2196.0	93.0	119.0	105.0	133.0	10.0
7	5	9	-1.302056138331892	0.9035513344804262	1.0531697341513293	37142.0	2105.0	4007.0	175.0	119.0	2686.0	201.0	103.0	716.0	2196.0	105.0	209.0	133.0	93.0	10.0
5	8	9	1.891027275668616	0.02931028654801393	0.8258706467661692	37485.0	2117.0	2343.0	215.0	77.0	4411.0	180.0	133.0	346.0	2192.0	86.0	175.0	92.0	138.0	10.0
5	9	8	-7.077844946073963	0.999999999999263	0.5589225589225589	37485.0	2343.0	2117.0	215.0	77.0	4411.0	346.0	175.0	180.0	2192.0	92.0	133.0	86.0	138.0	10.0
8	5	9	-1.4923167054975222	0.9321918984346329	1.3645833333333333	37485.0	2117.0	4411.0	180.0	133.0	2343.0	215.0	77.0	346.0	2192.0	86.0	175.0	138.0	92.0	10.0
6	7	8	0.7402401709234722	0.229577069675308	0.9632352941176471	37065.0	2396.0	2734.0	220.0	79.0	3758.0	205.0	124.0	598.0	2333.0	108.0	171.0	97.0	103.0	9.0
6	8	7	-18.654052307271503	1.0	0.509727626459144	37065.0	2734.0	2396.0	220.0	79.0	3758.0	598.0	171.0	205.0	2333.0	97.0	124.0	108.0	103.0	9.0
7	6	8	-0.7119867292851718	0.7617635724643839	1.0413223140495869	37065.0	2396.0	3758.0	205.0	124.0	2734.0	220.0	79.0	598.0	2333.0	108.0	171.0	103.0	97.0	9.0
6	7	9	0.9399900007979656	0.17361133107681748	0.966542750929368	37348.0	2113.0	2736.0	198.0	99.0	3801.0	180.0	106.0	700.0	2231.0	108.0	175.0	94.0	101.0	10.0
6	9	7	-26.215276688921033	1.0	0.5088062622309197	37348.0	2736.0	2113.0	198.0	99.0	3801.0	700.0	175.0	180.0	2231.0	94.0	106.0	108.0	101.0	10.0
7	6	9	-0.9074518853857283	0.817916085289805	1.037190082644628	37348.0	2113.0	3801.0	180.0	106.0	2736.0	198.0	99.0	700.0	2231.0	108.0	175.0	101.0	94.0	10.0
6	8	9	1.7445775076502417	0.04052917881226503	0.8160919540229885	37673.0	2126.0	2411.0	212.0	72.0	4223.0	180.0	124.0	322.0	2226.0	87.0	131.0	99.0	107.0	7.0
6	9	8	-5.996985182547708	0.9999999989913351	0.5634920634920635	37673.0	2411.0	2126.0	212.0	72.0	4223.0	322.0	131.0	180.0	2226.0	99.0	124.0	87.0	107.0	7.0
8	6	9	-1.3514332805741307	0.9117215977314876	1.4102564102564104	37673.0	2126.0	4223.0	180.0	124.0	2411.0	212.0	72.0	322.0	2226.0	87.0	131.0	107.0	99.0	7.0
7	8	9	0.05451174552538372	0.4782636568671973	0.9923664122137404	38678.0	2145.0	2471.0	170.0	84.0	3218.0	169.0	116.0	299.0	2272.0	85.0	94.0	89.0	103.0	7.0
7	9	8	-7.03201517277448	0.9999999999989755	0.5019305019305019	38678.0	2471.0	2145.0	170.0	84.0	3218.0	299.0	94.0	169.0	2272.0	89.0	116.0	85.0	103.0	7.0
8	7	9	-0.05409242440595769	0.5215693045634646	1.0078125	38678.0	2145.0	3218.0	169.0	116.0	2471.0	170.0	84.0	299.0	2272.0	85.0	94.0	103.0	89.0	7.0
