P1	Hybrid	P2	Zscore	Pvalue	Gamma	AAAA	AAAB	AABA	AABB	AABC	ABAA	ABAB	ABAC	ABBA	BAAA	ABBC	CABC	BACA	BCAA	ABCD
1	2	3	1.3840474124450908	0.08317202639106969	0.005547850208044383	75564.0	1879.0	1846.0	4441.0	137.0	8429.0	139.0	116.0	163.0	6242.0	70.0	90.0	86.0	783.0	15.0
1	3	2	-99999.9	1.0	-0.005641748942172073	75564.0	1846.0	1879.0	4441.0	137.0	8429.0	163.0	90.0	139.0	6242.0	86.0	116.0	70.0	783.0	15.0
2	1	3	-246.70645126833716	1.0	0.49860139860139857	75564.0	1879.0	8429.0	139.0	116.0	1846.0	4441.0	137.0	163.0	6242.0	70.0	90.0	783.0	86.0	15.0
1	2	4	0.4151701369404733	0.33900872185592257	0.0025832376578645237	74876.0	2567.0	2563.0	3706.0	155.0	8290.0	231.0	163.0	240.0	6131.0	104.0	140.0	119.0	702.0	13.0
1	4	2	-99999.9	1.0	-0.002603413364188603	74876.0	2563.0	2567.0	3706.0	155.0	8290.0	240.0	140.0	231.0	6131.0	119.0	163.0	104.0	702.0	13.0
2	1	4	-159.88663273729733	1.0	0.4993516784325025	74876.0	2567.0	8290.0	231.0	163.0	2563.0	3706.0	155.0	240.0	6131.0	104.0	140.0	702.0	119.0	13.0
1	2	5	0.2305266588126263	0.4088413203877913	0.0014467592592592592	74901.0	2542.0	2581.0	3684.0	159.0	8297.0	233.0	154.0	238.0	6118.0	119.0	131.0	127.0	698.0	18.0
1	5	2	-99999.9	1.0	-0.0014530659691950015	74901.0	2581.0	2542.0	3684.0	159.0	8297.0	238.0	131.0	233.0	6118.0	127.0	154.0	119.0	698.0	18.0
2	1	5	-158.87897325366177	1.0	0.4996375235609685	74901.0	2542.0	8297.0	233.0	154.0	2581.0	3684.0	159.0	238.0	6118.0	119.0	131.0	698.0	127.0	18.0
1	2	6	-99999.9	1.0	-0.00261172373766686	74984.0	2459.0	2577.0	3688.0	159.0	8302.0	233.0	149.0	224.0	6135.0	116.0	134.0	128.0	695.0	17.0
1	6	2	0.42148109589144345	0.3367019459225533	0.0025914195220270654	74984.0	2577.0	2459.0	3688.0	159.0	8302.0	224.0	134.0	233.0	6135.0	128.0	149.0	116.0	695.0	17.0
2	1	6	-161.80190958943794	1.0	0.5006503830033242	74984.0	2459.0	8302.0	233.0	149.0	2577.0	3688.0	159.0	224.0	6135.0	116.0	134.0	695.0	128.0	17.0
1	2	7	0.6447360628593684	0.2595490598122274	0.9348534201954397	72006.0	5437.0	5685.0	523.0	216.0	7869.0	503.0	312.0	790.0	5428.0	257.0	357.0	253.0	331.0	33.0
1	7	2	-8.607226439172582	1.0	0.5180505415162454	72006.0	5685.0	5437.0	523.0	216.0	7869.0	790.0	357.0	503.0	5428.0	253.0	312.0	257.0	331.0	33.0
2	1	7	-0.5998067204998305	0.725682520960659	1.0809716599190284	72006.0	5437.0	7869.0	503.0	312.0	5685.0	523.0	216.0	790.0	5428.0	257.0	357.0	331.0	253.0	33.0
1	2	8	0.8041056012908135	0.21066793590233468	0.9730941704035875	72606.0	4837.0	5743.0	469.0	212.0	7949.0	445.0	290.0	1313.0	4915.0	247.0	412.0	218.0	313.0	31.0
1	8	2	-28.277713645393646	1.0	0.5070093457943925	72606.0	5743.0	4837.0	469.0	212.0	7949.0	1313.0	412.0	445.0	4915.0	218.0	290.0	247.0	313.0	31.0
2	1	8	-0.7818722666929109	0.7828552410307577	1.0292682926829269	72606.0	4837.0	7949.0	445.0	290.0	5743.0	469.0	212.0	1313.0	4915.0	247.0	412.0	313.0	218.0	31.0
1	2	9	1.0479326169620755	0.1473348543226125	0.9786476868327402	72983.0	4460.0	5790.0	433.0	201.0	8037.0	403.0	244.0	1778.0	4473.0	224.0	461.0	203.0	282.0	28.0
1	9	2	-46.982312327133066	1.0	0.5055147058823529	72983.0	5790.0	4460.0	433.0	201.0	8037.0	1778.0	461.0	403.0	4473.0	203.0	244.0	224.0	282.0	28.0
2	1	9	-1.025068632591994	0.847334578180318	1.0228136882129277	72983.0	4460.0	8037.0	403.0	244.0	5790.0	433.0	201.0	1778.0	4473.0	224.0	461.0	282.0	203.0	28.0
1	3	4	-99999.9	1.0	-0.0034833091436865023	74846.0	2564.0	2593.0	3699.0	165.0	8280.0	242.0	160.0	230.0	6131.0	106.0	160.0	108.0	709.0	7.0
1	4	3	0.5531919475370217	0.2900659616490874	0.0034472852628555013	74846.0	2593.0	2564.0	3699.0	165.0	8280.0	230.0	160.0	242.0	6131.0	108.0	160.0	106.0	709.0	7.0
3	1	4	-159.3653802196239	1.0	0.5008663008951776	74846.0	2564.0	8280.0	242.0	160.0	2593.0	3699.0	165.0	230.0	6131.0	106.0	160.0	709.0	108.0	7.0
1	3	5	-99999.9	1.0	-0.004675628287551139	74883.0	2527.0	2599.0	3677.0	181.0	8289.0	239.0	154.0	223.0	6125.0	119.0	154.0	114.0	704.0	12.0
1	5	3	0.7459088174900858	0.22786118093866992	0.0046109510086455325	74883.0	2599.0	2527.0	3677.0	181.0	8289.0	223.0	154.0	239.0	6125.0	114.0	154.0	119.0	704.0	12.0
3	1	5	-160.27715715818232	1.0	0.5011607661056297	74883.0	2527.0	8289.0	239.0	154.0	2599.0	3677.0	181.0	223.0	6125.0	119.0	154.0	704.0	114.0	12.0
1	3	6	-99999.9	1.0	-0.008805400645729381	74952.0	2458.0	2609.0	3678.0	170.0	8293.0	241.0	148.0	211.0	6139.0	117.0	156.0	116.0	702.0	10.0
1	6	3	1.4161995891130523	0.07835858925620953	0.008578781812982557	74952.0	2609.0	2458.0	3678.0	170.0	8293.0	211.0	156.0	241.0	6139.0	116.0	148.0	117.0	702.0	10.0
3	1	6	-162.2492662593852	1.0	0.5021726535341831	74952.0	2458.0	8293.0	241.0	148.0	2609.0	3678.0	170.0	211.0	6139.0	117.0	156.0	702.0	116.0	10.0
1	3	7	-0.18541173837452324	0.5735469355705021	1.0223048327137547	71971.0	5439.0	5720.0	509.0	228.0	7856.0	515.0	311.0	790.0	5426.0	251.0	370.0	243.0	339.0	32.0
1	7	3	-8.68344974720694	1.0	0.4946043165467626	71971.0	5720.0	5439.0	509.0	228.0	7856.0	790.0	370.0	515.0	5426.0	243.0	311.0	251.0	339.0	32.0
3	1	7	0.18945708539360367	0.4248673100358977	0.9790940766550522	71971.0	5439.0	7856.0	515.0	311.0	5720.0	509.0	228.0	790.0	5426.0	251.0	370.0	339.0	243.0	32.0
1	3	8	0.5276742765397953	0.2988626990374357	0.9815242494226328	72569.0	4841.0	5780.0	476.0	201.0	7936.0	460.0	286.0	1310.0	4905.0	252.0	428.0	213.0	316.0	27.0
1	8	3	-27.505021664636903	1.0	0.5047505938242282	72569.0	5780.0	4841.0	476.0	201.0	7936.0	1310.0	428.0	460.0	4905.0	213.0	286.0	252.0	316.0	27.0
3	1	8	-0.5177415842755168	0.6976807206917344	1.019559902200489	72569.0	4841.0	7936.0	460.0	286.0	5780.0	476.0	201.0	1310.0	4905.0	252.0	428.0	316.0	213.0	27.0
1	3	9	0.03465859012214126	0.4861759329405059	0.9992641648270787	72936.0	4474.0	5837.0	417.0	203.0	8027.0	416.0	239.0	1774.0	4469.0	224.0	475.0	194.0	290.0	25.0
1	9	3	-47.03170679574758	1.0	0.5001841620626151	72936.0	5837.0	4474.0	417.0	203.0	8027.0	1774.0	475.0	416.0	4469.0	194.0	239.0	224.0	290.0	25.0
3	1	9	-0.03463306833265514	0.5138138914248822	1.0007374631268438	72936.0	4474.0	8027.0	416.0	239.0	5837.0	417.0	203.0	1774.0	4469.0	224.0	475.0	290.0	194.0	25.0
1	4	5	-99999.9	1.0	-0.002262443438914027	75000.0	2439.0	2482.0	3790.0	156.0	8268.0	246.0	156.0	238.0	6131.0	112.0	160.0	101.0	712.0	9.0
1	5	4	0.363994466752919	0.35793113244811425	0.002247191011235955	75000.0	2482.0	2439.0	3790.0	156.0	8268.0	238.0	160.0	246.0	6131.0	101.0	156.0	112.0	712.0	9.0
4	1	5	-161.24954877154354	1.0	0.5005636978579481	75000.0	2439.0	8268.0	246.0	156.0	2482.0	3790.0	156.0	238.0	6131.0	112.0	160.0	712.0	101.0	9.0
1	4	6	-99999.9	1.0	-0.005689900426742532	75074.0	2365.0	2487.0	3784.0	157.0	8275.0	249.0	146.0	229.0	6142.0	110.0	156.0	105.0	711.0	10.0
1	6	4	0.9170358958640692	0.1795618924884267	0.005594405594405594	75074.0	2487.0	2365.0	3784.0	157.0	8275.0	229.0	156.0	249.0	6142.0	105.0	146.0	110.0	711.0	10.0
4	1	6	-162.08609459397402	1.0	0.501410437235543	75074.0	2365.0	8275.0	249.0	146.0	2487.0	3784.0	157.0	229.0	6142.0	110.0	156.0	711.0	105.0	10.0
1	4	7	0.15545147327437522	0.43823269134596754	0.9822064056939501	72018.0	5421.0	5673.0	529.0	226.0	7830.0	524.0	316.0	800.0	5429.0	252.0	386.0	231.0	336.0	29.0
1	7	4	-8.425469851471187	1.0	0.5045703839122486	72018.0	5673.0	5421.0	529.0	226.0	7830.0	800.0	386.0	524.0	5429.0	231.0	316.0	252.0	336.0	29.0
4	1	7	-0.15263532339621627	0.5606570812377313	1.018796992481203	72018.0	5421.0	7830.0	524.0	316.0	5673.0	529.0	226.0	800.0	5429.0	252.0	386.0	336.0	231.0	29.0
1	4	8	-0.22698613404867624	0.5897826948291363	1.0082938388625593	72594.0	4845.0	5755.0	468.0	205.0	7905.0	475.0	290.0	1326.0	4903.0	252.0	443.0	200.0	311.0	28.0
1	8	4	-27.822014716251783	1.0	0.4979520187244002	72594.0	5755.0	4845.0	468.0	205.0	7905.0	1326.0	443.0	475.0	4903.0	200.0	290.0	252.0	311.0	28.0
4	1	8	0.22885323503380045	0.409491538658755	0.991907514450867	72594.0	4845.0	7905.0	475.0	290.0	5755.0	468.0	205.0	1326.0	4903.0	252.0	443.0	311.0	200.0	28.0
1	4	9	0.136588477341118	0.44567801343253843	0.9970824215900802	72983.0	4456.0	5790.0	432.0	206.0	7997.0	428.0	245.0	1795.0	4462.0	224.0	484.0	189.0	286.0	23.0
1	9	4	-46.54252365398686	1.0	0.5007326007326008	72983.0	5790.0	4456.0	432.0	206.0	7997.0	1795.0	484.0	428.0	4462.0	189.0	245.0	224.0	286.0	23.0
4	1	9	-0.13618880366930788	0.5541640163154394	1.002943340691685	72983.0	4456.0	7997.0	428.0	245.0	5790.0	432.0	206.0	1795.0	4462.0	224.0	484.0	286.0	189.0	23.0
1	5	6	-99999.9	1.0	-0.002500446508305054	76902.0	580.0	659.0	5677.0	49.0	8571.0	64.0	31.0	50.0	6404.0	24.0	39.0	28.0	919.0	3.0
1	6	5	1.311873920348706	0.09478140620112119	0.0024818294628611948	76902.0	659.0	580.0	5677.0	49.0	8571.0	50.0	39.0	64.0	6404.0	28.0	31.0	24.0	919.0	3.0
5	1	6	-525.9677367798093	1.0	0.5006227758007117	76902.0	580.0	8571.0	64.0	31.0	659.0	5677.0	49.0	50.0	6404.0	24.0	39.0	919.0	28.0	3.0
1	5	7	0.3445984237689479	0.3651982116707624	0.9630872483221476	72057.0	5425.0	5634.0	534.0	217.0	7834.0	523.0	309.0	810.0	5416.0	252.0	372.0	245.0	340.0	32.0
1	7	5	-8.64628772365725	1.0	0.5097690941385435	72057.0	5634.0	5425.0	534.0	217.0	7834.0	810.0	372.0	523.0	5416.0	245.0	309.0	252.0	340.0	32.0
5	1	7	-0.33139081867675824	0.6298252823891319	1.0415094339622641	72057.0	5425.0	7834.0	523.0	309.0	5634.0	534.0	217.0	810.0	5416.0	252.0	372.0	340.0	245.0	32.0
1	5	8	-0.5882562894716447	0.7218199035944795	1.0212264150943395	72630.0	4852.0	5719.0	449.0	217.0	7912.0	467.0	287.0	1333.0	4897.0	248.0	429.0	214.0	312.0	34.0
1	8	5	-28.8899199940518	1.0	0.49485714285714283	72630.0	5719.0	4852.0	449.0	217.0	7912.0	1333.0	429.0	467.0	4897.0	214.0	287.0	248.0	312.0	34.0
5	1	8	0.600483325511471	0.2740920369835925	0.9800443458980045	72630.0	4852.0	7912.0	467.0	287.0	5719.0	449.0	217.0	1333.0	4897.0	248.0	429.0	312.0	214.0	34.0
1	5	9	0.4476445028675149	0.3272049165996731	0.9906340057636888	73023.0	4459.0	5750.0	432.0	203.0	7999.0	419.0	248.0	1794.0	4463.0	221.0	483.0	197.0	281.0	28.0
1	9	5	-46.89937022350427	1.0	0.5023748629886736	73023.0	5750.0	4459.0	432.0	203.0	7999.0	1794.0	483.0	419.0	4463.0	197.0	248.0	221.0	281.0	28.0
5	1	9	-0.44341222756767656	0.6712661745938289	1.0096367679762788	73023.0	4459.0	7999.0	419.0	248.0	5750.0	432.0	203.0	1794.0	4463.0	221.0	483.0	281.0	197.0	28.0
1	6	7	0.5738528774422199	0.28303364379964846	0.94375	72132.0	5429.0	5559.0	529.0	218.0	7842.0	511.0	307.0	813.0	5430.0	253.0	361.0	243.0	342.0	31.0
1	7	6	-9.05412317742175	1.0	0.5153583617747439	72132.0	5559.0	5429.0	529.0	218.0	7842.0	813.0	361.0	511.0	5430.0	243.0	307.0	253.0	342.0	31.0
6	1	7	-0.5396497258065912	0.7052807135198449	1.0676691729323309	72132.0	5429.0	7842.0	511.0	307.0	5559.0	529.0	218.0	813.0	5430.0	253.0	361.0	342.0	243.0	31.0
1	6	8	-0.3636818592438962	0.6419521424599182	1.0126874279123415	72697.0	4864.0	5652.0	446.0	208.0	7921.0	457.0	282.0	1335.0	4910.0	251.0	418.0	211.0	314.0	34.0
1	8	6	-29.392106624347647	1.0	0.49688737973967173	72697.0	5652.0	4864.0	446.0	208.0	7921.0	1335.0	418.0	457.0	4910.0	211.0	282.0	251.0	314.0	34.0
6	1	8	0.3682382378904598	0.35634786094483917	0.9877777777777778	72697.0	4864.0	7921.0	457.0	282.0	5652.0	446.0	208.0	1335.0	4910.0	251.0	418.0	314.0	211.0	34.0
1	6	9	0.8020876967245523	0.2112510561492209	0.9837225760792639	73099.0	4462.0	5674.0	429.0	203.0	8006.0	406.0	248.0	1796.0	4477.0	223.0	474.0	196.0	282.0	25.0
1	9	6	-47.67190788793313	1.0	0.5041712005803409	73099.0	5674.0	4462.0	429.0	203.0	8006.0	1796.0	474.0	406.0	4477.0	196.0	248.0	223.0	282.0	25.0
6	1	9	-0.7888157420305488	0.7848902085994457	1.0171130952380953	73099.0	4462.0	8006.0	406.0	248.0	5674.0	429.0	203.0	1796.0	4477.0	223.0	474.0	282.0	196.0	25.0
1	7	8	1.2876169972729057	0.09893972821051	0.9391025641025642	72874.0	4817.0	5475.0	480.0	221.0	8270.0	442.0	304.0	1028.0	4918.0	238.0	376.0	218.0	320.0	19.0
1	8	7	-18.56879248698821	1.0	0.5167548500881834	72874.0	5475.0	4817.0	480.0	221.0	8270.0	1028.0	376.0	442.0	4918.0	218.0	304.0	238.0	320.0	19.0
7	1	8	-1.204119649326881	0.8857282665611245	1.0745098039215686	72874.0	4817.0	8270.0	442.0	304.0	5475.0	480.0	221.0	1028.0	4918.0	238.0	376.0	320.0	218.0	19.0
1	7	9	1.6282665327396584	0.05173418233896032	0.9590747330960854	73232.0	4459.0	5541.0	437.0	198.0	8381.0	391.0	244.0	1469.0	4502.0	213.0	426.0	186.0	296.0	25.0
1	9	7	-36.52980569102883	1.0	0.5109004739336493	73232.0	5541.0	4459.0	437.0	198.0	8381.0	1469.0	426.0	391.0	4502.0	186.0	244.0	213.0	296.0	25.0
7	1	9	-1.5587857716023443	0.9404764413070733	1.0466531440162272	73232.0	4459.0	8381.0	391.0	244.0	5541.0	437.0	198.0	1469.0	4502.0	213.0	426.0	296.0	186.0	25.0
1	8	9	0.03527896133868281	0.4859285913669421	0.9979674796747967	73819.0	4530.0	4954.0	403.0	161.0	9015.0	402.0	257.0	893.0	4503.0	182.0	368.0	174.0	319.0	20.0
1	9	8	-17.286691055953778	1.0	0.5005096839959224	73819.0	4954.0	4530.0	403.0	161.0	9015.0	893.0	368.0	402.0	4503.0	174.0	257.0	182.0	319.0	20.0
8	1	9	-0.03520711009359384	0.5140427618675968	1.0020449897750512	73819.0	4530.0	9015.0	402.0	257.0	4954.0	403.0	161.0	893.0	4503.0	182.0	368.0	319.0	174.0	20.0
2	3	4	-0.7402904694343905	0.7704381873542361	1.0160493827160493	81214.0	2779.0	1952.0	145.0	37.0	1912.0	158.0	29.0	981.0	10261.0	224.0	50.0	120.0	133.0	5.0
2	4	3	-47.60637172670392	1.0	0.4960819770946353	81214.0	1952.0	2779.0	145.0	37.0	1912.0	981.0	50.0	158.0	10261.0	120.0	29.0	224.0	133.0	5.0
3	2	4	0.7519840005433177	0.22603027251230157	0.9846878680800942	81214.0	2779.0	1912.0	158.0	29.0	1952.0	145.0	37.0	981.0	10261.0	224.0	50.0	133.0	120.0	5.0
2	3	5	-0.17860460226226524	0.5708759020363623	1.0036057692307692	81248.0	2745.0	1950.0	139.0	45.0	1924.0	142.0	33.0	977.0	10235.0	254.0	49.0	123.0	132.0	4.0
2	5	3	-49.89021889859263	1.0	0.49910340705319783	81248.0	1950.0	2745.0	139.0	45.0	1924.0	977.0	49.0	142.0	10235.0	123.0	33.0	254.0	132.0	4.0
3	2	5	0.17924629544404583	0.4288721651520895	0.9964328180737217	81248.0	2745.0	1924.0	142.0	33.0	1950.0	139.0	45.0	977.0	10235.0	254.0	49.0	132.0	123.0	4.0
2	3	6	-0.41416684613470656	0.6606239967179779	1.0086100861008611	81325.0	2668.0	1961.0	138.0	35.0	1920.0	145.0	34.0	965.0	10250.0	251.0	50.0	123.0	131.0	4.0
2	6	3	-48.93085453620037	1.0	0.49787492410443235	81325.0	1961.0	2668.0	138.0	35.0	1920.0	965.0	50.0	145.0	10250.0	123.0	34.0	251.0	131.0	4.0
3	2	6	0.4177024167724417	0.3380823940112848	0.9916067146282974	81325.0	2668.0	1920.0	145.0	34.0	1961.0	138.0	35.0	965.0	10250.0	251.0	50.0	131.0	123.0	4.0
2	3	7	-0.9752980301728281	0.8352937761206813	1.003439380911436	77940.0	6053.0	1935.0	126.0	73.0	1887.0	142.0	70.0	4810.0	6062.0	594.0	135.0	78.0	86.0	9.0
2	7	3	-285.5184983330959	1.0	0.4991445680068435	77940.0	1935.0	6053.0	126.0	73.0	1887.0	4810.0	135.0	142.0	6062.0	78.0	70.0	594.0	86.0	9.0
3	2	7	0.9786409540123236	0.16387870968642892	0.9965957446808511	77940.0	6053.0	1887.0	142.0	70.0	1935.0	126.0	73.0	4810.0	6062.0	594.0	135.0	86.0	78.0	9.0
2	3	8	-0.1900239077300516	0.5753547848269249	1.0005674295441649	78607.0	5386.0	1948.0	123.0	63.0	1898.0	126.0	75.0	5416.0	5502.0	548.0	154.0	69.0	72.0	13.0
2	8	3	-335.26551453839033	1.0	0.4998582632523859	78607.0	1948.0	5386.0	123.0	63.0	1898.0	5416.0	154.0	126.0	5502.0	69.0	75.0	548.0	72.0	13.0
3	2	8	0.19013167176090043	0.4246029932924995	0.9994335347432024	78607.0	5386.0	1898.0	126.0	75.0	1948.0	123.0	63.0	5416.0	5502.0	548.0	154.0	72.0	69.0	13.0
2	3	9	-1.6733828528743369	0.9528740464915051	1.0044881753840842	79059.0	4934.0	1961.0	107.0	66.0	1904.0	133.0	62.0	5952.0	5000.0	514.0	173.0	55.0	69.0	11.0
2	9	3	-376.18933750194094	1.0	0.4988854595336077	79059.0	1961.0	4934.0	107.0	66.0	1904.0	5952.0	173.0	133.0	5000.0	55.0	62.0	514.0	69.0	11.0
3	2	9	1.6808597310621236	0.04639505744367567	0.9955714529041049	79059.0	4934.0	1904.0	133.0	62.0	1961.0	107.0	66.0	5952.0	5000.0	514.0	173.0	69.0	55.0	11.0
2	4	5	0.3913659914778982	0.3477634159779861	0.0879120879120879	80593.0	2573.0	2605.0	307.0	49.0	2675.0	224.0	44.0	232.0	10129.0	178.0	43.0	147.0	197.0	4.0
2	5	4	-99999.9	1.0	-0.11940298507462688	80593.0	2605.0	2573.0	307.0	49.0	2675.0	232.0	43.0	224.0	10129.0	147.0	44.0	178.0	197.0	4.0
4	2	5	-3.6690561701053075	0.9998782437757638	0.47468354430379744	80593.0	2573.0	2675.0	224.0	44.0	2605.0	307.0	49.0	232.0	10129.0	178.0	43.0	197.0	147.0	4.0
2	4	6	-99999.9	1.0	-0.05714285714285715	80679.0	2487.0	2607.0	301.0	53.0	2670.0	227.0	46.0	223.0	10141.0	175.0	42.0	150.0	195.0	4.0
2	6	4	0.1932116051251313	0.4233966448028432	0.048780487804878044	80679.0	2607.0	2487.0	301.0	53.0	2670.0	223.0	42.0	227.0	10141.0	150.0	46.0	175.0	195.0	4.0
4	2	6	-3.5744146948149584	0.9998244549517906	0.513157894736842	80679.0	2487.0	2670.0	227.0	46.0	2607.0	301.0	53.0	223.0	10141.0	175.0	42.0	195.0	150.0	4.0
2	4	7	-1.2727684321564967	0.8984498181606592	1.006867406233492	77215.0	5951.0	2660.0	194.0	107.0	2633.0	220.0	90.0	4032.0	5973.0	534.0	167.0	89.0	127.0	8.0
2	7	4	-187.88020163910127	1.0	0.4983006535947712	77215.0	2660.0	5951.0	194.0	107.0	2633.0	4032.0	167.0	220.0	5973.0	89.0	90.0	534.0	127.0	8.0
4	2	7	1.2814494340547309	0.10001799367788755	0.9932712215320911	77215.0	5951.0	2633.0	220.0	90.0	2660.0	194.0	107.0	4032.0	5973.0	534.0	167.0	127.0	89.0	8.0
2	4	8	-1.5983695479902849	0.9450196210791768	1.0070294784580498	77862.0	5304.0	2693.0	171.0	97.0	2637.0	202.0	104.0	4643.0	5408.0	488.0	188.0	87.0	103.0	13.0
2	8	4	-230.57769737459864	1.0	0.4982609671266689	77862.0	2693.0	5304.0	171.0	97.0	2637.0	4643.0	188.0	202.0	5408.0	87.0	104.0	488.0	103.0	13.0
4	2	8	1.6095268224752428	0.05375059410795624	0.9931157006440151	77862.0	5304.0	2637.0	202.0	104.0	2693.0	171.0	97.0	4643.0	5408.0	488.0	188.0	103.0	87.0	13.0
2	4	9	-1.3010843508411911	0.9033851403708426	1.0050515255607193	78316.0	4850.0	2704.0	171.0	86.0	2664.0	196.0	83.0	5170.0	4910.0	459.0	195.0	82.0	99.0	15.0
2	9	4	-260.1648267942043	1.0	0.49874661586282965	78316.0	2704.0	4850.0	171.0	86.0	2664.0	5170.0	195.0	196.0	4910.0	82.0	83.0	459.0	99.0	15.0
4	2	9	1.307623777614619	0.09550054131373842	0.9950238853503185	78316.0	4850.0	2664.0	196.0	83.0	2704.0	171.0	86.0	5170.0	4910.0	459.0	195.0	99.0	82.0	15.0
2	5	6	-99999.9	1.0	-0.00702576112412178	82591.0	607.0	695.0	2208.0	26.0	2882.0	58.0	10.0	43.0	10420.0	37.0	10.0	40.0	372.0	1.0
2	6	5	1.4954345035986563	0.06740057168300928	0.006880733944954129	82591.0	695.0	607.0	2208.0	26.0	2882.0	43.0	10.0	58.0	10420.0	40.0	10.0	37.0	372.0	1.0
5	2	6	-214.34561218247467	1.0	0.5017381228273464	82591.0	607.0	2882.0	58.0	10.0	695.0	2208.0	26.0	43.0	10420.0	37.0	10.0	372.0	40.0	1.0
2	5	7	-0.3432480174412856	0.6342939916758097	1.0018445322793148	77245.0	5953.0	2630.0	204.0	95.0	2646.0	211.0	93.0	4013.0	5959.0	528.0	173.0	112.0	127.0	11.0
2	7	5	-186.77595691912325	1.0	0.4995401392721061	77245.0	2630.0	5953.0	204.0	95.0	2646.0	4013.0	173.0	211.0	5959.0	112.0	93.0	528.0	127.0	11.0
5	2	7	0.34387998380690604	0.36546833908166876	0.9981656184486373	77245.0	5953.0	2646.0	211.0	93.0	2630.0	204.0	95.0	4013.0	5959.0	528.0	173.0	127.0	112.0	11.0
2	5	8	-2.1633149115973676	0.984741570613251	1.0093735711019662	77889.0	5309.0	2666.0	157.0	106.0	2653.0	198.0	99.0	4613.0	5396.0	491.0	202.0	103.0	105.0	13.0
2	8	5	-235.11539624580146	1.0	0.49768909931236616	77889.0	2666.0	5309.0	157.0	106.0	2653.0	4613.0	202.0	198.0	5396.0	103.0	99.0	491.0	105.0	13.0
5	2	8	2.183404585748102	0.014502963388281165	0.9908828107627307	77889.0	5309.0	2653.0	198.0	99.0	2666.0	157.0	106.0	4613.0	5396.0	491.0	202.0	105.0	103.0	13.0
2	5	9	-1.4014530541327115	0.9194606273885947	1.0052877770998576	78338.0	4860.0	2682.0	158.0	89.0	2684.0	184.0	82.0	5127.0	4917.0	456.0	218.0	87.0	101.0	17.0
2	9	5	-267.8392394609785	1.0	0.49868845843422116	78338.0	2682.0	4860.0	158.0	89.0	2684.0	5127.0	218.0	184.0	4917.0	87.0	82.0	456.0	101.0	17.0
5	2	9	1.4088246461633511	0.07944356551601006	0.9947947947947948	78338.0	4860.0	2684.0	184.0	82.0	2682.0	158.0	89.0	5127.0	4917.0	456.0	218.0	101.0	87.0	17.0
2	6	7	-0.04980080486581344	0.5198595045045475	1.0002623294858342	77333.0	5953.0	2542.0	201.0	98.0	2641.0	202.0	92.0	4015.0	5974.0	529.0	176.0	106.0	126.0	12.0
2	7	6	-189.94026975821197	1.0	0.49993444342467547	77333.0	2542.0	5953.0	201.0	98.0	2641.0	4015.0	176.0	202.0	5974.0	106.0	92.0	529.0	126.0	12.0
6	2	7	0.04981386565911682	0.4801352914469045	0.999737876802097	77333.0	5953.0	2641.0	202.0	92.0	2542.0	201.0	98.0	4015.0	5974.0	529.0	176.0	126.0	106.0	12.0
2	6	8	-1.9539811801750042	0.9746483474416705	1.0081929904415112	77969.0	5317.0	2586.0	150.0	105.0	2649.0	186.0	100.0	4616.0	5413.0	489.0	203.0	98.0	107.0	12.0
2	8	6	-242.40222085171044	1.0	0.49797661870503596	77969.0	2586.0	5317.0	150.0	105.0	2649.0	4616.0	203.0	186.0	5413.0	98.0	100.0	489.0	107.0	12.0
6	2	8	1.9698600340093837	0.024427137771454444	0.9920035539760107	77969.0	5317.0	2649.0	186.0	100.0	2586.0	150.0	105.0	4616.0	5413.0	489.0	203.0	107.0	98.0	12.0
2	6	9	-0.988721923562	0.8386003878243774	1.0036437246963563	78427.0	4859.0	2593.0	156.0	92.0	2678.0	174.0	83.0	5132.0	4931.0	455.0	219.0	83.0	101.0	17.0
2	9	6	-273.32668286914	1.0	0.49909402053553453	78427.0	2593.0	4859.0	156.0	92.0	2678.0	5132.0	219.0	174.0	4931.0	83.0	83.0	455.0	101.0	17.0
6	2	9	0.9923114747165211	0.1605228106664911	0.9963956748097718	78427.0	4859.0	2678.0	174.0	83.0	2593.0	156.0	92.0	5132.0	4931.0	455.0	219.0	101.0	83.0	17.0
2	7	8	0.3587001900834292	0.3599097562785889	0.983249581239531	74928.0	4947.0	5627.0	400.0	225.0	6216.0	390.0	226.0	977.0	5080.0	225.0	275.0	227.0	238.0	19.0
2	8	7	-20.69700096781399	1.0	0.5042955326460482	74928.0	5627.0	4947.0	400.0	225.0	6216.0	977.0	275.0	390.0	5080.0	227.0	226.0	225.0	238.0	19.0
7	2	8	-0.3525894543068802	0.6378018130200931	1.017636684303351	74928.0	4947.0	6216.0	390.0	226.0	5627.0	400.0	225.0	977.0	5080.0	225.0	275.0	238.0	227.0	19.0
2	7	9	0.4477556329717126	0.3271648097611364	0.9888268156424581	75329.0	4546.0	5691.0	369.0	192.0	6284.0	357.0	191.0	1419.0	4640.0	223.0	326.0	191.0	226.0	16.0
2	9	7	-39.1786178850249	1.0	0.5028409090909091	75329.0	5691.0	4546.0	369.0	192.0	6284.0	1419.0	326.0	357.0	4640.0	191.0	191.0	223.0	226.0	16.0
7	2	9	-0.44269624728841644	0.6710072422089757	1.0115606936416186	75329.0	4546.0	6284.0	357.0	191.0	5691.0	369.0	192.0	1419.0	4640.0	223.0	326.0	226.0	191.0	16.0
2	8	9	-1.1670783967560285	0.8784105844753172	1.0709534368070954	75945.0	4610.0	5075.0	333.0	164.0	6889.0	365.0	214.0	848.0	4656.0	193.0	292.0	167.0	236.0	13.0
2	9	8	-18.782667947792334	1.0	0.4839679358717435	75945.0	5075.0	4610.0	333.0	164.0	6889.0	848.0	292.0	365.0	4656.0	167.0	214.0	193.0	236.0	13.0
8	2	9	1.244400360930341	0.10667619341974821	0.9414990859232175	75945.0	4610.0	6889.0	365.0	214.0	5075.0	333.0	164.0	848.0	4656.0	193.0	292.0	236.0	167.0	13.0
3	4	5	0.04714606837985647	0.48119833939469525	0.011494252873563218	80569.0	2557.0	2603.0	313.0	50.0	2699.0	227.0	57.0	228.0	10132.0	179.0	49.0	147.0	188.0	2.0
3	5	4	-99999.9	1.0	-0.011904761904761904	80569.0	2603.0	2557.0	313.0	50.0	2699.0	228.0	49.0	227.0	10132.0	147.0	57.0	179.0	188.0	2.0
4	3	5	-4.007415812287789	0.9999692921320368	0.49707602339181284	80569.0	2557.0	2699.0	227.0	57.0	2603.0	313.0	50.0	228.0	10132.0	179.0	49.0	188.0	147.0	2.0
3	4	6	-99999.9	1.0	-0.1095890410958904	80642.0	2484.0	2603.0	311.0	52.0	2707.0	230.0	46.0	222.0	10139.0	178.0	47.0	150.0	187.0	2.0
3	6	4	0.39200230314278095	0.34752830850396066	0.08247422680412371	80642.0	2603.0	2484.0	311.0	52.0	2707.0	222.0	47.0	230.0	10139.0	150.0	46.0	178.0	187.0	2.0
4	3	6	-3.969023319320668	0.9999639000261304	0.5235294117647059	80642.0	2484.0	2707.0	230.0	46.0	2603.0	311.0	52.0	222.0	10139.0	178.0	47.0	187.0	150.0	2.0
3	4	7	-0.3936555945973607	0.6530822832269472	1.0020958868221117	77169.0	5957.0	2658.0	202.0	106.0	2679.0	210.0	94.0	4035.0	5973.0	531.0	166.0	91.0	119.0	10.0
3	7	4	-188.61023676146098	1.0	0.4994776704100287	77169.0	2658.0	5957.0	202.0	106.0	2679.0	4035.0	166.0	210.0	5973.0	91.0	94.0	531.0	119.0	10.0
4	3	7	0.3944789265599173	0.3466137928290207	0.9979172090601406	77169.0	5957.0	2679.0	210.0	94.0	2658.0	202.0	106.0	4035.0	5973.0	531.0	166.0	119.0	91.0	10.0
3	4	8	-1.5091234690523974	0.934366356402218	1.0068119891008174	77813.0	5313.0	2692.0	181.0	93.0	2686.0	211.0	86.0	4645.0	5398.0	496.0	187.0	88.0	103.0	8.0
3	8	4	-224.55757219499657	1.0	0.49831422791638574	77813.0	2692.0	5313.0	181.0	93.0	2686.0	4645.0	187.0	211.0	5398.0	88.0	86.0	496.0	103.0	8.0
4	3	8	1.5193340473274473	0.06433924097479882	0.9933244325767691	77813.0	5313.0	2686.0	211.0	86.0	2692.0	181.0	93.0	4645.0	5398.0	496.0	187.0	103.0	88.0	8.0
3	4	9	-0.21070268601659853	0.5834403281827782	1.0008038585209003	78259.0	4867.0	2704.0	178.0	84.0	2721.0	182.0	80.0	5162.0	4912.0	465.0	203.0	82.0	90.0	11.0
3	9	4	-262.5355467766824	1.0	0.49979927739863506	78259.0	2704.0	4867.0	178.0	84.0	2721.0	5162.0	203.0	182.0	4912.0	82.0	80.0	465.0	90.0	11.0
4	3	9	0.2108719251218328	0.416493638687396	0.9991980753809142	78259.0	4867.0	2721.0	182.0	80.0	2704.0	178.0	84.0	5162.0	4912.0	465.0	203.0	90.0	82.0	11.0
3	5	6	-99999.9	1.0	-0.004666355576294914	82562.0	610.0	683.0	2213.0	24.0	2911.0	60.0	5.0	50.0	10418.0	38.0	15.0	41.0	369.0	1.0
3	6	5	0.9548281520679157	0.1698322962336497	0.004601932811780948	82562.0	683.0	610.0	2213.0	24.0	2911.0	50.0	15.0	60.0	10418.0	41.0	5.0	38.0	369.0	1.0
5	3	6	-205.57450114022234	1.0	0.5011584800741427	82562.0	610.0	2911.0	60.0	5.0	683.0	2213.0	24.0	50.0	10418.0	38.0	15.0	369.0	41.0	1.0
3	5	7	0.498076227063682	0.3092151574837251	0.9973856209150327	77209.0	5963.0	2618.0	207.0	95.0	2682.0	197.0	97.0	4012.0	5966.0	528.0	186.0	111.0	117.0	12.0
3	7	5	-189.5180043977307	1.0	0.5006561679790026	77209.0	2618.0	5963.0	207.0	95.0	2682.0	4012.0	186.0	197.0	5966.0	111.0	97.0	528.0	117.0	12.0
5	3	7	-0.49677065372930795	0.6903246037275024	1.002635046113307	77209.0	5963.0	2682.0	197.0	97.0	2618.0	207.0	95.0	4012.0	5966.0	528.0	186.0	117.0	111.0	12.0
3	5	8	-1.9811036776107809	0.9762102452713732	1.0086857142857142	77853.0	5319.0	2652.0	163.0	105.0	2689.0	201.0	86.0	4614.0	5393.0	499.0	215.0	103.0	102.0	6.0
3	8	5	-232.04980181698957	1.0	0.4978564981949458	77853.0	2652.0	5319.0	163.0	105.0	2689.0	4614.0	215.0	201.0	5393.0	103.0	86.0	499.0	102.0	6.0
5	3	8	1.9981628073975948	0.022849437059157873	0.9915348629984406	77853.0	5319.0	2689.0	201.0	86.0	2652.0	163.0	105.0	4614.0	5393.0	499.0	215.0	102.0	103.0	6.0
3	5	9	-0.2220960058112605	0.587880386358987	1.0008080808080808	78293.0	4879.0	2670.0	160.0	90.0	2729.0	164.0	83.0	5118.0	4927.0	461.0	239.0	85.0	89.0	13.0
3	9	5	-275.28799920305875	1.0	0.49979822437449556	78293.0	2670.0	4879.0	160.0	90.0	2729.0	5118.0	239.0	164.0	4927.0	85.0	83.0	461.0	89.0	13.0
5	3	9	0.22227533242071648	0.41204981703387134	0.9991938734381298	78293.0	4879.0	2729.0	164.0	83.0	2670.0	160.0	90.0	5118.0	4927.0	461.0	239.0	89.0	85.0	13.0
3	6	7	0.7598572248430165	0.2236698994534816	0.9960927324824173	77282.0	5963.0	2545.0	203.0	99.0	2692.0	188.0	96.0	4012.0	5980.0	527.0	176.0	106.0	118.0	13.0
3	7	6	-192.9530779618032	1.0	0.5009825756583257	77282.0	2545.0	5963.0	203.0	99.0	2692.0	4012.0	176.0	188.0	5980.0	106.0	96.0	527.0	118.0	13.0
6	3	7	-0.7568766133438938	0.7754381733692057	1.0039536109646812	77282.0	5963.0	2692.0	188.0	96.0	2545.0	203.0	99.0	4012.0	5980.0	527.0	176.0	118.0	106.0	13.0
3	6	8	-1.7029117364597173	0.9557077365371756	1.0072843159572047	77920.0	5325.0	2585.0	159.0	103.0	2698.0	191.0	87.0	4616.0	5407.0	496.0	204.0	99.0	104.0	6.0
3	8	6	-237.1836752937798	1.0	0.4981986039180365	77920.0	2585.0	5325.0	159.0	103.0	2698.0	4616.0	204.0	191.0	5407.0	99.0	87.0	496.0	104.0	6.0
6	3	8	1.715226578395697	0.04315181346019292	0.9928714635776342	77920.0	5325.0	2698.0	191.0	87.0	2585.0	159.0	103.0	4616.0	5407.0	496.0	204.0	104.0	99.0	6.0
3	6	9	0.28092057683143207	0.38938572419733974	0.9989939637826962	78369.0	4876.0	2594.0	161.0	92.0	2736.0	156.0	84.0	5121.0	4938.0	460.0	229.0	82.0	89.0	13.0
3	9	6	-278.67321221677935	1.0	0.5002518891687657	78369.0	2594.0	4876.0	161.0	92.0	2736.0	5121.0	229.0	156.0	4938.0	82.0	84.0	460.0	89.0	13.0
6	3	9	-0.2806376759484196	0.6105057770128535	1.0010090817356205	78369.0	4876.0	2736.0	156.0	84.0	2594.0	161.0	92.0	5121.0	4938.0	460.0	229.0	89.0	82.0	13.0
3	7	8	0.24695164314168364	0.4024728777734514	0.9879518072289156	74877.0	4950.0	5628.0	410.0	227.0	6267.0	403.0	210.0	977.0	5070.0	227.0	274.0	224.0	238.0	18.0
3	8	7	-20.003083094476445	1.0	0.5030674846625767	74877.0	5628.0	4950.0	410.0	227.0	6267.0	977.0	274.0	403.0	5070.0	224.0	210.0	227.0	238.0	18.0
7	3	8	-0.24394003773751674	0.5963613177850624	1.0125	74877.0	4950.0	6267.0	403.0	210.0	5628.0	410.0	227.0	977.0	5070.0	227.0	274.0	238.0	224.0	18.0
3	7	9	1.1662833689589363	0.12175000729076524	0.971894832275612	75278.0	4549.0	5685.0	378.0	202.0	6335.0	347.0	198.0	1419.0	4639.0	216.0	332.0	190.0	218.0	14.0
3	9	7	-39.16454797052428	1.0	0.5073355418835779	75278.0	5685.0	4549.0	378.0	202.0	6335.0	1419.0	332.0	347.0	4639.0	190.0	198.0	216.0	218.0	14.0
7	3	9	-1.1325568909386683	0.8712997569086258	1.0306930693069307	75278.0	4549.0	6335.0	347.0	198.0	5685.0	378.0	202.0	1419.0	4639.0	216.0	332.0	218.0	190.0	14.0
3	8	9	-0.41068239971383846	0.6593472382384635	1.0225872689938398	75890.0	4615.0	5073.0	345.0	169.0	6944.0	356.0	218.0	854.0	4652.0	191.0	288.0	168.0	228.0	9.0
3	9	8	-19.00339467766756	1.0	0.4945382323733863	75890.0	5073.0	4615.0	345.0	169.0	6944.0	854.0	288.0	356.0	4652.0	168.0	218.0	191.0	228.0	9.0
8	3	9	0.4197536976994855	0.3373327370429735	0.9788461538461538	75890.0	4615.0	6944.0	356.0	218.0	5073.0	345.0	169.0	854.0	4652.0	191.0	288.0	228.0	168.0	9.0
4	5	6	-99999.9	1.0	-0.0024189646831156266	82665.0	603.0	684.0	2129.0	28.0	2808.0	57.0	15.0	52.0	10543.0	38.0	12.0	37.0	328.0	1.0
4	6	5	0.47921651225571665	0.3158923140346058	0.0024015369836695483	82665.0	684.0	603.0	2129.0	28.0	2808.0	52.0	12.0	57.0	10543.0	37.0	15.0	38.0	328.0	1.0
5	4	6	-198.587322678769	1.0	0.5006025548324897	82665.0	603.0	2808.0	57.0	15.0	684.0	2129.0	28.0	52.0	10543.0	38.0	12.0	328.0	37.0	1.0
4	5	7	0.8758898879713184	0.1905449107035332	0.9954233409610984	77318.0	5950.0	2530.0	221.0	90.0	2573.0	203.0	104.0	4118.0	5981.0	534.0	168.0	110.0	88.0	12.0
4	7	5	-189.63016074579025	1.0	0.501152073732719	77318.0	2530.0	5950.0	221.0	90.0	2573.0	4118.0	168.0	203.0	5981.0	110.0	104.0	534.0	88.0	12.0
5	4	7	-0.8718628080266227	0.8083584266258765	1.0046403712296983	77318.0	5950.0	2573.0	203.0	104.0	2530.0	221.0	90.0	4118.0	5981.0	534.0	168.0	88.0	110.0	12.0
4	5	8	-0.6888123346718511	0.7545293819108345	1.0028672254080282	77940.0	5328.0	2559.0	171.0	111.0	2602.0	184.0	94.0	4731.0	5404.0	498.0	191.0	94.0	83.0	10.0
4	8	5	-241.61417277720375	1.0	0.49928626331393433	77940.0	2559.0	5328.0	171.0	111.0	2602.0	4731.0	191.0	184.0	5404.0	94.0	94.0	498.0	83.0	10.0
5	4	8	0.6907816683755533	0.24485131038506824	0.9971572272031489	77940.0	5328.0	2602.0	184.0	94.0	2559.0	171.0	111.0	4731.0	5404.0	498.0	191.0	83.0	94.0	10.0
4	5	9	0.16153805251591827	0.4358348146205664	0.9994093325457767	78401.0	4867.0	2579.0	174.0	88.0	2621.0	171.0	88.0	5247.0	4924.0	462.0	201.0	85.0	78.0	14.0
4	9	5	-273.1608468044194	1.0	0.5001477978125924	78401.0	2579.0	4867.0	174.0	88.0	2621.0	5247.0	201.0	171.0	4924.0	85.0	88.0	462.0	78.0	14.0
5	4	9	-0.16144258085367488	0.5641275912035204	1.0005917159763313	78401.0	4867.0	2621.0	171.0	88.0	2579.0	174.0	88.0	5247.0	4924.0	462.0	201.0	78.0	85.0	14.0
4	6	7	1.1345674517465234	0.12827835176004498	0.9941565040650406	77397.0	5952.0	2451.0	218.0	91.0	2577.0	195.0	100.0	4108.0	5993.0	536.0	174.0	106.0	90.0	12.0
4	7	6	-191.88988640408593	1.0	0.5014737921312316	77397.0	2451.0	5952.0	218.0	91.0	2577.0	4108.0	174.0	195.0	5993.0	106.0	100.0	536.0	90.0	12.0
6	4	7	-1.127898642293375	0.8703185846804937	1.0059477631238687	77397.0	5952.0	2577.0	195.0	100.0	2451.0	218.0	91.0	4108.0	5993.0	536.0	174.0	90.0	106.0	12.0
4	6	8	-0.4853773375775832	0.6862956410716371	1.0019828155981494	78013.0	5336.0	2486.0	167.0	107.0	2605.0	176.0	91.0	4724.0	5416.0	497.0	195.0	90.0	87.0	10.0
4	8	6	-245.76272526011664	1.0	0.49950576606260294	78013.0	2486.0	5336.0	167.0	107.0	2605.0	4724.0	195.0	176.0	5416.0	90.0	91.0	497.0	87.0	10.0
6	4	8	0.4863378468208107	0.3133638307864922	0.9980289093298291	78013.0	5336.0	2605.0	176.0	91.0	2486.0	167.0	107.0	4724.0	5416.0	497.0	195.0	87.0	90.0	10.0
4	6	9	0.48915070939073996	0.3123675058402653	0.9982307843522705	78485.0	4864.0	2495.0	174.0	91.0	2620.0	165.0	87.0	5243.0	4933.0	461.0	206.0	82.0	81.0	13.0
4	9	6	-275.5005495446296	1.0	0.5004434808317729	78485.0	2495.0	4864.0	174.0	91.0	2620.0	5243.0	206.0	165.0	4933.0	82.0	87.0	461.0	81.0	13.0
6	4	9	-0.48828376248555744	0.6873255645495263	1.0017786561264823	78485.0	4864.0	2620.0	165.0	87.0	2495.0	174.0	91.0	5243.0	4933.0	461.0	206.0	81.0	82.0	13.0
4	7	8	1.368246084329714	0.08561759077017828	0.9416282642089093	74894.0	4954.0	5605.0	426.0	230.0	6250.0	388.0	221.0	1001.0	5071.0	222.0	273.0	223.0	221.0	21.0
4	8	7	-20.703723644462766	1.0	0.515993265993266	74894.0	5605.0	4954.0	426.0	230.0	6250.0	1001.0	273.0	388.0	5071.0	223.0	221.0	222.0	221.0	21.0
7	4	8	-1.283428219395735	0.9003288851521621	1.0707635009310987	74894.0	4954.0	6250.0	388.0	221.0	5605.0	426.0	230.0	1001.0	5071.0	222.0	273.0	221.0	223.0	21.0
4	7	9	1.561463063120807	0.05920727761164746	0.9627989371124889	75313.0	4535.0	5667.0	395.0	199.0	6300.0	353.0	206.0	1440.0	4636.0	218.0	329.0	191.0	204.0	14.0
4	9	7	-38.85068811812487	1.0	0.5098499061913696	75313.0	5667.0	4535.0	395.0	199.0	6300.0	1440.0	329.0	353.0	4636.0	191.0	206.0	218.0	204.0	14.0
7	4	9	-1.5011305436625975	0.9333390705278276	1.0418743768693919	75313.0	4535.0	6300.0	353.0	206.0	5667.0	395.0	199.0	1440.0	4636.0	218.0	329.0	204.0	191.0	14.0
4	8	9	-0.3666979472899269	0.6430777700031582	1.0208333333333333	75907.0	4592.0	5073.0	359.0	178.0	6927.0	369.0	228.0	859.0	4642.0	181.0	283.0	169.0	224.0	9.0
4	9	8	-18.334897364496292	1.0	0.494949494949495	75907.0	5073.0	4592.0	359.0	178.0	6927.0	859.0	283.0	369.0	4642.0	169.0	228.0	181.0	224.0	9.0
8	4	9	0.3741815788672723	0.354134672854475	0.9803921568627451	75907.0	4592.0	6927.0	369.0	228.0	5073.0	359.0	178.0	859.0	4642.0	181.0	283.0	224.0	169.0	9.0
5	6	7	0.800044773324144	0.21184236837834192	0.9986776859504132	79295.0	6178.0	596.0	54.0	25.0	679.0	46.0	23.0	6088.0	6220.0	692.0	49.0	24.0	27.0	4.0
5	7	6	-603.4337702797366	1.0	0.5003312355084465	79295.0	596.0	6178.0	54.0	25.0	679.0	6088.0	49.0	46.0	6220.0	24.0	23.0	692.0	27.0	4.0
6	5	7	-0.7989854621380148	0.7878506393300833	1.001327580484567	79295.0	6178.0	679.0	46.0	23.0	596.0	54.0	25.0	6088.0	6220.0	692.0	49.0	27.0	24.0	4.0
5	6	8	0.5999362589689543	0.27427431025991733	0.9991060786650775	79945.0	5528.0	597.0	53.0	25.0	673.0	47.0	28.0	6753.0	5590.0	657.0	55.0	21.0	27.0	1.0
5	8	6	-669.9288225153294	1.0	0.5002237803968372	79945.0	597.0	5528.0	53.0	25.0	673.0	6753.0	55.0	47.0	5590.0	21.0	28.0	657.0	27.0	1.0
6	5	8	-0.5993994833122568	0.7255467870559749	1.0008963250672245	79945.0	5528.0	673.0	47.0	28.0	597.0	53.0	25.0	6753.0	5590.0	657.0	55.0	27.0	21.0	1.0
5	6	9	0.9998661812472845	0.15868764616770226	0.9987586206896552	80414.0	5059.0	608.0	45.0	22.0	691.0	36.0	21.0	7277.0	5121.0	602.0	59.0	19.0	22.0	4.0
5	9	6	-803.4480247533717	1.0	0.5003109237891246	80414.0	608.0	5059.0	45.0	22.0	691.0	7277.0	59.0	36.0	5121.0	19.0	21.0	602.0	22.0	4.0
6	5	9	-0.9986234253252813	0.8410114166669371	1.0012460196594213	80414.0	5059.0	691.0	36.0	21.0	608.0	45.0	22.0	7277.0	5121.0	602.0	59.0	22.0	19.0	4.0
5	7	8	1.5298965584591717	0.06302118864819461	0.9372197309417041	74944.0	4947.0	5598.0	420.0	239.0	6200.0	378.0	238.0	1005.0	5063.0	222.0	276.0	217.0	235.0	18.0
5	8	7	-21.309273492824165	1.0	0.5173267326732673	74944.0	5598.0	4947.0	420.0	239.0	6200.0	1005.0	276.0	378.0	5063.0	217.0	238.0	222.0	235.0	18.0
7	5	8	-1.4274154492800883	0.9232698611957565	1.0773480662983426	74944.0	4947.0	6200.0	378.0	238.0	5598.0	420.0	239.0	1005.0	5063.0	222.0	276.0	235.0	217.0	18.0
5	7	9	0.7858736554927082	0.21597069209446174	0.9809437386569873	75348.0	4543.0	5674.0	374.0	209.0	6265.0	353.0	198.0	1434.0	4641.0	215.0	328.0	182.0	220.0	16.0
5	9	7	-39.66790832487009	1.0	0.5049042503503036	75348.0	5674.0	4543.0	374.0	209.0	6265.0	1434.0	328.0	353.0	4641.0	182.0	198.0	215.0	220.0	16.0
7	5	9	-0.7706069147292051	0.7795300847286739	1.0202117420596728	75348.0	4543.0	6265.0	353.0	198.0	5674.0	374.0	209.0	1434.0	4641.0	215.0	328.0	220.0	182.0	16.0
5	8	9	-0.5490301177691205	0.7085076359324732	1.0337837837837838	75941.0	4601.0	5081.0	353.0	172.0	6893.0	368.0	220.0	827.0	4643.0	188.0	307.0	165.0	229.0	12.0
5	9	8	-17.349351721504213	1.0	0.4919614147909968	75941.0	5081.0	4601.0	353.0	172.0	6893.0	827.0	307.0	368.0	4643.0	165.0	220.0	188.0	229.0	12.0
8	5	9	0.5669722784805297	0.2853664731921193	0.9693251533742331	75941.0	4601.0	6893.0	368.0	220.0	5081.0	353.0	172.0	827.0	4643.0	188.0	307.0	229.0	165.0	12.0
6	7	8	1.30851687131795	0.09534909526873947	0.9455370650529501	75023.0	4951.0	5595.0	416.0	236.0	6121.0	380.0	232.0	1005.0	5072.0	224.0	279.0	218.0	230.0	18.0
6	8	7	-21.40878992239645	1.0	0.514827018121911	75023.0	5595.0	4951.0	416.0	236.0	6121.0	1005.0	279.0	380.0	5072.0	218.0	232.0	224.0	230.0	18.0
7	6	8	-1.233146299530036	0.8912393391065003	1.0650994575045207	75023.0	4951.0	6121.0	380.0	232.0	5595.0	416.0	236.0	1005.0	5072.0	224.0	279.0	230.0	218.0	18.0
6	7	9	0.636910530480448	0.26209150227900324	0.9845031905195989	75434.0	4540.0	5671.0	370.0	206.0	6179.0	353.0	201.0	1433.0	4651.0	217.0	332.0	184.0	214.0	15.0
6	9	7	-39.825640817689184	1.0	0.5039664022398506	75434.0	5671.0	4540.0	370.0	206.0	6179.0	1433.0	332.0	353.0	4651.0	184.0	201.0	217.0	214.0	15.0
7	6	9	-0.6268850869451076	0.734632774876069	1.0162523900573615	75434.0	4540.0	6179.0	353.0	201.0	5671.0	370.0	206.0	1433.0	4651.0	217.0	332.0	214.0	184.0	15.0
6	8	9	-0.8056636976630801	0.7897816653424252	1.0501138952164009	76016.0	4602.0	5089.0	343.0	171.0	6818.0	365.0	222.0	826.0	4657.0	187.0	300.0	166.0	225.0	13.0
6	9	8	-17.687980271421246	1.0	0.4883474576271186	76016.0	5089.0	4602.0	343.0	171.0	6818.0	826.0	300.0	365.0	4657.0	166.0	222.0	187.0	225.0	13.0
8	6	9	0.8441118567706457	0.19930340300099325	0.9564356435643564	76016.0	4602.0	6818.0	365.0	222.0	5089.0	343.0	171.0	826.0	4657.0	187.0	300.0	225.0	166.0	13.0
7	8	9	-1.7224172416146835	0.9575030539416953	1.1093023255813954	76516.0	4628.0	5097.0	308.0	158.0	6318.0	355.0	206.0	832.0	4701.0	185.0	286.0	179.0	216.0	15.0
7	9	8	-19.203119885236028	1.0	0.4765234765234765	76516.0	5097.0	4628.0	308.0	158.0	6318.0	832.0	286.0	355.0	4701.0	179.0	206.0	185.0	216.0	15.0
8	7	9	1.8921313094467382	0.029236678622531542	0.9176882661996497	76516.0	4628.0	6318.0	355.0	206.0	5097.0	308.0	158.0	832.0	4701.0	185.0	286.0	216.0	179.0	15.0
