P1	Hybrid	P2	Zscore	Pvalue	Gamma	AAAA	AAAB	AABA	AABB	AABC	ABAA	ABAB	ABAC	ABBA	BAAA	ABBC	CABC	BACA	BCAA	ABCD
1	2	3	1.1431088240219447	0.12649676069972582	0.9550561797752809	68597.0	5167.0	6226.0	659.0	285.0	9728.0	619.0	400.0	1469.0	5288.0	286.0	540.0	279.0	421.0	36.0
1	3	2	-23.14795368644442	1.0	0.5120481927710843	68597.0	6226.0	5167.0	659.0	285.0	9728.0	1469.0	540.0	619.0	5288.0	279.0	400.0	286.0	421.0	36.0
2	1	3	-1.0893154675973828	0.8619925617939243	1.051948051948052	68597.0	5167.0	9728.0	619.0	400.0	6226.0	659.0	285.0	1469.0	5288.0	286.0	540.0	421.0	279.0	36.0
1	2	4	1.0997512485830632	0.1357203035937804	0.9913569576490925	70732.0	3032.0	6636.0	390.0	144.0	10179.0	360.0	208.0	3801.0	3021.0	221.0	860.0	167.0	222.0	27.0
1	4	2	-125.04171696389406	1.0	0.5021891418563923	70732.0	6636.0	3032.0	390.0	144.0	10179.0	3801.0	860.0	360.0	3021.0	167.0	208.0	221.0	222.0	27.0
2	1	4	-1.0901631818996884	0.8621793243181506	1.0088731144631766	70732.0	3032.0	10179.0	360.0	208.0	6636.0	390.0	144.0	3801.0	3021.0	221.0	860.0	222.0	167.0	27.0
1	2	5	0.28671425536148665	0.3871656271683769	0.998234106962664	71290.0	2474.0	6743.0	302.0	125.0	10274.0	295.0	178.0	4252.0	2599.0	192.0	918.0	137.0	194.0	27.0
1	5	2	-161.7887583825526	1.0	0.5004426457569242	71290.0	6743.0	2474.0	302.0	125.0	10274.0	4252.0	918.0	295.0	2599.0	137.0	178.0	192.0	194.0	27.0
2	1	5	-0.28620705298910093	0.6126401626077288	1.0017752979964494	71290.0	2474.0	10274.0	295.0	178.0	6743.0	302.0	125.0	4252.0	2599.0	192.0	918.0	194.0	137.0	27.0
1	2	6	0.44703444259349695	0.32742512279395686	0.9972396486825595	71347.0	2417.0	6759.0	309.0	102.0	10254.0	298.0	195.0	4272.0	2590.0	181.0	917.0	134.0	194.0	31.0
1	6	2	-161.05431781800283	1.0	0.5006929570366636	71347.0	6759.0	2417.0	309.0	102.0	10254.0	4272.0	917.0	298.0	2590.0	134.0	195.0	181.0	194.0	31.0
2	1	6	-0.44579705485607146	0.6721280476953218	1.0027834008097165	71347.0	2417.0	10254.0	298.0	195.0	6759.0	309.0	102.0	4272.0	2590.0	181.0	917.0	194.0	134.0	31.0
1	2	7	0.40939374068659	0.3411254114294625	0.997486805730083	71327.0	2437.0	6758.0	304.0	108.0	10271.0	294.0	182.0	4263.0	2585.0	195.0	928.0	130.0	191.0	27.0
1	7	2	-162.07898193782074	1.0	0.5006306760847627	71327.0	6758.0	2437.0	304.0	108.0	10271.0	4263.0	928.0	294.0	2585.0	130.0	182.0	195.0	191.0	27.0
2	1	7	-0.40836226237798184	0.6584960869609707	1.0025322866548494	71327.0	2437.0	10271.0	294.0	182.0	6758.0	304.0	108.0	4263.0	2585.0	195.0	928.0	191.0	130.0	27.0
1	2	8	0.9587237835206104	0.1688489504941848	0.9940973930152484	71364.0	2400.0	6723.0	327.0	120.0	10253.0	303.0	191.0	4345.0	2508.0	190.0	947.0	124.0	184.0	21.0
1	8	2	-160.50634009107566	1.0	0.5014888337468982	71364.0	6723.0	2400.0	327.0	120.0	10253.0	4345.0	947.0	303.0	2508.0	124.0	191.0	190.0	184.0	21.0
2	1	8	-0.953031212811928	0.8297128804402891	1.0060090135202804	71364.0	2400.0	10253.0	303.0	191.0	6723.0	327.0	120.0	4345.0	2508.0	190.0	947.0	184.0	124.0	21.0
1	2	9	0.490574417715306	0.31186374556596397	0.9983385637806904	72383.0	1381.0	6929.0	173.0	68.0	10500.0	164.0	83.0	5572.0	1375.0	96.0	1085.0	64.0	109.0	18.0
1	9	2	-294.2901423605489	1.0	0.5004163967798648	72383.0	6929.0	1381.0	173.0	68.0	10500.0	5572.0	1085.0	164.0	1375.0	64.0	83.0	96.0	109.0	18.0
2	1	9	-0.48975800318878265	0.6878474199680698	1.001669758812616	72383.0	1381.0	10500.0	164.0	83.0	6929.0	173.0	68.0	5572.0	1375.0	96.0	1085.0	109.0	64.0	18.0
1	3	4	0.5922637061415921	0.276836962585538	0.9938884644766998	71756.0	3067.0	5612.0	375.0	124.0	11155.0	359.0	223.0	2961.0	3044.0	181.0	724.0	145.0	250.0	24.0
1	4	3	-95.7246215051348	1.0	0.5015420200462606	71756.0	5612.0	3067.0	375.0	124.0	11155.0	2961.0	724.0	359.0	3044.0	145.0	223.0	181.0	250.0	24.0
3	1	4	-0.5886218078716976	0.7219425430732026	1.0062256809338521	71756.0	3067.0	11155.0	359.0	223.0	5612.0	375.0	124.0	2961.0	3044.0	181.0	724.0	250.0	145.0	24.0
1	3	5	0.7797612008936474	0.2177656599602431	0.9939586645468999	72326.0	2497.0	5707.0	308.0	96.0	11261.0	289.0	187.0	3415.0	2608.0	163.0	768.0	134.0	216.0	25.0
1	5	3	-127.51147637771406	1.0	0.5015241456762394	72326.0	5707.0	2497.0	308.0	96.0	11261.0	3415.0	768.0	289.0	2608.0	134.0	187.0	163.0	216.0	25.0
3	1	5	-0.7750217694102888	0.7808366666866989	1.0061528497409327	72326.0	2497.0	11261.0	289.0	187.0	5707.0	308.0	96.0	3415.0	2608.0	163.0	768.0	216.0	134.0	25.0
1	3	6	0.9798878180829346	0.16357075044791303	0.9924218503315441	72398.0	2425.0	5708.0	314.0	89.0	11237.0	290.0	210.0	3433.0	2603.0	150.0	773.0	129.0	218.0	23.0
1	6	3	-127.34458769169483	1.0	0.5019163206643245	72398.0	5708.0	2425.0	314.0	89.0	11237.0	3433.0	773.0	290.0	2603.0	129.0	210.0	150.0	218.0	23.0
3	1	6	-0.9724053784921007	0.834575542293819	1.0077544426494345	72398.0	2425.0	11237.0	290.0	210.0	5708.0	314.0	89.0	3433.0	2603.0	150.0	773.0	218.0	129.0	23.0
1	3	7	1.2721083636328017	0.10166737874199772	0.9902146464646465	72383.0	2440.0	5702.0	315.0	94.0	11262.0	284.0	191.0	3421.0	2595.0	170.0	779.0	130.0	213.0	21.0
1	7	3	-127.45705088527376	1.0	0.5024827807144001	72383.0	5702.0	2440.0	315.0	94.0	11262.0	3421.0	779.0	284.0	2595.0	130.0	191.0	170.0	213.0	21.0
3	1	7	-1.2595373214674792	0.8960817719457227	1.010081300813008	72383.0	2440.0	11262.0	284.0	191.0	5702.0	315.0	94.0	3421.0	2595.0	170.0	779.0	213.0	130.0	21.0
1	3	8	0.6773218657899318	0.2491008133556426	0.9947449768160742	72406.0	2417.0	5681.0	325.0	105.0	11225.0	308.0	204.0	3526.0	2507.0	153.0	794.0	120.0	212.0	17.0
1	8	3	-127.53572308197471	1.0	0.5013241937996573	72406.0	5681.0	2417.0	325.0	105.0	11225.0	3526.0	794.0	308.0	2507.0	120.0	204.0	153.0	212.0	17.0
3	1	8	-0.6737437204454854	0.7497629360177784	1.0053391959798994	72406.0	2417.0	11225.0	308.0	204.0	5681.0	325.0	105.0	3526.0	2507.0	153.0	794.0	212.0	120.0	17.0
1	3	9	1.1742615366980012	0.12014520340077905	0.9954208460532054	73438.0	1385.0	5874.0	171.0	66.0	11499.0	150.0	88.0	4715.0	1382.0	89.0	943.0	71.0	116.0	13.0
1	9	3	-254.08782965503403	1.0	0.5011527061148315	73438.0	5874.0	1385.0	171.0	66.0	11499.0	4715.0	943.0	150.0	1382.0	71.0	88.0	89.0	116.0	13.0
3	1	9	-1.1688596763977475	0.8787698537193532	1.0046429361043556	73438.0	1385.0	11499.0	150.0	88.0	5874.0	171.0	66.0	4715.0	1382.0	89.0	943.0	116.0	71.0	13.0
1	4	5	0.8558763373465226	0.19603304772156416	0.9603024574669187	74836.0	2532.0	3197.0	323.0	46.0	14308.0	302.0	230.0	810.0	2656.0	82.0	326.0	73.0	270.0	9.0
1	5	4	-19.848179823226488	1.0	0.5105527638190955	74836.0	3197.0	2532.0	323.0	46.0	14308.0	810.0	326.0	302.0	2656.0	73.0	230.0	82.0	270.0	9.0
4	1	5	-0.8204956226136938	0.7940332432297134	1.0450643776824033	74836.0	2532.0	14308.0	302.0	230.0	3197.0	323.0	46.0	810.0	2656.0	82.0	326.0	270.0	73.0	9.0
1	4	6	0.619054447550269	0.2679401910631549	0.9720670391061452	74902.0	2466.0	3204.0	309.0	53.0	14292.0	294.0	254.0	816.0	2658.0	74.0	335.0	70.0	264.0	9.0
1	6	4	-20.924040327199094	1.0	0.5072886297376094	74902.0	3204.0	2466.0	309.0	53.0	14292.0	816.0	335.0	294.0	2658.0	70.0	254.0	74.0	264.0	9.0
4	1	6	-0.6012655266436521	0.7261684751374616	1.0304878048780488	74902.0	2466.0	14292.0	294.0	254.0	3204.0	309.0	53.0	816.0	2658.0	74.0	335.0	264.0	70.0	9.0
1	4	7	0.9616290296067005	0.16811798674257206	0.9578754578754579	74886.0	2482.0	3199.0	309.0	58.0	14316.0	286.0	238.0	809.0	2651.0	88.0	337.0	72.0	261.0	8.0
1	7	4	-20.904978904493507	1.0	0.5112414467253177	74886.0	3199.0	2482.0	309.0	58.0	14316.0	809.0	337.0	286.0	2651.0	72.0	238.0	88.0	261.0	8.0
4	1	7	-0.9193394164500005	0.8210409883681613	1.0482180293501049	74886.0	2482.0	14316.0	286.0	238.0	3199.0	309.0	58.0	809.0	2651.0	88.0	337.0	261.0	72.0	8.0
1	4	8	0.5685381763555312	0.2848347599374308	0.9767827529021559	74906.0	2462.0	3181.0	317.0	68.0	14300.0	303.0	237.0	892.0	2570.0	86.0	353.0	62.0	255.0	8.0
1	8	4	-23.350675100316472	1.0	0.5060137457044673	74906.0	3181.0	2462.0	317.0	68.0	14300.0	892.0	353.0	303.0	2570.0	62.0	237.0	86.0	255.0	8.0
4	1	8	-0.5550245354913931	0.7105610901751251	1.0249554367201426	74906.0	2462.0	14300.0	303.0	237.0	3181.0	317.0	68.0	892.0	2570.0	86.0	353.0	255.0	62.0	8.0
1	4	9	1.2318142244494652	0.10900931196550989	0.9887468030690537	75957.0	1411.0	3355.0	172.0	39.0	14576.0	150.0	114.0	2083.0	1413.0	52.0	498.0	40.0	136.0	4.0
1	9	4	-106.9998628601332	1.0	0.5028616024973985	75957.0	3355.0	1411.0	172.0	39.0	14576.0	2083.0	498.0	150.0	1413.0	40.0	114.0	52.0	136.0	4.0
4	1	9	-1.2177946109275364	0.8883489169707866	1.011646373742721	75957.0	1411.0	14576.0	150.0	114.0	3355.0	172.0	39.0	2083.0	1413.0	52.0	498.0	136.0	40.0	4.0
1	5	6	0.8172214197400361	0.20690089600035255	0.009783368273934312	76805.0	1228.0	1301.0	1558.0	42.0	15166.0	141.0	137.0	155.0	2860.0	16.0	122.0	21.0	446.0	2.0
1	6	5	-99999.9	1.0	-0.01007919366450684	76805.0	1301.0	1228.0	1558.0	42.0	15166.0	155.0	122.0	141.0	2860.0	21.0	137.0	16.0	446.0	2.0
5	1	6	-81.89726084966227	1.0	0.4975177304964539	76805.0	1228.0	15166.0	141.0	137.0	1301.0	1558.0	42.0	155.0	2860.0	16.0	122.0	446.0	21.0	2.0
1	5	7	1.3181867638358713	0.09372063417647936	0.014965986394557823	76792.0	1241.0	1293.0	1578.0	30.0	15190.0	130.0	124.0	152.0	2854.0	25.0	120.0	25.0	442.0	4.0
1	7	5	-99999.9	1.0	-0.015669515669515667	76792.0	1293.0	1241.0	1578.0	30.0	15190.0	152.0	120.0	130.0	2854.0	25.0	124.0	25.0	442.0	4.0
5	1	7	-85.44246932863415	1.0	0.49617258176757134	76792.0	1241.0	15190.0	130.0	124.0	1293.0	1578.0	30.0	152.0	2854.0	25.0	120.0	442.0	25.0	4.0
1	5	8	0.5131980545038133	0.3039063848812984	0.883495145631068	75536.0	2497.0	2551.0	313.0	37.0	14892.0	301.0	251.0	392.0	2588.0	51.0	261.0	46.0	282.0	2.0
1	8	5	-3.378553858816776	0.99963560611759	0.5352941176470588	75536.0	2551.0	2497.0	313.0	37.0	14892.0	392.0	261.0	301.0	2588.0	46.0	251.0	51.0	282.0	2.0
5	1	8	-0.4455235857780358	0.6720292627822508	1.1791044776119404	75536.0	2497.0	14892.0	301.0	251.0	2551.0	313.0	37.0	392.0	2588.0	51.0	261.0	282.0	46.0	2.0
1	5	9	2.211411299486914	0.013503637997203333	0.9726027397260274	76626.0	1407.0	2686.0	187.0	28.0	15178.0	147.0	119.0	1567.0	1429.0	35.0	412.0	27.0	151.0	1.0
1	9	5	-76.29368983229853	1.0	0.5071428571428571	76626.0	2686.0	1407.0	187.0	28.0	15178.0	1567.0	412.0	147.0	1429.0	27.0	119.0	35.0	151.0	1.0
5	1	9	-2.1491180234450287	0.9841875335200914	1.0298507462686568	76626.0	1407.0	15178.0	147.0	119.0	2686.0	187.0	28.0	1567.0	1429.0	35.0	412.0	151.0	27.0	1.0
1	6	7	0.5045876385800947	0.30692424301261223	0.003617571059431525	77298.0	808.0	787.0	2021.0	20.0	15271.0	93.0	79.0	100.0	2905.0	17.0	91.0	11.0	496.0	3.0
1	7	6	-99999.9	1.0	-0.003657262277951933	77298.0	787.0	808.0	2021.0	20.0	15271.0	100.0	91.0	93.0	2905.0	11.0	79.0	17.0	496.0	3.0
6	1	7	-138.47326481605185	1.0	0.4990906729020525	77298.0	808.0	15271.0	93.0	79.0	787.0	2021.0	20.0	100.0	2905.0	17.0	91.0	496.0	11.0	3.0
1	6	8	0.3389104226043741	0.3673386733831502	0.9036144578313253	75604.0	2502.0	2483.0	311.0	34.0	14888.0	303.0	252.0	378.0	2593.0	51.0	279.0	39.0	281.0	2.0
1	8	6	-2.838374789311641	0.9977327412785615	0.528169014084507	75604.0	2483.0	2502.0	311.0	34.0	14888.0	378.0	279.0	303.0	2593.0	39.0	252.0	51.0	281.0	2.0
6	1	8	-0.3027599775265743	0.6189635384849286	1.1355932203389831	75604.0	2502.0	14888.0	303.0	252.0	2483.0	311.0	34.0	378.0	2593.0	51.0	279.0	281.0	39.0	2.0
1	6	9	1.6023345733938783	0.05454082103077362	0.9798050139275766	76698.0	1408.0	2614.0	181.0	33.0	15171.0	152.0	120.0	1559.0	1429.0	34.0	427.0	22.0	150.0	2.0
1	9	6	-76.1385186943712	1.0	0.5052064631956912	76698.0	2614.0	1408.0	181.0	33.0	15171.0	1559.0	427.0	152.0	1429.0	22.0	120.0	34.0	150.0	2.0
6	1	9	-1.569308487659392	0.941711953216548	1.0214974054855448	76698.0	1408.0	15171.0	152.0	120.0	2614.0	181.0	33.0	1559.0	1429.0	34.0	427.0	150.0	22.0	2.0
1	7	8	0.7030978191751103	0.24099732648651728	0.8117647058823529	75594.0	2491.0	2493.0	319.0	37.0	14904.0	303.0	255.0	372.0	2586.0	51.0	269.0	46.0	276.0	4.0
1	8	7	-2.3290115260175535	0.9900707947704974	0.5655737704918032	75594.0	2493.0	2491.0	319.0	37.0	14904.0	372.0	269.0	303.0	2586.0	46.0	255.0	51.0	276.0	4.0
7	1	8	-0.5400606437142152	0.705422416692384	1.4324324324324325	75594.0	2491.0	14904.0	303.0	255.0	2493.0	319.0	37.0	372.0	2586.0	51.0	269.0	276.0	46.0	4.0
1	7	9	2.178858139812691	0.01467105251335421	0.9728978457261988	76677.0	1408.0	2635.0	183.0	31.0	15196.0	144.0	122.0	1544.0	1432.0	33.0	417.0	27.0	150.0	1.0
1	9	7	-76.03656226371987	1.0	0.5070626584570808	76677.0	2635.0	1408.0	183.0	31.0	15196.0	1544.0	417.0	144.0	1432.0	27.0	122.0	33.0	150.0	1.0
7	1	9	-2.1181613773464805	0.9829193588993587	1.029500756429652	76677.0	1408.0	15196.0	144.0	122.0	2635.0	183.0	31.0	1544.0	1432.0	33.0	417.0	150.0	27.0	1.0
1	8	9	1.9549946015396091	0.02529178480876637	0.9742647058823529	76674.0	1413.0	2638.0	181.0	28.0	15278.0	146.0	121.0	1471.0	1431.0	33.0	408.0	26.0	150.0	2.0
1	9	8	-72.0555153138885	1.0	0.5066921606118547	76674.0	2638.0	1413.0	181.0	28.0	15278.0	1471.0	408.0	146.0	1431.0	26.0	121.0	33.0	150.0	2.0
8	1	9	-1.9033532347064874	0.9715028317568106	1.0278884462151394	76674.0	1413.0	15278.0	146.0	121.0	2638.0	181.0	28.0	1471.0	1431.0	33.0	408.0	150.0	26.0	2.0
2	3	4	-0.5786775529481946	0.7185966573274021	1.0052552552552552	75136.0	3189.0	5775.0	284.0	127.0	7775.0	298.0	162.0	2976.0	3199.0	193.0	546.0	136.0	186.0	18.0
2	4	3	-111.27142660975296	1.0	0.4986964618249535	75136.0	5775.0	3189.0	284.0	127.0	7775.0	2976.0	546.0	298.0	3199.0	136.0	162.0	193.0	186.0	18.0
3	2	4	0.5817027530009484	0.28038341741997663	0.9948263118994827	75136.0	3189.0	7775.0	298.0	162.0	5775.0	284.0	127.0	2976.0	3199.0	193.0	546.0	186.0	136.0	18.0
2	3	5	0.4589807386064009	0.323124019643412	0.9969107198022861	75728.0	2597.0	5836.0	243.0	107.0	7859.0	233.0	143.0	3460.0	2739.0	169.0	594.0	123.0	150.0	19.0
2	5	3	-147.65410360967934	1.0	0.5007759155803849	75728.0	5836.0	2597.0	243.0	107.0	7859.0	3460.0	594.0	233.0	2739.0	123.0	143.0	169.0	150.0	19.0
3	2	5	-0.4575584245729134	0.6763651192224449	1.0031181789834736	75728.0	2597.0	7859.0	233.0	143.0	5836.0	243.0	107.0	3460.0	2739.0	169.0	594.0	150.0	123.0	19.0
2	3	6	0.6911156062062643	0.24474637848616076	0.9954072259644825	75754.0	2571.0	5847.0	244.0	95.0	7881.0	229.0	125.0	3480.0	2740.0	148.0	587.0	124.0	151.0	24.0
2	6	3	-149.09667344556496	1.0	0.5011561584707878	75754.0	5847.0	2571.0	244.0	95.0	7881.0	3480.0	587.0	229.0	2740.0	124.0	125.0	148.0	151.0	24.0
3	2	6	-0.6879268230339808	0.7542506359035048	1.00465693883887	75754.0	2571.0	7881.0	229.0	125.0	5847.0	244.0	95.0	3480.0	2740.0	148.0	587.0	151.0	124.0	24.0
2	3	7	0.9370580166584125	0.17436434286614855	0.9938763012859767	75757.0	2568.0	5841.0	239.0	106.0	7888.0	219.0	128.0	3465.0	2737.0	166.0	596.0	124.0	147.0	19.0
2	7	3	-151.1474580870018	1.0	0.5015451174289246	75757.0	5841.0	2568.0	239.0	106.0	7888.0	3465.0	596.0	219.0	2737.0	124.0	128.0	166.0	147.0	19.0
3	2	7	-0.9312843997966846	0.8241467824847037	1.0062383031815347	75757.0	2568.0	7888.0	219.0	128.0	5841.0	239.0	106.0	3465.0	2737.0	166.0	596.0	147.0	124.0	19.0
2	3	8	-0.09068490017020618	0.5361285778118887	1.000604047115675	75778.0	2547.0	5839.0	242.0	105.0	7853.0	244.0	138.0	3557.0	2657.0	154.0	605.0	118.0	145.0	18.0
2	8	3	-150.3102220321164	1.0	0.49984912492456246	75778.0	5839.0	2547.0	242.0	105.0	7853.0	3557.0	605.0	244.0	2657.0	118.0	138.0	154.0	145.0	18.0
3	2	8	0.09073964505410005	0.4638496718399836	0.999397045523063	75778.0	2547.0	7853.0	244.0	138.0	5839.0	242.0	105.0	3557.0	2657.0	154.0	605.0	145.0	118.0	18.0
2	3	9	1.0497189014478565	0.14692371371629975	0.9963845172267121	76899.0	1426.0	5984.0	140.0	62.0	8038.0	123.0	74.0	4808.0	1464.0	96.0	740.0	70.0	65.0	11.0
2	9	3	-288.2404607034467	1.0	0.5009087993157275	76899.0	5984.0	1426.0	140.0	62.0	8038.0	4808.0	740.0	123.0	1464.0	70.0	74.0	96.0	65.0	11.0
3	2	9	-1.045909889425527	0.8521986540591338	1.0036551279294776	76899.0	1426.0	8038.0	123.0	74.0	5984.0	140.0	62.0	4808.0	1464.0	96.0	740.0	65.0	70.0	11.0
2	4	5	1.4635869026387058	0.07165346636442382	0.9446366782006921	78280.0	2631.0	3284.0	267.0	49.0	10864.0	235.0	198.0	781.0	2779.0	73.0	268.0	81.0	203.0	7.0
2	5	4	-23.508864623634206	1.0	0.5150943396226416	78280.0	3284.0	2631.0	267.0	49.0	10864.0	781.0	268.0	235.0	2779.0	81.0	198.0	73.0	203.0	7.0
4	2	5	-1.3778089156708695	0.9158687949808687	1.066390041493776	78280.0	2631.0	10864.0	235.0	198.0	3284.0	267.0	49.0	781.0	2779.0	73.0	268.0	203.0	81.0	7.0
2	4	6	0.7354222341057292	0.2310411235014913	0.971830985915493	78308.0	2603.0	3293.0	251.0	56.0	10886.0	235.0	176.0	787.0	2780.0	66.0	275.0	78.0	200.0	6.0
2	6	4	-24.63664484254192	1.0	0.5073529411764706	78308.0	3293.0	2603.0	251.0	56.0	10886.0	787.0	275.0	235.0	2780.0	78.0	176.0	66.0	200.0	6.0
4	2	6	-0.7141056476099109	0.762419142409056	1.0307692307692307	78308.0	2603.0	10886.0	235.0	176.0	3293.0	251.0	56.0	787.0	2780.0	66.0	275.0	200.0	78.0	6.0
2	4	7	1.0746780957288644	0.14125947352915058	0.9600694444444444	78309.0	2602.0	3289.0	249.0	62.0	10893.0	226.0	178.0	779.0	2775.0	79.0	277.0	79.0	197.0	6.0
2	7	4	-24.76432133636077	1.0	0.5106186518928902	78309.0	3289.0	2602.0	249.0	62.0	10893.0	779.0	277.0	226.0	2775.0	79.0	178.0	79.0	197.0	6.0
4	2	7	-1.0299808150746803	0.8484904729877631	1.0453648915187377	78309.0	2602.0	10893.0	226.0	178.0	3289.0	249.0	62.0	779.0	2775.0	79.0	277.0	197.0	79.0	6.0
2	4	8	0.26797688332135244	0.39435861808357076	0.9903069466882067	78344.0	2567.0	3273.0	256.0	71.0	10862.0	250.0	185.0	863.0	2694.0	76.0	290.0	75.0	192.0	2.0
2	8	4	-27.1103280293434	1.0	0.5024590163934426	78344.0	3273.0	2567.0	256.0	71.0	10862.0	863.0	290.0	250.0	2694.0	75.0	185.0	76.0	192.0	2.0
4	2	8	-0.2653539448222853	0.6046315333423653	1.0099833610648918	78344.0	2567.0	10862.0	250.0	185.0	3273.0	256.0	71.0	863.0	2694.0	76.0	290.0	192.0	75.0	2.0
2	4	9	1.2599945034071782	0.10383574129756457	0.9899699097291875	79456.0	1455.0	3427.0	137.0	36.0	11077.0	117.0	103.0	2091.0	1494.0	48.0	418.0	46.0	90.0	5.0
2	9	4	-123.10146298288107	1.0	0.5025458248472505	79456.0	3427.0	1455.0	137.0	36.0	11077.0	2091.0	418.0	117.0	1494.0	46.0	103.0	48.0	90.0	5.0
4	2	9	-1.2472286016502665	0.8938430873564125	1.0103412616339194	79456.0	1455.0	11077.0	117.0	103.0	3427.0	137.0	36.0	2091.0	1494.0	48.0	418.0	90.0	46.0	5.0
2	5	6	0.511276950098545	0.3045785639280134	0.0055134390075809794	80259.0	1305.0	1342.0	1562.0	43.0	11712.0	119.0	82.0	127.0	2953.0	15.0	109.0	21.0	349.0	2.0
2	6	5	-99999.9	1.0	-0.005606166783461808	80259.0	1342.0	1305.0	1562.0	43.0	11712.0	127.0	109.0	119.0	2953.0	21.0	82.0	15.0	349.0	2.0
5	2	6	-91.71030292392653	1.0	0.4986101459346769	80259.0	1305.0	11712.0	119.0	82.0	1342.0	1562.0	43.0	127.0	2953.0	15.0	109.0	349.0	21.0	2.0
2	5	7	1.13861399261734	0.1274321489793685	0.011432414256893073	80262.0	1302.0	1336.0	1574.0	37.0	11720.0	104.0	89.0	121.0	2952.0	22.0	108.0	24.0	348.0	1.0
2	7	5	-99999.9	1.0	-0.011838440111420611	80262.0	1336.0	1302.0	1574.0	37.0	11720.0	121.0	108.0	104.0	2952.0	24.0	89.0	22.0	348.0	1.0
5	2	7	-97.31800772194092	1.0	0.49709202873759833	80262.0	1302.0	11720.0	104.0	89.0	1336.0	1574.0	37.0	121.0	2952.0	22.0	108.0	348.0	24.0	1.0
2	5	8	-0.3347206444485366	0.6310820188822373	1.1355932203389831	78960.0	2604.0	2657.0	247.0	43.0	11468.0	255.0	190.0	322.0	2724.0	49.0	225.0	40.0	212.0	4.0
2	8	5	-3.1380060417050233	0.9991494262879232	0.47183098591549294	78960.0	2657.0	2604.0	247.0	43.0	11468.0	322.0	225.0	255.0	2724.0	40.0	190.0	49.0	212.0	4.0
5	2	8	0.3746872885617948	0.3539465821111647	0.9036144578313253	78960.0	2604.0	11468.0	255.0	190.0	2657.0	247.0	43.0	322.0	2724.0	49.0	225.0	212.0	40.0	4.0
2	5	9	2.0675200290081532	0.01934252387000379	0.9774127310061602	80106.0	1458.0	2777.0	146.0	24.0	11698.0	113.0	102.0	1541.0	1517.0	37.0	347.0	27.0	104.0	3.0
2	9	5	-87.3997103171628	1.0	0.5058448459086079	80106.0	2777.0	1458.0	146.0	24.0	11698.0	1541.0	347.0	113.0	1517.0	27.0	102.0	37.0	104.0	3.0
5	2	9	-2.0197412048083843	0.9782949491637473	1.024229074889868	80106.0	1458.0	11698.0	113.0	102.0	2777.0	146.0	24.0	1541.0	1517.0	37.0	347.0	104.0	27.0	3.0
2	6	7	0.5741874532642753	0.2829204414787909	0.0035246727089627387	80758.0	843.0	840.0	2050.0	20.0	11811.0	71.0	66.0	78.0	2998.0	17.0	60.0	11.0	374.0	3.0
2	7	6	-99999.9	1.0	-0.0035623409669211198	80758.0	840.0	843.0	2050.0	20.0	11811.0	78.0	60.0	71.0	2998.0	11.0	66.0	17.0	374.0	3.0
6	2	7	-161.7568082624503	1.0	0.49911414831688183	80758.0	843.0	11811.0	71.0	66.0	840.0	2050.0	20.0	78.0	2998.0	17.0	60.0	374.0	11.0	3.0
2	6	8	-0.44361209979304395	0.67133844318837	1.2156862745098038	78995.0	2606.0	2622.0	247.0	41.0	11497.0	258.0	193.0	320.0	2726.0	47.0	198.0	35.0	212.0	3.0
2	8	6	-2.9439712077174667	0.9983797808616409	0.45925925925925926	78995.0	2622.0	2606.0	247.0	41.0	11497.0	320.0	198.0	258.0	2726.0	35.0	193.0	47.0	212.0	3.0
6	2	8	0.5223174723369713	0.30072463970165375	0.8690476190476191	78995.0	2606.0	11497.0	258.0	193.0	2622.0	247.0	41.0	320.0	2726.0	47.0	198.0	212.0	35.0	3.0
2	6	9	1.4327843646486014	0.07595978286943794	0.9841050449205252	80145.0	1456.0	2738.0	142.0	30.0	11724.0	119.0	105.0	1543.0	1515.0	35.0	319.0	23.0	103.0	3.0
2	9	6	-87.2752562988126	1.0	0.5040707964601769	80145.0	2738.0	1456.0	142.0	30.0	11724.0	1543.0	319.0	119.0	1515.0	23.0	105.0	35.0	103.0	3.0
6	2	9	-1.4096424823544178	0.9206773092918067	1.0166908563134978	80145.0	1456.0	11724.0	119.0	105.0	2738.0	142.0	30.0	1543.0	1515.0	35.0	319.0	103.0	23.0	3.0
2	7	8	-0.172177390410926	0.5683509616327006	1.0784313725490196	78996.0	2602.0	2621.0	248.0	44.0	11502.0	252.0	195.0	307.0	2725.0	48.0	206.0	42.0	208.0	4.0
2	8	7	-2.539616508561153	0.9944512734342082	0.4824561403508772	78996.0	2621.0	2602.0	248.0	44.0	11502.0	307.0	206.0	252.0	2725.0	42.0	195.0	48.0	208.0	4.0
7	2	8	0.18469938244081155	0.4267324280611655	0.9365079365079365	78996.0	2602.0	11502.0	252.0	195.0	2621.0	248.0	44.0	307.0	2725.0	48.0	206.0	208.0	42.0	4.0
2	7	9	2.016341120074533	0.021882090323479653	0.9778699861687413	80140.0	1458.0	2743.0	144.0	26.0	11733.0	112.0	104.0	1526.0	1518.0	36.0	327.0	27.0	103.0	3.0
2	9	7	-87.08073212321882	1.0	0.505722460658083	80140.0	2743.0	1458.0	144.0	26.0	11733.0	1526.0	327.0	112.0	1518.0	27.0	104.0	36.0	103.0	3.0
7	2	9	-1.9707096378663402	0.9756215204485716	1.0237037037037038	80140.0	1458.0	11733.0	112.0	104.0	2743.0	144.0	26.0	1526.0	1518.0	36.0	327.0	103.0	27.0	3.0
2	8	9	1.7568921192399278	0.03946805613427817	0.9796215429403202	80156.0	1461.0	2727.0	143.0	24.0	11796.0	115.0	104.0	1461.0	1519.0	39.0	329.0	23.0	100.0	3.0
2	9	8	-82.69942189850798	1.0	0.5052552552552553	80156.0	2727.0	1461.0	143.0	24.0	11796.0	1461.0	329.0	115.0	1519.0	23.0	104.0	39.0	100.0	3.0
8	2	9	-1.7203445862988298	0.9573151230497082	1.0217054263565892	80156.0	1461.0	11796.0	115.0	104.0	2727.0	143.0	24.0	1461.0	1519.0	39.0	329.0	100.0	23.0	3.0
3	4	5	0.7928690502170056	0.21392699901850498	0.9717813051146384	80210.0	2701.0	3377.0	217.0	55.0	8934.0	201.0	162.0	752.0	2849.0	68.0	204.0	82.0	183.0	5.0
3	5	4	-26.511558866631127	1.0	0.507366482504604	80210.0	3377.0	2701.0	217.0	55.0	8934.0	752.0	204.0	201.0	2849.0	82.0	162.0	68.0	183.0	5.0
4	3	5	-0.769845629521049	0.7793043309853636	1.0308285163776494	80210.0	2701.0	8934.0	201.0	162.0	3377.0	217.0	55.0	752.0	2849.0	68.0	204.0	183.0	82.0	5.0
3	4	6	-0.09834093283674644	0.539169270141392	1.0036297640653358	80245.0	2666.0	3390.0	205.0	54.0	8949.0	207.0	141.0	760.0	2845.0	64.0	205.0	83.0	181.0	5.0
3	6	4	-27.289608862197053	1.0	0.4990974729241877	80245.0	3390.0	2666.0	205.0	54.0	8949.0	760.0	205.0	207.0	2845.0	83.0	141.0	64.0	181.0	5.0
4	3	6	0.09869659624664427	0.46068952781820083	0.9964093357271095	80245.0	2666.0	8949.0	207.0	141.0	3390.0	205.0	54.0	760.0	2845.0	64.0	205.0	181.0	83.0	5.0
3	4	7	-0.04988591830116845	0.5198934177319453	1.0018148820326678	80259.0	2652.0	3386.0	200.0	63.0	8943.0	201.0	153.0	753.0	2841.0	75.0	206.0	81.0	180.0	7.0
3	7	4	-27.586912820546083	1.0	0.4995475113122172	80259.0	3386.0	2652.0	200.0	63.0	8943.0	753.0	206.0	201.0	2841.0	81.0	153.0	75.0	180.0	7.0
4	3	7	0.04997629134156912	0.4800705735225367	0.9981949458483754	80259.0	2652.0	8943.0	201.0	153.0	3386.0	200.0	63.0	753.0	2841.0	75.0	206.0	180.0	81.0	7.0
3	4	8	0.19813073635826794	0.4214714120794214	0.9937402190923318	80260.0	2651.0	3371.0	207.0	71.0	8946.0	203.0	148.0	838.0	2760.0	71.0	217.0	81.0	175.0	1.0
3	8	4	-31.255123660516674	1.0	0.5015797788309637	80260.0	3371.0	2651.0	207.0	71.0	8946.0	838.0	217.0	203.0	2760.0	81.0	148.0	71.0	175.0	1.0
4	3	8	-0.19688266872766466	0.5780402992633256	1.0063795853269537	80260.0	2651.0	8946.0	203.0	148.0	3371.0	207.0	71.0	838.0	2760.0	71.0	217.0	175.0	81.0	1.0
3	4	9	0.0	0.49999999949999996	nan	81428.0	1483.0	3509.0	101.0	39.0	9105.0	101.0	91.0	2102.0	1520.0	47.0	325.0	48.0	100.0	1.0
3	9	4	-140.75503265677168	1.0	0.5	81428.0	3509.0	1483.0	101.0	39.0	9105.0	2102.0	325.0	101.0	1520.0	48.0	91.0	47.0	100.0	1.0
4	3	9	0.0	0.49999999949999996	nan	81428.0	1483.0	9105.0	101.0	91.0	3509.0	101.0	39.0	2102.0	1520.0	47.0	325.0	100.0	48.0	1.0
3	5	6	0.06773648367406611	0.47299763359959823	0.0	82251.0	1336.0	1384.0	1544.0	45.0	9720.0	109.0	61.0	109.0	3007.0	16.0	85.0	19.0	313.0	1.0
3	6	5	0.06773648367406611	0.47299763359959823	0.0	82251.0	1384.0	1336.0	1544.0	45.0	9720.0	109.0	85.0	109.0	3007.0	19.0	61.0	16.0	313.0	1.0
5	3	6	-97.16817999754267	1.0	0.5	82251.0	1336.0	9720.0	109.0	61.0	1384.0	1544.0	45.0	109.0	3007.0	16.0	85.0	313.0	19.0	1.0
3	5	7	0.2138996527991771	0.41531269024215267	0.0020505809979494186	82266.0	1321.0	1379.0	1557.0	37.0	9716.0	97.0	77.0	100.0	3006.0	26.0	86.0	20.0	311.0	1.0
3	7	5	-99999.9	1.0	-0.002063273727647868	82266.0	1379.0	1321.0	1557.0	37.0	9716.0	100.0	86.0	97.0	3006.0	20.0	77.0	26.0	311.0	1.0
5	3	7	-103.88393137613414	1.0	0.49948577305450803	82266.0	1321.0	9716.0	97.0	77.0	1379.0	1557.0	37.0	100.0	3006.0	26.0	86.0	311.0	20.0	1.0
3	5	8	-0.23762967238375993	0.5939157837775935	1.0602409638554218	80908.0	2679.0	2723.0	206.0	44.0	9520.0	211.0	159.0	299.0	2789.0	44.0	182.0	44.0	188.0	4.0
3	8	5	-4.419911906337961	0.9999950588191759	0.48618784530386744	80908.0	2723.0	2679.0	206.0	44.0	9520.0	299.0	182.0	211.0	2789.0	44.0	159.0	44.0	188.0	4.0
5	3	8	0.25113135831465533	0.40085633157344724	0.9489795918367347	80908.0	2679.0	9520.0	211.0	159.0	2723.0	206.0	44.0	299.0	2789.0	44.0	182.0	188.0	44.0	4.0
3	5	9	0.9519628571383978	0.17055790061673548	0.9904175222450377	82105.0	1482.0	2832.0	116.0	25.0	9699.0	102.0	89.0	1549.0	1543.0	40.0	284.0	24.0	108.0	2.0
3	9	5	-97.44019816280868	1.0	0.5024305555555555	82105.0	2832.0	1482.0	116.0	25.0	9699.0	1549.0	284.0	102.0	1543.0	24.0	89.0	40.0	108.0	2.0
5	3	9	-0.9427524355765887	0.827096239753725	1.0098661028893587	82105.0	1482.0	9699.0	102.0	89.0	2832.0	116.0	25.0	1549.0	1543.0	40.0	284.0	108.0	24.0	2.0
3	6	7	0.3290027322680133	0.3710768797079522	0.0020283975659229213	82781.0	854.0	864.0	2040.0	21.0	9788.0	72.0	54.0	76.0	3041.0	18.0	38.0	10.0	341.0	2.0
3	7	6	-99999.9	1.0	-0.002040816326530612	82781.0	864.0	854.0	2040.0	21.0	9788.0	76.0	38.0	72.0	3041.0	10.0	54.0	18.0	341.0	2.0
6	3	7	-161.54034154359448	1.0	0.49949135300101727	82781.0	854.0	9788.0	72.0	54.0	864.0	2040.0	21.0	76.0	3041.0	18.0	38.0	341.0	10.0	2.0
3	6	8	-0.18940287157226485	0.575111446411403	1.0459770114942528	80953.0	2682.0	2678.0	211.0	36.0	9539.0	215.0	160.0	306.0	2786.0	43.0	156.0	43.0	188.0	4.0
3	8	6	-4.49831819984128	0.9999965721948689	0.489247311827957	80953.0	2678.0	2682.0	211.0	36.0	9539.0	306.0	156.0	215.0	2786.0	43.0	160.0	43.0	188.0	4.0
6	3	8	0.19772827252049627	0.4216288571622917	0.9595959595959596	80953.0	2682.0	9539.0	215.0	160.0	2678.0	211.0	36.0	306.0	2786.0	43.0	156.0	188.0	43.0	4.0
3	6	9	0.5333965437091585	0.2968795358836507	0.9945092656142759	82157.0	1478.0	2780.0	117.0	28.0	9712.0	109.0	93.0	1558.0	1538.0	39.0	262.0	22.0	105.0	2.0
3	9	6	-96.07805243561222	1.0	0.5013840830449827	82157.0	2780.0	1478.0	117.0	28.0	9712.0	1558.0	262.0	109.0	1538.0	22.0	93.0	39.0	105.0	2.0
6	3	9	-0.5304516352552777	0.7021006006340567	1.0055826936496859	82157.0	1478.0	9712.0	109.0	93.0	2780.0	117.0	28.0	1558.0	1538.0	39.0	262.0	105.0	22.0	2.0
3	7	8	-0.048327799094357964	0.5192725665835982	1.0119047619047619	80969.0	2676.0	2662.0	211.0	42.0	9529.0	212.0	161.0	297.0	2784.0	42.0	175.0	48.0	186.0	6.0
3	8	7	-4.156190722114775	0.9999838105949701	0.49707602339181284	80969.0	2662.0	2676.0	211.0	42.0	9529.0	297.0	175.0	212.0	2784.0	48.0	161.0	42.0	186.0	6.0
7	3	8	0.048896361436644525	0.4805008774768542	0.9885057471264368	80969.0	2676.0	9529.0	212.0	161.0	2662.0	211.0	42.0	297.0	2784.0	42.0	175.0	186.0	48.0	6.0
3	7	9	0.9563717205066701	0.16944222614014326	0.9903713892709766	82161.0	1484.0	2776.0	115.0	24.0	9712.0	101.0	89.0	1541.0	1542.0	40.0	279.0	26.0	108.0	2.0
3	9	7	-97.41329096017914	1.0	0.5024424284717376	82161.0	2776.0	1484.0	115.0	24.0	9712.0	1541.0	279.0	101.0	1542.0	26.0	89.0	40.0	108.0	2.0
7	3	9	-0.947073662112855	0.8281993887122852	1.0099150141643058	82161.0	1484.0	9712.0	101.0	89.0	2776.0	115.0	24.0	1541.0	1542.0	40.0	279.0	108.0	26.0	2.0
3	8	9	0.4852489583143698	0.3137498851037981	0.9948604992657856	82141.0	1490.0	2796.0	108.0	25.0	9811.0	101.0	89.0	1456.0	1546.0	42.0	265.0	22.0	108.0	0.0
3	9	8	-93.44508511539583	1.0	0.5012948575656678	82141.0	2796.0	1490.0	108.0	25.0	9811.0	1456.0	265.0	101.0	1546.0	22.0	89.0	42.0	108.0	0.0
8	3	9	-0.4827421371275059	0.685360572011508	1.0052199850857568	82141.0	1490.0	9811.0	101.0	89.0	2796.0	108.0	25.0	1456.0	1546.0	42.0	265.0	108.0	22.0	0.0
4	5	6	1.9091140785402692	0.02812362186562678	0.014540647719762063	87723.0	1421.0	1471.0	1547.0	46.0	4248.0	56.0	29.0	78.0	3156.0	15.0	29.0	19.0	161.0	1.0
4	6	5	-99999.9	1.0	-0.01520387007601935	87723.0	1471.0	1421.0	1547.0	46.0	4248.0	78.0	29.0	56.0	3156.0	19.0	29.0	15.0	161.0	1.0
5	4	6	-127.47675369889338	1.0	0.4962837837837838	87723.0	1421.0	4248.0	56.0	29.0	1471.0	1547.0	46.0	78.0	3156.0	15.0	29.0	161.0	19.0	1.0
4	5	7	2.147584198205315	0.015873344488058327	0.015594541910331383	87741.0	1403.0	1461.0	1566.0	37.0	4241.0	51.0	41.0	75.0	3149.0	25.0	29.0	21.0	159.0	1.0
4	7	5	-99999.9	1.0	-0.016359918200409	87741.0	1461.0	1403.0	1566.0	37.0	4241.0	75.0	29.0	51.0	3149.0	21.0	41.0	25.0	159.0	1.0
5	4	7	-133.41866831350538	1.0	0.49600798403193613	87741.0	1403.0	4241.0	51.0	41.0	1461.0	1566.0	37.0	75.0	3149.0	25.0	29.0	159.0	21.0	1.0
4	5	8	-0.5438075245972324	0.7067130588954504	1.1022727272727273	86300.0	2844.0	2906.0	119.0	39.0	4128.0	128.0	77.0	225.0	2971.0	53.0	73.0	43.0	93.0	1.0
4	8	5	-6.404844178589611	0.9999999999243881	0.47783251231527096	86300.0	2906.0	2844.0	119.0	39.0	4128.0	225.0	73.0	128.0	2971.0	43.0	77.0	53.0	93.0	1.0
5	4	8	0.5942638928588313	0.2761677663602575	0.9217391304347826	86300.0	2844.0	4128.0	128.0	77.0	2906.0	119.0	39.0	225.0	2971.0	53.0	73.0	93.0	43.0	1.0
4	5	9	1.9529447374219826	0.025413003038287085	0.9856864020819779	87572.0	1572.0	2961.0	75.0	28.0	4232.0	53.0	48.0	1568.0	1643.0	38.0	136.0	25.0	49.0	0.0
4	9	5	-132.53393149868262	1.0	0.503656914893617	87572.0	2961.0	1572.0	75.0	28.0	4232.0	1568.0	136.0	53.0	1643.0	25.0	48.0	38.0	49.0	0.0
5	4	9	-1.9245851438752608	0.9728594279226639	1.0149558123725357	87572.0	1572.0	4232.0	53.0	48.0	2961.0	75.0	28.0	1568.0	1643.0	38.0	136.0	49.0	25.0	0.0
4	6	7	0.22937170950947802	0.40929005576215105	0.000982318271119843	88282.0	912.0	920.0	2071.0	23.0	4287.0	37.0	31.0	39.0	3174.0	18.0	19.0	10.0	177.0	0.0
4	7	6	-99999.9	1.0	-0.0009852216748768472	88282.0	920.0	912.0	2071.0	23.0	4287.0	39.0	19.0	37.0	3174.0	10.0	31.0	18.0	177.0	0.0
6	4	7	-233.04165686162895	1.0	0.499754058042302	88282.0	912.0	4287.0	37.0	31.0	920.0	2071.0	23.0	39.0	3174.0	18.0	19.0	177.0	10.0	0.0
4	6	8	-0.4841603305340943	0.6858639490521256	1.1126760563380282	86344.0	2850.0	2862.0	118.0	34.0	4148.0	126.0	81.0	205.0	2975.0	51.0	73.0	41.0	92.0	0.0
4	8	6	-5.265243594558278	0.9999999298566199	0.4759036144578313	86344.0	2862.0	2850.0	118.0	34.0	4148.0	205.0	73.0	126.0	2975.0	41.0	81.0	51.0	92.0	0.0
6	4	8	0.5331892247653951	0.29695128106303603	0.9157894736842105	86344.0	2850.0	4148.0	126.0	81.0	2862.0	118.0	34.0	205.0	2975.0	51.0	73.0	92.0	41.0	0.0
4	6	9	0.9710669008790332	0.16575748100189103	0.9926910299003322	87622.0	1572.0	2911.0	70.0	33.0	4247.0	59.0	49.0	1553.0	1641.0	37.0	136.0	21.0	49.0	0.0
4	9	6	-130.91747400032804	1.0	0.5018474974806852	87622.0	2911.0	1572.0	70.0	33.0	4247.0	1553.0	136.0	59.0	1641.0	21.0	49.0	37.0	49.0	0.0
6	4	9	-0.963917144580727	0.8324562705044423	1.0074728260869565	87622.0	1572.0	4247.0	59.0	49.0	2911.0	70.0	33.0	1553.0	1641.0	37.0	136.0	49.0	21.0	0.0
4	7	8	-0.12683226463747205	0.5504634580564841	1.0266666666666666	86357.0	2845.0	2849.0	120.0	37.0	4141.0	122.0	82.0	199.0	2971.0	51.0	86.0	49.0	90.0	1.0
4	8	7	-5.009874453180133	0.9999997272372865	0.4935897435897436	86357.0	2849.0	2845.0	120.0	37.0	4141.0	199.0	86.0	122.0	2971.0	49.0	82.0	51.0	90.0	1.0
7	4	8	0.13012660917351027	0.44823309448307835	0.9753086419753086	86357.0	2845.0	4141.0	122.0	82.0	2849.0	120.0	37.0	199.0	2971.0	51.0	86.0	90.0	49.0	1.0
4	7	9	1.9841853553850752	0.023617521006014774	0.9854111405835544	87628.0	1574.0	2905.0	73.0	28.0	4245.0	51.0	49.0	1537.0	1645.0	39.0	154.0	25.0	47.0	0.0
4	9	7	-132.038516376534	1.0	0.503728813559322	87628.0	2905.0	1574.0	73.0	28.0	4245.0	1537.0	154.0	51.0	1645.0	25.0	49.0	39.0	47.0	0.0
7	4	9	-1.9548097983066959	0.9746973068007496	1.015256588072122	87628.0	1574.0	4245.0	51.0	49.0	2905.0	73.0	28.0	1537.0	1645.0	39.0	154.0	47.0	25.0	0.0
4	8	9	1.4036149059274412	0.0802168308303084	0.9894662921348315	87623.0	1583.0	2910.0	65.0	27.0	4329.0	50.0	47.0	1459.0	1646.0	37.0	148.0	25.0	51.0	0.0
4	9	8	-130.4426119241903	1.0	0.5026757046022119	87623.0	2910.0	1583.0	65.0	27.0	4329.0	1459.0	148.0	50.0	1646.0	25.0	47.0	37.0	51.0	0.0
8	4	9	-1.3886722348210456	0.9175337228256923	1.0108774474256708	87623.0	1583.0	4329.0	50.0	47.0	2910.0	65.0	27.0	1459.0	1646.0	37.0	148.0	51.0	25.0	0.0
5	6	7	-99999.9	1.0	-0.0298804780876494	91043.0	928.0	939.0	559.0	8.0	1526.0	42.0	10.0	27.0	4813.0	24.0	12.0	19.0	50.0	0.0
5	7	6	1.8184748669124207	0.03449573676146467	0.027422303473491772	91043.0	939.0	928.0	559.0	8.0	1526.0	27.0	12.0	42.0	4813.0	19.0	10.0	24.0	50.0	0.0
6	5	7	-62.67676707958146	1.0	0.5071496663489037	91043.0	928.0	1526.0	42.0	10.0	939.0	559.0	8.0	27.0	4813.0	24.0	12.0	50.0	19.0	0.0
5	6	8	0.0	0.49999999949999996	nan	88991.0	2980.0	1437.0	54.0	15.0	1501.0	54.0	23.0	1660.0	3111.0	93.0	43.0	18.0	20.0	0.0
5	8	6	-154.46592659608095	1.0	0.5	88991.0	1437.0	2980.0	54.0	15.0	1501.0	1660.0	43.0	54.0	3111.0	18.0	23.0	93.0	20.0	0.0
6	5	8	0.0	0.49999999949999996	nan	88991.0	2980.0	1501.0	54.0	23.0	1437.0	54.0	15.0	1660.0	3111.0	93.0	43.0	20.0	18.0	0.0
5	6	9	-1.7458283611783443	0.9595796503212017	1.0042904290429042	90335.0	1636.0	1469.0	21.0	16.0	1534.0	34.0	10.0	3077.0	1723.0	64.0	54.0	10.0	16.0	1.0
5	9	6	-410.4039593662323	1.0	0.49893425151664206	90335.0	1469.0	1636.0	21.0	16.0	1534.0	3077.0	54.0	34.0	1723.0	10.0	10.0	64.0	16.0	1.0
6	5	9	1.7532867143480182	0.03977635978112626	0.9957640925382861	90335.0	1636.0	1534.0	34.0	10.0	1469.0	21.0	16.0	3077.0	1723.0	64.0	54.0	16.0	10.0	1.0
5	7	8	0.1961378674179895	0.4222511508407967	0.9987707437000615	89006.0	2976.0	1422.0	53.0	20.0	1492.0	51.0	22.0	1676.0	3107.0	91.0	36.0	25.0	21.0	2.0
5	8	7	-159.16587940969845	1.0	0.5003078817733991	89006.0	1422.0	2976.0	53.0	20.0	1492.0	1676.0	36.0	51.0	3107.0	25.0	22.0	91.0	21.0	2.0
7	5	8	-0.19589646696578275	0.5776543769875611	1.001233806292412	89006.0	2976.0	1492.0	51.0	22.0	1422.0	53.0	20.0	1676.0	3107.0	91.0	36.0	21.0	25.0	2.0
5	7	9	-0.553749471326576	0.7101248721878817	1.0013097576948264	90346.0	1636.0	1458.0	24.0	13.0	1527.0	28.0	10.0	3086.0	1724.0	64.0	52.0	15.0	17.0	0.0
5	9	7	-423.89522030049454	1.0	0.49967320261437903	90346.0	1458.0	1636.0	24.0	13.0	1527.0	3086.0	52.0	28.0	1724.0	15.0	10.0	64.0	17.0	0.0
7	5	9	0.554473800262255	0.2896272865217311	0.9986953685583823	90346.0	1636.0	1527.0	28.0	10.0	1458.0	24.0	13.0	3086.0	1724.0	64.0	52.0	17.0	15.0	0.0
5	8	9	-0.46923950625205857	0.6805507598853854	1.003579098067287	88832.0	1596.0	2972.0	54.0	23.0	3120.0	59.0	25.0	1461.0	1682.0	40.0	84.0	26.0	26.0	0.0
5	9	8	-132.04399705932923	1.0	0.4991100035599858	88832.0	2972.0	1596.0	54.0	23.0	3120.0	1461.0	84.0	59.0	1682.0	26.0	25.0	40.0	26.0	0.0
8	5	9	0.47091297096765083	0.3188514567115499	0.9964589235127479	88832.0	1596.0	3120.0	59.0	25.0	2972.0	54.0	23.0	1461.0	1682.0	40.0	84.0	26.0	26.0	0.0
6	7	8	0.2461041017714343	0.4028008772117284	0.9990710636321412	89560.0	3009.0	932.0	34.0	14.0	938.0	32.0	8.0	2183.0	3135.0	104.0	19.0	18.0	12.0	2.0
6	8	7	-264.43885735340615	1.0	0.5002325581395348	89560.0	932.0	3009.0	34.0	14.0	938.0	2183.0	19.0	32.0	3135.0	18.0	8.0	104.0	12.0	2.0
7	6	8	-0.2458752741547245	0.5971105545111728	1.00093153237075	89560.0	3009.0	938.0	32.0	8.0	932.0	34.0	14.0	2183.0	3135.0	104.0	19.0	12.0	18.0	2.0
6	7	9	1.4402787752161101	0.07489431752434894	0.9975034674063801	90918.0	1651.0	951.0	24.0	5.0	955.0	15.0	8.0	3611.0	1735.0	76.0	34.0	10.0	6.0	1.0
6	9	7	-574.0311074111335	1.0	0.5006264791869692	90918.0	951.0	1651.0	24.0	5.0	955.0	3611.0	34.0	15.0	1735.0	10.0	8.0	76.0	6.0	1.0
7	6	9	-1.4366740730534446	0.9245946408926538	1.0025153717160424	90918.0	1651.0	955.0	15.0	8.0	951.0	24.0	5.0	3611.0	1735.0	76.0	34.0	6.0	10.0	1.0
6	8	9	0.557904360653182	0.288454816138052	0.9957716701902748	88898.0	1594.0	2971.0	61.0	25.0	3054.0	55.0	31.0	1468.0	1679.0	38.0	78.0	26.0	22.0	0.0
6	9	8	-130.8285725731714	1.0	0.501063829787234	88898.0	2971.0	1594.0	61.0	25.0	3054.0	1468.0	78.0	55.0	1679.0	26.0	31.0	38.0	22.0	0.0
8	6	9	-0.5555353400134657	0.7107357572773998	1.0042826552462527	88898.0	1594.0	3054.0	55.0	31.0	2971.0	61.0	25.0	1468.0	1679.0	38.0	78.0	22.0	26.0	0.0
7	8	9	-0.28177397654612635	0.6109415213358299	1.0021413276231264	88904.0	1594.0	2969.0	55.0	25.0	3048.0	58.0	28.0	1462.0	1681.0	38.0	86.0	26.0	26.0	0.0
7	9	8	-132.1519950001335	1.0	0.4994663820704376	88904.0	2969.0	1594.0	55.0	25.0	3048.0	1462.0	86.0	58.0	1681.0	26.0	28.0	38.0	26.0	0.0
8	7	9	0.2823760576925925	0.3888276513290092	0.997872340425532	88904.0	1594.0	3048.0	58.0	28.0	2969.0	55.0	25.0	1462.0	1681.0	38.0	86.0	26.0	26.0	0.0
