P1	Hybrid	P2	Zscore	Pvalue	Gamma	AAAA	AAAB	AABA	AABB	AABC	ABAA	ABAB	ABAC	ABBA	BAAA	ABBC	CABC	BACA	BCAA	ABCD
1	2	3	0.31442098411047065	0.3766007292824446	0.9944903581267218	36937.0	2084.0	3096.0	186.0	104.0	3494.0	180.0	113.0	1263.0	1968.0	122.0	244.0	100.0	102.0	7.0
1	3	2	-56.438566647829305	1.0	0.5013888888888889	36937.0	3096.0	2084.0	186.0	104.0	3494.0	1263.0	244.0	180.0	1968.0	100.0	113.0	122.0	102.0	7.0
2	1	3	-0.3126790396001633	0.6227376702592295	1.0056022408963585	36937.0	2084.0	3494.0	180.0	113.0	3096.0	186.0	104.0	1263.0	1968.0	122.0	244.0	102.0	100.0	7.0
1	2	4	1.7913143394353286	0.0366213824952476	0.976831091180867	37109.0	1912.0	3123.0	168.0	95.0	3549.0	137.0	101.0	1444.0	1795.0	114.0	266.0	86.0	95.0	6.0
1	4	2	-73.73280958449931	1.0	0.5060007742934572	37109.0	3123.0	1912.0	168.0	95.0	3549.0	1444.0	266.0	137.0	1795.0	86.0	101.0	114.0	95.0	6.0
2	1	4	-1.7488271592344908	0.959839591301309	1.0248995983935743	37109.0	1912.0	3549.0	137.0	101.0	3123.0	168.0	95.0	1444.0	1795.0	114.0	266.0	95.0	86.0	6.0
1	2	5	0.12361209337112067	0.45081116847159186	0.9987639060568603	37505.0	1516.0	3190.0	132.0	64.0	3579.0	130.0	78.0	1746.0	1490.0	117.0	305.0	61.0	79.0	8.0
1	5	2	-99.7549593504941	1.0	0.5003095975232198	37505.0	3190.0	1516.0	132.0	64.0	3579.0	1746.0	305.0	130.0	1490.0	61.0	78.0	117.0	79.0	8.0
2	1	5	-0.12345910810704751	0.5491282632986063	1.001240694789082	37505.0	1516.0	3579.0	130.0	78.0	3190.0	132.0	64.0	1746.0	1490.0	117.0	305.0	79.0	61.0	8.0
1	2	6	0.12360892720057956	0.4508124219751297	0.9988158673771462	37557.0	1464.0	3197.0	132.0	57.0	3574.0	130.0	83.0	1817.0	1432.0	104.0	310.0	61.0	75.0	7.0
1	6	2	-104.14052116648793	1.0	0.5002965599051008	37557.0	3197.0	1464.0	132.0	57.0	3574.0	1817.0	310.0	130.0	1432.0	61.0	83.0	104.0	75.0	7.0
2	1	6	-0.12346238431118943	0.5491295603890243	1.0011883541295306	37557.0	1464.0	3574.0	130.0	83.0	3197.0	132.0	57.0	1817.0	1432.0	104.0	310.0	75.0	61.0	7.0
1	2	7	-0.4226505178046742	0.6637248294275495	1.0041966426858513	37483.0	1538.0	3191.0	133.0	62.0	3572.0	140.0	75.0	1815.0	1455.0	83.0	301.0	65.0	75.0	12.0
1	7	2	-101.55688156392314	1.0	0.49895740244265707	37483.0	3191.0	1538.0	133.0	62.0	3572.0	1815.0	301.0	140.0	1455.0	65.0	75.0	83.0	75.0	12.0
2	1	7	0.4244168184760967	0.3356309669184022	0.9958555358200119	37483.0	1538.0	3572.0	140.0	75.0	3191.0	133.0	62.0	1815.0	1455.0	83.0	301.0	75.0	65.0	12.0
1	2	8	0.26747848520585965	0.3945504502327004	0.9978540772532188	37696.0	1325.0	3204.0	114.0	68.0	3596.0	110.0	81.0	1970.0	1292.0	91.0	326.0	57.0	62.0	8.0
1	8	2	-124.11001713551856	1.0	0.5005382131324004	37696.0	3204.0	1325.0	114.0	68.0	3596.0	1970.0	326.0	110.0	1292.0	57.0	81.0	91.0	62.0	8.0
2	1	8	-0.2669032626570298	0.605228116304779	1.0021598272138228	37696.0	1325.0	3596.0	110.0	81.0	3204.0	114.0	68.0	1970.0	1292.0	91.0	326.0	62.0	57.0	8.0
1	2	9	0.7536384065039656	0.22553312041262497	0.9961055819991346	38115.0	906.0	3264.0	76.0	46.0	3679.0	67.0	41.0	2369.0	914.0	70.0	358.0	42.0	46.0	7.0
1	9	2	-192.01031845706567	1.0	0.5009793253536453	38115.0	3264.0	906.0	76.0	46.0	3679.0	2369.0	358.0	67.0	914.0	42.0	41.0	70.0	46.0	7.0
2	1	9	-0.7506919487895715	0.7735810330688669	1.003940455341506	38115.0	906.0	3679.0	67.0	41.0	3264.0	76.0	46.0	2369.0	914.0	70.0	358.0	46.0	42.0	7.0
1	3	4	1.993286079472284	0.023114995751835066	0.8664122137404581	38104.0	1929.0	2128.0	189.0	57.0	4720.0	154.0	127.0	381.0	1807.0	60.0	158.0	57.0	125.0	4.0
1	4	3	-10.934597921676536	1.0	0.5417661097852028	38104.0	2128.0	1929.0	189.0	57.0	4720.0	381.0	158.0	154.0	1807.0	57.0	127.0	60.0	125.0	4.0
3	1	4	-1.6859512214038703	0.9540974281317218	1.2229299363057324	38104.0	1929.0	4720.0	154.0	127.0	2128.0	189.0	57.0	381.0	1807.0	60.0	158.0	125.0	57.0	4.0
1	3	5	-0.53025010462627	0.702030749363175	1.0165745856353592	38502.0	1531.0	2193.0	137.0	44.0	4745.0	146.0	110.0	698.0	1483.0	67.0	187.0	52.0	95.0	10.0
1	5	3	-33.05225652170416	1.0	0.4959568733153639	38502.0	2193.0	1531.0	137.0	44.0	4745.0	698.0	187.0	146.0	1483.0	52.0	110.0	67.0	95.0	10.0
3	1	5	0.5388954867669157	0.2949794641529335	0.9842105263157894	38502.0	1531.0	4745.0	146.0	110.0	2193.0	137.0	44.0	698.0	1483.0	67.0	187.0	95.0	52.0	10.0
1	3	6	0.06100915883184222	0.4756758878849663	0.99836867862969	38556.0	1477.0	2198.0	135.0	41.0	4759.0	134.0	108.0	746.0	1438.0	64.0	196.0	51.0	91.0	6.0
1	6	3	-37.276596046255506	1.0	0.5004088307440719	38556.0	2198.0	1477.0	135.0	41.0	4759.0	746.0	196.0	134.0	1438.0	51.0	108.0	64.0	91.0	6.0
3	1	6	-0.06090947066381633	0.5242844161074618	1.001639344262295	38556.0	1477.0	4759.0	134.0	108.0	2198.0	135.0	41.0	746.0	1438.0	64.0	196.0	91.0	51.0	6.0
1	3	7	-1.2684269062503466	0.8976771621646189	1.0384615384615385	38481.0	1552.0	2193.0	133.0	48.0	4745.0	155.0	101.0	749.0	1453.0	46.0	194.0	52.0	91.0	7.0
1	7	3	-35.51595337500971	1.0	0.4909090909090909	38481.0	2193.0	1552.0	133.0	48.0	4745.0	749.0	194.0	155.0	1453.0	52.0	101.0	46.0	91.0	7.0
3	1	7	1.315405680555915	0.09418686547489075	0.9655172413793104	38481.0	1552.0	4745.0	155.0	101.0	2193.0	133.0	48.0	749.0	1453.0	46.0	194.0	91.0	52.0	7.0
1	3	8	0.4965399070862067	0.30975676980644207	0.9897567221510883	38688.0	1345.0	2212.0	135.0	27.0	4778.0	127.0	96.0	900.0	1287.0	61.0	214.0	45.0	78.0	7.0
1	8	3	-47.481628615118375	1.0	0.5026007802340702	38688.0	2212.0	1345.0	135.0	27.0	4778.0	900.0	214.0	127.0	1287.0	45.0	96.0	61.0	78.0	7.0
3	1	8	-0.4914010723427531	0.688428593840479	1.010568031704095	38688.0	1345.0	4778.0	127.0	96.0	2212.0	135.0	27.0	900.0	1287.0	61.0	214.0	78.0	45.0	7.0
1	3	9	1.304062472331593	0.09610620902568523	0.986960065199674	39118.0	915.0	2261.0	84.0	29.0	4875.0	68.0	58.0	1279.0	924.0	45.0	252.0	31.0	58.0	3.0
1	9	3	-97.39716590226578	1.0	0.5033250207813799	39118.0	2261.0	915.0	84.0	29.0	4875.0	1279.0	252.0	68.0	924.0	31.0	58.0	45.0	58.0	3.0
3	1	9	-1.2868329103519847	0.9009236648799404	1.013570822731128	39118.0	915.0	4875.0	68.0	58.0	2261.0	84.0	29.0	1279.0	924.0	45.0	252.0	58.0	31.0	3.0
1	4	5	0.8323691145459237	0.2026002630683481	0.9577039274924471	38712.0	1520.0	1983.0	154.0	38.0	5001.0	140.0	118.0	457.0	1503.0	58.0	172.0	38.0	100.0	6.0
1	5	4	-18.01484583624389	1.0	0.5112903225806451	38712.0	1983.0	1520.0	154.0	38.0	5001.0	457.0	172.0	140.0	1503.0	38.0	118.0	58.0	100.0	6.0
4	1	5	-0.7956083334618763	0.786870200249589	1.0484429065743945	38712.0	1520.0	5001.0	140.0	118.0	1983.0	154.0	38.0	457.0	1503.0	58.0	172.0	100.0	38.0	6.0
1	4	6	1.3959792792354868	0.08136042284722556	0.9423558897243108	38774.0	1458.0	1980.0	154.0	41.0	5016.0	131.0	112.0	507.0	1454.0	57.0	178.0	38.0	97.0	3.0
1	6	4	-21.42524719870115	1.0	0.5157750342935528	38774.0	1980.0	1458.0	154.0	41.0	5016.0	507.0	178.0	131.0	1454.0	38.0	112.0	57.0	97.0	3.0
4	1	6	-1.310586929707784	0.9050012541605905	1.0696969696969696	38774.0	1458.0	5016.0	131.0	112.0	1980.0	154.0	41.0	507.0	1454.0	57.0	178.0	97.0	38.0	3.0
1	4	7	1.3746931997225131	0.08461334943639498	0.9361702127659575	38721.0	1511.0	1953.0	173.0	49.0	5009.0	149.0	101.0	501.0	1476.0	41.0	178.0	35.0	98.0	5.0
1	7	4	-18.78747372954101	1.0	0.5176470588235295	38721.0	1953.0	1511.0	173.0	49.0	5009.0	501.0	178.0	149.0	1476.0	35.0	101.0	41.0	98.0	5.0
4	1	7	-1.2809641179232507	0.8998967964999849	1.0789473684210527	38721.0	1511.0	5009.0	149.0	101.0	1953.0	173.0	49.0	501.0	1476.0	41.0	178.0	98.0	35.0	5.0
1	4	8	0.9543229589048143	0.1699600869001614	0.9728260869565217	38902.0	1330.0	1998.0	134.0	43.0	5038.0	119.0	102.0	656.0	1306.0	56.0	198.0	34.0	80.0	4.0
1	8	4	-33.210438969887505	1.0	0.5070821529745042	38902.0	1998.0	1330.0	134.0	43.0	5038.0	656.0	198.0	119.0	1306.0	34.0	102.0	56.0	80.0	4.0
4	1	8	-0.9276658930136183	0.8232095657276373	1.029585798816568	38902.0	1330.0	5038.0	119.0	102.0	1998.0	134.0	43.0	656.0	1306.0	56.0	198.0	80.0	34.0	4.0
1	4	9	1.924363835510115	0.027154429463890573	0.9771598808341608	39312.0	920.0	2067.0	84.0	24.0	5140.0	61.0	58.0	1045.0	934.0	39.0	221.0	28.0	63.0	4.0
1	9	4	-80.40494112718345	1.0	0.5059125964010283	39312.0	2067.0	920.0	84.0	24.0	5140.0	1045.0	221.0	61.0	934.0	28.0	58.0	39.0	63.0	4.0
4	1	9	-1.8793837865093703	0.9699040096693177	1.0245202558635393	39312.0	920.0	5140.0	61.0	58.0	2067.0	84.0	24.0	1045.0	934.0	39.0	221.0	63.0	28.0	4.0
1	5	6	0.061989970410438036	0.47528533990041055	0.9814814814814815	39210.0	1485.0	1544.0	133.0	35.0	5388.0	132.0	110.0	185.0	1453.0	43.0	128.0	38.0	111.0	5.0
1	6	5	-3.2234784613427703	0.9993667179302517	0.5047619047619047	39210.0	1544.0	1485.0	133.0	35.0	5388.0	185.0	128.0	132.0	1453.0	38.0	110.0	43.0	111.0	5.0
5	1	6	-0.06082034832722222	0.5242489272286563	1.0196078431372548	39210.0	1485.0	5388.0	132.0	110.0	1544.0	133.0	35.0	185.0	1453.0	43.0	128.0	111.0	38.0	5.0
1	5	7	-0.7257025945605545	0.7659895138852493	2.6363636363636362	39134.0	1561.0	1540.0	137.0	35.0	5373.0	155.0	102.0	184.0	1468.0	29.0	131.0	37.0	107.0	7.0
1	7	5	-1.8948901080192273	0.9709465844757847	0.381578947368421	39134.0	1540.0	1561.0	137.0	35.0	5373.0	184.0	131.0	155.0	1468.0	37.0	102.0	29.0	107.0	7.0
5	1	7	1.1761386877360707	0.11976979160185497	0.7230769230769231	39134.0	1561.0	5373.0	155.0	102.0	1540.0	137.0	35.0	184.0	1468.0	29.0	131.0	107.0	37.0	7.0
1	5	8	0.6354433904176626	0.26256957931255476	0.9559471365638766	39349.0	1346.0	1551.0	134.0	27.0	5402.0	124.0	104.0	341.0	1301.0	39.0	149.0	34.0	91.0	8.0
1	8	5	-13.153678181645606	1.0	0.5117924528301886	39349.0	1551.0	1346.0	134.0	27.0	5402.0	341.0	149.0	124.0	1301.0	34.0	104.0	39.0	91.0	8.0
5	1	8	-0.6061602848684615	0.7277958889304676	1.0507614213197969	39349.0	1346.0	5402.0	124.0	104.0	1551.0	134.0	27.0	341.0	1301.0	39.0	149.0	91.0	34.0	8.0
1	5	9	2.117033997521962	0.01712842077175103	0.9602356406480118	39785.0	910.0	1594.0	97.0	21.0	5501.0	70.0	59.0	722.0	928.0	31.0	183.0	25.0	72.0	2.0
1	9	5	-49.00541660930467	1.0	0.5105716523101018	39785.0	1594.0	910.0	97.0	21.0	5501.0	722.0	183.0	70.0	928.0	25.0	59.0	31.0	72.0	2.0
5	1	9	-2.0293654117350095	0.9787895253927663	1.0451505016722409	39785.0	910.0	5501.0	70.0	59.0	1594.0	97.0	21.0	722.0	928.0	31.0	183.0	72.0	25.0	2.0
1	6	7	-99999.9	1.0	-0.039182282793867124	39769.0	985.0	905.0	718.0	30.0	5529.0	108.0	64.0	85.0	1525.0	13.0	74.0	27.0	164.0	4.0
1	7	6	1.6775379528652081	0.04671864389303759	0.0350609756097561	39769.0	905.0	985.0	718.0	30.0	5529.0	85.0	74.0	108.0	1525.0	27.0	64.0	13.0	164.0	4.0
6	1	7	-44.49122396729469	1.0	0.5092518101367659	39769.0	985.0	5529.0	108.0	64.0	905.0	718.0	30.0	85.0	1525.0	13.0	74.0	164.0	27.0	4.0
1	6	8	0.3771561070043347	0.35302885643667004	0.963855421686747	39406.0	1348.0	1494.0	134.0	25.0	5467.0	128.0	106.0	288.0	1300.0	35.0	137.0	31.0	99.0	2.0
1	8	6	-9.680340079777933	1.0	0.5095541401273885	39406.0	1494.0	1348.0	134.0	25.0	5467.0	288.0	137.0	128.0	1300.0	31.0	106.0	35.0	99.0	2.0
6	1	8	-0.3630127529916721	0.6417022590589484	1.0405405405405406	39406.0	1348.0	5467.0	128.0	106.0	1494.0	134.0	25.0	288.0	1300.0	35.0	137.0	99.0	31.0	2.0
1	6	9	2.00960730803368	0.02223631476029797	0.9597423510466989	39839.0	915.0	1540.0	92.0	21.0	5576.0	67.0	58.0	663.0	931.0	29.0	167.0	25.0	74.0	3.0
1	9	6	-45.89943091548925	1.0	0.5107112253641817	39839.0	1540.0	915.0	92.0	21.0	5576.0	663.0	167.0	67.0	931.0	25.0	58.0	29.0	74.0	3.0
6	1	9	-1.9253116994752204	0.9729048802599705	1.0457875457875458	39839.0	915.0	5576.0	67.0	58.0	1540.0	92.0	21.0	663.0	931.0	29.0	167.0	74.0	25.0	3.0
1	7	8	0.1256385779909888	0.45000897376795623	0.9893048128342246	39325.0	1349.0	1575.0	129.0	29.0	5454.0	127.0	107.0	312.0	1312.0	36.0	126.0	20.0	95.0	4.0
1	8	7	-11.495929886175318	1.0	0.5027173913043478	39325.0	1575.0	1349.0	129.0	29.0	5454.0	312.0	126.0	127.0	1312.0	20.0	107.0	36.0	95.0	4.0
7	1	8	-0.12428032309378889	0.5494533761847569	1.011049723756906	39325.0	1349.0	5454.0	127.0	107.0	1575.0	129.0	29.0	312.0	1312.0	36.0	126.0	95.0	20.0	4.0
1	7	9	1.8354450869254024	0.03321982592259043	0.9642857142857143	39760.0	914.0	1619.0	92.0	22.0	5565.0	69.0	54.0	690.0	937.0	33.0	151.0	17.0	74.0	3.0
1	9	7	-47.721572260060455	1.0	0.509433962264151	39760.0	1619.0	914.0	92.0	22.0	5565.0	690.0	151.0	69.0	937.0	17.0	54.0	33.0	74.0	3.0
7	1	9	-1.7674656392614982	0.9614249064860478	1.04	39760.0	914.0	5565.0	69.0	54.0	1619.0	92.0	22.0	690.0	937.0	33.0	151.0	74.0	17.0	3.0
1	8	9	1.6730599127629064	0.04715772903333049	0.9536423841059603	39978.0	922.0	1401.0	92.0	14.0	5758.0	71.0	63.0	503.0	934.0	22.0	145.0	18.0	76.0	3.0
1	9	8	-32.744172578359745	1.0	0.5124555160142349	39978.0	1401.0	922.0	92.0	14.0	5758.0	503.0	145.0	71.0	934.0	18.0	63.0	22.0	76.0	3.0
8	1	9	-1.591730611448043	0.9442773743319596	1.0538461538461539	39978.0	922.0	5758.0	71.0	63.0	1401.0	92.0	14.0	503.0	934.0	22.0	145.0	76.0	18.0	3.0
2	3	4	0.22641491370627112	0.4104394075358835	0.9806763285024155	38507.0	1924.0	2151.0	161.0	65.0	4317.0	157.0	129.0	360.0	1844.0	52.0	156.0	57.0	116.0	4.0
2	4	3	-11.264141956886956	1.0	0.5049751243781094	38507.0	2151.0	1924.0	161.0	65.0	4317.0	360.0	156.0	157.0	1844.0	57.0	129.0	52.0	116.0	4.0
3	2	4	-0.22195353609629537	0.5878249330266584	1.0205128205128204	38507.0	1924.0	4317.0	157.0	129.0	2151.0	161.0	65.0	360.0	1844.0	52.0	156.0	116.0	57.0	4.0
2	3	5	-0.9210813453015051	0.8214960417373285	1.028301886792453	38874.0	1557.0	2210.0	121.0	46.0	4373.0	136.0	94.0	681.0	1511.0	64.0	187.0	54.0	83.0	9.0
2	5	3	-34.38703689125616	1.0	0.49321266968325794	38874.0	2210.0	1557.0	121.0	46.0	4373.0	681.0	187.0	136.0	1511.0	54.0	94.0	64.0	83.0	9.0
3	2	5	0.9464322080162253	0.17196408087703074	0.9739130434782609	38874.0	1557.0	4373.0	136.0	94.0	2210.0	121.0	46.0	681.0	1511.0	64.0	187.0	83.0	54.0	9.0
2	3	6	-0.25728212020504704	0.6015194449810408	1.0065040650406505	38915.0	1516.0	2216.0	118.0	43.0	4400.0	122.0	81.0	741.0	1459.0	56.0	183.0	58.0	87.0	5.0
2	6	3	-40.07169022193598	1.0	0.49838969404186795	38915.0	2216.0	1516.0	118.0	43.0	4400.0	741.0	183.0	122.0	1459.0	58.0	81.0	56.0	87.0	5.0
3	2	6	0.2589446864099262	0.39783901812446976	0.9936204146730463	38915.0	1516.0	4400.0	122.0	81.0	2216.0	118.0	43.0	741.0	1459.0	56.0	183.0	87.0	58.0	5.0
2	3	7	-1.1771040016967511	0.8804229393484816	1.032758620689655	38841.0	1590.0	2214.0	116.0	47.0	4385.0	135.0	83.0	734.0	1475.0	47.0	188.0	53.0	86.0	6.0
2	7	3	-38.286856476241695	1.0	0.49219391947411667	38841.0	2214.0	1590.0	116.0	47.0	4385.0	734.0	188.0	135.0	1475.0	53.0	83.0	47.0	86.0	6.0
3	2	7	1.2144411903983177	0.11228971350321593	0.9701726844583988	38841.0	1590.0	4385.0	135.0	83.0	2214.0	116.0	47.0	734.0	1475.0	47.0	188.0	86.0	53.0	6.0
2	3	8	0.06498444037022919	0.4740931247539447	0.9987228607918263	39068.0	1363.0	2224.0	119.0	34.0	4398.0	118.0	87.0	900.0	1302.0	54.0	202.0	48.0	79.0	4.0
2	8	3	-50.75284792914885	1.0	0.5003198976327575	39068.0	2224.0	1363.0	119.0	34.0	4398.0	900.0	202.0	118.0	1302.0	48.0	87.0	54.0	79.0	4.0
3	2	8	-0.06490134006285038	0.525873792859502	1.0012820512820513	39068.0	1363.0	4398.0	118.0	87.0	2224.0	119.0	34.0	900.0	1302.0	54.0	202.0	79.0	48.0	4.0
2	3	9	0.41304690098626395	0.3397861694349773	0.9958779884583677	39521.0	910.0	2273.0	76.0	28.0	4472.0	71.0	60.0	1279.0	934.0	43.0	240.0	31.0	56.0	6.0
2	9	3	-99.37908437729504	1.0	0.5010369141435088	39521.0	2273.0	910.0	76.0	28.0	4472.0	1279.0	240.0	71.0	934.0	31.0	60.0	43.0	56.0	6.0
3	2	9	-0.41133726977357243	0.659587333306829	1.0041736227045075	39521.0	910.0	4472.0	71.0	60.0	2273.0	76.0	28.0	1279.0	934.0	43.0	240.0	56.0	31.0	6.0
2	4	5	0.5014594242382151	0.3080239114259785	0.9770773638968482	39108.0	1550.0	1976.0	134.0	40.0	4605.0	126.0	102.0	467.0	1534.0	57.0	169.0	41.0	89.0	2.0
2	5	4	-20.873248533915643	1.0	0.5059347181008902	39108.0	1976.0	1550.0	134.0	40.0	4605.0	467.0	169.0	126.0	1534.0	41.0	102.0	57.0	89.0	2.0
4	2	5	-0.489694980267817	0.6878251186571513	1.0246153846153847	39108.0	1550.0	4605.0	126.0	102.0	1976.0	134.0	40.0	467.0	1534.0	57.0	169.0	89.0	41.0	2.0
2	4	6	0.8779769505182978	0.18997807647178844	0.9664268585131894	39163.0	1495.0	1968.0	138.0	44.0	4627.0	124.0	82.0	527.0	1476.0	55.0	170.0	39.0	91.0	1.0
2	6	4	-24.395216696544104	1.0	0.5088383838383839	39163.0	1968.0	1495.0	138.0	44.0	4627.0	527.0	170.0	124.0	1476.0	39.0	82.0	55.0	91.0	1.0
4	2	6	-0.8474765105499202	0.8016352601465344	1.0373333333333334	39163.0	1495.0	4627.0	124.0	82.0	1968.0	138.0	44.0	527.0	1476.0	55.0	170.0	91.0	39.0	1.0
2	4	7	1.7077318938615846	0.04384301920065692	0.9320388349514563	39106.0	1552.0	1949.0	156.0	45.0	4624.0	128.0	81.0	512.0	1499.0	47.0	171.0	36.0	92.0	2.0
2	7	4	-21.712591221954437	1.0	0.518918918918919	39106.0	1949.0	1552.0	156.0	45.0	4624.0	512.0	171.0	128.0	1499.0	36.0	81.0	47.0	92.0	2.0
4	2	7	-1.583209776600844	0.9433131658229957	1.0853658536585367	39106.0	1552.0	4624.0	128.0	81.0	1949.0	156.0	45.0	512.0	1499.0	47.0	171.0	92.0	36.0	2.0
2	4	8	0.7460853625459681	0.2278078572067621	0.9812606473594548	39301.0	1357.0	1991.0	116.0	43.0	4639.0	105.0	89.0	681.0	1324.0	53.0	180.0	39.0	80.0	2.0
2	8	4	-38.32165725804288	1.0	0.5048203330411919	39301.0	1991.0	1357.0	116.0	43.0	4639.0	681.0	180.0	105.0	1324.0	39.0	89.0	53.0	80.0	2.0
4	2	8	-0.7318372045806805	0.7678661002296192	1.01985559566787	39301.0	1357.0	4639.0	105.0	89.0	1991.0	116.0	43.0	681.0	1324.0	53.0	180.0	80.0	39.0	2.0
2	4	9	1.2436001971631232	0.10682344010787259	0.986328125	39738.0	920.0	2056.0	71.0	23.0	4714.0	57.0	62.0	1067.0	951.0	40.0	210.0	28.0	59.0	4.0
2	9	4	-88.47327116960507	1.0	0.5034895314057826	39738.0	2056.0	920.0	71.0	23.0	4714.0	1067.0	210.0	57.0	951.0	28.0	62.0	40.0	59.0	4.0
4	2	9	-1.2263621746281888	0.8899687258475979	1.0142566191446027	39738.0	920.0	4714.0	57.0	62.0	2056.0	71.0	23.0	1067.0	951.0	40.0	210.0	59.0	28.0	4.0
2	5	6	-0.06307004558789633	0.5251447062041865	1.0172413793103448	39569.0	1515.0	1562.0	123.0	39.0	5029.0	124.0	88.0	183.0	1477.0	41.0	112.0	38.0	97.0	3.0
2	6	5	-3.784202735273771	0.9999228736614438	0.49579831932773105	39569.0	1562.0	1515.0	123.0	39.0	5029.0	183.0	112.0	124.0	1477.0	38.0	88.0	41.0	97.0	3.0
5	2	6	0.06413902941142001	0.4744296927295302	0.9836065573770492	39569.0	1515.0	5029.0	124.0	88.0	1562.0	123.0	39.0	183.0	1477.0	41.0	112.0	97.0	38.0	3.0
2	5	7	-0.5367572306142436	0.7042823614812264	1.3225806451612903	39491.0	1593.0	1564.0	126.0	34.0	5016.0	136.0	89.0	177.0	1490.0	34.0	114.0	37.0	96.0	3.0
2	7	5	-2.7374618761326364	0.9969041811398689	0.4456521739130435	39491.0	1564.0	1593.0	126.0	34.0	5016.0	177.0	114.0	136.0	1490.0	37.0	89.0	34.0	96.0	3.0
5	2	7	0.6676736283250352	0.25217090811242593	0.8360655737704918	39491.0	1593.0	5016.0	136.0	89.0	1564.0	126.0	34.0	177.0	1490.0	34.0	114.0	96.0	37.0	3.0
2	5	8	0.594723102242573	0.27601424225434257	0.9629629629629629	39718.0	1366.0	1574.0	123.0	27.0	5033.0	114.0	94.0	348.0	1315.0	38.0	119.0	39.0	88.0	4.0
2	8	5	-14.868077556064323	1.0	0.5098039215686274	39718.0	1574.0	1366.0	123.0	27.0	5033.0	348.0	119.0	114.0	1315.0	39.0	94.0	38.0	88.0	4.0
5	2	8	-0.5718491367717048	0.716287944369348	1.0416666666666667	39718.0	1366.0	5033.0	114.0	94.0	1574.0	123.0	27.0	348.0	1315.0	38.0	119.0	88.0	39.0	4.0
2	5	9	1.7703604530707309	0.03833351025569465	0.967551622418879	40180.0	904.0	1614.0	90.0	20.0	5106.0	68.0	67.0	724.0	944.0	33.0	161.0	24.0	63.0	2.0
2	9	5	-51.01856942031108	1.0	0.5085271317829458	40180.0	1614.0	904.0	90.0	20.0	5106.0	724.0	161.0	68.0	944.0	24.0	67.0	33.0	63.0	2.0
5	2	9	-1.7109886086079928	0.9564584244542182	1.0359477124183007	40180.0	904.0	5106.0	68.0	67.0	1614.0	90.0	20.0	724.0	944.0	33.0	161.0	63.0	24.0	2.0
2	6	7	-99999.9	1.0	-0.024350649350649352	40130.0	1001.0	925.0	724.0	28.0	5168.0	93.0	63.0	78.0	1543.0	18.0	61.0	27.0	140.0	1.0
2	7	6	1.1575926551008562	0.12351521216668881	0.0226928895612708	40130.0	925.0	1001.0	724.0	28.0	5168.0	78.0	61.0	93.0	1543.0	27.0	63.0	18.0	140.0	1.0
6	2	7	-48.696064357909336	1.0	0.5058731401722787	40130.0	1001.0	5168.0	93.0	63.0	925.0	724.0	28.0	78.0	1543.0	18.0	61.0	140.0	27.0	1.0
2	6	8	0.19328406135450565	0.42336827373895314	0.9824561403508771	39765.0	1366.0	1527.0	124.0	26.0	5108.0	121.0	95.0	289.0	1315.0	35.0	103.0	32.0	94.0	0.0
2	8	6	-10.630623374497786	1.0	0.5045045045045045	39765.0	1527.0	1366.0	124.0	26.0	5108.0	289.0	103.0	121.0	1315.0	32.0	95.0	35.0	94.0	0.0
6	2	8	-0.18983256025888948	0.5752798128759948	1.0185185185185186	39765.0	1366.0	5108.0	121.0	95.0	1527.0	124.0	26.0	289.0	1315.0	35.0	103.0	94.0	32.0	0.0
2	6	9	1.3888828556704371	0.08243424404182598	0.9723127035830619	40224.0	907.0	1570.0	85.0	22.0	5191.0	68.0	65.0	665.0	944.0	30.0	135.0	24.0	68.0	2.0
2	9	6	-47.3854150758149	1.0	0.5072217502124045	40224.0	1570.0	907.0	85.0	22.0	5191.0	665.0	135.0	68.0	944.0	24.0	65.0	30.0	68.0	2.0
6	2	9	-1.34933342761952	0.9113849902661395	1.030195381882771	40224.0	907.0	5191.0	68.0	65.0	1570.0	85.0	22.0	665.0	944.0	30.0	135.0	68.0	24.0	2.0
2	7	8	0.06484798998761657	0.4741474459985783	0.9945054945054945	39683.0	1372.0	1609.0	120.0	24.0	5096.0	119.0	92.0	300.0	1324.0	39.0	104.0	25.0	92.0	1.0
2	8	7	-11.67263819777095	1.0	0.5013850415512465	39683.0	1609.0	1372.0	120.0	24.0	5096.0	300.0	104.0	119.0	1324.0	25.0	92.0	39.0	92.0	1.0
7	2	8	-0.06448971379983967	0.5257099210517006	1.005586592178771	39683.0	1372.0	5096.0	119.0	92.0	1609.0	120.0	24.0	300.0	1324.0	39.0	104.0	92.0	25.0	1.0
2	7	9	1.7289257889353977	0.041911152053360934	0.967032967032967	40148.0	907.0	1646.0	86.0	21.0	5177.0	65.0	65.0	681.0	950.0	32.0	133.0	21.0	67.0	1.0
2	9	7	-48.98623068650289	1.0	0.508670520231214	40148.0	1646.0	907.0	86.0	21.0	5177.0	681.0	133.0	65.0	950.0	21.0	65.0	32.0	67.0	1.0
7	2	9	-1.6699851370398728	0.95253886901321	1.0365853658536586	40148.0	907.0	5177.0	65.0	65.0	1646.0	86.0	21.0	681.0	950.0	32.0	133.0	67.0	21.0	1.0
2	8	9	0.715643499325861	0.237105683923996	0.9794050343249427	40379.0	913.0	1415.0	85.0	16.0	5357.0	76.0	67.0	504.0	942.0	22.0	130.0	18.0	75.0	1.0
2	9	8	-33.317180690837304	1.0	0.5053128689492326	40379.0	1415.0	913.0	85.0	16.0	5357.0	504.0	130.0	76.0	942.0	18.0	67.0	22.0	75.0	1.0
8	2	9	-0.7005949210690088	0.7582221445022475	1.0219512195121951	40379.0	913.0	5357.0	76.0	67.0	1415.0	85.0	16.0	504.0	942.0	22.0	130.0	75.0	18.0	1.0
3	4	5	1.657086855294348	0.04875094068007968	0.9473684210526315	41171.0	1653.0	2076.0	94.0	40.0	2542.0	73.0	52.0	451.0	1607.0	63.0	85.0	35.0	56.0	2.0
3	5	4	-28.170476540003918	1.0	0.5142857142857143	41171.0	2076.0	1653.0	94.0	40.0	2542.0	451.0	85.0	73.0	1607.0	35.0	52.0	63.0	56.0	2.0
4	3	5	-1.5650264744446618	0.941211638768328	1.0625	41171.0	1653.0	2542.0	73.0	52.0	2076.0	94.0	40.0	451.0	1607.0	63.0	85.0	56.0	35.0	2.0
3	4	6	1.7176536714649158	0.04292986816320832	0.9514348785871964	41241.0	1583.0	2074.0	96.0	40.0	2549.0	74.0	44.0	505.0	1554.0	62.0	86.0	36.0	55.0	1.0
3	6	4	-31.932743255870456	1.0	0.513095238095238	41241.0	2074.0	1583.0	96.0	40.0	2549.0	505.0	86.0	74.0	1554.0	36.0	44.0	62.0	55.0	1.0
4	3	6	-1.6299776139887483	0.9484468953017455	1.0568475452196382	41241.0	1583.0	2549.0	74.0	44.0	2074.0	96.0	40.0	505.0	1554.0	62.0	86.0	55.0	36.0	1.0
3	4	7	3.2893675732359884	0.0005021230703092794	0.9017094017094017	41186.0	1638.0	2040.0	126.0	44.0	2544.0	80.0	43.0	502.0	1566.0	53.0	90.0	31.0	55.0	2.0
3	7	4	-26.887004511668085	1.0	0.5288220551378446	41186.0	2040.0	1638.0	126.0	44.0	2544.0	502.0	90.0	80.0	1566.0	31.0	43.0	53.0	55.0	2.0
4	3	7	-2.9308109183334876	0.9983095394998391	1.1393939393939394	41186.0	1638.0	2544.0	80.0	43.0	2040.0	126.0	44.0	502.0	1566.0	53.0	90.0	55.0	31.0	2.0
3	4	8	0.31713803336050994	0.37556950231848396	0.9933110367892977	41387.0	1437.0	2079.0	82.0	49.0	2553.0	78.0	36.0	672.0	1392.0	57.0	101.0	30.0	46.0	1.0
3	8	4	-46.7778599206752	1.0	0.5016891891891891	41387.0	2079.0	1437.0	82.0	49.0	2553.0	672.0	101.0	78.0	1392.0	30.0	36.0	57.0	46.0	1.0
4	3	8	-0.3150024237082506	0.6236200242462382	1.006825938566553	41387.0	1437.0	2553.0	78.0	36.0	2079.0	82.0	49.0	672.0	1392.0	57.0	101.0	46.0	30.0	1.0
3	4	9	0.8186982410491943	0.20647924469225853	0.9923076923076923	41859.0	965.0	2134.0	52.0	24.0	2593.0	44.0	30.0	1076.0	999.0	46.0	123.0	23.0	30.0	2.0
3	9	4	-104.79337485429676	1.0	0.5019455252918288	41859.0	2134.0	965.0	52.0	24.0	2593.0	1076.0	123.0	44.0	999.0	23.0	30.0	46.0	30.0	2.0
4	3	9	-0.8123517430565649	0.7917051431611917	1.0078740157480315	41859.0	965.0	2593.0	44.0	30.0	2134.0	52.0	24.0	1076.0	999.0	46.0	123.0	30.0	23.0	2.0
3	5	6	0.4045471281737849	0.34290526194231574	0.9074074074074074	41654.0	1593.0	1661.0	86.0	40.0	2944.0	81.0	53.0	130.0	1545.0	40.0	66.0	38.0	66.0	3.0
3	6	5	-3.5600147279293135	0.9998145430408436	0.5268817204301076	41654.0	1661.0	1593.0	86.0	40.0	2944.0	130.0	66.0	81.0	1545.0	38.0	53.0	40.0	66.0	3.0
5	3	6	-0.36326680897237834	0.6417971455717653	1.1282051282051282	41654.0	1593.0	2944.0	81.0	53.0	1661.0	86.0	40.0	130.0	1545.0	40.0	66.0	66.0	38.0	3.0
3	5	7	0.39180679039373595	0.34760054125200646	0.8913043478260869	41566.0	1681.0	1660.0	93.0	34.0	2941.0	88.0	49.0	129.0	1552.0	34.0	66.0	37.0	67.0	3.0
3	7	5	-2.8210088908348987	0.9976062940429676	0.5324675324675324	41566.0	1660.0	1681.0	93.0	34.0	2941.0	129.0	66.0	88.0	1552.0	37.0	49.0	34.0	67.0	3.0
5	3	7	-0.3440254744920608	0.63458636959129	1.1612903225806452	41566.0	1681.0	2941.0	88.0	49.0	1660.0	93.0	34.0	129.0	1552.0	34.0	66.0	67.0	37.0	3.0
3	5	8	0.46603166085298614	0.32059643600987986	0.9724770642201835	41795.0	1452.0	1671.0	88.0	28.0	2956.0	82.0	40.0	294.0	1382.0	39.0	76.0	36.0	56.0	5.0
3	8	5	-16.00042035595251	1.0	0.507177033492823	41795.0	1671.0	1452.0	88.0	28.0	2956.0	294.0	76.0	82.0	1382.0	36.0	40.0	39.0	56.0	5.0
5	3	8	-0.4528420855458261	0.6746687479331526	1.03	41795.0	1452.0	2956.0	82.0	40.0	1671.0	88.0	28.0	294.0	1382.0	39.0	76.0	56.0	36.0	5.0
3	5	9	1.2571819379869515	0.10434394976469474	0.9786259541984733	42296.0	951.0	1697.0	70.0	20.0	2990.0	56.0	32.0	697.0	985.0	33.0	105.0	25.0	42.0	1.0
3	9	5	-56.303791079844274	1.0	0.5055205047318613	42296.0	1697.0	951.0	70.0	20.0	2990.0	697.0	105.0	56.0	985.0	25.0	32.0	33.0	42.0	1.0
5	3	9	-1.2297239861432427	0.8905996916617245	1.0228384991843393	42296.0	951.0	2990.0	56.0	32.0	1697.0	70.0	20.0	697.0	985.0	33.0	105.0	42.0	25.0	1.0
3	6	7	-99999.9	1.0	-0.007656967840735069	42249.0	1066.0	977.0	713.0	29.0	3049.0	55.0	36.0	50.0	1596.0	18.0	37.0	26.0	98.0	1.0
3	7	6	0.4893771404147129	0.31228736274172464	0.0074850299401197605	42249.0	977.0	1066.0	713.0	29.0	3049.0	50.0	37.0	55.0	1596.0	26.0	36.0	18.0	98.0	1.0
6	3	7	-64.40203167857615	1.0	0.5018925056775171	42249.0	1066.0	3049.0	55.0	36.0	977.0	713.0	29.0	50.0	1596.0	18.0	37.0	98.0	26.0	1.0
3	6	8	0.15338157211376377	0.4390486738807331	0.9876543209876543	41861.0	1454.0	1605.0	87.0	27.0	3012.0	85.0	43.0	245.0	1384.0	35.0	69.0	31.0	62.0	0.0
3	8	6	-12.117144196987374	1.0	0.5031446540880503	41861.0	1605.0	1454.0	87.0	27.0	3012.0	245.0	69.0	85.0	1384.0	31.0	43.0	35.0	62.0	0.0
6	3	8	-0.15146430246234172	0.560195281729405	1.0128205128205128	41861.0	1454.0	3012.0	85.0	43.0	1605.0	87.0	27.0	245.0	1384.0	35.0	69.0	62.0	31.0	0.0
3	6	9	1.201387421775765	0.11480054147657204	0.9783333333333334	42360.0	955.0	1633.0	66.0	20.0	3055.0	53.0	32.0	640.0	990.0	34.0	97.0	23.0	41.0	1.0
3	9	6	-53.045875392253	1.0	0.5055986218776917	42360.0	1633.0	955.0	66.0	20.0	3055.0	640.0	97.0	53.0	990.0	23.0	32.0	34.0	41.0	1.0
6	3	9	-1.1747808860294535	0.8799587442435105	1.0231729055258467	42360.0	955.0	3055.0	53.0	32.0	1633.0	66.0	20.0	640.0	990.0	34.0	97.0	41.0	23.0	1.0
3	7	8	0.15333236519129367	0.43906807506975887	0.9883040935672515	41771.0	1455.0	1695.0	87.0	26.0	3008.0	85.0	43.0	254.0	1388.0	35.0	64.0	27.0	61.0	1.0
3	8	7	-12.803252493473062	1.0	0.5029761904761906	41771.0	1695.0	1455.0	87.0	26.0	3008.0	254.0	64.0	85.0	1388.0	27.0	43.0	35.0	61.0	1.0
7	3	8	-0.15151778098784643	0.5602163731137833	1.0121212121212122	41771.0	1455.0	3008.0	85.0	43.0	1695.0	87.0	26.0	254.0	1388.0	35.0	64.0	61.0	27.0	1.0
3	7	9	1.3872041384718479	0.08268981897085892	0.9754500818330606	42272.0	954.0	1721.0	67.0	20.0	3053.0	52.0	31.0	648.0	994.0	35.0	91.0	20.0	42.0	0.0
3	9	7	-53.73104029680963	1.0	0.5063721325403568	42272.0	1721.0	954.0	67.0	20.0	3053.0	648.0	91.0	52.0	994.0	20.0	31.0	35.0	42.0	0.0
7	3	9	-1.3522912826378248	0.9118588613145968	1.0265017667844523	42272.0	954.0	3053.0	52.0	31.0	1721.0	67.0	20.0	648.0	994.0	35.0	91.0	42.0	20.0	0.0
3	8	9	0.8251093153441034	0.20465471194558016	0.9793577981651376	42506.0	960.0	1487.0	65.0	16.0	3230.0	56.0	40.0	483.0	993.0	24.0	79.0	17.0	44.0	0.0
3	9	8	-38.32174375709284	1.0	0.5053254437869823	42506.0	1487.0	960.0	65.0	16.0	3230.0	483.0	79.0	56.0	993.0	17.0	40.0	24.0	44.0	0.0
8	3	9	-0.8077182524914174	0.7903736613586743	1.02200488997555	42506.0	960.0	3230.0	56.0	40.0	1487.0	65.0	16.0	483.0	993.0	24.0	79.0	44.0	17.0	0.0
4	5	6	-1.0173652850958927	0.8455101384688992	1.4848484848484849	42125.0	1588.0	1665.0	74.0	39.0	2473.0	90.0	49.0	139.0	1577.0	41.0	53.0	38.0	46.0	3.0
4	6	5	-4.133046470702065	0.9999820904957293	0.4298245614035088	42125.0	1665.0	1588.0	74.0	39.0	2473.0	139.0	53.0	90.0	1577.0	38.0	49.0	41.0	46.0	3.0
5	4	6	1.3495661945149595	0.08857765004030416	0.8024691358024691	42125.0	1588.0	2473.0	90.0	49.0	1665.0	74.0	39.0	139.0	1577.0	41.0	53.0	46.0	38.0	3.0
4	5	7	-0.7510425076330055	0.773686530745117	-0.49999999999999994	42060.0	1653.0	1670.0	75.0	33.0	2447.0	117.0	48.0	131.0	1592.0	34.0	54.0	38.0	45.0	3.0
4	7	5	-1.001390010177341	0.8416808436411686	0.2	42060.0	1670.0	1653.0	75.0	33.0	2447.0	131.0	54.0	117.0	1592.0	38.0	48.0	34.0	45.0	3.0
5	4	7	3.0041700305320194	0.0013316015253141966	0.5714285714285715	42060.0	1653.0	2447.0	117.0	48.0	1670.0	75.0	33.0	131.0	1592.0	34.0	54.0	45.0	38.0	3.0
4	5	8	-0.08226949976759804	0.5327838621409604	1.0043478260869565	42265.0	1448.0	1675.0	73.0	30.0	2486.0	74.0	52.0	305.0	1412.0	40.0	61.0	34.0	41.0	4.0
4	8	5	-19.086523946082703	1.0	0.4989200863930886	42265.0	1675.0	1448.0	73.0	30.0	2486.0	305.0	61.0	74.0	1412.0	34.0	52.0	40.0	41.0	4.0
5	4	8	0.082625644788237	0.467074538773111	0.9957081545064378	42265.0	1448.0	2486.0	74.0	52.0	1675.0	73.0	30.0	305.0	1412.0	40.0	61.0	41.0	34.0	4.0
4	5	9	0.6020688200396969	0.273564115456543	0.9910714285714286	42749.0	964.0	1703.0	53.0	22.0	2537.0	47.0	28.0	713.0	1011.0	33.0	83.0	23.0	33.0	1.0
4	9	5	-66.22757020436671	1.0	0.502262443438914	42749.0	1703.0	964.0	53.0	22.0	2537.0	713.0	83.0	47.0	1011.0	23.0	28.0	33.0	33.0	1.0
5	4	9	-0.5966447766159159	0.7246277620128438	1.0091743119266054	42749.0	964.0	2537.0	47.0	28.0	1703.0	53.0	22.0	713.0	1011.0	33.0	83.0	33.0	23.0	1.0
4	6	7	-99999.9	1.0	-0.05526770293609672	42745.0	1045.0	985.0	685.0	31.0	2553.0	74.0	38.0	42.0	1647.0	16.0	37.0	26.0	75.0	1.0
4	7	6	3.000822086119615	0.0013463284132499975	0.047407407407407405	42745.0	985.0	1045.0	685.0	31.0	2553.0	42.0	37.0	74.0	1647.0	26.0	38.0	16.0	75.0	1.0
6	4	7	-57.29694670684643	1.0	0.5127591706539075	42745.0	1045.0	2553.0	74.0	38.0	985.0	685.0	31.0	42.0	1647.0	16.0	37.0	75.0	26.0	1.0
4	6	8	-0.08166228574305928	0.5325424313994519	1.0056497175141244	42339.0	1451.0	1601.0	74.0	26.0	2534.0	75.0	56.0	253.0	1415.0	37.0	65.0	30.0	44.0	0.0
4	8	6	-14.617549148007576	1.0	0.49859943977591037	42339.0	1601.0	1451.0	74.0	26.0	2534.0	253.0	65.0	75.0	1415.0	30.0	56.0	37.0	44.0	0.0
6	4	8	0.08212106262925625	0.46727515595207225	0.9944444444444445	42339.0	1451.0	2534.0	75.0	56.0	1601.0	74.0	26.0	253.0	1415.0	37.0	65.0	44.0	30.0	0.0
4	6	9	0.6419209899630783	0.2604621819302566	0.9903381642512077	42820.0	970.0	1632.0	47.0	22.0	2595.0	41.0	29.0	656.0	1017.0	32.0	82.0	23.0	33.0	1.0
4	9	6	-65.15498048125238	1.0	0.5024509803921569	42820.0	1632.0	970.0	47.0	22.0	2595.0	656.0	82.0	41.0	1017.0	23.0	29.0	32.0	33.0	1.0
6	4	9	-0.6356583461585604	0.7375004932943614	1.0099502487562189	42820.0	970.0	2595.0	41.0	29.0	1632.0	47.0	22.0	656.0	1017.0	32.0	82.0	33.0	23.0	1.0
4	7	8	-0.08281815084832442	0.5330019976455087	1.004739336492891	42274.0	1456.0	1666.0	72.0	23.0	2505.0	73.0	54.0	285.0	1422.0	40.0	62.0	25.0	42.0	1.0
4	8	7	-17.64026613069325	1.0	0.49882352941176467	42274.0	1666.0	1456.0	72.0	23.0	2505.0	285.0	62.0	73.0	1422.0	25.0	54.0	40.0	42.0	1.0
7	4	8	0.08320880250326933	0.4668426911105288	0.9953271028037384	42274.0	1456.0	2505.0	73.0	54.0	1666.0	72.0	23.0	285.0	1422.0	40.0	62.0	42.0	25.0	1.0
4	7	9	0.6647801310900682	0.2530955012707927	0.9908675799086758	42759.0	971.0	1693.0	44.0	24.0	2566.0	38.0	28.0	689.0	1025.0	33.0	78.0	18.0	34.0	0.0
4	9	7	-71.46386409218223	1.0	0.5023148148148148	42759.0	1693.0	971.0	44.0	24.0	2566.0	689.0	78.0	38.0	1025.0	18.0	28.0	33.0	34.0	0.0
7	4	9	-0.6586531252735698	0.7449407939813564	1.0093896713615023	42759.0	971.0	2566.0	38.0	28.0	1693.0	44.0	24.0	689.0	1025.0	33.0	78.0	34.0	18.0	0.0
4	8	9	0.0	0.49999999949999996	nan	42963.0	977.0	1489.0	46.0	16.0	2773.0	46.0	33.0	480.0	1017.0	23.0	80.0	18.0	39.0	0.0
4	9	8	-45.22305677724534	1.0	0.5	42963.0	1489.0	977.0	46.0	16.0	2773.0	480.0	80.0	46.0	1017.0	18.0	33.0	23.0	39.0	0.0
8	4	9	0.0	0.49999999949999996	nan	42963.0	977.0	2773.0	46.0	33.0	1489.0	46.0	16.0	480.0	1017.0	23.0	80.0	39.0	18.0	0.0
5	6	7	-99999.9	1.0	-0.012403100775193798	43508.0	1090.0	999.0	699.0	29.0	1790.0	46.0	21.0	38.0	1640.0	19.0	27.0	26.0	68.0	0.0
5	7	6	0.8766001293077128	0.19035189677765918	0.011958146487294471	43508.0	999.0	1090.0	699.0	29.0	1790.0	38.0	27.0	46.0	1640.0	26.0	21.0	19.0	68.0	0.0
6	5	7	-71.5524855547421	1.0	0.5030441400304414	43508.0	1090.0	1790.0	46.0	21.0	999.0	699.0	29.0	38.0	1640.0	19.0	27.0	68.0	26.0	0.0
5	6	8	-0.0905946131197496	0.5360927061914462	1.0060240963855422	43113.0	1485.0	1638.0	60.0	29.0	1760.0	61.0	36.0	228.0	1435.0	34.0	53.0	30.0	38.0	0.0
5	8	6	-15.219895004118055	1.0	0.49850746268656715	43113.0	1638.0	1485.0	60.0	29.0	1760.0	228.0	53.0	61.0	1435.0	30.0	36.0	34.0	38.0	0.0
6	5	8	0.09113709583304151	0.46369176639666776	0.9940828402366864	43113.0	1485.0	1760.0	61.0	36.0	1638.0	60.0	29.0	228.0	1435.0	34.0	53.0	38.0	30.0	0.0
5	6	9	-0.1975830569459608	0.5783143309841386	1.0034071550255537	43631.0	967.0	1655.0	50.0	22.0	1784.0	52.0	21.0	641.0	1023.0	33.0	74.0	22.0	24.0	1.0
5	9	6	-58.38579332753122	1.0	0.4991525423728813	43631.0	1655.0	967.0	50.0	22.0	1784.0	641.0	74.0	52.0	1023.0	22.0	21.0	33.0	24.0	1.0
6	5	9	0.1982539671563036	0.4214232063239669	0.9966273187183811	43631.0	967.0	1784.0	52.0	21.0	1655.0	50.0	22.0	641.0	1023.0	33.0	74.0	24.0	22.0	1.0
5	7	8	0.0	0.49999999949999996	nan	43024.0	1483.0	1727.0	66.0	25.0	1755.0	66.0	34.0	241.0	1434.0	37.0	45.0	26.0	36.0	1.0
5	8	7	-15.22602855296931	1.0	0.5	43024.0	1727.0	1483.0	66.0	25.0	1755.0	241.0	45.0	66.0	1434.0	26.0	34.0	37.0	36.0	1.0
7	5	8	0.0	0.49999999949999996	nan	43024.0	1483.0	1755.0	66.0	34.0	1727.0	66.0	25.0	241.0	1434.0	37.0	45.0	36.0	26.0	1.0
5	7	9	0.0	0.49999999949999996	nan	43541.0	966.0	1745.0	50.0	23.0	1784.0	50.0	21.0	649.0	1029.0	34.0	66.0	18.0	24.0	0.0
5	9	7	-59.870072443797646	1.0	0.5	43541.0	1745.0	966.0	50.0	23.0	1784.0	649.0	66.0	50.0	1029.0	18.0	21.0	34.0	24.0	0.0
7	5	9	0.0	0.49999999949999996	nan	43541.0	966.0	1784.0	50.0	21.0	1745.0	50.0	23.0	649.0	1029.0	34.0	66.0	24.0	18.0	0.0
5	8	9	-0.5949307215826517	0.7240551558365111	1.014388489208633	43774.0	977.0	1512.0	47.0	15.0	1962.0	53.0	26.0	476.0	1026.0	24.0	61.0	18.0	29.0	0.0
5	9	8	-42.53754659315966	1.0	0.4964788732394366	43774.0	1512.0	977.0	47.0	15.0	1962.0	476.0	61.0	53.0	1026.0	18.0	26.0	24.0	29.0	0.0
8	5	9	0.603369455222122	0.2731314194914378	0.9862068965517241	43774.0	977.0	1962.0	53.0	26.0	1512.0	47.0	15.0	476.0	1026.0	24.0	61.0	29.0	18.0	0.0
6	7	8	-0.10833526595503333	0.5431351770683576	1.001194743130227	43774.0	1524.0	1099.0	42.0	16.0	1005.0	43.0	16.0	881.0	1472.0	54.0	33.0	18.0	22.0	1.0
6	8	7	-90.89328813627318	1.0	0.49970184853905786	43774.0	1099.0	1524.0	42.0	16.0	1005.0	881.0	33.0	43.0	1472.0	18.0	16.0	54.0	22.0	1.0
7	6	8	0.10846454431536154	0.4568135505452122	0.9988095238095238	43774.0	1524.0	1005.0	43.0	16.0	1099.0	42.0	16.0	881.0	1472.0	54.0	33.0	22.0	18.0	1.0
6	7	9	0.0	0.49999999949999996	nan	44298.0	1000.0	1117.0	27.0	13.0	1027.0	27.0	10.0	1298.0	1059.0	50.0	45.0	11.0	17.0	1.0
6	9	7	-172.80126522779102	1.0	0.5	44298.0	1117.0	1000.0	27.0	13.0	1027.0	1298.0	45.0	27.0	1059.0	11.0	10.0	50.0	17.0	1.0
7	6	9	0.0	0.49999999949999996	nan	44298.0	1000.0	1027.0	27.0	10.0	1117.0	27.0	13.0	1298.0	1059.0	50.0	45.0	17.0	11.0	1.0
6	8	9	-0.5204545660192128	0.6986266188561376	1.011820330969267	43892.0	981.0	1523.0	43.0	16.0	1844.0	48.0	27.0	476.0	1033.0	24.0	50.0	16.0	26.0	1.0
6	9	8	-45.071365417263806	1.0	0.49709639953542395	43892.0	1523.0	981.0	43.0	16.0	1844.0	476.0	50.0	48.0	1033.0	16.0	27.0	24.0	26.0	1.0
8	6	9	0.5265346427250447	0.29925837896437857	0.9885844748858448	43892.0	981.0	1844.0	48.0	27.0	1523.0	43.0	16.0	476.0	1033.0	24.0	50.0	26.0	16.0	1.0
7	8	9	-0.6202211932265309	0.7324439694682388	1.0142857142857142	43800.0	979.0	1525.0	43.0	15.0	1936.0	49.0	28.0	475.0	1037.0	24.0	49.0	17.0	22.0	1.0
7	9	8	-44.65592591231022	1.0	0.4965034965034965	43800.0	1525.0	979.0	43.0	15.0	1936.0	475.0	49.0	49.0	1037.0	17.0	28.0	24.0	22.0	1.0
8	7	9	0.6289567029902848	0.26468864391408564	0.9863013698630136	43800.0	979.0	1936.0	49.0	28.0	1525.0	43.0	15.0	475.0	1037.0	24.0	49.0	22.0	17.0	1.0
