P1	Hybrid	P2	Zscore	Pvalue	Gamma	AAAA	AAAB	AABA	AABB	AABC	ABAA	ABAB	ABAC	ABBA	BAAA	ABBC	CABC	BACA	BCAA	ABCD
1	2	3	2.679279972933197	0.003689080289366098	0.9663789186733303	73369.0	4118.0	6447.0	429.0	207.0	7021.0	355.0	218.0	2482.0	4182.0	261.0	475.0	211.0	202.0	23.0
1	3	2	-74.33191600583592	1.0	0.5088516746411482	73369.0	6447.0	4118.0	429.0	207.0	7021.0	2482.0	475.0	355.0	4182.0	211.0	218.0	261.0	202.0	23.0
2	1	3	-2.5860657190558785	0.9951460475748312	1.0373926225366346	73369.0	4118.0	7021.0	355.0	218.0	6447.0	429.0	207.0	2482.0	4182.0	261.0	475.0	202.0	211.0	23.0
1	2	4	1.9821604262036825	0.02373057489150221	0.9800307219662059	73610.0	3877.0	6526.0	376.0	181.0	7081.0	324.0	189.0	2876.0	3808.0	241.0	514.0	189.0	183.0	25.0
1	4	2	-95.29617433671561	1.0	0.5051464766429137	73610.0	6526.0	3877.0	376.0	181.0	7081.0	2876.0	514.0	324.0	3808.0	189.0	189.0	241.0	183.0	25.0
2	1	4	-1.9417715773938897	0.973917688911462	1.0212418300653594	73610.0	3877.0	7081.0	324.0	189.0	6526.0	376.0	181.0	2876.0	3808.0	241.0	514.0	183.0	189.0	25.0
1	2	5	0.9099888697517142	0.1814141643703323	0.9933534743202417	74543.0	2944.0	6646.0	305.0	132.0	7160.0	283.0	151.0	3571.0	3160.0	194.0	585.0	157.0	150.0	19.0
1	5	2	-135.0919840276862	1.0	0.5016783643576442	74543.0	6646.0	2944.0	305.0	132.0	7160.0	3571.0	585.0	283.0	3160.0	157.0	151.0	194.0	150.0	19.0
2	1	5	-0.9039001364382905	0.8169758493443405	1.0067817509247843	74543.0	2944.0	7160.0	283.0	151.0	6646.0	305.0	132.0	3571.0	3160.0	194.0	585.0	150.0	157.0	19.0
1	2	6	0.08423217820146679	0.4664358519939582	0.9994153756211634	74595.0	2892.0	6675.0	283.0	125.0	7167.0	281.0	146.0	3700.0	3037.0	188.0	592.0	152.0	152.0	15.0
1	6	2	-143.91067645720565	1.0	0.5001462843768285	74595.0	6675.0	2892.0	283.0	125.0	7167.0	3700.0	592.0	281.0	3037.0	152.0	146.0	188.0	152.0	15.0
2	1	6	-0.08418290521041591	0.5335445605164392	1.0005856515373353	74595.0	2892.0	7167.0	281.0	146.0	6675.0	283.0	125.0	3700.0	3037.0	188.0	592.0	152.0	152.0	15.0
1	2	7	1.0173328533687884	0.1544975729136926	0.9930454940596929	74506.0	2981.0	6680.0	292.0	111.0	7181.0	268.0	145.0	3695.0	3029.0	201.0	596.0	156.0	144.0	15.0
1	7	2	-144.24932083391622	1.0	0.5017569546120059	74506.0	6680.0	2981.0	292.0	111.0	7181.0	3695.0	596.0	268.0	3029.0	156.0	145.0	201.0	144.0	15.0
2	1	7	-1.0102082579556424	0.8438022243342338	1.0071026931044689	74506.0	2981.0	7181.0	268.0	145.0	6680.0	292.0	111.0	3695.0	3029.0	201.0	596.0	144.0	156.0	15.0
1	2	8	1.9586924616219508	0.025074337891582754	0.9880857823669579	74828.0	2659.0	6670.0	289.0	124.0	7221.0	244.0	129.0	3976.0	2757.0	192.0	633.0	124.0	139.0	15.0
1	8	2	-160.4822023555585	1.0	0.5030327537403964	74828.0	6670.0	2659.0	289.0	124.0	7221.0	3976.0	633.0	244.0	2757.0	124.0	129.0	192.0	139.0	15.0
2	1	8	-1.9350747872454803	0.9735095087198236	1.0123558484349258	74828.0	2659.0	7221.0	244.0	129.0	6670.0	289.0	124.0	3976.0	2757.0	192.0	633.0	139.0	124.0	15.0
1	2	9	1.2231349517828403	0.11063943172308144	0.9951312447078747	75546.0	1941.0	6800.0	189.0	94.0	7339.0	166.0	89.0	4867.0	1927.0	131.0	698.0	90.0	106.0	17.0
1	9	2	-248.77501323652714	1.0	0.5012261435121016	75546.0	6800.0	1941.0	189.0	94.0	7339.0	4867.0	698.0	166.0	1927.0	90.0	89.0	131.0	106.0	17.0
2	1	9	-1.2171506710147046	0.8882264860921331	1.0049409237379163	75546.0	1941.0	7339.0	166.0	89.0	6800.0	189.0	94.0	4867.0	1927.0	131.0	698.0	106.0	90.0	17.0
1	3	4	1.57014594822757	0.05819058926724341	0.9114470842332614	75891.0	3925.0	4245.0	390.0	119.0	9385.0	349.0	244.0	771.0	3842.0	135.0	315.0	130.0	244.0	15.0
1	4	3	-14.590868445724478	1.0	0.5255292652552926	75891.0	4245.0	3925.0	390.0	119.0	9385.0	771.0	315.0	349.0	3842.0	130.0	244.0	135.0	244.0	15.0
3	1	4	-1.4175962233997728	0.9218456074450511	1.1205882352941177	75891.0	3925.0	9385.0	349.0	244.0	4245.0	390.0	119.0	771.0	3842.0	135.0	315.0	244.0	130.0	15.0
1	3	5	-0.0788573688545835	0.5314270310693402	1.0017699115044247	76843.0	2973.0	4346.0	320.0	88.0	9469.0	322.0	187.0	1454.0	3172.0	122.0	393.0	106.0	195.0	10.0
1	5	3	-44.71212814054874	1.0	0.49955869373345096	76843.0	4346.0	2973.0	320.0	88.0	9469.0	1454.0	393.0	322.0	3172.0	106.0	187.0	122.0	195.0	10.0
3	1	5	0.0789966928278248	0.4685175596055897	0.9982394366197183	76843.0	2973.0	9469.0	322.0	187.0	4346.0	320.0	88.0	1454.0	3172.0	122.0	393.0	195.0	106.0	10.0
1	3	6	0.6570185213753065	0.25558443997197644	0.9875679875679876	76910.0	2906.0	4360.0	308.0	86.0	9493.0	292.0	193.0	1563.0	3067.0	118.0	403.0	111.0	182.0	8.0
1	6	3	-51.53489027037561	1.0	0.5031670625494853	76910.0	4360.0	2906.0	308.0	86.0	9493.0	1563.0	403.0	292.0	3067.0	111.0	193.0	118.0	182.0	8.0
3	1	6	-0.6487476351896221	0.7417493074416951	1.012913640032284	76910.0	2906.0	9493.0	292.0	193.0	4360.0	308.0	86.0	1563.0	3067.0	118.0	403.0	182.0	111.0	8.0
1	3	7	0.6740227794192022	0.2501483492726262	0.9877206446661551	76820.0	2996.0	4366.0	293.0	95.0	9508.0	277.0	193.0	1564.0	3061.0	123.0	400.0	115.0	180.0	9.0
1	7	3	-53.54268454011287	1.0	0.50312744331509	76820.0	4366.0	2996.0	293.0	95.0	9508.0	1564.0	400.0	277.0	3061.0	115.0	193.0	123.0	180.0	9.0
3	1	7	-0.6656433198460032	0.7471805100903646	1.0127490039840636	76820.0	2996.0	9508.0	277.0	193.0	4366.0	293.0	95.0	1564.0	3061.0	123.0	400.0	180.0	115.0	9.0
1	3	8	1.074407532946119	0.14132007038944194	0.9846153846153847	77116.0	2700.0	4382.0	287.0	85.0	9542.0	262.0	174.0	1862.0	2774.0	112.0	426.0	89.0	182.0	7.0
1	8	3	-67.68767457560546	1.0	0.5039370078740157	77116.0	4382.0	2700.0	287.0	85.0	9542.0	1862.0	426.0	262.0	2774.0	89.0	174.0	112.0	182.0	7.0
3	1	8	-1.057619915243836	0.8548855893444058	1.0161290322580645	77116.0	2700.0	9542.0	262.0	174.0	4382.0	287.0	85.0	1862.0	2774.0	112.0	426.0	182.0	89.0	7.0
1	3	9	1.17022389643101	0.12095549979100151	0.9914496696463272	77846.0	1970.0	4500.0	189.0	65.0	9688.0	167.0	123.0	2718.0	1947.0	83.0	498.0	69.0	126.0	11.0
1	9	3	-134.52255609427388	1.0	0.5021653543307086	77846.0	4500.0	1970.0	189.0	65.0	9688.0	2718.0	498.0	167.0	1947.0	69.0	123.0	83.0	126.0	11.0
3	1	9	-1.160131804811456	0.8770023679498102	1.0087754287993618	77846.0	1970.0	9688.0	167.0	123.0	4500.0	189.0	65.0	2718.0	1947.0	83.0	498.0	126.0	69.0	11.0
1	4	5	0.2778043260651508	0.39058134959647783	0.9901408450704225	77153.0	2983.0	4036.0	324.0	74.0	9959.0	317.0	195.0	1020.0	3198.0	103.0	337.0	85.0	206.0	10.0
1	5	4	-27.62168727733493	1.0	0.5025017869907076	77153.0	4036.0	2983.0	324.0	74.0	9959.0	1020.0	337.0	317.0	3198.0	85.0	195.0	103.0	206.0	10.0
4	1	5	-0.27503813789665	0.6083564671958839	1.0101596516690856	77153.0	2983.0	9959.0	317.0	195.0	4036.0	324.0	74.0	1020.0	3198.0	103.0	337.0	206.0	85.0	10.0
1	4	6	0.25041236674154294	0.40113428864858713	0.9929411764705882	77228.0	2908.0	4042.0	292.0	100.0	9984.0	286.0	201.0	1130.0	3095.0	96.0	345.0	89.0	193.0	11.0
1	6	4	-34.974260554902315	1.0	0.5017835909631392	77228.0	4042.0	2908.0	292.0	100.0	9984.0	1130.0	345.0	286.0	3095.0	89.0	201.0	96.0	193.0	11.0
4	1	6	-0.2486321840395888	0.5981772901975936	1.0072115384615385	77228.0	2908.0	9984.0	286.0	201.0	4042.0	292.0	100.0	1130.0	3095.0	96.0	345.0	193.0	89.0	11.0
1	4	7	0.81322275778695	0.2080451199475356	0.9783352337514253	77140.0	2996.0	4046.0	288.0	100.0	10010.0	269.0	192.0	1127.0	3088.0	106.0	335.0	96.0	192.0	15.0
1	7	4	-35.910204935960564	1.0	0.5055981143193872	77140.0	4046.0	2996.0	288.0	100.0	10010.0	1127.0	335.0	269.0	3088.0	96.0	192.0	106.0	192.0	15.0
4	1	7	-0.7952143284187073	0.7867556418350059	1.023170731707317	77140.0	2996.0	10010.0	269.0	192.0	4046.0	288.0	100.0	1127.0	3088.0	106.0	335.0	192.0	96.0	15.0
1	4	8	1.7237339074443048	0.04237790986400913	0.9669421487603306	77443.0	2693.0	4055.0	297.0	82.0	10038.0	257.0	176.0	1427.0	2797.0	97.0	365.0	71.0	193.0	9.0
1	8	4	-48.69548288530166	1.0	0.5086956521739131	77443.0	4055.0	2693.0	297.0	82.0	10038.0	1427.0	365.0	257.0	2797.0	71.0	176.0	97.0	193.0	9.0
4	1	8	-1.6648028336855252	0.9520239704722397	1.036697247706422	77443.0	2693.0	10038.0	257.0	176.0	4055.0	297.0	82.0	1427.0	2797.0	97.0	365.0	193.0	71.0	9.0
1	4	9	1.2127282609727008	0.11261693175399268	0.9892372484791764	78161.0	1975.0	4185.0	193.0	56.0	10175.0	170.0	126.0	2284.0	1962.0	75.0	445.0	51.0	132.0	10.0
1	9	4	-110.25281711712688	1.0	0.5027348394768134	78161.0	4185.0	1975.0	193.0	56.0	10175.0	2284.0	445.0	170.0	1962.0	51.0	126.0	75.0	132.0	10.0
4	1	9	-1.1995339610661861	0.8848397414530303	1.0111218568665377	78161.0	1975.0	10175.0	170.0	126.0	4185.0	193.0	56.0	2284.0	1962.0	75.0	445.0	132.0	51.0	10.0
1	5	6	0.3853002391125361	0.3500075471898807	0.9366197183098591	78247.0	2942.0	3023.0	295.0	63.0	10821.0	286.0	209.0	419.0	3120.0	61.0	219.0	64.0	228.0	3.0
1	6	5	-5.308581072217174	0.9999999446429858	0.5175097276264592	78247.0	3023.0	2942.0	295.0	63.0	10821.0	419.0	219.0	286.0	3120.0	64.0	209.0	61.0	228.0	3.0
5	1	6	-0.35922729060116154	0.6402874057572194	1.0782608695652174	78247.0	2942.0	10821.0	286.0	209.0	3023.0	295.0	63.0	419.0	3120.0	61.0	219.0	228.0	64.0	3.0
1	5	7	2.080735379897282	0.01872900248945042	0.7604166666666666	78180.0	3009.0	3006.0	319.0	56.0	10833.0	273.0	210.0	419.0	3111.0	70.0	220.0	69.0	220.0	5.0
1	7	5	-4.5233377823853935	0.9999969535179317	0.5934959349593496	78180.0	3006.0	3009.0	319.0	56.0	10833.0	419.0	220.0	273.0	3111.0	69.0	210.0	70.0	220.0	5.0
5	1	7	-1.425161219107727	0.9229446490014764	1.8518518518518519	78180.0	3009.0	10833.0	273.0	210.0	3006.0	319.0	56.0	419.0	3111.0	70.0	220.0	220.0	69.0	5.0
1	5	8	0.8350929492732267	0.2018326370712007	0.9609053497942387	78449.0	2740.0	3049.0	278.0	54.0	10868.0	259.0	189.0	726.0	2812.0	62.0	236.0	54.0	220.0	4.0
1	8	5	-19.690612698652917	1.0	0.5103825136612021	78449.0	3049.0	2740.0	278.0	54.0	10868.0	726.0	236.0	259.0	2812.0	54.0	189.0	62.0	220.0	4.0
5	1	8	-0.8011170048702474	0.7884681034360375	1.0442890442890442	78449.0	2740.0	10868.0	259.0	189.0	3049.0	278.0	54.0	726.0	2812.0	62.0	236.0	220.0	54.0	4.0
1	5	9	2.4761895694010936	0.006639662262650781	0.96767537826685	79214.0	1975.0	3132.0	208.0	41.0	11017.0	161.0	138.0	1568.0	1987.0	45.0	319.0	35.0	154.0	6.0
1	9	5	-71.65144285926566	1.0	0.5084929526563065	79214.0	3132.0	1975.0	208.0	41.0	11017.0	1568.0	319.0	161.0	1987.0	35.0	138.0	45.0	154.0	6.0
5	1	9	-2.3934739263578444	0.9916551744085403	1.0357958872810358	79214.0	1975.0	11017.0	161.0	138.0	3132.0	208.0	41.0	1568.0	1987.0	45.0	319.0	154.0	35.0	6.0
1	6	7	0.5364693863398619	0.2958170736618264	0.007987220447284345	79344.0	1926.0	1842.0	1412.0	46.0	11150.0	170.0	139.0	180.0	3246.0	44.0	142.0	37.0	317.0	5.0
1	7	6	-99999.9	1.0	-0.00818330605564648	79344.0	1842.0	1926.0	1412.0	46.0	11150.0	180.0	142.0	170.0	3246.0	37.0	139.0	44.0	317.0	5.0
6	1	7	-66.0930283970711	1.0	0.49797898140662894	79344.0	1926.0	11150.0	170.0	139.0	1842.0	1412.0	46.0	180.0	3246.0	44.0	142.0	317.0	37.0	5.0
1	6	8	1.8089499562846436	0.0352293352240175	0.8938992042440318	78530.0	2740.0	2968.0	288.0	44.0	11013.0	248.0	198.0	585.0	2824.0	61.0	232.0	53.0	212.0	4.0
1	8	6	-13.431453425413467	1.0	0.531545741324921	78530.0	2968.0	2740.0	288.0	44.0	11013.0	585.0	232.0	248.0	2824.0	53.0	198.0	61.0	212.0	4.0
6	1	8	-1.594237795301303	0.9445586065408343	1.1556420233463036	78530.0	2740.0	11013.0	248.0	198.0	2968.0	288.0	44.0	585.0	2824.0	61.0	232.0	212.0	53.0	4.0
1	6	9	1.4621636684436559	0.07184822257778645	0.9790859798605732	79273.0	1997.0	3073.0	187.0	40.0	11165.0	160.0	134.0	1424.0	1997.0	49.0	315.0	26.0	152.0	8.0
1	9	6	-66.98875769869638	1.0	0.5053978408636545	79273.0	3073.0	1997.0	187.0	40.0	11165.0	1424.0	315.0	160.0	1997.0	26.0	134.0	49.0	152.0	8.0
6	1	9	-1.4309307419816473	0.9237749194729112	1.0223140495867769	79273.0	1997.0	11165.0	160.0	134.0	3073.0	187.0	40.0	1424.0	1997.0	49.0	315.0	152.0	26.0	8.0
1	7	8	1.7564539241558372	0.039505422772296184	0.8934426229508197	78458.0	2728.0	3040.0	290.0	54.0	11022.0	251.0	199.0	578.0	2814.0	61.0	230.0	60.0	210.0	5.0
1	8	7	-12.970736670689252	1.0	0.5317073170731706	78458.0	3040.0	2728.0	290.0	54.0	11022.0	578.0	230.0	251.0	2814.0	60.0	199.0	61.0	210.0	5.0
7	1	8	-1.54696859375193	0.9390645746825379	1.1566265060240963	78458.0	2728.0	11022.0	251.0	199.0	3040.0	290.0	54.0	578.0	2814.0	61.0	230.0	210.0	60.0	5.0
1	7	9	2.578091485480145	0.0049674146092615334	0.9633307868601986	79209.0	1977.0	3137.0	202.0	45.0	11182.0	154.0	136.0	1415.0	1987.0	51.0	307.0	42.0	148.0	8.0
1	9	7	-65.15052024765448	1.0	0.5097008892481811	79209.0	3137.0	1977.0	202.0	45.0	11182.0	1415.0	307.0	154.0	1987.0	42.0	136.0	51.0	148.0	8.0
7	1	9	-2.4799563615284823	0.9934300662502713	1.0412017167381975	79209.0	1977.0	11182.0	154.0	136.0	3137.0	202.0	45.0	1415.0	1987.0	51.0	307.0	148.0	42.0	8.0
1	8	9	2.12652979849244	0.016729526100335512	0.9597107438016529	79501.0	1997.0	2845.0	193.0	34.0	11537.0	154.0	139.0	1083.0	2002.0	40.0	284.0	27.0	157.0	7.0
1	9	8	-48.528500529699265	1.0	0.5107201759208355	79501.0	2845.0	1997.0	193.0	34.0	11537.0	1083.0	284.0	154.0	2002.0	27.0	139.0	40.0	157.0	7.0
8	1	9	-2.0372567499012613	0.9791879078952013	1.045828437132785	79501.0	1997.0	11537.0	154.0	139.0	2845.0	193.0	34.0	1083.0	2002.0	40.0	284.0	157.0	27.0	7.0
2	3	4	-0.48545114426588	0.6863218132998433	1.0305882352941176	76463.0	3927.0	4228.0	341.0	122.0	8813.0	354.0	237.0	792.0	3884.0	137.0	311.0	129.0	251.0	11.0
2	4	3	-16.84142046645471	1.0	0.49268841394825647	76463.0	4228.0	3927.0	341.0	122.0	8813.0	792.0	311.0	354.0	3884.0	129.0	237.0	137.0	251.0	11.0
3	2	4	0.4998595115614427	0.30858700019653584	0.9719827586206896	76463.0	3927.0	8813.0	354.0	237.0	4228.0	341.0	122.0	792.0	3884.0	137.0	311.0	251.0	129.0	11.0
2	3	5	-0.8256444973595091	0.7954971609402246	1.0173460537727668	77375.0	3015.0	4328.0	278.0	85.0	8937.0	298.0	169.0	1471.0	3215.0	127.0	394.0	102.0	194.0	12.0
2	5	3	-49.249694267494704	1.0	0.49577345731191885	77375.0	4328.0	3015.0	278.0	85.0	8937.0	1471.0	394.0	298.0	3215.0	102.0	169.0	127.0	194.0	12.0
3	2	5	0.839721982395477	0.20053209319571508	0.9835119538334708	77375.0	3015.0	8937.0	298.0	169.0	4328.0	278.0	85.0	1471.0	3215.0	127.0	394.0	194.0	102.0	12.0
2	3	6	0.839411279429579	0.2006192284628614	0.9859363434492968	77417.0	2973.0	4345.0	269.0	77.0	8986.0	250.0	168.0	1582.0	3107.0	124.0	399.0	115.0	181.0	7.0
2	6	3	-58.0077373626862	1.0	0.5035916824196598	77417.0	4345.0	2973.0	269.0	77.0	8986.0	1582.0	399.0	250.0	3107.0	115.0	168.0	124.0	181.0	7.0
3	2	6	-0.8274376951133913	0.7960055419206186	1.0146831530139104	77417.0	2973.0	8986.0	250.0	168.0	4345.0	269.0	77.0	1582.0	3107.0	124.0	399.0	181.0	115.0	7.0
2	3	7	-0.268217350301205	0.6057339278777937	1.0045351473922903	77336.0	3054.0	4351.0	246.0	94.0	8992.0	252.0	160.0	1581.0	3104.0	128.0	398.0	109.0	184.0	11.0
2	7	3	-59.67836044201796	1.0	0.4988738738738739	77336.0	4351.0	3054.0	246.0	94.0	8992.0	1581.0	398.0	252.0	3104.0	109.0	160.0	128.0	184.0	11.0
3	2	7	0.2694282638465829	0.39380013154545224	0.9955257270693513	77336.0	3054.0	8992.0	252.0	160.0	4351.0	246.0	94.0	1581.0	3104.0	128.0	398.0	184.0	109.0	11.0
2	3	8	-1.073027387127954	0.8583705497341533	1.0151324085750315	77680.0	2710.0	4369.0	234.0	88.0	8978.0	258.0	168.0	1868.0	2837.0	108.0	433.0	90.0	172.0	7.0
2	8	3	-73.05528127362818	1.0	0.4963008631319359	77680.0	4369.0	2710.0	234.0	88.0	8978.0	1868.0	433.0	258.0	2837.0	90.0	168.0	108.0	172.0	7.0
3	2	8	1.0890228264391784	0.13807195093370161	0.985524728588661	77680.0	2710.0	8978.0	258.0	168.0	4369.0	234.0	88.0	1868.0	2837.0	108.0	433.0	172.0	90.0	7.0
2	3	9	-0.27450818628374724	0.6081528796072722	1.0019470404984423	78421.0	1969.0	4464.0	163.0	64.0	9113.0	168.0	123.0	2741.0	1985.0	87.0	511.0	69.0	114.0	8.0
2	9	3	-141.53642084790044	1.0	0.4995146573480878	78421.0	4464.0	1969.0	163.0	64.0	9113.0	2741.0	511.0	168.0	1985.0	69.0	123.0	87.0	114.0	8.0
3	2	9	0.2750416262104549	0.3916421928226548	0.9980642663569493	78421.0	1969.0	9113.0	168.0	123.0	4464.0	163.0	64.0	2741.0	1985.0	87.0	511.0	114.0	69.0	8.0
2	4	5	-0.2925033596991369	0.615049036872718	1.0096551724137932	77664.0	3027.0	4039.0	280.0	71.0	9448.0	287.0	181.0	1019.0	3241.0	107.0	335.0	87.0	207.0	7.0
2	5	4	-30.879997545380228	1.0	0.49762066621346024	77664.0	4039.0	3027.0	280.0	71.0	9448.0	1019.0	335.0	287.0	3241.0	87.0	181.0	107.0	207.0	7.0
4	2	5	0.29530052297494824	0.38388222628534086	0.9906166219839142	77664.0	3027.0	9448.0	287.0	181.0	4039.0	280.0	71.0	1019.0	3241.0	107.0	335.0	207.0	87.0	7.0
2	4	6	0.3096188534560227	0.378425477565673	0.9920993227990971	77728.0	2963.0	4034.0	261.0	95.0	9484.0	254.0	178.0	1133.0	3127.0	107.0	350.0	91.0	192.0	3.0
2	6	4	-38.569662887664656	1.0	0.5019988577955454	77728.0	4034.0	2963.0	261.0	95.0	9484.0	1133.0	350.0	254.0	3127.0	91.0	178.0	107.0	192.0	3.0
4	2	6	-0.3071531743044957	0.6206365385798858	1.0080924855491329	77728.0	2963.0	9484.0	254.0	178.0	4034.0	261.0	95.0	1133.0	3127.0	107.0	350.0	192.0	91.0	3.0
2	4	7	0.26601913745121775	0.3951122963239081	0.9932356257046223	77658.0	3033.0	4029.0	259.0	102.0	9492.0	253.0	171.0	1134.0	3119.0	114.0	345.0	93.0	190.0	8.0
2	7	4	-38.79445754496943	1.0	0.5017084282460136	77658.0	4029.0	3033.0	259.0	102.0	9492.0	1134.0	345.0	253.0	3119.0	93.0	171.0	114.0	190.0	8.0
4	2	7	-0.2642074293641493	0.6041898961465951	1.006904487917146	77658.0	3033.0	9492.0	253.0	171.0	4029.0	259.0	102.0	1134.0	3119.0	114.0	345.0	190.0	93.0	8.0
2	4	8	0.1318401607384956	0.4475553269773582	0.997431506849315	78002.0	2689.0	4047.0	261.0	82.0	9479.0	258.0	179.0	1423.0	2849.0	95.0	377.0	78.0	177.0	4.0
2	8	4	-51.066088926044564	1.0	0.5006446067898581	78002.0	4047.0	2689.0	261.0	82.0	9479.0	1423.0	377.0	258.0	2849.0	78.0	179.0	95.0	177.0	4.0
4	2	8	-0.13150065817865397	0.5523104003968449	1.002588438308887	78002.0	2689.0	9479.0	258.0	179.0	4047.0	261.0	82.0	1423.0	2849.0	95.0	377.0	177.0	78.0	4.0
2	4	9	0.10882023246557927	0.45667248671855565	0.999057936881771	78721.0	1970.0	4164.0	170.0	56.0	9615.0	168.0	133.0	2289.0	2000.0	78.0	461.0	54.0	117.0	4.0
2	9	4	-115.29503629728093	1.0	0.5002358490566038	78721.0	4164.0	1970.0	170.0	56.0	9615.0	2289.0	461.0	168.0	2000.0	54.0	133.0	78.0	117.0	4.0
4	2	9	-0.10871762027089227	0.5432868184487467	1.0009447331128956	78721.0	1970.0	9615.0	168.0	133.0	4164.0	170.0	56.0	2289.0	2000.0	78.0	461.0	117.0	54.0	4.0
2	5	6	0.5038332042633872	0.30718929264875894	0.9251700680272109	78706.0	2997.0	3056.0	262.0	60.0	10362.0	251.0	189.0	387.0	3161.0	67.0	218.0	60.0	220.0	4.0
2	6	5	-5.7253773211748635	0.9999999948246202	0.521072796934866	78706.0	3056.0	2997.0	262.0	60.0	10362.0	387.0	218.0	251.0	3161.0	60.0	189.0	67.0	220.0	4.0
5	2	6	-0.46308198921267213	0.6783471818306207	1.0964912280701755	78706.0	2997.0	10362.0	251.0	189.0	3056.0	262.0	60.0	387.0	3161.0	67.0	218.0	220.0	60.0	4.0
2	5	7	1.3274731859031221	0.09217616775294946	0.8323353293413174	78640.0	3063.0	3047.0	273.0	58.0	10373.0	245.0	184.0	384.0	3158.0	73.0	214.0	62.0	219.0	7.0
2	7	5	-5.262482986973085	0.9999999287952142	0.556	78640.0	3047.0	3063.0	273.0	58.0	10373.0	384.0	214.0	245.0	3158.0	62.0	184.0	73.0	219.0	7.0
5	2	7	-1.0600685153614857	0.8554432531247681	1.3373493975903614	78640.0	3063.0	10373.0	245.0	184.0	3047.0	273.0	58.0	384.0	3158.0	73.0	214.0	219.0	62.0	7.0
2	5	8	-0.9480698036386366	0.8284530508342044	1.0552763819095476	78975.0	2728.0	3074.0	243.0	61.0	10342.0	265.0	195.0	685.0	2870.0	60.0	252.0	50.0	197.0	3.0
2	8	5	-19.04758423673987	1.0	0.4872389791183295	78975.0	3074.0	2728.0	243.0	61.0	10342.0	685.0	252.0	265.0	2870.0	50.0	195.0	60.0	197.0	3.0
5	2	8	0.997730602876851	0.15920501371346774	0.9525862068965517	78975.0	2728.0	10342.0	265.0	195.0	3074.0	243.0	61.0	685.0	2870.0	60.0	252.0	197.0	50.0	3.0
2	5	9	1.3034171452100298	0.09621626074787581	0.9828937990021382	79730.0	1973.0	3155.0	184.0	39.0	10501.0	160.0	141.0	1539.0	2026.0	50.0	325.0	36.0	139.0	2.0
2	9	5	-73.58875965664959	1.0	0.5043891733723482	79730.0	3155.0	1973.0	184.0	39.0	10501.0	1539.0	325.0	160.0	2026.0	36.0	141.0	50.0	139.0	2.0
5	2	9	-1.2807325828568457	0.8998561258502429	1.018031555221638	79730.0	1973.0	10501.0	160.0	141.0	3155.0	184.0	39.0	1539.0	2026.0	50.0	325.0	139.0	36.0	2.0
2	6	7	0.11118270250075526	0.45573568444532575	0.0016155088852988692	79810.0	1952.0	1877.0	1397.0	45.0	10684.0	161.0	122.0	163.0	3265.0	44.0	124.0	39.0	313.0	4.0
2	7	6	-99999.9	1.0	-0.0016233766233766233	79810.0	1877.0	1952.0	1397.0	45.0	10684.0	163.0	124.0	161.0	3265.0	39.0	122.0	44.0	313.0	4.0
6	2	7	-68.59972744296583	1.0	0.4995951417004048	79810.0	1952.0	10684.0	161.0	122.0	1877.0	1397.0	45.0	163.0	3265.0	44.0	124.0	313.0	39.0	4.0
2	6	8	0.08938241386020507	0.46438893660819613	0.9931506849315068	79025.0	2737.0	3024.0	253.0	42.0	10518.0	251.0	198.0	541.0	2874.0	57.0	220.0	60.0	197.0	3.0
2	8	6	-12.871067595869496	1.0	0.5017301038062283	79025.0	3024.0	2737.0	253.0	42.0	10518.0	541.0	220.0	251.0	2874.0	60.0	198.0	57.0	197.0	3.0
6	2	8	-0.08876598341978986	0.5353661171842069	1.006993006993007	79025.0	2737.0	10518.0	251.0	198.0	3024.0	253.0	42.0	541.0	2874.0	57.0	220.0	197.0	60.0	3.0
2	6	9	0.44301341220694	0.32887804579906244	0.9935794542536116	79772.0	1990.0	3113.0	168.0	38.0	10666.0	160.0	141.0	1398.0	2027.0	47.0	301.0	35.0	141.0	3.0
2	9	6	-68.11331212681709	1.0	0.5016207455429498	79772.0	3113.0	1990.0	168.0	38.0	10666.0	1398.0	301.0	160.0	2027.0	35.0	141.0	47.0	141.0	3.0
6	2	9	-0.4401506437920325	0.6700859674078676	1.0065466448445173	79772.0	1990.0	10666.0	160.0	141.0	3113.0	168.0	38.0	1398.0	2027.0	47.0	301.0	141.0	35.0	3.0
2	7	8	0.13363266450128738	0.4468464950994506	0.9898305084745763	78964.0	2723.0	3085.0	256.0	53.0	10516.0	253.0	202.0	545.0	2864.0	56.0	218.0	68.0	194.0	3.0
2	8	7	-12.873280013623983	1.0	0.5025817555938038	78964.0	3085.0	2723.0	256.0	53.0	10516.0	545.0	218.0	253.0	2864.0	68.0	202.0	56.0	194.0	3.0
7	2	8	-0.13225972616737003	0.5526106020578064	1.0104895104895104	78964.0	2723.0	10516.0	253.0	202.0	3085.0	256.0	53.0	545.0	2864.0	56.0	218.0	194.0	68.0	3.0
2	7	9	1.642706848790294	0.050221787285834374	0.97643362136685	79716.0	1971.0	3169.0	185.0	40.0	10675.0	155.0	141.0	1398.0	2016.0	51.0	292.0	51.0	136.0	4.0
2	9	7	-66.4201135860875	1.0	0.5061074918566776	79716.0	3169.0	1971.0	185.0	40.0	10675.0	1398.0	292.0	155.0	2016.0	51.0	141.0	51.0	136.0	4.0
7	2	9	-1.6030598612893219	0.9455392820049006	1.025359256128487	79716.0	1971.0	10675.0	155.0	141.0	3169.0	185.0	40.0	1398.0	2016.0	51.0	292.0	136.0	51.0	4.0
2	8	9	0.7902250671218829	0.2146981075324682	0.9854166666666667	80054.0	1995.0	2831.0	166.0	35.0	10984.0	152.0	143.0	1098.0	2044.0	43.0	283.0	26.0	142.0	4.0
2	9	8	-52.60641161125686	1.0	0.5037273695420661	80054.0	2831.0	1995.0	166.0	35.0	10984.0	1098.0	283.0	152.0	2044.0	26.0	143.0	43.0	142.0	4.0
8	2	9	-0.7785304043949206	0.7818718693650993	1.0152505446623095	80054.0	1995.0	10984.0	152.0	143.0	2831.0	166.0	35.0	1098.0	2044.0	43.0	283.0	142.0	26.0	4.0
3	4	5	0.5133195934013467	0.30386388165359657	0.987389659520807	82063.0	3213.0	4249.0	197.0	72.0	5049.0	187.0	95.0	970.0	3405.0	101.0	174.0	95.0	126.0	4.0
3	5	4	-39.67960456992416	1.0	0.5032133676092544	82063.0	4249.0	3213.0	197.0	72.0	5049.0	970.0	174.0	187.0	3405.0	95.0	95.0	101.0	126.0	4.0
4	3	5	-0.5067637876107803	0.6938397212181928	1.0131061598951507	82063.0	3213.0	5049.0	187.0	95.0	4249.0	197.0	72.0	970.0	3405.0	101.0	174.0	126.0	95.0	4.0
3	4	6	-0.522442721415463	0.6993189546177097	1.0111856823266219	82155.0	3121.0	4248.0	176.0	94.0	5057.0	186.0	88.0	1090.0	3279.0	107.0	179.0	92.0	125.0	3.0
3	6	4	-47.751264737373276	1.0	0.49724972497249725	82155.0	4248.0	3121.0	176.0	94.0	5057.0	1090.0	179.0	186.0	3279.0	92.0	88.0	107.0	125.0	3.0
4	3	6	0.5282219550594394	0.2986726301079812	0.9891774891774892	82155.0	3121.0	5057.0	186.0	88.0	4248.0	176.0	94.0	1090.0	3279.0	107.0	179.0	125.0	92.0	3.0
3	4	7	0.2722299412376544	0.3927226736094771	0.9946524064171123	82092.0	3184.0	4236.0	172.0	110.0	5058.0	167.0	106.0	1097.0	3274.0	105.0	175.0	93.0	122.0	9.0
3	7	4	-50.362539128966134	1.0	0.5013477088948787	82092.0	4236.0	3184.0	172.0	110.0	5058.0	1097.0	175.0	167.0	3274.0	93.0	106.0	105.0	122.0	9.0
4	3	7	-0.2707663394030434	0.6067145621987664	1.0054347826086956	82092.0	3184.0	5058.0	167.0	106.0	4236.0	172.0	110.0	1097.0	3274.0	105.0	175.0	122.0	93.0	9.0
3	4	8	0.8481492282135226	0.19817738719045186	0.9871071716357775	82413.0	2863.0	4245.0	188.0	85.0	5068.0	172.0	91.0	1397.0	2991.0	88.0	205.0	80.0	108.0	6.0
3	8	4	-64.0882760568843	1.0	0.5032867707477403	82413.0	4245.0	2863.0	188.0	85.0	5068.0	1397.0	205.0	172.0	2991.0	80.0	91.0	88.0	108.0	6.0
4	3	8	-0.8370713607429785	0.7987238217728148	1.0134115674769488	82413.0	2863.0	5068.0	172.0	91.0	4245.0	188.0	85.0	1397.0	2991.0	88.0	205.0	108.0	80.0	6.0
3	4	9	0.5193334821931057	0.30176409255987036	0.9963718820861678	83195.0	2081.0	4339.0	123.0	56.0	5141.0	115.0	75.0	2312.0	2089.0	75.0	263.0	58.0	75.0	3.0
3	9	4	-142.10262406508852	1.0	0.5009119927040584	83195.0	4339.0	2081.0	123.0	56.0	5141.0	2312.0	263.0	115.0	2089.0	58.0	75.0	75.0	75.0	3.0
4	3	9	-0.5174424180795214	0.6975763330305631	1.003668042182485	83195.0	2081.0	5141.0	115.0	75.0	4339.0	123.0	56.0	2312.0	2089.0	75.0	263.0	75.0	58.0	3.0
3	5	6	0.0	0.49999999949999996	nan	83168.0	3144.0	3235.0	187.0	60.0	5900.0	187.0	106.0	306.0	3311.0	70.0	120.0	59.0	145.0	2.0
3	6	5	-6.152521036364985	0.9999999996171824	0.5	83168.0	3235.0	3144.0	187.0	60.0	5900.0	306.0	120.0	187.0	3311.0	59.0	106.0	70.0	145.0	2.0
5	3	6	0.0	0.49999999949999996	nan	83168.0	3144.0	5900.0	187.0	106.0	3235.0	187.0	60.0	306.0	3311.0	70.0	120.0	145.0	59.0	2.0
3	5	7	1.9853392207536598	0.023553302356680628	0.8022598870056498	83107.0	3205.0	3221.0	199.0	62.0	5906.0	164.0	123.0	306.0	3309.0	72.0	118.0	61.0	142.0	5.0
3	7	5	-6.069465617732616	0.9999999993559072	0.570281124497992	83107.0	3221.0	3205.0	199.0	62.0	5906.0	306.0	118.0	164.0	3309.0	61.0	123.0	72.0	142.0	5.0
5	3	7	-1.4959950466242367	0.932672496156386	1.4861111111111112	83107.0	3205.0	5906.0	164.0	123.0	3221.0	199.0	62.0	306.0	3309.0	72.0	118.0	142.0	61.0	5.0
3	5	8	-0.05285769716968314	0.5210774231531865	1.0022779043280183	83412.0	2900.0	3246.0	178.0	58.0	5905.0	179.0	109.0	619.0	3009.0	59.0	146.0	55.0	123.0	2.0
3	8	5	-23.310244451830197	1.0	0.49943246311010214	83412.0	3246.0	2900.0	178.0	58.0	5905.0	619.0	146.0	179.0	3009.0	55.0	109.0	59.0	123.0	2.0
5	3	8	0.05297782829961424	0.47887471848121577	0.997737556561086	83412.0	2900.0	5905.0	179.0	109.0	3246.0	178.0	58.0	619.0	3009.0	59.0	146.0	123.0	55.0	2.0
3	5	9	1.988132886058333	0.023398428341745436	0.978442280945758	84229.0	2083.0	3305.0	139.0	38.0	6002.0	108.0	83.0	1515.0	2120.0	52.0	199.0	34.0	90.0	3.0
3	9	5	-88.24744681342783	1.0	0.5055695292849443	84229.0	3305.0	2083.0	139.0	38.0	6002.0	1515.0	199.0	108.0	2120.0	34.0	83.0	52.0	90.0	3.0
5	3	9	-1.9443289631956404	0.974072171520876	1.0230483271375466	84229.0	2083.0	6002.0	108.0	83.0	3305.0	139.0	38.0	1515.0	2120.0	52.0	199.0	90.0	34.0	3.0
3	6	7	1.2522236573402448	0.10524425755894762	0.014785992217898832	84357.0	2046.0	1971.0	1373.0	47.0	6137.0	107.0	82.0	126.0	3389.0	42.0	67.0	38.0	213.0	5.0
3	7	6	-99999.9	1.0	-0.015472312703583062	84357.0	1971.0	2046.0	1373.0	47.0	6137.0	126.0	67.0	107.0	3389.0	38.0	82.0	42.0	213.0	5.0
6	3	7	-82.18541582648876	1.0	0.4962196577795464	84357.0	2046.0	6137.0	107.0	82.0	1971.0	1373.0	47.0	126.0	3389.0	42.0	67.0	213.0	38.0	5.0
3	6	8	0.7501409470206618	0.22658484230473874	0.9585798816568047	83501.0	2902.0	3157.0	188.0	46.0	6042.0	174.0	110.0	498.0	3007.0	52.0	130.0	62.0	129.0	2.0
3	8	6	-16.61026382688609	1.0	0.5110410094637224	83501.0	3157.0	2902.0	188.0	46.0	6042.0	498.0	130.0	174.0	3007.0	62.0	110.0	52.0	129.0	2.0
6	3	8	-0.7177274493098925	0.7635373919764601	1.0472972972972974	83501.0	2902.0	6042.0	174.0	110.0	3157.0	188.0	46.0	498.0	3007.0	52.0	130.0	129.0	62.0	2.0
3	6	9	0.8516597100468062	0.19720144829760766	0.9899458623356535	84308.0	2095.0	3226.0	124.0	41.0	6130.0	111.0	85.0	1391.0	2119.0	47.0	195.0	32.0	93.0	3.0
3	9	6	-83.00406558686947	1.0	0.502552021986651	84308.0	3226.0	2095.0	124.0	41.0	6130.0	1391.0	195.0	111.0	2119.0	32.0	85.0	47.0	93.0	3.0
6	3	9	-0.8430100411166435	0.8003886346530511	1.0103668261563	84308.0	2095.0	6130.0	111.0	85.0	3226.0	124.0	41.0	1391.0	2119.0	47.0	195.0	93.0	32.0	3.0
3	7	8	0.5868605756661139	0.27864863167179565	0.9654088050314465	83436.0	2892.0	3222.0	187.0	57.0	6044.0	176.0	110.0	483.0	3000.0	51.0	143.0	67.0	127.0	5.0
3	8	7	-15.791884581560875	1.0	0.5091210613598672	83436.0	3222.0	2892.0	187.0	57.0	6044.0	483.0	143.0	176.0	3000.0	67.0	110.0	51.0	127.0	5.0
7	3	8	-0.5658329980363835	0.7142463780887113	1.03859649122807	83436.0	2892.0	6044.0	176.0	110.0	3222.0	187.0	57.0	483.0	3000.0	51.0	143.0	127.0	67.0	5.0
3	7	9	1.7603540241876823	0.039173855530024726	0.9791183294663574	84249.0	2079.0	3285.0	133.0	48.0	6142.0	106.0	82.0	1372.0	2112.0	50.0	202.0	44.0	92.0	4.0
3	9	7	-80.780690221057	1.0	0.5053892215568863	84249.0	3285.0	2079.0	133.0	48.0	6142.0	1372.0	202.0	106.0	2112.0	44.0	82.0	50.0	92.0	4.0
7	3	9	-1.7228109288851012	0.9575386744474976	1.0222772277227723	84249.0	2079.0	6142.0	106.0	82.0	3285.0	133.0	48.0	1372.0	2112.0	50.0	202.0	92.0	44.0	4.0
3	8	9	1.5170233259884873	0.06463042220359139	0.9776422764227642	84550.0	2108.0	2984.0	118.0	34.0	6488.0	96.0	86.0	1058.0	2140.0	45.0	170.0	26.0	94.0	3.0
3	9	8	-64.81826938314447	1.0	0.5057833859095688	84550.0	2984.0	2108.0	118.0	34.0	6488.0	1058.0	170.0	96.0	2140.0	26.0	86.0	45.0	94.0	3.0
8	3	9	-1.4823304848536154	0.9308737750019346	1.0239651416122004	84550.0	2108.0	6488.0	96.0	86.0	2984.0	118.0	34.0	1058.0	2140.0	45.0	170.0	94.0	26.0	3.0
4	5	6	0.4803706220202366	0.31548194921291983	0.9463087248322147	83930.0	3182.0	3282.0	150.0	63.0	5138.0	142.0	113.0	283.0	3379.0	66.0	96.0	59.0	114.0	3.0
4	6	5	-7.986161591086433	0.9999999999999993	0.5145985401459854	83930.0	3282.0	3182.0	150.0	63.0	5138.0	283.0	96.0	142.0	3379.0	59.0	113.0	66.0	114.0	3.0
5	4	6	-0.4531155512673154	0.6747672073352905	1.064	83930.0	3182.0	5138.0	142.0	113.0	3282.0	150.0	63.0	283.0	3379.0	66.0	96.0	114.0	59.0	3.0
4	5	7	1.878578693848827	0.030150957452226068	0.8238636363636364	83890.0	3222.0	3260.0	172.0	63.0	5123.0	141.0	129.0	286.0	3367.0	75.0	99.0	60.0	111.0	2.0
4	7	5	-6.9083216483473	0.9999999999975326	0.5598455598455598	83890.0	3260.0	3222.0	172.0	63.0	5123.0	286.0	99.0	141.0	3367.0	60.0	129.0	75.0	111.0	2.0
5	4	7	-1.4769515248190777	0.9301556479312137	1.3734939759036144	83890.0	3222.0	5123.0	141.0	129.0	3260.0	172.0	63.0	286.0	3367.0	75.0	99.0	111.0	60.0	2.0
4	5	8	-1.085694522095955	0.8611928774350933	1.0478468899521531	84197.0	2915.0	3284.0	151.0	60.0	5120.0	171.0	102.0	609.0	3061.0	58.0	118.0	55.0	98.0	1.0
4	8	5	-24.862404555997358	1.0	0.4888392857142857	84197.0	3284.0	2915.0	151.0	60.0	5120.0	609.0	118.0	171.0	3061.0	55.0	102.0	58.0	98.0	1.0
5	4	8	1.135269614429104	0.1281312381057751	0.9581589958158996	84197.0	2915.0	5120.0	171.0	102.0	3284.0	151.0	60.0	609.0	3061.0	58.0	118.0	98.0	55.0	1.0
4	5	9	1.5566224706896252	0.05978008565825843	0.9840720221606648	85004.0	2108.0	3332.0	122.0	41.0	5227.0	99.0	67.0	1520.0	2156.0	52.0	167.0	32.0	71.0	2.0
4	9	5	-94.6155745227868	1.0	0.5040794608017026	85004.0	3332.0	2108.0	122.0	41.0	5227.0	1520.0	167.0	99.0	2156.0	32.0	67.0	52.0	71.0	2.0
5	4	9	-1.5314273145841633	0.9371680706691436	1.0167272727272727	85004.0	2108.0	5227.0	99.0	67.0	3332.0	122.0	41.0	1520.0	2156.0	52.0	167.0	71.0	32.0	2.0
4	6	7	0.22196153073486605	0.4121719551824128	0.002380952380952381	85148.0	2064.0	2002.0	1347.0	46.0	5346.0	90.0	81.0	93.0	3441.0	46.0	69.0	37.0	187.0	3.0
4	7	6	-99999.9	1.0	-0.002398081534772182	85148.0	2002.0	2064.0	1347.0	46.0	5346.0	93.0	69.0	90.0	3441.0	37.0	81.0	46.0	187.0	3.0
6	4	7	-92.77991984717373	1.0	0.4994026284348865	85148.0	2064.0	5346.0	90.0	81.0	2002.0	1347.0	46.0	93.0	3441.0	46.0	69.0	187.0	37.0	3.0
4	6	8	-0.3823291853213336	0.6488913392959287	1.0238095238095237	84289.0	2923.0	3192.0	160.0	43.0	5254.0	167.0	96.0	468.0	3058.0	54.0	125.0	62.0	106.0	3.0
4	8	6	-16.82248415413868	1.0	0.4942528735632184	84289.0	3192.0	2923.0	160.0	43.0	5254.0	468.0	125.0	167.0	3058.0	62.0	96.0	54.0	106.0	3.0
6	4	8	0.3912205617241553	0.34781715828182935	0.9777777777777777	84289.0	2923.0	5254.0	167.0	96.0	3192.0	160.0	43.0	468.0	3058.0	54.0	125.0	106.0	62.0	3.0
4	6	9	0.4148548609173706	0.3391241206086264	0.9953307392996109	85090.0	2122.0	3246.0	108.0	41.0	5348.0	102.0	67.0	1381.0	2152.0	47.0	185.0	33.0	76.0	2.0
4	9	6	-88.01837299130212	1.0	0.5011755485893418	85090.0	3246.0	2122.0	108.0	41.0	5348.0	1381.0	185.0	102.0	2152.0	33.0	67.0	47.0	76.0	2.0
6	4	9	-0.4129087083251078	0.660163206038423	1.0047355958958168	85090.0	2122.0	5348.0	102.0	67.0	3246.0	108.0	41.0	1381.0	2152.0	47.0	185.0	76.0	33.0	2.0
4	7	8	-0.37546318609121726	0.6463419314405092	1.0240549828178693	84243.0	2907.0	3238.0	166.0	53.0	5237.0	173.0	98.0	471.0	3043.0	54.0	139.0	71.0	105.0	2.0
4	8	7	-16.35946739397448	1.0	0.494195688225539	84243.0	3238.0	2907.0	166.0	53.0	5237.0	471.0	139.0	173.0	3043.0	71.0	98.0	54.0	105.0	2.0
7	4	8	0.38428279113362845	0.3503844860276508	0.9775641025641025	84243.0	2907.0	5237.0	173.0	98.0	3238.0	166.0	53.0	471.0	3043.0	54.0	139.0	105.0	71.0	2.0
4	7	9	1.4863052810105608	0.06859922881679403	0.9830769230769231	85048.0	2102.0	3288.0	122.0	47.0	5343.0	100.0	65.0	1378.0	2139.0	51.0	193.0	48.0	76.0	0.0
4	9	7	-84.85451967951204	1.0	0.5043409629044988	85048.0	3288.0	2102.0	122.0	47.0	5343.0	1378.0	193.0	100.0	2139.0	48.0	65.0	51.0	76.0	0.0
7	4	9	-1.4607194311027105	0.9279537323911843	1.0178282009724473	85048.0	2102.0	5343.0	100.0	65.0	3288.0	122.0	47.0	1378.0	2139.0	51.0	193.0	76.0	48.0	0.0
4	8	9	0.8528542241748905	0.1968700290666312	0.9879275653923542	85353.0	2128.0	2983.0	106.0	37.0	5685.0	94.0	68.0	1076.0	2167.0	44.0	153.0	26.0	79.0	1.0
4	9	8	-68.9390497874703	1.0	0.5030737704918032	85353.0	2983.0	2128.0	106.0	37.0	5685.0	1076.0	153.0	94.0	2167.0	26.0	68.0	44.0	79.0	1.0
8	4	9	-0.8424323802949529	0.8002270615410133	1.0125260960334028	85353.0	2128.0	5685.0	94.0	68.0	2983.0	106.0	37.0	1076.0	2167.0	44.0	153.0	79.0	26.0	1.0
5	6	7	-99999.9	1.0	-0.0104754230459307	86974.0	2094.0	2039.0	1352.0	46.0	3520.0	98.0	43.0	85.0	3513.0	45.0	40.0	39.0	110.0	2.0
5	7	6	0.9649345829110739	0.16728878533017955	0.010156249999999999	86974.0	2039.0	2094.0	1352.0	46.0	3520.0	85.0	40.0	98.0	3513.0	39.0	43.0	45.0	110.0	2.0
6	5	7	-93.07907438234508	1.0	0.5025783419278064	86974.0	2094.0	3520.0	98.0	43.0	2039.0	1352.0	46.0	85.0	3513.0	45.0	40.0	110.0	39.0	2.0
5	6	8	1.2796609832444574	0.10033226475676038	0.9447513812154696	86065.0	3003.0	3252.0	138.0	47.0	3478.0	118.0	65.0	460.0	3130.0	53.0	73.0	62.0	56.0	0.0
5	8	6	-20.602541830235733	1.0	0.5150602409638554	86065.0	3252.0	3003.0	138.0	47.0	3478.0	460.0	73.0	118.0	3130.0	62.0	65.0	53.0	56.0	0.0
6	5	8	-1.2048270076161263	0.8858648888647904	1.0662251655629138	86065.0	3003.0	3478.0	118.0	65.0	3252.0	138.0	47.0	460.0	3130.0	53.0	73.0	56.0	62.0	0.0
5	6	9	-1.014380553967193	0.8447993847745816	1.0110323089046493	86921.0	2147.0	3310.0	87.0	40.0	3517.0	101.0	43.0	1384.0	2213.0	46.0	118.0	35.0	36.0	2.0
5	9	6	-93.97511274967492	1.0	0.4972868217054264	86921.0	3310.0	2147.0	87.0	40.0	3517.0	1384.0	118.0	101.0	2213.0	35.0	43.0	46.0	36.0	2.0
6	5	9	1.0254493986714333	0.15257561444503553	0.9893211289092296	86921.0	2147.0	3517.0	101.0	43.0	3310.0	87.0	40.0	1384.0	2213.0	46.0	118.0	36.0	35.0	2.0
5	7	8	1.0816389167611176	0.1397065412559324	0.9545454545454546	86018.0	2995.0	3299.0	137.0	56.0	3462.0	120.0	63.0	477.0	3120.0	53.0	72.0	70.0	57.0	1.0
5	8	7	-21.63277833522232	1.0	0.5121951219512195	86018.0	3299.0	2995.0	137.0	56.0	3462.0	477.0	72.0	120.0	3120.0	70.0	63.0	53.0	57.0	1.0
7	5	8	-1.0301323016772548	0.8485260268516384	1.0526315789473684	86018.0	2995.0	3462.0	120.0	63.0	3299.0	137.0	56.0	477.0	3120.0	53.0	72.0	57.0	70.0	1.0
5	7	9	-0.14649247116164163	0.5582337038677501	1.0015408320493067	86880.0	2133.0	3351.0	92.0	49.0	3511.0	94.0	40.0	1394.0	2207.0	49.0	114.0	48.0	38.0	0.0
5	9	7	-95.36659872622896	1.0	0.49961568024596464	86880.0	3351.0	2133.0	92.0	49.0	3511.0	1394.0	114.0	94.0	2207.0	48.0	40.0	49.0	38.0	0.0
7	5	9	0.146717844194198	0.44167734655661506	0.9984662576687117	86880.0	2133.0	3511.0	94.0	40.0	3351.0	92.0	49.0	1394.0	2207.0	49.0	114.0	38.0	48.0	0.0
5	8	9	-0.5299073824809736	0.7019119434433305	1.0074866310160429	87159.0	2158.0	3072.0	83.0	33.0	3879.0	90.0	42.0	1032.0	2232.0	46.0	108.0	27.0	37.0	2.0
5	9	8	-71.84030085349201	1.0	0.4981491274457959	87159.0	3072.0	2158.0	83.0	33.0	3879.0	1032.0	108.0	90.0	2232.0	27.0	42.0	46.0	37.0	2.0
8	5	9	0.533845123115121	0.2967243268164702	0.9926778242677824	87159.0	2158.0	3879.0	90.0	42.0	3072.0	83.0	33.0	1032.0	2232.0	46.0	108.0	37.0	27.0	2.0
6	7	8	-0.16650164267204082	0.5661189074082742	1.0012531328320802	87417.0	3077.0	2126.0	71.0	38.0	2063.0	73.0	28.0	1671.0	3208.0	96.0	51.0	43.0	35.0	3.0
6	8	7	-133.2013141376331	1.0	0.4996873045653534	87417.0	2126.0	3077.0	71.0	38.0	2063.0	1671.0	51.0	73.0	3208.0	43.0	28.0	96.0	35.0	3.0
7	6	8	0.16671003020980307	0.43379910400888955	0.9987515605493134	87417.0	3077.0	2063.0	73.0	28.0	2126.0	71.0	38.0	1671.0	3208.0	96.0	51.0	35.0	43.0	3.0
6	7	9	1.5715141869620026	0.05803163917557641	0.9938626774069812	88294.0	2200.0	2144.0	60.0	31.0	2097.0	44.0	23.0	2635.0	2259.0	81.0	80.0	33.0	18.0	1.0
6	9	7	-252.91556446419705	1.0	0.5015485869144405	88294.0	2144.0	2200.0	60.0	31.0	2097.0	2635.0	80.0	44.0	2259.0	33.0	23.0	81.0	18.0	1.0
7	6	9	-1.5618097381038814	0.9408335801838483	1.006252442360297	88294.0	2200.0	2097.0	44.0	23.0	2144.0	60.0	31.0	2635.0	2259.0	81.0	80.0	18.0	33.0	1.0
6	8	9	0.6426671449352428	0.260219991417877	0.9918283963227783	87369.0	2174.0	3069.0	82.0	35.0	3669.0	74.0	42.0	1045.0	2235.0	44.0	98.0	27.0	35.0	2.0
6	9	8	-77.36105757157976	1.0	0.5020682523267839	87369.0	3069.0	2174.0	82.0	35.0	3669.0	1045.0	98.0	74.0	2235.0	27.0	42.0	44.0	35.0	2.0
8	6	9	-0.6373722559965384	0.738058861604506	1.0083769633507853	87369.0	2174.0	3669.0	74.0	42.0	3069.0	82.0	35.0	1045.0	2235.0	44.0	98.0	35.0	27.0	2.0
7	8	9	-0.5459330300476786	0.7074440387084144	1.0073761854583771	87324.0	2156.0	3067.0	78.0	33.0	3714.0	85.0	49.0	1041.0	2226.0	47.0	104.0	26.0	48.0	2.0
7	9	8	-75.10478684798767	1.0	0.49817613340281397	87324.0	3067.0	2156.0	78.0	33.0	3714.0	1041.0	104.0	85.0	2226.0	26.0	49.0	47.0	48.0	2.0
8	7	9	0.5499304476317097	0.291183512823874	0.9927835051546392	87324.0	2156.0	3714.0	85.0	49.0	3067.0	78.0	33.0	1041.0	2226.0	47.0	104.0	48.0	26.0	2.0
