P1	Hybrid	P2	Zscore	Pvalue	Gamma	AAAA	AAAB	AABA	AABB	AABC	ABAA	ABAB	ABAC	ABBA	BAAA	ABBC	CABC	BACA	BCAA	ABCD
1	2	3	-0.5217648606387556	0.6990829836738988	1.0208333333333333	21767.0	1367.0	1945.0	141.0	71.0	2131.0	150.0	60.0	591.0	1401.0	90.0	148.0	68.0	67.0	3.0
1	3	2	-26.08824303193778	1.0	0.494949494949495	21767.0	1945.0	1367.0	141.0	71.0	2131.0	591.0	148.0	150.0	1401.0	68.0	60.0	90.0	67.0	3.0
2	1	3	0.5324131231007709	0.2972199306500678	0.9803921568627451	21767.0	1367.0	2131.0	150.0	60.0	1945.0	141.0	71.0	591.0	1401.0	90.0	148.0	67.0	68.0	3.0
1	2	4	0.12770037857039904	0.4491930086803422	0.9966442953020134	21906.0	1228.0	1977.0	124.0	56.0	2156.0	122.0	63.0	716.0	1277.0	89.0	160.0	63.0	59.0	4.0
1	4	2	-37.79931205683836	1.0	0.5008431703204047	21906.0	1977.0	1228.0	124.0	56.0	2156.0	716.0	160.0	122.0	1277.0	63.0	63.0	89.0	59.0	4.0
2	1	4	-0.12727041096578492	0.5506368476898335	1.0033898305084745	21906.0	1228.0	2156.0	122.0	63.0	1977.0	124.0	56.0	716.0	1277.0	89.0	160.0	59.0	63.0	4.0
1	2	5	-0.32614183100440935	0.6278414068785528	1.0079491255961843	21939.0	1195.0	1982.0	114.0	61.0	2145.0	119.0	77.0	753.0	1254.0	75.0	164.0	56.0	61.0	5.0
1	5	2	-41.68092600236354	1.0	0.49803613511390415	21939.0	1982.0	1195.0	114.0	61.0	2145.0	753.0	164.0	119.0	1254.0	56.0	77.0	75.0	61.0	5.0
2	1	5	0.3287139274634347	0.3711860314278108	0.9922360248447204	21939.0	1195.0	2145.0	119.0	77.0	1982.0	114.0	61.0	753.0	1254.0	75.0	164.0	61.0	56.0	5.0
1	2	6	0.44818657212236857	0.32700930276112017	0.994759825327511	22338.0	796.0	2015.0	93.0	49.0	2207.0	87.0	47.0	1226.0	806.0	50.0	207.0	36.0	40.0	3.0
1	6	2	-84.63256436910721	1.0	0.5013204225352111	22338.0	2015.0	796.0	93.0	49.0	2207.0	1226.0	207.0	87.0	806.0	36.0	47.0	50.0	40.0	3.0
2	1	6	-0.44582562442023144	0.6721383671507023	1.005323868677906	22338.0	796.0	2207.0	87.0	47.0	2015.0	93.0	49.0	1226.0	806.0	50.0	207.0	40.0	36.0	3.0
1	2	7	0.8119772019482837	0.2084022994237228	0.990342405618964	22314.0	820.0	2011.0	98.0	48.0	2209.0	87.0	45.0	1215.0	813.0	54.0	208.0	38.0	38.0	2.0
1	7	2	-82.45259405238482	1.0	0.5024498886414254	22314.0	2011.0	820.0	98.0	48.0	2209.0	1215.0	208.0	87.0	813.0	38.0	45.0	54.0	38.0	2.0
2	1	7	-0.804058984553398	0.7893186037768367	1.0099457504520795	22314.0	820.0	2209.0	87.0	45.0	2011.0	98.0	48.0	1215.0	813.0	54.0	208.0	38.0	38.0	2.0
1	2	8	0.0	0.49999999949999996	nan	22368.0	766.0	2025.0	89.0	43.0	2208.0	89.0	44.0	1256.0	773.0	53.0	205.0	35.0	39.0	7.0
1	8	2	-87.44578813113505	1.0	0.5	22368.0	2025.0	766.0	89.0	43.0	2208.0	1256.0	205.0	89.0	773.0	35.0	44.0	53.0	39.0	7.0
2	1	8	0.0	0.49999999949999996	nan	22368.0	766.0	2208.0	89.0	44.0	2025.0	89.0	43.0	1256.0	773.0	53.0	205.0	39.0	35.0	7.0
1	2	9	-1.8733944634317574	0.9694930962954205	1.003982080637133	23084.0	50.0	2151.0	5.0	1.0	2325.0	13.0	3.0	2030.0	47.0	5.0	280.0	2.0	4.0	0.0
1	9	2	-474.2029735561677	1.0	0.4990103908955963	23084.0	2151.0	50.0	5.0	1.0	2325.0	2030.0	280.0	13.0	47.0	2.0	3.0	5.0	4.0	0.0
2	1	9	1.8808248827215213	0.029997807983662916	0.9960649286768323	23084.0	50.0	2325.0	13.0	3.0	2151.0	5.0	1.0	2030.0	47.0	5.0	280.0	4.0	2.0	0.0
1	3	4	-0.1271522158644583	0.5505900747574316	1.0133333333333334	22474.0	1238.0	1409.0	121.0	49.0	2664.0	123.0	83.0	275.0	1292.0	52.0	93.0	47.0	77.0	3.0
1	4	3	-9.790720621563223	1.0	0.49673202614379086	22474.0	1409.0	1238.0	121.0	49.0	2664.0	275.0	93.0	123.0	1292.0	47.0	83.0	52.0	77.0	3.0
3	1	4	0.1288252713363591	0.44874791863156516	0.9871794871794872	22474.0	1238.0	2664.0	123.0	83.0	1409.0	121.0	49.0	275.0	1292.0	52.0	93.0	77.0	47.0	3.0
1	3	5	-0.31340674651322137	0.6230141014336643	1.0289017341040463	22506.0	1206.0	1415.0	121.0	43.0	2658.0	126.0	86.0	304.0	1261.0	54.0	100.0	42.0	75.0	3.0
1	5	3	-11.470686922383855	1.0	0.4930747922437673	22506.0	1415.0	1206.0	121.0	43.0	2658.0	304.0	100.0	126.0	1261.0	42.0	86.0	54.0	75.0	3.0
3	1	5	0.32221030680853663	0.37364675716497575	0.973404255319149	22506.0	1206.0	2658.0	126.0	86.0	1415.0	121.0	43.0	304.0	1261.0	54.0	100.0	75.0	42.0	3.0
1	3	6	1.41924624524837	0.07791366940785072	0.9745403111739745	22891.0	821.0	1462.0	91.0	26.0	2743.0	73.0	54.0	762.0	826.0	31.0	135.0	30.0	53.0	2.0
1	6	3	-52.906346142314234	1.0	0.5066176470588235	22891.0	1462.0	821.0	91.0	26.0	2743.0	762.0	135.0	73.0	826.0	30.0	54.0	31.0	53.0	2.0
3	1	6	-1.3821686945742473	0.9165399870899966	1.0275650842266462	22891.0	821.0	2743.0	73.0	54.0	1462.0	91.0	26.0	762.0	826.0	31.0	135.0	53.0	30.0	2.0
1	3	7	0.3835658336260723	0.35065018926866554	0.9927113702623906	22862.0	850.0	1463.0	88.0	28.0	2736.0	83.0	51.0	764.0	824.0	31.0	132.0	31.0	54.0	3.0
1	7	3	-51.85810070624488	1.0	0.5018422991893883	22862.0	1463.0	850.0	88.0	28.0	2736.0	764.0	132.0	83.0	824.0	31.0	51.0	31.0	54.0	3.0
3	1	7	-0.380749638078157	0.6483054272493582	1.007451564828614	22862.0	850.0	2736.0	83.0	51.0	1463.0	88.0	28.0	764.0	824.0	31.0	132.0	54.0	31.0	3.0
1	3	8	-0.07922391807235289	0.5315728068596338	1.0014044943820224	22919.0	793.0	1474.0	79.0	26.0	2737.0	80.0	53.0	793.0	786.0	40.0	139.0	31.0	47.0	3.0
1	8	3	-56.565877503659564	1.0	0.49964961457603363	22919.0	1474.0	793.0	79.0	26.0	2737.0	793.0	139.0	80.0	786.0	31.0	53.0	40.0	47.0	3.0
3	1	8	0.07933503156193544	0.468383004393945	0.9986013986013986	22919.0	793.0	2737.0	80.0	53.0	1474.0	79.0	26.0	793.0	786.0	40.0	139.0	47.0	31.0	3.0
1	3	9	0.2763646391715763	0.3911340708233624	0.9993581514762516	23665.0	47.0	1570.0	7.0	2.0	2858.0	6.0	6.0	1563.0	53.0	3.0	214.0	3.0	3.0	0.0
1	9	3	-430.0233785509692	1.0	0.5001606167683907	23665.0	1570.0	47.0	7.0	2.0	2858.0	1563.0	214.0	6.0	53.0	3.0	6.0	3.0	3.0	0.0
3	1	9	-0.27618714100897407	0.6087977692454607	1.0006430868167202	23665.0	47.0	2858.0	6.0	6.0	1570.0	7.0	2.0	1563.0	53.0	3.0	214.0	3.0	3.0	0.0
1	4	5	-0.710054716735158	0.7611649663958915	2.0714285714285716	22661.0	1222.0	1260.0	112.0	36.0	2820.0	127.0	85.0	156.0	1260.0	46.0	86.0	42.0	82.0	5.0
1	5	4	-2.0828271690897964	0.9813665741492157	0.3972602739726027	22661.0	1260.0	1222.0	112.0	36.0	2820.0	156.0	86.0	127.0	1260.0	42.0	85.0	46.0	82.0	5.0
4	1	5	1.0773243978050668	0.14066772056794463	0.7457627118644068	22661.0	1222.0	2820.0	127.0	85.0	1260.0	112.0	36.0	156.0	1260.0	46.0	86.0	82.0	42.0	5.0
1	4	6	0.6212108589680981	0.2672303928327455	0.9851576994434137	23053.0	830.0	1300.0	88.0	20.0	2899.0	80.0	53.0	611.0	821.0	30.0	130.0	28.0	54.0	3.0
1	6	4	-40.61165990503937	1.0	0.5037950664136623	23053.0	1300.0	830.0	88.0	20.0	2899.0	611.0	130.0	80.0	821.0	28.0	53.0	30.0	54.0	3.0
4	1	6	-0.6118517499817614	0.7296821284262347	1.0155339805825243	23053.0	830.0	2899.0	80.0	53.0	1300.0	88.0	20.0	611.0	821.0	30.0	130.0	54.0	28.0	3.0
1	4	7	0.300818489387718	0.38177652263641015	0.9924242424242424	23028.0	855.0	1297.0	91.0	20.0	2889.0	87.0	56.0	611.0	823.0	28.0	132.0	28.0	52.0	3.0
1	7	4	-39.106403620403306	1.0	0.5019157088122606	23028.0	1297.0	855.0	91.0	20.0	2889.0	611.0	132.0	87.0	823.0	28.0	56.0	28.0	52.0	3.0
4	1	7	-0.2985221650412469	0.6173476010583465	1.0077519379844961	23028.0	855.0	2889.0	87.0	56.0	1297.0	91.0	20.0	611.0	823.0	28.0	132.0	52.0	28.0	3.0
1	4	8	0.07607319987871544	0.4696803628388935	0.9982300884955753	23097.0	786.0	1296.0	87.0	25.0	2887.0	86.0	59.0	650.0	783.0	29.0	132.0	28.0	50.0	5.0
1	8	4	-42.82921153171705	1.0	0.5004436557231589	23097.0	1296.0	786.0	87.0	25.0	2887.0	650.0	132.0	86.0	783.0	28.0	59.0	29.0	50.0	5.0
4	1	8	-0.07593831831864681	0.5302659824415054	1.001779359430605	23097.0	786.0	2887.0	86.0	59.0	1296.0	87.0	25.0	650.0	783.0	29.0	132.0	50.0	28.0	5.0
1	4	9	-0.5321346213122051	0.7026836381630975	1.001432664756447	23834.0	49.0	1401.0	6.0	1.0	3019.0	8.0	5.0	1406.0	54.0	2.0	210.0	0.0	5.0	0.0
1	9	4	-372.49423491853867	1.0	0.4996426018584703	23834.0	1401.0	49.0	6.0	1.0	3019.0	1406.0	210.0	8.0	54.0	0.0	5.0	2.0	5.0	0.0
4	1	9	0.5328959011710209	0.2970528027202807	0.9985734664764622	23834.0	49.0	3019.0	8.0	5.0	1401.0	6.0	1.0	1406.0	54.0	2.0	210.0	5.0	0.0	0.0
1	5	6	1.210898215761857	0.11296727427499953	0.9711538461538461	23095.0	826.0	1258.0	86.0	26.0	2939.0	71.0	52.0	576.0	826.0	27.0	125.0	32.0	60.0	1.0
1	6	5	-39.556008381553994	1.0	0.507537688442211	23095.0	1258.0	826.0	86.0	26.0	2939.0	576.0	125.0	71.0	826.0	32.0	52.0	27.0	60.0	1.0
5	1	6	-1.174930942026356	0.8799887661092489	1.0315789473684212	23095.0	826.0	2939.0	71.0	52.0	1258.0	86.0	26.0	576.0	826.0	27.0	125.0	60.0	32.0	1.0
1	5	7	0.7018046647580534	0.2414004256140283	0.9822485207100592	23067.0	854.0	1258.0	88.0	24.0	2928.0	79.0	55.0	577.0	829.0	23.0	127.0	30.0	58.0	3.0
1	7	5	-38.13138678518751	1.0	0.5045592705167173	23067.0	1258.0	854.0	88.0	24.0	2928.0	577.0	127.0	79.0	829.0	30.0	55.0	23.0	58.0	3.0
5	1	7	-0.6891214479250766	0.7546266461882858	1.01875	23067.0	854.0	2928.0	79.0	55.0	1258.0	88.0	24.0	577.0	829.0	23.0	127.0	58.0	30.0	3.0
1	5	8	-0.15582698968627506	0.5619153141794269	1.00375234521576	23130.0	791.0	1263.0	81.0	26.0	2923.0	83.0	56.0	618.0	781.0	30.0	128.0	33.0	54.0	3.0
1	8	5	-41.83954673076481	1.0	0.49906716417910446	23130.0	1263.0	791.0	81.0	26.0	2923.0	618.0	128.0	83.0	781.0	33.0	56.0	30.0	54.0	3.0
5	1	8	0.15640952048884058	0.43785510507125713	0.9962894248608535	23130.0	791.0	2923.0	83.0	56.0	1263.0	81.0	26.0	618.0	781.0	30.0	128.0	54.0	33.0	3.0
1	5	9	-1.147128066079022	0.874335596047569	1.0029347028613353	23871.0	50.0	1364.0	4.0	2.0	3050.0	8.0	4.0	1375.0	52.0	2.0	210.0	2.0	5.0	1.0
1	9	5	-393.1781446485874	1.0	0.4992695398100803	23871.0	1364.0	50.0	4.0	2.0	3050.0	1375.0	210.0	8.0	52.0	2.0	4.0	2.0	5.0	1.0
5	1	9	1.1504846953872268	0.1249722038212765	0.9970909090909091	23871.0	50.0	3050.0	8.0	4.0	1364.0	4.0	2.0	1375.0	52.0	2.0	210.0	5.0	2.0	1.0
1	6	7	-99999.9	1.0	-0.01301115241635688	23987.0	366.0	338.0	586.0	14.0	3566.0	41.0	33.0	34.0	889.0	6.0	32.0	8.0	100.0	0.0
1	7	6	0.8118916204506704	0.20842685431277053	0.012522361359570664	23987.0	338.0	366.0	586.0	14.0	3566.0	34.0	32.0	41.0	889.0	8.0	33.0	6.0	100.0	0.0
6	1	7	-63.21156187794508	1.0	0.5031905195989061	23987.0	366.0	3566.0	41.0	33.0	338.0	586.0	14.0	34.0	889.0	6.0	32.0	100.0	8.0	0.0
1	6	8	-0.5131012416402139	0.6960597569067943	1.3636363636363635	23554.0	799.0	839.0	85.0	14.0	3481.0	93.0	66.0	123.0	787.0	19.0	65.0	17.0	56.0	2.0
1	8	6	-2.4372308977910158	0.9925998857830035	0.4411764705882353	23554.0	839.0	799.0	85.0	14.0	3481.0	123.0	65.0	93.0	787.0	17.0	66.0	19.0	56.0	2.0
6	1	8	0.6499282394109376	0.25786922574680815	0.8260869565217391	23554.0	799.0	3481.0	93.0	66.0	839.0	85.0	14.0	123.0	787.0	19.0	65.0	56.0	17.0	2.0
1	6	9	-1.4925465448054085	0.9322220057430086	1.005807200929152	24300.0	53.0	935.0	3.0	0.0	3626.0	8.0	6.0	874.0	54.0	1.0	135.0	0.0	5.0	0.0
1	9	6	-260.00160810510266	1.0	0.4985607369027058	24300.0	935.0	53.0	3.0	0.0	3626.0	874.0	135.0	8.0	54.0	0.0	6.0	1.0	5.0	0.0
6	1	9	1.5011640190825757	0.06665660126443163	0.9942922374429224	24300.0	53.0	3626.0	8.0	6.0	935.0	3.0	0.0	874.0	54.0	1.0	135.0	5.0	0.0	0.0
1	7	8	-0.6594753944864589	0.745204793431794	1.3571428571428572	23524.0	801.0	869.0	79.0	18.0	3474.0	89.0	69.0	127.0	794.0	17.0	68.0	14.0	55.0	2.0
1	8	7	-3.1654818935350004	0.9992258027428651	0.4418604651162791	23524.0	869.0	801.0	79.0	18.0	3474.0	127.0	68.0	89.0	794.0	14.0	69.0	17.0	55.0	2.0
7	1	8	0.8330215509302639	0.20241623591253732	0.8275862068965517	23524.0	801.0	3474.0	89.0	69.0	869.0	79.0	18.0	127.0	794.0	17.0	68.0	55.0	14.0	2.0
1	7	9	-1.3745089097755852	0.9153580676577332	1.0057471264367817	24273.0	52.0	962.0	4.0	0.0	3617.0	9.0	6.0	884.0	53.0	1.0	134.0	0.0	5.0	0.0
1	9	7	-241.9135681205034	1.0	0.4985754985754986	24273.0	962.0	52.0	4.0	0.0	3617.0	884.0	134.0	9.0	53.0	0.0	6.0	1.0	5.0	0.0
7	1	9	1.3823632464028741	0.08343015554255928	0.9943502824858758	24273.0	52.0	3617.0	9.0	6.0	962.0	4.0	0.0	884.0	53.0	1.0	134.0	5.0	0.0	0.0
1	8	9	0.2574759653172341	0.3984057415509815	0.998805256869773	24347.0	46.0	888.0	8.0	2.0	3656.0	7.0	6.0	843.0	53.0	1.0	136.0	2.0	5.0	0.0
1	9	8	-214.99243103988871	1.0	0.5002992220227409	24347.0	888.0	46.0	8.0	2.0	3656.0	843.0	136.0	7.0	53.0	2.0	6.0	1.0	5.0	0.0
8	1	9	-0.25716797971278765	0.6014753913327172	1.001199040767386	24347.0	46.0	3656.0	7.0	6.0	888.0	8.0	2.0	843.0	53.0	1.0	136.0	5.0	2.0	0.0
2	3	4	-0.1927256255271675	0.5764130540785726	1.0214285714285714	22657.0	1241.0	1405.0	117.0	55.0	2481.0	120.0	83.0	263.0	1297.0	49.0	109.0	43.0	76.0	4.0
2	4	3	-9.379313775655506	1.0	0.49480968858131485	22657.0	1405.0	1241.0	117.0	55.0	2481.0	263.0	109.0	120.0	1297.0	43.0	83.0	49.0	76.0	4.0
3	2	4	0.19676882046829688	0.4220042482271691	0.9798657718120806	22657.0	1241.0	2481.0	120.0	83.0	1405.0	117.0	55.0	263.0	1297.0	49.0	109.0	76.0	43.0	4.0
2	3	5	0.0	0.49999999949999996	nan	22677.0	1221.0	1407.0	123.0	47.0	2487.0	123.0	74.0	296.0	1264.0	49.0	116.0	42.0	70.0	4.0
2	5	3	-11.027835933669255	1.0	0.5	22677.0	1407.0	1221.0	123.0	47.0	2487.0	296.0	116.0	123.0	1264.0	42.0	74.0	49.0	70.0	4.0
3	2	5	0.0	0.49999999949999996	nan	22677.0	1221.0	2487.0	123.0	74.0	1407.0	123.0	47.0	296.0	1264.0	49.0	116.0	70.0	42.0	4.0
2	3	6	0.8108529849616223	0.20872499372337083	0.9850299401197605	23075.0	823.0	1470.0	82.0	25.0	2559.0	72.0	53.0	730.0	842.0	37.0	159.0	25.0	46.0	2.0
2	6	3	-52.54327342551307	1.0	0.5038284839203676	23075.0	1470.0	823.0	82.0	25.0	2559.0	730.0	159.0	72.0	842.0	25.0	53.0	37.0	46.0	2.0
3	2	6	-0.7985299912691963	0.7877185622719388	1.0156739811912225	23075.0	823.0	2559.0	72.0	53.0	1470.0	82.0	25.0	730.0	842.0	37.0	159.0	46.0	25.0	2.0
2	3	7	-0.3131556183755083	0.6229187134880959	1.006201550387597	23054.0	844.0	1469.0	79.0	29.0	2544.0	83.0	57.0	732.0	841.0	36.0	158.0	25.0	46.0	3.0
2	7	3	-51.12265469980172	1.0	0.4984639016897081	23054.0	1469.0	844.0	79.0	29.0	2544.0	732.0	158.0	83.0	841.0	25.0	57.0	36.0	46.0	3.0
3	2	7	0.315085699228362	0.3763483620804564	0.9939117199391172	23054.0	844.0	2544.0	83.0	57.0	1469.0	79.0	29.0	732.0	841.0	36.0	158.0	46.0	25.0	3.0
2	3	8	0.0	0.49999999949999996	nan	23102.0	796.0	1474.0	75.0	28.0	2554.0	75.0	55.0	773.0	797.0	39.0	159.0	29.0	40.0	4.0
2	8	3	-56.97247368827535	1.0	0.5	23102.0	1474.0	796.0	75.0	28.0	2554.0	773.0	159.0	75.0	797.0	29.0	55.0	39.0	40.0	4.0
3	2	8	0.0	0.49999999949999996	nan	23102.0	796.0	2554.0	75.0	55.0	1474.0	75.0	28.0	773.0	797.0	39.0	159.0	40.0	29.0	4.0
2	3	9	2.129743292651081	0.016596347456504623	0.9948750800768738	23845.0	53.0	1564.0	11.0	2.0	2678.0	3.0	3.0	1556.0	50.0	3.0	227.0	3.0	2.0	0.0
2	9	3	-411.30667339324106	1.0	0.5012911555842479	23845.0	1564.0	53.0	11.0	2.0	2678.0	1556.0	227.0	3.0	50.0	3.0	3.0	3.0	2.0	0.0
3	2	9	-2.1187723033779267	0.9829452030326743	1.0052049446974627	23845.0	53.0	2678.0	3.0	3.0	1564.0	11.0	2.0	1556.0	50.0	3.0	227.0	2.0	3.0	0.0
2	4	5	-0.5101854719603196	0.6950392422362096	1.36	22824.0	1238.0	1260.0	110.0	43.0	2657.0	119.0	77.0	153.0	1268.0	39.0	89.0	42.0	76.0	5.0
2	5	4	-2.4375528104770834	0.9926064714239948	0.44155844155844154	22824.0	1260.0	1238.0	110.0	43.0	2657.0	153.0	89.0	119.0	1268.0	42.0	77.0	39.0	76.0	5.0
4	2	5	0.6452345674792278	0.25938753286447436	0.8269230769230769	22824.0	1238.0	2657.0	119.0	77.0	1260.0	110.0	43.0	153.0	1268.0	39.0	89.0	76.0	42.0	5.0
2	4	6	-0.08021703693755378	0.5319677466340337	1.0019455252918288	23228.0	834.0	1317.0	77.0	19.0	2724.0	78.0	51.0	593.0	835.0	32.0	131.0	26.0	51.0	4.0
2	6	4	-41.39199105977745	1.0	0.49951503394762364	23228.0	1317.0	834.0	77.0	19.0	2724.0	593.0	131.0	78.0	835.0	26.0	51.0	32.0	51.0	4.0
4	2	6	0.08037279817432573	0.46797031366917374	0.9980657640232108	23228.0	834.0	2724.0	78.0	51.0	1317.0	77.0	19.0	593.0	835.0	32.0	131.0	51.0	26.0	4.0
2	4	7	-0.7020697509789627	0.7586822362892518	1.0180722891566265	23208.0	854.0	1315.0	76.0	22.0	2709.0	85.0	59.0	592.0	839.0	29.0	133.0	25.0	51.0	3.0
2	7	4	-40.25199905612723	1.0	0.49560117302052786	23208.0	1315.0	854.0	76.0	22.0	2709.0	592.0	133.0	85.0	839.0	25.0	59.0	29.0	51.0	3.0
4	2	7	0.7145325276235597	0.23744890554166398	0.9828571428571429	23208.0	854.0	2709.0	85.0	59.0	1315.0	76.0	22.0	592.0	839.0	29.0	133.0	51.0	25.0	3.0
2	4	8	-0.08127748732409659	0.5323894277922694	1.0018083182640145	23262.0	800.0	1314.0	75.0	24.0	2722.0	76.0	55.0	630.0	798.0	32.0	134.0	27.0	47.0	4.0
2	8	4	-45.10900546487326	1.0	0.4995491433724076	23262.0	1314.0	800.0	75.0	24.0	2722.0	630.0	134.0	76.0	798.0	27.0	55.0	32.0	47.0	4.0
4	2	8	0.08142419759002456	0.46755223668302337	0.9982014388489209	23262.0	800.0	2722.0	76.0	55.0	1314.0	75.0	24.0	630.0	798.0	32.0	134.0	47.0	27.0	4.0
2	4	9	1.2100178385062785	0.11313608990184398	0.9964463397299218	24008.0	54.0	1401.0	11.0	1.0	2845.0	6.0	2.0	1408.0	50.0	2.0	208.0	0.0	4.0	0.0
2	9	4	-338.07898407865304	1.0	0.5008931761343337	24008.0	1401.0	54.0	11.0	1.0	2845.0	1408.0	208.0	6.0	50.0	0.0	2.0	2.0	4.0	0.0
4	2	9	-1.2057025109795085	0.886033826282041	1.0035919540229885	24008.0	54.0	2845.0	6.0	2.0	1401.0	11.0	1.0	1408.0	50.0	2.0	208.0	4.0	0.0	0.0
2	5	6	0.6450645150637272	0.25944262791659556	0.9836065573770492	23263.0	821.0	1282.0	82.0	27.0	2771.0	74.0	54.0	554.0	841.0	34.0	123.0	24.0	49.0	1.0
2	6	5	-38.05880638875988	1.0	0.5042016806722689	23263.0	1282.0	821.0	82.0	27.0	2771.0	554.0	123.0	74.0	841.0	24.0	54.0	34.0	49.0	1.0
5	2	6	-0.6343134398126651	0.7370619150089519	1.0172413793103448	23263.0	821.0	2771.0	74.0	54.0	1282.0	82.0	27.0	554.0	841.0	34.0	123.0	49.0	24.0	1.0
2	5	7	-0.07821802402524515	0.5311727550058578	1.0021231422505308	23237.0	847.0	1286.0	81.0	24.0	2758.0	82.0	59.0	554.0	844.0	31.0	122.0	23.0	50.0	2.0
2	7	5	-36.99712536394068	1.0	0.49947089947089945	23237.0	1286.0	847.0	81.0	24.0	2758.0	554.0	122.0	82.0	844.0	23.0	59.0	31.0	50.0	2.0
5	2	7	0.078383740177841	0.46876133621899774	0.9978902953586498	23237.0	847.0	2758.0	82.0	59.0	1286.0	81.0	24.0	554.0	844.0	31.0	122.0	50.0	23.0	2.0
2	5	8	-0.07870969746954984	0.5313683013028293	1.001930501930502	23289.0	795.0	1287.0	80.0	24.0	2764.0	81.0	54.0	600.0	791.0	38.0	122.0	29.0	45.0	1.0
2	8	5	-40.92904268416615	1.0	0.49951876804619827	23289.0	1287.0	795.0	80.0	24.0	2764.0	600.0	122.0	81.0	791.0	29.0	54.0	38.0	45.0	1.0
5	2	8	0.07886135391939483	0.46857138405674237	0.9980806142034548	23289.0	795.0	2764.0	81.0	54.0	1287.0	80.0	24.0	600.0	791.0	38.0	122.0	45.0	29.0	1.0
2	5	9	0.7259898497498996	0.23392242720666534	0.9978197674418605	24031.0	53.0	1378.0	10.0	3.0	2890.0	7.0	2.0	1380.0	47.0	2.0	191.0	2.0	4.0	0.0
2	9	5	-331.53536471912076	1.0	0.5005468465184105	24031.0	1378.0	53.0	10.0	3.0	2890.0	1380.0	191.0	7.0	47.0	2.0	2.0	2.0	4.0	0.0
5	2	9	-0.7244035645720046	0.765591063302776	1.0021945866861741	24031.0	53.0	2890.0	7.0	2.0	1378.0	10.0	3.0	1380.0	47.0	2.0	191.0	4.0	2.0	0.0
2	6	7	-99999.9	1.0	-0.013409961685823755	24176.0	369.0	347.0	570.0	13.0	3377.0	41.0	30.0	34.0	899.0	6.0	23.0	9.0	106.0	0.0
2	7	6	0.8120143304134462	0.20839164712211178	0.01289134438305709	24176.0	347.0	369.0	570.0	13.0	3377.0	34.0	23.0	41.0	899.0	9.0	30.0	6.0	106.0	0.0
6	2	7	-61.36508296981613	1.0	0.5032863849765258	24176.0	369.0	3377.0	41.0	30.0	347.0	570.0	13.0	34.0	899.0	6.0	23.0	106.0	9.0	0.0
2	6	8	-0.624205353805585	0.7337536901901296	1.3103448275862069	23735.0	810.0	841.0	74.0	15.0	3300.0	83.0	65.0	121.0	800.0	18.0	65.0	18.0	54.0	1.0
2	8	6	-3.25973906987361	0.9994423653231743	0.44705882352941173	23735.0	841.0	810.0	74.0	15.0	3300.0	121.0	65.0	83.0	800.0	18.0	65.0	18.0	54.0	1.0
6	2	8	0.7720434639174341	0.22004427746219868	0.8392857142857143	23735.0	810.0	3300.0	83.0	65.0	841.0	74.0	15.0	121.0	800.0	18.0	65.0	54.0	18.0	1.0
2	6	9	0.5753952188972437	0.28251198005292577	0.997737556561086	24486.0	59.0	923.0	7.0	0.0	3440.0	5.0	3.0	887.0	51.0	1.0	134.0	0.0	4.0	0.0
2	9	6	-253.17389631478656	1.0	0.5005675368898979	24486.0	923.0	59.0	7.0	0.0	3440.0	887.0	134.0	5.0	51.0	0.0	3.0	1.0	4.0	0.0
6	2	9	-0.5740904678339845	0.7170467461469117	1.0022779043280183	24486.0	59.0	3440.0	5.0	3.0	923.0	7.0	0.0	887.0	51.0	1.0	134.0	4.0	0.0	0.0
2	7	8	-0.9234548128465399	0.8221149010730315	1.4516129032258065	23714.0	809.0	862.0	71.0	19.0	3284.0	85.0	65.0	130.0	802.0	17.0	72.0	14.0	55.0	1.0
2	8	7	-3.891702425567563	0.9999502087778083	0.43269230769230765	23714.0	862.0	809.0	71.0	19.0	3284.0	130.0	72.0	85.0	802.0	14.0	65.0	17.0	55.0	1.0
7	2	8	1.2107518657321297	0.11299532497316767	0.8082191780821918	23714.0	809.0	3284.0	85.0	65.0	862.0	71.0	19.0	130.0	802.0	17.0	72.0	55.0	14.0	1.0
2	7	9	0.5330507238260569	0.2969992153750217	0.9977628635346756	24465.0	58.0	944.0	8.0	0.0	3425.0	6.0	3.0	898.0	50.0	1.0	138.0	0.0	4.0	0.0
2	9	7	-237.20757210259418	1.0	0.500561167227834	24465.0	944.0	58.0	8.0	0.0	3425.0	898.0	138.0	6.0	50.0	0.0	3.0	1.0	4.0	0.0
7	2	9	-0.5318555428309312	0.7025869929598169	1.0022522522522523	24465.0	58.0	3425.0	6.0	3.0	944.0	8.0	0.0	898.0	50.0	1.0	138.0	4.0	0.0	0.0
2	8	9	1.694016059156664	0.045131087918265145	0.9917840375586855	24525.0	51.0	884.0	12.0	3.0	3478.0	5.0	3.0	850.0	50.0	1.0	133.0	1.0	4.0	0.0
2	9	8	-202.7979225104687	1.0	0.5020796197266785	24525.0	884.0	51.0	12.0	3.0	3478.0	850.0	133.0	5.0	50.0	1.0	3.0	1.0	4.0	0.0
8	2	9	-1.6799827900275555	0.9535196918557285	1.0084235860409145	24525.0	51.0	3478.0	5.0	3.0	884.0	12.0	3.0	850.0	50.0	1.0	133.0	4.0	1.0	0.0
3	4	5	-0.44294739379434583	0.6710980780342886	1.3043478260869565	23851.0	1287.0	1313.0	92.0	39.0	1630.0	99.0	48.0	129.0	1316.0	45.0	60.0	42.0	46.0	3.0
3	5	4	-2.3412933671986833	0.9903914895317019	0.4477611940298507	23851.0	1313.0	1287.0	92.0	39.0	1630.0	129.0	60.0	99.0	1316.0	42.0	48.0	45.0	46.0	3.0
4	3	5	0.5463017856796932	0.29242922925194925	0.8409090909090909	23851.0	1287.0	1630.0	99.0	48.0	1313.0	92.0	39.0	129.0	1316.0	45.0	60.0	46.0	42.0	3.0
3	4	6	-0.8947129134858403	0.8145297442771295	1.0198807157057654	24265.0	873.0	1369.0	56.0	19.0	1687.0	66.0	24.0	579.0	877.0	34.0	93.0	27.0	30.0	1.0
3	6	4	-46.793485375309494	1.0	0.4951737451737452	24265.0	1369.0	873.0	56.0	19.0	1687.0	579.0	93.0	66.0	877.0	27.0	24.0	34.0	30.0	1.0
4	3	6	0.9121537110196773	0.1808438790157323	0.9812382739212008	24265.0	873.0	1687.0	66.0	24.0	1369.0	56.0	19.0	579.0	877.0	34.0	93.0	30.0	27.0	1.0
3	4	7	-0.4557659426333027	0.6757208290796097	1.0097087378640777	24234.0	904.0	1364.0	57.0	23.0	1683.0	62.0	32.0	582.0	878.0	30.0	94.0	26.0	31.0	0.0
3	7	4	-47.85542397649684	1.0	0.49760765550239233	24234.0	1364.0	904.0	57.0	23.0	1683.0	582.0	94.0	62.0	878.0	26.0	32.0	30.0	31.0	0.0
4	3	7	0.46014830746631524	0.3227049060042626	0.9905660377358491	24234.0	904.0	1683.0	62.0	32.0	1364.0	57.0	23.0	582.0	878.0	30.0	94.0	31.0	26.0	0.0
3	4	8	0.09954057353380893	0.4603544800083217	0.9982363315696648	24287.0	851.0	1369.0	51.0	24.0	1697.0	50.0	30.0	616.0	838.0	36.0	93.0	24.0	31.0	3.0
3	8	4	-56.24042404660205	1.0	0.5004420866489832	24287.0	1369.0	851.0	51.0	24.0	1697.0	616.0	93.0	50.0	838.0	24.0	30.0	36.0	31.0	3.0
4	3	8	-0.0993647067961167	0.5395757055393361	1.00177304964539	24287.0	851.0	1697.0	50.0	30.0	1369.0	51.0	24.0	616.0	838.0	36.0	93.0	31.0	24.0	3.0
3	4	9	-0.80883667422105	0.7906955089766551	1.0014044943820224	25083.0	55.0	1440.0	2.0	2.0	1770.0	4.0	3.0	1430.0	59.0	1.0	147.0	0.0	4.0	0.0
3	9	4	-577.5093853938384	1.0	0.49964961457603363	25083.0	1440.0	55.0	2.0	2.0	1770.0	1430.0	147.0	4.0	59.0	0.0	3.0	1.0	4.0	0.0
4	3	9	0.8099710875088776	0.20897833881654615	0.9986013986013986	25083.0	55.0	1770.0	4.0	3.0	1440.0	2.0	2.0	1430.0	59.0	1.0	147.0	4.0	0.0	0.0
3	5	6	-0.1806107868217627	0.5716634463777832	1.004149377593361	24303.0	861.0	1331.0	60.0	27.0	1731.0	62.0	26.0	546.0	881.0	30.0	82.0	27.0	31.0	2.0
3	6	5	-43.88842119768859	1.0	0.49896907216494846	24303.0	1331.0	861.0	60.0	27.0	1731.0	546.0	82.0	62.0	881.0	27.0	26.0	30.0	31.0	2.0
5	3	6	0.18135711238714192	0.4280436499926612	0.9959016393442623	24303.0	861.0	1731.0	62.0	26.0	1331.0	60.0	27.0	546.0	881.0	30.0	82.0	31.0	27.0	2.0
3	5	7	0.09172323726263559	0.4634589054376872	0.9979633401221996	24267.0	897.0	1331.0	60.0	27.0	1728.0	59.0	32.0	549.0	882.0	26.0	82.0	25.0	33.0	2.0
3	7	5	-44.85266302142853	1.0	0.5005107252298264	24267.0	1331.0	897.0	60.0	27.0	1728.0	549.0	82.0	59.0	882.0	25.0	32.0	26.0	33.0	2.0
5	3	7	-0.09153604698250777	0.5364667293829408	1.0020491803278688	24267.0	897.0	1728.0	59.0	32.0	1331.0	60.0	27.0	549.0	882.0	26.0	82.0	33.0	25.0	2.0
3	5	8	0.0	0.49999999949999996	nan	24317.0	847.0	1339.0	52.0	27.0	1736.0	52.0	31.0	586.0	834.0	37.0	84.0	26.0	30.0	2.0
3	8	5	-52.33785169894816	1.0	0.5	24317.0	1339.0	847.0	52.0	27.0	1736.0	586.0	84.0	52.0	834.0	26.0	31.0	37.0	30.0	2.0
5	3	8	0.0	0.49999999949999996	nan	24317.0	847.0	1736.0	52.0	31.0	1339.0	52.0	27.0	586.0	834.0	37.0	84.0	30.0	26.0	2.0
3	5	9	-1.8683991051589066	0.9691468318604785	1.0035971223021583	25110.0	54.0	1413.0	1.0	4.0	1811.0	6.0	2.0	1401.0	55.0	1.0	135.0	2.0	5.0	0.0
3	9	5	-523.151749444475	1.0	0.4991055456171735	25110.0	1413.0	54.0	1.0	4.0	1811.0	1401.0	135.0	6.0	55.0	2.0	2.0	1.0	5.0	0.0
5	3	9	1.8750958761451393	0.030389703913151656	0.99644128113879	25110.0	54.0	1811.0	6.0	2.0	1413.0	1.0	4.0	1401.0	55.0	1.0	135.0	5.0	2.0	0.0
3	6	7	1.0735796302946865	0.14150560185861827	0.014311270125223612	25238.0	396.0	360.0	575.0	13.0	2315.0	24.0	20.0	32.0	933.0	5.0	12.0	9.0	67.0	1.0
3	7	6	-99999.9	1.0	-0.014953271028037384	25238.0	360.0	396.0	575.0	13.0	2315.0	32.0	12.0	24.0	933.0	9.0	20.0	5.0	67.0	1.0
6	3	7	-72.86921740625186	1.0	0.49634369287020114	25238.0	396.0	2315.0	24.0	20.0	360.0	575.0	13.0	32.0	933.0	5.0	12.0	67.0	9.0	1.0
3	6	8	-0.3759954636400884	0.6465398075510865	1.0816326530612246	24773.0	861.0	883.0	50.0	15.0	2262.0	54.0	43.0	107.0	842.0	21.0	37.0	16.0	36.0	0.0
3	8	6	-5.357935356871264	0.9999999578185783	0.4818181818181818	24773.0	883.0	861.0	50.0	15.0	2262.0	107.0	37.0	54.0	842.0	16.0	43.0	21.0	36.0	0.0
6	3	8	0.4043724797638686	0.34296946453736354	0.9344262295081968	24773.0	861.0	2262.0	54.0	43.0	883.0	50.0	15.0	107.0	842.0	21.0	37.0	36.0	16.0	0.0
3	6	9	-2.405703809355062	0.9919293326806173	1.0066666666666666	25575.0	59.0	948.0	0.0	0.0	2351.0	6.0	2.0	912.0	57.0	1.0	84.0	0.0	5.0	0.0
3	9	6	-365.6669790219682	1.0	0.4983498349834984	25575.0	948.0	59.0	0.0	0.0	2351.0	912.0	84.0	6.0	57.0	0.0	2.0	1.0	5.0	0.0
6	3	9	2.4216356226620492	0.0077254152327889125	0.9934640522875817	25575.0	59.0	2351.0	6.0	2.0	948.0	0.0	0.0	912.0	57.0	1.0	84.0	5.0	0.0	0.0
3	7	8	-0.7766589919500647	0.7813200709265217	1.25	24738.0	860.0	918.0	48.0	18.0	2260.0	57.0	42.0	102.0	843.0	21.0	44.0	12.0	37.0	0.0
3	8	7	-4.659953951700389	0.9999984168454772	0.45454545454545453	24738.0	918.0	860.0	48.0	18.0	2260.0	102.0	44.0	57.0	843.0	12.0	42.0	21.0	37.0	0.0
7	3	8	0.9319907903400776	0.17567062556114865	0.8571428571428571	24738.0	860.0	2260.0	57.0	42.0	918.0	48.0	18.0	102.0	843.0	21.0	44.0	37.0	12.0	0.0
3	7	9	-2.5971216586748804	0.995299535504079	1.0078212290502793	25539.0	59.0	984.0	0.0	0.0	2351.0	7.0	1.0	909.0	56.0	1.0	87.0	0.0	6.0	0.0
3	9	7	-337.25479824792126	1.0	0.49806736609607954	25539.0	984.0	59.0	0.0	0.0	2351.0	909.0	87.0	7.0	56.0	0.0	1.0	1.0	6.0	0.0
7	3	9	2.6172767048065038	0.0044317598332046515	0.99235807860262	25539.0	59.0	2351.0	7.0	1.0	984.0	0.0	0.0	909.0	56.0	1.0	87.0	6.0	0.0	0.0
3	8	9	-0.331258638704306	0.629775366562394	1.0011792452830188	25604.0	52.0	919.0	4.0	3.0	2399.0	5.0	2.0	854.0	57.0	1.0	94.0	1.0	5.0	0.0
3	9	8	-281.56984289865983	1.0	0.4997057092407298	25604.0	919.0	52.0	4.0	3.0	2399.0	854.0	94.0	5.0	57.0	1.0	2.0	1.0	5.0	0.0
8	3	9	0.3316488137793405	0.3700772958457089	0.9988249118683902	25604.0	52.0	2399.0	5.0	2.0	919.0	4.0	3.0	854.0	57.0	1.0	94.0	5.0	1.0	0.0
4	5	6	0.7542005272734827	0.2253643430352401	0.9838056680161943	24606.0	875.0	1346.0	61.0	27.0	1428.0	53.0	21.0	539.0	884.0	31.0	74.0	26.0	27.0	2.0
4	6	5	-45.06348150459061	1.0	0.5041493775933611	24606.0	1346.0	875.0	61.0	27.0	1428.0	539.0	74.0	53.0	884.0	26.0	21.0	31.0	27.0	2.0
5	4	6	-0.741785703779269	0.7708914767225759	1.0170212765957447	24606.0	875.0	1428.0	53.0	21.0	1346.0	61.0	27.0	539.0	884.0	31.0	74.0	27.0	26.0	2.0
4	5	7	0.6565718641071824	0.2557280589277794	0.9858012170385395	24571.0	910.0	1346.0	61.0	27.0	1424.0	54.0	24.0	540.0	887.0	27.0	76.0	25.0	27.0	1.0
4	7	5	-44.92827470104858	1.0	0.5036269430051814	24571.0	1346.0	910.0	61.0	27.0	1424.0	540.0	76.0	54.0	887.0	25.0	24.0	27.0	27.0	1.0
5	4	7	-0.6471150677105769	0.7412213246185659	1.0148305084745763	24571.0	910.0	1424.0	54.0	24.0	1346.0	61.0	27.0	540.0	887.0	27.0	76.0	27.0	25.0	1.0
4	5	8	-0.09653418082673802	0.5384518950455179	1.0019193857965452	24630.0	851.0	1354.0	53.0	27.0	1423.0	54.0	25.0	576.0	841.0	37.0	79.0	25.0	22.0	3.0
4	8	5	-50.487376572384285	1.0	0.4995215311004785	24630.0	1354.0	851.0	53.0	27.0	1423.0	576.0	79.0	54.0	841.0	25.0	25.0	37.0	22.0	3.0
5	4	8	0.09671911220763216	0.46147467172932377	0.9980916030534351	24630.0	851.0	1423.0	54.0	25.0	1354.0	53.0	27.0	576.0	841.0	37.0	79.0	22.0	25.0	3.0
4	5	9	-0.7019729175875341	0.7586520424914563	1.0014419610670513	25425.0	56.0	1428.0	3.0	3.0	1496.0	5.0	1.0	1394.0	58.0	2.0	127.0	2.0	0.0	0.0
4	9	5	-488.22216418214265	1.0	0.49964028776978414	25425.0	1428.0	56.0	3.0	3.0	1496.0	1394.0	127.0	5.0	58.0	2.0	1.0	2.0	0.0	0.0
5	4	9	0.7029836777280489	0.24103289166076292	0.9985642498205313	25425.0	56.0	1496.0	5.0	1.0	1428.0	3.0	3.0	1394.0	58.0	2.0	127.0	0.0	2.0	0.0
4	6	7	0.27754248310072943	0.3906818593240695	0.003577817531305904	25551.0	401.0	366.0	582.0	15.0	2002.0	25.0	14.0	27.0	932.0	4.0	11.0	9.0	61.0	0.0
4	7	6	-99999.9	1.0	-0.003616636528028933	25551.0	366.0	401.0	582.0	15.0	2002.0	27.0	11.0	25.0	932.0	9.0	14.0	4.0	61.0	0.0
6	4	7	-77.01803906045242	1.0	0.49910071942446044	25551.0	401.0	2002.0	25.0	14.0	366.0	582.0	15.0	27.0	932.0	4.0	11.0	61.0	9.0	0.0
4	6	8	-0.5836514644856485	0.7202726279242634	1.2121212121212122	25091.0	861.0	893.0	55.0	15.0	1944.0	62.0	35.0	102.0	842.0	19.0	32.0	16.0	31.0	2.0
4	8	6	-3.9188026901179276	0.9999554867482814	0.4597701149425288	25091.0	893.0	861.0	55.0	15.0	1944.0	102.0	32.0	62.0	842.0	16.0	35.0	19.0	31.0	2.0
6	4	8	0.685790470770637	0.24642255528461599	0.8703703703703703	25091.0	861.0	1944.0	62.0	35.0	893.0	55.0	15.0	102.0	842.0	19.0	32.0	31.0	16.0	2.0
4	6	9	-1.1224132651051866	0.8691565662368844	1.0033557046979866	25892.0	60.0	961.0	2.0	0.0	2034.0	5.0	2.0	902.0	60.0	1.0	81.0	0.0	0.0	0.0
4	9	6	-336.72397953155814	1.0	0.49916527545909856	25892.0	961.0	60.0	2.0	0.0	2034.0	902.0	81.0	5.0	60.0	0.0	2.0	1.0	0.0	0.0
6	4	9	1.126167155623933	0.13004743768198168	0.9966777408637874	25892.0	60.0	2034.0	5.0	2.0	961.0	2.0	0.0	902.0	60.0	1.0	81.0	0.0	0.0	0.0
4	7	8	-0.8022333172600035	0.7887910559090686	1.3333333333333333	25055.0	862.0	929.0	52.0	17.0	1943.0	62.0	35.0	102.0	845.0	19.0	33.0	13.0	31.0	2.0
4	8	7	-4.01116658630002	0.9999697759155393	0.4444444444444445	25055.0	929.0	862.0	52.0	17.0	1943.0	102.0	33.0	62.0	845.0	13.0	35.0	19.0	31.0	2.0
7	4	8	1.0027916465750042	0.15798071103833355	0.8333333333333334	25055.0	862.0	1943.0	62.0	35.0	929.0	52.0	17.0	102.0	845.0	19.0	33.0	31.0	13.0	2.0
4	7	9	-0.9917440570930561	0.8393387965494212	1.0033444816053512	25858.0	59.0	995.0	3.0	0.0	2032.0	6.0	2.0	906.0	59.0	1.0	79.0	0.0	0.0	0.0
4	9	7	-298.5149611850086	1.0	0.49916805324459235	25858.0	995.0	59.0	3.0	0.0	2032.0	906.0	79.0	6.0	59.0	0.0	2.0	1.0	0.0	0.0
7	4	9	0.9950498706166998	0.15985601289220908	0.9966887417218543	25858.0	59.0	2032.0	6.0	2.0	995.0	3.0	0.0	906.0	59.0	1.0	79.0	0.0	0.0	0.0
4	8	9	0.6297604042118501	0.2644256203098554	0.9976662777129521	25931.0	53.0	922.0	6.0	3.0	2072.0	4.0	2.0	859.0	60.0	1.0	86.0	1.0	0.0	0.0
4	9	8	-268.59281239635123	1.0	0.5005854800936769	25931.0	922.0	53.0	6.0	3.0	2072.0	859.0	86.0	4.0	60.0	1.0	2.0	1.0	0.0	0.0
8	4	9	-0.6282872804593077	0.7350921757284036	1.0023501762632196	25931.0	53.0	2072.0	4.0	2.0	922.0	6.0	3.0	859.0	60.0	1.0	86.0	0.0	1.0	0.0
5	6	7	0.32454522556339244	0.3727627128468123	0.0036363636363636364	25625.0	409.0	370.0	566.0	13.0	1928.0	18.0	13.0	20.0	947.0	5.0	14.0	10.0	62.0	0.0
5	7	6	-99999.9	1.0	-0.003676470588235294	25625.0	370.0	409.0	566.0	13.0	1928.0	20.0	14.0	18.0	947.0	10.0	13.0	5.0	62.0	0.0
6	5	7	-88.60084657880617	1.0	0.4990859232175503	25625.0	409.0	1928.0	18.0	13.0	370.0	566.0	13.0	20.0	947.0	5.0	14.0	62.0	10.0	0.0
5	6	8	-0.5392321223040267	0.7051366726526136	1.1333333333333333	25169.0	865.0	884.0	51.0	14.0	1866.0	57.0	36.0	108.0	843.0	21.0	35.0	16.0	34.0	1.0
5	8	6	-5.122705161888257	0.9999998491407309	0.4722222222222222	25169.0	884.0	865.0	51.0	14.0	1866.0	108.0	35.0	57.0	843.0	16.0	36.0	21.0	34.0	1.0
6	5	8	0.602671195516265	0.2733636747116075	0.9047619047619048	25169.0	865.0	1866.0	57.0	36.0	884.0	51.0	14.0	108.0	843.0	21.0	35.0	34.0	16.0	1.0
5	6	9	-0.37502904233975237	0.6461805076396039	1.001100110011001	25975.0	59.0	946.0	3.0	0.0	1951.0	4.0	4.0	914.0	57.0	1.0	84.0	0.0	2.0	0.0
5	9	6	-341.6514575715195	1.0	0.499725425590335	25975.0	946.0	59.0	3.0	0.0	1951.0	914.0	84.0	4.0	57.0	0.0	4.0	1.0	2.0	0.0
6	5	9	0.3754411621664993	0.3536662568858139	0.9989035087719298	25975.0	59.0	1951.0	4.0	4.0	946.0	3.0	0.0	914.0	57.0	1.0	84.0	2.0	0.0	0.0
5	7	8	-0.7864692235584007	0.7842037414333148	1.2195121951219512	25130.0	865.0	923.0	48.0	17.0	1868.0	57.0	37.0	107.0	847.0	21.0	34.0	12.0	33.0	1.0
5	8	7	-5.155742687771739	0.99999987345468	0.4587155963302752	25130.0	923.0	865.0	48.0	17.0	1868.0	107.0	34.0	57.0	847.0	12.0	37.0	21.0	33.0	1.0
7	5	8	0.9280336837989127	0.17669503016772192	0.8676470588235294	25130.0	865.0	1868.0	57.0	37.0	923.0	48.0	17.0	107.0	847.0	21.0	34.0	33.0	12.0	1.0
5	7	9	0.0	0.49999999949999996	nan	25937.0	58.0	984.0	4.0	0.0	1953.0	4.0	5.0	917.0	57.0	1.0	79.0	0.0	1.0	0.0
5	9	7	-320.79550041485624	1.0	0.5	25937.0	984.0	58.0	4.0	0.0	1953.0	917.0	79.0	4.0	57.0	0.0	5.0	1.0	1.0	0.0
7	5	9	0.0	0.49999999949999996	nan	25937.0	58.0	1953.0	4.0	5.0	984.0	4.0	0.0	917.0	57.0	1.0	79.0	1.0	0.0	0.0
5	8	9	1.2592385199548564	0.10397216479788329	0.9953379953379954	26000.0	53.0	921.0	7.0	2.0	2003.0	3.0	3.0	857.0	57.0	2.0	89.0	1.0	2.0	0.0
5	9	8	-267.58818549040745	1.0	0.5011737089201878	26000.0	921.0	53.0	7.0	2.0	2003.0	857.0	89.0	3.0	57.0	1.0	3.0	2.0	2.0	0.0
8	5	9	-1.2533404472618592	0.8949590141665256	1.0047281323877069	26000.0	53.0	2003.0	3.0	3.0	921.0	7.0	2.0	857.0	57.0	2.0	89.0	2.0	1.0	0.0
6	7	8	-0.5363835832669118	0.7041532828925806	1.0049019607843137	26615.0	938.0	420.0	14.0	6.0	383.0	17.0	4.0	632.0	905.0	38.0	12.0	6.0	9.0	1.0
6	8	7	-110.49501815298416	1.0	0.49878345498783455	26615.0	420.0	938.0	14.0	6.0	383.0	632.0	12.0	17.0	905.0	6.0	4.0	38.0	9.0	1.0
7	6	8	0.5390000885511407	0.29494337504329216	0.9951690821256038	26615.0	938.0	383.0	17.0	4.0	420.0	14.0	6.0	632.0	905.0	38.0	12.0	9.0	6.0	1.0
6	7	9	0.0	0.49999999949999996	nan	27487.0	66.0	439.0	1.0	0.0	403.0	1.0	0.0	1513.0	61.0	1.0	28.0	0.0	0.0	0.0
6	9	7	-1043.3791257256623	1.0	0.5	27487.0	439.0	66.0	1.0	0.0	403.0	1513.0	28.0	1.0	61.0	0.0	0.0	1.0	0.0	0.0
7	6	9	0.0	0.49999999949999996	nan	27487.0	66.0	403.0	1.0	0.0	439.0	1.0	0.0	1513.0	61.0	1.0	28.0	0.0	0.0	0.0
6	8	9	1.8742486518956234	0.030448017231835323	0.9942594718714122	26977.0	58.0	949.0	6.0	3.0	1026.0	1.0	0.0	867.0	60.0	1.0	51.0	1.0	0.0	0.0
6	9	8	-322.74561785642624	1.0	0.5014475969889982	26977.0	949.0	58.0	6.0	3.0	1026.0	867.0	51.0	1.0	60.0	1.0	0.0	1.0	0.0	0.0
8	6	9	-1.8634273548292517	0.9687989799375263	1.0058411214953271	26977.0	58.0	1026.0	1.0	0.0	949.0	6.0	3.0	867.0	60.0	1.0	51.0	0.0	1.0	0.0
7	8	9	1.6569983963601556	0.048759882218200934	0.9942594718714122	26941.0	57.0	949.0	7.0	3.0	1062.0	2.0	0.0	868.0	59.0	1.0	50.0	1.0	0.0	0.0
7	9	8	-285.3351238532214	1.0	0.5014475969889982	26941.0	949.0	57.0	7.0	3.0	1062.0	868.0	50.0	2.0	59.0	1.0	0.0	1.0	0.0	0.0
8	7	9	-1.6474314310232032	0.9502653149791636	1.0058411214953271	26941.0	57.0	1062.0	2.0	0.0	949.0	7.0	3.0	868.0	59.0	1.0	50.0	0.0	1.0	0.0
