P1	Hybrid	P2	Zscore	Pvalue	Gamma	AAAA	AAAB	AABA	AABB	AABC	ABAA	ABAB	ABAC	ABBA	BAAA	ABBC	CABC	BACA	BCAA	ABCD
1	2	3	3.8646128115126177	5.5653705961722366e-05	0.934435261707989	69690.0	3908.0	5658.0	558.0	189.0	11629.0	439.0	363.0	2135.0	3987.0	228.0	676.0	180.0	340.0	20.0
1	3	2	-51.21423868702021	1.0	0.5181790406355026	69690.0	5658.0	3908.0	558.0	189.0	11629.0	2135.0	676.0	439.0	3987.0	180.0	363.0	228.0	340.0	20.0
2	1	3	-3.5934518890067215	0.999836799447674	1.0816186556927299	69690.0	3908.0	11629.0	439.0	363.0	5658.0	558.0	189.0	2135.0	3987.0	228.0	676.0	340.0	180.0	20.0
1	2	4	0.8185638551485823	0.20651759251228752	0.9843373493975903	69609.0	3989.0	5698.0	525.0	182.0	11608.0	499.0	324.0	2133.0	3980.0	237.0	682.0	180.0	327.0	27.0
1	4	2	-50.62502611842007	1.0	0.5040098704503393	69609.0	5698.0	3989.0	525.0	182.0	11608.0	2133.0	682.0	499.0	3980.0	180.0	324.0	237.0	327.0	27.0
2	1	4	-0.805538971284529	0.7897456953057735	1.0164348925410873	69609.0	3989.0	11608.0	499.0	324.0	5698.0	525.0	182.0	2133.0	3980.0	237.0	682.0	327.0	180.0	27.0
1	2	5	0.10685968199126135	0.4574500969287103	0.9988004798080767	70584.0	3014.0	5867.0	396.0	142.0	11775.0	393.0	263.0	2891.0	3257.0	202.0	786.0	147.0	266.0	17.0
1	5	2	-88.87163552273081	1.0	0.5003004205888244	70584.0	5867.0	3014.0	396.0	142.0	11775.0	2891.0	786.0	393.0	3257.0	147.0	263.0	202.0	266.0	17.0
2	1	5	-0.10673134770544317	0.5424989963199927	1.0012038523274478	70584.0	3014.0	11775.0	393.0	263.0	5867.0	396.0	142.0	2891.0	3257.0	202.0	786.0	266.0	147.0	17.0
1	2	6	1.2586043308326937	0.1040867097146686	0.9903527283690081	71187.0	2411.0	5957.0	342.0	106.0	11885.0	310.0	236.0	3595.0	2580.0	175.0	855.0	117.0	225.0	19.0
1	6	2	-127.94499650621106	1.0	0.5024472315692873	71187.0	5957.0	2411.0	342.0	106.0	11885.0	3595.0	855.0	310.0	2580.0	117.0	236.0	175.0	225.0	19.0
2	1	6	-1.2463439537895744	0.8936808577023274	1.0099348028562558	71187.0	2411.0	11885.0	310.0	236.0	5957.0	342.0	106.0	3595.0	2580.0	175.0	855.0	225.0	117.0	19.0
1	2	7	0.8280009682955944	0.2038349227210493	0.993628640776699	71164.0	2434.0	5964.0	334.0	107.0	11892.0	313.0	226.0	3588.0	2586.0	176.0	857.0	118.0	224.0	17.0
1	7	2	-128.3007214682791	1.0	0.501608209526727	71164.0	5964.0	2434.0	334.0	107.0	11892.0	3588.0	857.0	313.0	2586.0	118.0	226.0	176.0	224.0	17.0
2	1	7	-0.8226916491095769	0.794658371768874	1.0064955150015467	71164.0	2434.0	11892.0	313.0	226.0	5964.0	334.0	107.0	3588.0	2586.0	176.0	857.0	224.0	118.0	17.0
1	2	8	0.6688596626153093	0.25179243605209445	0.9949479940564636	71212.0	2386.0	5951.0	333.0	121.0	11907.0	316.0	208.0	3664.0	2514.0	172.0	872.0	111.0	215.0	18.0
1	8	2	-131.0571491865644	1.0	0.5012726456056296	71212.0	5951.0	2386.0	333.0	121.0	11907.0	3664.0	872.0	316.0	2514.0	111.0	208.0	172.0	215.0	18.0
2	1	8	-0.665463421795578	0.7471229993549624	1.0051297525648764	71212.0	2386.0	11907.0	316.0	208.0	5951.0	333.0	121.0	3664.0	2514.0	172.0	872.0	215.0	111.0	18.0
1	2	9	0.9085390745130841	0.18179671351797688	0.9956130223966752	71855.0	1743.0	6088.0	229.0	88.0	12090.0	210.0	131.0	4522.0	1710.0	118.0	972.0	74.0	156.0	14.0
1	9	2	-205.28201299393052	1.0	0.5011040092969203	71855.0	6088.0	1743.0	229.0	88.0	12090.0	4522.0	972.0	210.0	1710.0	74.0	131.0	118.0	156.0	14.0
2	1	9	-0.9045357715409716	0.8171443398917204	1.0044454843238184	71855.0	1743.0	12090.0	210.0	131.0	6088.0	229.0	88.0	4522.0	1710.0	118.0	972.0	156.0	74.0	14.0
1	3	4	-99999.9	1.0	4.727272727272727	71308.0	4040.0	3999.0	542.0	114.0	13563.0	501.0	376.0	449.0	4019.0	138.0	411.0	139.0	380.0	21.0
1	4	3	1.888985009276847	0.02944685379765044	0.3586206896551724	71308.0	3999.0	4040.0	542.0	114.0	13563.0	449.0	411.0	501.0	4019.0	139.0	376.0	138.0	380.0	21.0
3	1	4	-1.4893920265452043	0.9318078837994235	0.6940298507462687	71308.0	4040.0	13563.0	501.0	376.0	3999.0	542.0	114.0	449.0	4019.0	138.0	411.0	380.0	139.0	21.0
1	3	5	0.27903185098472816	0.3901102556077204	0.9900497512437811	72309.0	3039.0	4142.0	419.0	94.0	13720.0	411.0	309.0	1207.0	3281.0	118.0	525.0	105.0	304.0	17.0
1	5	3	-27.48463732199595	1.0	0.5025252525252525	72309.0	4142.0	3039.0	419.0	94.0	13720.0	1207.0	525.0	411.0	3281.0	105.0	309.0	118.0	304.0	17.0
3	1	5	-0.2762275107738264	0.6088132716735983	1.0102564102564102	72309.0	3039.0	13720.0	411.0	309.0	4142.0	419.0	94.0	1207.0	3281.0	118.0	525.0	304.0	105.0	17.0
1	3	6	0.7108368904704991	0.2385925893532388	0.98875	72899.0	2449.0	4245.0	333.0	77.0	13845.0	315.0	280.0	1897.0	2597.0	112.0	593.0	95.0	249.0	14.0
1	6	3	-61.763827594214476	1.0	0.5028607755880483	72899.0	4245.0	2449.0	333.0	77.0	13845.0	1897.0	593.0	315.0	2597.0	95.0	280.0	112.0	249.0	14.0
3	1	6	-0.7027489865334139	0.758893972270857	1.0116429495472186	72899.0	2449.0	13845.0	315.0	280.0	4245.0	333.0	77.0	1897.0	2597.0	112.0	593.0	249.0	95.0	14.0
1	3	7	0.3135786453221309	0.37692060923793935	0.9949206349206349	72886.0	2462.0	4242.0	331.0	82.0	13852.0	323.0	265.0	1890.0	2599.0	117.0	595.0	95.0	246.0	15.0
1	7	3	-61.108638507150445	1.0	0.50127959053103	72886.0	4242.0	2462.0	331.0	82.0	13852.0	1890.0	595.0	323.0	2599.0	95.0	265.0	117.0	246.0	15.0
3	1	7	-0.31197773328474926	0.6224712082539954	1.005157962604771	72886.0	2462.0	13852.0	323.0	265.0	4242.0	331.0	82.0	1890.0	2599.0	117.0	595.0	246.0	95.0	15.0
1	3	8	0.19300807850222743	0.4234763401000059	0.9969879518072289	72930.0	2418.0	4233.0	339.0	83.0	13853.0	334.0	253.0	1989.0	2518.0	99.0	601.0	89.0	250.0	11.0
1	8	3	-63.692665905734856	1.0	0.5007564296520424	72930.0	4233.0	2418.0	339.0	83.0	13853.0	1989.0	601.0	334.0	2518.0	89.0	253.0	99.0	250.0	11.0
3	1	8	-0.1924249725248793	0.5762953146895928	1.0030395136778116	72930.0	2418.0	13853.0	334.0	253.0	4233.0	339.0	83.0	1989.0	2518.0	99.0	601.0	250.0	89.0	11.0
1	3	9	1.288497926461544	0.09878641347041439	0.9897025171624714	73582.0	1766.0	4361.0	235.0	59.0	14078.0	208.0	154.0	2803.0	1726.0	77.0	703.0	60.0	176.0	12.0
1	9	3	-122.5504694501202	1.0	0.5026147588611273	73582.0	4361.0	1766.0	235.0	59.0	14078.0	2803.0	703.0	208.0	1726.0	60.0	154.0	77.0	176.0	12.0
3	1	9	-1.2750915896544297	0.8988615183426462	1.010625737898465	73582.0	1766.0	14078.0	208.0	154.0	4361.0	235.0	59.0	2803.0	1726.0	77.0	703.0	176.0	60.0	12.0
1	4	5	-0.8502878152537934	0.8024175018312463	1.030902348578492	72255.0	3052.0	4196.0	406.0	94.0	13698.0	431.0	294.0	1265.0	3270.0	124.0	489.0	96.0	315.0	15.0
1	5	4	-29.21588933212032	1.0	0.49261665682220906	72255.0	4196.0	3052.0	406.0	94.0	13698.0	1265.0	489.0	431.0	3270.0	96.0	294.0	124.0	315.0	15.0
4	1	5	0.8757760591163173	0.19057585579938385	0.9717194570135747	72255.0	3052.0	13698.0	431.0	294.0	4196.0	406.0	94.0	1265.0	3270.0	124.0	489.0	315.0	96.0	15.0
1	4	6	0.786487510502996	0.2157909038697342	0.9878787878787879	72863.0	2444.0	4281.0	337.0	78.0	13826.0	317.0	280.0	1947.0	2601.0	111.0	562.0	89.0	251.0	13.0
1	6	4	-63.312244595491116	1.0	0.5030864197530864	72863.0	4281.0	2444.0	337.0	78.0	13826.0	1947.0	562.0	317.0	2601.0	89.0	280.0	111.0	251.0	13.0
4	1	6	-0.7768373569998919	0.7813726976656955	1.0125786163522013	72863.0	2444.0	13826.0	317.0	280.0	4281.0	337.0	78.0	1947.0	2601.0	111.0	562.0	251.0	89.0	13.0
1	4	7	0.429220206501823	0.33388152558524187	0.9932515337423313	72845.0	2462.0	4283.0	336.0	77.0	13829.0	325.0	269.0	1944.0	2603.0	112.0	564.0	89.0	248.0	14.0
1	7	4	-62.744190186811785	1.0	0.5017043693833282	72845.0	4283.0	2462.0	336.0	77.0	13829.0	1944.0	564.0	325.0	2603.0	89.0	269.0	112.0	248.0	14.0
4	1	7	-0.4263039481500503	0.6650567719421498	1.0068879148403256	72845.0	2462.0	13829.0	325.0	269.0	4283.0	336.0	77.0	1944.0	2603.0	112.0	564.0	248.0	89.0	14.0
1	4	8	0.6967469439128029	0.2429805186592987	0.9895165987186954	72886.0	2421.0	4277.0	346.0	73.0	13853.0	328.0	242.0	2027.0	2529.0	103.0	563.0	84.0	255.0	13.0
1	8	4	-65.06842292874559	1.0	0.502662721893491	72886.0	4277.0	2421.0	346.0	73.0	13853.0	2027.0	563.0	328.0	2529.0	84.0	242.0	103.0	255.0	13.0
4	1	8	-0.6893652811756454	0.7547033551183326	1.010823812387252	72886.0	2421.0	13853.0	328.0	242.0	4277.0	346.0	73.0	2027.0	2529.0	103.0	563.0	255.0	84.0	13.0
1	4	9	0.7562866578422952	0.2247386056223346	0.9939622641509434	73542.0	1765.0	4401.0	233.0	62.0	14056.0	217.0	150.0	2851.0	1727.0	81.0	677.0	50.0	180.0	8.0
1	9	4	-123.74740438944558	1.0	0.5015232292460015	73542.0	4401.0	1765.0	233.0	62.0	14056.0	2851.0	677.0	217.0	1727.0	50.0	150.0	81.0	180.0	8.0
4	1	9	-0.7516926614393049	0.7738821154333353	1.0061491160645657	73542.0	1765.0	14056.0	217.0	150.0	4401.0	233.0	62.0	2851.0	1727.0	81.0	677.0	180.0	50.0	8.0
1	5	6	0.8835636994885983	0.18846585578975683	0.9727047146401985	73980.0	2471.0	3164.0	329.0	59.0	14854.0	307.0	291.0	1091.0	2633.0	73.0	390.0	67.0	281.0	10.0
1	6	5	-30.603433591377847	1.0	0.5071151358344114	73980.0	3164.0	2471.0	329.0	59.0	14854.0	1091.0	390.0	307.0	2633.0	67.0	291.0	73.0	281.0	10.0
5	1	6	-0.8587698201662141	0.8047662831378353	1.0297297297297296	73980.0	2471.0	14854.0	307.0	291.0	3164.0	329.0	59.0	1091.0	2633.0	73.0	390.0	281.0	67.0	10.0
1	5	7	1.2781210656213815	0.10060343985344533	0.9601494396014943	73970.0	2481.0	3158.0	341.0	53.0	14869.0	309.0	274.0	1080.0	2638.0	79.0	388.0	70.0	278.0	12.0
1	7	5	-29.51660835919377	1.0	0.5105960264900662	73970.0	3158.0	2481.0	341.0	53.0	14869.0	1080.0	388.0	309.0	2638.0	70.0	274.0	79.0	278.0	12.0
5	1	7	-1.2250732392920893	0.8897261192965069	1.0452616690240453	73970.0	2481.0	14869.0	309.0	274.0	3158.0	341.0	53.0	1080.0	2638.0	79.0	388.0	278.0	70.0	12.0
1	5	8	-0.15723705822671188	0.5624709991843873	1.0046893317702228	73987.0	2464.0	3176.0	320.0	56.0	14868.0	324.0	260.0	1181.0	2553.0	63.0	394.0	64.0	277.0	13.0
1	8	5	-33.845276783299646	1.0	0.4988358556461001	73987.0	3176.0	2464.0	320.0	56.0	14868.0	1181.0	394.0	324.0	2553.0	64.0	260.0	63.0	277.0	13.0
5	1	8	0.15797095348097892	0.4372398333451981	0.9953757225433526	73987.0	2464.0	14868.0	324.0	260.0	3176.0	320.0	56.0	1181.0	2553.0	63.0	394.0	277.0	64.0	13.0
1	5	9	2.134995613332114	0.01638062603661483	0.9755434782608695	74684.0	1767.0	3259.0	249.0	44.0	15083.0	204.0	165.0	1999.0	1754.0	44.0	502.0	36.0	201.0	9.0
1	9	5	-83.02760718513774	1.0	0.5063469675599436	74684.0	3259.0	1767.0	249.0	44.0	15083.0	1999.0	502.0	204.0	1754.0	36.0	165.0	44.0	201.0	9.0
5	1	9	-2.0814720464240666	0.9813047042727732	1.0263929618768328	74684.0	1767.0	15083.0	204.0	165.0	3259.0	249.0	44.0	1999.0	1754.0	44.0	502.0	201.0	36.0	9.0
1	6	7	-99999.9	1.0	-0.005446166736489317	76736.0	408.0	392.0	2451.0	16.0	16238.0	51.0	46.0	38.0	2959.0	10.0	61.0	7.0	586.0	1.0
1	7	6	1.37984142879875	0.08381779521112298	0.0053586150041220115	76736.0	392.0	408.0	2451.0	16.0	16238.0	38.0	61.0	51.0	2959.0	7.0	46.0	10.0	586.0	1.0
6	1	7	-254.73995608592293	1.0	0.501350509038022	76736.0	408.0	16238.0	51.0	46.0	392.0	2451.0	16.0	38.0	2959.0	10.0	61.0	586.0	7.0	1.0
1	6	8	0.8628097739846704	0.19412098979727832	0.7752808988764045	74685.0	2459.0	2478.0	342.0	39.0	15742.0	322.0	271.0	391.0	2571.0	45.0	310.0	48.0	289.0	8.0
1	8	6	-2.113883946262446	0.9827374705184933	0.5847457627118644	74685.0	2478.0	2459.0	342.0	39.0	15742.0	391.0	310.0	322.0	2571.0	48.0	271.0	45.0	289.0	8.0
6	1	8	-0.6127199844238966	0.7299692992396478	1.689655172413793	74685.0	2459.0	15742.0	322.0	271.0	2478.0	342.0	39.0	391.0	2571.0	45.0	310.0	289.0	48.0	8.0
1	6	9	1.5422228301963312	0.061509744280545786	0.9692898272552783	75354.0	1790.0	2589.0	237.0	33.0	15963.0	205.0	167.0	1215.0	1756.0	36.0	406.0	33.0	207.0	9.0
1	9	6	-47.134185247875386	1.0	0.5080482897384306	75354.0	2589.0	1790.0	237.0	33.0	15963.0	1215.0	406.0	205.0	1756.0	33.0	167.0	36.0	207.0	9.0
6	1	9	-1.4933603246851606	0.932328522102905	1.0338266384778012	75354.0	1790.0	15963.0	205.0	167.0	2589.0	237.0	33.0	1215.0	1756.0	36.0	406.0	207.0	33.0	9.0
1	7	8	1.2639528982676513	0.10312353552229059	0.7314814814814815	74672.0	2456.0	2491.0	346.0	38.0	15751.0	317.0	269.0	396.0	2574.0	47.0	296.0	50.0	287.0	10.0
1	8	7	-2.1792291349442285	0.9853427262766442	0.6124031007751938	74672.0	2491.0	2456.0	346.0	38.0	15751.0	396.0	296.0	317.0	2574.0	50.0	269.0	47.0	287.0	10.0
7	1	8	-0.7999701887769948	0.7881360252540164	2.3809523809523814	74672.0	2456.0	15751.0	317.0	269.0	2491.0	346.0	38.0	396.0	2574.0	47.0	296.0	287.0	50.0	10.0
1	7	9	1.9366572041973384	0.026393561906889906	0.9622641509433962	75341.0	1787.0	2602.0	240.0	33.0	15971.0	200.0	166.0	1220.0	1761.0	36.0	393.0	33.0	208.0	9.0
1	9	7	-47.448101502834746	1.0	0.51	75341.0	2602.0	1787.0	240.0	33.0	15971.0	1220.0	393.0	200.0	1761.0	33.0	166.0	36.0	208.0	9.0
7	1	9	-1.8607098628562662	0.9686074816442266	1.0425531914893618	75341.0	1787.0	15971.0	200.0	166.0	2602.0	240.0	33.0	1220.0	1761.0	36.0	393.0	208.0	33.0	9.0
1	8	9	2.0375213636296783	0.020798844001160388	0.9570112589559877	75376.0	1787.0	2567.0	241.0	32.0	16078.0	199.0	166.0	1134.0	1774.0	33.0	372.0	21.0	210.0	10.0
1	9	8	-43.32158518384052	1.0	0.5114879649890591	75376.0	2567.0	1787.0	241.0	32.0	16078.0	1134.0	372.0	199.0	1774.0	21.0	166.0	33.0	210.0	10.0
8	1	9	-1.9459963398088795	0.9741724790043513	1.0493537015276146	75376.0	1787.0	16078.0	199.0	166.0	2567.0	241.0	32.0	1134.0	1774.0	33.0	372.0	210.0	21.0	10.0
2	3	4	0.03812833599986714	0.4847926188411409	0.9782608695652174	76979.0	4340.0	4238.0	352.0	120.0	7892.0	351.0	226.0	396.0	4345.0	144.0	225.0	136.0	244.0	12.0
2	4	3	-1.6776467839941505	0.9532919863564079	0.5056179775280899	76979.0	4238.0	4340.0	352.0	120.0	7892.0	396.0	225.0	351.0	4345.0	136.0	226.0	144.0	244.0	12.0
3	2	4	-0.037281039644314534	0.5148695983614207	1.0232558139534884	76979.0	4340.0	7892.0	351.0	226.0	4238.0	352.0	120.0	396.0	4345.0	144.0	225.0	244.0	136.0	12.0
2	3	5	-0.5933524727749236	0.7235274011535358	1.014957264957265	78016.0	3303.0	4343.0	267.0	100.0	8013.0	281.0	175.0	1231.0	3534.0	120.0	300.0	104.0	203.0	10.0
2	5	3	-40.85655598250189	1.0	0.49634273772204807	78016.0	4343.0	3303.0	267.0	100.0	8013.0	1231.0	300.0	281.0	3534.0	104.0	175.0	120.0	203.0	10.0
3	2	5	0.6020966144789751	0.2735548652424087	0.9856850715746421	78016.0	3303.0	8013.0	281.0	175.0	4343.0	267.0	100.0	1231.0	3534.0	120.0	300.0	203.0	104.0	10.0
2	3	6	-1.6319846039173564	0.9486586452780095	1.0202260559190959	78643.0	2676.0	4429.0	195.0	86.0	8101.0	229.0	139.0	1944.0	2826.0	115.0	362.0	92.0	158.0	5.0
2	6	3	-83.95120800739583	1.0	0.49509237875288686	78643.0	4429.0	2676.0	195.0	86.0	8101.0	1944.0	362.0	229.0	2826.0	92.0	139.0	115.0	158.0	5.0
3	2	6	1.6643388176393332	0.04802235006660238	0.9809310151430174	78643.0	2676.0	8101.0	229.0	139.0	4429.0	195.0	86.0	1944.0	2826.0	115.0	362.0	158.0	92.0	5.0
2	3	7	-1.586444025307448	0.9436806861436559	1.019642857142857	78631.0	2688.0	4425.0	195.0	90.0	8107.0	228.0	134.0	1941.0	2823.0	121.0	361.0	93.0	158.0	5.0
2	7	3	-83.9373111571759	1.0	0.49522983521248914	78631.0	4425.0	2688.0	195.0	90.0	8107.0	1941.0	361.0	228.0	2823.0	93.0	134.0	121.0	158.0	5.0
3	2	7	1.6170059942713395	0.05293848793520228	0.9814502529510961	78631.0	2688.0	8107.0	228.0	134.0	4425.0	195.0	90.0	1941.0	2823.0	121.0	361.0	158.0	93.0	5.0
2	3	8	-1.252307014200232	0.8947709244028607	1.0146067415730338	78696.0	2623.0	4423.0	199.0	88.0	8087.0	225.0	157.0	2031.0	2750.0	104.0	369.0	87.0	158.0	3.0
2	8	3	-88.23947884672394	1.0	0.49642660802638816	78696.0	4423.0	2623.0	199.0	88.0	8087.0	2031.0	369.0	225.0	2750.0	87.0	157.0	104.0	158.0	3.0
3	2	8	1.2703357973504015	0.10198258980470354	0.9860064585575888	78696.0	2623.0	8087.0	225.0	157.0	4423.0	199.0	88.0	2031.0	2750.0	104.0	369.0	158.0	87.0	3.0
2	3	9	-0.23386843105183674	0.5924563919949879	1.0014471780028944	79438.0	1881.0	4507.0	144.0	59.0	8222.0	148.0	99.0	2916.0	1886.0	83.0	444.0	61.0	107.0	5.0
2	9	3	-162.0708227189235	1.0	0.49963898916967503	79438.0	4507.0	1881.0	144.0	59.0	8222.0	2916.0	444.0	148.0	1886.0	61.0	99.0	83.0	107.0	5.0
3	2	9	0.23420639121231632	0.4074124239531012	0.9985590778097982	79438.0	1881.0	8222.0	148.0	99.0	4507.0	144.0	59.0	2916.0	1886.0	83.0	444.0	107.0	61.0	5.0
2	4	5	-1.0047496911266984	0.8424912911731429	1.0273972602739727	77904.0	3313.0	4455.0	265.0	92.0	8049.0	289.0	175.0	1189.0	3523.0	120.0	306.0	107.0	203.0	10.0
2	5	4	-38.68286310837785	1.0	0.4934210526315789	77904.0	4455.0	3313.0	265.0	92.0	8049.0	1189.0	306.0	289.0	3523.0	107.0	175.0	120.0	203.0	10.0
4	2	5	1.0315430162234103	0.15114314521585914	0.9746835443037974	77904.0	3313.0	8049.0	289.0	175.0	4455.0	265.0	92.0	1189.0	3523.0	120.0	306.0	203.0	107.0	10.0
2	4	6	-0.7925163979262532	0.7859702444464247	1.0102905569007263	78557.0	2660.0	4515.0	219.0	78.0	8132.0	236.0	145.0	1905.0	2816.0	111.0	370.0	95.0	154.0	7.0
2	6	4	-78.59897922962718	1.0	0.4974664679582712	78557.0	4515.0	2660.0	219.0	78.0	8132.0	1905.0	370.0	236.0	2816.0	95.0	145.0	111.0	154.0	7.0
4	2	6	0.8005887638727758	0.21168481897008906	0.9900176159718145	78557.0	2660.0	8132.0	236.0	145.0	4515.0	219.0	78.0	1905.0	2816.0	111.0	370.0	154.0	95.0	7.0
2	4	7	-0.7925085203731483	0.7859679487411366	1.0103092783505154	78538.0	2679.0	4518.0	219.0	75.0	8136.0	236.0	141.0	1902.0	2814.0	116.0	371.0	94.0	154.0	7.0
2	7	4	-78.45834351694164	1.0	0.49746192893401014	78538.0	4518.0	2679.0	219.0	75.0	8136.0	1902.0	371.0	236.0	2814.0	94.0	141.0	116.0	154.0	7.0
4	2	7	0.800595342009609	0.21168291424357077	0.99	78538.0	2679.0	8136.0	236.0	141.0	4518.0	219.0	75.0	1902.0	2814.0	116.0	371.0	154.0	94.0	7.0
2	4	8	-0.04665756275989196	0.5186069890690261	1.000570125427594	78617.0	2600.0	4502.0	229.0	81.0	8122.0	230.0	161.0	1985.0	2746.0	101.0	380.0	86.0	155.0	5.0
2	8	4	-81.93068020637004	1.0	0.4998575904300769	78617.0	4502.0	2600.0	229.0	81.0	8122.0	1985.0	380.0	230.0	2746.0	86.0	161.0	101.0	155.0	5.0
4	2	8	0.04668414826573806	0.4813824163807283	0.9994308480364257	78617.0	2600.0	8122.0	230.0	161.0	4502.0	229.0	81.0	1985.0	2746.0	101.0	380.0	155.0	86.0	5.0
2	4	9	-0.5077321871030994	0.6941794193567025	1.0033432392273403	79346.0	1871.0	4599.0	152.0	61.0	8252.0	161.0	100.0	2862.0	1884.0	86.0	468.0	50.0	104.0	4.0
2	9	4	-152.88380300548909	1.0	0.49916836074662724	79346.0	4599.0	1871.0	152.0	61.0	8252.0	2862.0	468.0	161.0	1884.0	50.0	100.0	86.0	104.0	4.0
4	2	9	0.5094240011289891	0.30522752176974866	0.99668995954395	79346.0	1871.0	8252.0	161.0	100.0	4599.0	152.0	61.0	2862.0	1884.0	86.0	468.0	104.0	50.0	4.0
2	5	6	-1.2020322666040049	0.8853244214755306	1.0354706684856754	79678.0	2681.0	3394.0	212.0	64.0	9156.0	238.0	150.0	997.0	2847.0	75.0	254.0	62.0	184.0	8.0
2	6	5	-36.292128049390115	1.0	0.49158031088082904	79678.0	3394.0	2681.0	212.0	64.0	9156.0	997.0	254.0	238.0	2847.0	62.0	150.0	75.0	184.0	8.0
5	2	6	1.2432086024824032	0.10689555505412807	0.967940813810111	79678.0	2681.0	9156.0	238.0	150.0	3394.0	212.0	64.0	997.0	2847.0	75.0	254.0	184.0	62.0	8.0
2	5	7	-0.23206013273527754	0.5917542994307875	1.0066577896138482	79673.0	2686.0	3383.0	228.0	59.0	9166.0	233.0	145.0	989.0	2847.0	83.0	254.0	64.0	182.0	8.0
2	7	5	-35.31955220230914	1.0	0.4983520105471325	79673.0	3383.0	2686.0	228.0	59.0	9166.0	989.0	254.0	233.0	2847.0	64.0	145.0	83.0	182.0	8.0
5	2	7	0.23359492197294474	0.4076497820427304	0.9934725848563969	79673.0	2686.0	9166.0	233.0	145.0	3383.0	228.0	59.0	989.0	2847.0	83.0	254.0	182.0	64.0	8.0
2	5	8	-1.3420520140447	0.9102103703488315	1.035279805352798	79719.0	2640.0	3400.0	210.0	60.0	9136.0	239.0	169.0	1090.0	2762.0	67.0	261.0	61.0	178.0	8.0
2	8	5	-40.72433697790808	1.0	0.49162333911034084	79719.0	3400.0	2640.0	210.0	60.0	9136.0	1090.0	261.0	239.0	2762.0	61.0	169.0	67.0	178.0	8.0
5	2	8	1.3877858664622047	0.08260118683728834	0.9680968096809681	79719.0	2640.0	9136.0	239.0	169.0	3400.0	210.0	60.0	1090.0	2762.0	67.0	261.0	178.0	61.0	8.0
2	5	9	1.144869504172928	0.12613166470467174	0.9890770070999454	80477.0	1882.0	3468.0	164.0	38.0	9290.0	144.0	110.0	1955.0	1912.0	52.0	337.0	39.0	128.0	4.0
2	9	5	-102.52306409868581	1.0	0.502776235424764	80477.0	3468.0	1882.0	164.0	38.0	9290.0	1955.0	337.0	144.0	1912.0	39.0	110.0	52.0	128.0	4.0
5	2	9	-1.132225997776761	0.8712302309142075	1.0112930547713157	80477.0	1882.0	9290.0	144.0	110.0	3468.0	164.0	38.0	1955.0	1912.0	52.0	337.0	128.0	39.0	4.0
2	6	7	-99999.9	1.0	-0.0004040404040404041	82624.0	448.0	432.0	2508.0	17.0	10350.0	32.0	25.0	31.0	3106.0	10.0	28.0	6.0	382.0	1.0
2	7	6	0.12591288907033132	0.4499004018922059	0.00040355125100887806	82624.0	432.0	448.0	2508.0	17.0	10350.0	31.0	28.0	32.0	3106.0	6.0	25.0	10.0	382.0	1.0
6	2	7	-311.76031333814194	1.0	0.5001009489198466	82624.0	448.0	10350.0	32.0	25.0	432.0	2508.0	17.0	31.0	3106.0	10.0	28.0	382.0	6.0	1.0
2	6	8	-0.09283140995216839	0.536981312649474	1.021978021978022	80431.0	2641.0	2688.0	226.0	43.0	9996.0	228.0	183.0	321.0	2783.0	43.0	170.0	51.0	193.0	3.0
2	8	6	-4.409491972727989	0.9999948150589641	0.4946808510638298	80431.0	2688.0	2641.0	226.0	43.0	9996.0	321.0	170.0	228.0	2783.0	51.0	183.0	43.0	193.0	3.0
6	2	8	0.09482778435974192	0.4622257486226946	0.979381443298969	80431.0	2641.0	9996.0	228.0	183.0	2688.0	226.0	43.0	321.0	2783.0	43.0	170.0	193.0	51.0	3.0
2	6	9	0.29272717807927207	0.3848654145677257	0.9952380952380953	81171.0	1901.0	2774.0	149.0	34.0	10146.0	144.0	117.0	1189.0	1917.0	41.0	247.0	34.0	134.0	2.0
2	9	6	-60.887253040488694	1.0	0.5011990407673861	81171.0	2774.0	1901.0	149.0	34.0	10146.0	1189.0	247.0	144.0	1917.0	34.0	117.0	41.0	134.0	2.0
6	2	9	-0.29132656957171577	0.6145991484358733	1.0048309178743962	81171.0	1901.0	10146.0	144.0	117.0	2774.0	149.0	34.0	1189.0	1917.0	41.0	247.0	134.0	34.0	2.0
2	7	8	0.39033863598734836	0.34814313174712286	0.9215686274509803	80418.0	2638.0	2701.0	231.0	41.0	10005.0	223.0	181.0	317.0	2783.0	44.0	165.0	56.0	193.0	4.0
2	8	7	-4.196140336864006	0.9999864164501528	0.5222222222222221	80418.0	2701.0	2638.0	231.0	41.0	10005.0	317.0	165.0	223.0	2783.0	56.0	181.0	44.0	193.0	4.0
7	2	8	-0.35711832654161657	0.6394983237754501	1.1025641025641026	80418.0	2638.0	10005.0	223.0	181.0	2701.0	231.0	41.0	317.0	2783.0	44.0	165.0	193.0	56.0	4.0
2	7	9	0.7559451335294455	0.22484097875941722	0.9876777251184834	81162.0	1894.0	2783.0	156.0	34.0	10150.0	143.0	116.0	1185.0	1918.0	41.0	247.0	34.0	135.0	2.0
2	9	7	-59.83596480013851	1.0	0.503138580395944	81162.0	2783.0	1894.0	156.0	34.0	10150.0	1185.0	247.0	143.0	1918.0	34.0	116.0	41.0	135.0	2.0
7	2	9	-0.7465139562397308	0.772321566163134	1.0127952755905512	81162.0	1894.0	10150.0	143.0	116.0	2783.0	156.0	34.0	1185.0	1918.0	41.0	247.0	135.0	34.0	2.0
2	8	9	0.9496528696129282	0.1711443225122733	0.9834368530020704	81220.0	1899.0	2725.0	152.0	33.0	10234.0	136.0	117.0	1086.0	1938.0	38.0	262.0	21.0	135.0	4.0
2	9	8	-55.435986263654726	1.0	0.5042462845010615	81220.0	2725.0	1899.0	152.0	33.0	10234.0	1086.0	262.0	136.0	1938.0	21.0	117.0	38.0	135.0	4.0
8	2	9	-0.9336587160194473	0.8247600327292894	1.0174291938997821	81220.0	1899.0	10234.0	136.0	117.0	2725.0	152.0	33.0	1086.0	1938.0	38.0	262.0	135.0	21.0	4.0
3	4	5	-1.0827396103505582	0.8605379523302488	1.0241492864983535	81401.0	3470.0	4628.0	190.0	99.0	4552.0	212.0	95.0	1145.0	3682.0	114.0	177.0	110.0	119.0	6.0
3	5	4	-47.00074217658104	1.0	0.4941737288135593	81401.0	4628.0	3470.0	190.0	99.0	4552.0	1145.0	177.0	212.0	3682.0	110.0	95.0	114.0	119.0	6.0
4	3	5	1.1082704478936583	0.13387256368340172	0.977482088024565	81401.0	3470.0	4552.0	212.0	95.0	4628.0	190.0	99.0	1145.0	3682.0	114.0	177.0	119.0	110.0	6.0
3	4	6	0.49732011563658224	0.3094816643469691	0.9948600799543118	82076.0	2795.0	4668.0	169.0	80.0	4613.0	160.0	86.0	1902.0	2924.0	115.0	220.0	95.0	96.0	1.0
3	6	4	-95.7617511553552	1.0	0.501294964028777	82076.0	4668.0	2795.0	169.0	80.0	4613.0	1902.0	220.0	160.0	2924.0	95.0	86.0	115.0	96.0	1.0
4	3	6	-0.4947507235351304	0.6896119527636984	1.0052204176334107	82076.0	2795.0	4613.0	160.0	86.0	4668.0	169.0	80.0	1902.0	2924.0	115.0	220.0	96.0	95.0	1.0
3	4	7	0.38778727934548823	0.34908678405213356	0.9959862385321101	82067.0	2804.0	4671.0	167.0	79.0	4607.0	160.0	92.0	1897.0	2924.0	120.0	223.0	92.0	96.0	1.0
3	7	4	-95.83885618109927	1.0	0.5010095183155465	82067.0	4671.0	2804.0	167.0	79.0	4607.0	1897.0	223.0	160.0	2924.0	92.0	92.0	120.0	96.0	1.0
4	3	7	-0.3862245211673544	0.6503347479663016	1.004062681369704	82067.0	2804.0	4607.0	160.0	92.0	4671.0	167.0	79.0	1897.0	2924.0	120.0	223.0	96.0	92.0	1.0
3	4	8	0.8634474542742675	0.19394570680024636	0.9913185024416712	82129.0	2742.0	4654.0	181.0	82.0	4610.0	165.0	84.0	1992.0	2852.0	97.0	221.0	90.0	97.0	4.0
3	8	4	-97.73145873066869	1.0	0.5021990104452997	82129.0	4654.0	2742.0	181.0	82.0	4610.0	1992.0	221.0	165.0	2852.0	90.0	84.0	97.0	97.0	4.0
4	3	8	-0.855885790744772	0.8039695670281536	1.0089136490250696	82129.0	2742.0	4610.0	165.0	84.0	4654.0	181.0	82.0	1992.0	2852.0	97.0	221.0	97.0	90.0	4.0
3	4	9	-0.13011381824248885	0.5517618457009857	1.0007183908045978	82924.0	1947.0	4736.0	117.0	64.0	4674.0	119.0	66.0	2905.0	1959.0	77.0	288.0	59.0	64.0	1.0
3	9	4	-181.37866263002905	1.0	0.49982059562253317	82924.0	4736.0	1947.0	117.0	64.0	4674.0	2905.0	288.0	119.0	1959.0	59.0	66.0	77.0	64.0	1.0
4	3	9	0.13020722371143537	0.448201205307579	0.9992831541218637	82924.0	1947.0	4674.0	119.0	66.0	4736.0	117.0	64.0	2905.0	1959.0	77.0	288.0	64.0	59.0	1.0
3	5	6	0.6650131773461069	0.25302096728870693	0.9853300733496333	83213.0	2816.0	3531.0	171.0	57.0	5621.0	159.0	94.0	965.0	2955.0	84.0	149.0	65.0	117.0	3.0
3	6	5	-44.0017052344007	1.0	0.50375	83213.0	3531.0	2816.0	171.0	57.0	5621.0	965.0	149.0	159.0	2955.0	65.0	94.0	84.0	117.0	3.0
5	3	6	-0.6551122367404576	0.7438023162752944	1.0153452685421995	83213.0	2816.0	5621.0	159.0	94.0	3531.0	171.0	57.0	965.0	2955.0	84.0	149.0	117.0	65.0	3.0
3	5	7	1.661035920213242	0.048353097770804654	0.9639423076923077	83217.0	2812.0	3521.0	183.0	55.0	5622.0	153.0	99.0	955.0	2958.0	91.0	150.0	65.0	116.0	3.0
3	7	5	-42.743991013487445	1.0	0.5095298602287166	83217.0	3521.0	2812.0	183.0	55.0	5622.0	955.0	150.0	153.0	2958.0	65.0	99.0	91.0	116.0	3.0
5	3	7	-1.5989024069883078	0.9450788554869476	1.0404312668463611	83217.0	2812.0	5622.0	153.0	99.0	3521.0	183.0	55.0	955.0	2958.0	91.0	150.0	116.0	65.0	3.0
3	5	8	0.0	0.49999999949999996	nan	83250.0	2779.0	3533.0	167.0	59.0	5605.0	167.0	102.0	1065.0	2873.0	66.0	153.0	67.0	110.0	4.0
3	8	5	-49.1290197405207	1.0	0.5	83250.0	3533.0	2779.0	167.0	59.0	5605.0	1065.0	153.0	167.0	2873.0	67.0	102.0	66.0	110.0	4.0
5	3	8	0.0	0.49999999949999996	nan	83250.0	2779.0	5605.0	167.0	102.0	3533.0	167.0	59.0	1065.0	2873.0	66.0	153.0	110.0	67.0	4.0
3	5	9	1.8249581673753912	0.03400361451429523	0.9851458885941644	84072.0	1957.0	3588.0	133.0	38.0	5695.0	105.0	74.0	1962.0	1991.0	51.0	210.0	41.0	80.0	3.0
3	9	5	-119.2088745760568	1.0	0.5037981551817688	84072.0	3588.0	1957.0	133.0	38.0	5695.0	1962.0	210.0	105.0	1991.0	41.0	74.0	51.0	80.0	3.0
5	3	9	-1.7974412967849165	0.9638672570106845	1.0155469183786785	84072.0	1957.0	5695.0	105.0	74.0	3588.0	133.0	38.0	1962.0	1991.0	51.0	210.0	80.0	41.0	3.0
3	6	7	0.13474304101927745	0.44640749023251003	0.0003924646781789639	86286.0	458.0	452.0	2574.0	18.0	6688.0	27.0	20.0	28.0	3142.0	9.0	11.0	7.0	280.0	0.0
3	7	6	-99999.9	1.0	-0.00039292730844793717	86286.0	452.0	458.0	2574.0	18.0	6688.0	28.0	11.0	27.0	3142.0	7.0	20.0	9.0	280.0	0.0
6	3	7	-343.05578243508154	1.0	0.49990182603573535	86286.0	458.0	6688.0	27.0	20.0	452.0	2574.0	18.0	28.0	3142.0	9.0	11.0	280.0	7.0	0.0
3	6	8	1.4623834450386441	0.07181812174156443	0.7807017543859648	83970.0	2774.0	2813.0	188.0	43.0	6457.0	163.0	115.0	252.0	2888.0	39.0	114.0	56.0	126.0	2.0
3	8	6	-3.7437016192989327	0.999909307823529	0.5816993464052288	83970.0	2813.0	2774.0	188.0	43.0	6457.0	252.0	114.0	163.0	2888.0	56.0	115.0	39.0	126.0	2.0
6	3	8	-1.0516015784547557	0.8535087794325265	1.641025641025641	83970.0	2774.0	6457.0	163.0	115.0	2813.0	188.0	43.0	252.0	2888.0	39.0	114.0	126.0	56.0	2.0
3	6	9	0.8057033113299962	0.2102069111660756	0.9886255924170616	84770.0	1974.0	2890.0	118.0	36.0	6547.0	106.0	82.0	1149.0	1994.0	36.0	171.0	37.0	88.0	2.0
3	9	6	-69.22334283176893	1.0	0.5028929604628737	84770.0	2890.0	1974.0	118.0	36.0	6547.0	1149.0	171.0	106.0	1994.0	37.0	82.0	36.0	88.0	2.0
6	3	9	-0.7964334745745216	0.7871099967171863	1.0117762512266928	84770.0	1974.0	6547.0	106.0	82.0	2890.0	118.0	36.0	1149.0	1994.0	36.0	171.0	88.0	37.0	2.0
3	7	8	1.8902533902527465	0.029361974583000716	0.7333333333333333	83968.0	2770.0	2815.0	190.0	45.0	6455.0	158.0	114.0	246.0	2891.0	39.0	122.0	58.0	126.0	3.0
3	8	7	-3.3079434329423063	0.9995300231421285	0.6111111111111112	83968.0	2815.0	2770.0	190.0	45.0	6455.0	246.0	122.0	158.0	2891.0	58.0	114.0	39.0	126.0	3.0
7	3	8	-1.2028885210699296	0.885490203362711	2.3333333333333335	83968.0	2770.0	6455.0	158.0	114.0	2815.0	190.0	45.0	246.0	2891.0	39.0	122.0	126.0	58.0	3.0
3	7	9	1.2759224398464881	0.10099153759254875	0.9820415879017014	84769.0	1969.0	2891.0	122.0	37.0	6543.0	103.0	81.0	1142.0	1998.0	36.0	182.0	36.0	89.0	2.0
3	9	7	-68.49688887596936	1.0	0.5046138902379795	84769.0	2891.0	1969.0	122.0	37.0	6543.0	1142.0	182.0	103.0	1998.0	36.0	81.0	36.0	89.0	2.0
7	3	9	-1.2525898831986697	0.8948224321207809	1.018981018981019	84769.0	1969.0	6543.0	103.0	81.0	2891.0	122.0	37.0	1142.0	1998.0	36.0	182.0	89.0	36.0	2.0
3	8	9	1.4511067128355688	0.07337511671762642	0.9784836065573771	84806.0	1977.0	2854.0	117.0	34.0	6648.0	96.0	79.0	1051.0	2020.0	36.0	168.0	21.0	88.0	5.0
3	9	8	-64.5396985613534	1.0	0.505558496559026	84806.0	2854.0	1977.0	117.0	34.0	6648.0	1051.0	168.0	96.0	2020.0	21.0	79.0	36.0	88.0	5.0
8	3	9	-1.4191975599878757	0.9220792359213542	1.023001095290252	84806.0	1977.0	6648.0	96.0	79.0	2854.0	117.0	34.0	1051.0	2020.0	36.0	168.0	88.0	21.0	5.0
4	5	6	0.2207052304027008	0.41266101851138703	0.9949367088607595	83142.0	2811.0	3547.0	167.0	63.0	5692.0	163.0	95.0	949.0	2963.0	79.0	149.0	63.0	113.0	4.0
4	6	5	-43.147872543728106	1.0	0.5012755102040817	83142.0	3547.0	2811.0	167.0	63.0	5692.0	949.0	149.0	163.0	2963.0	63.0	95.0	79.0	113.0	4.0
5	4	6	-0.21958204856859037	0.5869016248244535	1.0051413881748072	83142.0	2811.0	5692.0	163.0	95.0	3547.0	167.0	63.0	949.0	2963.0	79.0	149.0	113.0	63.0	4.0
4	5	7	1.2683777022947726	0.10233161903736288	0.9714640198511166	83138.0	2815.0	3536.0	180.0	61.0	5701.0	157.0	92.0	940.0	2966.0	85.0	150.0	64.0	111.0	4.0
4	7	5	-41.911611032349	1.0	0.5074530136098508	83138.0	3536.0	2815.0	180.0	61.0	5701.0	940.0	150.0	157.0	2966.0	64.0	92.0	85.0	111.0	4.0
5	4	7	-1.2311201197241728	0.8908609615468194	1.0312075983717774	83138.0	2815.0	5701.0	157.0	92.0	3536.0	180.0	61.0	940.0	2966.0	85.0	150.0	111.0	64.0	4.0
4	5	8	-1.1826082225901002	0.8815177114232615	1.026284348864994	83178.0	2775.0	3561.0	157.0	59.0	5677.0	179.0	94.0	1038.0	2886.0	67.0	152.0	65.0	107.0	5.0
4	8	5	-47.358083822812596	1.0	0.49367816091954025	83178.0	3561.0	2775.0	157.0	59.0	5677.0	1038.0	152.0	179.0	2886.0	65.0	94.0	67.0	107.0	5.0
5	4	8	1.2128962096645848	0.11258481869623915	0.9756367663344407	83178.0	2775.0	5677.0	179.0	94.0	3561.0	157.0	59.0	1038.0	2886.0	67.0	152.0	107.0	65.0	5.0
4	5	9	1.9188270989786553	0.027503042259960475	0.9844420600858368	83994.0	1959.0	3604.0	130.0	43.0	5773.0	101.0	76.0	1936.0	2003.0	52.0	220.0	36.0	71.0	2.0
4	9	5	-119.49661175018798	1.0	0.5039824224114254	83994.0	3604.0	1959.0	130.0	43.0	5773.0	1936.0	220.0	101.0	2003.0	36.0	76.0	52.0	71.0	2.0
5	4	9	-1.8885023110383932	0.9705207908872187	1.016319639842431	83994.0	1959.0	5773.0	101.0	76.0	3604.0	130.0	43.0	1936.0	2003.0	52.0	220.0	71.0	36.0	2.0
4	6	7	-99999.9	1.0	-0.0007858546168958742	86224.0	465.0	450.0	2573.0	18.0	6750.0	26.0	14.0	24.0	3155.0	10.0	17.0	6.0	268.0	0.0
4	7	6	0.28266226600640715	0.38871793784390885	0.0007840062720501764	86224.0	450.0	465.0	2573.0	18.0	6750.0	24.0	17.0	26.0	3155.0	6.0	14.0	10.0	268.0	0.0
6	4	7	-359.97039575915863	1.0	0.5001962323390895	86224.0	465.0	6750.0	26.0	14.0	450.0	2573.0	18.0	24.0	3155.0	10.0	17.0	268.0	6.0	0.0
4	6	8	0.21640980289578832	0.4143341992764584	0.9473684210526315	83921.0	2768.0	2818.0	182.0	41.0	6506.0	178.0	106.0	250.0	2897.0	42.0	111.0	55.0	123.0	2.0
4	8	6	-3.678966649228412	0.9998828777795448	0.5142857142857143	83921.0	2818.0	2768.0	182.0	41.0	6506.0	250.0	111.0	178.0	2897.0	55.0	106.0	42.0	123.0	2.0
6	4	8	-0.20438703606824457	0.5809744418962899	1.0625	83921.0	2768.0	6506.0	178.0	106.0	2818.0	182.0	41.0	250.0	2897.0	42.0	111.0	123.0	55.0	2.0
4	6	9	0.9971306635371221	0.15935055422579592	0.9859022556390977	84715.0	1974.0	2883.0	122.0	36.0	6602.0	107.0	81.0	1156.0	1997.0	36.0	171.0	36.0	81.0	3.0
4	9	6	-68.73554040649225	1.0	0.5036005760921748	84715.0	2883.0	1974.0	122.0	36.0	6602.0	1156.0	171.0	107.0	1997.0	36.0	81.0	36.0	81.0	3.0
6	4	9	-0.9828723604360192	0.8371648654559416	1.014720314033366	84715.0	1974.0	6602.0	107.0	81.0	2883.0	122.0	36.0	1156.0	1997.0	36.0	171.0	81.0	36.0	3.0
4	7	8	0.7984384015575429	0.21230800263788108	0.8390804597701149	83911.0	2763.0	2828.0	186.0	42.0	6512.0	172.0	107.0	245.0	2900.0	42.0	110.0	58.0	121.0	3.0
4	8	7	-3.364847549421069	0.9996170161314364	0.553030303030303	83911.0	2828.0	2763.0	186.0	42.0	6512.0	245.0	110.0	172.0	2900.0	58.0	107.0	42.0	121.0	3.0
7	4	8	-0.6453132286560961	0.7406379504190533	1.3111111111111111	83911.0	2763.0	6512.0	172.0	107.0	2828.0	186.0	42.0	245.0	2900.0	42.0	110.0	121.0	58.0	3.0
4	7	9	1.6032985802319955	0.054434373500599875	0.9775700934579439	84703.0	1971.0	2895.0	126.0	35.0	6609.0	102.0	80.0	1148.0	2002.0	37.0	172.0	36.0	81.0	3.0
4	9	7	-68.27379787487912	1.0	0.5058027079303674	84703.0	2895.0	1971.0	126.0	35.0	6609.0	1148.0	172.0	102.0	2002.0	36.0	80.0	37.0	81.0	3.0
7	4	9	-1.56651161471998	0.9413855443244326	1.0240480961923848	84703.0	1971.0	6609.0	102.0	80.0	2895.0	126.0	35.0	1148.0	2002.0	37.0	172.0	81.0	36.0	3.0
4	8	9	1.7862275890345678	0.03703115820999847	0.9741035856573705	84763.0	1976.0	2835.0	121.0	35.0	6691.0	95.0	81.0	1073.0	2022.0	35.0	165.0	23.0	82.0	3.0
4	9	8	-65.40341018311186	1.0	0.5067357512953368	84763.0	2835.0	1976.0	121.0	35.0	6691.0	1073.0	165.0	95.0	2022.0	23.0	81.0	35.0	82.0	3.0
8	4	9	-1.738740966013199	0.9589598708876155	1.0280777537796977	84763.0	1976.0	6691.0	95.0	81.0	2835.0	121.0	35.0	1073.0	2022.0	35.0	165.0	82.0	23.0	3.0
5	6	7	-99999.9	1.0	-0.007898894154818325	88377.0	457.0	462.0	2589.0	18.0	4597.0	37.0	11.0	17.0	3215.0	11.0	12.0	5.0	192.0	0.0
5	7	6	2.7218463192965676	0.0032459684039156667	0.00771604938271605	88377.0	462.0	457.0	2589.0	18.0	4597.0	17.0	12.0	37.0	3215.0	5.0	11.0	11.0	192.0	0.0
6	5	7	-347.3075903422425	1.0	0.501951600312256	88377.0	457.0	4597.0	37.0	11.0	462.0	2589.0	18.0	17.0	3215.0	11.0	12.0	192.0	5.0	0.0
5	6	8	1.9959844443109582	0.0229677388859878	0.7727272727272726	85977.0	2857.0	2878.0	148.0	43.0	4450.0	118.0	77.0	220.0	2980.0	43.0	81.0	52.0	74.0	2.0
5	8	6	-4.790362666346299	0.9999991665352088	0.5862068965517241	85977.0	2878.0	2857.0	148.0	43.0	4450.0	220.0	81.0	118.0	2980.0	52.0	77.0	43.0	74.0	2.0
6	5	8	-1.4089301959842055	0.9205720423992623	1.7142857142857144	85977.0	2857.0	4450.0	118.0	77.0	2878.0	148.0	43.0	220.0	2980.0	43.0	81.0	74.0	52.0	2.0
5	6	9	-1.0932692087921008	0.8628621487209837	1.0146484375	86821.0	2013.0	2946.0	85.0	38.0	4496.0	100.0	49.0	1139.0	2068.0	36.0	125.0	36.0	47.0	1.0
5	9	6	-76.82038307112498	1.0	0.4964166268514094	86821.0	2946.0	2013.0	85.0	38.0	4496.0	1139.0	125.0	100.0	2068.0	36.0	49.0	36.0	47.0	1.0
6	5	9	1.1090526911134495	0.13370377278083334	0.9859681945743686	86821.0	2013.0	4496.0	100.0	49.0	2946.0	85.0	38.0	1139.0	2068.0	36.0	125.0	47.0	36.0	1.0
5	7	8	2.6173249026457674	0.004431134061106512	0.7562500000000001	85980.0	2859.0	2875.0	148.0	41.0	4443.0	109.0	74.0	230.0	2984.0	43.0	78.0	57.0	75.0	4.0
5	8	7	-5.5030933850500725	0.9999999812946312	0.5960591133004927	85980.0	2875.0	2859.0	148.0	41.0	4443.0	230.0	78.0	109.0	2984.0	57.0	74.0	43.0	75.0	4.0
7	5	8	-1.7737243141896935	0.9619456658135664	1.9069767441860463	85980.0	2859.0	4443.0	109.0	74.0	2875.0	148.0	41.0	230.0	2984.0	43.0	78.0	75.0	57.0	4.0
5	7	9	-0.5211857137657879	0.698881310019359	1.006679389312977	86827.0	2012.0	2940.0	86.0	38.0	4485.0	93.0	48.0	1148.0	2074.0	35.0	127.0	37.0	49.0	1.0
5	9	7	-79.07131828846664	1.0	0.4983467170524327	86827.0	2940.0	2012.0	86.0	38.0	4485.0	1148.0	127.0	93.0	2074.0	37.0	48.0	35.0	49.0	1.0
7	5	9	0.524643818027741	0.2999153954937639	0.9934518241347053	86827.0	2012.0	4485.0	93.0	48.0	2940.0	86.0	38.0	1148.0	2074.0	35.0	127.0	49.0	37.0	1.0
5	8	9	-0.22379560029134937	0.588541782061389	1.0032223415682062	86841.0	2014.0	2926.0	88.0	34.0	4613.0	91.0	47.0	1025.0	2089.0	36.0	122.0	24.0	48.0	2.0
5	9	8	-69.89882582433157	1.0	0.4991982896846606	86841.0	2926.0	2014.0	88.0	34.0	4613.0	1025.0	122.0	91.0	2089.0	24.0	47.0	36.0	48.0	2.0
8	5	9	0.22451442984260636	0.4111785616239698	0.9968085106382979	86841.0	2014.0	4613.0	91.0	47.0	2926.0	88.0	34.0	1025.0	2089.0	36.0	122.0	48.0	24.0	2.0
6	7	8	1.614983846234467	0.0531570916045907	0.9966505396352809	89951.0	3023.0	476.0	20.0	9.0	472.0	11.0	8.0	2689.0	3181.0	126.0	18.0	10.0	6.0	0.0
6	8	7	-478.93243173330677	1.0	0.5008415934168692	89951.0	476.0	3023.0	20.0	9.0	472.0	2689.0	18.0	11.0	3181.0	10.0	8.0	126.0	6.0	0.0
7	6	8	-1.6095563426436865	0.9462526305468358	1.0033834586466166	89951.0	3023.0	472.0	11.0	8.0	476.0	20.0	9.0	2689.0	3181.0	126.0	18.0	6.0	10.0	0.0
6	7	9	1.873062982151724	0.030529780921414895	0.9975734699379887	90833.0	2141.0	484.0	16.0	5.0	479.0	7.0	5.0	3707.0	2188.0	101.0	24.0	5.0	5.0	0.0
6	9	7	-768.1639407913245	1.0	0.5006088485996482	90833.0	484.0	2141.0	16.0	5.0	479.0	3707.0	24.0	7.0	2188.0	5.0	5.0	101.0	5.0	0.0
7	6	9	-1.8685068830059492	0.969154336916968	1.0024443237370995	90833.0	2141.0	479.0	7.0	5.0	484.0	16.0	5.0	3707.0	2188.0	101.0	24.0	5.0	5.0	0.0
6	8	9	0.9507656521337873	0.17086166668119718	0.988988988988989	88372.0	2055.0	2945.0	73.0	34.0	3082.0	62.0	35.0	1050.0	2114.0	38.0	78.0	24.0	38.0	0.0
6	9	8	-84.44527655770094	1.0	0.5027989821882952	88372.0	2945.0	2055.0	73.0	34.0	3082.0	1050.0	78.0	62.0	2114.0	24.0	35.0	38.0	38.0	0.0
8	6	9	-0.9401802045897876	0.8264374467583557	1.0113871635610765	88372.0	2055.0	3082.0	62.0	35.0	2945.0	73.0	34.0	1050.0	2114.0	38.0	78.0	38.0	24.0	0.0
7	8	9	0.3486857971839296	0.3636626694695888	0.9959595959595959	88370.0	2053.0	2942.0	68.0	32.0	3084.0	64.0	35.0	1050.0	2119.0	38.0	81.0	26.0	38.0	0.0
7	9	8	-85.60236320865477	1.0	0.5010162601626017	88370.0	2942.0	2053.0	68.0	32.0	3084.0	1050.0	81.0	64.0	2119.0	26.0	35.0	38.0	38.0	0.0
8	7	9	-0.34727125033937	0.6358061606513825	1.0040899795501022	88370.0	2053.0	3084.0	64.0	35.0	2942.0	68.0	32.0	1050.0	2119.0	38.0	81.0	38.0	26.0	0.0
