P1	Hybrid	P2	Zscore	Pvalue	Gamma	AAAA	AAAB	AABA	AABB	AABC	ABAA	ABAB	ABAC	ABBA	BAAA	ABBC	CABC	BACA	BCAA	ABCD
1	2	3	-0.71617647056897	0.7630588744553222	1.0298804780876494	36948.0	2280.0	2730.0	205.0	103.0	3845.0	220.0	142.0	737.0	2249.0	127.0	197.0	91.0	117.0	9.0
1	3	2	-25.400392156179475	1.0	0.49285033365109626	36948.0	2730.0	2280.0	205.0	103.0	3845.0	737.0	197.0	220.0	2249.0	91.0	142.0	127.0	117.0	9.0
2	1	3	0.7369552849955359	0.2305747021683383	0.9725776965265083	36948.0	2280.0	3845.0	220.0	142.0	2730.0	205.0	103.0	737.0	2249.0	127.0	197.0	117.0	91.0	9.0
1	2	4	0.5046128229597457	0.3069153969165559	0.9901098901098901	37249.0	1979.0	2784.0	165.0	89.0	3940.0	156.0	111.0	1057.0	1951.0	105.0	217.0	79.0	107.0	11.0
1	4	2	-50.012737564454824	1.0	0.5025097601784718	37249.0	2784.0	1979.0	165.0	89.0	3940.0	1057.0	217.0	156.0	1951.0	79.0	111.0	105.0	107.0	11.0
2	1	4	-0.49957229531641867	0.6913118664075905	1.0101925254813138	37249.0	1979.0	3940.0	156.0	111.0	2784.0	165.0	89.0	1057.0	1951.0	105.0	217.0	107.0	79.0	11.0
1	2	5	-0.8883528548671028	0.8128245451238157	1.0128976784178847	37586.0	1642.0	2838.0	133.0	67.0	3971.0	148.0	88.0	1326.0	1679.0	108.0	266.0	60.0	80.0	8.0
1	5	2	-70.65366372376356	1.0	0.4968367777309153	37586.0	2838.0	1642.0	133.0	67.0	3971.0	1326.0	266.0	148.0	1679.0	60.0	88.0	108.0	80.0	8.0
2	1	5	0.89966464843502	0.18414934157528084	0.9875827814569537	37586.0	1642.0	3971.0	148.0	88.0	2838.0	133.0	67.0	1326.0	1679.0	108.0	266.0	80.0	60.0	8.0
1	2	6	-1.8687296390297248	0.9691698436320118	1.0293594306049823	37569.0	1659.0	2831.0	134.0	73.0	3961.0	167.0	79.0	1324.0	1679.0	110.0	268.0	61.0	76.0	9.0
1	6	2	-67.38752334682945	1.0	0.4929697486152535	37569.0	2831.0	1659.0	134.0	73.0	3961.0	1324.0	268.0	167.0	1679.0	61.0	79.0	110.0	76.0	9.0
2	1	6	1.922029620091074	0.02730094790584281	0.9730171708912511	37569.0	1659.0	3961.0	167.0	79.0	2831.0	134.0	73.0	1324.0	1679.0	110.0	268.0	76.0	61.0	9.0
1	2	7	-2.4691063003801035	0.9932274429488941	1.039855072463768	37513.0	1715.0	2837.0	129.0	72.0	3954.0	173.0	80.0	1321.0	1686.0	106.0	267.0	65.0	76.0	6.0
1	7	2	-66.8903343193883	1.0	0.49059829059829063	37513.0	2837.0	1715.0	129.0	72.0	3954.0	1321.0	267.0	173.0	1686.0	65.0	80.0	106.0	76.0	6.0
2	1	7	2.563741036631606	0.0051775660120850775	0.9644012944983819	37513.0	1715.0	3954.0	173.0	80.0	2837.0	129.0	72.0	1321.0	1686.0	106.0	267.0	76.0	65.0	6.0
1	2	8	-0.5402091832726906	0.7054736321472863	1.0051646223369917	37921.0	1307.0	2878.0	105.0	55.0	4010.0	113.0	84.0	1670.0	1342.0	101.0	304.0	46.0	58.0	6.0
1	8	2	-105.67842147772005	1.0	0.49871877001921844	37921.0	2878.0	1307.0	105.0	55.0	4010.0	1670.0	304.0	113.0	1342.0	46.0	84.0	101.0	58.0	6.0
2	1	8	0.5429848245483371	0.29357010187571164	0.9949141767323586	37921.0	1307.0	4010.0	113.0	84.0	2878.0	105.0	55.0	1670.0	1342.0	101.0	304.0	58.0	46.0	6.0
1	2	9	0.6244249114277217	0.26617422867436447	0.9989740082079344	39065.0	163.0	3021.0	13.0	4.0	4185.0	10.0	12.0	2931.0	169.0	13.0	404.0	5.0	4.0	1.0
1	9	2	-607.3572971820237	1.0	0.5002568933036479	39065.0	3021.0	163.0	13.0	4.0	4185.0	2931.0	404.0	10.0	169.0	5.0	12.0	13.0	4.0	1.0
2	1	9	-0.6237835986121507	0.73361519953836	1.0010291595197256	39065.0	163.0	4185.0	10.0	12.0	3021.0	13.0	4.0	2931.0	169.0	13.0	404.0	4.0	5.0	1.0
1	3	4	0.0526947708855659	0.47898748461942886	0.9973118279569892	37690.0	1988.0	2343.0	181.0	64.0	4482.0	180.0	117.0	551.0	1930.0	79.0	181.0	76.0	136.0	2.0
1	4	3	-19.497065227659334	1.0	0.5006747638326586	37690.0	2343.0	1988.0	181.0	64.0	4482.0	551.0	181.0	180.0	1930.0	76.0	117.0	79.0	136.0	2.0
3	1	4	-0.052552736462693754	0.5209559302061209	1.002710027100271	37690.0	1988.0	4482.0	180.0	117.0	2343.0	181.0	64.0	551.0	1930.0	79.0	181.0	136.0	76.0	2.0
1	3	5	-1.8821840889521833	0.9700945516275139	1.0518867924528301	38015.0	1663.0	2409.0	128.0	51.0	4518.0	161.0	100.0	830.0	1660.0	70.0	215.0	66.0	107.0	7.0
1	5	3	-40.03918880134642	1.0	0.4879649890590809	38015.0	2409.0	1663.0	128.0	51.0	4518.0	830.0	215.0	161.0	1660.0	66.0	100.0	70.0	107.0	7.0
3	1	5	1.9750272502906316	0.02413245858824753	0.9551020408163265	38015.0	1663.0	4518.0	161.0	100.0	2409.0	128.0	51.0	830.0	1660.0	70.0	215.0	107.0	66.0	7.0
1	3	6	-2.1702837307350142	0.9850073738384866	1.0655737704918034	37997.0	1681.0	2403.0	137.0	48.0	4508.0	177.0	94.0	827.0	1663.0	70.0	218.0	67.0	106.0	4.0
1	6	3	-37.437394355178995	1.0	0.48507462686567165	37997.0	2403.0	1681.0	137.0	48.0	4508.0	827.0	218.0	177.0	1663.0	67.0	94.0	70.0	106.0	4.0
3	1	6	2.3038396526263996	0.010615795433701725	0.9452054794520548	37997.0	1681.0	4508.0	177.0	94.0	2403.0	137.0	48.0	827.0	1663.0	70.0	218.0	106.0	67.0	4.0
1	3	7	-2.9138077986361406	0.9982146842246569	1.0933786078098473	37944.0	1734.0	2406.0	131.0	51.0	4495.0	186.0	98.0	830.0	1668.0	62.0	217.0	70.0	103.0	5.0
1	7	3	-37.03184820448476	1.0	0.4795234549516009	37944.0	2406.0	1734.0	131.0	51.0	4495.0	830.0	217.0	186.0	1668.0	70.0	98.0	62.0	103.0	5.0
3	1	7	3.162657843550718	0.0007817456792789113	0.9270557029177718	37944.0	1734.0	4495.0	186.0	98.0	2406.0	131.0	51.0	830.0	1668.0	62.0	217.0	103.0	70.0	5.0
1	3	8	-0.5078742210886218	0.6942292284368177	1.0077220077220077	38361.0	1317.0	2438.0	119.0	31.0	4556.0	127.0	96.0	1171.0	1320.0	69.0	257.0	54.0	80.0	4.0
1	8	3	-66.78546007315377	1.0	0.4980916030534351	38361.0	2438.0	1317.0	119.0	31.0	4556.0	1171.0	257.0	127.0	1320.0	54.0	96.0	69.0	80.0	4.0
3	1	8	0.5117659775720595	0.30440739438642284	0.9924528301886792	38361.0	1317.0	4556.0	127.0	96.0	2438.0	119.0	31.0	1171.0	1320.0	69.0	257.0	80.0	54.0	4.0
1	3	9	0.19213215433409428	0.42381936303902656	0.999578947368421	39516.0	162.0	2570.0	14.0	4.0	4753.0	13.0	13.0	2387.0	165.0	8.0	380.0	6.0	9.0	0.0
1	9	3	-455.92960223480065	1.0	0.5001053296819044	39516.0	2570.0	162.0	14.0	4.0	4753.0	2387.0	380.0	13.0	165.0	6.0	13.0	8.0	9.0	0.0
3	1	9	-0.19205122250834275	0.5761489401211433	1.0004215851602023	39516.0	162.0	4753.0	13.0	13.0	2570.0	14.0	4.0	2387.0	165.0	8.0	380.0	9.0	6.0	0.0
1	4	5	-1.2161215091404654	0.8880306144877065	1.0797101449275361	38386.0	1647.0	2038.0	139.0	56.0	4938.0	161.0	115.0	459.0	1677.0	50.0	166.0	49.0	114.0	5.0
1	5	4	-17.689040132952208	1.0	0.482200647249191	38386.0	2038.0	1647.0	139.0	56.0	4938.0	459.0	166.0	161.0	1677.0	49.0	115.0	50.0	114.0	5.0
4	1	5	1.3059022916944596	0.0957929610559709	0.935672514619883	38386.0	1647.0	4938.0	161.0	115.0	2038.0	139.0	56.0	459.0	1677.0	50.0	166.0	114.0	49.0	5.0
1	4	6	-1.7671573763869362	0.9613991078409014	1.1382113821138211	38364.0	1669.0	2036.0	142.0	55.0	4929.0	176.0	109.0	456.0	1681.0	49.0	168.0	50.0	110.0	6.0
1	6	4	-16.320218123102883	1.0	0.4713804713804714	38364.0	2036.0	1669.0	142.0	55.0	4929.0	456.0	168.0	176.0	1681.0	50.0	109.0	49.0	110.0	6.0
4	1	6	1.981740772091064	0.023754061448218122	0.9022988505747126	38364.0	1669.0	4929.0	176.0	109.0	2036.0	142.0	55.0	456.0	1681.0	49.0	168.0	110.0	50.0	6.0
1	4	7	-1.9417116996692536	0.9739140627073888	1.1710526315789473	38326.0	1707.0	2024.0	148.0	61.0	4919.0	187.0	108.0	454.0	1688.0	44.0	169.0	49.0	111.0	5.0
1	7	4	-15.234968720481833	1.0	0.46596858638743455	38326.0	2024.0	1707.0	148.0	61.0	4919.0	454.0	169.0	187.0	1688.0	49.0	108.0	44.0	111.0	5.0
4	1	7	2.225332509733302	0.01302941879452657	0.8869565217391303	38326.0	1707.0	4919.0	187.0	108.0	2024.0	148.0	61.0	454.0	1688.0	44.0	169.0	111.0	49.0	5.0
1	4	8	-1.2084449660823533	0.886561858009222	1.029320987654321	38724.0	1309.0	2075.0	110.0	48.0	4979.0	129.0	106.0	796.0	1335.0	55.0	209.0	37.0	87.0	1.0
1	8	4	-43.631223512236474	1.0	0.49297856614929786	38724.0	2075.0	1309.0	110.0	48.0	4979.0	796.0	209.0	129.0	1335.0	37.0	106.0	55.0	87.0	1.0
4	1	8	1.242868435880801	0.1069582276549298	0.9730496453900709	38724.0	1309.0	4979.0	129.0	106.0	2075.0	110.0	48.0	796.0	1335.0	55.0	209.0	87.0	37.0	1.0
1	4	9	0.5766204684713765	0.2820978955843392	0.9985014985014985	39873.0	160.0	2213.0	15.0	5.0	5189.0	12.0	13.0	2011.0	168.0	7.0	320.0	4.0	10.0	0.0
1	9	4	-383.6448183562877	1.0	0.5003754693366708	39873.0	2213.0	160.0	15.0	5.0	5189.0	2011.0	320.0	12.0	168.0	4.0	13.0	7.0	10.0	0.0
4	1	9	-0.5757551050869771	0.7176096771362128	1.0015052684395385	39873.0	160.0	5189.0	12.0	13.0	2213.0	15.0	5.0	2011.0	168.0	7.0	320.0	10.0	4.0	0.0
1	5	6	-99999.9	1.0	-0.014414414414414416	39775.0	649.0	625.0	1184.0	33.0	5460.0	58.0	45.0	42.0	1833.0	12.0	51.0	16.0	212.0	5.0
1	6	5	1.6067432490167568	0.05405534856995331	0.013816925734024179	39775.0	625.0	649.0	1184.0	33.0	5460.0	42.0	51.0	58.0	1833.0	16.0	45.0	12.0	212.0	5.0
5	1	6	-113.07455614955438	1.0	0.5035273368606702	39775.0	649.0	5460.0	58.0	45.0	625.0	1184.0	33.0	42.0	1833.0	12.0	51.0	212.0	16.0	5.0
1	5	7	-99999.9	1.0	-0.02389705882352941	39719.0	705.0	631.0	1187.0	24.0	5447.0	73.0	43.0	47.0	1833.0	7.0	48.0	18.0	215.0	3.0
1	7	5	2.3874743439047252	0.008482283913814781	0.022298456260720412	39719.0	631.0	705.0	1187.0	24.0	5447.0	47.0	48.0	73.0	1833.0	18.0	43.0	7.0	215.0	3.0
5	1	7	-102.29409304268704	1.0	0.5057675244010648	39719.0	705.0	5447.0	73.0	43.0	631.0	1187.0	24.0	47.0	1833.0	7.0	48.0	215.0	18.0	3.0
1	5	8	-0.37617311106337475	0.646605839814832	1.0164383561643835	39101.0	1323.0	1698.0	122.0	22.0	5319.0	128.0	116.0	499.0	1344.0	44.0	166.0	29.0	86.0	3.0
1	8	5	-23.636210478481985	1.0	0.49598930481283426	39101.0	1698.0	1323.0	122.0	22.0	5319.0	499.0	166.0	128.0	1344.0	29.0	116.0	44.0	86.0	3.0
5	1	8	0.38225677323690643	0.3511355132772527	0.9843342036553525	39101.0	1323.0	5319.0	128.0	116.0	1698.0	122.0	22.0	499.0	1344.0	44.0	166.0	86.0	29.0	3.0
1	5	9	1.457611535820916	0.0724738653371707	0.9959016393442623	40266.0	158.0	1820.0	15.0	7.0	5541.0	8.0	14.0	1709.0	172.0	6.0	270.0	4.0	10.0	0.0
1	9	5	-352.7419916686625	1.0	0.5010309278350517	40266.0	1820.0	158.0	15.0	7.0	5541.0	1709.0	270.0	8.0	172.0	4.0	14.0	6.0	10.0	0.0
5	1	9	-1.451613134438937	0.926695354897717	1.004149377593361	40266.0	158.0	5541.0	8.0	14.0	1820.0	15.0	7.0	1709.0	172.0	6.0	270.0	10.0	4.0	0.0
1	6	7	-99999.9	1.0	-0.010657193605683837	39718.0	682.0	632.0	1209.0	25.0	5439.0	71.0	43.0	59.0	1839.0	9.0	44.0	14.0	211.0	5.0
1	7	6	1.0565176280538462	0.14536592634040624	0.010327022375215147	39718.0	632.0	682.0	1209.0	25.0	5439.0	59.0	44.0	71.0	1839.0	14.0	43.0	9.0	211.0	5.0
6	1	7	-100.1930883937732	1.0	0.5026223776223777	39718.0	682.0	5439.0	71.0	43.0	632.0	1209.0	25.0	59.0	1839.0	9.0	44.0	211.0	14.0	5.0
1	6	8	-0.38244430201867785	0.6489340264903405	1.0158730158730158	39084.0	1316.0	1715.0	118.0	33.0	5316.0	124.0	113.0	508.0	1353.0	46.0	160.0	24.0	87.0	3.0
1	8	6	-24.858879631213988	1.0	0.49612403100775193	39084.0	1715.0	1316.0	118.0	33.0	5316.0	508.0	160.0	124.0	1353.0	24.0	113.0	46.0	87.0	3.0
6	1	8	0.38841999423771967	0.3488526789521007	0.9848484848484849	39084.0	1316.0	5316.0	124.0	113.0	1715.0	118.0	33.0	508.0	1353.0	46.0	160.0	87.0	24.0	3.0
1	6	9	1.3984590375051282	0.08098768747995622	0.9959467284308049	40240.0	160.0	1846.0	16.0	4.0	5530.0	9.0	14.0	1729.0	171.0	7.0	261.0	4.0	9.0	0.0
1	9	6	-342.2229044637546	1.0	0.5010195164579085	40240.0	1846.0	160.0	16.0	4.0	5530.0	1729.0	261.0	9.0	171.0	4.0	14.0	7.0	9.0	0.0
6	1	9	-1.3927676344455144	0.9181549097110833	1.004103165298945	40240.0	160.0	5530.0	9.0	14.0	1846.0	16.0	4.0	1729.0	171.0	7.0	261.0	9.0	4.0	0.0
1	7	8	-0.3763999403261468	0.6466901467525759	1.015267175572519	39034.0	1316.0	1765.0	122.0	29.0	5300.0	128.0	114.0	527.0	1351.0	46.0	157.0	22.0	85.0	4.0
1	8	7	-25.406995972014847	1.0	0.4962686567164179	39034.0	1765.0	1316.0	122.0	29.0	5300.0	527.0	157.0	128.0	1351.0	22.0	114.0	46.0	85.0	4.0
7	1	8	0.3820600898047355	0.3512084531450015	0.9854014598540146	39034.0	1316.0	5300.0	128.0	114.0	1765.0	122.0	29.0	527.0	1351.0	46.0	157.0	85.0	22.0	4.0
1	7	9	1.510650900033587	0.0654387357794749	0.9954207212364052	40195.0	155.0	1891.0	18.0	7.0	5518.0	10.0	14.0	1749.0	169.0	6.0	253.0	5.0	10.0	0.0
1	9	7	-326.8670884947695	1.0	0.5011527377521614	40195.0	1891.0	155.0	18.0	7.0	5518.0	1749.0	253.0	10.0	169.0	5.0	14.0	6.0	10.0	0.0
7	1	9	-1.5037013846797813	0.9336708350814222	1.0046430644225188	40195.0	155.0	5518.0	10.0	14.0	1891.0	18.0	7.0	1749.0	169.0	6.0	253.0	10.0	5.0	0.0
1	8	9	1.1333437767463692	0.12853501031181425	0.9954682779456193	40640.0	159.0	1446.0	17.0	4.0	5957.0	11.0	16.0	1329.0	169.0	3.0	234.0	4.0	11.0	0.0
1	9	8	-247.82450584854	1.0	0.5011406844106463	40640.0	1446.0	159.0	17.0	4.0	5957.0	1329.0	234.0	11.0	169.0	4.0	16.0	3.0	11.0	0.0
8	1	9	-1.128184396882577	0.8703789222434938	1.004594180704441	40640.0	159.0	5957.0	11.0	16.0	1446.0	17.0	4.0	1329.0	169.0	3.0	234.0	11.0	4.0	0.0
2	3	4	-0.22439013613435102	0.5887730858791848	1.0113960113960114	38777.0	2016.0	2412.0	155.0	75.0	3395.0	159.0	110.0	514.0	1989.0	68.0	149.0	75.0	103.0	3.0
2	4	3	-20.139014718057943	1.0	0.49719887955182074	38777.0	2412.0	2016.0	155.0	75.0	3395.0	514.0	149.0	159.0	1989.0	75.0	110.0	68.0	103.0	3.0
3	2	4	0.22691847569642823	0.410243610645308	0.9889807162534435	38777.0	2016.0	3395.0	159.0	110.0	2412.0	155.0	75.0	514.0	1989.0	68.0	149.0	103.0	75.0	3.0
2	3	5	-0.8021188265418808	0.7887579467079409	1.0196969696969698	39091.0	1702.0	2466.0	122.0	54.0	3442.0	135.0	87.0	808.0	1692.0	71.0	180.0	65.0	81.0	4.0
2	5	3	-42.32719346213305	1.0	0.4952170713760118	39091.0	2466.0	1702.0	122.0	54.0	3442.0	808.0	180.0	135.0	1692.0	65.0	87.0	71.0	81.0	4.0
3	2	5	0.8176129494914268	0.20678905964961303	0.9814020028612304	39091.0	1702.0	3442.0	135.0	87.0	2466.0	122.0	54.0	808.0	1692.0	71.0	180.0	81.0	65.0	4.0
2	3	6	-0.0613719339354225	0.5244685677700083	1.0014880952380953	39066.0	1727.0	2464.0	132.0	46.0	3439.0	133.0	92.0	806.0	1692.0	73.0	178.0	64.0	82.0	6.0
2	6	3	-41.36468347247465	1.0	0.4996288047512992	39066.0	2464.0	1727.0	132.0	46.0	3439.0	806.0	178.0	133.0	1692.0	64.0	92.0	73.0	82.0	6.0
3	2	6	0.06146312551630723	0.4754951205978175	0.9985185185185185	39066.0	1727.0	3439.0	133.0	92.0	2464.0	132.0	46.0	806.0	1692.0	73.0	178.0	82.0	64.0	6.0
2	3	7	-0.37317949063294525	0.6454925111281227	1.0089686098654709	39000.0	1793.0	2467.0	125.0	50.0	3439.0	131.0	94.0	806.0	1696.0	69.0	180.0	64.0	81.0	5.0
2	7	3	-42.355872186839186	1.0	0.4977876106194691	39000.0	2467.0	1793.0	125.0	50.0	3439.0	806.0	180.0	131.0	1696.0	64.0	94.0	69.0	81.0	5.0
3	2	7	0.37649664166079366	0.3532739138938028	0.9912663755458515	39000.0	1793.0	3439.0	131.0	94.0	2467.0	125.0	50.0	806.0	1696.0	69.0	180.0	81.0	64.0	5.0
2	3	8	-0.5549739307080859	0.7105437834206871	1.0076335877862594	39428.0	1365.0	2503.0	99.0	40.0	3489.0	107.0	68.0	1163.0	1346.0	62.0	200.0	52.0	74.0	4.0
2	8	3	-73.81153278417544	1.0	0.4981132075471698	39428.0	2503.0	1365.0	99.0	40.0	3489.0	1163.0	200.0	107.0	1346.0	52.0	68.0	62.0	74.0	4.0
3	2	8	0.5591782786679956	0.2880199966217232	0.9925373134328358	39428.0	1365.0	3489.0	107.0	68.0	2503.0	99.0	40.0	1163.0	1346.0	62.0	200.0	74.0	52.0	4.0
2	3	9	0.0	0.49999999949999996	nan	40623.0	170.0	2627.0	12.0	3.0	3646.0	12.0	6.0	2395.0	168.0	8.0	315.0	6.0	8.0	1.0
2	9	3	-485.4176026501934	1.0	0.5	40623.0	2627.0	170.0	12.0	3.0	3646.0	2395.0	315.0	12.0	168.0	6.0	6.0	8.0	8.0	1.0
3	2	9	0.0	0.49999999949999996	nan	40623.0	170.0	3646.0	12.0	6.0	2627.0	12.0	3.0	2395.0	168.0	8.0	315.0	8.0	6.0	1.0
2	4	5	-0.3698405793811293	0.6442493010338464	1.0188679245283019	39495.0	1694.0	2062.0	126.0	58.0	3829.0	132.0	97.0	456.0	1713.0	54.0	145.0	47.0	91.0	1.0
2	5	4	-20.341231865962055	1.0	0.4954128440366972	39495.0	2062.0	1694.0	126.0	58.0	3829.0	456.0	145.0	132.0	1713.0	47.0	97.0	54.0	91.0	1.0
4	2	5	0.37668947899929833	0.35320224919992094	0.9821428571428571	39495.0	1694.0	3829.0	132.0	97.0	2062.0	126.0	58.0	456.0	1713.0	54.0	145.0	91.0	47.0	1.0
2	4	6	-0.1854876374883895	0.5735766986475247	1.009375	39468.0	1721.0	2062.0	128.0	56.0	3825.0	131.0	102.0	454.0	1713.0	56.0	144.0	45.0	92.0	3.0
2	6	4	-20.15632327373842	1.0	0.49768875192604006	39468.0	2062.0	1721.0	128.0	56.0	3825.0	454.0	144.0	131.0	1713.0	45.0	102.0	56.0	92.0	3.0
4	2	6	0.1872104328830185	0.4257478374137875	0.9908814589665653	39468.0	1721.0	3825.0	131.0	102.0	2062.0	128.0	56.0	454.0	1713.0	56.0	144.0	92.0	45.0	3.0
2	4	7	0.3105528642817414	0.37807035152501967	0.9846625766871165	39417.0	1772.0	2050.0	134.0	62.0	3828.0	129.0	101.0	450.0	1720.0	53.0	147.0	42.0	93.0	2.0
2	7	4	-19.626941022606093	1.0	0.5039246467817896	39417.0	2050.0	1772.0	134.0	62.0	3828.0	450.0	147.0	129.0	1720.0	42.0	101.0	53.0	93.0	2.0
4	2	7	-0.3057155922524308	0.620089331070431	1.0160771704180065	39417.0	1772.0	3828.0	129.0	101.0	2050.0	134.0	62.0	450.0	1720.0	53.0	147.0	93.0	42.0	2.0
2	4	8	-1.1390182912166842	0.8726521831562059	1.0233576642335767	39823.0	1366.0	2108.0	88.0	50.0	3880.0	104.0	74.0	805.0	1365.0	53.0	167.0	36.0	79.0	2.0
2	8	4	-51.04225717514768	1.0	0.494358251057828	39823.0	2108.0	1366.0	88.0	50.0	3880.0	805.0	167.0	104.0	1365.0	36.0	74.0	53.0	79.0	2.0
4	2	8	1.165015855638178	0.12200634694386991	0.9781718963165075	39823.0	1366.0	3880.0	104.0	74.0	2108.0	88.0	50.0	805.0	1365.0	53.0	167.0	79.0	36.0	2.0
2	4	9	0.0	0.49999999949999996	nan	41021.0	168.0	2229.0	11.0	6.0	4041.0	11.0	6.0	2042.0	173.0	8.0	273.0	2.0	9.0	0.0
2	9	4	-432.0298820735965	1.0	0.5	41021.0	2229.0	168.0	11.0	6.0	4041.0	2042.0	273.0	11.0	173.0	2.0	6.0	8.0	9.0	0.0
4	2	9	0.0	0.49999999949999996	nan	41021.0	168.0	4041.0	11.0	6.0	2229.0	11.0	6.0	2042.0	173.0	8.0	273.0	9.0	2.0	0.0
2	5	6	-99999.9	1.0	-0.0008613264427217917	40898.0	659.0	632.0	1213.0	33.0	4337.0	51.0	42.0	50.0	1825.0	17.0	36.0	13.0	191.0	3.0
2	6	5	0.09949639825410186	0.4603720163133407	0.000859106529209622	40898.0	632.0	659.0	1213.0	33.0	4337.0	50.0	36.0	51.0	1825.0	13.0	42.0	17.0	191.0	3.0
5	2	6	-115.61481477126604	1.0	0.5002150537634408	40898.0	659.0	4337.0	51.0	42.0	632.0	1213.0	33.0	50.0	1825.0	17.0	36.0	191.0	13.0	3.0
2	5	7	-99999.9	1.0	-0.0008605851979345956	40829.0	728.0	638.0	1217.0	23.0	4337.0	54.0	39.0	53.0	1825.0	14.0	35.0	12.0	193.0	3.0
2	7	5	0.09666922832527455	0.46149447967341417	0.0008583690987124463	40829.0	638.0	728.0	1217.0	23.0	4337.0	53.0	35.0	54.0	1825.0	12.0	39.0	14.0	193.0	3.0
5	2	7	-112.4263125422939	1.0	0.5002148689299527	40829.0	728.0	4337.0	54.0	39.0	638.0	1217.0	23.0	53.0	1825.0	14.0	35.0	193.0	12.0	3.0
2	5	8	-0.3417045037452684	0.6337132921003921	1.013623978201635	40180.0	1377.0	1751.0	103.0	24.0	4240.0	108.0	82.0	480.0	1368.0	44.0	132.0	29.0	81.0	1.0
2	8	5	-25.76451958239328	1.0	0.4966622162883845	40180.0	1751.0	1377.0	103.0	24.0	4240.0	480.0	132.0	108.0	1368.0	29.0	82.0	44.0	81.0	1.0
5	2	8	0.34629730621496285	0.3645597123200036	0.9869109947643979	40180.0	1377.0	4240.0	108.0	82.0	1751.0	103.0	24.0	480.0	1368.0	44.0	132.0	81.0	29.0	1.0
2	5	9	1.0411760902058547	0.14889694043440305	0.9970743124634289	41393.0	164.0	1857.0	14.0	7.0	4414.0	9.0	7.0	1713.0	173.0	6.0	229.0	4.0	10.0	0.0
2	9	5	-353.79163545194945	1.0	0.500734645900676	41393.0	1857.0	164.0	14.0	7.0	4414.0	1713.0	229.0	9.0	173.0	4.0	7.0	6.0	10.0	0.0
5	2	9	-1.0381209960444526	0.8503931120074697	1.0029515938606848	41393.0	164.0	4414.0	9.0	7.0	1857.0	14.0	7.0	1713.0	173.0	6.0	229.0	10.0	4.0	0.0
2	6	7	-99999.9	1.0	-0.0025445292620865138	40823.0	707.0	644.0	1234.0	27.0	4334.0	52.0	37.0	49.0	1828.0	12.0	42.0	11.0	197.0	3.0
2	7	6	0.2987184549345749	0.3825775054670211	0.0025252525252525255	40823.0	644.0	707.0	1234.0	27.0	4334.0	49.0	42.0	52.0	1828.0	11.0	37.0	12.0	197.0	3.0
6	2	7	-117.69507124422228	1.0	0.5006337135614702	40823.0	707.0	4334.0	52.0	37.0	644.0	1234.0	27.0	49.0	1828.0	12.0	42.0	197.0	11.0	3.0
2	6	8	-0.1396064150026929	0.555514540475776	1.005449591280654	40159.0	1371.0	1772.0	101.0	32.0	4241.0	103.0	79.0	472.0	1373.0	44.0	139.0	29.0	84.0	1.0
2	8	6	-25.89698998299948	1.0	0.4986486486486486	40159.0	1772.0	1371.0	101.0	32.0	4241.0	472.0	139.0	103.0	1373.0	29.0	79.0	44.0	84.0	1.0
6	2	8	0.14036308933875088	0.4441865340399036	0.9946380697050938	40159.0	1371.0	4241.0	103.0	79.0	1772.0	101.0	32.0	472.0	1373.0	44.0	139.0	84.0	29.0	1.0
2	6	9	0.9988866199722684	0.15892481874874287	0.9970674486803519	41364.0	166.0	1886.0	15.0	4.0	4406.0	10.0	7.0	1710.0	172.0	7.0	240.0	4.0	9.0	0.0
2	9	6	-338.6225641706007	1.0	0.5007363770250368	41364.0	1886.0	166.0	15.0	4.0	4406.0	1710.0	240.0	10.0	172.0	4.0	7.0	7.0	9.0	0.0
6	2	9	-0.9959487181488206	0.8403624604201686	1.0029585798816567	41364.0	166.0	4406.0	10.0	7.0	1886.0	15.0	4.0	1710.0	172.0	7.0	240.0	9.0	4.0	0.0
2	7	8	0.0	0.49999999949999996	nan	40094.0	1373.0	1837.0	105.0	26.0	4240.0	105.0	80.0	477.0	1370.0	44.0	135.0	30.0	83.0	1.0
2	8	7	-25.664328980290275	1.0	0.5	40094.0	1837.0	1373.0	105.0	26.0	4240.0	477.0	135.0	105.0	1370.0	30.0	80.0	44.0	83.0	1.0
7	2	8	0.0	0.49999999949999996	nan	40094.0	1373.0	4240.0	105.0	80.0	1837.0	105.0	26.0	477.0	1370.0	44.0	135.0	83.0	30.0	1.0
2	7	9	1.5673321666613553	0.05851854481413399	0.9953298307063632	41305.0	162.0	1945.0	17.0	6.0	4408.0	9.0	8.0	1714.0	171.0	6.0	234.0	6.0	9.0	0.0
2	9	7	-332.47033585303853	1.0	0.5011757789535568	41305.0	1945.0	162.0	17.0	6.0	4408.0	1714.0	234.0	9.0	171.0	6.0	8.0	6.0	9.0	0.0
7	2	9	-1.559978115439484	0.940617461680112	1.004736530491415	41305.0	162.0	4408.0	9.0	8.0	1945.0	17.0	6.0	1714.0	171.0	6.0	234.0	9.0	6.0	0.0
2	8	9	0.6247121105753913	0.2660799556299547	0.9977324263038548	41762.0	169.0	1488.0	13.0	3.0	4835.0	10.0	7.0	1330.0	172.0	3.0	191.0	4.0	12.0	1.0
2	9	8	-274.24861654259496	1.0	0.5005688282138795	41762.0	1488.0	169.0	13.0	3.0	4835.0	1330.0	191.0	10.0	172.0	4.0	7.0	3.0	12.0	1.0
8	2	9	-0.6232923103240836	0.7334538305401284	1.0022831050228311	41762.0	169.0	4835.0	10.0	7.0	1488.0	13.0	3.0	1330.0	172.0	3.0	191.0	12.0	4.0	1.0
3	4	5	0.8066253599678784	0.2099411207323142	0.9666666666666667	40425.0	1747.0	2108.0	120.0	57.0	2899.0	108.0	68.0	456.0	1739.0	52.0	99.0	48.0	71.0	3.0
3	5	4	-22.58551007910057	1.0	0.5087719298245614	40425.0	2108.0	1747.0	120.0	57.0	2899.0	456.0	99.0	108.0	1739.0	48.0	68.0	52.0	71.0	3.0
4	3	5	-0.7788106923827791	0.7819544449937722	1.037037037037037	40425.0	1747.0	2899.0	108.0	68.0	2108.0	120.0	57.0	456.0	1739.0	52.0	99.0	71.0	48.0	3.0
3	4	6	0.3312211597703022	0.37023878720473624	0.9854227405247813	40393.0	1779.0	2112.0	118.0	55.0	2900.0	113.0	62.0	451.0	1744.0	52.0	97.0	49.0	71.0	4.0
3	6	4	-22.05932924070217	1.0	0.503725782414307	40393.0	2112.0	1779.0	118.0	55.0	2900.0	451.0	97.0	113.0	1744.0	49.0	62.0	52.0	71.0	4.0
4	3	6	-0.32632143847192496	0.6279093466671712	1.0152439024390243	40393.0	1779.0	2900.0	113.0	62.0	2112.0	118.0	55.0	451.0	1744.0	52.0	97.0	71.0	49.0	4.0
3	4	7	1.1084916985892201	0.13382480779732864	0.9527777777777777	40348.0	1824.0	2091.0	131.0	63.0	2897.0	114.0	64.0	457.0	1743.0	47.0	99.0	45.0	73.0	4.0
3	7	4	-21.256958455299163	1.0	0.5127055306427504	40348.0	2091.0	1824.0	131.0	63.0	2897.0	457.0	99.0	114.0	1743.0	45.0	64.0	47.0	73.0	4.0
4	3	7	-1.053551876793253	0.8539559046706541	1.0550161812297734	40348.0	1824.0	2897.0	114.0	64.0	2091.0	131.0	63.0	457.0	1743.0	47.0	99.0	73.0	45.0	4.0
3	4	8	-0.7196710800489728	0.7641363012264035	1.0141843971631206	40777.0	1395.0	2140.0	90.0	55.0	2926.0	100.0	49.0	815.0	1383.0	49.0	125.0	36.0	59.0	1.0
3	8	4	-52.17615330355057	1.0	0.4965277777777778	40777.0	2140.0	1395.0	90.0	55.0	2926.0	815.0	125.0	100.0	1383.0	36.0	49.0	49.0	59.0	1.0
4	3	8	0.7297364098398675	0.23277559121796598	0.9863945578231292	40777.0	1395.0	2926.0	100.0	49.0	2140.0	90.0	55.0	815.0	1383.0	49.0	125.0	59.0	36.0	1.0
3	4	9	0.4702785160831079	0.31907803691186865	0.9990281827016521	41999.0	173.0	2270.0	10.0	5.0	3063.0	8.0	4.0	2064.0	176.0	7.0	210.0	4.0	7.0	0.0
3	9	4	-482.9760360173525	1.0	0.5002433090024331	41999.0	2270.0	173.0	10.0	5.0	3063.0	2064.0	210.0	8.0	176.0	4.0	4.0	7.0	7.0	0.0
4	3	9	-0.4698210467094862	0.6807585470206037	1.0009746588693957	41999.0	173.0	3063.0	8.0	4.0	2270.0	10.0	5.0	2064.0	176.0	7.0	210.0	7.0	4.0	0.0
3	5	6	-99999.9	1.0	-0.00590717299578059	41848.0	685.0	657.0	1231.0	36.0	3387.0	39.0	28.0	32.0	1851.0	12.0	29.0	16.0	147.0	2.0
3	6	5	0.8321029306440422	0.2026753720007347	0.005804311774461028	41848.0	657.0	685.0	1231.0	36.0	3387.0	32.0	29.0	39.0	1851.0	16.0	28.0	12.0	147.0	2.0
5	3	6	-141.69524190395708	1.0	0.5014638226683397	41848.0	685.0	3387.0	39.0	28.0	657.0	1231.0	36.0	32.0	1851.0	12.0	29.0	147.0	16.0	2.0
3	5	7	-99999.9	1.0	-0.0016750418760469012	41777.0	756.0	662.0	1235.0	27.0	3389.0	39.0	26.0	37.0	1849.0	9.0	27.0	14.0	151.0	2.0
3	7	5	0.22944616884040725	0.40926112229876255	0.0016666666666666668	41777.0	662.0	756.0	1235.0	27.0	3389.0	37.0	27.0	39.0	1849.0	14.0	26.0	9.0	151.0	2.0
5	3	7	-137.20880896656368	1.0	0.5004177109440268	41777.0	756.0	3389.0	39.0	26.0	662.0	1235.0	27.0	37.0	1849.0	9.0	27.0	151.0	14.0	2.0
3	5	8	0.07243624413846537	0.47112730209251763	0.997275204359673	41114.0	1419.0	1803.0	96.0	25.0	3306.0	95.0	53.0	461.0	1393.0	41.0	99.0	31.0	63.0	1.0
3	8	5	-26.439229110539785	1.0	0.5006839945280438	41114.0	1803.0	1419.0	96.0	25.0	3306.0	461.0	99.0	95.0	1393.0	31.0	53.0	41.0	63.0	1.0
5	3	8	-0.07223833090311436	0.5287939482930529	1.0027472527472527	41114.0	1419.0	3306.0	95.0	53.0	1803.0	96.0	25.0	461.0	1393.0	41.0	99.0	63.0	31.0	1.0
3	5	9	1.4959990216442889	0.06732698591099595	0.9964932787843367	42363.0	170.0	1906.0	11.0	7.0	3444.0	5.0	5.0	1710.0	179.0	6.0	183.0	4.0	7.0	0.0
3	9	5	-423.6170562956065	1.0	0.5008813160987075	42363.0	1906.0	170.0	11.0	7.0	3444.0	1710.0	183.0	5.0	179.0	4.0	5.0	6.0	7.0	0.0
5	3	9	-1.4907345089581503	0.9319843616093959	1.0035440047253397	42363.0	170.0	3444.0	5.0	5.0	1906.0	11.0	7.0	1710.0	179.0	6.0	183.0	7.0	4.0	0.0
3	6	7	0.33769714758881153	0.3677957795476965	0.0024610336341263327	41771.0	734.0	668.0	1254.0	30.0	3386.0	38.0	24.0	41.0	1854.0	11.0	26.0	10.0	151.0	2.0
3	7	6	-99999.9	1.0	-0.0024793388429752068	41771.0	668.0	734.0	1254.0	30.0	3386.0	41.0	26.0	38.0	1854.0	10.0	24.0	11.0	151.0	2.0
6	3	7	-136.542213341743	1.0	0.499382461918485	41771.0	734.0	3386.0	38.0	24.0	668.0	1254.0	30.0	41.0	1854.0	11.0	26.0	151.0	10.0	2.0
3	6	8	0.36785343638734513	0.3564913216263086	0.986737400530504	41095.0	1410.0	1822.0	96.0	34.0	3305.0	91.0	52.0	463.0	1400.0	43.0	98.0	28.0	62.0	1.0
3	8	6	-27.000442230831133	1.0	0.503382949932341	41095.0	1822.0	1410.0	96.0	34.0	3305.0	463.0	98.0	91.0	1400.0	28.0	52.0	43.0	62.0	1.0
6	3	8	-0.3629091697692356	0.6416635695983244	1.0138121546961325	41095.0	1410.0	3305.0	91.0	52.0	1822.0	96.0	34.0	463.0	1400.0	43.0	98.0	62.0	28.0	1.0
3	6	9	1.4111278598823844	0.07910351053997	0.9965136548518303	42333.0	172.0	1936.0	12.0	4.0	3437.0	6.0	5.0	1721.0	178.0	7.0	179.0	4.0	6.0	0.0
3	9	6	-401.9362520898305	1.0	0.5008761682242991	42333.0	1936.0	172.0	12.0	4.0	3437.0	1721.0	179.0	6.0	178.0	4.0	5.0	7.0	6.0	0.0
6	3	9	-1.406190969410493	0.92016623418251	1.003523194362889	42333.0	172.0	3437.0	6.0	5.0	1936.0	12.0	4.0	1721.0	178.0	7.0	179.0	6.0	4.0	0.0
3	7	8	0.14393610990723252	0.44277543790001805	0.9945945945945946	41030.0	1409.0	1887.0	98.0	33.0	3304.0	96.0	53.0	464.0	1397.0	41.0	98.0	26.0	63.0	1.0
3	8	7	-26.340308113023475	1.0	0.5013623978201635	41030.0	1887.0	1409.0	98.0	33.0	3304.0	464.0	98.0	96.0	1397.0	26.0	53.0	41.0	63.0	1.0
7	3	8	-0.1431538484403454	0.5569156843165168	1.0054945054945055	41030.0	1409.0	3304.0	96.0	53.0	1887.0	98.0	33.0	464.0	1397.0	41.0	98.0	63.0	26.0	1.0
3	7	9	1.5249414819588982	0.0636368694684748	0.9959302325581395	42271.0	168.0	1998.0	14.0	6.0	3442.0	7.0	4.0	1720.0	176.0	6.0	175.0	5.0	7.0	1.0
3	9	7	-371.65002403169484	1.0	0.5010236911377596	42271.0	1998.0	168.0	14.0	6.0	3442.0	1720.0	175.0	7.0	176.0	5.0	4.0	6.0	7.0	1.0
7	3	9	-1.518709963935715	0.9355822169946835	1.0041200706297821	42271.0	168.0	3442.0	7.0	4.0	1998.0	14.0	6.0	1720.0	176.0	6.0	175.0	7.0	5.0	1.0
3	8	9	0.8930037867143217	0.1859275405960077	0.9970059880239521	42745.0	172.0	1524.0	12.0	4.0	3852.0	8.0	6.0	1340.0	176.0	3.0	145.0	4.0	9.0	0.0
3	9	8	-296.4772571891562	1.0	0.5007518796992482	42745.0	1524.0	172.0	12.0	4.0	3852.0	1340.0	145.0	8.0	176.0	4.0	6.0	3.0	9.0	0.0
8	3	9	-0.8903220936611257	0.8133535522252838	1.0030211480362539	42745.0	172.0	3852.0	8.0	6.0	1524.0	12.0	4.0	1340.0	176.0	3.0	145.0	9.0	4.0	0.0
4	5	6	0.11700893201836361	0.4534264425185468	0.0008410428931875525	42632.0	692.0	661.0	1224.0	38.0	2603.0	36.0	24.0	37.0	1881.0	12.0	20.0	16.0	124.0	0.0
4	6	5	-99999.9	1.0	-0.0008431703204047217	42632.0	661.0	692.0	1224.0	38.0	2603.0	37.0	20.0	36.0	1881.0	16.0	24.0	12.0	124.0	0.0
5	4	6	-138.889602305798	1.0	0.4997894736842105	42632.0	692.0	2603.0	36.0	24.0	661.0	1224.0	38.0	37.0	1881.0	12.0	20.0	124.0	16.0	0.0
4	5	7	-99999.9	1.0	-0.0076726342710997444	42580.0	744.0	665.0	1231.0	27.0	2586.0	49.0	28.0	40.0	1882.0	8.0	21.0	16.0	122.0	1.0
4	7	5	0.9563256857891222	0.16945385109785271	0.0075	42580.0	665.0	744.0	1231.0	27.0	2586.0	40.0	21.0	49.0	1882.0	16.0	28.0	8.0	122.0	1.0
5	4	7	-125.59744006697144	1.0	0.5018963337547407	42580.0	744.0	2586.0	49.0	28.0	665.0	1231.0	27.0	40.0	1882.0	8.0	21.0	122.0	16.0	1.0
4	5	8	0.7798810546536707	0.21773038149522117	0.9750623441396509	41894.0	1430.0	1809.0	89.0	25.0	2526.0	79.0	58.0	470.0	1420.0	40.0	84.0	33.0	43.0	0.0
4	8	5	-29.713468182304826	1.0	0.5064766839378237	41894.0	1809.0	1430.0	89.0	25.0	2526.0	470.0	84.0	79.0	1420.0	33.0	58.0	40.0	43.0	0.0
5	4	8	-0.7599352476292802	0.7763534212338652	1.0269541778975741	41894.0	1430.0	2526.0	79.0	58.0	1809.0	89.0	25.0	470.0	1420.0	40.0	84.0	43.0	33.0	0.0
4	5	9	1.150366519384829	0.12499652861103017	0.9976998274870615	43154.0	170.0	1908.0	8.0	7.0	2653.0	4.0	6.0	1739.0	185.0	6.0	152.0	4.0	4.0	0.0
4	9	5	-497.82111126378567	1.0	0.5005770340450086	43154.0	1908.0	170.0	8.0	7.0	2653.0	1739.0	152.0	4.0	185.0	4.0	6.0	6.0	4.0	0.0
5	4	9	-1.1477143775533942	0.8744566969246068	1.0023161551823971	43154.0	170.0	2653.0	4.0	6.0	1908.0	8.0	7.0	1739.0	185.0	6.0	152.0	4.0	4.0	0.0
4	6	7	-99999.9	1.0	-0.010084033613445377	42564.0	729.0	681.0	1244.0	29.0	2593.0	42.0	25.0	30.0	1893.0	10.0	24.0	12.0	122.0	2.0
4	7	6	1.4178572226377908	0.07811627763003925	0.009787928221859706	42564.0	681.0	729.0	1244.0	29.0	2593.0	30.0	24.0	42.0	1893.0	12.0	25.0	10.0	122.0	2.0
6	4	7	-142.02203180088526	1.0	0.5024834437086093	42564.0	729.0	2593.0	42.0	25.0	681.0	1244.0	29.0	30.0	1893.0	10.0	24.0	122.0	12.0	2.0
4	6	8	1.1022766579544452	0.1351707519173838	0.9651741293532339	41874.0	1419.0	1829.0	90.0	35.0	2526.0	76.0	58.0	464.0	1427.0	42.0	90.0	29.0	41.0	0.0
4	8	6	-29.446533576783054	1.0	0.5091863517060368	41874.0	1829.0	1419.0	90.0	35.0	2526.0	464.0	90.0	76.0	1427.0	29.0	58.0	42.0	41.0	0.0
6	4	8	-1.062503788852996	0.8559964479358979	1.038888888888889	41874.0	1419.0	2526.0	76.0	58.0	1829.0	90.0	35.0	464.0	1427.0	42.0	90.0	41.0	29.0	0.0
4	6	9	1.065776282584421	0.1432624260765072	0.9977024698449167	43121.0	172.0	1941.0	9.0	4.0	2649.0	5.0	6.0	1742.0	184.0	7.0	153.0	4.0	3.0	0.0
4	9	6	-461.74757442969764	1.0	0.5005763688760807	43121.0	1941.0	172.0	9.0	4.0	2649.0	1742.0	153.0	5.0	184.0	4.0	6.0	7.0	3.0	0.0
6	4	9	-1.063321990626829	0.8561819891560096	1.0023134759976866	43121.0	172.0	2649.0	5.0	6.0	1941.0	9.0	4.0	1742.0	184.0	7.0	153.0	3.0	4.0	0.0
4	7	8	1.0014514914333585	0.15830430085451552	0.9686746987951808	41824.0	1421.0	1879.0	93.0	30.0	2510.0	80.0	57.0	482.0	1423.0	42.0	88.0	29.0	42.0	0.0
4	8	7	-29.966510012890478	1.0	0.5082174462705435	41824.0	1879.0	1421.0	93.0	30.0	2510.0	482.0	88.0	80.0	1423.0	29.0	57.0	42.0	42.0	0.0
7	4	8	-0.9690662441979513	0.8337439330269316	1.0345744680851063	41824.0	1421.0	2510.0	80.0	57.0	1879.0	93.0	30.0	482.0	1423.0	42.0	88.0	42.0	29.0	0.0
4	7	9	0.7724250330618141	0.21993130092516577	0.9982915717539863	43076.0	169.0	1986.0	9.0	7.0	2637.0	6.0	4.0	1759.0	182.0	6.0	148.0	5.0	6.0	0.0
4	9	7	-450.5812692860534	1.0	0.5004282043962318	43076.0	1986.0	169.0	9.0	7.0	2637.0	1759.0	148.0	6.0	182.0	5.0	4.0	6.0	6.0	0.0
7	4	9	-0.7711031419613089	0.779677166128556	1.0017172295363481	43076.0	169.0	2637.0	6.0	4.0	1986.0	9.0	7.0	1759.0	182.0	6.0	148.0	6.0	5.0	0.0
4	8	9	0.5329080798259915	0.2970485872739306	0.9985096870342772	43530.0	173.0	1532.0	8.0	4.0	3067.0	6.0	7.0	1346.0	183.0	3.0	131.0	4.0	6.0	0.0
4	9	8	-356.5155054035868	1.0	0.5003734129947722	43530.0	1532.0	173.0	8.0	4.0	3067.0	1346.0	131.0	6.0	183.0	4.0	7.0	3.0	6.0	0.0
8	4	9	-0.5321126946322213	0.7026760454476888	1.001497005988024	43530.0	173.0	3067.0	6.0	7.0	1532.0	8.0	4.0	1346.0	183.0	3.0	131.0	6.0	4.0	0.0
5	6	7	1.1000491045378793	0.1356554079853447	0.24242424242424243	44471.0	764.0	695.0	52.0	5.0	686.0	27.0	5.0	35.0	3177.0	17.0	5.0	31.0	30.0	0.0
5	7	6	-99999.9	1.0	-0.8888888888888888	44471.0	695.0	764.0	52.0	5.0	686.0	35.0	5.0	27.0	3177.0	31.0	5.0	17.0	30.0	0.0
6	5	7	-2.337604347142997	0.9902961293391852	0.40476190476190477	44471.0	764.0	686.0	27.0	5.0	695.0	52.0	5.0	35.0	3177.0	17.0	5.0	30.0	31.0	0.0
5	6	8	0.904731920821991	0.18280368552305748	0.9962825278810409	43709.0	1526.0	711.0	25.0	16.0	691.0	19.0	8.0	1627.0	1523.0	79.0	45.0	10.0	10.0	1.0
5	8	6	-241.56342285947068	1.0	0.5009345794392523	43709.0	711.0	1526.0	25.0	16.0	691.0	1627.0	45.0	19.0	1523.0	10.0	8.0	79.0	10.0	1.0
6	5	8	-0.9013560554457896	0.8163005095092077	1.0037593984962405	43709.0	1526.0	691.0	19.0	8.0	711.0	25.0	16.0	1627.0	1523.0	79.0	45.0	10.0	10.0	1.0
5	6	9	0.0	0.49999999949999996	nan	45056.0	179.0	751.0	1.0	0.0	714.0	1.0	3.0	3020.0	195.0	14.0	65.0	1.0	0.0	0.0
5	9	6	-2083.3079236543867	1.0	0.5	45056.0	751.0	179.0	1.0	0.0	714.0	3020.0	65.0	1.0	195.0	1.0	3.0	14.0	0.0	0.0
6	5	9	0.0	0.49999999949999996	nan	45056.0	179.0	714.0	1.0	3.0	751.0	1.0	0.0	3020.0	195.0	14.0	65.0	0.0	1.0	0.0
5	7	8	0.674441517297675	0.2500152610110953	0.9969078540507111	43640.0	1526.0	780.0	30.0	11.0	694.0	25.0	7.0	1637.0	1518.0	80.0	32.0	9.0	10.0	1.0
5	8	7	-216.7655036594725	1.0	0.5007766387076733	43640.0	780.0	1526.0	30.0	11.0	694.0	1637.0	32.0	25.0	1518.0	9.0	7.0	80.0	10.0	1.0
7	5	8	-0.6723495771075456	0.7493194787813785	1.0031210986267165	43640.0	1526.0	694.0	25.0	7.0	780.0	30.0	11.0	1637.0	1518.0	80.0	32.0	10.0	9.0	1.0
5	7	9	0.4428519188559547	0.3289364525910574	0.9996695307336417	44992.0	174.0	815.0	3.0	3.0	721.0	2.0	3.0	3027.0	194.0	14.0	51.0	1.0	0.0	0.0
5	9	7	-1339.1842026203644	1.0	0.5000826582906266	44992.0	815.0	174.0	3.0	3.0	721.0	3027.0	51.0	2.0	194.0	1.0	3.0	14.0	0.0	0.0
7	5	9	-0.4427055215274073	0.6710105967380824	1.0003307972213034	44992.0	174.0	721.0	2.0	3.0	815.0	3.0	3.0	3027.0	194.0	14.0	51.0	0.0	1.0	0.0
5	8	9	-0.5321191043206835	0.7026782649875967	1.0014781966001478	44249.0	171.0	1558.0	6.0	3.0	2348.0	8.0	7.0	1363.0	185.0	4.0	88.0	4.0	6.0	0.0
5	9	8	-361.0428122815897	1.0	0.4996312684365782	44249.0	1558.0	171.0	6.0	3.0	2348.0	1363.0	88.0	8.0	185.0	4.0	7.0	4.0	6.0	0.0
8	5	9	0.5329045199728174	0.29704981945725817	0.9985283296541575	44249.0	171.0	2348.0	8.0	7.0	1558.0	6.0	3.0	1363.0	185.0	4.0	88.0	6.0	4.0	0.0
6	7	8	0.0	0.49999999949999996	nan	43638.0	1519.0	762.0	24.0	10.0	696.0	24.0	15.0	1652.0	1525.0	82.0	35.0	9.0	9.0	0.0
6	8	7	-234.7371688964885	1.0	0.5	43638.0	762.0	1519.0	24.0	10.0	696.0	1652.0	35.0	24.0	1525.0	9.0	15.0	82.0	9.0	0.0
7	6	8	0.0	0.49999999949999996	nan	43638.0	1519.0	696.0	24.0	15.0	762.0	24.0	10.0	1652.0	1525.0	82.0	35.0	9.0	9.0	0.0
6	7	9	0.44285155440157403	0.3289365844068509	0.9996722386102918	44980.0	177.0	790.0	3.0	3.0	733.0	2.0	0.0	3052.0	193.0	14.0	51.0	1.0	1.0	0.0
6	9	7	-1350.2543893704237	1.0	0.500081980652566	44980.0	790.0	177.0	3.0	3.0	733.0	3052.0	51.0	2.0	193.0	1.0	0.0	14.0	1.0	0.0
7	6	9	-0.44270635717062273	0.6710108989928786	1.0003280839895012	44980.0	177.0	733.0	2.0	0.0	790.0	3.0	3.0	3052.0	193.0	14.0	51.0	1.0	1.0	0.0
6	8	9	-0.7708390493270662	0.7795988962625258	1.0022091310751104	44227.0	173.0	1543.0	6.0	4.0	2370.0	9.0	4.0	1370.0	184.0	4.0	96.0	3.0	7.0	0.0
6	9	8	-350.47482109403745	1.0	0.49944954128440366	44227.0	1543.0	173.0	6.0	4.0	2370.0	1370.0	96.0	9.0	184.0	3.0	4.0	4.0	7.0	0.0
8	6	9	0.7725381802219825	0.21989780625564737	0.9978054133138259	44227.0	173.0	2370.0	9.0	4.0	1543.0	6.0	4.0	1370.0	184.0	4.0	96.0	7.0	3.0	0.0
7	8	9	-0.9382100741453165	0.8259317833788066	1.0029476787030214	44165.0	169.0	1548.0	7.0	3.0	2432.0	11.0	6.0	1372.0	182.0	4.0	89.0	4.0	8.0	0.0
7	9	8	-320.16418780208613	1.0	0.49926632428466616	44165.0	1548.0	169.0	7.0	3.0	2432.0	1372.0	89.0	11.0	182.0	4.0	6.0	4.0	8.0	0.0
8	7	9	0.9409674880296525	0.17336074687062364	0.9970781592403214	44165.0	169.0	2432.0	11.0	6.0	1548.0	7.0	3.0	1372.0	182.0	4.0	89.0	8.0	4.0	0.0
