P1	Hybrid	P2	Zscore	Pvalue	Gamma	AAAA	AAAB	AABA	AABB	AABC	ABAA	ABAB	ABAC	ABBA	BAAA	ABBC	CABC	BACA	BCAA	ABCD
1	2	3	0.2332579574716508	0.4077805982936945	0.9927007299270073	73570.0	4564.0	5678.0	457.0	199.0	7779.0	450.0	264.0	1402.0	4559.0	217.0	390.0	198.0	257.0	16.0
1	3	2	-31.48982425867296	1.0	0.5018450184501846	73570.0	5678.0	4564.0	457.0	199.0	7779.0	1402.0	390.0	450.0	4559.0	198.0	264.0	217.0	257.0	16.0
2	1	3	-0.23154282543141808	0.5915533946359632	1.007462686567164	73570.0	4564.0	7779.0	450.0	264.0	5678.0	457.0	199.0	1402.0	4559.0	217.0	390.0	257.0	198.0	16.0
1	2	4	0.39840026544662693	0.34516763105996506	0.9936046511627907	74034.0	4100.0	5776.0	389.0	169.0	7900.0	378.0	215.0	2087.0	3892.0	199.0	450.0	182.0	217.0	12.0
1	4	2	-61.498513702579174	1.0	0.5016143234517171	74034.0	5776.0	4100.0	389.0	169.0	7900.0	2087.0	450.0	378.0	3892.0	182.0	215.0	199.0	217.0	12.0
2	1	4	-0.3958359571260225	0.6538869246184695	1.006520450503853	74034.0	4100.0	7900.0	378.0	215.0	5776.0	389.0	169.0	2087.0	3892.0	199.0	450.0	217.0	182.0	12.0
1	2	5	-1.2305856504203634	0.8907609949580598	1.0138468195586325	74884.0	3250.0	5872.0	317.0	145.0	7966.0	349.0	178.0	2692.0	3300.0	186.0	518.0	151.0	180.0	12.0
1	5	2	-91.3325287421364	1.0	0.496608732513777	74884.0	5872.0	3250.0	317.0	145.0	7966.0	2692.0	518.0	349.0	3300.0	151.0	178.0	186.0	180.0	12.0
2	1	5	1.2473926247325493	0.10612685320943516	0.9867054424594931	74884.0	3250.0	7966.0	349.0	178.0	5872.0	317.0	145.0	2692.0	3300.0	186.0	518.0	180.0	151.0	12.0
1	2	6	-1.5211516891863206	0.9358890885945981	1.0169344333478072	74957.0	3177.0	5897.0	303.0	134.0	7960.0	342.0	191.0	2684.0	3305.0	189.0	521.0	145.0	184.0	11.0
1	6	2	-92.86826081929827	1.0	0.4958712682616981	74957.0	5897.0	3177.0	303.0	134.0	7960.0	2684.0	521.0	342.0	3305.0	145.0	191.0	189.0	184.0	11.0
2	1	6	1.5464825670164941	0.06099404951953713	0.9838842975206612	74957.0	3177.0	7960.0	342.0	191.0	5897.0	303.0	134.0	2684.0	3305.0	189.0	521.0	184.0	145.0	11.0
1	2	7	-1.17203836788048	0.8794091130553239	1.0128644939965694	74891.0	3243.0	5895.0	308.0	131.0	7974.0	338.0	181.0	2700.0	3277.0	201.0	526.0	144.0	177.0	14.0
1	7	2	-93.45052586567017	1.0	0.49684476230542696	74891.0	5895.0	3243.0	308.0	131.0	7974.0	2700.0	526.0	338.0	3277.0	144.0	181.0	201.0	177.0	14.0
2	1	7	1.1869245452879373	0.11762875537916184	0.9876135425268373	74891.0	3243.0	7974.0	338.0	181.0	5895.0	308.0	131.0	2700.0	3277.0	201.0	526.0	177.0	144.0	14.0
1	2	8	0.129992953817415	0.4482859660696801	0.9990554156171285	75554.0	2580.0	5950.0	268.0	116.0	8085.0	265.0	143.0	3438.0	2573.0	167.0	602.0	117.0	134.0	8.0
1	8	2	-137.35922120040135	1.0	0.5002364811603343	75554.0	5950.0	2580.0	268.0	116.0	8085.0	3438.0	602.0	265.0	2573.0	117.0	143.0	167.0	134.0	8.0
2	1	8	-0.12987004840882618	0.5516654140132622	1.000947268708557	75554.0	2580.0	8085.0	265.0	143.0	5950.0	268.0	116.0	3438.0	2573.0	167.0	602.0	134.0	117.0	8.0
1	2	9	-0.46449828173607116	0.6788545871285713	1.0006934812760055	77796.0	338.0	6285.0	35.0	14.0	8436.0	39.0	18.0	5811.0	342.0	25.0	832.0	13.0	14.0	2.0
1	9	2	-670.735518826887	1.0	0.49982680983720124	77796.0	6285.0	338.0	35.0	14.0	8436.0	5811.0	832.0	39.0	342.0	13.0	18.0	25.0	14.0	2.0
2	1	9	0.46482017936721187	0.3210301353513225	0.9993079584775086	77796.0	338.0	8436.0	39.0	18.0	6285.0	35.0	14.0	5811.0	342.0	25.0	832.0	14.0	13.0	2.0
1	3	4	0.5840524558270866	0.27959246841081464	0.9786950732356857	75115.0	4133.0	4695.0	391.0	134.0	8972.0	375.0	224.0	1110.0	3951.0	146.0	355.0	126.0	254.0	19.0
1	4	3	-26.24585723372971	1.0	0.5055020632737277	75115.0	4695.0	4133.0	391.0	134.0	8972.0	1110.0	355.0	375.0	3951.0	126.0	224.0	146.0	254.0	19.0
3	1	4	-0.571338388761463	0.7161148945804829	1.0227596017069702	75115.0	4133.0	8972.0	375.0	224.0	4695.0	391.0	134.0	1110.0	3951.0	146.0	355.0	254.0	126.0	19.0
1	3	5	-0.8891737828712837	0.8130451879900558	1.0170623145400592	75963.0	3285.0	4793.0	317.0	110.0	9035.0	340.0	196.0	1711.0	3357.0	139.0	430.0	103.0	204.0	17.0
1	5	3	-53.89166318793776	1.0	0.4958408679927668	75963.0	4793.0	3285.0	317.0	110.0	9035.0	1711.0	430.0	340.0	3357.0	103.0	196.0	139.0	204.0	17.0
3	1	5	0.9040906297028224	0.18297364561948437	0.9837685250529288	75963.0	3285.0	9035.0	340.0	196.0	4793.0	317.0	110.0	1711.0	3357.0	139.0	430.0	204.0	103.0	17.0
1	3	6	-0.35206215623648146	0.6376041109331719	1.0065982404692082	76066.0	3182.0	4788.0	320.0	112.0	9030.0	329.0	212.0	1702.0	3361.0	144.0	433.0	102.0	202.0	17.0
1	6	3	-54.06109999097981	1.0	0.4983666061705989	76066.0	4788.0	3182.0	320.0	112.0	9030.0	1702.0	433.0	329.0	3361.0	102.0	212.0	144.0	202.0	17.0
3	1	6	0.35436991982433896	0.36153090138200095	0.9935298346513299	76066.0	3182.0	9030.0	329.0	212.0	4788.0	320.0	112.0	1702.0	3361.0	144.0	433.0	202.0	102.0	17.0
1	3	7	-0.315764195474988	0.6239091827915384	1.0057803468208093	75997.0	3251.0	4789.0	315.0	116.0	9047.0	323.0	201.0	1715.0	3336.0	156.0	438.0	100.0	199.0	17.0
1	7	3	-55.25873420812275	1.0	0.49856733524355307	75997.0	4789.0	3251.0	315.0	116.0	9047.0	1715.0	438.0	323.0	3336.0	100.0	201.0	156.0	199.0	17.0
3	1	7	0.31757893223059136	0.3754022474454861	0.9943181818181818	75997.0	3251.0	9047.0	323.0	201.0	4789.0	315.0	116.0	1715.0	3336.0	156.0	438.0	199.0	100.0	17.0
1	3	8	0.3047899680217949	0.380263129938768	0.9968282736746715	76638.0	2610.0	4866.0	268.0	86.0	9148.0	261.0	162.0	2461.0	2623.0	123.0	516.0	71.0	158.0	9.0
1	8	3	-95.4863428388278	1.0	0.5007967220578192	76638.0	4866.0	2610.0	268.0	86.0	9148.0	2461.0	516.0	261.0	2623.0	71.0	162.0	123.0	158.0	9.0
3	1	8	-0.3038201817599074	0.6193674862767472	1.0032021957914	76638.0	2610.0	9148.0	261.0	162.0	4866.0	268.0	86.0	2461.0	2623.0	123.0	516.0	158.0	71.0	9.0
1	3	9	1.4144065903088847	0.0786213296569982	0.9975108898568762	78910.0	338.0	5171.0	42.0	7.0	9520.0	30.0	21.0	4839.0	346.0	22.0	720.0	18.0	15.0	1.0
1	9	3	-565.409034475973	1.0	0.5006246096189881	78910.0	5171.0	338.0	42.0	7.0	9520.0	4839.0	720.0	30.0	346.0	18.0	21.0	22.0	15.0	1.0
3	1	9	-1.4108771914559612	0.9208595333901803	1.0025078369905955	78910.0	338.0	9520.0	30.0	21.0	5171.0	42.0	7.0	4839.0	346.0	22.0	720.0	15.0	18.0	1.0
1	4	5	0.038805801343446224	0.4845225486586261	0.9984301412872841	76524.0	3286.0	4232.0	333.0	93.0	9889.0	332.0	216.0	968.0	3374.0	110.0	319.0	94.0	223.0	7.0
1	5	4	-24.64168385308828	1.0	0.5003933910306846	76524.0	4232.0	3286.0	333.0	93.0	9889.0	968.0	319.0	332.0	3374.0	94.0	216.0	110.0	223.0	7.0
4	1	5	-0.03874478593252886	0.5154531279615572	1.001577287066246	76524.0	3286.0	9889.0	332.0	216.0	4232.0	333.0	93.0	968.0	3374.0	110.0	319.0	223.0	94.0	7.0
1	4	6	-0.15735573701530967	0.5625177629531581	1.0062794348508635	76614.0	3196.0	4240.0	319.0	99.0	9879.0	323.0	235.0	964.0	3374.0	114.0	322.0	95.0	221.0	5.0
1	6	4	-25.373612593718615	1.0	0.49844479004665626	76614.0	4240.0	3196.0	319.0	99.0	9879.0	964.0	322.0	323.0	3374.0	95.0	235.0	114.0	221.0	5.0
4	1	6	0.15833767609184826	0.43709535082133244	0.9938366718027735	76614.0	3196.0	9879.0	323.0	235.0	4240.0	319.0	99.0	964.0	3374.0	114.0	322.0	221.0	95.0	5.0
1	4	7	0.3210794954547449	0.37407514308974676	0.9880774962742176	76555.0	3255.0	4231.0	318.0	109.0	9914.0	310.0	213.0	973.0	3350.0	129.0	313.0	99.0	222.0	9.0
1	7	4	-26.288383690357165	1.0	0.5030349013657056	76555.0	4231.0	3255.0	318.0	109.0	9914.0	973.0	313.0	310.0	3350.0	99.0	213.0	129.0	222.0	9.0
4	1	7	-0.3172052330661507	0.6244559913839185	1.0123647604327666	76555.0	3255.0	9914.0	310.0	213.0	4231.0	318.0	109.0	973.0	3350.0	129.0	313.0	222.0	99.0	9.0
1	4	8	1.3977871669420865	0.08108854959719125	0.9786950732356857	77214.0	2596.0	4290.0	283.0	85.0	10013.0	251.0	173.0	1721.0	2626.0	105.0	391.0	78.0	171.0	3.0
1	8	4	-62.81306081446006	1.0	0.5055020632737277	77214.0	4290.0	2596.0	283.0	85.0	10013.0	1721.0	391.0	251.0	2626.0	78.0	173.0	105.0	171.0	3.0
4	1	8	-1.3673591469814428	0.9142435591394962	1.0227596017069702	77214.0	2596.0	10013.0	251.0	173.0	4290.0	283.0	85.0	1721.0	2626.0	105.0	391.0	171.0	78.0	3.0
1	4	9	2.4588704331683013	0.006968751517556826	0.9948453608247423	79481.0	329.0	4600.0	47.0	11.0	10388.0	26.0	23.0	4079.0	353.0	20.0	612.0	15.0	16.0	0.0
1	9	4	-472.1031231683155	1.0	0.5012987012987014	79481.0	4600.0	329.0	47.0	11.0	10388.0	4079.0	612.0	26.0	353.0	15.0	23.0	20.0	16.0	0.0
4	1	9	-2.4461301718565482	0.9927800538617029	1.0052356020942408	79481.0	329.0	10388.0	26.0	23.0	4600.0	47.0	11.0	4079.0	353.0	20.0	612.0	16.0	15.0	0.0
1	5	6	-99999.9	1.0	-0.0009140767824497258	79501.0	1255.0	1353.0	2314.0	45.0	10953.0	124.0	99.0	122.0	3652.0	26.0	90.0	16.0	447.0	3.0
1	6	5	0.1275466345090572	0.44925384608224206	0.0009115770282588879	79501.0	1353.0	1255.0	2314.0	45.0	10953.0	122.0	90.0	124.0	3652.0	16.0	99.0	26.0	447.0	3.0
5	1	6	-139.66356478741713	1.0	0.5002282062984938	79501.0	1255.0	10953.0	124.0	99.0	1353.0	2314.0	45.0	122.0	3652.0	26.0	90.0	447.0	16.0	3.0
1	5	7	0.9570660337466091	0.16926695614764542	0.0067294751009421274	79451.0	1305.0	1335.0	2330.0	47.0	10974.0	116.0	86.0	131.0	3625.0	44.0	95.0	18.0	441.0	2.0
1	7	5	-99999.9	1.0	-0.006868131868131868	79451.0	1335.0	1305.0	2330.0	47.0	10974.0	131.0	95.0	116.0	3625.0	18.0	86.0	44.0	441.0	2.0
5	1	7	-140.30588054725325	1.0	0.4983004758667573	79451.0	1305.0	10974.0	116.0	86.0	1335.0	2330.0	47.0	131.0	3625.0	44.0	95.0	441.0	18.0	2.0
1	5	8	1.3987326509193798	0.08094663940907498	0.9641203703703703	78112.0	2644.0	3392.0	269.0	51.0	10761.0	238.0	177.0	1071.0	2654.0	75.0	293.0	63.0	193.0	7.0
1	8	5	-36.18656729152719	1.0	0.509480122324159	78112.0	3392.0	2644.0	269.0	51.0	10761.0	1071.0	293.0	238.0	2654.0	63.0	177.0	75.0	193.0	7.0
5	1	8	-1.3466789748347452	0.9109581132419337	1.0402075226977952	78112.0	2644.0	10761.0	238.0	177.0	3392.0	269.0	51.0	1071.0	2654.0	75.0	293.0	193.0	63.0	7.0
1	5	9	1.9909854351875984	0.023241175057443386	0.99502050380785	80421.0	335.0	3660.0	45.0	7.0	11123.0	28.0	25.0	3425.0	362.0	13.0	531.0	4.0	20.0	1.0
1	9	5	-395.85475123141646	1.0	0.5012542422900989	80421.0	3660.0	335.0	45.0	7.0	11123.0	3425.0	531.0	28.0	362.0	4.0	25.0	13.0	20.0	1.0
5	1	9	-1.9810217164951673	0.9762056501200542	1.0050550104073743	80421.0	335.0	11123.0	28.0	25.0	3660.0	45.0	7.0	3425.0	362.0	13.0	531.0	20.0	4.0	1.0
1	6	7	0.9462209652056963	0.17201793619428563	0.00618374558303887	79568.0	1286.0	1218.0	2353.0	43.0	10981.0	103.0	81.0	117.0	3634.0	41.0	102.0	22.0	450.0	1.0
1	7	6	-99999.9	1.0	-0.0063006300630063005	79568.0	1218.0	1286.0	2353.0	43.0	10981.0	117.0	102.0	103.0	3634.0	22.0	81.0	41.0	450.0	1.0
6	1	7	-151.12500558570986	1.0	0.49843958983504233	79568.0	1286.0	10981.0	103.0	81.0	1218.0	2353.0	43.0	117.0	3634.0	41.0	102.0	450.0	22.0	1.0
1	6	8	1.3707371480588277	0.08522851496929862	0.9650756693830035	78205.0	2649.0	3299.0	262.0	53.0	10756.0	232.0	177.0	1061.0	2656.0	75.0	308.0	67.0	195.0	5.0
1	8	6	-36.50729937663346	1.0	0.5092137592137592	78205.0	3299.0	2649.0	262.0	53.0	10756.0	1061.0	308.0	232.0	2656.0	67.0	177.0	75.0	195.0	5.0
6	1	8	-1.3211326674294372	0.9067713675646012	1.0390117035110533	78205.0	2649.0	10756.0	232.0	177.0	3299.0	262.0	53.0	1061.0	2656.0	75.0	308.0	195.0	67.0	5.0
1	6	9	2.2562157326748586	0.012028524333420942	0.9944314185228605	80521.0	333.0	3560.0	45.0	9.0	11113.0	26.0	26.0	3419.0	360.0	13.0	547.0	8.0	19.0	1.0
1	9	6	-400.6564148444714	1.0	0.5014038717304566	80521.0	3560.0	333.0	45.0	9.0	11113.0	3419.0	547.0	26.0	360.0	8.0	26.0	13.0	19.0	1.0
6	1	9	-2.243581456541401	0.9875703682829526	1.0056631892697467	80521.0	333.0	11113.0	26.0	26.0	3560.0	45.0	9.0	3419.0	360.0	13.0	547.0	19.0	8.0	1.0
1	7	8	1.349617472160593	0.08856942142176327	0.9643281807372176	78145.0	2641.0	3359.0	270.0	53.0	10782.0	240.0	178.0	1051.0	2633.0	75.0	292.0	82.0	195.0	4.0
1	8	7	-35.13504152524742	1.0	0.5094221105527638	78145.0	3359.0	2641.0	270.0	53.0	10782.0	1051.0	292.0	240.0	2633.0	82.0	178.0	75.0	195.0	4.0
7	1	8	-1.2996932746700653	0.9031468739945444	1.0399467376830893	78145.0	2641.0	10782.0	240.0	178.0	3359.0	270.0	53.0	1051.0	2633.0	75.0	292.0	195.0	82.0	4.0
1	7	9	1.9910144327664068	0.023239581078704274	0.9949659461060113	80453.0	333.0	3628.0	45.0	9.0	11146.0	28.0	26.0	3388.0	358.0	13.0	545.0	8.0	19.0	1.0
1	9	7	-391.5271322787099	1.0	0.5012680889154111	80453.0	3628.0	333.0	45.0	9.0	11146.0	3388.0	545.0	28.0	358.0	8.0	26.0	13.0	19.0	1.0
7	1	9	-1.9809408478387194	0.9762011154861622	1.0051112447384245	80453.0	333.0	11146.0	28.0	26.0	3628.0	45.0	9.0	3388.0	358.0	13.0	545.0	19.0	8.0	1.0
1	8	9	1.4641762582411193	0.07157293727287195	0.9949376947040498	81171.0	333.0	2910.0	46.0	8.0	12066.0	33.0	26.0	2588.0	354.0	13.0	425.0	7.0	19.0	1.0
1	9	8	-286.3027729576104	1.0	0.5012752599568374	81171.0	2910.0	333.0	46.0	8.0	12066.0	2588.0	425.0	33.0	354.0	7.0	26.0	13.0	19.0	1.0
8	1	9	-1.45672643774909	0.927404004046891	1.0051403716884144	81171.0	333.0	12066.0	33.0	26.0	2910.0	46.0	8.0	2588.0	354.0	13.0	425.0	19.0	7.0	1.0
2	3	4	0.3106351208685601	0.37803908116896046	0.9895287958115183	77135.0	4214.0	4799.0	339.0	140.0	6952.0	331.0	187.0	1087.0	4039.0	147.0	274.0	128.0	218.0	10.0
2	4	3	-29.044383801210284	1.0	0.5026595744680851	77135.0	4799.0	4214.0	339.0	140.0	6952.0	1087.0	274.0	331.0	4039.0	128.0	187.0	147.0	218.0	10.0
3	2	4	-0.3073479767323849	0.6207106704652509	1.0108108108108107	77135.0	4214.0	6952.0	331.0	187.0	4799.0	339.0	140.0	1087.0	4039.0	147.0	274.0	218.0	128.0	10.0
2	3	5	0.7152799539747265	0.23721796696082742	0.9883879781420765	77983.0	3366.0	4867.0	294.0	117.0	7015.0	277.0	178.0	1724.0	3414.0	135.0	343.0	106.0	170.0	11.0
2	5	3	-60.16766671669758	1.0	0.502954466458116	77983.0	4867.0	3366.0	294.0	117.0	7015.0	1724.0	343.0	277.0	3414.0	106.0	178.0	135.0	170.0	11.0
3	2	5	-0.7068765267338346	0.7601784630547964	1.0120311394196744	77983.0	3366.0	7015.0	277.0	178.0	4867.0	294.0	117.0	1724.0	3414.0	135.0	343.0	170.0	106.0	11.0
2	3	6	1.4222195470906134	0.07748131279382076	0.9777777777777777	78049.0	3300.0	4868.0	291.0	119.0	7047.0	258.0	165.0	1710.0	3424.0	139.0	345.0	110.0	168.0	7.0
2	6	3	-61.155440524896406	1.0	0.5057471264367817	78049.0	4868.0	3300.0	291.0	119.0	7047.0	1710.0	345.0	258.0	3424.0	110.0	165.0	139.0	168.0	7.0
3	2	6	-1.3898963755658267	0.9177197702782736	1.0238095238095237	78049.0	3300.0	7047.0	258.0	165.0	4868.0	291.0	119.0	1710.0	3424.0	139.0	345.0	168.0	110.0	7.0
2	3	7	1.2357054311321707	0.10828410693575297	0.9813829787234043	77991.0	3358.0	4874.0	275.0	129.0	7053.0	247.0	170.0	1723.0	3406.0	144.0	345.0	109.0	169.0	7.0
2	7	3	-63.9036237242637	1.0	0.5047879616963065	77991.0	4874.0	3358.0	275.0	129.0	7053.0	1723.0	345.0	247.0	3406.0	109.0	170.0	144.0	169.0	7.0
3	2	7	-1.212263864687929	0.8872942381188529	1.019718309859155	77991.0	3358.0	7053.0	247.0	170.0	4874.0	275.0	129.0	1723.0	3406.0	144.0	345.0	169.0	109.0	7.0
2	3	8	0.18912662271153707	0.42499680441217624	0.9982190560997328	78673.0	2676.0	4966.0	226.0	86.0	7113.0	222.0	135.0	2464.0	2683.0	126.0	413.0	70.0	140.0	7.0
2	8	3	-105.81634540710584	1.0	0.5004464285714286	78673.0	4966.0	2676.0	226.0	86.0	7113.0	2464.0	413.0	222.0	2683.0	70.0	135.0	126.0	140.0	7.0
3	2	8	-0.18878919787173057	0.5748709646852286	1.001790510295434	78673.0	2676.0	7113.0	222.0	135.0	4966.0	226.0	86.0	2464.0	2683.0	126.0	413.0	140.0	70.0	7.0
2	3	9	2.0631041620887562	0.01955130048366427	0.9971381847914963	80991.0	358.0	5241.0	30.0	7.0	7439.0	16.0	15.0	4894.0	357.0	22.0	595.0	18.0	16.0	1.0
2	9	3	-716.7813317428373	1.0	0.500718538287826	80991.0	5241.0	358.0	30.0	7.0	7439.0	4894.0	595.0	16.0	357.0	18.0	15.0	22.0	16.0	1.0
3	2	9	-2.0571829939318804	0.9801657530060097	1.0028865979381443	80991.0	358.0	7439.0	16.0	15.0	5241.0	30.0	7.0	4894.0	357.0	22.0	595.0	16.0	18.0	1.0
2	4	5	1.496185138541058	0.06730273891231153	0.952054794520548	78555.0	3379.0	4295.0	303.0	95.0	7858.0	268.0	187.0	963.0	3433.0	102.0	261.0	96.0	194.0	11.0
2	5	4	-28.213776898202802	1.0	0.5129151291512916	78555.0	4295.0	3379.0	303.0	95.0	7858.0	963.0	261.0	268.0	3433.0	96.0	187.0	102.0	194.0	11.0
4	2	5	-1.4208376855210048	0.9223179737858388	1.056	78555.0	3379.0	7858.0	268.0	187.0	4295.0	303.0	95.0	963.0	3433.0	102.0	261.0	194.0	96.0	11.0
2	4	6	1.3560857688394365	0.0875360023015993	0.9571230982019364	78607.0	3327.0	4310.0	287.0	96.0	7886.0	256.0	171.0	948.0	3438.0	112.0	268.0	98.0	189.0	7.0
2	6	4	-28.91524816783446	1.0	0.5114560236511456	78607.0	4310.0	3327.0	287.0	96.0	7886.0	948.0	268.0	256.0	3438.0	98.0	171.0	112.0	189.0	7.0
4	2	6	-1.2953362618538549	0.9023978043262035	1.0492063492063493	78607.0	3327.0	7886.0	256.0	171.0	4310.0	287.0	96.0	948.0	3438.0	112.0	268.0	189.0	98.0	7.0
2	4	7	1.7338945722078425	0.041468357483749996	0.9482071713147411	78571.0	3363.0	4294.0	284.0	115.0	7898.0	245.0	170.0	959.0	3418.0	121.0	264.0	99.0	188.0	11.0
2	7	4	-30.009713749751118	1.0	0.5140388768898487	78571.0	4294.0	3363.0	284.0	115.0	7898.0	959.0	264.0	245.0	3418.0	99.0	170.0	121.0	188.0	11.0
4	2	7	-1.6391860451544729	0.9494127526103168	1.0613207547169812	78571.0	3363.0	7898.0	245.0	170.0	4294.0	284.0	115.0	959.0	3418.0	121.0	264.0	188.0	99.0	11.0
2	4	8	1.33888987779013	0.09030332710019251	0.980983606557377	79286.0	2648.0	4353.0	253.0	87.0	7941.0	224.0	148.0	1720.0	2674.0	104.0	329.0	77.0	153.0	3.0
2	8	4	-67.7293603695904	1.0	0.5048936888288896	79286.0	4353.0	2648.0	253.0	87.0	7941.0	1720.0	329.0	224.0	2674.0	77.0	148.0	104.0	153.0	3.0
4	2	8	-1.3129354617099738	0.9053975849136704	1.0201668984700973	79286.0	2648.0	7941.0	224.0	148.0	4353.0	253.0	87.0	1720.0	2674.0	104.0	329.0	153.0	77.0	3.0
2	4	9	3.282920856935903	0.0005137470184335413	0.9944188303809754	81587.0	347.0	4645.0	36.0	12.0	8282.0	13.0	18.0	4111.0	366.0	21.0	535.0	12.0	14.0	1.0
2	9	4	-581.6479344353829	1.0	0.5014070720665605	81587.0	4645.0	347.0	36.0	12.0	8282.0	4111.0	535.0	13.0	366.0	12.0	18.0	21.0	14.0	1.0
4	2	9	-3.2644954836539295	0.9994516433213134	1.0056762092793683	81587.0	347.0	8282.0	13.0	18.0	4645.0	36.0	12.0	4111.0	366.0	21.0	535.0	14.0	12.0	1.0
2	5	6	-99999.9	1.0	-0.0035587188612099642	81541.0	1309.0	1376.0	2361.0	40.0	8913.0	105.0	64.0	97.0	3670.0	30.0	92.0	17.0	382.0	3.0
2	6	5	0.5636531364217459	0.2864950750395948	0.0035211267605633804	81541.0	1376.0	1309.0	2361.0	40.0	8913.0	97.0	92.0	105.0	3670.0	17.0	64.0	30.0	382.0	3.0
5	2	6	-158.95018447093253	1.0	0.5008849557522124	81541.0	1309.0	8913.0	105.0	64.0	1376.0	2361.0	40.0	97.0	3670.0	30.0	92.0	382.0	17.0	3.0
2	5	7	1.240016940058679	0.10748463241279793	0.007420340462680052	81501.0	1349.0	1364.0	2360.0	53.0	8924.0	86.0	72.0	103.0	3657.0	37.0	94.0	19.0	379.0	2.0
2	7	5	-99999.9	1.0	-0.007589285714285714	81501.0	1364.0	1349.0	2360.0	53.0	8924.0	103.0	94.0	86.0	3657.0	19.0	72.0	37.0	379.0	2.0
5	2	7	-164.63048433602594	1.0	0.4981240344294858	81501.0	1349.0	8924.0	86.0	72.0	1364.0	2360.0	53.0	103.0	3657.0	37.0	94.0	379.0	19.0	2.0
2	5	8	1.1880724042343451	0.1174025059281536	0.9695121951219513	80161.0	2689.0	3478.0	240.0	59.0	8712.0	215.0	155.0	1010.0	2706.0	81.0	268.0	54.0	170.0	2.0
2	8	5	-36.592630050417796	1.0	0.5079872204472843	80161.0	3478.0	2689.0	240.0	59.0	8712.0	1010.0	268.0	215.0	2706.0	54.0	155.0	81.0	170.0	2.0
5	2	8	-1.150711636805592	0.8750744994547199	1.0335570469798658	80161.0	2689.0	8712.0	215.0	155.0	3478.0	240.0	59.0	1010.0	2706.0	81.0	268.0	170.0	54.0	2.0
2	5	9	2.7727062785210865	0.0027796715258997517	0.994141769185706	82498.0	352.0	3734.0	36.0	7.0	9046.0	16.0	20.0	3410.0	372.0	15.0	472.0	3.0	19.0	0.0
2	9	5	-467.75554918650846	1.0	0.5014775413711584	82498.0	3734.0	352.0	36.0	7.0	9046.0	3410.0	472.0	16.0	372.0	3.0	20.0	15.0	19.0	0.0
5	2	9	-2.756367408288199	0.997077578632426	1.005963029218843	82498.0	352.0	9046.0	16.0	20.0	3734.0	36.0	7.0	3410.0	372.0	15.0	472.0	19.0	3.0	0.0
2	6	7	1.7129332220491316	0.04336237993935421	0.009397693293464331	81588.0	1329.0	1277.0	2391.0	42.0	8961.0	72.0	69.0	94.0	3663.0	35.0	66.0	27.0	383.0	3.0
2	7	6	-99999.9	1.0	-0.00967032967032967	81588.0	1277.0	1329.0	2391.0	42.0	8961.0	94.0	66.0	72.0	3663.0	27.0	69.0	35.0	383.0	3.0
6	2	7	-178.84580050213	1.0	0.49761698440207974	81588.0	1329.0	8961.0	72.0	69.0	1277.0	2391.0	42.0	94.0	3663.0	35.0	66.0	383.0	27.0	3.0
2	6	8	1.395938693472654	0.08136653408513483	0.9649334945586457	80224.0	2693.0	3415.0	237.0	58.0	8737.0	208.0	157.0	1006.0	2706.0	80.0	247.0	61.0	170.0	1.0
2	8	6	-37.0164432855335	1.0	0.5092533503509892	80224.0	3415.0	2693.0	237.0	58.0	8737.0	1006.0	247.0	208.0	2706.0	61.0	157.0	80.0	170.0	1.0
6	2	8	-1.3452090918301642	0.9107210758842312	1.0391891891891891	80224.0	2693.0	8737.0	208.0	157.0	3415.0	237.0	58.0	1006.0	2706.0	80.0	247.0	170.0	61.0	1.0
2	6	9	3.109353812442228	0.0009375530181882086	0.9935597189695551	82566.0	351.0	3666.0	36.0	8.0	9068.0	14.0	20.0	3408.0	369.0	15.0	452.0	8.0	19.0	0.0
2	9	6	-476.5791388888695	1.0	0.5016257759385162	82566.0	3666.0	351.0	36.0	8.0	9068.0	3408.0	452.0	14.0	369.0	8.0	20.0	15.0	19.0	0.0
6	2	9	-3.089198896745785	0.9989964465183006	1.0065671641791045	82566.0	351.0	9068.0	14.0	20.0	3666.0	36.0	8.0	3408.0	369.0	15.0	452.0	19.0	8.0	0.0
2	7	8	1.2406679654139299	0.10736428470568882	0.9675810473815462	80177.0	2688.0	3462.0	239.0	61.0	8750.0	213.0	158.0	989.0	2692.0	81.0	251.0	70.0	167.0	2.0
2	8	7	-35.78849900232487	1.0	0.508519003931848	80177.0	3462.0	2688.0	239.0	61.0	8750.0	989.0	251.0	213.0	2692.0	70.0	158.0	81.0	167.0	2.0
7	2	8	-1.199099193376865	0.8847552464359131	1.0359116022099448	80177.0	2688.0	8750.0	213.0	158.0	3462.0	239.0	61.0	989.0	2692.0	81.0	251.0	167.0	70.0	2.0
2	7	9	2.6598278337421752	0.00390907388121553	0.9943820224719101	82513.0	352.0	3719.0	35.0	8.0	9086.0	16.0	19.0	3379.0	368.0	15.0	463.0	7.0	19.0	1.0
2	9	7	-468.12969873862136	1.0	0.5014164305949008	82513.0	3719.0	352.0	35.0	8.0	9086.0	3379.0	463.0	16.0	368.0	7.0	19.0	15.0	19.0	1.0
7	2	9	-2.6448005578453264	0.9959130046639786	1.0057142857142858	82513.0	352.0	9086.0	16.0	19.0	3719.0	35.0	8.0	3379.0	368.0	15.0	463.0	19.0	7.0	1.0
2	8	9	2.2527070764008066	0.012138774007690367	0.9934438873891246	83288.0	351.0	2944.0	37.0	7.0	9949.0	20.0	21.0	2596.0	364.0	15.0	383.0	7.0	18.0	0.0
2	9	8	-339.0986710888004	1.0	0.5016553067185978	83288.0	2944.0	351.0	37.0	7.0	9949.0	2596.0	383.0	20.0	364.0	7.0	21.0	15.0	18.0	0.0
8	2	9	-2.237840608893503	0.9873843155355163	1.0066876475216364	83288.0	351.0	9949.0	20.0	21.0	2944.0	37.0	7.0	2596.0	364.0	15.0	383.0	18.0	7.0	0.0
3	4	5	1.0421549009180835	0.1486699597985337	0.9698216735253772	80600.0	3487.0	4398.0	240.0	94.0	5813.0	218.0	129.0	925.0	3563.0	108.0	196.0	97.0	127.0	5.0
3	5	4	-32.448913960403935	1.0	0.5079022988505748	80600.0	4398.0	3487.0	240.0	94.0	5813.0	925.0	196.0	218.0	3563.0	97.0	129.0	108.0	127.0	5.0
4	3	5	-1.009725752657549	0.8436866359924178	1.0331825037707392	80600.0	3487.0	5813.0	218.0	129.0	4398.0	240.0	94.0	925.0	3563.0	108.0	196.0	127.0	97.0	5.0
3	4	6	0.19034421059199447	0.4245197232459692	0.9942938659058488	80682.0	3405.0	4414.0	224.0	94.0	5811.0	220.0	129.0	917.0	3564.0	115.0	195.0	99.0	126.0	5.0
3	6	4	-32.977134485062955	1.0	0.5014388489208633	80682.0	4414.0	3405.0	224.0	94.0	5811.0	917.0	195.0	220.0	3564.0	99.0	129.0	115.0	126.0	5.0
4	3	6	-0.18925184783393423	0.5750522669806125	1.0058055152394776	80682.0	3405.0	5811.0	220.0	129.0	4414.0	224.0	94.0	917.0	3564.0	115.0	195.0	126.0	99.0	5.0
3	4	7	0.7793041484865235	0.21790022173008294	0.9784366576819407	80653.0	3434.0	4391.0	223.0	118.0	5816.0	207.0	137.0	933.0	3543.0	120.0	193.0	100.0	124.0	8.0
3	7	4	-34.58162158908947	1.0	0.5055710306406686	80653.0	4391.0	3434.0	223.0	118.0	5816.0	933.0	193.0	207.0	3543.0	100.0	137.0	120.0	124.0	8.0
4	3	7	-0.7621294014124403	0.7770086782839982	1.0230547550432276	80653.0	3434.0	5816.0	207.0	137.0	4391.0	223.0	118.0	933.0	3543.0	120.0	193.0	124.0	100.0	8.0
3	4	8	1.12669243630858	0.12993632209051453	0.9858702633269107	81344.0	2743.0	4442.0	204.0	86.0	5883.0	182.0	95.0	1717.0	2784.0	95.0	243.0	83.0	92.0	7.0
3	8	4	-77.48571164249452	1.0	0.5036089238845144	81344.0	4442.0	2743.0	204.0	86.0	5883.0	1717.0	243.0	182.0	2784.0	83.0	95.0	95.0	92.0	7.0
4	3	8	-1.1105444013908023	0.8666176998472697	1.0147551978537894	81344.0	2743.0	5883.0	182.0	95.0	4442.0	204.0	86.0	1717.0	2784.0	95.0	243.0	92.0	83.0	7.0
3	4	9	1.8505737517272738	0.032115388922411725	0.9971448965024983	83737.0	350.0	4693.0	27.0	12.0	6132.0	15.0	13.0	4206.0	372.0	18.0	392.0	16.0	17.0	0.0
3	9	4	-644.4623090390235	1.0	0.5007168458781363	83737.0	4693.0	350.0	27.0	12.0	6132.0	4206.0	392.0	15.0	372.0	16.0	13.0	18.0	17.0	0.0
4	3	9	-1.8452750437767305	0.9675012902906808	1.0028797696184306	83737.0	350.0	6132.0	15.0	13.0	4693.0	27.0	12.0	4206.0	372.0	18.0	392.0	17.0	16.0	0.0
3	5	6	-99999.9	1.0	-0.007592675301473872	83671.0	1327.0	1425.0	2353.0	43.0	6783.0	97.0	54.0	80.0	3769.0	29.0	60.0	17.0	291.0	1.0
3	6	5	1.2812823687120933	0.10004732034769381	0.0074235807860262015	83671.0	1425.0	1327.0	2353.0	43.0	6783.0	80.0	60.0	97.0	3769.0	17.0	54.0	29.0	291.0	1.0
5	3	6	-170.03370728320536	1.0	0.5018767939942592	83671.0	1327.0	6783.0	97.0	54.0	1425.0	2353.0	43.0	80.0	3769.0	29.0	60.0	291.0	17.0	1.0
3	5	7	0.4689502108055739	0.319552627861204	0.0026292725679228747	83630.0	1368.0	1414.0	2355.0	52.0	6795.0	79.0	60.0	85.0	3753.0	40.0	62.0	18.0	288.0	1.0
3	7	5	-99999.9	1.0	-0.0026501766784452294	83630.0	1414.0	1368.0	2355.0	52.0	6795.0	85.0	62.0	79.0	3753.0	18.0	60.0	40.0	288.0	1.0
5	3	7	-177.41949642144164	1.0	0.49934007919049717	83630.0	1368.0	6795.0	79.0	60.0	1414.0	2355.0	52.0	85.0	3753.0	40.0	62.0	288.0	18.0	1.0
3	5	8	1.5274432213459077	0.06332543959797143	0.9658823529411765	82219.0	2779.0	3567.0	200.0	54.0	6654.0	171.0	109.0	992.0	2813.0	73.0	197.0	65.0	103.0	4.0
3	8	5	-41.71500107951582	1.0	0.508989460632362	82219.0	3567.0	2779.0	200.0	54.0	6654.0	992.0	197.0	171.0	2813.0	65.0	109.0	73.0	103.0	4.0
5	3	8	-1.473489684903726	0.9296904413130336	1.0380078636959371	82219.0	2779.0	6654.0	171.0	109.0	3567.0	200.0	54.0	992.0	2813.0	73.0	197.0	103.0	65.0	4.0
3	5	9	1.4403153299164835	0.07488914870052499	0.9974093264248705	84640.0	358.0	3790.0	24.0	7.0	6904.0	15.0	15.0	3480.0	384.0	14.0	346.0	4.0	19.0	0.0
3	9	5	-553.0810866879236	1.0	0.5006501950585175	84640.0	3790.0	358.0	24.0	7.0	6904.0	3480.0	346.0	15.0	384.0	4.0	15.0	14.0	19.0	0.0
5	3	9	-1.4365742511374795	0.9245804513335909	1.0026109660574412	84640.0	358.0	6904.0	15.0	15.0	3790.0	24.0	7.0	3480.0	384.0	14.0	346.0	19.0	4.0	0.0
3	6	7	1.9892776468302116	0.02333521356265167	0.010670081092616305	83753.0	1343.0	1291.0	2385.0	47.0	6796.0	67.0	60.0	92.0	3758.0	33.0	54.0	25.0	294.0	2.0
3	7	6	-99999.9	1.0	-0.011022927689594356	83753.0	1291.0	1343.0	2385.0	47.0	6796.0	92.0	54.0	67.0	3758.0	25.0	60.0	33.0	294.0	2.0
6	3	7	-182.45654576726676	1.0	0.49728909130340493	83753.0	1343.0	6796.0	67.0	60.0	1291.0	2385.0	47.0	92.0	3758.0	33.0	54.0	294.0	25.0	2.0
3	6	8	1.5479890733577264	0.060812479140812226	0.966396292004635	82312.0	2784.0	3474.0	195.0	54.0	6649.0	166.0	108.0	1000.0	2812.0	71.0	194.0	71.0	106.0	4.0
3	8	6	-42.97004151906788	1.0	0.5088468578401465	82312.0	3474.0	2784.0	195.0	54.0	6649.0	1000.0	194.0	166.0	2812.0	71.0	108.0	71.0	106.0	4.0
6	3	8	-1.4941621151714262	0.9324333426385909	1.0373711340206186	82312.0	2784.0	6649.0	166.0	108.0	3474.0	195.0	54.0	1000.0	2812.0	71.0	194.0	106.0	71.0	4.0
3	6	9	1.8071081486059395	0.03537265557668756	0.9968445209409065	84739.0	357.0	3691.0	24.0	8.0	6895.0	13.0	15.0	3488.0	381.0	14.0	347.0	9.0	19.0	0.0
3	9	6	-569.0747842519017	1.0	0.5007926214151895	84739.0	3691.0	357.0	24.0	8.0	6895.0	3488.0	347.0	13.0	381.0	9.0	15.0	14.0	19.0	0.0
6	3	9	-1.8013878062650288	0.9641791642100339	1.0031856356791196	84739.0	357.0	6895.0	13.0	15.0	3691.0	24.0	8.0	3488.0	381.0	14.0	347.0	19.0	9.0	0.0
3	7	8	1.2566754910135647	0.10443565194051763	0.9711884753901561	82269.0	2775.0	3517.0	199.0	59.0	6658.0	175.0	109.0	984.0	2795.0	71.0	201.0	79.0	104.0	5.0
3	8	7	-41.103760851902	1.0	0.5075282308657465	82269.0	3517.0	2775.0	199.0	59.0	6658.0	984.0	201.0	175.0	2795.0	79.0	109.0	71.0	104.0	5.0
7	3	8	-1.2193946359031498	0.8886527107626736	1.0315374507227333	82269.0	2775.0	6658.0	175.0	109.0	3517.0	199.0	59.0	984.0	2795.0	71.0	201.0	104.0	79.0	5.0
3	7	9	1.2969391669122572	0.09732612738233049	0.9976804870977095	84687.0	357.0	3743.0	23.0	9.0	6912.0	15.0	15.0	3456.0	380.0	14.0	362.0	8.0	19.0	0.0
3	9	7	-556.5490200012218	1.0	0.5005819028222287	84687.0	3743.0	357.0	23.0	9.0	6912.0	3456.0	362.0	15.0	380.0	8.0	15.0	14.0	19.0	0.0
7	3	9	-1.293923905844167	0.9021540787777389	1.0023357664233576	84687.0	357.0	6912.0	15.0	15.0	3743.0	23.0	9.0	3456.0	380.0	14.0	362.0	19.0	8.0	0.0
3	8	9	0.7621614725259629	0.222981752187409	0.9981082103670071	85429.0	357.0	3001.0	24.0	8.0	7808.0	19.0	16.0	2657.0	378.0	14.0	265.0	6.0	17.0	1.0
3	9	8	-401.3542314321714	1.0	0.5004742933029785	85429.0	3001.0	357.0	24.0	8.0	7808.0	2657.0	265.0	19.0	378.0	6.0	16.0	14.0	17.0	1.0
8	3	9	-0.7607168905082867	0.7765869747272116	1.001902587519026	85429.0	357.0	7808.0	19.0	16.0	3001.0	24.0	8.0	2657.0	378.0	14.0	265.0	17.0	6.0	1.0
4	5	6	0.42745694501200143	0.33452330600959534	0.0021891418563922947	85048.0	1365.0	1445.0	2345.0	44.0	5406.0	66.0	47.0	71.0	3831.0	28.0	49.0	17.0	237.0	1.0
4	6	5	-99999.9	1.0	-0.0022036139268400176	85048.0	1445.0	1365.0	2345.0	44.0	5406.0	71.0	49.0	66.0	3831.0	17.0	47.0	28.0	237.0	1.0
5	4	6	-194.40741859145893	1.0	0.49945091148693166	85048.0	1365.0	5406.0	66.0	47.0	1445.0	2345.0	44.0	71.0	3831.0	28.0	49.0	237.0	17.0	1.0
4	5	7	1.2484849608222122	0.10592682476457871	0.006524575902566334	85034.0	1379.0	1435.0	2349.0	50.0	5391.0	65.0	63.0	80.0	3808.0	42.0	46.0	17.0	239.0	2.0
4	7	5	-99999.9	1.0	-0.006654835847382432	85034.0	1435.0	1379.0	2349.0	50.0	5391.0	80.0	46.0	65.0	3808.0	17.0	63.0	42.0	239.0	2.0
5	4	7	-188.85415840704	1.0	0.49835273446079503	85034.0	1379.0	5391.0	65.0	63.0	1435.0	2349.0	50.0	80.0	3808.0	42.0	46.0	239.0	17.0	2.0
4	5	8	0.055666053241686525	0.4778038527143097	0.9988009592326139	83610.0	2803.0	3617.0	162.0	55.0	5263.0	161.0	95.0	994.0	2858.0	78.0	145.0	61.0	96.0	2.0
4	8	5	-46.31415629708309	1.0	0.5003003003003003	83610.0	3617.0	2803.0	162.0	55.0	5263.0	994.0	145.0	161.0	2858.0	61.0	95.0	78.0	96.0	2.0
5	4	8	-0.055599227247398776	0.5221695287810395	1.0012033694344165	83610.0	2803.0	5263.0	161.0	95.0	3617.0	162.0	55.0	994.0	2858.0	78.0	145.0	96.0	61.0	2.0
4	5	9	-0.3423846566066274	0.6339692165300933	1.0005711022272987	86058.0	355.0	3811.0	16.0	7.0	5486.0	18.0	15.0	3522.0	394.0	14.0	283.0	4.0	17.0	0.0
4	9	5	-600.2003030314124	1.0	0.49985734664764625	86058.0	3811.0	355.0	16.0	7.0	5486.0	3522.0	283.0	18.0	394.0	4.0	15.0	14.0	17.0	0.0
5	4	9	0.3425800816389371	0.36595726095697745	0.999429874572406	86058.0	355.0	5486.0	18.0	15.0	3811.0	16.0	7.0	3522.0	394.0	14.0	283.0	17.0	4.0	0.0
4	6	7	0.9378293293992876	0.17416604832003102	0.004275331338178709	85139.0	1354.0	1330.0	2381.0	43.0	5410.0	52.0	64.0	62.0	3813.0	39.0	45.0	25.0	243.0	0.0
4	7	6	-99999.9	1.0	-0.004330879168471199	85139.0	1330.0	1354.0	2381.0	43.0	5410.0	62.0	45.0	52.0	3813.0	25.0	64.0	39.0	243.0	0.0
6	4	7	-217.48262148769496	1.0	0.49892426850258176	85139.0	1354.0	5410.0	52.0	64.0	1330.0	2381.0	43.0	62.0	3813.0	39.0	45.0	243.0	25.0	0.0
4	6	8	0.11407814587300832	0.4545878756855748	0.9975845410628019	83684.0	2809.0	3543.0	155.0	56.0	5277.0	153.0	96.0	979.0	2860.0	75.0	146.0	67.0	98.0	2.0
4	8	6	-47.00019609967982	1.0	0.5006060606060607	83684.0	3543.0	2809.0	155.0	56.0	5277.0	979.0	146.0	153.0	2860.0	67.0	96.0	75.0	98.0	2.0
6	4	8	-0.11380192760212939	0.545302642353672	1.002433090024331	83684.0	2809.0	5277.0	153.0	96.0	3543.0	155.0	56.0	979.0	2860.0	75.0	146.0	98.0	67.0	2.0
4	6	9	0.0	0.49999999949999996	nan	86138.0	355.0	3731.0	15.0	8.0	5496.0	15.0	15.0	3508.0	392.0	14.0	287.0	9.0	17.0	0.0
4	9	6	-636.671394925425	1.0	0.5	86138.0	3731.0	355.0	15.0	8.0	5496.0	3508.0	287.0	15.0	392.0	9.0	15.0	14.0	17.0	0.0
6	4	9	0.0	0.49999999949999996	nan	86138.0	355.0	5496.0	15.0	15.0	3731.0	15.0	8.0	3508.0	392.0	14.0	287.0	17.0	9.0	0.0
4	7	8	0.0	0.49999999949999996	nan	83667.0	2802.0	3560.0	161.0	57.0	5260.0	161.0	96.0	975.0	2839.0	76.0	167.0	80.0	98.0	1.0
4	8	7	-45.35540428570667	1.0	0.5	83667.0	3560.0	2802.0	161.0	57.0	5260.0	975.0	167.0	161.0	2839.0	80.0	96.0	76.0	98.0	1.0
7	4	8	0.0	0.49999999949999996	nan	83667.0	2802.0	5260.0	161.0	96.0	3560.0	161.0	57.0	975.0	2839.0	76.0	167.0	98.0	80.0	1.0
4	7	9	-0.5376713730689207	0.7045980480008431	1.000865800865801	86114.0	355.0	3755.0	14.0	9.0	5485.0	17.0	15.0	3485.0	391.0	14.0	321.0	8.0	17.0	0.0
4	9	7	-622.0857786407411	1.0	0.49978383052313013	86114.0	3755.0	355.0	14.0	9.0	5485.0	3485.0	321.0	17.0	391.0	8.0	15.0	14.0	17.0	0.0
7	4	9	0.5381364867134439	0.2952413909322632	0.9991364421416234	86114.0	355.0	5485.0	17.0	15.0	3755.0	14.0	9.0	3485.0	391.0	14.0	321.0	17.0	8.0	0.0
4	8	9	-0.9971126589586654	0.840645076660617	1.002262443438914	86871.0	356.0	2998.0	15.0	7.0	6366.0	21.0	15.0	2679.0	387.0	14.0	246.0	8.0	17.0	0.0
4	9	8	-442.71802057764455	1.0	0.49943630214205187	86871.0	2998.0	356.0	15.0	7.0	6366.0	2679.0	246.0	21.0	387.0	8.0	15.0	14.0	17.0	0.0
8	4	9	0.999363477601913	0.158809332390481	0.9977528089887641	86871.0	356.0	6366.0	21.0	15.0	2998.0	15.0	7.0	2679.0	387.0	14.0	246.0	17.0	8.0	0.0
5	6	7	0.09628103511593245	0.46164862709947063	0.0	89057.0	1397.0	1368.0	102.0	8.0	1492.0	55.0	18.0	55.0	6300.0	58.0	14.0	41.0	35.0	0.0
5	7	6	0.09628103511593245	0.46164862709947063	0.0	89057.0	1368.0	1397.0	102.0	8.0	1492.0	55.0	14.0	55.0	6300.0	41.0	18.0	58.0	35.0	0.0
6	5	7	-4.479238614423322	0.9999962511469956	0.5	89057.0	1397.0	1492.0	55.0	18.0	1368.0	102.0	8.0	55.0	6300.0	58.0	14.0	35.0	41.0	0.0
5	6	8	0.22079489503087787	0.4126261085959395	0.9993678887484198	87458.0	2996.0	1415.0	42.0	21.0	1503.0	40.0	22.0	3202.0	3054.0	157.0	51.0	22.0	17.0	0.0
5	8	6	-348.85593414878673	1.0	0.500158177791838	87458.0	1415.0	2996.0	42.0	21.0	1503.0	3202.0	51.0	40.0	3054.0	22.0	22.0	157.0	17.0	0.0
6	5	8	-0.22065523981580457	0.5873195179153794	1.0006333122229258	87458.0	2996.0	1503.0	40.0	22.0	1415.0	42.0	21.0	3202.0	3054.0	157.0	51.0	17.0	22.0	0.0
5	6	9	0.5326875662442837	0.29712491875485214	0.9996649355000837	90076.0	378.0	1468.0	8.0	2.0	1558.0	6.0	1.0	5973.0	416.0	24.0	85.0	5.0	0.0	0.0
5	9	6	-1588.740666323528	1.0	0.5000838082467314	90076.0	1468.0	378.0	8.0	2.0	1558.0	5973.0	85.0	6.0	416.0	5.0	1.0	24.0	0.0	0.0
6	5	9	-0.5325090217273591	0.70281327092064	1.000335401643468	90076.0	378.0	1558.0	6.0	1.0	1468.0	8.0	2.0	5973.0	416.0	24.0	85.0	0.0	5.0	0.0
5	7	8	0.0	0.49999999949999996	nan	87435.0	2990.0	1438.0	47.0	22.0	1492.0	47.0	22.0	3205.0	3034.0	157.0	59.0	35.0	17.0	0.0
5	8	7	-325.5497108586792	1.0	0.5	87435.0	1438.0	2990.0	47.0	22.0	1492.0	3205.0	59.0	47.0	3034.0	35.0	22.0	157.0	17.0	0.0
7	5	8	0.0	0.49999999949999996	nan	87435.0	2990.0	1492.0	47.0	22.0	1438.0	47.0	22.0	3205.0	3034.0	157.0	59.0	17.0	35.0	0.0
5	7	9	-0.5325087327776359	0.7028131708843748	1.0003362474781439	90047.0	378.0	1497.0	6.0	4.0	1552.0	8.0	1.0	5958.0	415.0	23.0	106.0	4.0	1.0	0.0
5	9	7	-1584.7459887462749	1.0	0.49991598050747776	90047.0	1497.0	378.0	6.0	4.0	1552.0	5958.0	106.0	8.0	415.0	4.0	1.0	23.0	1.0	0.0
7	5	9	0.5326877273096621	0.2971248629982841	0.9996640913671482	90047.0	378.0	1552.0	8.0	1.0	1497.0	6.0	4.0	5958.0	415.0	23.0	106.0	1.0	4.0	0.0
5	8	9	-0.7283949991495657	0.7668141574342595	1.001492537313433	88506.0	367.0	3038.0	13.0	8.0	4731.0	17.0	8.0	2701.0	402.0	13.0	184.0	8.0	4.0	0.0
5	9	8	-489.48143942850743	1.0	0.49962769918093825	88506.0	3038.0	367.0	13.0	8.0	4731.0	2701.0	184.0	17.0	402.0	8.0	8.0	13.0	4.0	0.0
8	5	9	0.7294805356609659	0.2328538157200717	0.9985141158989599	88506.0	367.0	4731.0	17.0	8.0	3038.0	13.0	8.0	2701.0	402.0	13.0	184.0	4.0	8.0	0.0
6	7	8	-0.1138683847447904	0.5453289836424122	1.0003126954346466	87550.0	2999.0	1411.0	38.0	21.0	1377.0	39.0	21.0	3238.0	3040.0	159.0	53.0	34.0	20.0	0.0
6	8	7	-364.3788311833299	1.0	0.4999218627910611	87550.0	1411.0	2999.0	38.0	21.0	1377.0	3238.0	53.0	39.0	3040.0	34.0	21.0	159.0	20.0	0.0
7	6	8	0.11390397973845867	0.4546569078280882	0.999687597625742	87550.0	2999.0	1377.0	39.0	21.0	1411.0	38.0	21.0	3238.0	3040.0	159.0	53.0	20.0	34.0	0.0
6	7	9	-0.9001031372657328	0.8159673458630345	1.0005009183503089	90171.0	378.0	1463.0	4.0	3.0	1428.0	7.0	2.0	5999.0	414.0	24.0	99.0	3.0	4.0	1.0
6	9	7	-1798.7061026360327	1.0	0.49987486443647283	90171.0	1463.0	378.0	4.0	3.0	1428.0	5999.0	99.0	7.0	414.0	3.0	2.0	24.0	4.0	1.0
7	6	9	0.9005537897042837	0.18391277778801207	0.9994998332777593	90171.0	378.0	1428.0	7.0	2.0	1463.0	4.0	3.0	5999.0	414.0	24.0	99.0	4.0	3.0	1.0
6	8	9	-1.091914952183152	0.8625647156099847	1.0022404779686334	88596.0	365.0	3038.0	12.0	8.0	4641.0	18.0	9.0	2702.0	398.0	13.0	183.0	8.0	9.0	0.0
6	9	8	-489.5418702287795	1.0	0.49944175660588014	88596.0	3038.0	365.0	12.0	8.0	4641.0	2702.0	183.0	18.0	398.0	8.0	9.0	13.0	9.0	0.0
8	6	9	1.0943558946992096	0.1368995024954056	0.9977744807121661	88596.0	365.0	4641.0	18.0	9.0	3038.0	12.0	8.0	2702.0	398.0	13.0	183.0	9.0	8.0	0.0
7	8	9	-0.5375885461868293	0.7045694512647759	1.0011244377811095	88562.0	365.0	3037.0	14.0	8.0	4675.0	17.0	10.0	2688.0	397.0	13.0	198.0	8.0	8.0	0.0
7	9	8	-479.1705908345329	1.0	0.49971936389148736	88562.0	3037.0	365.0	14.0	8.0	4675.0	2688.0	198.0	17.0	397.0	8.0	10.0	13.0	8.0	0.0
8	7	9	0.5381923521166535	0.2952221084368041	0.9988793425476279	88562.0	365.0	4675.0	17.0	10.0	3037.0	14.0	8.0	2688.0	397.0	13.0	198.0	8.0	8.0	0.0
