P1	Hybrid	P2	Zscore	Pvalue	Gamma	AAAA	AAAB	AABA	AABB	AABC	ABAA	ABAB	ABAC	ABBA	BAAA	ABBC	CABC	BACA	BCAA	ABCD
1	2	3	-1.0112387477437383	0.8440488985173211	1.0909090909090908	7354.0	402.0	597.0	39.0	19.0	813.0	49.0	30.0	169.0	428.0	21.0	45.0	15.0	18.0	1.0
1	3	2	-13.146103720668602	1.0	0.48000000000000004	7354.0	597.0	402.0	39.0	19.0	813.0	169.0	45.0	49.0	428.0	15.0	30.0	21.0	18.0	1.0
2	1	3	1.09550864338905	0.13664697343307508	0.9285714285714286	7354.0	402.0	813.0	49.0	30.0	597.0	39.0	19.0	169.0	428.0	21.0	45.0	18.0	15.0	1.0
1	2	4	-0.7695103983321945	0.7792048785731385	1.0625	7352.0	404.0	602.0	35.0	18.0	824.0	42.0	26.0	161.0	445.0	12.0	44.0	17.0	18.0	0.0
1	4	2	-13.851187169979507	1.0	0.4857142857142857	7352.0	602.0	404.0	35.0	18.0	824.0	161.0	44.0	42.0	445.0	17.0	26.0	12.0	18.0	0.0
2	1	4	0.8147757158811471	0.20760029535751046	0.9473684210526315	7352.0	404.0	824.0	42.0	26.0	602.0	35.0	18.0	161.0	445.0	12.0	44.0	18.0	17.0	0.0
1	2	5	0.5120858066817842	0.30429547087160036	0.9798994974874372	7375.0	381.0	609.0	33.0	13.0	836.0	29.0	27.0	224.0	378.0	16.0	50.0	12.0	16.0	1.0
1	5	2	-24.45209726905522	1.0	0.5051813471502591	7375.0	609.0	381.0	33.0	13.0	836.0	224.0	50.0	29.0	378.0	12.0	27.0	16.0	16.0	1.0
2	1	5	-0.5015814824421577	0.6920190283948631	1.0213903743315509	7375.0	381.0	836.0	29.0	27.0	609.0	33.0	13.0	224.0	378.0	16.0	50.0	16.0	12.0	1.0
1	2	6	-1.4423433851039515	0.9253971915513777	1.04	7472.0	284.0	625.0	22.0	8.0	840.0	33.0	19.0	319.0	279.0	20.0	55.0	12.0	11.0	1.0
1	6	2	-38.943271397806654	1.0	0.49056603773584906	7472.0	625.0	284.0	22.0	8.0	840.0	319.0	55.0	33.0	279.0	12.0	19.0	20.0	11.0	1.0
2	1	6	1.4978181306848728	0.06709028477841728	0.9642857142857143	7472.0	284.0	840.0	33.0	19.0	625.0	22.0	8.0	319.0	279.0	20.0	55.0	11.0	12.0	1.0
1	2	7	-0.5846796877548197	0.7206184849692995	1.013029315960912	7507.0	249.0	621.0	21.0	13.0	857.0	25.0	10.0	336.0	267.0	15.0	59.0	8.0	12.0	0.0
1	7	2	-46.043525410692105	1.0	0.4968051118210863	7507.0	621.0	249.0	21.0	13.0	857.0	336.0	59.0	25.0	267.0	8.0	10.0	15.0	12.0	0.0
2	1	7	0.5921996837388045	0.2768583954715773	0.987460815047022	7507.0	249.0	857.0	25.0	10.0	621.0	21.0	13.0	336.0	267.0	15.0	59.0	12.0	8.0	0.0
1	2	8	-0.7214513519315754	0.7646841386215533	1.0163398692810457	7509.0	247.0	621.0	21.0	13.0	854.0	26.0	12.0	337.0	266.0	15.0	59.0	8.0	12.0	0.0
1	8	2	-45.595725442075626	1.0	0.49601275917065396	7509.0	621.0	247.0	21.0	13.0	854.0	337.0	59.0	26.0	266.0	8.0	12.0	15.0	12.0	0.0
2	1	8	0.7330502482648806	0.23176382231880777	0.9844236760124611	7509.0	247.0	854.0	26.0	12.0	621.0	21.0	13.0	337.0	266.0	15.0	59.0	12.0	8.0	0.0
1	2	9	-0.2815999036553118	0.610874777546133	1.0063291139240507	7508.0	248.0	625.0	24.0	6.0	852.0	26.0	14.0	344.0	258.0	16.0	59.0	9.0	11.0	0.0
1	9	2	-45.05598458484984	1.0	0.4984326018808778	7508.0	625.0	248.0	24.0	6.0	852.0	344.0	59.0	26.0	258.0	9.0	14.0	16.0	11.0	0.0
2	1	9	0.28337097223176033	0.3884463045998595	0.9937888198757764	7508.0	248.0	852.0	26.0	14.0	625.0	24.0	6.0	344.0	258.0	16.0	59.0	11.0	9.0	0.0
1	3	4	-0.10053615906378888	0.540040718053819	-0.0	7534.0	417.0	420.0	33.0	7.0	955.0	45.0	27.0	45.0	441.0	6.0	29.0	18.0	23.0	0.0
1	4	3	-0.10053615906378888	0.540040718053819	-0.0	7534.0	420.0	417.0	33.0	7.0	955.0	45.0	29.0	45.0	441.0	18.0	27.0	6.0	23.0	0.0
3	1	4	1.2642089207636973	0.10307759367143188	0.5	7534.0	417.0	955.0	45.0	27.0	420.0	33.0	7.0	45.0	441.0	6.0	29.0	23.0	18.0	0.0
1	3	5	-1.062453270531911	0.8559849867550543	1.1384615384615384	7565.0	386.0	419.0	26.0	15.0	966.0	35.0	26.0	109.0	371.0	12.0	35.0	13.0	20.0	2.0
1	5	3	-9.798180161572068	1.0	0.4713375796178344	7565.0	419.0	386.0	26.0	15.0	966.0	109.0	35.0	35.0	371.0	13.0	26.0	12.0	20.0	2.0
3	1	5	1.1916705601911974	0.11669528671584284	0.9021739130434783	7565.0	386.0	966.0	35.0	26.0	419.0	26.0	15.0	109.0	371.0	12.0	35.0	20.0	13.0	2.0
1	3	6	-1.8510110329851068	0.9679160775851396	1.1006711409395973	7662.0	289.0	435.0	21.0	4.0	973.0	36.0	18.0	200.0	276.0	16.0	41.0	12.0	16.0	1.0
1	6	3	-22.08873166028893	1.0	0.478134110787172	7662.0	435.0	289.0	21.0	4.0	973.0	200.0	41.0	36.0	276.0	12.0	18.0	16.0	16.0	1.0
3	1	6	2.020310822587403	0.021675509994237396	0.9226804123711341	7662.0	289.0	973.0	36.0	18.0	435.0	21.0	4.0	200.0	276.0	16.0	41.0	16.0	12.0	1.0
1	3	7	-1.2194369888850414	0.888660744199129	1.0491803278688525	7695.0	256.0	433.0	21.0	6.0	986.0	30.0	11.0	222.0	259.0	11.0	44.0	11.0	14.0	1.0
1	7	3	-27.234092751765928	1.0	0.48854961832061067	7695.0	433.0	256.0	21.0	6.0	986.0	222.0	44.0	30.0	259.0	11.0	11.0	11.0	14.0	1.0
3	1	7	1.2765980977390277	0.1008721556079013	0.9571428571428572	7695.0	256.0	986.0	30.0	11.0	433.0	21.0	6.0	222.0	259.0	11.0	44.0	14.0	11.0	1.0
1	3	8	-1.4766516951709614	0.9301154503640533	1.0607734806629834	7698.0	253.0	432.0	20.0	8.0	983.0	31.0	13.0	223.0	258.0	11.0	44.0	11.0	14.0	1.0
1	8	3	-27.250935829064108	1.0	0.4860759493670886	7698.0	432.0	253.0	20.0	8.0	983.0	223.0	44.0	31.0	258.0	11.0	13.0	11.0	14.0	1.0
3	1	8	1.5612515318734645	0.05923221874754292	0.9485981308411215	7698.0	253.0	983.0	31.0	13.0	432.0	20.0	8.0	223.0	258.0	11.0	44.0	14.0	11.0	1.0
1	3	9	-1.0998230489733225	0.8642953419194483	1.0427807486631016	7699.0	252.0	434.0	21.0	5.0	985.0	29.0	13.0	224.0	256.0	12.0	46.0	8.0	15.0	1.0
1	9	3	-27.90800986769807	1.0	0.4899497487437186	7699.0	434.0	252.0	21.0	5.0	985.0	224.0	46.0	29.0	256.0	8.0	13.0	12.0	15.0	1.0
3	1	9	1.1449439945722282	0.126116234530675	0.9620853080568721	7699.0	252.0	985.0	29.0	13.0	434.0	21.0	5.0	224.0	256.0	12.0	46.0	15.0	8.0	1.0
1	4	5	-0.12310774118893908	0.5489891496743461	1.013157894736842	7571.0	383.0	413.0	32.0	12.0	970.0	33.0	26.0	110.0	382.0	12.0	30.0	4.0	21.0	1.0
1	5	4	-9.60240381273722	1.0	0.4967741935483871	7571.0	413.0	383.0	32.0	12.0	970.0	110.0	30.0	33.0	382.0	4.0	26.0	12.0	21.0	1.0
4	1	5	0.12470654302256168	0.45037789959239016	0.9873417721518988	7571.0	383.0	970.0	33.0	26.0	413.0	32.0	12.0	110.0	382.0	12.0	30.0	21.0	4.0	1.0
1	4	6	-0.7572779633834641	0.7755583920039513	1.0372670807453417	7673.0	281.0	424.0	27.0	6.0	977.0	33.0	19.0	200.0	287.0	17.0	37.0	4.0	15.0	0.0
1	6	4	-21.834847944223228	1.0	0.49117647058823527	7673.0	424.0	281.0	27.0	6.0	977.0	200.0	37.0	33.0	287.0	4.0	19.0	17.0	15.0	0.0
4	1	6	0.7844855548822711	0.2163775642105059	0.9664804469273743	7673.0	281.0	977.0	33.0	19.0	424.0	27.0	6.0	200.0	287.0	17.0	37.0	15.0	4.0	0.0
1	4	7	0.14606362725196642	0.4419355591113865	0.9949494949494949	7704.0	250.0	424.0	24.0	9.0	995.0	23.0	11.0	220.0	271.0	13.0	37.0	6.0	13.0	0.0
1	7	4	-28.62847094138545	1.0	0.5012722646310434	7704.0	424.0	250.0	24.0	9.0	995.0	220.0	37.0	23.0	271.0	6.0	11.0	13.0	13.0	0.0
4	1	7	-0.14532218751972295	0.5577717725907817	1.005128205128205	7704.0	250.0	995.0	23.0	11.0	424.0	24.0	9.0	220.0	271.0	13.0	37.0	13.0	6.0	0.0
1	4	8	-0.14532415832024634	0.5577725505661919	1.0051020408163265	7704.0	250.0	426.0	23.0	8.0	993.0	24.0	12.0	221.0	270.0	13.0	36.0	6.0	13.0	1.0
1	8	4	-28.774183347408826	1.0	0.49873417721518987	7704.0	426.0	250.0	23.0	8.0	993.0	221.0	36.0	24.0	270.0	6.0	12.0	13.0	13.0	1.0
4	1	8	0.14606184440309022	0.44193626281687337	0.9949748743718593	7704.0	250.0	993.0	24.0	12.0	426.0	23.0	8.0	221.0	270.0	13.0	36.0	13.0	6.0	1.0
1	4	9	-1.2709747090654646	0.898131108150095	1.0471204188481675	7702.0	252.0	431.0	19.0	7.0	988.0	28.0	13.0	228.0	261.0	15.0	39.0	4.0	13.0	0.0
1	9	4	-29.51485713274245	1.0	0.4889975550122249	7702.0	431.0	252.0	19.0	7.0	988.0	228.0	39.0	28.0	261.0	4.0	13.0	15.0	13.0	0.0
4	1	9	1.3281685709734103	0.09206127791897434	0.9587155963302753	7702.0	252.0	988.0	28.0	13.0	431.0	19.0	7.0	228.0	261.0	15.0	39.0	13.0	4.0	0.0
1	5	6	-0.5026462808096691	0.6923935106854453	1.0476190476190477	7704.0	280.0	393.0	28.0	6.0	1059.0	32.0	19.0	120.0	286.0	13.0	35.0	6.0	19.0	0.0
1	6	5	-11.56086445862241	1.0	0.4888888888888889	7704.0	393.0	280.0	28.0	6.0	1059.0	120.0	35.0	32.0	286.0	6.0	19.0	13.0	19.0	0.0
5	1	6	0.5254938390282904	0.29961995266601193	0.9583333333333334	7704.0	280.0	1059.0	32.0	19.0	393.0	28.0	6.0	120.0	286.0	13.0	35.0	19.0	6.0	0.0
1	5	7	-0.9601776905871909	0.8315171093261272	1.0648148148148149	7727.0	257.0	401.0	21.0	5.0	1070.0	28.0	12.0	143.0	268.0	8.0	39.0	4.0	17.0	0.0
1	7	5	-16.73452546451961	1.0	0.48523206751054854	7727.0	401.0	257.0	21.0	5.0	1070.0	143.0	39.0	28.0	268.0	4.0	12.0	8.0	17.0	0.0
5	1	7	1.018623289144672	0.15419093872702427	0.9457364341085271	7727.0	257.0	1070.0	28.0	12.0	401.0	21.0	5.0	143.0	268.0	8.0	39.0	17.0	4.0	0.0
1	5	8	-0.9605091831539738	0.8316004999196018	1.0642201834862386	7729.0	255.0	401.0	21.0	5.0	1069.0	28.0	13.0	144.0	267.0	8.0	37.0	5.0	18.0	0.0
1	8	5	-16.87751850399125	1.0	0.48535564853556484	7729.0	401.0	255.0	21.0	5.0	1069.0	144.0	37.0	28.0	267.0	5.0	13.0	8.0	18.0	0.0
5	1	8	1.0184709442063686	0.15422711806034484	0.9461538461538461	7729.0	255.0	1069.0	28.0	13.0	401.0	21.0	5.0	144.0	267.0	8.0	37.0	18.0	5.0	0.0
1	5	9	-0.42211647401191754	0.6635299586429662	1.0256410256410255	7736.0	248.0	397.0	23.0	7.0	1070.0	26.0	14.0	146.0	263.0	10.0	39.0	4.0	17.0	0.0
1	9	5	-17.306775434488614	1.0	0.49382716049382713	7736.0	397.0	248.0	23.0	7.0	1070.0	146.0	39.0	26.0	263.0	4.0	14.0	10.0	17.0	0.0
5	1	9	0.4326693858622154	0.33262752106393356	0.9761904761904762	7736.0	248.0	1070.0	26.0	14.0	397.0	23.0	7.0	146.0	263.0	10.0	39.0	17.0	4.0	0.0
1	6	7	-0.40751903110768994	0.6581865442404482	1.1363636363636362	7840.0	257.0	288.0	22.0	4.0	1176.0	25.0	13.0	50.0	269.0	5.0	26.0	6.0	19.0	0.0
1	7	6	-3.8035109570051024	0.9999286459632812	0.47169811320754723	7840.0	288.0	257.0	22.0	4.0	1176.0	50.0	26.0	25.0	269.0	6.0	13.0	5.0	19.0	0.0
6	1	7	0.4564213148406128	0.32404354262223334	0.9032258064516129	7840.0	257.0	1176.0	25.0	13.0	288.0	22.0	4.0	50.0	269.0	5.0	26.0	19.0	6.0	0.0
1	6	8	-0.14265210408329673	0.5567175511538689	1.0416666666666667	7843.0	254.0	287.0	23.0	4.0	1175.0	24.0	15.0	49.0	270.0	5.0	26.0	6.0	19.0	0.0
1	8	6	-3.70895470616572	0.9998959118285682	0.49019607843137253	7843.0	287.0	254.0	23.0	4.0	1175.0	49.0	26.0	24.0	270.0	6.0	15.0	5.0	19.0	0.0
6	1	8	0.14835818824662858	0.4410300292049818	0.9629629629629629	7843.0	254.0	1175.0	24.0	15.0	287.0	23.0	4.0	49.0	270.0	5.0	26.0	19.0	6.0	0.0
1	6	9	-0.7422145130925049	0.7710213801720822	1.2608695652173914	7844.0	253.0	289.0	22.0	3.0	1171.0	28.0	15.0	57.0	260.0	7.0	27.0	5.0	19.0	0.0
1	9	6	-4.329584659706277	0.9999925248974539	0.453125	7844.0	289.0	253.0	22.0	3.0	1171.0	57.0	27.0	28.0	260.0	5.0	15.0	7.0	19.0	0.0
6	1	9	0.8957761364909542	0.1851861379512283	0.8536585365853658	7844.0	253.0	1171.0	28.0	15.0	289.0	22.0	3.0	57.0	260.0	7.0	27.0	19.0	5.0	0.0
1	7	8	0.4055840781431277	0.34252416168245037	0.0	8093.0	35.0	37.0	246.0	0.0	1246.0	3.0	3.0	3.0	297.0	0.0	1.0	0.0	36.0	0.0
1	8	7	0.4055840781431277	0.34252416168245037	0.0	8093.0	37.0	35.0	246.0	0.0	1246.0	3.0	1.0	3.0	297.0	0.0	3.0	0.0	36.0	0.0
7	1	8	-98.38782411673813	1.0	0.5	8093.0	35.0	1246.0	3.0	3.0	37.0	246.0	0.0	3.0	297.0	0.0	1.0	36.0	0.0	0.0
1	7	9	-0.4068205671811125	0.6579300637634751	-1.0	7874.0	254.0	259.0	19.0	5.0	1209.0	27.0	16.0	31.0	264.0	5.0	15.0	2.0	20.0	0.0
1	9	7	-0.6102308507716687	0.7291456035149486	0.25	7874.0	259.0	254.0	19.0	5.0	1209.0	31.0	15.0	27.0	264.0	2.0	16.0	5.0	20.0	0.0
7	1	9	1.220461701543337	0.11114501660586074	0.6	7874.0	254.0	1209.0	27.0	16.0	259.0	19.0	5.0	31.0	264.0	5.0	15.0	20.0	2.0	0.0
1	8	9	-0.3791133324669245	0.6476980897607442	-1.9999999999999998	7878.0	252.0	255.0	20.0	6.0	1208.0	26.0	16.0	30.0	265.0	5.0	17.0	2.0	20.0	0.0
1	9	8	-0.6318555541115408	0.7362594237853195	0.28571428571428575	7878.0	255.0	252.0	20.0	6.0	1208.0	30.0	17.0	26.0	265.0	2.0	16.0	5.0	20.0	0.0
8	1	9	0.9477833311673118	0.17161987332350492	0.625	7878.0	252.0	1208.0	26.0	16.0	255.0	20.0	6.0	30.0	265.0	5.0	17.0	20.0	2.0	0.0
2	3	4	0.0	0.49999999949999996	nan	7735.0	432.0	441.0	35.0	5.0	754.0	35.0	22.0	32.0	445.0	8.0	21.0	18.0	17.0	0.0
2	4	3	0.35831273647248796	0.36005470714160515	0.5	7735.0	441.0	432.0	35.0	5.0	754.0	32.0	21.0	35.0	445.0	18.0	22.0	8.0	17.0	0.0
3	2	4	0.0	0.49999999949999996	nan	7735.0	432.0	754.0	35.0	22.0	441.0	35.0	5.0	32.0	445.0	8.0	21.0	17.0	18.0	0.0
2	3	5	-1.1429853148248852	0.8734776007334084	1.2156862745098038	7779.0	388.0	432.0	31.0	18.0	752.0	42.0	17.0	104.0	372.0	9.0	27.0	13.0	14.0	2.0
2	5	3	-7.585266180201511	0.9999999999999833	0.45925925925925926	7779.0	432.0	388.0	31.0	18.0	752.0	104.0	27.0	42.0	372.0	13.0	17.0	9.0	14.0	2.0
3	2	5	1.3457730319712353	0.08918792613781756	0.8690476190476191	7779.0	388.0	752.0	42.0	17.0	432.0	31.0	18.0	104.0	372.0	9.0	27.0	14.0	13.0	2.0
2	3	6	0.0	0.49999999949999996	nan	7859.0	308.0	453.0	23.0	5.0	776.0	23.0	12.0	192.0	278.0	15.0	31.0	11.0	12.0	2.0
2	6	3	-24.890650223460174	1.0	0.5	7859.0	453.0	308.0	23.0	5.0	776.0	192.0	31.0	23.0	278.0	11.0	12.0	15.0	12.0	2.0
3	2	6	0.0	0.49999999949999996	nan	7859.0	308.0	776.0	23.0	12.0	453.0	23.0	5.0	192.0	278.0	15.0	31.0	12.0	11.0	2.0
2	3	7	-0.8848189016430527	0.8118728781343281	1.0337078651685394	7907.0	260.0	457.0	19.0	5.0	774.0	25.0	12.0	209.0	264.0	12.0	33.0	11.0	11.0	1.0
2	7	3	-28.01926521869666	1.0	0.4919786096256685	7907.0	457.0	260.0	19.0	5.0	774.0	209.0	33.0	25.0	264.0	11.0	12.0	12.0	11.0	1.0
3	2	7	0.9136716919140218	0.18044466742973375	0.9693877551020407	7907.0	260.0	774.0	25.0	12.0	457.0	19.0	5.0	209.0	264.0	12.0	33.0	11.0	11.0	1.0
2	3	8	-0.8850191864638604	0.8119268930235647	1.0333333333333334	7907.0	260.0	456.0	19.0	6.0	774.0	25.0	12.0	211.0	262.0	12.0	32.0	12.0	11.0	1.0
2	8	3	-28.320613966843545	1.0	0.49206349206349204	7907.0	456.0	260.0	19.0	6.0	774.0	211.0	32.0	25.0	262.0	12.0	12.0	12.0	11.0	1.0
3	2	8	0.9135681924788238	0.18047186902075552	0.9696969696969697	7907.0	260.0	774.0	25.0	12.0	456.0	19.0	6.0	211.0	262.0	12.0	32.0	11.0	12.0	1.0
2	3	9	-0.4331717144125277	0.6675549528296053	1.016304347826087	7905.0	262.0	455.0	22.0	4.0	779.0	25.0	7.0	212.0	260.0	13.0	37.0	8.0	10.0	1.0
2	9	3	-27.43420857946006	1.0	0.4960212201591512	7905.0	455.0	262.0	22.0	4.0	779.0	212.0	37.0	25.0	260.0	8.0	7.0	13.0	10.0	1.0
3	2	9	0.4401209932533705	0.32992476945981375	0.9844559585492227	7905.0	262.0	779.0	25.0	7.0	455.0	22.0	4.0	212.0	260.0	13.0	37.0	10.0	8.0	1.0
2	4	5	-0.2350313188903456	0.592907739850707	1.03125	7786.0	390.0	425.0	34.0	13.0	755.0	36.0	16.0	102.0	386.0	10.0	26.0	5.0	15.0	1.0
2	5	4	-7.991064842271745	0.9999999999999993	0.4925373134328358	7786.0	425.0	390.0	34.0	13.0	755.0	102.0	26.0	36.0	386.0	5.0	16.0	10.0	15.0	1.0
4	2	5	0.24215348006884094	0.4043306712949757	0.9714285714285714	7786.0	390.0	755.0	36.0	16.0	425.0	34.0	13.0	102.0	386.0	10.0	26.0	15.0	5.0	1.0
2	4	6	0.8947695038796812	0.18545512664735586	0.9664804469273743	7873.0	303.0	439.0	26.0	7.0	777.0	20.0	10.0	193.0	289.0	16.0	29.0	3.0	14.0	1.0
2	6	4	-24.904417857984463	1.0	0.5088235294117647	7873.0	439.0	303.0	26.0	7.0	777.0	193.0	29.0	20.0	289.0	3.0	10.0	16.0	14.0	1.0
4	2	6	-0.8637370355370333	0.8061338602788115	1.0372670807453417	7873.0	303.0	777.0	20.0	10.0	439.0	26.0	7.0	193.0	289.0	16.0	29.0	14.0	3.0	1.0
2	4	7	0.47106680835814246	0.31879652760525223	0.9845360824742269	7923.0	253.0	441.0	22.0	9.0	776.0	19.0	12.0	210.0	275.0	13.0	30.0	6.0	11.0	0.0
2	7	4	-29.520186657110287	1.0	0.503957783641161	7923.0	441.0	253.0	22.0	9.0	776.0	210.0	30.0	19.0	275.0	6.0	12.0	13.0	11.0	0.0
4	2	7	-0.4636678532530407	0.6785571156930399	1.0162162162162163	7923.0	253.0	776.0	19.0	12.0	441.0	22.0	9.0	210.0	275.0	13.0	30.0	11.0	6.0	0.0
2	4	8	0.30968704687236015	0.3783995458454654	0.9896907216494846	7922.0	254.0	441.0	22.0	9.0	775.0	20.0	12.0	212.0	273.0	13.0	30.0	6.0	11.0	0.0
2	8	4	-29.42026945287427	1.0	0.5026178010471204	7922.0	441.0	254.0	22.0	9.0	775.0	212.0	30.0	20.0	273.0	6.0	12.0	13.0	11.0	0.0
4	2	8	-0.3064611401341064	0.6203731497611811	1.0106382978723405	7922.0	254.0	775.0	20.0	12.0	441.0	22.0	9.0	212.0	273.0	13.0	30.0	11.0	6.0	0.0
2	4	9	-0.9286243363971101	0.823458115662453	1.0317460317460319	7913.0	263.0	447.0	17.0	8.0	777.0	23.0	7.0	218.0	266.0	14.0	33.0	4.0	10.0	0.0
2	9	4	-31.108915269303186	1.0	0.49242424242424243	7913.0	447.0	263.0	17.0	8.0	777.0	218.0	33.0	23.0	266.0	4.0	7.0	14.0	10.0	0.0
4	2	9	0.9571973929016364	0.16923380940180954	0.9710144927536232	7913.0	263.0	777.0	23.0	7.0	447.0	17.0	8.0	218.0	266.0	14.0	33.0	10.0	4.0	0.0
2	5	6	1.316039653142378	0.09408043365233976	0.9224137931034483	7912.0	299.0	400.0	29.0	8.0	851.0	20.0	12.0	127.0	288.0	12.0	21.0	4.0	16.0	1.0
2	6	5	-14.33020955643923	1.0	0.5219512195121951	7912.0	400.0	299.0	29.0	8.0	851.0	127.0	21.0	20.0	288.0	4.0	12.0	12.0	16.0	1.0
5	2	6	-1.2053447290462902	0.885964810101511	1.101123595505618	7912.0	299.0	851.0	20.0	12.0	400.0	29.0	8.0	127.0	288.0	12.0	21.0	16.0	4.0	1.0
2	5	7	-0.7106171516060398	0.7613393135249578	1.042372881355932	7953.0	258.0	411.0	21.0	5.0	844.0	26.0	13.0	149.0	270.0	8.0	23.0	4.0	15.0	0.0
2	7	5	-18.191799081114613	1.0	0.4900398406374502	7953.0	411.0	258.0	21.0	5.0	844.0	149.0	23.0	26.0	270.0	4.0	13.0	8.0	15.0	0.0
5	2	7	0.7395040276875862	0.229800428731871	0.9624060150375939	7953.0	258.0	844.0	26.0	13.0	411.0	21.0	5.0	149.0	270.0	8.0	23.0	15.0	4.0	0.0
2	5	8	-0.43120516987496366	0.6668403674291186	1.0245901639344261	7953.0	258.0	410.0	22.0	5.0	845.0	25.0	13.0	150.0	269.0	8.0	22.0	5.0	15.0	0.0
2	8	5	-18.398087247998426	1.0	0.49407114624505927	7953.0	410.0	258.0	22.0	5.0	845.0	150.0	22.0	25.0	269.0	5.0	13.0	8.0	15.0	0.0
5	2	8	0.4415540939519628	0.3294059844102981	0.9770992366412213	7953.0	258.0	845.0	25.0	13.0	410.0	22.0	5.0	150.0	269.0	8.0	22.0	15.0	5.0	0.0
2	5	9	0.14945605921402846	0.4405968720491632	0.9923076923076923	7952.0	259.0	408.0	23.0	6.0	854.0	22.0	7.0	151.0	266.0	10.0	23.0	5.0	14.0	0.0
2	9	5	-19.130375579395597	1.0	0.5019455252918288	7952.0	408.0	259.0	23.0	6.0	854.0	151.0	23.0	22.0	266.0	5.0	7.0	10.0	14.0	0.0
5	2	9	-0.14829748511159413	0.5589460187430706	1.0078740157480315	7952.0	259.0	854.0	22.0	7.0	408.0	23.0	6.0	151.0	266.0	10.0	23.0	14.0	5.0	0.0
2	6	7	0.0	0.49999999949999996	nan	8055.0	257.0	309.0	23.0	4.0	961.0	23.0	15.0	38.0	270.0	4.0	17.0	7.0	17.0	0.0
2	7	6	-2.209229309774571	0.9864206988274368	0.5	8055.0	309.0	257.0	23.0	4.0	961.0	38.0	17.0	23.0	270.0	7.0	15.0	4.0	17.0	0.0
6	2	7	0.0	0.49999999949999996	nan	8055.0	257.0	961.0	23.0	15.0	309.0	23.0	4.0	38.0	270.0	4.0	17.0	17.0	7.0	0.0
2	6	8	0.47885927930995686	0.31601938076830116	0.8421052631578947	8055.0	257.0	308.0	24.0	4.0	963.0	21.0	15.0	37.0	271.0	4.0	17.0	7.0	17.0	0.0
2	8	6	-2.075056877009813	0.9810094330679271	0.5517241379310345	8055.0	308.0	257.0	24.0	4.0	963.0	37.0	17.0	21.0	271.0	7.0	15.0	4.0	17.0	0.0
6	2	8	-0.38907316443934	0.651388934286027	1.3	8055.0	257.0	963.0	21.0	15.0	308.0	24.0	4.0	37.0	271.0	4.0	17.0	17.0	7.0	0.0
2	6	9	-0.3982928017885634	0.6547927671103104	1.1875	8049.0	263.0	311.0	22.0	3.0	966.0	25.0	8.0	44.0	262.0	6.0	18.0	6.0	17.0	0.0
2	9	6	-2.9208138797827945	0.9982543406494498	0.46341463414634143	8049.0	311.0	263.0	22.0	3.0	966.0	44.0	18.0	25.0	262.0	6.0	8.0	6.0	17.0	0.0
6	2	9	0.4611811389130735	0.3223343456941601	0.8800000000000001	8049.0	263.0	966.0	25.0	8.0	311.0	22.0	3.0	44.0	262.0	6.0	18.0	17.0	6.0	0.0
2	7	8	0.4433525745650747	0.32875539562049005	0.004048582995951417	8327.0	37.0	36.0	248.0	0.0	1012.0	2.0	2.0	3.0	297.0	0.0	2.0	0.0	34.0	0.0
2	8	7	-99999.9	1.0	-0.004098360655737705	8327.0	36.0	37.0	248.0	0.0	1012.0	3.0	2.0	2.0	297.0	0.0	2.0	0.0	34.0	0.0
7	2	8	-108.62138076844364	1.0	0.4989816700610998	8327.0	37.0	1012.0	2.0	2.0	36.0	248.0	0.0	3.0	297.0	0.0	2.0	34.0	0.0	0.0
2	7	9	-0.35365839851976266	0.6382024839571661	-4.000000000000001	8102.0	262.0	258.0	21.0	5.0	981.0	26.0	9.0	30.0	265.0	5.0	17.0	2.0	17.0	0.0
2	9	7	-0.6365851173355725	0.7378024982682907	0.30769230769230765	8102.0	258.0	262.0	21.0	5.0	981.0	30.0	17.0	26.0	265.0	2.0	9.0	5.0	17.0	0.0
7	2	9	0.7957313966694662	0.21309402602894545	0.6428571428571429	8102.0	262.0	981.0	26.0	9.0	258.0	21.0	5.0	30.0	265.0	5.0	17.0	17.0	2.0	0.0
2	8	9	-0.2447043921161983	0.5966572839267631	-inf	8103.0	260.0	257.0	22.0	6.0	983.0	25.0	9.0	28.0	266.0	5.0	17.0	2.0	17.0	0.0
2	9	8	-0.48940878423239614	0.6877238365782006	0.3333333333333333	8103.0	257.0	260.0	22.0	6.0	983.0	28.0	17.0	25.0	266.0	2.0	9.0	5.0	17.0	0.0
8	2	9	0.489408784232397	0.312276163421799	0.6666666666666666	8103.0	260.0	983.0	25.0	9.0	257.0	22.0	6.0	28.0	266.0	5.0	17.0	17.0	2.0	0.0
3	4	5	1.4343616329554703	0.07573459226596335	0.8837209302325582	8087.0	402.0	444.0	31.0	14.0	454.0	21.0	19.0	97.0	391.0	9.0	12.0	5.0	13.0	1.0
3	5	4	-9.466786777506101	1.0	0.5352112676056339	8087.0	444.0	402.0	31.0	14.0	454.0	97.0	12.0	21.0	391.0	5.0	19.0	9.0	13.0	1.0
4	3	5	-1.2456298391455396	0.893549770453861	1.1785714285714286	8087.0	402.0	454.0	21.0	19.0	444.0	31.0	14.0	97.0	391.0	9.0	12.0	13.0	5.0	1.0
3	4	6	1.5372448579445661	0.0621166983423197	0.9502762430939227	8174.0	315.0	461.0	22.0	6.0	476.0	13.0	5.0	185.0	296.0	16.0	15.0	4.0	11.0	1.0
3	6	4	-27.84121242721825	1.0	0.5134328358208955	8174.0	461.0	315.0	22.0	6.0	476.0	185.0	15.0	13.0	296.0	4.0	5.0	16.0	11.0	1.0
4	3	6	-1.4568076270056063	0.9274152135416375	1.0584415584415585	8174.0	315.0	476.0	13.0	5.0	461.0	22.0	6.0	185.0	296.0	16.0	15.0	11.0	4.0	1.0
3	4	7	1.5797389576751453	0.05708333581178793	0.9560975609756097	8223.0	266.0	458.0	21.0	10.0	476.0	12.0	6.0	208.0	277.0	12.0	15.0	5.0	10.0	1.0
3	7	4	-32.82346500947249	1.0	0.5117493472584856	8223.0	458.0	266.0	21.0	10.0	476.0	208.0	15.0	12.0	277.0	5.0	6.0	12.0	10.0	1.0
4	3	7	-1.5071999239043479	0.9341202624773137	1.050561797752809	8223.0	266.0	476.0	12.0	6.0	458.0	21.0	10.0	208.0	277.0	12.0	15.0	10.0	5.0	1.0
3	4	8	1.5795933944662544	0.05710001233522721	0.9565217391304348	8223.0	266.0	458.0	21.0	10.0	474.0	12.0	8.0	210.0	275.0	12.0	15.0	5.0	10.0	1.0
3	8	4	-33.17146128379135	1.0	0.5116279069767442	8223.0	458.0	266.0	21.0	10.0	474.0	210.0	15.0	12.0	275.0	5.0	8.0	12.0	10.0	1.0
4	3	8	-1.5077936947177881	0.9341963043268584	1.05	8223.0	266.0	474.0	12.0	8.0	458.0	21.0	10.0	210.0	275.0	12.0	15.0	10.0	5.0	1.0
3	4	9	-0.3509953688859747	0.6372040236655001	1.010204081632653	8218.0	271.0	466.0	15.0	8.0	472.0	17.0	5.0	215.0	270.0	12.0	17.0	5.0	8.0	1.0
3	9	4	-35.09953688859742	1.0	0.49748743718592964	8218.0	466.0	271.0	15.0	8.0	472.0	215.0	17.0	17.0	270.0	5.0	5.0	12.0	8.0	1.0
4	3	9	0.3545407766524997	0.36146688950013417	0.9900990099009901	8218.0	271.0	472.0	17.0	5.0	466.0	15.0	8.0	215.0	270.0	12.0	17.0	8.0	5.0	1.0
3	5	6	1.7441426243406637	0.0405670710354733	0.9038461538461539	8217.0	314.0	418.0	22.0	7.0	546.0	12.0	5.0	106.0	297.0	14.0	24.0	4.0	14.0	0.0
3	6	5	-14.650798044461578	1.0	0.5280898876404494	8217.0	418.0	314.0	22.0	7.0	546.0	106.0	24.0	12.0	297.0	4.0	5.0	14.0	14.0	0.0
5	3	6	-1.5585955366448483	0.9404539176609721	1.135135135135135	8217.0	314.0	546.0	12.0	5.0	418.0	22.0	7.0	106.0	297.0	14.0	24.0	14.0	4.0	0.0
3	5	7	0.5268437261916055	0.2991510419504173	0.975	8257.0	274.0	424.0	18.0	5.0	540.0	15.0	8.0	132.0	276.0	9.0	27.0	3.0	12.0	0.0
3	7	5	-20.020061595281017	1.0	0.5064935064935066	8257.0	424.0	274.0	18.0	5.0	540.0	132.0	27.0	15.0	276.0	3.0	8.0	9.0	12.0	0.0
5	3	7	-0.513334912699513	0.696141475452334	1.027027027027027	8257.0	274.0	540.0	15.0	8.0	424.0	18.0	5.0	132.0	276.0	9.0	27.0	12.0	3.0	0.0
3	5	8	1.0748572340116205	0.14121936234058763	0.9523809523809523	8258.0	273.0	423.0	19.0	5.0	540.0	13.0	10.0	133.0	275.0	9.0	26.0	4.0	12.0	0.0
3	8	5	-20.42228744622079	1.0	0.5128205128205129	8258.0	423.0	273.0	19.0	5.0	540.0	133.0	26.0	13.0	275.0	4.0	10.0	9.0	12.0	0.0
5	3	8	-1.0211143723110396	0.8463998547942215	1.0555555555555556	8258.0	273.0	540.0	13.0	10.0	423.0	19.0	5.0	133.0	275.0	9.0	26.0	12.0	4.0	0.0
3	5	9	0.9879342439418095	0.16159243178756988	0.952755905511811	8266.0	265.0	418.0	22.0	7.0	540.0	16.0	7.0	137.0	271.0	9.0	27.0	5.0	10.0	0.0
3	9	5	-18.935406342218027	1.0	0.5127118644067797	8266.0	418.0	265.0	22.0	7.0	540.0	137.0	27.0	16.0	271.0	5.0	7.0	9.0	10.0	0.0
5	3	9	-0.9389457690356041	0.8261207199113497	1.055045871559633	8266.0	265.0	540.0	16.0	7.0	418.0	22.0	7.0	137.0	271.0	9.0	27.0	10.0	5.0	0.0
3	6	7	1.1255035116585024	0.1301879160506786	0.7692307692307692	8360.0	275.0	321.0	19.0	3.0	656.0	13.0	7.0	33.0	275.0	5.0	10.0	6.0	16.0	1.0
3	7	6	-2.6261748605365063	0.9956824393514829	0.588235294117647	8360.0	321.0	275.0	19.0	3.0	656.0	33.0	10.0	13.0	275.0	6.0	7.0	5.0	16.0	1.0
6	3	7	-0.7878524581609517	0.7846085562199968	1.75	8360.0	275.0	656.0	13.0	7.0	321.0	19.0	3.0	33.0	275.0	5.0	10.0	16.0	6.0	1.0
3	6	8	1.836115114854782	0.033170258259995755	0.6875	8361.0	274.0	320.0	20.0	3.0	657.0	10.0	9.0	32.0	276.0	5.0	10.0	6.0	16.0	1.0
3	8	6	-2.2033381378257366	0.9862145850612493	0.6470588235294118	8361.0	320.0	274.0	20.0	3.0	657.0	32.0	10.0	10.0	276.0	6.0	9.0	5.0	16.0	1.0
6	3	8	-1.0015173353753353	0.8417116077763078	6.000000000000001	8361.0	274.0	657.0	10.0	9.0	320.0	20.0	3.0	32.0	276.0	5.0	10.0	16.0	6.0	1.0
3	6	9	0.33610953084594775	0.3683942032691665	0.92	8364.0	271.0	320.0	20.0	3.0	651.0	18.0	7.0	41.0	267.0	5.0	12.0	7.0	14.0	0.0
3	9	6	-3.5291500738824464	0.9997915094947654	0.5227272727272727	8364.0	320.0	271.0	20.0	3.0	651.0	41.0	12.0	18.0	267.0	7.0	7.0	5.0	14.0	0.0
6	3	9	-0.30688261512021314	0.6205335701725672	1.105263157894737	8364.0	271.0	651.0	18.0	7.0	320.0	20.0	3.0	41.0	267.0	5.0	12.0	14.0	7.0	0.0
3	7	8	0.8108426040831607	0.2087279748135178	0.007692307692307692	8644.0	37.0	37.0	260.0	0.0	695.0	2.0	2.0	4.0	290.0	0.0	0.0	0.0	29.0	0.0
3	8	7	-99999.9	1.0	-0.007874015748031496	8644.0	37.0	37.0	260.0	0.0	695.0	4.0	0.0	2.0	290.0	0.0	2.0	0.0	29.0	0.0
7	3	8	-103.78785332264444	1.0	0.4980544747081712	8644.0	37.0	695.0	2.0	2.0	37.0	260.0	0.0	4.0	290.0	0.0	0.0	29.0	0.0	0.0
3	7	9	-0.09886946477802756	0.5393791009814866	-inf	8408.0	273.0	276.0	16.0	5.0	675.0	17.0	7.0	18.0	272.0	4.0	11.0	3.0	15.0	0.0
3	9	7	-0.19773892955605493	0.5783753120641726	0.3333333333333333	8408.0	276.0	273.0	16.0	5.0	675.0	18.0	11.0	17.0	272.0	3.0	7.0	4.0	15.0	0.0
7	3	9	0.19773892955605535	0.4216246879358274	0.6666666666666666	8408.0	273.0	675.0	17.0	7.0	276.0	16.0	5.0	18.0	272.0	4.0	11.0	15.0	3.0	0.0
3	8	9	-99999.9	1.0	-inf	8410.0	271.0	274.0	17.0	6.0	676.0	16.0	7.0	15.0	273.0	4.0	13.0	3.0	15.0	0.0
3	9	8	0.2038059468385811	0.4192526003755489	0.3333333333333333	8410.0	274.0	271.0	17.0	6.0	676.0	15.0	13.0	16.0	273.0	3.0	7.0	4.0	15.0	0.0
8	3	9	-0.2038059468385811	0.5807473996244511	0.6666666666666666	8410.0	271.0	676.0	16.0	7.0	274.0	17.0	6.0	15.0	273.0	4.0	13.0	15.0	3.0	0.0
4	5	6	0.1607028180582154	0.4361637271269925	0.9897959183673469	8236.0	305.0	414.0	20.0	8.0	527.0	19.0	7.0	116.0	306.0	13.0	18.0	4.0	7.0	0.0
4	6	5	-15.427470533588638	1.0	0.5025906735751295	8236.0	414.0	305.0	20.0	8.0	527.0	116.0	18.0	19.0	306.0	4.0	7.0	13.0	7.0	0.0
5	4	6	-0.15904608797514105	0.563183727741138	1.0105263157894737	8236.0	305.0	527.0	19.0	7.0	414.0	20.0	8.0	116.0	306.0	13.0	18.0	7.0	4.0	0.0
4	5	7	-1.1673316075887663	0.8784617005643895	1.0614035087719298	8275.0	266.0	424.0	13.0	5.0	522.0	20.0	11.0	141.0	285.0	9.0	18.0	3.0	8.0	0.0
4	7	5	-21.345492253051717	1.0	0.4859437751004016	8275.0	424.0	266.0	13.0	5.0	522.0	141.0	18.0	20.0	285.0	3.0	11.0	9.0	8.0	0.0
5	4	7	1.234863188193075	0.10844078074836827	0.9481481481481482	8275.0	266.0	522.0	20.0	11.0	424.0	13.0	5.0	141.0	285.0	9.0	18.0	8.0	3.0	0.0
4	5	8	-0.8728256307902786	0.8086209755188011	1.0420168067226891	8273.0	268.0	424.0	13.0	5.0	525.0	18.0	10.0	142.0	284.0	9.0	16.0	4.0	9.0	0.0
4	8	5	-22.518901274389187	1.0	0.49011857707509887	8273.0	424.0	268.0	13.0	5.0	525.0	142.0	16.0	18.0	284.0	4.0	10.0	9.0	9.0	0.0
5	4	8	0.9080202126769834	0.18193374513878124	0.9626865671641791	8273.0	268.0	525.0	18.0	10.0	424.0	13.0	5.0	142.0	284.0	9.0	16.0	9.0	4.0	0.0
4	5	9	1.2721359417267377	0.10166248020840585	0.9507042253521126	8273.0	268.0	417.0	19.0	6.0	533.0	12.0	8.0	147.0	277.0	11.0	18.0	4.0	7.0	0.0
4	9	5	-23.261914363003196	1.0	0.5133079847908745	8273.0	417.0	268.0	19.0	6.0	533.0	147.0	18.0	12.0	277.0	4.0	8.0	11.0	7.0	0.0
5	4	9	-1.2061733373409067	0.8861246033896082	1.0578512396694215	8273.0	268.0	533.0	12.0	8.0	417.0	19.0	6.0	147.0	277.0	11.0	18.0	7.0	4.0	0.0
4	6	7	-0.33490157052840336	0.6311502636727196	1.1	8385.0	265.0	314.0	15.0	4.0	631.0	17.0	13.0	39.0	285.0	5.0	11.0	6.0	10.0	0.0
4	7	6	-4.018818846340837	0.9999707406302933	0.4782608695652174	8385.0	314.0	265.0	15.0	4.0	631.0	39.0	11.0	17.0	285.0	6.0	13.0	5.0	10.0	0.0
6	4	7	0.3653471678491673	0.3574261980963762	0.9230769230769231	8385.0	265.0	631.0	17.0	13.0	314.0	15.0	4.0	39.0	285.0	5.0	11.0	10.0	6.0	0.0
4	6	8	0.3771562117880168	0.35302881750387227	0.9230769230769231	8384.0	266.0	313.0	16.0	4.0	634.0	14.0	13.0	38.0	286.0	5.0	11.0	6.0	10.0	0.0
4	8	6	-4.148718329668181	0.9999832731745304	0.5217391304347826	8384.0	313.0	266.0	16.0	4.0	634.0	38.0	11.0	14.0	286.0	6.0	13.0	5.0	10.0	0.0
6	4	8	-0.34572652747234867	0.6352258109032803	1.1	8384.0	266.0	634.0	14.0	13.0	313.0	16.0	4.0	38.0	286.0	5.0	11.0	10.0	6.0	0.0
4	6	9	0.7563793058713444	0.2247108386022737	0.9	8377.0	273.0	313.0	17.0	3.0	638.0	13.0	10.0	49.0	274.0	6.0	11.0	6.0	10.0	0.0
4	9	6	-6.051034446970758	0.9999999992777375	0.5294117647058824	8377.0	313.0	273.0	17.0	3.0	638.0	49.0	11.0	13.0	274.0	6.0	10.0	6.0	10.0	0.0
6	4	9	-0.6723371607745285	0.7493155274527196	1.1428571428571428	8377.0	273.0	638.0	13.0	10.0	313.0	17.0	3.0	49.0	274.0	6.0	11.0	10.0	6.0	0.0
4	7	8	0.7041611922660637	0.24066612873366233	0.00806451612903226	8662.0	37.0	35.0	249.0	0.0	677.0	3.0	1.0	5.0	303.0	0.0	1.0	0.0	27.0	0.0
4	8	7	-99999.9	1.0	-0.008264462809917356	8662.0	35.0	37.0	249.0	0.0	677.0	5.0	1.0	3.0	303.0	0.0	1.0	0.0	27.0	0.0
7	4	8	-85.90766545645971	1.0	0.4979591836734694	8662.0	37.0	677.0	3.0	1.0	35.0	249.0	0.0	5.0	303.0	0.0	1.0	27.0	0.0	0.0
4	7	9	0.20697963097252164	0.4180129130208705	0.9230769230769231	8424.0	275.0	266.0	13.0	5.0	659.0	12.0	10.0	24.0	279.0	5.0	15.0	2.0	11.0	0.0
4	9	7	-2.2767759406977364	0.9886002289038249	0.5217391304347826	8424.0	266.0	275.0	13.0	5.0	659.0	24.0	15.0	12.0	279.0	2.0	10.0	5.0	11.0	0.0
7	4	9	-0.18973132839147816	0.5752401480644336	1.1	8424.0	275.0	659.0	12.0	10.0	266.0	13.0	5.0	24.0	279.0	5.0	15.0	11.0	2.0	0.0
4	8	9	0.6491286787494293	0.25812754103931357	0.7692307692307692	8424.0	273.0	266.0	14.0	6.0	662.0	11.0	10.0	21.0	280.0	5.0	15.0	2.0	11.0	0.0
4	9	8	-1.514633583748669	0.9350673633260105	0.588235294117647	8424.0	266.0	273.0	14.0	6.0	662.0	21.0	15.0	11.0	280.0	2.0	10.0	5.0	11.0	0.0
8	4	9	-0.4543900751246006	0.6752259296335271	1.75	8424.0	273.0	662.0	11.0	10.0	266.0	14.0	6.0	21.0	280.0	5.0	15.0	11.0	2.0	0.0
5	6	7	0.8170873763773808	0.20693919229966862	0.875	8484.0	279.0	313.0	15.0	3.0	532.0	11.0	5.0	39.0	289.0	5.0	12.0	6.0	6.0	1.0
5	7	6	-4.902524258264285	0.9999995262561003	0.5384615384615384	8484.0	313.0	279.0	15.0	3.0	532.0	39.0	12.0	11.0	289.0	6.0	5.0	5.0	6.0	1.0
6	5	7	-0.7003606083234694	0.7581490038866986	1.2	8484.0	279.0	532.0	11.0	5.0	313.0	15.0	3.0	39.0	289.0	5.0	12.0	6.0	6.0	1.0
5	6	8	1.0050145081429154	0.15744494379580853	0.8484848484848485	8486.0	277.0	312.0	16.0	3.0	532.0	11.0	5.0	39.0	289.0	5.0	11.0	6.0	7.0	1.0
5	8	6	-4.623066737457409	0.9999981074487594	0.5490196078431373	8486.0	312.0	277.0	16.0	3.0	532.0	39.0	11.0	11.0	289.0	6.0	5.0	5.0	7.0	1.0
6	5	8	-0.8255476316888232	0.7954696775657031	1.277777777777778	8486.0	277.0	532.0	11.0	5.0	312.0	16.0	3.0	39.0	289.0	5.0	11.0	7.0	6.0	1.0
5	6	9	-0.5227797963732311	0.6994362630942639	1.1111111111111112	8491.0	272.0	315.0	13.0	3.0	524.0	16.0	8.0	46.0	281.0	6.0	12.0	6.0	7.0	0.0
5	9	6	-5.750577760105543	0.9999999955397246	0.47619047619047616	8491.0	315.0	272.0	13.0	3.0	524.0	46.0	12.0	16.0	281.0	6.0	8.0	6.0	7.0	0.0
6	5	9	0.5750577760105542	0.28262607331683554	0.9166666666666666	8491.0	272.0	524.0	16.0	8.0	315.0	13.0	3.0	46.0	281.0	6.0	12.0	7.0	6.0	0.0
5	7	8	0.6907807670868582	0.24485159362603537	0.0	8759.0	38.0	39.0	258.0	0.0	580.0	1.0	2.0	1.0	305.0	0.0	1.0	0.0	16.0	0.0
5	8	7	0.6907807670868582	0.24485159362603537	0.0	8759.0	39.0	38.0	258.0	0.0	580.0	1.0	1.0	1.0	305.0	0.0	2.0	0.0	16.0	0.0
7	5	8	-177.34684875098407	1.0	0.5	8759.0	38.0	580.0	1.0	2.0	39.0	258.0	0.0	1.0	305.0	0.0	1.0	16.0	0.0	0.0
5	7	9	-0.16195739008105683	0.5643303023775681	-0.25	8525.0	272.0	281.0	10.0	6.0	558.0	15.0	10.0	16.0	286.0	4.0	8.0	2.0	7.0	0.0
5	9	7	-0.19434886809726823	0.5770486176017793	0.14285714285714285	8525.0	281.0	272.0	10.0	6.0	558.0	16.0	8.0	15.0	286.0	2.0	10.0	4.0	7.0	0.0
7	5	9	0.9717443404863406	0.16558887479798656	0.5454545454545454	8525.0	272.0	558.0	15.0	10.0	281.0	10.0	6.0	16.0	286.0	4.0	8.0	7.0	2.0	0.0
5	8	9	-0.15760984493361105	0.562617887798154	-0.3333333333333333	8528.0	270.0	278.0	11.0	7.0	558.0	15.0	9.0	16.0	286.0	4.0	8.0	2.0	8.0	0.0
5	9	8	-0.1970123061670138	0.5780910236592347	0.16666666666666669	8528.0	278.0	270.0	11.0	7.0	558.0	16.0	8.0	15.0	286.0	2.0	9.0	4.0	8.0	0.0
8	5	9	0.7880492246680547	0.21533389428666394	0.5555555555555556	8528.0	270.0	558.0	15.0	9.0	278.0	11.0	7.0	16.0	286.0	4.0	8.0	8.0	2.0	0.0
6	7	8	-99999.9	1.0	-0.008	8977.0	39.0	41.0	254.0	0.0	362.0	2.0	0.0	0.0	310.0	0.0	0.0	0.0	15.0	0.0
6	8	7	1.3752391124943368	0.08452872222953667	0.0078125	8977.0	41.0	39.0	254.0	0.0	362.0	0.0	0.0	2.0	310.0	0.0	0.0	0.0	15.0	0.0
7	6	8	-173.28012817428572	1.0	0.5019762845849802	8977.0	39.0	362.0	2.0	0.0	41.0	254.0	0.0	0.0	310.0	0.0	0.0	15.0	0.0	0.0
6	7	9	-0.5808567501533298	0.7193315389363848	2.0	8730.0	286.0	285.0	5.0	5.0	353.0	8.0	3.0	14.0	291.0	5.0	6.0	2.0	7.0	0.0
6	9	7	-1.7425702504599894	0.9592956849699474	0.4	8730.0	285.0	286.0	5.0	5.0	353.0	14.0	6.0	8.0	291.0	2.0	3.0	5.0	7.0	0.0
7	6	9	0.8712851252299948	0.19179920558449126	0.75	8730.0	286.0	353.0	8.0	3.0	285.0	5.0	5.0	14.0	291.0	5.0	6.0	7.0	2.0	0.0
6	8	9	-0.2564286968423502	0.6011900265340118	1.1428571428571428	8734.0	284.0	281.0	6.0	6.0	352.0	7.0	3.0	15.0	292.0	5.0	6.0	2.0	7.0	0.0
6	9	8	-2.3078582715811518	0.9894965165564809	0.47058823529411764	8734.0	281.0	284.0	6.0	6.0	352.0	15.0	6.0	7.0	292.0	2.0	3.0	5.0	7.0	0.0
8	6	9	0.28848228394764397	0.3864888616132027	0.9	8734.0	284.0	352.0	7.0	3.0	281.0	6.0	6.0	15.0	292.0	5.0	6.0	7.0	2.0	0.0
7	8	9	1.3754235422411236	0.08450014634830771	0.9924812030075187	9045.0	294.0	38.0	2.0	1.0	41.0	0.0	0.0	264.0	303.0	12.0	0.0	0.0	0.0	0.0
7	9	8	-180.18048403358944	1.0	0.5019011406844106	9045.0	38.0	294.0	2.0	1.0	41.0	264.0	0.0	0.0	303.0	0.0	0.0	12.0	0.0	0.0
8	7	9	-1.3650036669211152	0.9138739904263917	1.0076923076923077	9045.0	294.0	41.0	0.0	0.0	38.0	2.0	1.0	264.0	303.0	12.0	0.0	0.0	0.0	0.0
