P1	Hybrid	P2	Zscore	Pvalue	Gamma	AAAA	AAAB	AABA	AABB	AABC	ABAA	ABAB	ABAC	ABBA	BAAA	ABBC	CABC	BACA	BCAA	ABCD
1	2	3	1.4866853815456516	0.06854899616860122	0.9351032448377581	72692.0	4837.0	5519.0	487.0	205.0	8361.0	443.0	278.0	1077.0	4946.0	182.0	403.0	207.0	342.0	21.0
1	3	2	-19.935099434362165	1.0	0.5179738562091503	72692.0	5519.0	4837.0	487.0	205.0	8361.0	1077.0	403.0	443.0	4946.0	207.0	278.0	182.0	342.0	21.0
2	1	3	-1.3835084780945335	0.9167454375132142	1.0805860805860805	72692.0	4837.0	8361.0	443.0	278.0	5519.0	487.0	205.0	1077.0	4946.0	182.0	403.0	342.0	207.0	21.0
1	2	4	0.36683249117295513	0.35687204609551404	0.9821717990275527	72719.0	4810.0	5531.0	463.0	217.0	8331.0	452.0	299.0	1058.0	4931.0	216.0	392.0	212.0	341.0	28.0
1	4	2	-19.842302931628048	1.0	0.5045795170691091	72719.0	5531.0	4810.0	463.0	217.0	8331.0	1058.0	392.0	452.0	4931.0	212.0	299.0	216.0	341.0	28.0
2	1	4	-0.36017381559060774	0.6406413598560274	1.018835616438356	72719.0	4810.0	8331.0	452.0	299.0	5531.0	463.0	217.0	1058.0	4931.0	216.0	392.0	341.0	212.0	28.0
1	2	5	0.5653524735992013	0.28591698794297027	0.9721311475409836	72622.0	4907.0	5535.0	473.0	203.0	8334.0	456.0	292.0	1049.0	4931.0	225.0	408.0	209.0	329.0	27.0
1	5	2	-19.155472046655294	1.0	0.5072711719418306	72622.0	5535.0	4907.0	473.0	203.0	8334.0	1049.0	408.0	456.0	4931.0	209.0	292.0	225.0	329.0	27.0
2	1	5	-0.5491450671047892	0.708547076926544	1.0304114490161003	72622.0	4907.0	8334.0	456.0	292.0	5535.0	473.0	203.0	1049.0	4931.0	225.0	408.0	329.0	209.0	27.0
1	2	6	0.39768080567420816	0.3454327941409454	0.9805510534846029	72760.0	4769.0	5550.0	470.0	191.0	8334.0	458.0	290.0	1063.0	4947.0	195.0	407.0	204.0	339.0	23.0
1	6	2	-19.65205981373388	1.0	0.505008347245409	72760.0	5550.0	4769.0	470.0	191.0	8334.0	1063.0	407.0	458.0	4947.0	204.0	290.0	195.0	339.0	23.0
2	1	6	-0.3897929219252984	0.6516551076271924	1.0206540447504302	72760.0	4769.0	8334.0	458.0	290.0	5550.0	470.0	191.0	1063.0	4947.0	195.0	407.0	339.0	204.0	23.0
1	2	7	0.9743948852118988	0.16493025391591487	0.9544740973312402	72687.0	4842.0	5535.0	477.0	199.0	8354.0	448.0	280.0	1056.0	4938.0	211.0	413.0	216.0	324.0	20.0
1	7	2	-19.45429788060995	1.0	0.5122156697556867	72687.0	5535.0	4842.0	477.0	199.0	8354.0	1056.0	413.0	448.0	4938.0	216.0	280.0	211.0	324.0	20.0
2	1	7	-0.9279188133843576	0.8232751762007321	1.0527272727272727	72687.0	4842.0	8354.0	448.0	280.0	5535.0	477.0	199.0	1056.0	4938.0	211.0	413.0	324.0	216.0	20.0
1	2	8	1.2851290436267275	0.09937366543461179	0.9409020217729395	72655.0	4874.0	5534.0	481.0	196.0	8367.0	443.0	272.0	1048.0	4949.0	208.0	416.0	212.0	323.0	22.0
1	8	2	-19.175478098325115	1.0	0.5162116040955632	72655.0	5534.0	4874.0	481.0	196.0	8367.0	1048.0	416.0	443.0	4949.0	212.0	272.0	208.0	323.0	22.0
2	1	8	-1.2044101946055448	0.8857843978458414	1.0718336483931947	72655.0	4874.0	8367.0	443.0	272.0	5534.0	481.0	196.0	1048.0	4949.0	208.0	416.0	323.0	212.0	22.0
1	2	9	0.5348105460096307	0.29639041530966836	0.9889543446244478	73243.0	4286.0	5614.0	405.0	192.0	8447.0	390.0	245.0	1733.0	4264.0	208.0	491.0	170.0	286.0	26.0
1	9	2	-47.34856034005266	1.0	0.502807937102209	73243.0	5614.0	4286.0	405.0	192.0	8447.0	1733.0	491.0	390.0	4264.0	170.0	245.0	208.0	286.0	26.0
2	1	9	-0.5288372338799625	0.7015408335694627	1.0114242193450114	73243.0	4286.0	8447.0	390.0	245.0	5614.0	405.0	192.0	1733.0	4264.0	208.0	491.0	286.0	170.0	26.0
1	3	4	-99999.9	1.0	-0.020816653322658127	74518.0	3693.0	3732.0	1634.0	163.0	9215.0	359.0	267.0	333.0	5123.0	140.0	233.0	113.0	462.0	15.0
1	4	3	0.9973670398658879	0.1592932008112944	0.019593067068575734	74518.0	3732.0	3693.0	1634.0	163.0	9215.0	333.0	233.0	359.0	5123.0	113.0	267.0	140.0	462.0	15.0
3	1	4	-48.90934522419262	1.0	0.5050465838509317	74518.0	3693.0	9215.0	359.0	267.0	3732.0	1634.0	163.0	333.0	5123.0	140.0	233.0	462.0	113.0	15.0
1	3	5	-99999.9	1.0	-0.03614457831325301	74437.0	3774.0	3720.0	1647.0	162.0	9237.0	357.0	247.0	312.0	5129.0	155.0	242.0	110.0	457.0	14.0
1	5	3	1.7646531127657958	0.03881099643206465	0.03260869565217391	74437.0	3720.0	3774.0	1647.0	162.0	9237.0	312.0	242.0	357.0	5129.0	110.0	247.0	155.0	457.0	14.0
3	1	5	-50.5867225659528	1.0	0.5085714285714286	74437.0	3774.0	9237.0	357.0	247.0	3720.0	1647.0	162.0	312.0	5129.0	155.0	242.0	457.0	110.0	14.0
1	3	6	-99999.9	1.0	-0.022257551669316377	74571.0	3640.0	3739.0	1641.0	149.0	9245.0	355.0	241.0	327.0	5145.0	124.0	232.0	109.0	470.0	12.0
1	6	3	1.0824976766316565	0.1395157626707746	0.020864381520119227	74571.0	3739.0	3640.0	1641.0	149.0	9245.0	327.0	232.0	355.0	5145.0	109.0	241.0	124.0	470.0	12.0
3	1	6	-49.71757186243961	1.0	0.5053846153846154	74571.0	3640.0	9245.0	355.0	241.0	3739.0	1641.0	149.0	327.0	5145.0	124.0	232.0	470.0	109.0	12.0
1	3	7	-99999.9	1.0	-0.024661893396976928	74481.0	3730.0	3741.0	1634.0	154.0	9268.0	346.0	227.0	315.0	5141.0	140.0	240.0	115.0	456.0	12.0
1	7	3	1.2183896753071615	0.11153803006910779	0.022962962962962966	74481.0	3741.0	3730.0	1634.0	154.0	9268.0	315.0	240.0	346.0	5141.0	115.0	227.0	140.0	456.0	12.0
3	1	7	-50.622125864374986	1.0	0.5059455312619869	74481.0	3730.0	9268.0	346.0	227.0	3741.0	1634.0	154.0	315.0	5141.0	140.0	240.0	456.0	115.0	12.0
1	3	8	-99999.9	1.0	-0.021377672209026127	74441.0	3770.0	3748.0	1630.0	151.0	9281.0	340.0	220.0	313.0	5148.0	135.0	237.0	116.0	458.0	12.0
1	8	3	1.0663685790886408	0.14312856370988414	0.020089285714285712	74441.0	3748.0	3770.0	1630.0	151.0	9281.0	313.0	237.0	340.0	5148.0	116.0	220.0	135.0	458.0	12.0
3	1	8	-50.948721000901685	1.0	0.5051783659378596	74441.0	3770.0	9281.0	340.0	220.0	3748.0	1630.0	151.0	313.0	5148.0	135.0	237.0	458.0	116.0	12.0
1	3	9	1.4770221802364316	0.06983488202813082	0.9466145833333334	73905.0	4306.0	4952.0	425.0	152.0	9185.0	384.0	272.0	1111.0	4310.0	175.0	375.0	130.0	299.0	19.0
1	9	3	-24.713102820541284	1.0	0.5145081387119603	73905.0	4952.0	4306.0	425.0	152.0	9185.0	1111.0	375.0	384.0	4310.0	130.0	272.0	175.0	299.0	19.0
3	1	9	-1.3937238179397418	0.9182994337398809	1.0635658914728683	73905.0	4306.0	9185.0	384.0	272.0	4952.0	425.0	152.0	1111.0	4310.0	175.0	375.0	299.0	130.0	19.0
1	4	5	-99999.9	1.0	-0.007727975270479134	75071.0	3179.0	3086.0	2249.0	155.0	9270.0	293.0	218.0	278.0	5189.0	128.0	243.0	114.0	509.0	18.0
1	5	4	0.6299328739886335	0.26436919426058336	0.007552870090634441	75071.0	3086.0	3179.0	2249.0	155.0	9270.0	278.0	243.0	293.0	5189.0	114.0	218.0	128.0	509.0	18.0
4	1	5	-82.14324676811789	1.0	0.5019098548510312	75071.0	3179.0	9270.0	293.0	218.0	3086.0	2249.0	155.0	278.0	5189.0	128.0	243.0	509.0	114.0	18.0
1	4	6	-99999.9	1.0	-0.003657262277951933	75208.0	3042.0	3102.0	2222.0	166.0	9268.0	301.0	212.0	294.0	5201.0	100.0	242.0	107.0	520.0	15.0
1	6	4	0.28745604382672785	0.386881643665795	0.003617571059431525	75208.0	3102.0	3042.0	2222.0	166.0	9268.0	294.0	242.0	301.0	5201.0	107.0	212.0	100.0	520.0	15.0
4	1	6	-78.88615145587752	1.0	0.5009093270979476	75208.0	3042.0	9268.0	301.0	212.0	3102.0	2222.0	166.0	294.0	5201.0	100.0	242.0	520.0	107.0	15.0
1	4	7	-99999.9	1.0	-0.002594706798131811	75103.0	3147.0	3119.0	2220.0	151.0	9295.0	288.0	198.0	283.0	5200.0	112.0	245.0	114.0	509.0	16.0
1	7	4	0.20949028891372856	0.41703278947700273	0.0025746652935118436	75103.0	3119.0	3147.0	2220.0	151.0	9295.0	283.0	245.0	288.0	5200.0	114.0	198.0	112.0	509.0	16.0
4	1	7	-80.94704763626447	1.0	0.5006461617989145	75103.0	3147.0	9295.0	288.0	198.0	3119.0	2220.0	151.0	283.0	5200.0	112.0	245.0	509.0	114.0	16.0
1	4	8	-99999.9	1.0	-0.001034126163391934	75078.0	3172.0	3111.0	2219.0	160.0	9306.0	283.0	192.0	281.0	5207.0	107.0	244.0	114.0	510.0	16.0
1	8	4	0.08425085837887299	0.46642842608525303	0.0010309278350515464	75078.0	3111.0	3172.0	2219.0	160.0	9306.0	281.0	244.0	283.0	5207.0	114.0	192.0	107.0	510.0	16.0
4	1	8	-81.55483091074879	1.0	0.5002581311306142	75078.0	3172.0	9306.0	283.0	192.0	3111.0	2219.0	160.0	281.0	5207.0	107.0	244.0	510.0	114.0	16.0
1	4	9	1.5247306530087252	0.06366316893025037	0.9472361809045227	73960.0	4290.0	4897.0	419.0	174.0	9129.0	377.0	275.0	1131.0	4291.0	173.0	411.0	156.0	295.0	22.0
1	9	4	-25.847814879576493	1.0	0.5143246930422919	73960.0	4897.0	4290.0	419.0	174.0	9129.0	1131.0	411.0	377.0	4291.0	156.0	275.0	173.0	295.0	22.0
4	1	9	-1.4397987068199103	0.9250377756883996	1.0626865671641792	73960.0	4290.0	9129.0	377.0	275.0	4897.0	419.0	174.0	1131.0	4291.0	173.0	411.0	295.0	156.0	22.0
1	5	6	0.8484937267751036	0.19808148530919478	0.007860984691766652	75514.0	2643.0	2796.0	2641.0	146.0	9365.0	243.0	183.0	262.0	5245.0	89.0	177.0	121.0	562.0	13.0
1	6	5	-99999.9	1.0	-0.00805084745762712	75514.0	2796.0	2643.0	2641.0	146.0	9365.0	262.0	177.0	243.0	5245.0	121.0	183.0	89.0	562.0	13.0
5	1	6	-106.24034610515645	1.0	0.4980113041657944	75514.0	2643.0	9365.0	243.0	183.0	2796.0	2641.0	146.0	262.0	5245.0	89.0	177.0	562.0	121.0	13.0
1	5	7	0.7759922527177999	0.21887671553429477	0.007048092868988391	75391.0	2766.0	2831.0	2628.0	124.0	9388.0	233.0	170.0	250.0	5246.0	100.0	185.0	123.0	549.0	16.0
1	7	5	-99999.9	1.0	-0.007200338839474799	75391.0	2831.0	2766.0	2628.0	124.0	9388.0	250.0	185.0	233.0	5246.0	123.0	170.0	100.0	549.0	16.0
5	1	7	-108.54762217428991	1.0	0.49821914938194006	75391.0	2766.0	9388.0	233.0	170.0	2831.0	2628.0	124.0	250.0	5246.0	100.0	185.0	549.0	123.0	16.0
1	5	8	0.7792200766568464	0.21792497871623462	0.007039337474120083	75362.0	2795.0	2827.0	2629.0	127.0	9398.0	231.0	162.0	248.0	5252.0	96.0	185.0	121.0	551.0	16.0
1	8	5	-99999.9	1.0	-0.007191201353637902	75362.0	2827.0	2795.0	2629.0	127.0	9398.0	248.0	185.0	231.0	5252.0	121.0	162.0	96.0	551.0	16.0
5	1	8	-109.13664720705584	1.0	0.49822138522703496	75362.0	2795.0	9398.0	231.0	162.0	2827.0	2629.0	127.0	248.0	5252.0	96.0	185.0	551.0	121.0	16.0
1	5	9	2.119745516779111	0.01701369594922464	0.9293544457978076	73856.0	4301.0	5001.0	427.0	155.0	9145.0	369.0	277.0	1132.0	4288.0	176.0	394.0	167.0	289.0	23.0
1	9	5	-25.765872229815063	1.0	0.5197547683923706	73856.0	5001.0	4301.0	427.0	155.0	9145.0	1132.0	394.0	369.0	4288.0	167.0	277.0	176.0	289.0	23.0
5	1	9	-1.9586115194354825	0.974920919258559	1.089644513137558	73856.0	4301.0	9145.0	369.0	277.0	5001.0	427.0	155.0	1132.0	4288.0	176.0	394.0	289.0	167.0	23.0
1	6	7	-99999.9	1.0	-0.0007132667617689016	75941.0	2369.0	2281.0	3027.0	122.0	9442.0	221.0	141.0	219.0	5300.0	90.0	162.0	81.0	599.0	5.0
1	7	6	0.09536906247403143	0.462010784443046	0.0007117437722419928	75941.0	2281.0	2369.0	3027.0	122.0	9442.0	219.0	162.0	221.0	5300.0	81.0	141.0	90.0	599.0	5.0
6	1	7	-133.80279465106585	1.0	0.5001781261132882	75941.0	2369.0	9442.0	221.0	141.0	2281.0	3027.0	122.0	219.0	5300.0	90.0	162.0	599.0	81.0	5.0
1	6	8	0.04773038303321677	0.4809654934596044	0.0003544842254519674	75903.0	2407.0	2286.0	3039.0	105.0	9450.0	219.0	135.0	220.0	5304.0	85.0	161.0	81.0	601.0	4.0
1	8	6	-99999.9	1.0	-0.0003548616039744499	75903.0	2286.0	2407.0	3039.0	105.0	9450.0	220.0	161.0	219.0	5304.0	81.0	135.0	85.0	601.0	4.0
6	1	8	-134.55194977063758	1.0	0.49991133179641783	75903.0	2407.0	9450.0	219.0	135.0	2286.0	3039.0	105.0	220.0	5304.0	85.0	161.0	601.0	81.0	4.0
1	6	9	1.7153548242944094	0.04314006287930272	0.9416149068322981	74006.0	4304.0	4851.0	419.0	160.0	9154.0	372.0	278.0	1130.0	4305.0	174.0	387.0	147.0	293.0	20.0
1	9	6	-25.94930383134737	1.0	0.5159972770592239	74006.0	4851.0	4304.0	419.0	160.0	9154.0	1130.0	387.0	372.0	4305.0	147.0	278.0	174.0	293.0	20.0
6	1	9	-1.608993773183806	0.9461911515393213	1.0707831325301205	74006.0	4304.0	9154.0	372.0	278.0	4851.0	419.0	160.0	1130.0	4305.0	174.0	387.0	293.0	147.0	20.0
1	7	8	0.1138976504823778	0.45465941650523867	0.00019833399444664816	77768.0	454.0	421.0	5079.0	18.0	9763.0	38.0	22.0	39.0	5549.0	14.0	29.0	17.0	788.0	1.0
1	8	7	-99999.9	1.0	-0.00019845207382417147	77768.0	421.0	454.0	5079.0	18.0	9763.0	39.0	29.0	38.0	5549.0	17.0	22.0	14.0	788.0	1.0
7	1	8	-574.0441584311878	1.0	0.49995040174585853	77768.0	454.0	9763.0	38.0	22.0	421.0	5079.0	18.0	39.0	5549.0	14.0	29.0	788.0	17.0	1.0
1	7	9	3.4141262708954825	0.00031998512248354594	0.8913551401869159	73951.0	4271.0	4906.0	450.0	162.0	9180.0	357.0	286.0	1120.0	4302.0	180.0	371.0	165.0	282.0	17.0
1	9	7	-24.596393564515836	1.0	0.5324494068387996	73951.0	4906.0	4271.0	450.0	162.0	9180.0	1120.0	371.0	357.0	4302.0	165.0	286.0	180.0	282.0	17.0
7	1	9	-2.9979876821755878	0.998641087472967	1.1611785095320624	73951.0	4271.0	9180.0	357.0	286.0	4906.0	450.0	162.0	1120.0	4302.0	180.0	371.0	282.0	165.0	17.0
1	8	9	3.3471425430426867	0.0004083013518292322	0.8934426229508197	73913.0	4276.0	4944.0	447.0	160.0	9188.0	356.0	287.0	1119.0	4307.0	178.0	364.0	161.0	283.0	17.0
1	9	8	-24.717360317853682	1.0	0.5317073170731706	73913.0	4944.0	4276.0	447.0	160.0	9188.0	1119.0	364.0	356.0	4307.0	161.0	287.0	178.0	283.0	17.0
8	1	9	-2.947942056257779	0.9984004463821342	1.1566265060240963	73913.0	4276.0	9188.0	356.0	287.0	4944.0	447.0	160.0	1119.0	4307.0	178.0	364.0	283.0	161.0	17.0
2	3	4	0.16299749939082664	0.43526019601764254	0.0031471282454760036	77220.0	3833.0	3830.0	1567.0	161.0	6513.0	300.0	186.0	304.0	5323.0	148.0	164.0	112.0	329.0	10.0
2	4	3	-99999.9	1.0	-0.003177124702144559	77220.0	3830.0	3833.0	1567.0	161.0	6513.0	304.0	164.0	300.0	5323.0	112.0	186.0	148.0	329.0	10.0
3	2	4	-51.46646043265337	1.0	0.4992094861660079	77220.0	3833.0	6513.0	300.0	186.0	3830.0	1567.0	161.0	304.0	5323.0	148.0	164.0	329.0	112.0	10.0
2	3	5	-99999.9	1.0	-0.006269592476489028	77157.0	3896.0	3799.0	1595.0	164.0	6517.0	311.0	171.0	303.0	5315.0	157.0	172.0	107.0	323.0	13.0
2	5	3	0.32379912387638116	0.3730451284359457	0.006153846153846154	77157.0	3799.0	3896.0	1595.0	164.0	6517.0	303.0	172.0	311.0	5315.0	107.0	171.0	157.0	323.0	13.0
3	2	5	-51.96975938215933	1.0	0.501552795031056	77157.0	3896.0	6517.0	311.0	171.0	3799.0	1595.0	164.0	303.0	5315.0	157.0	172.0	323.0	107.0	13.0
2	3	6	-99999.9	1.0	-0.0023437500000000003	77268.0	3785.0	3826.0	1589.0	143.0	6548.0	306.0	145.0	303.0	5341.0	131.0	169.0	109.0	326.0	11.0
2	6	3	0.12169645595387925	0.45156966858035164	0.002327385570209465	77268.0	3826.0	3785.0	1589.0	143.0	6548.0	303.0	169.0	306.0	5341.0	109.0	145.0	131.0	326.0	11.0
3	2	6	-52.045517662942196	1.0	0.5005838847800701	77268.0	3785.0	6548.0	306.0	145.0	3826.0	1589.0	143.0	303.0	5341.0	131.0	169.0	326.0	109.0	11.0
2	3	7	-99999.9	1.0	-0.004735595895816891	77219.0	3834.0	3822.0	1577.0	159.0	6530.0	304.0	165.0	298.0	5330.0	147.0	176.0	105.0	324.0	10.0
2	7	3	0.24508281338877116	0.403196207807601	0.004669260700389105	77219.0	3822.0	3834.0	1577.0	159.0	6530.0	298.0	176.0	304.0	5330.0	105.0	165.0	147.0	324.0	10.0
3	2	7	-51.998403573984135	1.0	0.5011755485893418	77219.0	3834.0	6530.0	304.0	165.0	3822.0	1577.0	159.0	298.0	5330.0	147.0	176.0	324.0	105.0	10.0
2	3	8	-99999.9	1.0	-0.010375099760574621	77195.0	3858.0	3827.0	1573.0	158.0	6527.0	307.0	165.0	294.0	5340.0	141.0	177.0	106.0	323.0	9.0
2	8	3	0.5328068735069512	0.2970836190511804	0.010061919504643965	77195.0	3827.0	3858.0	1573.0	158.0	6527.0	294.0	177.0	307.0	5340.0	106.0	165.0	141.0	323.0	9.0
3	2	8	-51.88719245075372	1.0	0.5025540275049115	77195.0	3858.0	6527.0	307.0	165.0	3827.0	1573.0	158.0	294.0	5340.0	141.0	177.0	323.0	106.0	9.0
2	3	9	1.0667357067632959	0.14304563320648045	0.9646464646464646	76643.0	4410.0	5047.0	370.0	141.0	6447.0	342.0	210.0	1106.0	4481.0	188.0	285.0	132.0	183.0	15.0
2	9	3	-28.039910006349437	1.0	0.5093333333333333	76643.0	5047.0	4410.0	370.0	141.0	6447.0	1106.0	285.0	342.0	4481.0	132.0	210.0	188.0	183.0	15.0
3	2	9	-1.027640680860976	0.8479405393003366	1.03954802259887	76643.0	4410.0	6447.0	342.0	210.0	5047.0	370.0	141.0	1106.0	4481.0	188.0	285.0	183.0	132.0	15.0
2	4	5	-99999.9	1.0	-0.005136106831022085	77756.0	3294.0	3200.0	2211.0	150.0	6585.0	254.0	142.0	244.0	5357.0	134.0	163.0	122.0	379.0	9.0
2	5	4	0.44915725732511974	0.32665913517630285	0.005058168942842691	77756.0	3200.0	3294.0	2211.0	150.0	6585.0	244.0	163.0	254.0	5357.0	122.0	142.0	134.0	379.0	9.0
4	2	5	-87.9000752585257	1.0	0.5012742099898063	77756.0	3294.0	6585.0	254.0	142.0	3200.0	2211.0	150.0	244.0	5357.0	134.0	163.0	379.0	122.0	9.0
2	4	6	-99999.9	1.0	-0.005216484089723526	77864.0	3186.0	3230.0	2182.0	149.0	6612.0	255.0	114.0	245.0	5380.0	110.0	163.0	121.0	381.0	8.0
2	6	4	0.44827525345020663	0.32697730529255953	0.005136106831022086	77864.0	3230.0	3186.0	2182.0	149.0	6612.0	245.0	163.0	255.0	5380.0	121.0	114.0	110.0	381.0	8.0
4	2	6	-86.38264133985454	1.0	0.5012939958592132	77864.0	3186.0	6612.0	255.0	114.0	3230.0	2182.0	149.0	245.0	5380.0	110.0	163.0	381.0	121.0	8.0
2	4	7	-99999.9	1.0	-0.0026041666666666665	77803.0	3247.0	3238.0	2174.0	149.0	6595.0	249.0	137.0	244.0	5372.0	119.0	165.0	118.0	383.0	7.0
2	7	4	0.22545138438545612	0.4108141128575191	0.002583979328165375	77803.0	3238.0	3247.0	2174.0	149.0	6595.0	244.0	165.0	249.0	5372.0	118.0	137.0	119.0	383.0	7.0
4	2	7	-86.7987829884003	1.0	0.5006485084306096	77803.0	3247.0	6595.0	249.0	137.0	3238.0	2174.0	149.0	244.0	5372.0	119.0	165.0	383.0	118.0	7.0
2	4	8	-99999.9	1.0	-0.005765199161425576	77792.0	3258.0	3230.0	2171.0	160.0	6592.0	252.0	137.0	241.0	5382.0	112.0	165.0	119.0	383.0	6.0
2	8	4	0.4967111281700962	0.30969638725675885	0.005667181865018032	77792.0	3230.0	3258.0	2171.0	160.0	6592.0	241.0	165.0	252.0	5382.0	119.0	137.0	112.0	383.0	6.0
4	2	8	-86.65351408712877	1.0	0.5014289425824889	77792.0	3258.0	6592.0	252.0	137.0	3230.0	2171.0	160.0	241.0	5382.0	112.0	165.0	383.0	119.0	6.0
2	4	9	0.7740861058105684	0.21943987180604252	0.9742599742599742	76650.0	4400.0	5040.0	352.0	169.0	6439.0	332.0	210.0	1089.0	4460.0	186.0	310.0	163.0	193.0	7.0
2	9	4	-28.52507299911942	1.0	0.5066934404283802	76650.0	5040.0	4400.0	352.0	169.0	6439.0	1089.0	310.0	332.0	4460.0	163.0	210.0	186.0	193.0	7.0
4	2	9	-0.7536346895408044	0.7744657633270751	1.0278940027894004	76650.0	4400.0	6439.0	332.0	210.0	5040.0	352.0	169.0	1089.0	4460.0	186.0	310.0	193.0	163.0	7.0
2	5	6	0.42450715746735695	0.33559803152200085	0.0037297969332780773	78211.0	2745.0	2883.0	2625.0	147.0	6668.0	221.0	103.0	230.0	5413.0	90.0	122.0	122.0	410.0	10.0
2	6	5	-99999.9	1.0	-0.003772003352891869	78211.0	2883.0	2745.0	2625.0	147.0	6668.0	230.0	122.0	221.0	5413.0	122.0	103.0	90.0	410.0	10.0
5	2	6	-112.96607134825808	1.0	0.4990623046468014	78211.0	2745.0	6668.0	221.0	103.0	2883.0	2625.0	147.0	230.0	5413.0	90.0	122.0	410.0	122.0	10.0
2	5	7	0.3360613597795865	0.36841236548995404	0.0029227557411273483	78127.0	2829.0	2914.0	2602.0	139.0	6652.0	214.0	126.0	221.0	5411.0	101.0	131.0	114.0	410.0	9.0
2	7	5	-99999.9	1.0	-0.0029486099410278013	78127.0	2914.0	2829.0	2602.0	139.0	6652.0	221.0	131.0	214.0	5411.0	114.0	126.0	101.0	410.0	9.0
5	2	7	-114.308871090742	1.0	0.4992660935206542	78127.0	2829.0	6652.0	214.0	126.0	2914.0	2602.0	139.0	221.0	5411.0	101.0	131.0	410.0	114.0	9.0
2	5	8	0.09559249546385613	0.46192205309021683	0.0008382229673093044	78111.0	2845.0	2911.0	2602.0	142.0	6649.0	218.0	125.0	220.0	5419.0	94.0	129.0	116.0	411.0	8.0
2	8	5	-99999.9	1.0	-0.0008403361344537815	78111.0	2911.0	2845.0	2602.0	142.0	6649.0	220.0	129.0	218.0	5419.0	116.0	125.0	94.0	411.0	8.0
5	2	8	-113.8506620974523	1.0	0.49979018044481743	78111.0	2845.0	6649.0	218.0	125.0	2911.0	2602.0	142.0	220.0	5419.0	94.0	129.0	411.0	116.0	8.0
2	5	9	1.1988211237089892	0.1152988181733452	0.9611528822055138	76547.0	4409.0	5143.0	362.0	150.0	6454.0	331.0	207.0	1098.0	4451.0	184.0	286.0	173.0	191.0	14.0
2	9	5	-28.462333775800513	1.0	0.5103127079174983	76547.0	5143.0	4409.0	362.0	150.0	6454.0	1098.0	286.0	331.0	4451.0	173.0	207.0	184.0	191.0	14.0
5	2	9	-1.1503681187090171	0.8750038006083759	1.0439716312056737	76547.0	4409.0	6454.0	331.0	207.0	5143.0	362.0	150.0	1098.0	4451.0	184.0	286.0	191.0	173.0	14.0
2	6	7	0.10316442032880763	0.45891618372866316	0.0007054673721340387	78658.0	2436.0	2383.0	3020.0	114.0	6725.0	187.0	108.0	189.0	5471.0	96.0	90.0	81.0	435.0	7.0
2	7	6	-99999.9	1.0	-0.0007069635913750441	78658.0	2383.0	2436.0	3020.0	114.0	6725.0	189.0	90.0	187.0	5471.0	81.0	108.0	96.0	435.0	7.0
6	2	7	-146.0292369754285	1.0	0.4998234463276836	78658.0	2436.0	6725.0	187.0	108.0	2383.0	3020.0	114.0	189.0	5471.0	96.0	90.0	435.0	81.0	7.0
2	6	8	-99999.9	1.0	-0.0021208907741251328	78634.0	2460.0	2388.0	3027.0	102.0	6719.0	192.0	109.0	186.0	5482.0	88.0	93.0	79.0	435.0	6.0
2	8	6	0.3088811863325683	0.3787060231557079	0.002107481559536354	78634.0	2388.0	2460.0	3027.0	102.0	6719.0	186.0	93.0	192.0	5482.0	79.0	109.0	88.0	435.0	6.0
6	2	8	-145.9463605421387	1.0	0.5005285412262156	78634.0	2460.0	6719.0	192.0	109.0	2388.0	3027.0	102.0	186.0	5482.0	88.0	93.0	435.0	79.0	6.0
2	6	9	0.925492281289275	0.17735492896762906	0.9694656488549618	76687.0	4407.0	5003.0	358.0	156.0	6473.0	334.0	213.0	1096.0	4472.0	188.0	269.0	149.0	187.0	8.0
2	9	6	-28.458887649645234	1.0	0.508	76687.0	5003.0	4407.0	358.0	156.0	6473.0	1096.0	269.0	334.0	4472.0	149.0	213.0	188.0	187.0	8.0
6	2	9	-0.8963429180990616	0.8149652086833892	1.0336134453781514	76687.0	4407.0	6473.0	334.0	213.0	5003.0	358.0	156.0	1096.0	4472.0	188.0	269.0	187.0	149.0	8.0
2	7	8	-99999.9	1.0	-0.0009850275807722617	80595.0	446.0	427.0	5121.0	22.0	6936.0	40.0	28.0	35.0	5695.0	9.0	27.0	18.0	600.0	1.0
2	8	7	0.5772114913835241	0.2818982584375542	0.0009821253191907287	80595.0	427.0	446.0	5121.0	22.0	6936.0	35.0	27.0	40.0	5695.0	18.0	28.0	9.0	600.0	1.0
7	2	8	-586.5623175439372	1.0	0.5002458935772598	80595.0	446.0	6936.0	40.0	28.0	427.0	5121.0	22.0	35.0	5695.0	9.0	27.0	600.0	18.0	1.0
2	7	9	2.0673616996397763	0.01934997660690163	0.9349693251533743	76657.0	4384.0	5033.0	374.0	163.0	6474.0	321.0	209.0	1083.0	4469.0	187.0	281.0	165.0	191.0	9.0
2	9	7	-27.655838585747215	1.0	0.5180149558123726	76657.0	5033.0	4384.0	374.0	163.0	6474.0	1083.0	281.0	321.0	4469.0	165.0	209.0	187.0	191.0	9.0
7	2	9	-1.9235688255178496	0.9727957416959373	1.0807926829268293	76657.0	4384.0	6474.0	321.0	209.0	5033.0	374.0	163.0	1083.0	4469.0	187.0	281.0	191.0	165.0	9.0
2	8	9	1.8749526240326468	0.030399557260262333	0.941031941031941	76633.0	4389.0	5057.0	369.0	163.0	6468.0	321.0	209.0	1087.0	4478.0	188.0	283.0	156.0	190.0	9.0
2	9	8	-28.04616633448834	1.0	0.5161725067385445	76633.0	5057.0	4389.0	369.0	163.0	6468.0	1087.0	283.0	321.0	4478.0	156.0	209.0	188.0	190.0	9.0
8	2	9	-1.757462120176815	0.9605805070839143	1.0716417910447762	76633.0	4389.0	6468.0	321.0	209.0	5057.0	369.0	163.0	1087.0	4478.0	188.0	283.0	190.0	156.0	9.0
3	4	5	-99999.9	1.0	-0.028700906344410877	80385.0	3348.0	3289.0	922.0	108.0	3956.0	241.0	101.0	222.0	6842.0	155.0	96.0	150.0	183.0	2.0
3	5	4	0.8937948205947251	0.18571580893350348	0.02642559109874826	80385.0	3289.0	3348.0	922.0	108.0	3956.0	222.0	96.0	241.0	6842.0	150.0	101.0	155.0	183.0	2.0
4	3	5	-32.03548804342145	1.0	0.5068790731354091	80385.0	3348.0	3956.0	241.0	101.0	3289.0	922.0	108.0	222.0	6842.0	155.0	96.0	183.0	150.0	2.0
3	4	6	-99999.9	1.0	-0.02857142857142857	80502.0	3231.0	3314.0	893.0	112.0	3974.0	245.0	79.0	227.0	6866.0	126.0	97.0	145.0	184.0	5.0
3	6	4	0.8386663590406817	0.20082823064394373	0.026315789473684213	80502.0	3314.0	3231.0	893.0	112.0	3974.0	227.0	97.0	245.0	6866.0	145.0	79.0	126.0	184.0	5.0
4	3	6	-30.191988925464518	1.0	0.5068493150684932	80502.0	3231.0	3974.0	245.0	79.0	3314.0	893.0	112.0	227.0	6866.0	126.0	97.0	184.0	145.0	5.0
3	4	7	-99999.9	1.0	-0.015527950310559006	80427.0	3306.0	3322.0	897.0	100.0	3971.0	243.0	84.0	233.0	6842.0	144.0	92.0	146.0	190.0	3.0
3	7	4	0.4615914156262795	0.32218719515426664	0.01483679525222552	80427.0	3322.0	3306.0	897.0	100.0	3971.0	233.0	92.0	243.0	6842.0	146.0	84.0	144.0	190.0	3.0
4	3	7	-30.188078581958727	1.0	0.503793626707132	80427.0	3306.0	3971.0	243.0	84.0	3322.0	897.0	100.0	233.0	6842.0	144.0	92.0	190.0	146.0	3.0
3	4	8	-99999.9	1.0	-0.015503875968992248	80409.0	3324.0	3313.0	896.0	110.0	3975.0	241.0	82.0	231.0	6850.0	138.0	92.0	145.0	190.0	4.0
3	8	4	0.4635365797392941	0.32148991885944656	0.014814814814814812	80409.0	3313.0	3324.0	896.0	110.0	3975.0	231.0	92.0	241.0	6850.0	145.0	82.0	138.0	190.0	4.0
4	3	8	-30.36164597292366	1.0	0.5037878787878789	80409.0	3324.0	3975.0	241.0	82.0	3313.0	896.0	110.0	231.0	6850.0	138.0	92.0	190.0	145.0	4.0
3	4	9	-0.32125909157382804	0.6259929038165554	1.0034330554193231	79140.0	4593.0	3950.0	233.0	136.0	3949.0	240.0	109.0	2286.0	4672.0	261.0	203.0	122.0	100.0	6.0
3	9	4	-94.22070214300963	1.0	0.4991461332032203	79140.0	3950.0	4593.0	233.0	136.0	3949.0	2286.0	203.0	240.0	4672.0	122.0	109.0	261.0	100.0	6.0
4	3	9	0.32235821847559576	0.37359073523205677	0.9966019417475728	79140.0	4593.0	3949.0	240.0	109.0	3950.0	233.0	136.0	2286.0	4672.0	261.0	203.0	100.0	122.0	6.0
3	5	6	0.2533743497078073	0.3999895299710905	0.00441696113074205	80872.0	2802.0	2944.0	1320.0	114.0	4007.0	193.0	74.0	198.0	6923.0	112.0	93.0	140.0	205.0	3.0
3	6	5	-99999.9	1.0	-0.0044762757385854975	80872.0	2944.0	2802.0	1320.0	114.0	4007.0	198.0	93.0	193.0	6923.0	140.0	74.0	112.0	205.0	3.0
5	3	6	-56.85720407443208	1.0	0.4988883948421521	80872.0	2802.0	4007.0	193.0	74.0	2944.0	1320.0	114.0	198.0	6923.0	112.0	93.0	205.0	140.0	3.0
3	5	7	0.5058649203244752	0.30647573542421624	0.008880994671403197	80778.0	2896.0	2971.0	1308.0	99.0	4001.0	192.0	81.0	202.0	6906.0	125.0	93.0	133.0	209.0	6.0
3	7	5	-99999.9	1.0	-0.009124087591240877	80778.0	2971.0	2896.0	1308.0	99.0	4001.0	202.0	93.0	192.0	6906.0	133.0	81.0	125.0	209.0	6.0
5	3	7	-55.948660187886915	1.0	0.4977497749774978	80778.0	2896.0	4001.0	192.0	81.0	2971.0	1308.0	99.0	202.0	6906.0	125.0	93.0	209.0	133.0	6.0
3	5	8	0.6608981317230705	0.2543387577284969	0.01146384479717813	80757.0	2917.0	2965.0	1310.0	103.0	4003.0	189.0	82.0	202.0	6913.0	118.0	93.0	134.0	209.0	5.0
3	8	5	-99999.9	1.0	-0.011872146118721462	80757.0	2965.0	2917.0	1310.0	103.0	4003.0	202.0	93.0	189.0	6913.0	134.0	82.0	118.0	209.0	5.0
5	3	8	-56.32885614993549	1.0	0.4970838941229251	80757.0	2917.0	4003.0	189.0	82.0	2965.0	1310.0	103.0	202.0	6913.0	118.0	93.0	209.0	134.0	5.0
3	5	9	0.45744383999619087	0.32367605129943566	0.9951876804619827	79077.0	4597.0	4013.0	245.0	120.0	3924.0	235.0	115.0	2303.0	4667.0	263.0	211.0	132.0	92.0	6.0
3	9	5	-94.14194227121631	1.0	0.5012118274357731	79077.0	4013.0	4597.0	245.0	120.0	3924.0	2303.0	211.0	235.0	4667.0	132.0	115.0	263.0	92.0	6.0
5	3	9	-0.4552318291644878	0.6755287453026783	1.0048828125	79077.0	4597.0	3924.0	235.0	115.0	4013.0	245.0	120.0	2303.0	4667.0	263.0	211.0	92.0	132.0	6.0
3	6	7	0.055394100004139	0.47791217927035345	0.0	81316.0	2500.0	2433.0	1720.0	83.0	4067.0	163.0	68.0	163.0	6975.0	118.0	66.0	93.0	231.0	4.0
3	7	6	0.055394100004139	0.47791217927035345	0.0	81316.0	2433.0	2500.0	1720.0	83.0	4067.0	163.0	66.0	163.0	6975.0	93.0	68.0	118.0	231.0	4.0
6	3	7	-86.22103129370755	1.0	0.5	81316.0	2500.0	4067.0	163.0	68.0	2433.0	1720.0	83.0	163.0	6975.0	118.0	66.0	231.0	93.0	4.0
3	6	8	0.11082251283275031	0.45587849651760504	0.0012738853503184713	81285.0	2531.0	2437.0	1730.0	69.0	4068.0	162.0	68.0	164.0	6982.0	110.0	66.0	92.0	232.0	4.0
3	8	6	-99999.9	1.0	-0.0012787723785166241	81285.0	2437.0	2531.0	1730.0	69.0	4068.0	164.0	66.0	162.0	6982.0	92.0	68.0	110.0	232.0	4.0
6	3	8	-86.77402754804426	1.0	0.4996809189534142	81285.0	2531.0	4068.0	162.0	68.0	2437.0	1730.0	69.0	164.0	6982.0	110.0	66.0	232.0	92.0	4.0
3	6	9	0.13831716251511172	0.44499485356727786	0.9985486211901307	79209.0	4607.0	3881.0	237.0	118.0	3951.0	234.0	113.0	2298.0	4690.0	268.0	189.0	110.0	90.0	5.0
3	9	6	-95.0238906478815	1.0	0.5003636363636363	79209.0	3881.0	4607.0	237.0	118.0	3951.0	2298.0	189.0	234.0	4690.0	110.0	113.0	268.0	90.0	5.0
6	3	9	-0.1381161201277351	0.5549257047569274	1.001457725947522	79209.0	4607.0	3951.0	234.0	113.0	3881.0	237.0	118.0	2298.0	4690.0	268.0	189.0	90.0	110.0	5.0
3	7	8	0.3903739444541202	0.3481300790306566	0.0007855459544383347	83279.0	470.0	443.0	3844.0	16.0	4252.0	28.0	16.0	31.0	7187.0	13.0	15.0	21.0	385.0	0.0
3	8	7	-99999.9	1.0	-0.0007874015748031496	83279.0	443.0	470.0	3844.0	16.0	4252.0	31.0	15.0	28.0	7187.0	21.0	16.0	13.0	385.0	0.0
7	3	8	-496.1652834011893	1.0	0.49980338183248135	83279.0	470.0	4252.0	28.0	16.0	443.0	3844.0	16.0	31.0	7187.0	13.0	15.0	385.0	21.0	0.0
3	7	9	1.9287017518596539	0.026883881446804758	0.9801230477993375	79175.0	4574.0	3915.0	262.0	126.0	3956.0	220.0	120.0	2291.0	4681.0	259.0	191.0	133.0	91.0	6.0
3	9	7	-93.17466320293435	1.0	0.5051219512195122	79175.0	3915.0	4574.0	262.0	126.0	3956.0	2291.0	191.0	220.0	4681.0	133.0	120.0	259.0	91.0	6.0
7	3	9	-1.8895875685771308	0.9705934944381833	1.0211373930548566	79175.0	4574.0	3956.0	220.0	120.0	3915.0	262.0	126.0	2291.0	4681.0	259.0	191.0	91.0	133.0	6.0
3	8	9	1.5593702568257457	0.05945439794749707	0.9837940896091516	79144.0	4578.0	3946.0	258.0	126.0	3957.0	224.0	117.0	2288.0	4687.0	261.0	193.0	123.0	92.0	6.0
3	9	8	-93.10357709871371	1.0	0.504152418172936	79144.0	3946.0	4578.0	258.0	126.0	3957.0	2288.0	193.0	224.0	4687.0	123.0	117.0	261.0	92.0	6.0
8	3	9	-1.533682956083461	0.9374461457770958	1.0170340681362726	79144.0	4578.0	3957.0	224.0	117.0	3946.0	258.0	126.0	2288.0	4687.0	261.0	193.0	92.0	123.0	6.0
4	5	6	1.5393331425279349	0.06186151152633179	0.06024096385542168	81531.0	2810.0	2945.0	653.0	92.0	3348.0	185.0	74.0	215.0	7609.0	123.0	75.0	149.0	186.0	5.0
4	6	5	-99999.9	1.0	-0.07352941176470588	81531.0	2945.0	2810.0	653.0	92.0	3348.0	215.0	75.0	185.0	7609.0	149.0	74.0	123.0	186.0	5.0
5	4	6	-22.47426388090785	1.0	0.48344370860927155	81531.0	2810.0	3348.0	185.0	74.0	2945.0	653.0	92.0	215.0	7609.0	123.0	75.0	186.0	149.0	5.0
4	5	7	1.721524636037744	0.042577797802132444	0.06790123456790123	81418.0	2923.0	2980.0	631.0	79.0	3361.0	178.0	68.0	211.0	7603.0	133.0	75.0	148.0	189.0	3.0
4	7	5	-99999.9	1.0	-0.08527131782945736	81418.0	2980.0	2923.0	631.0	79.0	3361.0	211.0	75.0	178.0	7603.0	148.0	68.0	133.0	189.0	3.0
5	4	7	-21.910313549571296	1.0	0.48109965635738833	81418.0	2923.0	3361.0	178.0	68.0	2980.0	631.0	79.0	211.0	7603.0	133.0	75.0	189.0	148.0	3.0
4	5	8	1.8230235015886982	0.0341498594077847	0.07113821138211382	81409.0	2932.0	2975.0	635.0	80.0	3351.0	178.0	78.0	213.0	7608.0	126.0	72.0	150.0	189.0	4.0
4	8	5	-99999.9	1.0	-0.09043927648578812	81409.0	2975.0	2932.0	635.0	80.0	3351.0	213.0	72.0	178.0	7608.0	150.0	78.0	126.0	189.0	4.0
5	4	8	-21.980454790583746	1.0	0.4800910125142207	81409.0	2932.0	3351.0	178.0	78.0	2975.0	635.0	80.0	213.0	7608.0	126.0	72.0	189.0	150.0	4.0
4	5	9	0.6554579351321039	0.2560864170838446	0.9953017708709794	79700.0	4641.0	3389.0	204.0	97.0	3301.0	191.0	115.0	2945.0	4701.0	301.0	193.0	113.0	99.0	10.0
4	9	5	-138.2007846305457	1.0	0.5011828935395813	79700.0	3389.0	4641.0	204.0	97.0	3301.0	2945.0	193.0	191.0	4701.0	113.0	115.0	301.0	99.0	10.0
5	4	9	-0.6523639071158668	0.7429168416787125	1.0047653958944283	79700.0	4641.0	3301.0	191.0	115.0	3389.0	204.0	97.0	2945.0	4701.0	301.0	193.0	99.0	113.0	10.0
4	6	7	0.21931581209851952	0.4132020610403735	0.004464285714285714	81964.0	2512.0	2434.0	1057.0	64.0	3419.0	165.0	54.0	169.0	7655.0	119.0	59.0	109.0	214.0	6.0
4	7	6	-99999.9	1.0	-0.004524886877828054	81964.0	2434.0	2512.0	1057.0	64.0	3419.0	169.0	59.0	165.0	7655.0	109.0	54.0	119.0	214.0	6.0
6	4	7	-48.68811028587117	1.0	0.49887640449438203	81964.0	2512.0	3419.0	165.0	54.0	2434.0	1057.0	64.0	169.0	7655.0	119.0	59.0	214.0	109.0	6.0
4	6	8	0.10825047778009858	0.45689845069800383	0.0022172949002217295	81950.0	2526.0	2434.0	1070.0	51.0	3403.0	170.0	65.0	172.0	7660.0	111.0	61.0	106.0	214.0	7.0
4	8	6	-99999.9	1.0	-0.002232142857142857	81950.0	2434.0	2526.0	1070.0	51.0	3403.0	172.0	61.0	170.0	7660.0	106.0	65.0	111.0	214.0	7.0
6	4	8	-48.60446452326465	1.0	0.4994438264738598	81950.0	2526.0	3403.0	170.0	65.0	2434.0	1070.0	51.0	172.0	7660.0	111.0	61.0	214.0	106.0	7.0
4	6	9	0.30488980586964454	0.3802251086978541	0.9977997799779978	79831.0	4645.0	3258.0	197.0	100.0	3329.0	191.0	118.0	2912.0	4726.0	305.0	198.0	88.0	94.0	8.0
4	9	6	-137.96263715601435	1.0	0.500551876379691	79831.0	3258.0	4645.0	197.0	100.0	3329.0	2912.0	198.0	191.0	4726.0	88.0	118.0	305.0	94.0	8.0
6	4	9	-0.30421750199782616	0.619518835538435	1.0022148394241417	79831.0	4645.0	3329.0	191.0	118.0	3258.0	197.0	100.0	2912.0	4726.0	305.0	198.0	94.0	88.0	8.0
4	7	8	0.2460703014441874	0.40281395939551823	0.0006367398917542184	83936.0	462.0	448.0	3171.0	14.0	3595.0	32.0	20.0	34.0	7882.0	13.0	7.0	22.0	363.0	1.0
4	8	7	-99999.9	1.0	-0.0006379585326953748	83936.0	448.0	462.0	3171.0	14.0	3595.0	34.0	7.0	32.0	7882.0	22.0	20.0	13.0	363.0	1.0
7	4	8	-385.9612678152079	1.0	0.4998406628425749	83936.0	462.0	3595.0	32.0	20.0	448.0	3171.0	14.0	34.0	7882.0	13.0	7.0	363.0	22.0	1.0
4	7	9	2.0014321247720215	0.022672851770866753	0.9855543517515348	79787.0	4611.0	3302.0	222.0	109.0	3344.0	182.0	121.0	2911.0	4717.0	301.0	184.0	106.0	95.0	8.0
4	9	7	-134.54627458779902	1.0	0.5036913990402363	79787.0	3302.0	4611.0	222.0	109.0	3344.0	2911.0	184.0	182.0	4717.0	106.0	121.0	301.0	95.0	8.0
7	4	9	-1.9720963662557585	0.9757007658619656	1.0151000377500943	79787.0	4611.0	3344.0	182.0	121.0	3302.0	222.0	109.0	2911.0	4717.0	301.0	184.0	95.0	106.0	8.0
4	8	9	1.708538655753671	0.04376818837938623	0.9876722262509064	79765.0	4619.0	3324.0	217.0	106.0	3336.0	183.0	117.0	2907.0	4725.0	304.0	196.0	97.0	95.0	9.0
4	9	8	-135.17555835227583	1.0	0.5031400073882526	79765.0	3324.0	4619.0	217.0	106.0	3336.0	2907.0	196.0	183.0	4725.0	97.0	117.0	304.0	95.0	9.0
8	4	9	-1.6872132833984492	0.954218851914406	1.0128012048192772	79765.0	4619.0	3336.0	183.0	117.0	3324.0	217.0	106.0	2907.0	4725.0	304.0	196.0	95.0	97.0	9.0
5	6	7	0.4965514168371032	0.30975271063539456	0.020785219399538108	82353.0	2526.0	2426.0	587.0	56.0	3030.0	163.0	42.0	172.0	8148.0	128.0	64.0	112.0	191.0	2.0
5	7	6	-99999.9	1.0	-0.022167487684729065	82353.0	2426.0	2526.0	587.0	56.0	3030.0	172.0	64.0	163.0	8148.0	112.0	42.0	128.0	191.0	2.0
6	5	7	-22.896537554155366	1.0	0.49463647199046484	82353.0	2526.0	3030.0	163.0	42.0	2426.0	587.0	56.0	172.0	8148.0	128.0	64.0	191.0	112.0	2.0
5	6	8	0.27226228777273787	0.39271023868924715	0.01160092807424594	82331.0	2548.0	2429.0	594.0	46.0	3022.0	168.0	45.0	173.0	8156.0	119.0	65.0	108.0	194.0	2.0
5	8	6	-99999.9	1.0	-0.01201923076923077	82331.0	2429.0	2548.0	594.0	46.0	3022.0	173.0	65.0	168.0	8156.0	108.0	45.0	119.0	194.0	2.0
6	5	8	-22.924484630464566	1.0	0.4970484061393153	82331.0	2548.0	3022.0	168.0	45.0	2429.0	594.0	46.0	173.0	8156.0	119.0	65.0	194.0	108.0	2.0
5	6	9	-0.6456002173103094	0.7407309130552573	1.0037759597230962	80187.0	4692.0	2814.0	166.0	89.0	2973.0	178.0	84.0	3368.0	4749.0	331.0	186.0	77.0	102.0	4.0
5	9	6	-172.26765798563434	1.0	0.4990613266583229	80187.0	2814.0	4692.0	166.0	89.0	2973.0	3368.0	186.0	178.0	4749.0	77.0	84.0	331.0	102.0	4.0
6	5	9	0.6480288074694704	0.2584830972465363	0.9962663347853142	80187.0	4692.0	2973.0	178.0	84.0	2814.0	166.0	89.0	3368.0	4749.0	331.0	186.0	102.0	77.0	4.0
5	7	8	0.1221005109329398	0.4514096674681205	0.0003736920777279521	84311.0	468.0	449.0	2708.0	12.0	3220.0	33.0	13.0	34.0	8375.0	14.0	6.0	24.0	333.0	0.0
5	8	7	-99999.9	1.0	-0.00037411148522259637	84311.0	449.0	468.0	2708.0	12.0	3220.0	34.0	6.0	33.0	8375.0	24.0	13.0	14.0	333.0	0.0
7	5	8	-326.49676623467974	1.0	0.4999065245840344	84311.0	468.0	3220.0	33.0	13.0	449.0	2708.0	12.0	34.0	8375.0	14.0	6.0	333.0	24.0	0.0
5	7	9	1.4379388571210912	0.07522574782396485	0.9915940224159402	80119.0	4660.0	2882.0	191.0	96.0	3012.0	164.0	90.0	3349.0	4747.0	327.0	166.0	93.0	96.0	8.0
5	9	7	-168.1855892884593	1.0	0.502128330443008	80119.0	2882.0	4660.0	191.0	96.0	3012.0	3349.0	166.0	164.0	4747.0	93.0	90.0	327.0	96.0	8.0
7	5	9	-1.4257491085677885	0.923029563154987	1.0086234429894603	80119.0	4660.0	3012.0	164.0	90.0	2882.0	191.0	96.0	3349.0	4747.0	327.0	166.0	96.0	93.0	8.0
5	8	9	1.0718591434763742	0.14189168748468828	0.993755853886981	80091.0	4669.0	2910.0	185.0	93.0	3010.0	165.0	85.0	3348.0	4754.0	330.0	169.0	85.0	98.0	8.0
5	9	8	-169.5145235407884	1.0	0.5015757957768674	80091.0	2910.0	4669.0	185.0	93.0	3010.0	3348.0	169.0	165.0	4754.0	85.0	85.0	330.0	98.0	8.0
8	5	9	-1.0651242446797902	0.8565901119151276	1.0063633471205855	80091.0	4669.0	3010.0	165.0	85.0	2910.0	185.0	93.0	3348.0	4754.0	330.0	169.0	98.0	85.0	8.0
6	7	8	-99999.9	1.0	-0.0013386880856760374	84906.0	477.0	447.0	2275.0	9.0	2625.0	31.0	6.0	28.0	8885.0	13.0	14.0	28.0	256.0	0.0
6	8	7	0.3904701019812338	0.3480945327482765	0.0013333333333333333	84906.0	447.0	477.0	2275.0	9.0	2625.0	28.0	14.0	31.0	8885.0	28.0	6.0	13.0	256.0	0.0
7	6	8	-292.0716362819604	1.0	0.5003340013360054	84906.0	477.0	2625.0	31.0	6.0	447.0	2275.0	9.0	28.0	8885.0	13.0	14.0	256.0	28.0	0.0
6	7	9	2.1842596858904644	0.014471534915381223	0.989951113525258	80673.0	4710.0	2487.0	163.0	81.0	2458.0	126.0	78.0	3771.0	4803.0	352.0	139.0	88.0	68.0	3.0
6	9	7	-212.99483639710238	1.0	0.5025506686888184	80673.0	2487.0	4710.0	163.0	81.0	2458.0	3771.0	139.0	126.0	4803.0	88.0	78.0	352.0	68.0	3.0
7	6	9	-2.162087502522029	0.98469433820633	1.010361243349202	80673.0	4710.0	2458.0	126.0	78.0	2487.0	163.0	81.0	3771.0	4803.0	352.0	139.0	68.0	88.0	3.0
6	8	9	1.8916819947799202	0.0292666166934753	0.9913161465400271	80638.0	4715.0	2522.0	160.0	79.0	2463.0	128.0	76.0	3781.0	4809.0	354.0	124.0	80.0	68.0	3.0
6	9	8	-214.05564072181528	1.0	0.5021996150673632	80638.0	2522.0	4715.0	160.0	79.0	2463.0	3781.0	124.0	128.0	4809.0	80.0	76.0	354.0	68.0	3.0
8	6	9	-1.8751110055018034	0.9696113365787866	1.008916132627473	80638.0	4715.0	2463.0	128.0	76.0	2522.0	160.0	79.0	3781.0	4809.0	354.0	124.0	68.0	80.0	3.0
7	8	9	-0.8152348303494622	0.7925311042810348	1.001017984390906	82659.0	4872.0	472.0	24.0	18.0	442.0	30.0	17.0	5930.0	4996.0	490.0	25.0	8.0	17.0	0.0
7	9	8	-802.4628180073182	1.0	0.49974589191936303	82659.0	472.0	4872.0	24.0	18.0	442.0	5930.0	25.0	30.0	4996.0	8.0	17.0	490.0	17.0	0.0
8	7	9	0.816063882719309	0.20723174355789542	0.9989851150202977	82659.0	4872.0	442.0	30.0	17.0	472.0	24.0	18.0	5930.0	4996.0	490.0	25.0	17.0	8.0	0.0
