P1	Hybrid	P2	Zscore	Pvalue	Gamma	AAAA	AAAB	AABA	AABB	AABC	ABAA	ABAB	ABAC	ABBA	BAAA	ABBC	CABC	BACA	BCAA	ABCD
1	2	3	-0.8369725411402278	0.7986960490721754	1.1311475409836065	21689.0	1529.0	1764.0	152.0	65.0	2253.0	168.0	72.0	306.0	1626.0	80.0	119.0	72.0	98.0	7.0
1	3	2	-8.055860708474691	0.9999999999999996	0.4726027397260274	21689.0	1764.0	1529.0	152.0	65.0	2253.0	306.0	119.0	168.0	1626.0	72.0	72.0	80.0	98.0	7.0
2	1	3	0.9340128357651818	0.17514861981457097	0.9058823529411765	21689.0	1529.0	2253.0	168.0	72.0	1764.0	152.0	65.0	306.0	1626.0	80.0	119.0	98.0	72.0	7.0
1	2	4	-0.7643478704855403	0.7776700836880451	1.0241935483870968	22016.0	1202.0	1820.0	114.0	47.0	2305.0	126.0	62.0	634.0	1304.0	74.0	153.0	58.0	77.0	8.0
1	4	2	-33.12174105437337	1.0	0.4941634241245136	22016.0	1820.0	1202.0	114.0	47.0	2305.0	634.0	153.0	126.0	1304.0	58.0	62.0	74.0	77.0	8.0
2	1	4	0.7824033319930729	0.21698872463404273	0.9774436090225563	22016.0	1202.0	2305.0	126.0	62.0	1820.0	114.0	47.0	634.0	1304.0	74.0	153.0	77.0	58.0	8.0
1	2	5	-1.5217210198176034	0.9359604773872079	1.0235955056179775	22367.0	851.0	1849.0	82.0	50.0	2337.0	103.0	53.0	1014.0	937.0	61.0	210.0	40.0	42.0	4.0
1	5	2	-67.53542811761932	1.0	0.49430276722734673	22367.0	1849.0	851.0	82.0	50.0	2337.0	1014.0	210.0	103.0	937.0	40.0	53.0	61.0	42.0	4.0
2	1	5	1.5567991113831028	0.059759106961533304	0.9779643231899265	22367.0	851.0	2337.0	103.0	53.0	1849.0	82.0	50.0	1014.0	937.0	61.0	210.0	42.0	40.0	4.0
1	2	6	-1.2226139113729788	0.8892621548033839	1.0158259149357072	22386.0	832.0	1863.0	76.0	42.0	2361.0	92.0	40.0	1119.0	843.0	50.0	215.0	36.0	41.0	4.0
1	6	2	-79.699144347626	1.0	0.4961352657004831	22386.0	1863.0	832.0	76.0	42.0	2361.0	1119.0	215.0	92.0	843.0	36.0	40.0	50.0	41.0	4.0
2	1	6	1.241661450401185	0.1071808176207294	0.9848914069877243	22386.0	832.0	2361.0	92.0	40.0	1863.0	76.0	42.0	1119.0	843.0	50.0	215.0	41.0	36.0	4.0
1	2	7	-1.2792409602591175	0.8995938233583581	1.0169322709163346	22365.0	853.0	1862.0	78.0	41.0	2353.0	95.0	45.0	1116.0	842.0	54.0	216.0	34.0	40.0	6.0
1	7	2	-78.10894804405659	1.0	0.4958717824186498	22365.0	1862.0	853.0	78.0	41.0	2353.0	1116.0	216.0	95.0	842.0	34.0	45.0	54.0	40.0	6.0
2	1	7	1.3005407607727366	0.09670791554650737	0.9838862559241707	22365.0	853.0	2353.0	95.0	45.0	1862.0	78.0	41.0	1116.0	842.0	54.0	216.0	40.0	34.0	6.0
1	2	8	-1.5061519420557081	0.9339858854962559	1.01998001998002	22422.0	796.0	1869.0	76.0	36.0	2344.0	96.0	53.0	1117.0	839.0	56.0	214.0	34.0	38.0	10.0
1	8	2	-78.39520858399948	1.0	0.49515033947623666	22422.0	1869.0	796.0	76.0	36.0	2344.0	1117.0	214.0	96.0	839.0	34.0	53.0	56.0	38.0	10.0
2	1	8	1.5356554081096885	0.062311477769586565	0.9811498586239397	22422.0	796.0	2344.0	96.0	53.0	1869.0	76.0	36.0	1117.0	839.0	56.0	214.0	38.0	34.0	10.0
1	2	9	-3.010312910711208	0.9986950373608482	1.0206896551724138	22810.0	408.0	1931.0	33.0	17.0	2406.0	63.0	24.0	1543.0	429.0	40.0	253.0	21.0	19.0	3.0
1	9	2	-151.51908317246412	1.0	0.4949832775919732	22810.0	1931.0	408.0	33.0	17.0	2406.0	1543.0	253.0	63.0	429.0	21.0	24.0	40.0	19.0	3.0
2	1	9	3.071332767009409	0.0010655962331524993	0.9805194805194806	22810.0	408.0	2406.0	63.0	24.0	1931.0	33.0	17.0	1543.0	429.0	40.0	253.0	19.0	21.0	3.0
1	3	4	-1.2966400362104595	0.902622396871917	1.0603448275862069	22256.0	1197.0	1580.0	112.0	54.0	2472.0	133.0	73.0	502.0	1307.0	57.0	118.0	48.0	86.0	5.0
1	4	3	-24.080457815337084	1.0	0.4861660079051383	22256.0	1580.0	1197.0	112.0	54.0	2472.0	502.0	118.0	133.0	1307.0	48.0	73.0	57.0	86.0	5.0
3	1	4	1.3704325585964208	0.08527601716537558	0.948905109489051	22256.0	1197.0	2472.0	133.0	73.0	1580.0	112.0	54.0	502.0	1307.0	57.0	118.0	86.0	48.0	5.0
1	3	5	-1.1844009905958301	0.8818727531304815	1.0209424083769634	22591.0	862.0	1625.0	81.0	40.0	2525.0	97.0	56.0	877.0	940.0	49.0	159.0	43.0	49.0	6.0
1	5	3	-58.92394928214253	1.0	0.49492385786802034	22591.0	1625.0	862.0	81.0	40.0	2525.0	877.0	159.0	97.0	940.0	43.0	56.0	49.0	49.0	6.0
3	1	5	1.2086963955311294	0.11338981927242087	0.9802955665024631	22591.0	862.0	2525.0	97.0	56.0	1625.0	81.0	40.0	877.0	940.0	49.0	159.0	49.0	43.0	6.0
1	3	6	-0.816478730057884	0.7928868641824982	1.011350737797957	22611.0	842.0	1638.0	69.0	39.0	2556.0	79.0	43.0	970.0	854.0	42.0	169.0	38.0	46.0	4.0
1	6	3	-73.5647335782154	1.0	0.49720982142857145	22611.0	1638.0	842.0	69.0	39.0	2556.0	970.0	169.0	79.0	854.0	38.0	43.0	42.0	46.0	4.0
3	1	6	0.8256423521685223	0.20450344768387918	0.9890230515916575	22611.0	842.0	2556.0	79.0	43.0	1638.0	69.0	39.0	970.0	854.0	42.0	169.0	46.0	38.0	4.0
1	3	7	-1.1395696308949628	0.8727671238308812	1.0160919540229885	22590.0	863.0	1637.0	67.0	42.0	2550.0	81.0	47.0	965.0	855.0	46.0	170.0	35.0	47.0	5.0
1	7	3	-73.0952520388341	1.0	0.49607182940516276	22590.0	1637.0	863.0	67.0	42.0	2550.0	965.0	170.0	81.0	855.0	35.0	47.0	46.0	47.0	5.0
3	1	7	1.1576171137371907	0.1235102192544244	0.9846491228070176	22590.0	863.0	2550.0	81.0	47.0	1637.0	67.0	42.0	965.0	855.0	46.0	170.0	47.0	35.0	5.0
1	3	8	-1.671496017481004	0.9526881492462598	1.024390243902439	22645.0	808.0	1646.0	66.0	34.0	2533.0	87.0	58.0	969.0	850.0	47.0	173.0	32.0	45.0	7.0
1	8	3	-71.87432875168315	1.0	0.4941176470588235	22645.0	1646.0	808.0	66.0	34.0	2533.0	969.0	173.0	87.0	850.0	32.0	58.0	47.0	45.0	7.0
3	1	8	1.7112935417067423	0.0435134365940546	0.9772727272727273	22645.0	808.0	2533.0	87.0	58.0	1646.0	66.0	34.0	969.0	850.0	47.0	173.0	45.0	32.0	7.0
1	3	9	-1.271198507289004	0.8981709124834995	1.0090361445783131	23053.0	400.0	1688.0	38.0	20.0	2599.0	50.0	29.0	1390.0	446.0	30.0	213.0	17.0	23.0	4.0
1	9	3	-143.2216984878947	1.0	0.4977711738484398	23053.0	1688.0	400.0	38.0	20.0	2599.0	1390.0	213.0	50.0	446.0	17.0	29.0	30.0	23.0	4.0
3	1	9	1.2825823745184577	0.09981928278384045	0.9912023460410557	23053.0	400.0	2599.0	50.0	29.0	1688.0	38.0	20.0	1390.0	446.0	30.0	213.0	23.0	17.0	4.0
1	4	5	-1.1912691838866618	0.883225972601356	1.0408163265306123	22963.0	873.0	1253.0	78.0	32.0	2938.0	94.0	60.0	502.0	951.0	35.0	121.0	35.0	59.0	6.0
1	5	4	-31.568633372996548	1.0	0.49038461538461536	22963.0	1253.0	873.0	78.0	32.0	2938.0	502.0	121.0	94.0	951.0	35.0	60.0	35.0	59.0	6.0
4	1	5	1.2379856224704526	0.10786076402882916	0.9636363636363636	22963.0	873.0	2938.0	94.0	60.0	1253.0	78.0	32.0	502.0	951.0	35.0	121.0	59.0	35.0	6.0
1	4	6	-0.33186045489653115	0.6300026159259275	1.007766990291262	22979.0	857.0	1270.0	70.0	23.0	2969.0	74.0	49.0	593.0	867.0	28.0	133.0	30.0	53.0	5.0
1	6	4	-43.390754477721416	1.0	0.49808061420345484	22979.0	1270.0	857.0	70.0	23.0	2969.0	593.0	133.0	74.0	867.0	30.0	49.0	28.0	53.0	5.0
4	1	6	0.33441814626374916	0.36903209178257523	0.9924098671726755	22979.0	857.0	2969.0	74.0	49.0	1270.0	70.0	23.0	593.0	867.0	28.0	133.0	53.0	30.0	5.0
1	4	7	-0.16627541180206307	0.5660298952738843	1.00390625	22961.0	875.0	1266.0	71.0	26.0	2962.0	73.0	57.0	587.0	870.0	31.0	136.0	28.0	52.0	5.0
1	7	4	-42.899056244932254	1.0	0.49902912621359224	22961.0	1266.0	875.0	71.0	26.0	2962.0	587.0	136.0	73.0	870.0	28.0	57.0	31.0	52.0	5.0
4	1	7	0.16692239784020338	0.4337155524174593	0.9961389961389961	22961.0	875.0	2962.0	73.0	57.0	1266.0	71.0	26.0	587.0	870.0	31.0	136.0	52.0	28.0	5.0
1	4	8	-1.0219708545498347	0.8466026342203687	1.0257936507936507	23020.0	816.0	1271.0	72.0	20.0	2938.0	85.0	69.0	602.0	856.0	30.0	135.0	28.0	52.0	6.0
1	8	4	-41.664965608570164	1.0	0.4937917860553964	23020.0	1271.0	816.0	72.0	20.0	2938.0	602.0	135.0	85.0	856.0	28.0	69.0	30.0	52.0	6.0
4	1	8	1.0476683808731382	0.14739573768770353	0.9760589318600368	23020.0	816.0	2938.0	85.0	69.0	1271.0	72.0	20.0	602.0	856.0	30.0	135.0	52.0	28.0	6.0
1	4	9	-0.7837201037697006	0.7833978814861434	1.0072689511941848	23425.0	411.0	1316.0	36.0	11.0	3014.0	43.0	35.0	1013.0	452.0	23.0	175.0	18.0	24.0	4.0
1	9	4	-109.38493448328528	1.0	0.4982023626091423	23425.0	1316.0	411.0	36.0	11.0	3014.0	1013.0	175.0	43.0	452.0	18.0	35.0	23.0	24.0	4.0
4	1	9	0.7893758158587604	0.2149461310355003	0.9928861788617886	23425.0	411.0	3014.0	43.0	35.0	1316.0	36.0	11.0	1013.0	452.0	23.0	175.0	24.0	18.0	4.0
1	5	6	0.0	0.49999999949999996	nan	23359.0	857.0	890.0	74.0	19.0	3435.0	74.0	52.0	181.0	878.0	21.0	79.0	19.0	61.0	1.0
1	6	5	-8.792375925151461	1.0	0.5	23359.0	890.0	857.0	74.0	19.0	3435.0	181.0	79.0	74.0	878.0	19.0	52.0	21.0	61.0	1.0
5	1	6	0.0	0.49999999949999996	nan	23359.0	857.0	3435.0	74.0	52.0	890.0	74.0	19.0	181.0	878.0	21.0	79.0	61.0	19.0	1.0
1	5	7	0.0	0.49999999949999996	nan	23339.0	877.0	888.0	74.0	21.0	3426.0	74.0	61.0	181.0	879.0	20.0	78.0	18.0	63.0	1.0
1	7	5	-8.792375925151461	1.0	0.5	23339.0	888.0	877.0	74.0	21.0	3426.0	181.0	78.0	74.0	879.0	18.0	61.0	20.0	63.0	1.0
5	1	7	0.0	0.49999999949999996	nan	23339.0	877.0	3426.0	74.0	61.0	888.0	74.0	21.0	181.0	879.0	20.0	78.0	63.0	18.0	1.0
1	5	8	-1.5893599042815345	0.9440104164210958	1.2613636363636365	23394.0	822.0	897.0	68.0	18.0	3393.0	91.0	77.0	202.0	858.0	20.0	80.0	20.0	58.0	2.0
1	8	5	-9.259749007553287	1.0	0.45306122448979586	23394.0	897.0	822.0	68.0	18.0	3393.0	202.0	80.0	91.0	858.0	20.0	77.0	20.0	58.0	2.0
5	1	8	1.9186867312948253	0.02751192858626683	0.8535031847133758	23394.0	822.0	3393.0	91.0	77.0	897.0	68.0	18.0	202.0	858.0	20.0	80.0	58.0	20.0	2.0
1	5	9	-2.5010517475220864	0.9938087307995471	1.0450281425891181	23795.0	421.0	946.0	31.0	6.0	3470.0	55.0	36.0	612.0	450.0	18.0	120.0	8.0	31.0	1.0
1	9	5	-60.54629438793054	1.0	0.4894551845342706	23795.0	946.0	421.0	31.0	6.0	3470.0	612.0	120.0	55.0	450.0	8.0	36.0	18.0	31.0	1.0
5	1	9	2.608816993375821	0.004542826357670782	0.9603305785123967	23795.0	421.0	3470.0	55.0	36.0	946.0	31.0	6.0	612.0	450.0	18.0	120.0	31.0	8.0	1.0
1	6	7	0.28876909311182153	0.38637910934859443	0.0029761904761904765	23980.0	269.0	247.0	693.0	10.0	3642.0	23.0	30.0	25.0	941.0	5.0	18.0	7.0	110.0	0.0
1	7	6	-99999.9	1.0	-0.003003003003003003	23980.0	247.0	269.0	693.0	10.0	3642.0	25.0	18.0	23.0	941.0	7.0	30.0	5.0	110.0	0.0
6	1	7	-96.44887709934828	1.0	0.4992526158445441	23980.0	269.0	3642.0	23.0	30.0	247.0	693.0	10.0	25.0	941.0	5.0	18.0	110.0	7.0	0.0
1	6	8	-0.1383114159854768	0.5550028757285832	-0.09090909090909091	23429.0	820.0	862.0	71.0	17.0	3520.0	95.0	80.0	97.0	857.0	17.0	58.0	17.0	58.0	2.0
1	8	6	-0.1498373673175999	0.5595535537399327	0.07142857142857144	23429.0	862.0	820.0	71.0	17.0	3520.0	97.0	58.0	95.0	857.0	17.0	80.0	17.0	58.0	2.0
6	1	8	1.7980484078111976	0.03608461652206629	0.52	23429.0	820.0	3520.0	95.0	80.0	862.0	71.0	17.0	97.0	857.0	17.0	58.0	58.0	17.0	2.0
1	6	9	-1.5540322217914206	0.939911620889645	1.034324942791762	23838.0	411.0	903.0	37.0	10.0	3603.0	52.0	40.0	504.0	455.0	12.0	95.0	6.0	33.0	1.0
1	9	6	-48.38220317177287	1.0	0.49183895538628947	23838.0	903.0	411.0	37.0	10.0	3603.0	504.0	95.0	52.0	455.0	6.0	40.0	12.0	33.0	1.0
6	1	9	1.6056040875588349	0.05418046129196297	0.9688796680497925	23838.0	411.0	3603.0	52.0	40.0	903.0	37.0	10.0	504.0	455.0	12.0	95.0	33.0	6.0	1.0
1	7	8	-0.07094977555893922	0.5282812051149097	-0.04	23404.0	823.0	887.0	69.0	16.0	3510.0	95.0	80.0	96.0	859.0	16.0	69.0	15.0	60.0	1.0
1	8	7	-0.07367861308043688	0.5293670101927845	0.03571428571428571	23404.0	887.0	823.0	69.0	16.0	3510.0	96.0	69.0	95.0	859.0	15.0	80.0	16.0	60.0	1.0
7	1	8	1.9156439400913703	0.027705149198626877	0.509433962264151	23404.0	823.0	3510.0	95.0	80.0	887.0	69.0	16.0	96.0	859.0	16.0	69.0	60.0	15.0	1.0
1	7	9	-1.7742837815952615	0.9619919362909397	1.0390804597701149	23818.0	409.0	923.0	35.0	14.0	3593.0	52.0	40.0	504.0	456.0	11.0	105.0	5.0	34.0	1.0
1	9	7	-48.94935844518693	1.0	0.49077090119435396	23818.0	923.0	409.0	35.0	14.0	3593.0	504.0	105.0	52.0	456.0	5.0	40.0	11.0	34.0	1.0
7	1	9	1.8410156937349065	0.032809570338087624	0.9650205761316872	23818.0	409.0	3593.0	52.0	40.0	923.0	35.0	14.0	504.0	456.0	11.0	105.0	34.0	5.0	1.0
1	8	9	-0.9420777016794891	0.8269235830545767	1.0202702702702702	23886.0	405.0	855.0	40.0	13.0	3587.0	49.0	39.0	502.0	455.0	12.0	113.0	9.0	35.0	0.0
1	9	8	-48.35998868621374	1.0	0.49508196721311476	23886.0	855.0	405.0	40.0	13.0	3587.0	502.0	113.0	49.0	455.0	9.0	39.0	12.0	35.0	0.0
8	1	9	0.9607944772095451	0.16832775248507437	0.9808917197452229	23886.0	405.0	3587.0	49.0	39.0	855.0	40.0	13.0	502.0	455.0	12.0	113.0	35.0	9.0	0.0
2	3	4	-0.32806352133391287	0.6285681142726134	1.0133333333333334	22718.0	1224.0	1603.0	112.0	54.0	2010.0	117.0	62.0	497.0	1325.0	54.0	100.0	53.0	68.0	3.0
2	4	3	-25.26089114271132	1.0	0.49673202614379086	22718.0	1603.0	1224.0	112.0	54.0	2010.0	497.0	100.0	117.0	1325.0	53.0	62.0	54.0	68.0	3.0
3	2	4	0.3323801466146222	0.3698011819094843	0.9871794871794872	22718.0	1224.0	2010.0	117.0	62.0	1603.0	112.0	54.0	497.0	1325.0	54.0	100.0	68.0	53.0	3.0
2	3	5	0.15444672973362625	0.4386287420215874	0.9974905897114178	23061.0	881.0	1643.0	85.0	41.0	2055.0	83.0	51.0	878.0	940.0	58.0	140.0	38.0	45.0	1.0
2	5	3	-61.23812833938274	1.0	0.5006297229219143	23061.0	1643.0	881.0	85.0	41.0	2055.0	878.0	140.0	83.0	940.0	38.0	51.0	58.0	45.0	1.0
3	2	5	-0.15405818450159198	0.5612180843821895	1.0025284450063212	23061.0	881.0	2055.0	83.0	51.0	1643.0	85.0	41.0	878.0	940.0	58.0	140.0	45.0	38.0	1.0
2	3	6	0.5084459374939135	0.30557031597581075	0.9934065934065934	23086.0	856.0	1661.0	73.0	35.0	2081.0	67.0	41.0	971.0	856.0	49.0	145.0	37.0	40.0	2.0
2	6	3	-76.09740864492234	1.0	0.5016648168701444	23086.0	1661.0	856.0	73.0	35.0	2081.0	971.0	145.0	67.0	856.0	37.0	41.0	49.0	40.0	2.0
3	2	6	-0.5050712963158566	0.6932456236995279	1.006726457399103	23086.0	856.0	2081.0	67.0	41.0	1661.0	73.0	35.0	971.0	856.0	49.0	145.0	40.0	37.0	2.0
2	3	7	0.2511849721387849	0.400835606855646	0.9966777408637874	23062.0	880.0	1656.0	73.0	40.0	2078.0	70.0	41.0	970.0	855.0	51.0	146.0	35.0	41.0	2.0
2	7	3	-75.10430666949651	1.0	0.5008347245409015	23062.0	1656.0	880.0	73.0	40.0	2078.0	970.0	146.0	70.0	855.0	35.0	41.0	51.0	41.0	2.0
3	2	7	-0.25034768889832226	0.5988407048975856	1.0033557046979866	23062.0	880.0	2078.0	70.0	41.0	1656.0	73.0	40.0	970.0	855.0	51.0	146.0	41.0	35.0	2.0
2	3	8	0.08249534201695155	0.467126345145066	0.9988998899889989	23104.0	838.0	1662.0	74.0	33.0	2074.0	73.0	42.0	981.0	846.0	49.0	145.0	34.0	41.0	4.0
2	8	3	-74.82327520937545	1.0	0.500275482093664	23104.0	1662.0	838.0	74.0	33.0	2074.0	981.0	145.0	73.0	846.0	34.0	42.0	49.0	41.0	4.0
3	2	8	-0.08240448811605182	0.5328375324156133	1.0011037527593818	23104.0	838.0	2074.0	73.0	42.0	1662.0	74.0	33.0	981.0	846.0	49.0	145.0	41.0	34.0	4.0
2	3	9	2.126668334369624	0.01672376587897595	0.9871244635193133	23510.0	432.0	1706.0	45.0	18.0	2142.0	27.0	20.0	1407.0	437.0	32.0	178.0	17.0	25.0	4.0
2	9	3	-160.91790396730124	1.0	0.5032822757111597	23510.0	1706.0	432.0	45.0	18.0	2142.0	1407.0	178.0	27.0	437.0	17.0	20.0	32.0	25.0	4.0
3	2	9	-2.098929182182194	0.9820884906120362	1.0133928571428572	23510.0	432.0	2142.0	27.0	20.0	1706.0	45.0	18.0	1407.0	437.0	32.0	178.0	25.0	17.0	4.0
2	4	5	0.08038944369688714	0.4679636944903671	0.9976470588235294	23429.0	892.0	1275.0	78.0	37.0	2472.0	77.0	58.0	501.0	956.0	38.0	100.0	28.0	54.0	5.0
2	5	4	-34.004734683783006	1.0	0.500590318772137	23429.0	1275.0	892.0	78.0	37.0	2472.0	501.0	100.0	77.0	956.0	28.0	58.0	38.0	54.0	5.0
4	2	5	-0.080199845952319	0.5319609104543153	1.0023696682464456	23429.0	892.0	2472.0	77.0	58.0	1275.0	78.0	37.0	501.0	956.0	38.0	100.0	54.0	28.0	5.0
2	4	6	0.41981302779614277	0.3373110639740713	0.9906015037593985	23453.0	868.0	1294.0	74.0	22.0	2495.0	69.0	43.0	596.0	865.0	34.0	106.0	26.0	51.0	4.0
2	6	4	-43.82848010191737	1.0	0.5023832221163012	23453.0	1294.0	868.0	74.0	22.0	2495.0	596.0	106.0	69.0	865.0	26.0	43.0	34.0	51.0	4.0
4	2	6	-0.4158299819916254	0.6612327487117282	1.009671179883946	23453.0	868.0	2495.0	69.0	43.0	1294.0	74.0	22.0	596.0	865.0	34.0	106.0	51.0	26.0	4.0
2	4	7	0.757919054980352	0.2242496540129223	0.9832402234636871	23431.0	890.0	1287.0	76.0	27.0	2492.0	67.0	48.0	595.0	867.0	33.0	107.0	26.0	50.0	4.0
2	7	4	-43.70666550386697	1.0	0.504297994269341	23431.0	1287.0	890.0	76.0	27.0	2492.0	595.0	107.0	67.0	867.0	26.0	48.0	33.0	50.0	4.0
4	2	7	-0.7449999801795505	0.7718642024026395	1.0176470588235293	23431.0	890.0	2492.0	67.0	48.0	1287.0	76.0	27.0	595.0	867.0	33.0	107.0	50.0	26.0	4.0
2	4	8	0.49554661856464594	0.31010716256112136	0.9889705882352942	23474.0	847.0	1292.0	77.0	21.0	2484.0	71.0	52.0	609.0	853.0	33.0	107.0	29.0	50.0	1.0
2	8	4	-43.93846684606534	1.0	0.5028037383177569	23474.0	1292.0	847.0	77.0	21.0	2484.0	609.0	107.0	71.0	853.0	29.0	52.0	33.0	50.0	1.0
4	2	8	-0.4900200763501703	0.687940149877178	1.0114068441064639	23474.0	847.0	2484.0	71.0	52.0	1292.0	77.0	21.0	609.0	853.0	33.0	107.0	50.0	29.0	1.0
2	4	9	2.8002171182169726	0.0025534727018334813	0.978702807357212	23878.0	443.0	1338.0	42.0	10.0	2561.0	20.0	26.0	1031.0	441.0	23.0	135.0	20.0	29.0	3.0
2	9	4	-125.88248772348156	1.0	0.5055000000000001	23878.0	1338.0	443.0	42.0	10.0	2561.0	1031.0	135.0	20.0	441.0	20.0	26.0	23.0	29.0	3.0
4	2	9	-2.739282621084655	0.9969212748364751	1.0227507755946226	23878.0	443.0	2561.0	20.0	26.0	1338.0	42.0	10.0	1031.0	441.0	23.0	135.0	29.0	20.0	3.0
2	5	6	1.3777029873549786	0.08414756305809412	0.864406779661017	23844.0	860.0	903.0	83.0	21.0	2950.0	67.0	56.0	169.0	873.0	19.0	78.0	20.0	57.0	0.0
2	6	5	-7.405153557033017	0.999999999999934	0.5425531914893617	23844.0	903.0	860.0	83.0	21.0	2950.0	169.0	78.0	67.0	873.0	20.0	56.0	19.0	57.0	0.0
5	2	6	-1.1615927148287077	0.8772994697369181	1.2285714285714286	23844.0	860.0	2950.0	67.0	56.0	903.0	83.0	21.0	169.0	873.0	19.0	78.0	57.0	20.0	0.0
2	5	7	1.5337262994250065	0.06254852027289515	0.8524590163934426	23820.0	884.0	898.0	86.0	23.0	2945.0	68.0	60.0	172.0	872.0	17.0	77.0	20.0	58.0	0.0
2	7	5	-7.327803430586143	0.9999999999998821	0.5473684210526316	23820.0	898.0	884.0	86.0	23.0	2945.0	172.0	77.0	68.0	872.0	20.0	60.0	17.0	58.0	0.0
5	2	7	-1.2682736706783706	0.8976498131177412	1.2647058823529411	23820.0	884.0	2945.0	68.0	60.0	898.0	86.0	23.0	172.0	872.0	17.0	77.0	58.0	20.0	0.0
2	5	8	0.07865591850295164	0.4686530870739064	0.990909090909091	23858.0	846.0	908.0	82.0	17.0	2929.0	81.0	63.0	190.0	850.0	21.0	81.0	22.0	52.0	0.0
2	8	5	-8.494839198318717	1.0	0.5023041474654377	23858.0	908.0	846.0	82.0	17.0	2929.0	190.0	81.0	81.0	850.0	22.0	63.0	21.0	52.0	0.0
5	2	8	-0.0779343045717319	0.5310599118696486	1.0093457943925233	23858.0	846.0	2929.0	81.0	63.0	908.0	82.0	17.0	190.0	850.0	21.0	81.0	52.0	22.0	0.0
2	5	9	0.8227447606159815	0.20532652329620005	0.9879310344827587	24254.0	450.0	962.0	40.0	5.0	3011.0	33.0	29.0	606.0	438.0	17.0	110.0	10.0	34.0	1.0
2	9	5	-66.52479064409225	1.0	0.5030728709394205	24254.0	962.0	450.0	40.0	5.0	3011.0	606.0	110.0	33.0	438.0	10.0	29.0	17.0	34.0	1.0
5	2	9	-0.8126937775019991	0.7918032321818134	1.0125223613595706	24254.0	450.0	3011.0	33.0	29.0	962.0	40.0	5.0	606.0	438.0	17.0	110.0	34.0	10.0	1.0
2	6	7	0.6331403645774759	0.26332093424690717	0.005813953488372093	24466.0	281.0	252.0	702.0	10.0	3156.0	18.0	23.0	22.0	934.0	4.0	16.0	8.0	108.0	0.0
2	7	6	-99999.9	1.0	-0.005917159763313609	24466.0	252.0	281.0	702.0	10.0	3156.0	22.0	16.0	18.0	934.0	8.0	23.0	4.0	108.0	0.0
6	2	7	-107.63386197817086	1.0	0.49853372434017595	24466.0	281.0	3156.0	18.0	23.0	252.0	702.0	10.0	22.0	934.0	4.0	16.0	108.0	8.0	0.0
2	6	8	-0.07474840708285416	0.5297926223143021	1.125	23898.0	849.0	868.0	79.0	17.0	3051.0	80.0	66.0	89.0	854.0	17.0	60.0	19.0	53.0	0.0
2	8	6	-0.7474840708285369	0.772614360840291	0.4736842105263158	23898.0	868.0	849.0	79.0	17.0	3051.0	89.0	60.0	80.0	854.0	19.0	66.0	17.0	53.0	0.0
6	2	8	0.08305378564761579	0.4669043205052936	0.9090909090909091	23898.0	849.0	3051.0	80.0	66.0	868.0	79.0	17.0	89.0	854.0	17.0	60.0	53.0	19.0	0.0
2	6	9	1.7027394917083076	0.04430838527584191	0.9691991786447638	24308.0	439.0	908.0	47.0	9.0	3133.0	32.0	32.0	504.0	443.0	13.0	90.0	6.0	35.0	1.0
2	9	6	-51.87679651404644	1.0	0.5080731969860064	24308.0	908.0	439.0	47.0	9.0	3133.0	504.0	90.0	32.0	443.0	6.0	32.0	13.0	35.0	1.0
6	2	9	-1.6486270078616452	0.9503879789080979	1.0339366515837105	24308.0	439.0	3133.0	32.0	32.0	908.0	47.0	9.0	504.0	443.0	13.0	90.0	35.0	6.0	1.0
2	7	8	-0.19653136836313942	0.5779028363346601	5.0	23870.0	848.0	896.0	81.0	16.0	3044.0	85.0	65.0	90.0	853.0	17.0	66.0	15.0	54.0	0.0
2	8	7	-0.44219557881706334	0.670826127998126	0.35714285714285715	23870.0	896.0	848.0	81.0	16.0	3044.0	90.0	66.0	85.0	853.0	15.0	65.0	17.0	54.0	0.0
7	2	8	0.35375646305365116	0.3617607662215754	0.6923076923076923	23870.0	848.0	3044.0	85.0	65.0	896.0	81.0	16.0	90.0	853.0	17.0	66.0	54.0	15.0	0.0
2	7	9	1.6818636173700559	0.04629762006336435	0.9691991786447638	24283.0	435.0	933.0	48.0	12.0	3128.0	33.0	33.0	505.0	443.0	12.0	94.0	5.0	34.0	2.0
2	9	7	-51.24077820920768	1.0	0.5080731969860064	24283.0	933.0	435.0	48.0	12.0	3128.0	505.0	94.0	33.0	443.0	5.0	33.0	12.0	34.0	2.0
7	2	9	-1.6284145617332952	0.9482815029926956	1.0339366515837105	24283.0	435.0	3128.0	33.0	33.0	933.0	48.0	12.0	505.0	443.0	12.0	94.0	34.0	5.0	2.0
2	8	9	2.1316590881236426	0.016517382573811634	0.9608247422680413	24337.0	429.0	879.0	50.0	16.0	3136.0	31.0	33.0	497.0	444.0	12.0	94.0	6.0	36.0	0.0
2	9	8	-50.150084862698336	1.0	0.5104052573932093	24337.0	879.0	429.0	50.0	16.0	3136.0	497.0	94.0	31.0	444.0	6.0	33.0	12.0	36.0	0.0
8	2	9	-2.0447459493374853	0.9795601117186739	1.044392523364486	24337.0	429.0	3136.0	31.0	33.0	879.0	50.0	16.0	497.0	444.0	12.0	94.0	36.0	6.0	0.0
3	4	5	-0.2447902202661765	0.5966905140454819	1.0070588235294118	23824.0	904.0	1292.0	73.0	38.0	2077.0	76.0	47.0	504.0	964.0	37.0	80.0	30.0	51.0	3.0
3	5	4	-35.16819497824074	1.0	0.4982537834691502	23824.0	1292.0	904.0	73.0	38.0	2077.0	504.0	80.0	76.0	964.0	30.0	47.0	37.0	51.0	3.0
4	3	5	0.24650603956710762	0.4026453183016656	0.9930875576036866	23824.0	904.0	2077.0	76.0	47.0	1292.0	73.0	38.0	504.0	964.0	37.0	80.0	51.0	30.0	3.0
3	4	6	0.45630984004258585	0.3240836165806864	0.9906890130353817	23847.0	881.0	1320.0	63.0	20.0	2101.0	58.0	41.0	590.0	880.0	35.0	86.0	31.0	47.0	0.0
3	6	4	-48.09505714048853	1.0	0.502360717658168	23847.0	1320.0	881.0	63.0	20.0	2101.0	590.0	86.0	58.0	880.0	31.0	41.0	35.0	47.0	0.0
4	3	6	-0.4520212137263961	0.674373125618628	1.0095785440613028	23847.0	881.0	2101.0	58.0	41.0	1320.0	63.0	20.0	590.0	880.0	35.0	86.0	47.0	31.0	0.0
3	4	7	0.8375900385874745	0.2011304443735661	0.9833948339483395	23825.0	903.0	1315.0	63.0	25.0	2098.0	54.0	48.0	587.0	884.0	34.0	87.0	31.0	46.0	0.0
3	7	4	-48.7663533577596	1.0	0.5042573320719016	23825.0	1315.0	903.0	63.0	25.0	2098.0	587.0	87.0	54.0	884.0	31.0	48.0	34.0	46.0	0.0
4	3	7	-0.8234468672041962	0.7948730940749359	1.0174757281553397	23825.0	903.0	2098.0	54.0	48.0	1315.0	63.0	25.0	587.0	884.0	34.0	87.0	46.0	31.0	0.0
3	4	8	0.36933923451450884	0.3559375026285039	0.9926605504587156	23857.0	871.0	1321.0	61.0	21.0	2101.0	57.0	42.0	598.0	874.0	33.0	89.0	30.0	45.0	0.0
3	8	4	-49.58379223357281	1.0	0.5018552875695733	23857.0	1321.0	871.0	61.0	21.0	2101.0	598.0	89.0	57.0	874.0	30.0	42.0	33.0	45.0	0.0
4	3	8	-0.3666084453498914	0.6430443850514395	1.0075046904315197	23857.0	871.0	2101.0	57.0	42.0	1321.0	61.0	21.0	598.0	874.0	33.0	89.0	45.0	30.0	0.0
3	4	9	0.3907625351952177	0.34798643798741247	0.997002997002997	24292.0	436.0	1360.0	31.0	12.0	2147.0	28.0	25.0	1026.0	457.0	22.0	118.0	22.0	24.0	0.0
3	9	4	-129.60290750641357	1.0	0.5007526342197691	24292.0	1360.0	436.0	31.0	12.0	2147.0	1026.0	118.0	28.0	457.0	22.0	25.0	22.0	24.0	0.0
4	3	9	-0.3895878983158733	0.6515792954958137	1.003024193548387	24292.0	436.0	2147.0	28.0	25.0	1360.0	31.0	12.0	1026.0	457.0	22.0	118.0	24.0	22.0	0.0
3	5	6	0.8982764686060569	0.18451905741621955	0.9090909090909091	24244.0	872.0	923.0	72.0	20.0	2550.0	62.0	49.0	162.0	888.0	20.0	65.0	19.0	53.0	1.0
3	6	5	-8.08448821745451	0.9999999999999997	0.5263157894736842	24244.0	923.0	872.0	72.0	20.0	2550.0	162.0	65.0	62.0	888.0	19.0	49.0	20.0	53.0	1.0
5	3	6	-0.8084488217454512	0.7905839298336715	1.125	24244.0	872.0	2550.0	62.0	49.0	923.0	72.0	20.0	162.0	888.0	20.0	65.0	53.0	19.0	1.0
3	5	7	1.1060059785314753	0.13436201180048957	0.8974358974358975	24218.0	898.0	922.0	70.0	23.0	2547.0	58.0	56.0	163.0	891.0	16.0	62.0	20.0	55.0	1.0
3	7	5	-8.571546333618937	1.0	0.5303030303030304	24218.0	922.0	898.0	70.0	23.0	2547.0	163.0	62.0	58.0	891.0	20.0	56.0	16.0	55.0	1.0
5	3	7	-0.9796052952707354	0.836359503033334	1.1481481481481481	24218.0	898.0	2547.0	58.0	56.0	922.0	70.0	23.0	163.0	891.0	16.0	62.0	55.0	20.0	1.0
3	5	8	-0.5104234640781773	0.6951225961202443	1.0571428571428572	24245.0	871.0	933.0	62.0	20.0	2542.0	68.0	51.0	179.0	872.0	19.0	67.0	21.0	50.0	0.0
3	8	5	-9.95325754952445	1.0	0.4868421052631579	24245.0	933.0	871.0	62.0	20.0	2542.0	179.0	67.0	68.0	872.0	21.0	51.0	19.0	50.0	0.0
5	3	8	0.5380139215959167	0.2952836975236507	0.9512195121951219	24245.0	871.0	2542.0	68.0	51.0	933.0	62.0	20.0	179.0	872.0	19.0	67.0	50.0	21.0	0.0
3	5	9	-1.4126656799099788	0.9211229244535688	1.0219378427787935	24674.0	442.0	978.0	29.0	8.0	2591.0	41.0	29.0	600.0	456.0	14.0	100.0	10.0	27.0	1.0
3	9	5	-67.21934193571656	1.0	0.4946902654867257	24674.0	978.0	442.0	29.0	8.0	2591.0	600.0	100.0	41.0	456.0	10.0	29.0	14.0	27.0	1.0
5	3	9	1.4429912401227154	0.07451151439360926	0.9794168096054888	24674.0	442.0	2591.0	41.0	29.0	978.0	29.0	8.0	600.0	456.0	14.0	100.0	27.0	10.0	1.0
3	6	7	0.9749565928381821	0.1647908960848623	0.008708272859216257	24884.0	283.0	256.0	699.0	9.0	2738.0	16.0	23.0	22.0	944.0	3.0	12.0	9.0	101.0	1.0
3	7	6	-99999.9	1.0	-0.00894187779433681	24884.0	256.0	283.0	699.0	9.0	2738.0	22.0	12.0	16.0	944.0	9.0	23.0	3.0	101.0	1.0
6	3	7	-110.00760222524158	1.0	0.49779411764705883	24884.0	283.0	2738.0	16.0	23.0	256.0	699.0	9.0	22.0	944.0	3.0	12.0	101.0	9.0	1.0
3	6	8	-0.3345576768797616	0.631020544451937	1.8333333333333333	24295.0	872.0	883.0	63.0	18.0	2654.0	68.0	55.0	79.0	874.0	16.0	55.0	19.0	49.0	0.0
3	8	6	-1.0705845660152378	0.8578218316042097	0.4074074074074074	24295.0	883.0	872.0	63.0	18.0	2654.0	79.0	55.0	68.0	874.0	19.0	55.0	16.0	49.0	0.0
6	3	8	0.4866293481887441	0.31326051661593346	0.7619047619047619	24295.0	872.0	2654.0	68.0	55.0	883.0	63.0	18.0	79.0	874.0	16.0	55.0	49.0	19.0	0.0
3	6	9	-0.11375958745657204	0.5452858600958004	1.0021786492374727	24736.0	431.0	916.0	38.0	10.0	2705.0	39.0	33.0	499.0	460.0	10.0	87.0	8.0	27.0	1.0
3	9	6	-52.44316981748002	1.0	0.499457111834962	24736.0	916.0	431.0	38.0	10.0	2705.0	499.0	87.0	39.0	460.0	8.0	33.0	10.0	27.0	1.0
6	3	9	0.11400689090756458	0.45461611799619495	0.9978354978354979	24736.0	431.0	2705.0	39.0	33.0	916.0	38.0	10.0	499.0	460.0	10.0	87.0	27.0	8.0	1.0
3	7	8	-0.30592360450669975	0.6201685246714043	-1.2500000000000002	24266.0	874.0	912.0	62.0	17.0	2648.0	71.0	53.0	76.0	876.0	17.0	64.0	14.0	50.0	0.0
3	8	7	-0.4758811625659771	0.6829204668291302	0.2631578947368421	24266.0	912.0	874.0	62.0	17.0	2648.0	76.0	64.0	71.0	876.0	14.0	53.0	17.0	50.0	0.0
7	3	8	0.8565860926187606	0.19583679277344257	0.6086956521739131	24266.0	874.0	2648.0	71.0	53.0	912.0	62.0	17.0	76.0	876.0	17.0	64.0	50.0	14.0	0.0
3	7	9	-0.3449512268034167	0.6349344148442291	1.0066079295154184	24708.0	432.0	944.0	36.0	11.0	2703.0	39.0	30.0	496.0	462.0	11.0	92.0	6.0	27.0	3.0
3	9	7	-52.89252144319069	1.0	0.4983642311886587	24708.0	944.0	432.0	36.0	11.0	2703.0	496.0	92.0	39.0	462.0	6.0	30.0	11.0	27.0	3.0
7	3	9	0.3472156768699599	0.36421471281667495	0.9935205183585313	24708.0	432.0	2703.0	39.0	30.0	944.0	36.0	11.0	496.0	462.0	11.0	92.0	27.0	6.0	3.0
3	8	9	0.11551732007936318	0.45401750015345155	0.9977924944812362	24752.0	426.0	900.0	38.0	15.0	2721.0	37.0	30.0	489.0	462.0	10.0	81.0	8.0	30.0	1.0
3	9	8	-52.09831135579275	1.0	0.5005537098560355	24752.0	900.0	426.0	38.0	15.0	2721.0	489.0	81.0	37.0	462.0	8.0	30.0	10.0	30.0	1.0
8	3	9	-0.11526175078715217	0.5458812191591094	1.0022222222222221	24752.0	426.0	2721.0	37.0	30.0	900.0	38.0	15.0	489.0	462.0	10.0	81.0	30.0	8.0	1.0
4	5	6	0.5872894421101392	0.2785046221174192	0.9411764705882353	24999.0	902.0	949.0	58.0	20.0	1795.0	52.0	29.0	148.0	920.0	20.0	53.0	18.0	35.0	2.0
4	6	5	-8.809341631652092	1.0	0.5161290322580646	24999.0	949.0	902.0	58.0	20.0	1795.0	148.0	53.0	52.0	920.0	18.0	29.0	20.0	35.0	2.0
5	4	6	-0.5505838519782554	0.7090405367910797	1.0714285714285714	24999.0	902.0	1795.0	52.0	29.0	949.0	58.0	20.0	148.0	920.0	20.0	53.0	35.0	18.0	2.0
4	5	7	0.38853422602476984	0.34881041921243416	0.9595959595959596	24975.0	926.0	948.0	57.0	22.0	1790.0	53.0	33.0	148.0	922.0	18.0	51.0	18.0	37.0	2.0
4	7	5	-8.839153642063527	1.0	0.5107526881720431	24975.0	948.0	926.0	57.0	22.0	1790.0	148.0	51.0	53.0	922.0	18.0	33.0	18.0	37.0	2.0
5	4	7	-0.372174890192148	0.6451186205076558	1.0459770114942528	24975.0	926.0	1790.0	53.0	33.0	948.0	57.0	22.0	148.0	922.0	18.0	51.0	37.0	18.0	2.0
4	5	8	-1.1495186946395184	0.8748288621743768	1.1428571428571428	24999.0	902.0	959.0	48.0	20.0	1788.0	61.0	27.0	165.0	902.0	21.0	55.0	17.0	34.0	2.0
4	8	5	-10.34566825175567	1.0	0.47058823529411764	24999.0	959.0	902.0	48.0	20.0	1788.0	165.0	55.0	61.0	902.0	17.0	27.0	21.0	34.0	2.0
5	4	8	1.2932085314694584	0.09796954105276978	0.9	24999.0	902.0	1788.0	61.0	27.0	959.0	48.0	20.0	165.0	902.0	21.0	55.0	34.0	17.0	2.0
4	5	9	-2.3515354558637807	0.9906519635473381	1.029038112522686	25433.0	468.0	1006.0	14.0	7.0	1832.0	30.0	14.0	597.0	475.0	16.0	75.0	7.0	23.0	3.0
4	9	5	-85.68407317303641	1.0	0.4930434782608696	25433.0	1006.0	468.0	14.0	7.0	1832.0	597.0	75.0	30.0	475.0	7.0	14.0	16.0	23.0	3.0
5	4	9	2.4178927174049103	0.0078053365089312265	0.9732888146911519	25433.0	468.0	1832.0	30.0	14.0	1006.0	14.0	7.0	597.0	475.0	16.0	75.0	23.0	7.0	3.0
4	6	7	0.16890518251130274	0.43293561076593945	0.0014471780028943561	25660.0	288.0	263.0	707.0	10.0	1962.0	17.0	17.0	18.0	968.0	4.0	9.0	8.0	69.0	0.0
4	7	6	-99999.9	1.0	-0.0014534883720930232	25660.0	263.0	288.0	707.0	10.0	1962.0	18.0	9.0	17.0	968.0	8.0	17.0	4.0	69.0	0.0
6	4	7	-116.37567075028748	1.0	0.4996374184191443	25660.0	288.0	1962.0	17.0	17.0	263.0	707.0	10.0	18.0	968.0	4.0	9.0	69.0	8.0	0.0
4	6	8	-0.5068326541481392	0.6938638839431917	-4.500000000000002	25048.0	900.0	910.0	52.0	18.0	1901.0	63.0	32.0	72.0	900.0	18.0	35.0	17.0	34.0	0.0
4	8	6	-0.9215139166329802	0.8216089315867046	0.3103448275862069	25048.0	910.0	900.0	52.0	18.0	1901.0	72.0	35.0	63.0	900.0	17.0	32.0	18.0	34.0	0.0
6	4	8	1.126294786995865	0.13002043304997113	0.6451612903225806	25048.0	900.0	1901.0	63.0	32.0	910.0	52.0	18.0	72.0	900.0	18.0	35.0	34.0	17.0	0.0
4	6	9	-0.695024268045158	0.7564800220482613	1.0107066381156318	25492.0	456.0	947.0	23.0	10.0	1949.0	28.0	19.0	500.0	478.0	12.0	55.0	6.0	24.0	1.0
4	9	6	-66.30531517150808	1.0	0.4973656480505796	25492.0	947.0	456.0	23.0	10.0	1949.0	500.0	55.0	28.0	478.0	6.0	19.0	12.0	24.0	1.0
6	4	9	0.7023868132575007	0.24121891430337494	0.9896265560165975	25492.0	456.0	1949.0	28.0	19.0	947.0	23.0	10.0	500.0	478.0	12.0	55.0	24.0	6.0	1.0
4	7	8	-0.5411409288022294	0.7057947980587788	-2.25	25019.0	904.0	939.0	50.0	16.0	1895.0	63.0	31.0	72.0	903.0	18.0	41.0	14.0	35.0	0.0
4	8	7	-0.9157769564345418	0.8201080771872928	0.2903225806451613	25019.0	939.0	904.0	50.0	16.0	1895.0	72.0	41.0	63.0	903.0	14.0	31.0	18.0	35.0	0.0
7	4	8	1.3227889370721166	0.09295285474415027	0.6285714285714286	25019.0	904.0	1895.0	63.0	31.0	939.0	50.0	16.0	72.0	903.0	18.0	41.0	35.0	14.0	0.0
4	7	9	-1.0102144021651638	0.8438036958698728	1.0149892933618843	25467.0	456.0	972.0	20.0	13.0	1944.0	27.0	18.0	501.0	480.0	12.0	59.0	5.0	25.0	1.0
4	9	7	-69.41616106306334	1.0	0.49633507853403147	25467.0	972.0	456.0	20.0	13.0	1944.0	501.0	59.0	27.0	480.0	5.0	18.0	12.0	25.0	1.0
7	4	9	1.0251331802562107	0.1526501951588437	0.985655737704918	25467.0	456.0	1944.0	27.0	18.0	972.0	20.0	13.0	501.0	480.0	12.0	59.0	25.0	5.0	1.0
4	8	9	-0.28190369910640034	0.6109912579991029	1.0043196544276458	25510.0	448.0	929.0	24.0	17.0	1963.0	26.0	19.0	491.0	479.0	10.0	50.0	7.0	27.0	0.0
4	9	8	-65.82451374134443	1.0	0.4989270386266094	25510.0	929.0	448.0	24.0	17.0	1963.0	491.0	50.0	26.0	479.0	7.0	19.0	10.0	27.0	0.0
8	4	9	0.28311618813481493	0.38854395209134884	0.9957356076759062	25510.0	448.0	1963.0	26.0	19.0	929.0	24.0	17.0	491.0	479.0	10.0	50.0	27.0	7.0	0.0
5	6	7	0.19587754369008786	0.4223530288334797	0.0	26488.0	306.0	277.0	697.0	9.0	1134.0	13.0	3.0	13.0	995.0	5.0	0.0	8.0	52.0	0.0
5	7	6	0.19587754369008786	0.4223530288334797	0.0	26488.0	277.0	306.0	697.0	9.0	1134.0	13.0	0.0	13.0	995.0	8.0	3.0	5.0	52.0	0.0
6	5	7	-133.88621004935203	1.0	0.5	26488.0	306.0	1134.0	13.0	3.0	277.0	697.0	9.0	13.0	995.0	5.0	0.0	52.0	8.0	0.0
5	6	8	-0.3144675772780006	0.6234169621021564	1.1153846153846154	25860.0	934.0	927.0	39.0	17.0	1089.0	42.0	19.0	71.0	924.0	18.0	19.0	18.0	23.0	0.0
5	8	6	-3.3543208242986733	0.9996021449134264	0.47540983606557374	25860.0	927.0	934.0	39.0	17.0	1089.0	71.0	19.0	42.0	924.0	18.0	19.0	18.0	23.0	0.0
6	5	8	0.3469987059619317	0.36429621122986944	0.9142857142857143	25860.0	934.0	1089.0	42.0	19.0	927.0	39.0	17.0	71.0	924.0	18.0	19.0	23.0	18.0	0.0
5	6	9	1.3780420485283078	0.08409521175664247	0.9821073558648111	26316.0	478.0	949.0	26.0	8.0	1125.0	17.0	8.0	511.0	488.0	14.0	42.0	7.0	11.0	0.0
5	9	6	-74.2611548373589	1.0	0.5045965270684372	26316.0	949.0	478.0	26.0	8.0	1125.0	511.0	42.0	17.0	488.0	7.0	8.0	14.0	11.0	0.0
6	5	9	-1.352936019304108	0.9119619018509352	1.01890756302521	26316.0	478.0	1125.0	17.0	8.0	949.0	26.0	8.0	511.0	488.0	14.0	42.0	11.0	7.0	0.0
5	7	8	-0.4180803224309464	0.6620557629886112	1.16	25827.0	938.0	960.0	37.0	15.0	1087.0	41.0	19.0	70.0	928.0	18.0	22.0	15.0	23.0	0.0
5	8	7	-3.449162660055311	0.9997187880551265	0.46774193548387094	25827.0	960.0	938.0	37.0	15.0	1087.0	70.0	22.0	41.0	928.0	15.0	19.0	18.0	23.0	0.0
7	5	8	0.47574657380073204	0.31712747975267996	0.8918918918918919	25827.0	938.0	1087.0	41.0	19.0	960.0	37.0	15.0	70.0	928.0	18.0	22.0	23.0	15.0	0.0
5	7	9	1.3020259314462939	0.09645382830522564	0.9841584158415841	26288.0	477.0	977.0	23.0	12.0	1123.0	15.0	9.0	512.0	491.0	13.0	43.0	6.0	11.0	0.0
5	9	7	-79.58633505965473	1.0	0.5040567951318459	26288.0	977.0	477.0	23.0	12.0	1123.0	512.0	43.0	15.0	491.0	6.0	9.0	13.0	11.0	0.0
7	5	9	-1.2810677675598343	0.8999149993289148	1.0166320166320166	26288.0	477.0	1123.0	15.0	9.0	977.0	23.0	12.0	512.0	491.0	13.0	43.0	11.0	6.0	0.0
5	8	9	2.1427046916322565	0.01606835208685342	0.9729166666666667	26315.0	472.0	950.0	25.0	15.0	1158.0	12.0	9.0	479.0	493.0	12.0	41.0	7.0	12.0	0.0
5	9	8	-74.82984076931125	1.0	0.507057546145494	26315.0	950.0	472.0	25.0	15.0	1158.0	479.0	41.0	12.0	493.0	7.0	9.0	12.0	12.0	0.0
8	5	9	-2.083057665955127	0.9813770804178259	1.0294784580498866	26315.0	472.0	1158.0	12.0	9.0	950.0	25.0	15.0	479.0	493.0	12.0	41.0	12.0	7.0	0.0
6	7	8	-0.424739664461744	0.6644867290574921	1.0027777777777778	26639.0	983.0	310.0	10.0	2.0	275.0	12.0	3.0	734.0	970.0	40.0	8.0	4.0	8.0	2.0
6	8	7	-153.75575853515122	1.0	0.49930843706777317	26639.0	310.0	983.0	10.0	2.0	275.0	734.0	8.0	12.0	970.0	4.0	3.0	40.0	8.0	2.0
7	6	8	0.4259162286292281	0.3350844821130776	0.9972451790633609	26639.0	983.0	275.0	12.0	3.0	310.0	10.0	2.0	734.0	970.0	40.0	8.0	8.0	4.0	2.0
6	7	9	-0.5320529921907359	0.7026553713879355	1.0016722408026757	27131.0	491.0	310.0	6.0	6.0	280.0	8.0	2.0	1206.0	515.0	23.0	16.0	2.0	4.0	0.0
6	9	7	-319.231795314443	1.0	0.49958298582151794	27131.0	310.0	491.0	6.0	6.0	280.0	1206.0	16.0	8.0	515.0	2.0	2.0	23.0	4.0	0.0
7	6	9	0.5329412275700193	0.2970371138518423	0.9983361064891847	27131.0	491.0	280.0	8.0	2.0	310.0	6.0	6.0	1206.0	515.0	23.0	16.0	4.0	2.0	0.0
6	8	9	0.6338690288578799	0.26308309113579664	0.9913232104121475	26483.0	466.0	958.0	22.0	15.0	990.0	18.0	9.0	475.0	500.0	11.0	37.0	7.0	8.0	1.0
6	9	8	-71.78566751815495	1.0	0.5021978021978022	26483.0	958.0	466.0	22.0	15.0	990.0	475.0	37.0	18.0	500.0	7.0	9.0	11.0	8.0	1.0
8	6	9	-0.6283209410779422	0.7351031989913432	1.0089086859688197	26483.0	466.0	990.0	18.0	9.0	958.0	22.0	15.0	475.0	500.0	11.0	37.0	8.0	7.0	1.0
7	8	9	1.0317792624671875	0.1510877899261278	0.9871244635193133	26448.0	466.0	963.0	20.0	15.0	1025.0	14.0	13.0	474.0	503.0	11.0	33.0	8.0	7.0	0.0
7	9	8	-78.07129752668382	1.0	0.5032822757111597	26448.0	963.0	466.0	20.0	15.0	1025.0	474.0	33.0	14.0	503.0	8.0	13.0	11.0	7.0	0.0
8	7	9	-1.0183212720871808	0.8457373318883475	1.0133928571428572	26448.0	466.0	1025.0	14.0	13.0	963.0	20.0	15.0	474.0	503.0	11.0	33.0	7.0	8.0	0.0
