P1	Hybrid	P2	Zscore	Pvalue	Gamma	AAAA	AAAB	AABA	AABB	AABC	ABAA	ABAB	ABAC	ABBA	BAAA	ABBC	CABC	BACA	BCAA	ABCD
1	2	3	-99999.9	1.0	-0.01718213058419244	73679.0	4448.0	4289.0	1569.0	219.0	8036.0	385.0	237.0	365.0	5674.0	199.0	253.0	198.0	435.0	14.0
1	3	2	0.7359580271539199	0.23087805191477095	0.016339869281045753	73679.0	4289.0	4448.0	1569.0	219.0	8036.0	365.0	253.0	385.0	5674.0	198.0	237.0	199.0	435.0	14.0
2	1	3	-43.56871520751205	1.0	0.5041876046901171	73679.0	4448.0	8036.0	385.0	237.0	4289.0	1569.0	219.0	365.0	5674.0	199.0	253.0	435.0	198.0	14.0
1	2	4	-99999.9	1.0	-0.013710368466152527	73673.0	4454.0	4292.0	1574.0	211.0	8025.0	391.0	242.0	375.0	5669.0	194.0	251.0	197.0	435.0	17.0
1	4	2	0.5817461035481849	0.28036881510112277	0.01316872427983539	73673.0	4292.0	4454.0	1574.0	211.0	8025.0	375.0	251.0	391.0	5669.0	197.0	242.0	194.0	435.0	17.0
2	1	4	-43.01285253109394	1.0	0.5033585222502099	73673.0	4454.0	8025.0	391.0	242.0	4292.0	1574.0	211.0	375.0	5669.0	194.0	251.0	435.0	197.0	17.0
1	2	5	-99999.9	1.0	-0.02899824253075571	73739.0	4388.0	4291.0	1574.0	212.0	8004.0	403.0	251.0	370.0	5672.0	196.0	256.0	201.0	430.0	13.0
1	5	2	1.2015697471491245	0.11476519925503847	0.02667744543249798	73739.0	4291.0	4388.0	1574.0	212.0	8004.0	370.0	256.0	403.0	5672.0	201.0	251.0	196.0	430.0	13.0
2	1	5	-42.63752042156439	1.0	0.5069473684210526	73739.0	4388.0	8004.0	403.0	251.0	4291.0	1574.0	212.0	370.0	5672.0	196.0	256.0	430.0	201.0	13.0
1	2	6	-99999.9	1.0	-0.019247594050743656	73720.0	4407.0	4292.0	1572.0	213.0	7984.0	407.0	267.0	385.0	5644.0	209.0	254.0	195.0	438.0	13.0
1	6	2	0.7884853077316563	0.2152063822322775	0.018196856906534324	73720.0	4292.0	4407.0	1572.0	213.0	7984.0	385.0	254.0	407.0	5644.0	195.0	267.0	209.0	438.0	13.0
2	1	6	-41.753881068517224	1.0	0.5046768707482994	73720.0	4407.0	7984.0	407.0	267.0	4292.0	1572.0	213.0	385.0	5644.0	209.0	254.0	438.0	195.0	13.0
1	2	7	0.8481081077440993	0.19818883622341454	0.019950124688279305	73723.0	4404.0	4286.0	1575.0	216.0	8012.0	396.0	250.0	420.0	5618.0	200.0	251.0	203.0	429.0	17.0
1	7	2	-99999.9	1.0	-0.021220159151193633	73723.0	4286.0	4404.0	1575.0	216.0	8012.0	420.0	251.0	396.0	5618.0	203.0	250.0	200.0	429.0	17.0
2	1	7	-40.81520268518482	1.0	0.4948586118251928	73723.0	4404.0	8012.0	396.0	250.0	4286.0	1575.0	216.0	420.0	5618.0	200.0	251.0	429.0	203.0	17.0
1	2	8	-99999.9	1.0	-0.02266782911944202	73741.0	4386.0	4274.0	1585.0	218.0	7993.0	412.0	253.0	386.0	5645.0	207.0	248.0	205.0	437.0	10.0
1	8	2	0.9295892692413853	0.17629187488348141	0.02122448979591837	73741.0	4274.0	4386.0	1585.0	218.0	7993.0	386.0	248.0	412.0	5645.0	205.0	253.0	207.0	437.0	10.0
2	1	8	-41.93877741615946	1.0	0.5054806070826307	73741.0	4386.0	7993.0	412.0	253.0	4274.0	1585.0	218.0	386.0	5645.0	207.0	248.0	437.0	205.0	10.0
1	2	9	0.2320829922351011	0.4082368232626755	0.9874551971326165	73064.0	5063.0	5426.0	464.0	187.0	7907.0	457.0	294.0	1008.0	4997.0	233.0	362.0	224.0	298.0	16.0
1	9	2	-18.036163967984834	1.0	0.5031963470319636	73064.0	5426.0	5063.0	464.0	187.0	7907.0	1008.0	362.0	457.0	4997.0	224.0	294.0	233.0	298.0	16.0
2	1	9	-0.2291345694662341	0.5906177928875982	1.0130353817504656	73064.0	5063.0	7907.0	457.0	294.0	5426.0	464.0	187.0	1008.0	4997.0	233.0	362.0	298.0	224.0	16.0
1	3	4	0.4117864802721423	0.3402480099949772	0.0005091649694501018	77667.0	301.0	298.0	5914.0	24.0	8608.0	25.0	21.0	28.0	6217.0	12.0	15.0	15.0	855.0	0.0
1	4	3	-99999.9	1.0	-0.0005099439061703213	77667.0	298.0	301.0	5914.0	24.0	8608.0	28.0	15.0	25.0	6217.0	15.0	21.0	12.0	855.0	0.0
3	1	4	-807.9250742939391	1.0	0.49987261146496814	77667.0	301.0	8608.0	25.0	21.0	298.0	5914.0	24.0	28.0	6217.0	12.0	15.0	855.0	15.0	0.0
1	3	5	-99999.9	1.0	-0.006262359920896507	75233.0	2735.0	2797.0	3290.0	149.0	8264.0	237.0	153.0	218.0	5923.0	116.0	148.0	116.0	603.0	18.0
1	5	3	0.8931544624597063	0.18588719851652036	0.0061468780329990294	75233.0	2797.0	2735.0	3290.0	149.0	8264.0	218.0	148.0	237.0	5923.0	116.0	153.0	116.0	603.0	18.0
3	1	5	-143.51581967839374	1.0	0.5015510204081632	75233.0	2735.0	8264.0	237.0	153.0	2797.0	3290.0	149.0	218.0	5923.0	116.0	148.0	603.0	116.0	18.0
1	3	6	-99999.9	1.0	-0.0019736842105263154	75214.0	2754.0	2798.0	3289.0	149.0	8237.0	243.0	174.0	237.0	5895.0	125.0	149.0	108.0	610.0	18.0
1	6	3	0.2740950492360334	0.3920058527413868	0.0019620667102681487	75214.0	2798.0	2754.0	3289.0	149.0	8237.0	237.0	149.0	243.0	5895.0	108.0	174.0	125.0	610.0	18.0
3	1	6	-139.14891999549366	1.0	0.5004919645785504	75214.0	2754.0	8237.0	243.0	174.0	2798.0	3289.0	149.0	237.0	5895.0	125.0	149.0	610.0	108.0	18.0
1	3	7	1.7508866244159325	0.0399826785223899	0.01892605633802817	74484.0	3484.0	3525.0	2514.0	197.0	8165.0	285.0	204.0	328.0	5788.0	141.0	190.0	144.0	533.0	18.0
1	7	3	-99999.9	1.0	-0.02006532897806813	74484.0	3525.0	3484.0	2514.0	197.0	8165.0	328.0	190.0	285.0	5788.0	144.0	204.0	141.0	533.0	18.0
3	1	7	-89.01018979007516	1.0	0.49513023782559457	74484.0	3484.0	8165.0	285.0	204.0	3525.0	2514.0	197.0	328.0	5788.0	141.0	190.0	533.0	144.0	18.0
1	3	8	-99999.9	1.0	-0.00936663693131133	74524.0	3444.0	3491.0	2558.0	187.0	8167.0	295.0	192.0	274.0	5828.0	155.0	186.0	139.0	542.0	18.0
1	8	3	0.8840244600446656	0.18834146941355412	0.00911062906724512	74524.0	3491.0	3444.0	2558.0	187.0	8167.0	274.0	186.0	295.0	5828.0	139.0	192.0	155.0	542.0	18.0
3	1	8	-95.2641596705277	1.0	0.5023092148669452	74524.0	3444.0	8167.0	295.0	192.0	3491.0	2558.0	187.0	274.0	5828.0	155.0	186.0	542.0	139.0	18.0
1	3	9	2.4215565543985913	0.007727096081615814	0.8885350318471338	72958.0	5010.0	5532.0	495.0	209.0	7939.0	425.0	290.0	983.0	5039.0	235.0	355.0	214.0	298.0	18.0
1	9	3	-16.88170855066446	1.0	0.5334608030592735	72958.0	5532.0	5010.0	495.0	209.0	7939.0	983.0	355.0	425.0	5039.0	214.0	290.0	235.0	298.0	18.0
3	1	9	-2.1177770583270834	0.9829030838247372	1.167464114832536	72958.0	5010.0	7939.0	425.0	290.0	5532.0	495.0	209.0	983.0	5039.0	235.0	355.0	298.0	214.0	18.0
1	4	5	-99999.9	1.0	-0.006926121372031663	75234.0	2731.0	2796.0	3296.0	147.0	8253.0	243.0	155.0	222.0	5919.0	116.0	155.0	114.0	601.0	18.0
1	5	4	0.9767649762716217	0.16434276027957817	0.00678513731825525	75234.0	2796.0	2731.0	3296.0	147.0	8253.0	222.0	155.0	243.0	5919.0	114.0	155.0	116.0	601.0	18.0
4	1	5	-142.00302250272694	1.0	0.5017137261302432	75234.0	2731.0	8253.0	243.0	155.0	2796.0	3296.0	147.0	222.0	5919.0	116.0	155.0	601.0	114.0	18.0
1	4	6	-99999.9	1.0	-0.0026263952724885097	75222.0	2743.0	2790.0	3303.0	146.0	8228.0	249.0	174.0	241.0	5891.0	125.0	154.0	106.0	610.0	18.0
1	6	4	0.36182259298400393	0.3587423662303336	0.0026058631921824105	75222.0	2790.0	2743.0	3303.0	146.0	8228.0	241.0	154.0	249.0	5891.0	106.0	174.0	125.0	610.0	18.0
4	1	6	-138.12577487164398	1.0	0.500654022236756	75222.0	2743.0	8228.0	249.0	174.0	2790.0	3303.0	146.0	241.0	5891.0	125.0	154.0	610.0	106.0	18.0
1	4	7	1.6110123651290063	0.05358850994503361	0.01763668430335097	74490.0	3475.0	3519.0	2521.0	199.0	8153.0	293.0	205.0	333.0	5783.0	141.0	197.0	141.0	533.0	17.0
1	7	4	-99999.9	1.0	-0.0186219739292365	74490.0	3519.0	3475.0	2521.0	199.0	8153.0	333.0	197.0	293.0	5783.0	141.0	205.0	141.0	533.0	17.0
4	1	7	-88.12237637255663	1.0	0.4954710144927536	74490.0	3475.0	8153.0	293.0	205.0	3519.0	2521.0	199.0	333.0	5783.0	141.0	197.0	533.0	141.0	17.0
1	4	8	-99999.9	1.0	-0.01075268817204301	74514.0	3451.0	3501.0	2559.0	179.0	8157.0	303.0	191.0	279.0	5823.0	155.0	191.0	136.0	542.0	19.0
1	8	4	0.9995318098486626	0.1587685784816305	0.010416666666666666	74514.0	3501.0	3451.0	2559.0	179.0	8157.0	279.0	191.0	303.0	5823.0	136.0	191.0	155.0	542.0	19.0
4	1	8	-93.9559901257742	1.0	0.5026455026455027	74514.0	3451.0	8157.0	303.0	191.0	3501.0	2559.0	179.0	279.0	5823.0	155.0	191.0	542.0	136.0	19.0
1	4	9	2.1690920782437497	0.015037793806008004	0.8978930307941653	72952.0	5013.0	5538.0	493.0	208.0	7930.0	430.0	291.0	984.0	5038.0	235.0	363.0	210.0	297.0	18.0
1	9	4	-16.905146197106063	1.0	0.5301435406698565	72952.0	5538.0	5013.0	493.0	208.0	7930.0	984.0	363.0	430.0	5038.0	210.0	291.0	235.0	297.0	18.0
4	1	9	-1.922426372595092	0.9727240026195967	1.147196261682243	72952.0	5013.0	7930.0	430.0	291.0	5538.0	493.0	208.0	984.0	5038.0	235.0	363.0	297.0	210.0	18.0
1	5	6	0.9464242636123238	0.17196610606896523	0.0026046884391905433	76986.0	1044.0	1026.0	5066.0	82.0	8471.0	88.0	71.0	101.0	6118.0	57.0	51.0	40.0	792.0	7.0
1	6	5	-99999.9	1.0	-0.0026252019386106625	76986.0	1026.0	1044.0	5066.0	82.0	8471.0	101.0	51.0	88.0	6118.0	40.0	71.0	57.0	792.0	7.0
5	1	6	-361.4612668334754	1.0	0.4993462737604345	76986.0	1044.0	8471.0	88.0	71.0	1026.0	5066.0	82.0	101.0	6118.0	57.0	51.0	792.0	40.0	7.0
1	5	7	2.443049087276408	0.007281880824104414	0.026625927542557833	74539.0	3491.0	3470.0	2518.0	186.0	8141.0	288.0	201.0	349.0	5782.0	145.0	193.0	147.0	532.0	18.0
1	7	5	-99999.9	1.0	-0.028937381404174574	74539.0	3470.0	3491.0	2518.0	186.0	8141.0	349.0	193.0	288.0	5782.0	147.0	201.0	145.0	532.0	18.0
5	1	7	-86.86841754594312	1.0	0.49306660604682884	74539.0	3491.0	8141.0	288.0	201.0	3470.0	2518.0	186.0	349.0	5782.0	145.0	193.0	532.0	147.0	18.0
1	5	8	0.08236786273470043	0.4671770294805341	0.0008833922261484099	74592.0	3438.0	3423.0	2556.0	195.0	8140.0	294.0	196.0	296.0	5820.0	160.0	191.0	148.0	538.0	13.0
1	8	5	-99999.9	1.0	-0.0008857395925597873	74592.0	3423.0	3438.0	2556.0	195.0	8140.0	296.0	191.0	294.0	5820.0	148.0	196.0	160.0	538.0	13.0
5	1	8	-93.07568489021132	1.0	0.4997788589119858	74592.0	3438.0	8140.0	294.0	196.0	3423.0	2556.0	195.0	296.0	5820.0	160.0	191.0	538.0	148.0	13.0
1	5	9	1.9689019328638204	0.024482107596361158	0.9090909090909091	73012.0	5018.0	5478.0	483.0	213.0	7917.0	426.0	287.0	996.0	5044.0	236.0	364.0	208.0	301.0	17.0
1	9	5	-17.7201173957744	1.0	0.5263157894736842	73012.0	5478.0	5018.0	483.0	213.0	7917.0	996.0	364.0	426.0	5044.0	208.0	287.0	236.0	301.0	17.0
5	1	9	-1.7720117395774384	0.9618037424966277	1.125	73012.0	5018.0	7917.0	426.0	287.0	5478.0	483.0	213.0	996.0	5044.0	236.0	364.0	301.0	208.0	17.0
1	6	7	2.0208850157870195	0.021645766254098753	0.022397891963109356	74531.0	3481.0	3478.0	2525.0	189.0	8128.0	299.0	196.0	350.0	5752.0	144.0	205.0	166.0	539.0	17.0
1	7	6	-99999.9	1.0	-0.02401129943502825	74531.0	3478.0	3481.0	2525.0	189.0	8128.0	350.0	205.0	299.0	5752.0	166.0	196.0	144.0	539.0	17.0
6	1	7	-86.18480214385822	1.0	0.4942058623040218	74531.0	3481.0	8128.0	299.0	196.0	3478.0	2525.0	189.0	350.0	5752.0	144.0	205.0	539.0	166.0	17.0
1	6	8	-99999.9	1.0	-0.004946043165467626	74558.0	3454.0	3457.0	2548.0	187.0	8119.0	313.0	191.0	302.0	5789.0	155.0	206.0	160.0	547.0	14.0
1	8	6	0.444572477188048	0.32831439874210455	0.004873726185201595	74558.0	3457.0	3454.0	2548.0	187.0	8119.0	302.0	206.0	313.0	5789.0	160.0	191.0	155.0	547.0	14.0
6	1	8	-90.32904422866265	1.0	0.5012274045971882	74558.0	3454.0	8119.0	313.0	191.0	3457.0	2548.0	187.0	302.0	5789.0	155.0	206.0	547.0	160.0	14.0
1	6	9	1.2209935807918746	0.11104429205835431	0.9396984924623114	72989.0	5023.0	5501.0	478.0	213.0	7896.0	442.0	285.0	1003.0	5010.0	233.0	378.0	226.0	307.0	16.0
1	9	6	-17.806156386548167	1.0	0.5165745856353591	72989.0	5501.0	5023.0	478.0	213.0	7896.0	1003.0	378.0	442.0	5010.0	226.0	285.0	233.0	307.0	16.0
6	1	9	-1.1426410515431982	0.8734061179845165	1.0736196319018405	72989.0	5023.0	7896.0	442.0	285.0	5501.0	478.0	213.0	1003.0	5010.0	233.0	378.0	307.0	226.0	16.0
1	7	8	-99999.9	1.0	-0.023552894211576848	74876.0	3133.0	3139.0	2883.0	173.0	8189.0	319.0	175.0	260.0	5808.0	149.0	178.0	135.0	567.0	16.0
1	8	7	2.473427206160584	0.006691212422447745	0.021998508575689784	74876.0	3139.0	3133.0	2883.0	173.0	8189.0	260.0	178.0	319.0	5808.0	135.0	175.0	149.0	567.0	16.0
7	1	8	-107.48927723043624	1.0	0.5056872951609793	74876.0	3133.0	8189.0	319.0	175.0	3139.0	2883.0	173.0	260.0	5808.0	149.0	178.0	567.0	135.0	16.0
1	7	9	-0.19350646035125643	0.5767188066455776	1.011764705882353	72994.0	5015.0	5496.0	472.0	227.0	7909.0	478.0	296.0	994.0	4984.0	239.0	374.0	216.0	290.0	16.0
1	9	7	-16.835062050559266	1.0	0.4971098265895954	72994.0	5496.0	5015.0	472.0	227.0	7909.0	994.0	374.0	478.0	4984.0	216.0	296.0	239.0	290.0	16.0
7	1	9	0.1957565354716199	0.4224003873090323	0.9886363636363636	72994.0	5015.0	7909.0	478.0	296.0	5496.0	472.0	227.0	994.0	4984.0	239.0	374.0	290.0	216.0	16.0
1	8	9	1.2709324415653194	0.10187641073963905	0.939344262295082	72989.0	5026.0	5501.0	467.0	221.0	7907.0	430.0	290.0	1003.0	5023.0	236.0	367.0	225.0	297.0	18.0
1	9	8	-18.41134563997329	1.0	0.5166816952209197	72989.0	5501.0	5026.0	467.0	221.0	7907.0	1003.0	367.0	430.0	5023.0	225.0	290.0	236.0	297.0	18.0
8	1	9	-1.1888652507487107	0.8827535885325117	1.0741482965931863	72989.0	5026.0	7907.0	430.0	290.0	5501.0	467.0	221.0	1003.0	5023.0	236.0	367.0	297.0	225.0	18.0
2	3	4	1.2053255915158723	0.11403888236927284	0.001688832594469073	81395.0	320.0	303.0	4747.0	20.0	4880.0	18.0	9.0	26.0	7641.0	11.0	12.0	19.0	598.0	1.0
2	4	3	-99999.9	1.0	-0.001697432633142372	81395.0	303.0	320.0	4747.0	20.0	4880.0	26.0	12.0	18.0	7641.0	19.0	9.0	11.0	598.0	1.0
3	2	4	-711.2927646933124	1.0	0.49957671957671956	81395.0	320.0	4880.0	18.0	9.0	303.0	4747.0	20.0	26.0	7641.0	11.0	12.0	598.0	19.0	1.0
2	3	5	0.1522056601929349	0.4395123496095963	0.0015898251192368838	78866.0	2849.0	2877.0	2077.0	116.0	4631.0	193.0	83.0	196.0	7345.0	137.0	90.0	138.0	394.0	8.0
2	5	3	-99999.9	1.0	-0.0015974440894568692	78866.0	2877.0	2849.0	2077.0	116.0	4631.0	196.0	90.0	193.0	7345.0	138.0	83.0	137.0	394.0	8.0
3	2	5	-95.43294894097058	1.0	0.499601593625498	78866.0	2849.0	4631.0	193.0	83.0	2877.0	2077.0	116.0	196.0	7345.0	137.0	90.0	394.0	138.0	8.0
2	3	6	0.502452911819005	0.3076744809828419	0.005279831045406546	78815.0	2900.0	2889.0	2078.0	103.0	4636.0	194.0	77.0	204.0	7322.0	152.0	91.0	138.0	394.0	7.0
2	6	3	-99999.9	1.0	-0.00536480686695279	78815.0	2889.0	2900.0	2078.0	103.0	4636.0	204.0	91.0	194.0	7322.0	138.0	77.0	152.0	394.0	7.0
3	2	6	-94.15967567488147	1.0	0.49866950505588076	78815.0	2900.0	4636.0	194.0	77.0	2889.0	2078.0	103.0	204.0	7322.0	152.0	91.0	394.0	138.0	7.0
2	3	7	2.1304526013394995	0.016567073726143078	0.04545454545454545	78116.0	3599.0	3619.0	1311.0	140.0	4533.0	261.0	113.0	311.0	7188.0	179.0	113.0	173.0	336.0	8.0
2	7	3	-99999.9	1.0	-0.052631578947368425	78116.0	3619.0	3599.0	1311.0	140.0	4533.0	311.0	113.0	261.0	7188.0	173.0	113.0	179.0	336.0	8.0
3	2	7	-42.60905202679	1.0	0.4878048780487805	78116.0	3599.0	4533.0	261.0	113.0	3619.0	1311.0	140.0	311.0	7188.0	179.0	113.0	336.0	173.0	8.0
2	3	8	-99999.9	1.0	-0.003707136237256719	78146.0	3569.0	3588.0	1330.0	152.0	4545.0	247.0	115.0	243.0	7257.0	178.0	120.0	163.0	341.0	6.0
2	8	3	0.18100983212995408	0.4281799390056431	0.0036663611365719525	78146.0	3588.0	3569.0	1330.0	152.0	4545.0	243.0	120.0	247.0	7257.0	163.0	115.0	178.0	341.0	6.0
3	2	8	-49.008412049184955	1.0	0.5009216589861751	78146.0	3569.0	4545.0	247.0	115.0	3588.0	1330.0	152.0	243.0	7257.0	178.0	120.0	341.0	163.0	6.0
2	3	9	2.705561689948833	0.003409499212354561	0.9643050297458086	76412.0	5303.0	4559.0	339.0	172.0	4485.0	273.0	149.0	2056.0	5309.0	313.0	255.0	177.0	184.0	14.0
2	9	3	-70.3855972976083	1.0	0.5094285714285715	76412.0	4559.0	5303.0	339.0	172.0	4485.0	2056.0	255.0	273.0	5309.0	177.0	149.0	313.0	184.0	14.0
3	2	9	-2.605411902210963	0.9954117716728537	1.0399757722592369	76412.0	5303.0	4485.0	273.0	149.0	4559.0	339.0	172.0	2056.0	5309.0	313.0	255.0	184.0	177.0	14.0
2	4	5	-99999.9	1.0	-0.002131060202450719	78854.0	2844.0	2889.0	2083.0	115.0	4633.0	202.0	83.0	198.0	7341.0	139.0	86.0	133.0	392.0	8.0
2	5	4	0.20018281506025276	0.42066882832647523	0.002117522498676548	78854.0	2889.0	2844.0	2083.0	115.0	4633.0	198.0	86.0	202.0	7341.0	133.0	83.0	139.0	392.0	8.0
4	2	5	-94.13596878208364	1.0	0.5005310674455656	78854.0	2844.0	4633.0	202.0	83.0	2889.0	2083.0	115.0	198.0	7341.0	139.0	86.0	392.0	133.0	8.0
2	4	6	0.1986980097531855	0.4212495143170015	0.0021119324181626186	78811.0	2887.0	2893.0	2091.0	103.0	4639.0	201.0	78.0	205.0	7321.0	152.0	87.0	132.0	392.0	8.0
2	6	4	-99999.9	1.0	-0.0021253985122210418	78811.0	2893.0	2887.0	2091.0	103.0	4639.0	205.0	87.0	201.0	7321.0	132.0	78.0	152.0	392.0	8.0
4	2	6	-93.68611159862675	1.0	0.4994703389830508	78811.0	2887.0	4639.0	201.0	78.0	2893.0	2091.0	103.0	205.0	7321.0	152.0	87.0	392.0	132.0	8.0
2	4	7	1.814371824760764	0.03481019534541885	0.039449541284403665	78109.0	3589.0	3626.0	1316.0	145.0	4534.0	269.0	115.0	312.0	7187.0	179.0	111.0	166.0	334.0	8.0
2	7	4	-99999.9	1.0	-0.04474505723204994	78109.0	3626.0	3589.0	1316.0	145.0	4534.0	312.0	111.0	269.0	7187.0	166.0	115.0	179.0	334.0	8.0
4	2	7	-42.36347237348389	1.0	0.4895173086299366	78109.0	3589.0	4534.0	269.0	115.0	3626.0	1316.0	145.0	312.0	7187.0	179.0	111.0	334.0	166.0	8.0
2	4	8	-99999.9	1.0	-0.009380863039399626	78121.0	3577.0	3613.0	1328.0	146.0	4550.0	252.0	116.0	242.0	7258.0	178.0	116.0	157.0	338.0	8.0
2	8	4	0.4518574825994037	0.3256858523493059	0.009124087591240875	78121.0	3613.0	3577.0	1328.0	146.0	4550.0	242.0	116.0	252.0	7258.0	157.0	116.0	178.0	338.0	8.0
4	2	8	-48.61986512769571	1.0	0.5023126734505088	78121.0	3577.0	4550.0	252.0	116.0	3613.0	1328.0	146.0	242.0	7258.0	178.0	116.0	338.0	157.0	8.0
2	4	9	2.402454853995173	0.008142716122498617	0.9679173463839043	76395.0	5303.0	4576.0	339.0	172.0	4487.0	280.0	151.0	2060.0	5307.0	311.0	249.0	172.0	182.0	16.0
2	9	4	-70.07838650382524	1.0	0.5084261639531563	76395.0	4576.0	5303.0	339.0	172.0	4487.0	2060.0	249.0	280.0	5307.0	172.0	151.0	311.0	182.0	16.0
4	2	9	-2.3228229234413997	0.9899056901205607	1.0354993983152827	76395.0	5303.0	4487.0	280.0	151.0	4576.0	339.0	172.0	2060.0	5307.0	311.0	249.0	182.0	172.0	16.0
2	5	6	0.8282522994076559	0.20376376243586303	0.002600104004160166	80632.0	1111.0	1072.0	3904.0	66.0	4825.0	68.0	24.0	78.0	7532.0	66.0	28.0	54.0	540.0	0.0
2	6	5	-99999.9	1.0	-0.002620545073375262	80632.0	1072.0	1111.0	3904.0	66.0	4825.0	78.0	28.0	68.0	7532.0	54.0	24.0	66.0	540.0	0.0
5	2	6	-316.88932975337025	1.0	0.4993474288697468	80632.0	1111.0	4825.0	68.0	24.0	1072.0	3904.0	66.0	78.0	7532.0	66.0	28.0	540.0	54.0	0.0
2	5	7	1.8685361519964012	0.030843625212456094	0.040552995391705066	78140.0	3603.0	3595.0	1306.0	141.0	4540.0	265.0	112.0	309.0	7190.0	177.0	108.0	167.0	336.0	11.0
2	7	5	-99999.9	1.0	-0.046169989506820566	78140.0	3595.0	3603.0	1306.0	141.0	4540.0	309.0	108.0	265.0	7190.0	167.0	112.0	177.0	336.0	11.0
5	2	7	-42.33933053500939	1.0	0.4892051030421983	78140.0	3603.0	4540.0	265.0	112.0	3595.0	1306.0	141.0	309.0	7190.0	177.0	108.0	336.0	167.0	11.0
2	5	8	-99999.9	1.0	-0.004642525533890437	78168.0	3575.0	3566.0	1326.0	150.0	4564.0	244.0	109.0	239.0	7250.0	187.0	105.0	173.0	338.0	6.0
2	8	5	0.2279960325193163	0.4098247061103848	0.004578754578754578	78168.0	3566.0	3575.0	1326.0	150.0	4564.0	239.0	105.0	244.0	7250.0	173.0	109.0	187.0	338.0	6.0
5	2	8	-49.33834143718036	1.0	0.5011526048870447	78168.0	3575.0	4564.0	244.0	109.0	3566.0	1326.0	150.0	239.0	7250.0	187.0	105.0	338.0	173.0	6.0
2	5	9	2.1594337693578667	0.015408210514984533	0.9710856519367158	76442.0	5301.0	4529.0	335.0	178.0	4487.0	282.0	148.0	2062.0	5304.0	310.0	247.0	173.0	189.0	13.0
2	9	5	-70.36494565435918	1.0	0.5075563159395494	76442.0	4529.0	5301.0	335.0	178.0	4487.0	2062.0	247.0	282.0	5304.0	173.0	148.0	310.0	189.0	13.0
5	2	9	-2.0951360222927167	0.9819206117063084	1.0316606929510155	76442.0	5301.0	4487.0	282.0	148.0	4529.0	335.0	178.0	2062.0	5304.0	310.0	247.0	189.0	173.0	13.0
2	6	7	1.566267595399418	0.058643001860330446	0.034164358264081256	78110.0	3594.0	3625.0	1315.0	141.0	4549.0	269.0	113.0	306.0	7168.0	180.0	102.0	185.0	333.0	10.0
2	7	6	-99999.9	1.0	-0.03806584362139918	78110.0	3625.0	3594.0	1315.0	141.0	4549.0	306.0	102.0	269.0	7168.0	185.0	113.0	180.0	333.0	10.0
6	2	7	-42.71254064210844	1.0	0.4909975669099757	78110.0	3594.0	4549.0	269.0	113.0	3625.0	1315.0	141.0	306.0	7168.0	180.0	102.0	333.0	185.0	10.0
2	6	8	-99999.9	1.0	-0.009487666034155597	78111.0	3593.0	3623.0	1314.0	144.0	4566.0	250.0	115.0	240.0	7233.0	181.0	102.0	184.0	337.0	7.0
2	8	6	0.453719141184456	0.32501551756414226	0.009225092250922511	78111.0	3623.0	3593.0	1314.0	144.0	4566.0	240.0	102.0	250.0	7233.0	184.0	115.0	181.0	337.0	7.0
6	2	8	-48.27571662202621	1.0	0.5023386342376053	78111.0	3593.0	4566.0	250.0	115.0	3623.0	1314.0	144.0	240.0	7233.0	181.0	102.0	337.0	184.0	7.0
2	6	9	1.9098099468762995	0.028078777383613085	0.9742888402625821	76390.0	5314.0	4581.0	333.0	167.0	4495.0	286.0	150.0	2067.0	5275.0	312.0	234.0	198.0	187.0	11.0
2	9	6	-70.45979676347876	1.0	0.5066856330014224	76390.0	4581.0	5314.0	333.0	167.0	4495.0	2067.0	234.0	286.0	5275.0	198.0	150.0	312.0	187.0	11.0
6	2	9	-1.859410695049693	0.9685155881266654	1.0278601066982809	76390.0	5314.0	4495.0	286.0	150.0	4581.0	333.0	167.0	2067.0	5275.0	312.0	234.0	187.0	198.0	11.0
2	7	8	-99999.9	1.0	-0.03268945022288262	78497.0	3238.0	3237.0	1674.0	139.0	4568.0	284.0	105.0	240.0	7219.0	163.0	100.0	164.0	365.0	7.0
2	8	7	1.9461198677745322	0.025820102631560315	0.029769959404600813	78497.0	3237.0	3238.0	1674.0	139.0	4568.0	240.0	100.0	284.0	7219.0	164.0	105.0	163.0	365.0	7.0
7	2	8	-61.47969582287731	1.0	0.5077903682719547	78497.0	3238.0	4568.0	284.0	105.0	3237.0	1674.0	139.0	240.0	7219.0	163.0	100.0	365.0	164.0	7.0
2	7	9	-0.23206828620489925	0.5917574657718376	1.0034702139965297	76437.0	5298.0	4534.0	330.0	186.0	4466.0	336.0	155.0	2071.0	5237.0	314.0	259.0	186.0	179.0	12.0
2	9	7	-67.33848104712139	1.0	0.4991369390103567	76437.0	4534.0	5298.0	330.0	186.0	4466.0	2071.0	259.0	336.0	5237.0	186.0	155.0	314.0	179.0	12.0
7	2	9	0.23287082782866256	0.40793090233081775	0.996565540927304	76437.0	5298.0	4466.0	336.0	155.0	4534.0	330.0	186.0	2071.0	5237.0	314.0	259.0	179.0	186.0	12.0
2	8	9	1.1473123841746211	0.12562632482232527	0.9844703272323906	76420.0	5314.0	4551.0	316.0	184.0	4476.0	288.0	144.0	2063.0	5287.0	317.0	257.0	184.0	184.0	15.0
2	9	8	-71.584097684038	1.0	0.5039750141964793	76420.0	4551.0	5314.0	316.0	184.0	4476.0	2063.0	257.0	288.0	5287.0	184.0	144.0	317.0	184.0	15.0
8	2	9	-1.1292139352975006	0.8705961497602843	1.0162885398487493	76420.0	5314.0	4476.0	288.0	144.0	4551.0	316.0	184.0	2063.0	5287.0	317.0	257.0	184.0	184.0	15.0
3	4	5	-0.44644807351998206	0.6723631659331433	1.0010657193605683	83179.0	3096.0	318.0	21.0	8.0	308.0	24.0	9.0	2842.0	9775.0	369.0	13.0	17.0	20.0	1.0
3	5	4	-419.81000513328786	1.0	0.4997339953892534	83179.0	318.0	3096.0	21.0	8.0	308.0	2842.0	13.0	24.0	9775.0	17.0	9.0	369.0	20.0	1.0
4	3	5	0.446923355358364	0.3274652270967888	0.9989376770538244	83179.0	3096.0	308.0	24.0	9.0	318.0	21.0	8.0	2842.0	9775.0	369.0	13.0	20.0	17.0	1.0
3	4	6	0.8843813043970271	0.18824517093995352	0.9978917779339423	83138.0	3137.0	313.0	26.0	8.0	312.0	20.0	9.0	2860.0	9757.0	369.0	12.0	17.0	21.0	1.0
3	6	4	-417.7227694435258	1.0	0.50052872752908	83138.0	313.0	3137.0	26.0	8.0	312.0	2860.0	12.0	20.0	9757.0	17.0	9.0	369.0	21.0	1.0
4	3	6	-0.8825128931905546	0.8112502803182585	1.002121640735502	83138.0	3137.0	312.0	20.0	9.0	313.0	26.0	8.0	2860.0	9757.0	369.0	12.0	21.0	17.0	1.0
3	4	7	-0.5434896458137309	0.7066036648882309	1.0010843046896178	82338.0	3937.0	311.0	25.0	11.0	305.0	29.0	7.0	3722.0	8792.0	472.0	16.0	14.0	20.0	1.0
3	7	4	-502.32030514334184	1.0	0.4997293640054127	82338.0	311.0	3937.0	25.0	11.0	305.0	3722.0	16.0	29.0	8792.0	14.0	7.0	472.0	20.0	1.0
4	3	7	0.5440783158877236	0.29319376658364016	0.9989192110240476	82338.0	3937.0	305.0	29.0	7.0	311.0	25.0	11.0	3722.0	8792.0	472.0	16.0	20.0	14.0	1.0
3	4	8	-1.151796807111596	0.8752976528848702	1.0022209883398112	82373.0	3902.0	318.0	20.0	9.0	298.0	28.0	15.0	3638.0	8884.0	464.0	15.0	16.0	20.0	0.0
3	8	4	-520.9001060162212	1.0	0.4994465965688987	82373.0	318.0	3902.0	20.0	9.0	298.0	3638.0	15.0	28.0	8884.0	16.0	15.0	464.0	20.0	0.0
4	3	8	1.1543492654099043	0.1241785606605903	0.9977937120794264	82373.0	3902.0	298.0	28.0	15.0	318.0	20.0	9.0	3638.0	8884.0	464.0	15.0	20.0	16.0	0.0
3	4	9	-1.257843359878258	0.8957757257761628	1.0013824884792626	80583.0	5692.0	314.0	21.0	12.0	299.0	30.0	12.0	6549.0	5791.0	646.0	22.0	11.0	16.0	2.0
3	9	4	-912.3557170317015	1.0	0.49965509312485634	80583.0	314.0	5692.0	21.0	12.0	299.0	6549.0	22.0	30.0	5791.0	11.0	12.0	646.0	16.0	2.0
4	3	9	1.2595799130672294	0.10391054148553724	0.9986232216613126	80583.0	5692.0	299.0	30.0	12.0	314.0	21.0	12.0	6549.0	5791.0	646.0	22.0	16.0	11.0	2.0
3	5	6	1.1696446706754993	0.12107205671907928	0.00717580727831881	82375.0	1122.0	1076.0	2002.0	47.0	3082.0	65.0	16.0	79.0	9665.0	72.0	23.0	64.0	309.0	3.0
3	6	5	-99999.9	1.0	-0.007333682556312205	82375.0	1076.0	1122.0	2002.0	47.0	3082.0	79.0	23.0	65.0	9665.0	64.0	16.0	72.0	309.0	3.0
5	3	6	-160.6590501220702	1.0	0.4981865284974093	82375.0	1122.0	3082.0	65.0	16.0	1076.0	2002.0	47.0	79.0	9665.0	72.0	23.0	309.0	64.0	3.0
3	5	7	-0.1502808914951775	0.5597285129145755	1.0034883720930232	79785.0	3712.0	2864.0	197.0	64.0	2895.0	200.0	68.0	1063.0	8482.0	271.0	85.0	153.0	153.0	8.0
3	7	5	-43.38108401160778	1.0	0.4991324465008676	79785.0	2864.0	3712.0	197.0	64.0	2895.0	1063.0	85.0	200.0	8482.0	153.0	68.0	271.0	153.0	8.0
5	3	7	0.150803304791221	0.44006542308987506	0.996547756041427	79785.0	3712.0	2895.0	200.0	68.0	2864.0	197.0	64.0	1063.0	8482.0	271.0	85.0	153.0	153.0	8.0
3	5	8	0.19753040983258363	0.4217062662457165	0.9949622166246851	79853.0	3644.0	2838.0	208.0	79.0	2879.0	204.0	80.0	994.0	8557.0	265.0	78.0	167.0	149.0	5.0
3	8	5	-38.81472553210257	1.0	0.501269035532995	79853.0	2838.0	3644.0	208.0	79.0	2879.0	994.0	78.0	204.0	8557.0	167.0	80.0	265.0	149.0	5.0
5	3	8	-0.19653025585874775	0.5779024009994711	1.0051150895140666	79853.0	3644.0	2879.0	204.0	80.0	2838.0	208.0	79.0	994.0	8557.0	265.0	78.0	149.0	167.0	5.0
3	5	9	-0.5068716787386499	0.693877575856628	1.0027639579878387	78069.0	5428.0	2828.0	189.0	108.0	2860.0	199.0	104.0	3827.0	5532.0	457.0	183.0	101.0	107.0	8.0
3	9	5	-184.39991672512082	1.0	0.4993118634737132	78069.0	2828.0	5428.0	189.0	108.0	2860.0	3827.0	183.0	199.0	5532.0	101.0	104.0	457.0	107.0	8.0
5	3	9	0.5082687892092637	0.3056324215983588	0.9972587719298246	78069.0	5428.0	2860.0	199.0	104.0	2828.0	189.0	108.0	3827.0	5532.0	457.0	183.0	107.0	101.0	8.0
3	6	7	-0.194690552875264	0.5771823751909684	1.0047058823529411	79756.0	3695.0	2893.0	208.0	70.0	2903.0	212.0	69.0	1066.0	8456.0	272.0	74.0	167.0	152.0	7.0
3	7	6	-41.76112359174443	1.0	0.4988317757009346	79756.0	2893.0	3695.0	208.0	70.0	2903.0	1066.0	74.0	212.0	8456.0	167.0	69.0	272.0	152.0	7.0
6	3	7	0.1956024524203472	0.42246069176576984	0.9953596287703016	79756.0	3695.0	2903.0	212.0	69.0	2893.0	208.0	70.0	1066.0	8456.0	272.0	74.0	152.0	167.0	7.0
3	6	8	-1.2018537420957434	0.8852898353270652	1.033467202141901	79791.0	3660.0	2900.0	196.0	75.0	2886.0	221.0	77.0	993.0	8536.0	265.0	72.0	171.0	152.0	5.0
3	8	6	-38.315097298012276	1.0	0.49203314212874444	79791.0	2900.0	3660.0	196.0	75.0	2886.0	993.0	72.0	221.0	8536.0	171.0	77.0	265.0	152.0	5.0
6	3	8	1.2407738762309684	0.10734471535882473	0.9695863746958638	79791.0	3660.0	2886.0	221.0	77.0	2900.0	196.0	75.0	993.0	8536.0	265.0	72.0	152.0	171.0	5.0
3	6	9	-1.090712206953688	0.8623001896548472	1.0061196105702364	78018.0	5433.0	2879.0	191.0	101.0	2867.0	213.0	104.0	3830.0	5501.0	463.0	173.0	118.0	103.0	6.0
3	9	6	-180.41371459565778	1.0	0.49848401323042996	78018.0	2879.0	5433.0	191.0	101.0	2867.0	3830.0	173.0	213.0	5501.0	118.0	104.0	463.0	103.0	6.0
6	3	9	1.097346342577957	0.136245053389898	0.9939907129199672	78018.0	5433.0	2867.0	213.0	104.0	2879.0	191.0	101.0	3830.0	5501.0	463.0	173.0	103.0	118.0	6.0
3	7	8	-99999.9	1.0	-0.40092165898617504	79414.0	3235.0	3277.0	602.0	94.0	3651.0	298.0	94.0	211.0	8441.0	183.0	89.0	189.0	215.0	7.0
3	8	7	4.076670622075211	2.2854545907113888e-05	0.18200836820083682	79414.0	3277.0	3235.0	602.0	94.0	3651.0	211.0	89.0	298.0	8441.0	189.0	94.0	183.0	215.0	7.0
7	3	8	-14.244918035757056	1.0	0.5625899280575539	79414.0	3235.0	3651.0	298.0	94.0	3277.0	602.0	94.0	211.0	8441.0	183.0	89.0	215.0	189.0	7.0
3	7	9	-3.446904564819371	0.9997164273921506	1.0306006800151115	77293.0	5356.0	3604.0	225.0	144.0	3610.0	306.0	127.0	3034.0	5392.0	409.0	226.0	134.0	129.0	11.0
3	9	7	-119.5352459577484	1.0	0.4926855698031425	77293.0	3604.0	5356.0	225.0	144.0	3610.0	3034.0	226.0	306.0	5392.0	134.0	127.0	409.0	129.0	11.0
7	3	9	3.549250338188275	0.00019320554081536656	0.9719723183391004	77293.0	5356.0	3610.0	306.0	127.0	3604.0	225.0	144.0	3034.0	5392.0	409.0	226.0	129.0	134.0	11.0
3	8	9	-1.5399183842934452	0.9382098575911968	1.0118237190970978	77316.0	5375.0	3581.0	210.0	140.0	3580.0	243.0	128.0	3067.0	5452.0	409.0	223.0	137.0	125.0	14.0
3	9	8	-133.31960072504157	1.0	0.497095581763774	77316.0	3581.0	5375.0	210.0	140.0	3580.0	3067.0	223.0	243.0	5452.0	137.0	128.0	409.0	125.0	14.0
8	3	9	1.5579131812770441	0.059626927548742326	0.9885813148788928	77316.0	5375.0	3580.0	243.0	128.0	3581.0	210.0	140.0	3067.0	5452.0	409.0	223.0	125.0	137.0	14.0
4	5	6	0.4904328964261643	0.31191380526307166	0.003092783505154639	82373.0	1114.0	1077.0	2006.0	46.0	3084.0	72.0	17.0	78.0	9666.0	72.0	23.0	66.0	304.0	2.0
4	6	5	-99999.9	1.0	-0.003121748178980229	82373.0	1077.0	1114.0	2006.0	46.0	3084.0	78.0	23.0	72.0	9666.0	66.0	17.0	72.0	304.0	2.0
5	4	6	-157.59243738494115	1.0	0.49922320041429313	82373.0	1114.0	3084.0	72.0	17.0	1077.0	2006.0	46.0	78.0	9666.0	72.0	23.0	304.0	66.0	2.0
4	5	7	0.0494692042225552	0.48027262228185597	0.9988452655889145	79783.0	3704.0	2860.0	205.0	64.0	2897.0	204.0	72.0	1069.0	8478.0	269.0	83.0	155.0	149.0	8.0
4	7	5	-42.741392448287584	1.0	0.5002891844997108	79783.0	2860.0	3704.0	205.0	64.0	2897.0	1069.0	83.0	204.0	8478.0	155.0	72.0	269.0	149.0	8.0
5	4	7	-0.049412014391084044	0.5197045901219433	1.0011587485515643	79783.0	3704.0	2897.0	204.0	72.0	2860.0	205.0	64.0	1069.0	8478.0	269.0	83.0	149.0	155.0	8.0
4	5	8	0.6413828071689902	0.2606369398809054	0.9839307787391842	79838.0	3649.0	2833.0	215.0	81.0	2894.0	202.0	77.0	998.0	8554.0	264.0	79.0	168.0	145.0	3.0
4	8	5	-38.63097984717845	1.0	0.5041165294490183	79838.0	2833.0	3649.0	215.0	81.0	2894.0	998.0	79.0	202.0	8554.0	168.0	77.0	264.0	145.0	3.0
5	4	8	-0.6309079623282906	0.7359497050430928	1.016883116883117	79838.0	3649.0	2894.0	202.0	77.0	2833.0	215.0	81.0	998.0	8554.0	264.0	79.0	145.0	168.0	3.0
4	5	9	-0.15163355289784786	0.5602620317873829	1.0008259911894273	78057.0	5430.0	2825.0	194.0	110.0	2872.0	197.0	104.0	3832.0	5530.0	454.0	181.0	101.0	104.0	9.0
4	9	5	-183.8809551474577	1.0	0.49979375773408496	78057.0	2825.0	5430.0	194.0	110.0	2872.0	3832.0	181.0	197.0	5530.0	101.0	104.0	454.0	104.0	9.0
5	4	9	0.1517586975082175	0.439688613990614	0.9991760505355671	78057.0	5430.0	2872.0	197.0	104.0	2825.0	194.0	110.0	3832.0	5530.0	454.0	181.0	104.0	101.0	9.0
4	6	7	-0.048246753916394707	0.5192402718733804	1.0011587485515643	79761.0	3689.0	2882.0	214.0	70.0	2898.0	215.0	72.0	1079.0	8455.0	270.0	72.0	167.0	147.0	9.0
4	7	6	-41.733442137681315	1.0	0.4997108155002892	79761.0	2882.0	3689.0	214.0	70.0	2898.0	1079.0	72.0	215.0	8455.0	167.0	72.0	270.0	147.0	9.0
6	4	7	0.0483025950667609	0.48073747665017286	0.9988452655889145	79761.0	3689.0	2898.0	215.0	72.0	2882.0	214.0	70.0	1079.0	8455.0	270.0	72.0	147.0	167.0	9.0
4	6	8	-0.8206683831486979	0.7940824627146392	1.0221066319895968	79782.0	3668.0	2889.0	201.0	76.0	2895.0	218.0	72.0	1004.0	8536.0	264.0	72.0	170.0	147.0	6.0
4	8	6	-38.76451245108261	1.0	0.49465072372561364	79782.0	2889.0	3668.0	201.0	76.0	2895.0	1004.0	72.0	218.0	8536.0	170.0	72.0	264.0	147.0	6.0
6	4	8	0.8384182082295222	0.20089788327712077	0.9792682926829268	79782.0	3668.0	2895.0	218.0	72.0	2889.0	201.0	76.0	1004.0	8536.0	264.0	72.0	147.0	170.0	6.0
4	6	9	-0.74361091031015	0.7714441180540064	1.004144791378834	78014.0	5436.0	2868.0	195.0	103.0	2871.0	210.0	104.0	3844.0	5500.0	460.0	170.0	118.0	100.0	7.0
4	9	6	-180.89574744811614	1.0	0.4989702045860222	78014.0	2868.0	5436.0	195.0	103.0	2871.0	3844.0	170.0	210.0	5500.0	118.0	104.0	460.0	100.0	7.0
6	4	9	0.7466803004187499	0.22762821367571084	0.9959061135371179	78014.0	5436.0	2871.0	210.0	104.0	2868.0	195.0	103.0	3844.0	5500.0	460.0	170.0	100.0	118.0	7.0
4	7	8	-99999.9	1.0	-0.36244541484716153	79399.0	3244.0	3272.0	607.0	94.0	3666.0	295.0	88.0	212.0	8441.0	184.0	93.0	188.0	210.0	7.0
4	8	7	3.894734572697877	4.91725897548978e-05	0.17364016736401675	79399.0	3272.0	3244.0	607.0	94.0	3666.0	212.0	93.0	295.0	8441.0	188.0	88.0	184.0	210.0	7.0
7	4	8	-14.640448032310088	1.0	0.5586987270155587	79399.0	3244.0	3666.0	295.0	88.0	3272.0	607.0	94.0	212.0	8441.0	184.0	93.0	210.0	188.0	7.0
4	7	9	-3.063531222704475	0.9989062242572843	1.027016885553471	77283.0	5360.0	3599.0	231.0	143.0	3620.0	303.0	126.0	3040.0	5390.0	407.0	225.0	135.0	125.0	13.0
4	9	7	-119.52026673023428	1.0	0.49350883519653804	77283.0	3599.0	5360.0	231.0	143.0	3620.0	3040.0	225.0	303.0	5390.0	135.0	126.0	407.0	125.0	13.0
7	4	9	3.1441210100755836	0.0008329993162303762	0.97500867754252	77283.0	5360.0	3620.0	303.0	126.0	3599.0	231.0	143.0	3040.0	5390.0	407.0	225.0	125.0	135.0	13.0
4	8	9	-1.211189783725619	0.8870885953188641	1.0092757759543347	77295.0	5376.0	3587.0	215.0	143.0	3601.0	241.0	129.0	3070.0	5449.0	405.0	214.0	138.0	123.0	14.0
4	9	8	-132.997955097563	1.0	0.4977128782547502	77295.0	3587.0	5376.0	215.0	143.0	3601.0	3070.0	214.0	241.0	5449.0	138.0	129.0	405.0	123.0	14.0
8	4	9	1.2223212557570315	0.11079314913360472	0.9909753557792433	77295.0	5376.0	3601.0	241.0	129.0	3587.0	215.0	143.0	3070.0	5449.0	405.0	214.0	123.0	138.0	14.0
5	6	7	-0.1701272138352062	0.5675449535662036	1.0007135212272564	81577.0	3880.0	1103.0	68.0	32.0	1082.0	70.0	26.0	2875.0	8692.0	409.0	55.0	70.0	56.0	5.0
5	7	6	-238.77354461771301	1.0	0.49982181040627227	81577.0	1103.0	3880.0	68.0	32.0	1082.0	2875.0	55.0	70.0	8692.0	70.0	26.0	409.0	56.0	5.0
6	5	7	0.17024851666147015	0.43240734948508774	0.9992880028479886	81577.0	3880.0	1082.0	70.0	26.0	1103.0	68.0	32.0	2875.0	8692.0	409.0	55.0	56.0	70.0	5.0
5	6	8	-1.9475067833633504	0.9742630650446454	1.0089318943059173	81616.0	3841.0	1116.0	63.0	24.0	1061.0	87.0	30.0	2798.0	8757.0	421.0	51.0	70.0	64.0	1.0
5	8	6	-221.93462718744874	1.0	0.4977965479250826	81616.0	1116.0	3841.0	63.0	24.0	1061.0	2798.0	51.0	87.0	8757.0	70.0	30.0	421.0	64.0	1.0
6	5	8	1.9647477139427378	0.024721653133166432	0.9913011960855382	81616.0	3841.0	1061.0	87.0	30.0	1116.0	63.0	24.0	2798.0	8757.0	421.0	51.0	64.0	70.0	1.0
5	6	9	-0.7040907060761578	0.7593119253357496	1.0016062823487417	79833.0	5624.0	1096.0	77.0	30.0	1052.0	86.0	40.0	5698.0	5683.0	595.0	88.0	59.0	35.0	4.0
5	9	6	-439.74376209489867	1.0	0.49959939464079056	79833.0	1096.0	5624.0	77.0	30.0	1052.0	5698.0	88.0	86.0	5683.0	59.0	40.0	595.0	35.0	4.0
6	5	9	0.7052198608079264	0.24033664252159648	0.9984014209591474	79833.0	5624.0	1052.0	86.0	40.0	1096.0	77.0	30.0	5698.0	5683.0	595.0	88.0	35.0	59.0	4.0
5	7	8	-99999.9	1.0	-0.3818181818181819	79437.0	3243.0	3295.0	592.0	93.0	3628.0	288.0	96.0	204.0	8441.0	187.0	78.0	185.0	225.0	8.0
5	8	7	3.999720324155432	3.1723497205704554e-05	0.17796610169491525	79437.0	3295.0	3243.0	592.0	93.0	3628.0	204.0	78.0	288.0	8441.0	185.0	96.0	187.0	225.0	8.0
7	5	8	-14.475178315991084	1.0	0.5606936416184972	79437.0	3243.0	3628.0	288.0	96.0	3295.0	592.0	93.0	204.0	8441.0	187.0	78.0	225.0	185.0	8.0
5	7	9	-2.875359895173194	0.9979820982468783	1.0254205607476636	77336.0	5344.0	3593.0	237.0	150.0	3567.0	305.0	140.0	3048.0	5386.0	398.0	223.0	137.0	123.0	13.0
5	9	7	-118.86230390193901	1.0	0.4938782859200576	77336.0	3593.0	5344.0	237.0	150.0	3567.0	3048.0	223.0	305.0	5386.0	137.0	140.0	398.0	123.0	13.0
7	5	9	2.9466411466758466	0.0016062973429087357	0.9763806877387982	77336.0	5344.0	3567.0	305.0	140.0	3593.0	237.0	150.0	3048.0	5386.0	398.0	223.0	123.0	137.0	13.0
5	8	9	-1.1112383716057241	0.8667670732792365	1.0085378868729988	77360.0	5372.0	3569.0	219.0	140.0	3536.0	243.0	131.0	3078.0	5437.0	399.0	224.0	148.0	131.0	13.0
5	9	8	-132.37627101753222	1.0	0.49789251844046367	77360.0	3569.0	5372.0	219.0	140.0	3536.0	3078.0	224.0	243.0	5437.0	148.0	131.0	399.0	131.0	13.0
8	5	9	1.1206456805716984	0.13121940601942073	0.991675338189386	77360.0	5372.0	3536.0	243.0	131.0	3569.0	219.0	140.0	3078.0	5437.0	399.0	224.0	131.0	148.0	13.0
6	7	8	-99999.9	1.0	-0.2548262548262548	79397.0	3262.0	3280.0	605.0	91.0	3668.0	280.0	85.0	214.0	8416.0	186.0	83.0	188.0	237.0	8.0
6	8	7	3.1280815069740866	0.0008798241105216764	0.14442013129102843	79397.0	3280.0	3262.0	605.0	91.0	3668.0	214.0	83.0	280.0	8416.0	188.0	85.0	186.0	237.0	8.0
7	6	8	-15.403431663129968	1.0	0.5460893854748603	79397.0	3262.0	3668.0	280.0	85.0	3280.0	605.0	91.0	214.0	8416.0	186.0	83.0	237.0	188.0	8.0
6	7	9	-2.4458444450836034	0.9927743299082337	1.0214894405335309	77301.0	5358.0	3584.0	245.0	147.0	3602.0	303.0	128.0	3060.0	5353.0	403.0	220.0	139.0	148.0	9.0
6	9	7	-118.70779505017833	1.0	0.4947954055994257	77301.0	3584.0	5358.0	245.0	147.0	3602.0	3060.0	220.0	303.0	5353.0	139.0	128.0	403.0	148.0	9.0
7	6	9	2.4972985538303747	0.006257191514071558	0.9798120431604594	77301.0	5358.0	3602.0	303.0	128.0	3584.0	245.0	147.0	3060.0	5353.0	403.0	220.0	148.0	139.0	9.0
6	8	9	-0.4584214270304015	0.6766751287631187	1.0035423308537017	77298.0	5379.0	3587.0	232.0	139.0	3598.0	242.0	125.0	3075.0	5406.0	403.0	209.0	147.0	149.0	11.0
6	9	8	-130.32921170474327	1.0	0.49911909795630727	77298.0	3587.0	5379.0	232.0	139.0	3598.0	3075.0	209.0	242.0	5406.0	147.0	125.0	403.0	149.0	11.0
8	6	9	0.4600395753785497	0.32274392726637635	0.9964949176305643	77298.0	5379.0	3598.0	242.0	125.0	3587.0	232.0	139.0	3075.0	5406.0	403.0	209.0	149.0	147.0	11.0
7	8	9	2.0983378534166492	0.017937592808853875	0.9861410532799507	77662.0	5403.0	3241.0	255.0	131.0	3234.0	210.0	133.0	3412.0	5412.0	434.0	218.0	124.0	120.0	11.0
7	9	8	-147.21005784969674	1.0	0.5035382921843057	77662.0	3241.0	5403.0	255.0	131.0	3234.0	3412.0	218.0	210.0	5412.0	124.0	133.0	434.0	120.0	11.0
8	7	9	-2.0688484082562026	0.98071990837146	1.0144601542416452	77662.0	5403.0	3234.0	210.0	133.0	3241.0	255.0	131.0	3412.0	5412.0	434.0	218.0	120.0	124.0	11.0
