P1	Hybrid	P2	Zscore	Pvalue	Gamma	AAAA	AAAB	AABA	AABB	AABC	ABAA	ABAB	ABAC	ABBA	BAAA	ABBC	CABC	BACA	BCAA	ABCD
1	2	3	-99999.9	1.0	-0.019178082191780823	72924.0	3970.0	3889.0	1556.0	195.0	5209.0	440.0	150.0	419.0	10009.0	273.0	166.0	294.0	484.0	22.0
1	3	2	0.7227237973106151	0.23492472668543518	0.018134715025906738	72924.0	3889.0	3970.0	1556.0	195.0	5209.0	419.0	166.0	440.0	10009.0	294.0	150.0	273.0	484.0	22.0
2	1	3	-38.40760751422124	1.0	0.5046604527296938	72924.0	3970.0	5209.0	440.0	150.0	3889.0	1556.0	195.0	419.0	10009.0	273.0	166.0	484.0	294.0	22.0
1	2	4	-99999.9	1.0	-0.011393514460999125	73035.0	3859.0	3879.0	1570.0	191.0	5236.0	416.0	147.0	403.0	10013.0	285.0	167.0	289.0	494.0	16.0
1	4	2	0.4566705158677053	0.3239539649799581	0.011016949152542373	73035.0	3879.0	3859.0	1570.0	191.0	5236.0	403.0	167.0	416.0	10013.0	289.0	147.0	285.0	494.0	16.0
2	1	4	-40.53829040856402	1.0	0.5028005170185266	73035.0	3859.0	5236.0	416.0	147.0	3879.0	1570.0	191.0	403.0	10013.0	285.0	167.0	494.0	289.0	16.0
1	2	5	-99999.9	1.0	-0.0034129692832764505	72900.0	3994.0	3867.0	1592.0	181.0	5226.0	416.0	157.0	412.0	9981.0	308.0	163.0	300.0	483.0	20.0
1	5	2	0.13923432542435474	0.44463246573886295	0.0033783783783783786	72900.0	3867.0	3994.0	1592.0	181.0	5226.0	412.0	163.0	416.0	9981.0	300.0	157.0	308.0	483.0	20.0
2	1	5	-40.9348916747602	1.0	0.5008488964346349	72900.0	3994.0	5226.0	416.0	157.0	3867.0	1592.0	181.0	412.0	9981.0	308.0	163.0	483.0	300.0	20.0
1	2	6	-99999.9	1.0	-0.010380622837370242	72921.0	3973.0	3861.0	1596.0	183.0	5217.0	428.0	154.0	416.0	9995.0	290.0	167.0	299.0	481.0	19.0
1	6	2	0.41506689637511013	0.33904650877086673	0.010067114093959731	72921.0	3861.0	3973.0	1596.0	183.0	5217.0	416.0	167.0	428.0	9995.0	299.0	154.0	290.0	481.0	19.0
2	1	6	-40.3998445805106	1.0	0.5025553662691653	72921.0	3973.0	5217.0	428.0	154.0	3861.0	1596.0	183.0	416.0	9995.0	290.0	167.0	481.0	299.0	19.0
1	2	7	-99999.9	1.0	-0.027003484320557488	72863.0	4031.0	3856.0	1598.0	186.0	5235.0	419.0	145.0	388.0	10004.0	309.0	161.0	297.0	488.0	20.0
1	7	2	1.1039650302833288	0.13480419909937413	0.024979854955680905	72863.0	3856.0	4031.0	1598.0	186.0	5235.0	388.0	161.0	419.0	10004.0	297.0	145.0	309.0	488.0	20.0
2	1	7	-41.98628292593699	1.0	0.5064880703223106	72863.0	4031.0	5235.0	419.0	145.0	3856.0	1598.0	186.0	388.0	10004.0	309.0	161.0	488.0	297.0	20.0
1	2	8	-99999.9	1.0	-0.02789886660854403	72877.0	4017.0	3850.0	1598.0	192.0	5237.0	419.0	143.0	387.0	10004.0	310.0	160.0	299.0	488.0	19.0
1	8	2	1.1406543896490342	0.12700694156261283	0.02574416733708769	72877.0	3850.0	4017.0	1598.0	192.0	5237.0	387.0	160.0	419.0	10004.0	299.0	143.0	310.0	488.0	19.0
2	1	8	-42.02598516863167	1.0	0.5066945606694561	72877.0	4017.0	5237.0	419.0	143.0	3850.0	1598.0	192.0	387.0	10004.0	310.0	160.0	488.0	299.0	19.0
1	2	9	-0.7879378754798941	0.7846335398371221	1.007920792079208	70316.0	6578.0	4956.0	448.0	236.0	5060.0	472.0	267.0	3526.0	6572.0	603.0	430.0	264.0	243.0	29.0
1	9	2	-101.05303253029648	1.0	0.4980430528375734	70316.0	4956.0	6578.0	448.0	236.0	5060.0	3526.0	430.0	472.0	6572.0	264.0	267.0	603.0	243.0	29.0
2	1	9	0.794129921652624	0.21355983876864715	0.9922630560928434	70316.0	6578.0	5060.0	472.0	267.0	4956.0	448.0	236.0	3526.0	6572.0	603.0	430.0	243.0	264.0	29.0
1	3	4	0.14545983284404804	0.44217389232031235	0.0025396825396825392	73301.0	3512.0	3613.0	1948.0	160.0	5273.0	377.0	144.0	381.0	10104.0	258.0	152.0	237.0	526.0	14.0
1	4	3	-99999.9	1.0	-0.002559181062060141	73301.0	3613.0	3512.0	1948.0	160.0	5273.0	381.0	152.0	377.0	10104.0	237.0	144.0	258.0	526.0	14.0
3	1	4	-56.98388951665565	1.0	0.49936265137029956	73301.0	3512.0	5273.0	377.0	144.0	3613.0	1948.0	160.0	381.0	10104.0	258.0	152.0	526.0	237.0	14.0
1	3	5	0.3964190585407534	0.34589800503499946	0.006806930693069308	73200.0	3613.0	3567.0	1987.0	167.0	5262.0	382.0	150.0	393.0	10073.0	277.0	146.0	242.0	518.0	23.0
1	5	3	-99999.9	1.0	-0.006948831332912192	73200.0	3567.0	3613.0	1987.0	167.0	5262.0	393.0	146.0	382.0	10073.0	242.0	150.0	277.0	518.0	23.0
3	1	5	-57.44472539217833	1.0	0.49828071272272584	73200.0	3613.0	5262.0	382.0	150.0	3567.0	1987.0	167.0	393.0	10073.0	277.0	146.0	518.0	242.0	23.0
1	3	6	0.5726657372532925	0.2834354830199455	0.009900990099009901	73218.0	3595.0	3564.0	1986.0	171.0	5255.0	386.0	153.0	402.0	10085.0	256.0	143.0	251.0	515.0	20.0
1	6	3	-99999.9	1.0	-0.010204081632653062	73218.0	3564.0	3595.0	1986.0	171.0	5255.0	402.0	143.0	386.0	10085.0	251.0	153.0	256.0	515.0	20.0
3	1	6	-56.69390798807611	1.0	0.49748743718592964	73218.0	3595.0	5255.0	386.0	153.0	3564.0	1986.0	171.0	402.0	10085.0	256.0	143.0	515.0	251.0	20.0
1	3	7	-99999.9	1.0	-0.0031525851197982345	73138.0	3675.0	3581.0	1974.0	166.0	5262.0	383.0	149.0	378.0	10088.0	277.0	144.0	249.0	517.0	19.0
1	7	3	0.18151787854580703	0.4279805607393983	0.0031230480949406623	73138.0	3581.0	3675.0	1974.0	166.0	5262.0	378.0	144.0	383.0	10088.0	249.0	149.0	277.0	517.0	19.0
3	1	7	-57.75898895327567	1.0	0.500784436774396	73138.0	3675.0	5262.0	383.0	149.0	3581.0	1974.0	166.0	378.0	10088.0	277.0	144.0	517.0	249.0	19.0
1	3	8	-99999.9	1.0	-0.003158559696778269	73147.0	3666.0	3580.0	1970.0	171.0	5264.0	382.0	148.0	377.0	10089.0	277.0	143.0	251.0	517.0	18.0
1	8	3	0.18175736125850403	0.42788658426604087	0.003128911138923654	73147.0	3580.0	3666.0	1970.0	171.0	5264.0	377.0	143.0	382.0	10089.0	251.0	148.0	277.0	517.0	18.0
3	1	8	-57.72613793570073	1.0	0.5007859163784973	73147.0	3666.0	5264.0	382.0	148.0	3580.0	1970.0	171.0	377.0	10089.0	277.0	143.0	517.0	251.0	18.0
1	3	9	-0.594192720887005	0.7238084354853784	1.0058842759071591	70259.0	6554.0	5013.0	447.0	261.0	5065.0	465.0	264.0	3542.0	6608.0	593.0	409.0	235.0	251.0	34.0
1	9	3	-102.16813728584916	1.0	0.49854180168502915	70259.0	5013.0	6554.0	447.0	261.0	5065.0	3542.0	409.0	465.0	6608.0	235.0	264.0	593.0	251.0	34.0
3	1	9	0.597668661405681	0.2750304728560806	0.9942177963379377	70259.0	6554.0	5065.0	465.0	264.0	5013.0	447.0	261.0	3542.0	6608.0	593.0	409.0	251.0	235.0	34.0
1	4	5	0.15373948415674848	0.4389075615756789	0.000858860578299456	74943.0	1971.0	1824.0	3679.0	117.0	5529.0	189.0	88.0	192.0	10379.0	147.0	80.0	129.0	724.0	9.0
1	5	4	-99999.9	1.0	-0.0008610792192881746	74943.0	1824.0	1971.0	3679.0	117.0	5529.0	192.0	80.0	189.0	10379.0	129.0	88.0	147.0	724.0	9.0
4	1	5	-178.69652708486015	1.0	0.4997850078830443	74943.0	1971.0	5529.0	189.0	88.0	1824.0	3679.0	117.0	192.0	10379.0	147.0	80.0	724.0	129.0	9.0
1	4	6	-99999.9	1.0	-0.004570383912248628	73841.0	3073.0	2941.0	2526.0	153.0	5349.0	328.0	129.0	318.0	10184.0	216.0	133.0	210.0	584.0	15.0
1	6	4	0.39427644887288743	0.3466885260972632	0.004508566275924256	73841.0	2941.0	3073.0	2526.0	153.0	5349.0	318.0	133.0	328.0	10184.0	210.0	129.0	216.0	584.0	15.0
4	1	6	-86.66196346226084	1.0	0.5011348161597822	73841.0	3073.0	5349.0	328.0	129.0	2941.0	2526.0	153.0	318.0	10184.0	216.0	133.0	584.0	210.0	15.0
1	4	7	-99999.9	1.0	-0.009095043201455207	73773.0	3141.0	2946.0	2537.0	137.0	5368.0	318.0	120.0	298.0	10182.0	238.0	118.0	220.0	587.0	17.0
1	7	4	0.8091123903917972	0.20922519303901987	0.008853474988933156	73773.0	2946.0	3141.0	2537.0	137.0	5368.0	298.0	118.0	318.0	10182.0	220.0	120.0	238.0	587.0	17.0
4	1	7	-89.7710197139699	1.0	0.5022431583669806	73773.0	3141.0	5368.0	318.0	120.0	2946.0	2537.0	137.0	298.0	10182.0	238.0	118.0	587.0	220.0	17.0
1	4	8	-99999.9	1.0	-0.010983981693363844	73773.0	3141.0	2954.0	2529.0	137.0	5370.0	320.0	116.0	296.0	10182.0	240.0	118.0	220.0	589.0	15.0
1	8	4	0.9716817940741613	0.165604437164666	0.010633584404076206	73773.0	2954.0	3141.0	2529.0	137.0	5370.0	296.0	118.0	320.0	10182.0	220.0	116.0	240.0	589.0	15.0
4	1	8	-89.43521179624256	1.0	0.5027014858171994	73773.0	3141.0	5370.0	320.0	116.0	2954.0	2529.0	137.0	296.0	10182.0	240.0	118.0	589.0	220.0	15.0
1	4	9	-0.9053585134451132	0.8173622838418707	1.0088553624139063	70349.0	6565.0	4923.0	427.0	270.0	5087.0	454.0	265.0	3530.0	6595.0	593.0	399.0	259.0	254.0	30.0
1	9	4	-104.04916545259938	1.0	0.49781518044991097	70349.0	4923.0	6565.0	427.0	270.0	5087.0	3530.0	399.0	454.0	6595.0	259.0	265.0	593.0	254.0	30.0
4	1	9	0.9133054184721021	0.18054094250887132	0.9913738019169329	70349.0	6565.0	5087.0	454.0	265.0	4923.0	427.0	270.0	3530.0	6595.0	593.0	399.0	254.0	259.0	30.0
1	5	6	-99999.9	1.0	-0.000898069151324652	73757.0	3010.0	3025.0	2559.0	183.0	5341.0	330.0	130.0	328.0	10157.0	212.0	131.0	235.0	581.0	21.0
1	6	5	0.07799691811452154	0.4689151847638324	0.0008956560680698613	73757.0	3025.0	3010.0	2559.0	183.0	5341.0	328.0	131.0	330.0	10157.0	235.0	130.0	212.0	581.0	21.0
5	1	6	-86.92756523863403	1.0	0.5002242152466367	73757.0	3010.0	5341.0	330.0	130.0	3025.0	2559.0	183.0	328.0	10157.0	212.0	131.0	581.0	235.0	21.0
1	5	7	-99999.9	1.0	-0.009990917347865577	73653.0	3114.0	3066.0	2548.0	153.0	5358.0	324.0	119.0	302.0	10162.0	233.0	124.0	234.0	589.0	21.0
1	7	5	0.8832163976938847	0.1885596464500241	0.009700176366843033	73653.0	3066.0	3114.0	2548.0	153.0	5358.0	302.0	124.0	324.0	10162.0	234.0	119.0	233.0	589.0	21.0
5	1	7	-89.2851485668727	1.0	0.5024608501118569	73653.0	3114.0	5358.0	324.0	119.0	3066.0	2548.0	153.0	302.0	10162.0	233.0	124.0	589.0	234.0	21.0
1	5	8	-99999.9	1.0	-0.012323140118667275	73659.0	3108.0	3068.0	2544.0	155.0	5360.0	326.0	115.0	299.0	10162.0	236.0	125.0	234.0	589.0	20.0
1	8	5	1.0858199150859882	0.13877937693226372	0.011883802816901408	73659.0	3068.0	3108.0	2544.0	155.0	5360.0	299.0	125.0	326.0	10162.0	234.0	115.0	236.0	589.0	20.0
5	1	8	-89.19809524669344	1.0	0.5030248711628948	73659.0	3108.0	5360.0	326.0	115.0	3068.0	2544.0	155.0	299.0	10162.0	236.0	125.0	589.0	234.0	20.0
1	5	9	-1.0214796747898256	0.8464863649491696	1.0101873151495235	70218.0	6549.0	5054.0	440.0	273.0	5063.0	471.0	267.0	3545.0	6563.0	589.0	408.0	274.0	255.0	31.0
1	9	5	-102.31272226523885	1.0	0.4974915034795274	70218.0	5054.0	6549.0	440.0	273.0	5063.0	3545.0	408.0	471.0	6563.0	274.0	267.0	589.0	255.0	31.0
5	1	9	1.0317808686474976	0.15108741362525424	0.9901147959183674	70218.0	6549.0	5063.0	471.0	267.0	5054.0	440.0	273.0	3545.0	6563.0	589.0	408.0	255.0	274.0	31.0
1	6	7	-99999.9	1.0	-0.00953053300388281	74244.0	2538.0	2475.0	3137.0	140.0	5424.0	277.0	99.0	250.0	10265.0	207.0	110.0	178.0	644.0	12.0
1	7	6	1.1809446555017302	0.11881241721612001	0.009265614275909401	74244.0	2475.0	2538.0	3137.0	140.0	5424.0	250.0	110.0	277.0	10265.0	178.0	99.0	207.0	644.0	12.0
6	1	7	-125.09265610129447	1.0	0.502349051679137	74244.0	2538.0	5424.0	277.0	99.0	2475.0	3137.0	140.0	250.0	10265.0	207.0	110.0	644.0	178.0	12.0
1	6	8	-99999.9	1.0	-0.010254596888260255	74251.0	2531.0	2476.0	3135.0	141.0	5424.0	278.0	98.0	249.0	10264.0	209.0	111.0	180.0	642.0	11.0
1	8	6	1.268765106822357	0.10226249557453249	0.009948542024013721	74251.0	2476.0	2531.0	3135.0	141.0	5424.0	249.0	111.0	278.0	10264.0	180.0	98.0	209.0	642.0	11.0
6	1	8	-124.99523828246461	1.0	0.5025248128156016	74251.0	2531.0	5424.0	278.0	98.0	2476.0	3135.0	141.0	249.0	10264.0	209.0	111.0	642.0	180.0	11.0
1	6	9	-0.9806491913869692	0.8366171139618949	1.0099108027750248	70227.0	6555.0	5045.0	448.0	259.0	5060.0	478.0	262.0	3535.0	6586.0	601.0	421.0	244.0	250.0	29.0
1	9	6	-100.9088017937191	1.0	0.49755859375	70227.0	5045.0	6555.0	448.0	259.0	5060.0	3535.0	421.0	478.0	6586.0	244.0	262.0	601.0	250.0	29.0
6	1	9	0.9902728340894911	0.16102039661417322	0.9903753609239654	70227.0	6555.0	5060.0	478.0	262.0	5045.0	448.0	259.0	3535.0	6586.0	601.0	421.0	250.0	244.0	29.0
1	7	8	-99999.9	1.0	-0.00035618878005342833	76556.0	163.0	171.0	5635.0	9.0	5760.0	18.0	6.0	16.0	10694.0	10.0	8.0	10.0	942.0	2.0
1	8	7	0.3425476677997293	0.3659694553026016	0.0003558085749866572	76556.0	171.0	163.0	5635.0	9.0	5760.0	16.0	8.0	18.0	10694.0	10.0	6.0	10.0	942.0	2.0
7	1	8	-962.0451250155154	1.0	0.5000889996440016	76556.0	163.0	5760.0	18.0	6.0	171.0	5635.0	9.0	16.0	10694.0	10.0	8.0	942.0	10.0	2.0
1	7	9	0.6686929662548	0.2518456119379864	0.9935504675910997	70188.0	6531.0	5084.0	460.0	271.0	5077.0	440.0	267.0	3521.0	6607.0	592.0	418.0	261.0	259.0	24.0
1	9	7	-102.34345848529681	1.0	0.5016281341582547	70188.0	5084.0	6531.0	460.0	271.0	5077.0	3521.0	418.0	440.0	6607.0	261.0	267.0	592.0	259.0	24.0
7	1	9	-0.6643522134715816	0.7467676099756861	1.0065767839526472	70188.0	6531.0	5077.0	440.0	267.0	5084.0	460.0	271.0	3521.0	6607.0	592.0	418.0	259.0	261.0	24.0
1	8	9	0.7010612053761429	0.24163234078632156	0.9932367149758454	70194.0	6533.0	5078.0	462.0	267.0	5077.0	441.0	266.0	3525.0	6603.0	594.0	414.0	264.0	260.0	22.0
1	9	8	-102.25478438414878	1.0	0.5017081503172279	70194.0	5078.0	6533.0	462.0	267.0	5077.0	3525.0	414.0	441.0	6603.0	264.0	266.0	594.0	260.0	22.0
8	1	9	-0.6962874423045156	0.7568756507702425	1.0069033530571991	70194.0	6533.0	5077.0	441.0	266.0	5078.0	462.0	267.0	3525.0	6603.0	594.0	414.0	260.0	264.0	22.0
2	3	4	-99999.9	1.0	-0.10497237569060773	74603.0	3530.0	3668.0	789.0	103.0	3971.0	389.0	114.0	351.0	11415.0	283.0	127.0	273.0	374.0	10.0
2	4	3	1.448980017712995	0.07367162497419821	0.07983193277310924	74603.0	3668.0	3530.0	789.0	103.0	3971.0	351.0	127.0	389.0	11415.0	273.0	114.0	283.0	374.0	10.0
3	2	4	-15.252421239084155	1.0	0.5226730310262531	74603.0	3530.0	3971.0	389.0	114.0	3668.0	789.0	103.0	351.0	11415.0	283.0	127.0	374.0	273.0	10.0
2	3	5	-99999.9	1.0	-0.12806539509536785	74488.0	3645.0	3638.0	811.0	111.0	3974.0	397.0	103.0	350.0	11387.0	312.0	118.0	272.0	380.0	14.0
2	5	3	1.7921291332918232	0.03655609074454236	0.09251968503937008	74488.0	3638.0	3645.0	811.0	111.0	3974.0	350.0	118.0	397.0	11387.0	272.0	103.0	312.0	380.0	14.0
3	2	5	-15.785988535804572	1.0	0.5268571428571429	74488.0	3645.0	3974.0	397.0	103.0	3638.0	811.0	111.0	350.0	11387.0	312.0	118.0	380.0	272.0	14.0
2	3	6	-99999.9	1.0	-0.09711286089238845	74502.0	3631.0	3636.0	813.0	111.0	3971.0	395.0	108.0	358.0	11397.0	294.0	115.0	280.0	376.0	13.0
2	6	3	1.395866827689138	0.08137735618978104	0.07520325203252033	74502.0	3636.0	3631.0	813.0	111.0	3971.0	358.0	115.0	395.0	11397.0	280.0	108.0	294.0	376.0	13.0
3	2	6	-15.769522539839445	1.0	0.5211912943871707	74502.0	3631.0	3971.0	395.0	108.0	3636.0	813.0	111.0	358.0	11397.0	294.0	115.0	376.0	280.0	13.0
2	3	7	-99999.9	1.0	-0.17857142857142858	74442.0	3691.0	3656.0	793.0	111.0	3958.0	397.0	119.0	337.0	11409.0	303.0	110.0	284.0	377.0	13.0
2	7	3	2.3267560549147626	0.009989103457541226	0.11627906976744186	74442.0	3656.0	3691.0	793.0	111.0	3958.0	337.0	110.0	397.0	11409.0	284.0	119.0	303.0	377.0	13.0
3	2	7	-15.356589962437432	1.0	0.5352112676056339	74442.0	3691.0	3958.0	397.0	119.0	3656.0	793.0	111.0	337.0	11409.0	303.0	110.0	377.0	284.0	13.0
2	3	8	-99999.9	1.0	-0.17910447761194032	74460.0	3673.0	3654.0	793.0	113.0	3951.0	398.0	125.0	338.0	11406.0	305.0	108.0	286.0	377.0	13.0
2	8	3	2.323883746514971	0.010065839374393537	0.11650485436893204	74460.0	3654.0	3673.0	793.0	113.0	3951.0	338.0	108.0	398.0	11406.0	286.0	125.0	305.0	377.0	13.0
3	2	8	-15.29890133122355	1.0	0.5352941176470588	74460.0	3673.0	3951.0	398.0	125.0	3654.0	793.0	113.0	338.0	11406.0	305.0	108.0	377.0	286.0	13.0
2	3	9	0.5883955797120182	0.2781333583494173	0.9962494139709329	71390.0	6743.0	3986.0	379.0	195.0	3934.0	363.0	177.0	4613.0	6719.0	717.0	365.0	181.0	208.0	30.0
2	9	3	-155.70418028129274	1.0	0.500942951438001	71390.0	3986.0	6743.0	379.0	195.0	3934.0	4613.0	365.0	363.0	6719.0	181.0	177.0	717.0	208.0	30.0
3	2	9	-0.5861804434119259	0.7211229116176376	1.0037932669511618	71390.0	6743.0	3934.0	363.0	177.0	3986.0	379.0	195.0	4613.0	6719.0	717.0	365.0	208.0	181.0	30.0
2	4	5	-99999.9	1.0	-0.004830917874396135	76276.0	1995.0	1850.0	2486.0	86.0	4196.0	198.0	55.0	187.0	11719.0	171.0	59.0	139.0	577.0	6.0
2	5	4	0.5618015307884037	0.28712559203682186	0.004761904761904762	76276.0	1850.0	1995.0	2486.0	86.0	4196.0	187.0	59.0	198.0	11719.0	139.0	55.0	171.0	577.0	6.0
4	2	5	-116.8547184039881	1.0	0.5011990407673861	76276.0	1995.0	4196.0	198.0	55.0	1850.0	2486.0	86.0	187.0	11719.0	171.0	59.0	577.0	139.0	6.0
2	4	6	-99999.9	1.0	-0.017982017982017984	75159.0	3112.0	2979.0	1341.0	102.0	4031.0	322.0	96.0	304.0	11521.0	252.0	109.0	229.0	432.0	11.0
2	6	4	0.7252168866635463	0.2341594230374714	0.017061611374407582	75159.0	2979.0	3112.0	1341.0	102.0	4031.0	304.0	109.0	322.0	11521.0	229.0	96.0	252.0	432.0	11.0
4	2	6	-41.05533375056407	1.0	0.5043774319066149	75159.0	3112.0	4031.0	322.0	96.0	2979.0	1341.0	102.0	304.0	11521.0	252.0	109.0	432.0	229.0	11.0
2	4	7	-99999.9	1.0	-0.0416243654822335	75117.0	3154.0	2981.0	1346.0	95.0	4024.0	320.0	105.0	279.0	11532.0	266.0	102.0	238.0	428.0	13.0
2	7	4	1.7023527641283795	0.04434459954318504	0.03700361010830325	75117.0	2981.0	3154.0	1346.0	95.0	4024.0	279.0	102.0	320.0	11532.0	238.0	105.0	266.0	428.0	13.0
4	2	7	-42.60033990233456	1.0	0.5097945532728141	75117.0	3154.0	4024.0	320.0	105.0	2981.0	1346.0	95.0	279.0	11532.0	266.0	102.0	428.0	238.0	13.0
2	4	8	-99999.9	1.0	-0.045174537987679675	75127.0	3144.0	2987.0	1342.0	93.0	4016.0	324.0	109.0	280.0	11528.0	269.0	101.0	238.0	430.0	12.0
2	8	4	1.8212339174951195	0.0342855973252949	0.039783001808318265	75127.0	2987.0	3144.0	1342.0	93.0	4016.0	280.0	101.0	324.0	11528.0	238.0	109.0	269.0	430.0	12.0
4	2	8	-42.13673018204616	1.0	0.510576923076923	75127.0	3144.0	4016.0	324.0	109.0	2987.0	1342.0	93.0	280.0	11528.0	269.0	101.0	430.0	238.0	12.0
2	4	9	-0.11407693281244377	0.5454116435128955	1.0006986492780625	71513.0	6758.0	3863.0	344.0	215.0	3923.0	347.0	179.0	4644.0	6720.0	713.0	345.0	196.0	212.0	28.0
2	9	4	-163.51027036450213	1.0	0.49982552053041757	71513.0	3863.0	6758.0	344.0	215.0	3923.0	4644.0	345.0	347.0	6720.0	196.0	179.0	713.0	212.0	28.0
4	2	9	0.1141565769358874	0.4545567893534066	0.9993028119916337	71513.0	6758.0	3923.0	347.0	179.0	3863.0	344.0	215.0	4644.0	6720.0	713.0	345.0	212.0	196.0	28.0
2	5	6	0.03988848944578951	0.48409095207184816	0.0009578544061302681	75058.0	3068.0	3080.0	1357.0	130.0	4040.0	314.0	88.0	315.0	11496.0	245.0	89.0	262.0	444.0	14.0
2	6	5	-99999.9	1.0	-0.0009606147934678194	75058.0	3080.0	3068.0	1357.0	130.0	4040.0	315.0	89.0	314.0	11496.0	262.0	88.0	245.0	444.0	14.0
5	2	6	-41.56380600251256	1.0	0.49976019184652276	75058.0	3068.0	4040.0	314.0	88.0	3080.0	1357.0	130.0	315.0	11496.0	245.0	89.0	444.0	262.0	14.0
2	5	7	-99999.9	1.0	-0.020730503455083905	74979.0	3147.0	3119.0	1340.0	108.0	4032.0	306.0	104.0	285.0	11518.0	253.0	88.0	266.0	441.0	14.0
2	7	5	0.871680067532473	0.19169142916058535	0.019516728624535316	74979.0	3119.0	3147.0	1340.0	108.0	4032.0	285.0	88.0	306.0	11518.0	266.0	104.0	253.0	441.0	14.0
5	2	7	-42.919866182313164	1.0	0.505026328386788	74979.0	3147.0	4032.0	306.0	104.0	3119.0	1340.0	108.0	285.0	11518.0	253.0	88.0	441.0	266.0	14.0
2	5	8	-99999.9	1.0	-0.02385685884691849	74996.0	3130.0	3118.0	1340.0	109.0	4023.0	310.0	109.0	286.0	11514.0	256.0	88.0	266.0	441.0	14.0
2	8	5	0.9931983501482602	0.16030665836851576	0.022263450834879406	74996.0	3118.0	3130.0	1340.0	109.0	4023.0	286.0	88.0	310.0	11514.0	266.0	109.0	256.0	441.0	14.0
5	2	8	-42.62476252719621	1.0	0.5057581573896353	74996.0	3130.0	4023.0	310.0	109.0	3118.0	1340.0	109.0	286.0	11514.0	256.0	88.0	441.0	266.0	14.0
2	5	9	-0.07493039255264626	0.5298650209350098	1.00046490004649	71377.0	6749.0	3999.0	355.0	213.0	3904.0	357.0	181.0	4661.0	6687.0	708.0	347.0	219.0	216.0	27.0
2	9	5	-161.32513516584706	1.0	0.49988385598141694	71377.0	3999.0	6749.0	355.0	213.0	3904.0	4661.0	347.0	357.0	6687.0	219.0	181.0	708.0	216.0	27.0
5	2	9	0.0749652115082934	0.4701211272784138	0.999535747446611	71377.0	6749.0	3904.0	357.0	181.0	3999.0	355.0	213.0	4661.0	6687.0	708.0	347.0	216.0	219.0	27.0
2	6	7	-99999.9	1.0	-0.019559902200488997	75573.0	2565.0	2525.0	1934.0	96.0	4095.0	266.0	83.0	234.0	11614.0	224.0	76.0	210.0	498.0	7.0
2	7	6	1.442587972849556	0.07456833174943622	0.018475750577367205	75573.0	2525.0	2565.0	1934.0	96.0	4095.0	234.0	76.0	266.0	11614.0	210.0	83.0	224.0	498.0	7.0
6	2	7	-75.19489808478312	1.0	0.5047505938242282	75573.0	2565.0	4095.0	266.0	83.0	2525.0	1934.0	96.0	234.0	11614.0	224.0	76.0	498.0	210.0	7.0
2	6	8	-99999.9	1.0	-0.02020820575627679	75589.0	2549.0	2525.0	1935.0	95.0	4086.0	269.0	89.0	236.0	11609.0	227.0	75.0	212.0	497.0	7.0
2	8	6	1.4806256619110132	0.06935321173185216	0.019053117782909933	75589.0	2525.0	2549.0	1935.0	95.0	4086.0	236.0	75.0	269.0	11609.0	212.0	89.0	227.0	497.0	7.0
6	2	8	-74.749162204356	1.0	0.5049034175334324	75589.0	2549.0	4086.0	269.0	89.0	2525.0	1935.0	95.0	236.0	11609.0	227.0	75.0	497.0	212.0	7.0
2	6	9	0.1479022911096946	0.44120992092971234	0.9990686845168801	71384.0	6754.0	3992.0	368.0	195.0	3903.0	364.0	177.0	4655.0	6704.0	713.0	354.0	195.0	212.0	30.0
2	9	6	-158.5142804968148	1.0	0.5002331545814875	71384.0	3992.0	6754.0	368.0	195.0	3903.0	4655.0	354.0	364.0	6704.0	195.0	177.0	713.0	212.0	30.0
6	2	9	-0.14776441901357742	0.5587356739489884	1.000933924819052	71384.0	6754.0	3903.0	364.0	177.0	3992.0	368.0	195.0	4655.0	6704.0	713.0	354.0	212.0	195.0	30.0
2	7	8	-99999.9	1.0	-0.00022768670309653916	77937.0	161.0	177.0	4410.0	8.0	4379.0	17.0	9.0	16.0	12062.0	12.0	2.0	11.0	799.0	0.0
2	8	7	0.17383308201276848	0.4309983259077441	0.00022753128555176336	77937.0	177.0	161.0	4410.0	8.0	4379.0	16.0	2.0	17.0	12062.0	11.0	9.0	12.0	799.0	0.0
7	2	8	-763.6487292820897	1.0	0.5000569022419483	77937.0	161.0	4379.0	17.0	9.0	177.0	4410.0	8.0	16.0	12062.0	12.0	2.0	799.0	11.0	0.0
2	7	9	2.1069826750087257	0.01755947899428456	0.9872029250457038	71364.0	6734.0	4012.0	385.0	198.0	3901.0	329.0	175.0	4649.0	6725.0	716.0	362.0	209.0	216.0	25.0
2	9	7	-160.43168082566444	1.0	0.5032618825722274	71364.0	4012.0	6734.0	385.0	198.0	3901.0	4649.0	362.0	329.0	6725.0	209.0	175.0	716.0	216.0	25.0
7	2	9	-2.079669936628983	0.9812221558205396	1.0133079847908746	71364.0	6734.0	3901.0	329.0	175.0	4012.0	385.0	198.0	4649.0	6725.0	716.0	362.0	216.0	209.0	25.0
2	8	9	2.1734620363800996	0.014872727556348275	0.9867670545288615	71380.0	6734.0	3996.0	389.0	194.0	3891.0	331.0	175.0	4656.0	6719.0	715.0	365.0	213.0	217.0	25.0
2	9	8	-159.8993536074807	1.0	0.5033752327746741	71380.0	3996.0	6734.0	389.0	194.0	3891.0	4656.0	365.0	331.0	6719.0	213.0	175.0	715.0	217.0	25.0
8	2	9	-2.1443150310367365	0.983996230274363	1.0137799952482776	71380.0	6734.0	3891.0	331.0	175.0	3996.0	389.0	194.0	4656.0	6719.0	715.0	365.0	217.0	213.0	25.0
3	4	5	-99999.9	1.0	-0.015135135135135137	76600.0	1974.0	1862.0	2090.0	81.0	3872.0	212.0	62.0	184.0	12223.0	171.0	50.0	143.0	469.0	7.0
3	5	4	1.415689217845084	0.07843330958017936	0.014477766287487074	76600.0	1862.0	1974.0	2090.0	81.0	3872.0	184.0	50.0	212.0	12223.0	143.0	62.0	171.0	469.0	7.0
4	3	5	-94.95229825403817	1.0	0.5036997885835095	76600.0	1974.0	3872.0	212.0	62.0	1862.0	2090.0	81.0	184.0	12223.0	171.0	50.0	469.0	143.0	7.0
3	4	6	-99999.9	1.0	-0.04521739130434783	75470.0	3104.0	3003.0	931.0	99.0	3720.0	330.0	96.0	304.0	12022.0	252.0	85.0	234.0	341.0	9.0
3	6	4	1.0518409285526749	0.14643629777158806	0.039816232771822356	75470.0	3003.0	3104.0	931.0	99.0	3720.0	304.0	85.0	330.0	12022.0	234.0	96.0	252.0	341.0	9.0
4	3	6	-24.313707617698388	1.0	0.510586319218241	75470.0	3104.0	3720.0	330.0	96.0	3003.0	931.0	99.0	304.0	12022.0	252.0	85.0	341.0	234.0	9.0
3	4	7	-99999.9	1.0	-0.04825291181364393	75409.0	3165.0	2991.0	953.0	89.0	3732.0	323.0	91.0	294.0	12013.0	271.0	77.0	243.0	340.0	9.0
3	7	4	1.1902500780015766	0.11697412144366737	0.04215116279069767	75409.0	2991.0	3165.0	953.0	89.0	3732.0	294.0	77.0	323.0	12013.0	243.0	91.0	271.0	340.0	9.0
4	3	7	-25.857156866930765	1.0	0.5112490302560124	75409.0	3165.0	3732.0	323.0	91.0	2991.0	953.0	89.0	294.0	12013.0	271.0	77.0	340.0	243.0	9.0
3	4	8	-99999.9	1.0	-0.05218855218855219	75413.0	3161.0	2998.0	948.0	87.0	3730.0	323.0	93.0	292.0	12011.0	275.0	78.0	242.0	341.0	8.0
3	8	4	1.2759610911741657	0.10098470551376204	0.045123726346433767	75413.0	2998.0	3161.0	948.0	87.0	3730.0	292.0	78.0	323.0	12011.0	242.0	93.0	275.0	341.0	8.0
4	3	8	-25.72502199947912	1.0	0.5120999219359876	75413.0	3161.0	3730.0	323.0	93.0	2998.0	948.0	87.0	292.0	12011.0	275.0	78.0	341.0	242.0	8.0
3	4	9	-0.6293103416194155	0.7354271061652187	1.003421727972626	71796.0	6778.0	3528.0	314.0	191.0	3640.0	330.0	176.0	5022.0	6799.0	757.0	302.0	177.0	163.0	27.0
3	9	4	-185.17456802151298	1.0	0.4991489361702128	71796.0	3528.0	6778.0	314.0	191.0	3640.0	5022.0	302.0	330.0	6799.0	177.0	176.0	757.0	163.0	27.0
4	3	9	0.6314563274390894	0.26387104017506924	0.9966130397967824	71796.0	6778.0	3640.0	330.0	176.0	3528.0	314.0	191.0	5022.0	6799.0	757.0	302.0	163.0	177.0	27.0
3	5	6	0.40014268914382306	0.34452576094147136	0.015552099533437011	75394.0	3068.0	3079.0	945.0	121.0	3704.0	312.0	90.0	322.0	12006.0	250.0	83.0	268.0	346.0	12.0
3	6	5	-99999.9	1.0	-0.01631321370309951	75394.0	3079.0	3068.0	945.0	121.0	3704.0	322.0	83.0	312.0	12006.0	268.0	90.0	250.0	346.0	12.0
5	3	6	-24.928889533660104	1.0	0.4960191082802548	75394.0	3068.0	3704.0	312.0	90.0	3079.0	945.0	121.0	322.0	12006.0	250.0	83.0	346.0	268.0	12.0
3	5	7	0.28560851846927465	0.38758905539534894	0.01080246913580247	75294.0	3168.0	3106.0	941.0	98.0	3717.0	300.0	89.0	307.0	12009.0	262.0	79.0	270.0	349.0	11.0
3	7	5	-99999.9	1.0	-0.01116427432216906	75294.0	3106.0	3168.0	941.0	98.0	3717.0	307.0	79.0	300.0	12009.0	270.0	89.0	262.0	349.0	11.0
5	3	7	-25.86797152993137	1.0	0.4972549019607843	75294.0	3168.0	3717.0	300.0	89.0	3106.0	941.0	98.0	307.0	12009.0	262.0	79.0	349.0	270.0	11.0
3	5	8	0.16324598978684	0.4351623730806944	0.006220839813374806	75303.0	3159.0	3108.0	939.0	98.0	3716.0	300.0	90.0	304.0	12007.0	267.0	80.0	269.0	349.0	11.0
3	8	5	-99999.9	1.0	-0.006339144215530903	75303.0	3108.0	3159.0	939.0	98.0	3716.0	304.0	80.0	300.0	12007.0	269.0	90.0	267.0	349.0	11.0
5	3	8	-25.915300878660773	1.0	0.4984301412872842	75303.0	3159.0	3716.0	300.0	90.0	3108.0	939.0	98.0	304.0	12007.0	267.0	80.0	349.0	269.0	11.0
3	5	9	-0.5824186036642319	0.7198576645286667	1.0031880977683316	71687.0	6775.0	3637.0	323.0	185.0	3594.0	338.0	174.0	5058.0	6769.0	751.0	312.0	199.0	166.0	32.0
3	9	5	-183.8501392233426	1.0	0.4992067689053411	71687.0	3637.0	6775.0	323.0	185.0	3594.0	5058.0	312.0	338.0	6769.0	199.0	174.0	751.0	166.0	32.0
5	3	9	0.5842695102436734	0.27951945897318753	0.9968421052631579	71687.0	6775.0	3594.0	338.0	174.0	3637.0	323.0	185.0	5058.0	6769.0	751.0	312.0	166.0	199.0	32.0
3	6	7	-99999.9	1.0	-0.014446227929373995	75894.0	2579.0	2506.0	1533.0	95.0	3774.0	269.0	66.0	251.0	12105.0	230.0	78.0	205.0	408.0	7.0
3	7	6	0.7944082569986188	0.21347883823584413	0.013846153846153848	75894.0	2506.0	2579.0	1533.0	95.0	3774.0	251.0	78.0	269.0	12105.0	205.0	66.0	230.0	408.0	7.0
6	3	7	-55.78511315812521	1.0	0.5035349567949726	75894.0	2579.0	3774.0	269.0	66.0	2506.0	1533.0	95.0	251.0	12105.0	230.0	78.0	408.0	205.0	7.0
3	6	8	-99999.9	1.0	-0.014469453376205789	75902.0	2571.0	2509.0	1529.0	96.0	3773.0	267.0	69.0	249.0	12104.0	233.0	78.0	205.0	408.0	7.0
3	8	6	0.7974858023614667	0.21258441206582435	0.013867488443759629	75902.0	2509.0	2571.0	1529.0	96.0	3773.0	249.0	78.0	267.0	12104.0	205.0	69.0	233.0	408.0	7.0
6	3	8	-55.91261569889838	1.0	0.5035405192761605	75902.0	2571.0	3773.0	267.0	69.0	2509.0	1529.0	96.0	249.0	12104.0	233.0	78.0	408.0	205.0	7.0
3	6	9	-0.5336545159532043	0.7032097273930917	1.0029876227059327	71702.0	6771.0	3622.0	336.0	176.0	3585.0	350.0	174.0	5050.0	6784.0	752.0	329.0	172.0	164.0	33.0
3	9	6	-179.6890991573859	1.0	0.4992564265986828	71702.0	3622.0	6771.0	336.0	176.0	3585.0	5050.0	329.0	350.0	6784.0	172.0	174.0	752.0	164.0	33.0
6	3	9	0.5352441251496606	0.29624050905610333	0.9970389170896785	71702.0	6771.0	3585.0	350.0	174.0	3622.0	336.0	176.0	5050.0	6784.0	752.0	329.0	164.0	172.0	33.0
3	7	8	0.17126769149430396	0.43200664321917326	0.0	78237.0	163.0	174.0	4025.0	8.0	4079.0	17.0	7.0	17.0	12549.0	13.0	4.0	10.0	697.0	0.0
3	8	7	0.17126769149430396	0.43200664321917326	0.0	78237.0	174.0	163.0	4025.0	8.0	4079.0	17.0	4.0	17.0	12549.0	10.0	7.0	13.0	697.0	0.0
7	3	8	-686.3577207412487	1.0	0.5	78237.0	163.0	4079.0	17.0	7.0	174.0	4025.0	8.0	17.0	12549.0	13.0	4.0	697.0	10.0	0.0
3	7	9	1.5910566554841938	0.05579841534868912	0.9913811225562329	71650.0	6750.0	3674.0	355.0	178.0	3615.0	314.0	174.0	5030.0	6798.0	751.0	319.0	194.0	173.0	25.0
3	9	7	-181.41926498508795	1.0	0.5021829411138324	71650.0	3674.0	6750.0	355.0	178.0	3615.0	5030.0	319.0	314.0	6798.0	194.0	174.0	751.0	173.0	25.0
7	3	9	-1.5772243139076771	0.9426280332553028	1.0088476478204575	71650.0	6750.0	3615.0	314.0	174.0	3674.0	355.0	178.0	5030.0	6798.0	751.0	319.0	173.0	194.0	25.0
3	8	9	1.5886840566466187	0.056065873164915736	0.9913847446942635	71660.0	6751.0	3664.0	356.0	176.0	3611.0	315.0	174.0	5033.0	6794.0	749.0	320.0	197.0	175.0	25.0
3	9	8	-181.2262276325911	1.0	0.5021820117083555	71660.0	3664.0	6751.0	356.0	176.0	3611.0	5033.0	320.0	315.0	6794.0	197.0	174.0	749.0	175.0	25.0
8	3	9	-1.5748781968919534	0.9423577115921782	1.0088438308886971	71660.0	6751.0	3611.0	315.0	174.0	3664.0	356.0	176.0	5033.0	6794.0	749.0	320.0	175.0	197.0	25.0
4	5	6	1.5891611889907988	0.05601200603010381	0.9752895752895753	77229.0	3243.0	1961.0	223.0	64.0	1869.0	191.0	36.0	1454.0	12925.0	403.0	69.0	178.0	149.0	6.0
4	6	5	-61.133044488989746	1.0	0.5064153969526864	77229.0	1961.0	3243.0	223.0	64.0	1869.0	1454.0	69.0	191.0	12925.0	178.0	36.0	403.0	149.0	6.0
5	4	6	-1.548897405896812	0.9392967924397053	1.0266889074228525	77229.0	3243.0	1869.0	191.0	36.0	1961.0	223.0	64.0	1454.0	12925.0	403.0	69.0	149.0	178.0	6.0
4	5	7	0.6443043725367055	0.2596889793455113	0.9896166134185304	77153.0	3319.0	1988.0	212.0	48.0	1858.0	199.0	39.0	1438.0	12933.0	411.0	66.0	174.0	154.0	8.0
4	7	5	-60.76285851769242	1.0	0.5026369168356999	77153.0	1988.0	3319.0	212.0	48.0	1858.0	1438.0	66.0	199.0	12933.0	174.0	39.0	411.0	154.0	8.0
5	4	7	-0.6375441168119459	0.7381148178860392	1.010717230008244	77153.0	3319.0	1858.0	199.0	39.0	1988.0	212.0	48.0	1438.0	12933.0	411.0	66.0	154.0	174.0	8.0
4	5	8	0.7947574369992663	0.21337724597544994	0.9872813990461049	77158.0	3314.0	1985.0	213.0	50.0	1861.0	197.0	38.0	1439.0	12929.0	414.0	68.0	174.0	153.0	7.0
4	8	5	-60.89828861006881	1.0	0.5032414910858994	77158.0	1985.0	3314.0	213.0	50.0	1861.0	1439.0	68.0	197.0	12929.0	174.0	38.0	414.0	153.0	7.0
5	4	8	-0.7845190159107088	0.783632248910388	1.0132231404958678	77158.0	3314.0	1861.0	197.0	38.0	1985.0	213.0	50.0	1439.0	12929.0	414.0	68.0	153.0	174.0	7.0
4	5	9	-0.2789213234109814	0.6098473332165314	1.0007512019230769	73446.0	7026.0	1990.0	158.0	100.0	1835.0	163.0	98.0	6824.0	7012.0	946.0	193.0	101.0	88.0	20.0
4	9	5	-371.8579083715194	1.0	0.4998124108951752	73446.0	1990.0	7026.0	158.0	100.0	1835.0	6824.0	193.0	163.0	7012.0	101.0	98.0	946.0	88.0	20.0
5	4	9	0.27913069236715243	0.39007232971591377	0.9992504871833309	73446.0	7026.0	1835.0	163.0	98.0	1990.0	158.0	100.0	6824.0	7012.0	946.0	193.0	88.0	101.0	20.0
4	6	7	-99999.9	1.0	-0.07272727272727272	76607.0	2583.0	2534.0	930.0	66.0	3061.0	281.0	50.0	237.0	12810.0	247.0	64.0	215.0	306.0	9.0
4	7	6	1.9822569618142045	0.023725174898034718	0.05970149253731343	76607.0	2534.0	2583.0	930.0	66.0	3061.0	237.0	64.0	281.0	12810.0	215.0	50.0	247.0	306.0	9.0
6	4	7	-29.238290186759524	1.0	0.5163934426229508	76607.0	2583.0	3061.0	281.0	50.0	2534.0	930.0	66.0	237.0	12810.0	247.0	64.0	306.0	215.0	9.0
4	6	8	-99999.9	1.0	-0.06688417618270799	76609.0	2581.0	2534.0	932.0	64.0	3066.0	278.0	48.0	237.0	12805.0	252.0	65.0	217.0	304.0	8.0
4	8	6	1.849927076164635	0.03216197001966603	0.05570652173913044	76609.0	2534.0	2581.0	932.0	64.0	3066.0	237.0	65.0	278.0	12805.0	217.0	48.0	252.0	304.0	8.0
6	4	8	-29.5085928734554	1.0	0.5151964418087474	76609.0	2581.0	3066.0	278.0	48.0	2534.0	932.0	64.0	237.0	12805.0	252.0	65.0	304.0	217.0	8.0
4	6	9	0.42988331796687734	0.3336402961387359	0.9981353719932874	72327.0	6863.0	3109.0	276.0	145.0	2960.0	266.0	166.0	5619.0	6862.0	813.0	273.0	148.0	146.0	27.0
4	9	6	-229.68665678970314	1.0	0.5004674644727001	72327.0	3109.0	6863.0	276.0	145.0	2960.0	5619.0	273.0	266.0	6862.0	148.0	166.0	813.0	146.0	27.0
6	4	9	-0.42908024806594913	0.6660675509738779	1.0018751171948246	72327.0	6863.0	2960.0	266.0	166.0	3109.0	276.0	145.0	5619.0	6862.0	813.0	273.0	146.0	148.0	27.0
4	7	8	0.47994972294493765	0.3156315812460877	0.0008857395925597874	78973.0	168.0	170.0	3402.0	7.0	3343.0	18.0	1.0	21.0	13272.0	13.0	4.0	10.0	597.0	1.0
4	8	7	-99999.9	1.0	-0.0008880994671403197	78973.0	170.0	168.0	3402.0	7.0	3343.0	21.0	4.0	18.0	13272.0	10.0	1.0	13.0	597.0	1.0
7	4	8	-540.9033377589444	1.0	0.4997782705099778	78973.0	168.0	3343.0	18.0	1.0	170.0	3402.0	7.0	21.0	13272.0	13.0	4.0	597.0	10.0	1.0
4	7	9	2.5806944400505123	0.004930121119969266	0.9891623806024982	72299.0	6842.0	3137.0	293.0	149.0	2966.0	234.0	162.0	5619.0	6875.0	812.0	267.0	167.0	158.0	20.0
4	9	7	-232.9623489442207	1.0	0.502754177947904	72299.0	3137.0	6842.0	293.0	149.0	2966.0	5619.0	267.0	234.0	6875.0	167.0	162.0	812.0	158.0	20.0
7	4	9	-2.5524194220443874	0.9946510922055081	1.0112018226694512	72299.0	6842.0	2966.0	234.0	162.0	3137.0	293.0	149.0	5619.0	6875.0	812.0	267.0	158.0	167.0	20.0
4	8	9	2.69957074740514	0.0034714989469964985	0.9886217654615526	72303.0	6840.0	3133.0	297.0	147.0	2968.0	235.0	165.0	5622.0	6870.0	808.0	262.0	171.0	158.0	21.0
4	9	8	-231.8582940311669	1.0	0.5028939507094847	72303.0	3133.0	6840.0	297.0	147.0	2968.0	5622.0	262.0	235.0	6870.0	171.0	165.0	808.0	158.0	21.0
8	4	9	-2.6685008780271713	0.9961904260443775	1.0117803534106022	72303.0	6840.0	2968.0	235.0	165.0	3133.0	297.0	147.0	5622.0	6870.0	808.0	262.0	158.0	171.0	21.0
5	6	7	-99999.9	1.0	-0.036605657237936774	76497.0	2601.0	2514.0	887.0	69.0	3171.0	264.0	49.0	242.0	12815.0	240.0	79.0	220.0	344.0	8.0
5	7	6	0.9929455550331957	0.16036825106214236	0.03298350824587706	76497.0	2514.0	2601.0	887.0	69.0	3171.0	242.0	79.0	264.0	12815.0	220.0	49.0	240.0	344.0	8.0
6	5	7	-28.11841276298547	1.0	0.5086750788643533	76497.0	2601.0	3171.0	264.0	49.0	2514.0	887.0	69.0	242.0	12815.0	240.0	79.0	344.0	220.0	8.0
5	6	8	-99999.9	1.0	-0.03648424543946932	76505.0	2593.0	2514.0	889.0	67.0	3170.0	264.0	50.0	242.0	12810.0	245.0	80.0	221.0	342.0	8.0
5	8	6	0.992899799289329	0.16037940095041803	0.03288490284005979	76505.0	2514.0	2593.0	889.0	67.0	3170.0	242.0	80.0	264.0	12810.0	221.0	50.0	245.0	342.0	8.0
6	5	8	-28.20738066162864	1.0	0.5086477987421384	76505.0	2593.0	3170.0	264.0	50.0	2514.0	889.0	67.0	242.0	12810.0	245.0	80.0	342.0	221.0	8.0
5	6	9	0.29729499269595294	0.383120720084416	0.9987008166295471	72241.0	6857.0	3040.0	281.0	149.0	3046.0	274.0	164.0	5655.0	6836.0	806.0	306.0	148.0	167.0	30.0
5	9	6	-228.23761296400858	1.0	0.500325430032543	72241.0	3040.0	6857.0	281.0	149.0	3046.0	5655.0	306.0	274.0	6836.0	148.0	164.0	806.0	167.0	30.0
6	5	9	-0.2969082495350402	0.6167316531425591	1.0013042668157257	72241.0	6857.0	3046.0	274.0	164.0	3040.0	281.0	149.0	5655.0	6836.0	806.0	306.0	167.0	148.0	30.0
5	7	8	0.16645976857035671	0.4338975680002024	0.0	78846.0	165.0	173.0	3377.0	7.0	3470.0	18.0	4.0	18.0	13267.0	14.0	4.0	10.0	627.0	0.0
5	8	7	0.16645976857035671	0.4338975680002024	0.0	78846.0	173.0	165.0	3377.0	7.0	3470.0	18.0	4.0	18.0	13267.0	10.0	4.0	14.0	627.0	0.0
7	5	8	-559.0574031845088	1.0	0.5	78846.0	165.0	3470.0	18.0	4.0	173.0	3377.0	7.0	18.0	13267.0	14.0	4.0	627.0	10.0	0.0
5	7	9	2.5738900897198165	0.005028139927702346	0.989010989010989	72177.0	6834.0	3104.0	304.0	149.0	3088.0	244.0	160.0	5644.0	6847.0	808.0	275.0	167.0	175.0	24.0
5	9	7	-229.0762179850635	1.0	0.5027932960893854	72177.0	3104.0	6834.0	304.0	149.0	3088.0	5644.0	275.0	244.0	6847.0	167.0	160.0	808.0	175.0	24.0
7	5	9	-2.5452913109451516	0.9945406457994808	1.0113636363636365	72177.0	6834.0	3088.0	244.0	160.0	3104.0	304.0	149.0	5644.0	6847.0	808.0	275.0	175.0	167.0	24.0
5	8	9	2.564573839596136	0.00516515735437828	0.9890089760029309	72183.0	6836.0	3098.0	306.0	145.0	3088.0	246.0	158.0	5645.0	6842.0	808.0	274.0	170.0	177.0	24.0
5	9	8	-228.20432882672912	1.0	0.5027938163531384	72183.0	3098.0	6836.0	306.0	145.0	3088.0	5645.0	274.0	246.0	6842.0	170.0	158.0	808.0	177.0	24.0
8	5	9	-2.536073296833445	0.9943948145590034	1.0113657889751846	72183.0	6836.0	3088.0	246.0	158.0	3098.0	306.0	145.0	5645.0	6842.0	808.0	274.0	177.0	170.0	24.0
6	7	8	0.32412344986975367	0.3729223556567478	0.0007352941176470589	79501.0	167.0	174.0	2736.0	4.0	2815.0	18.0	2.0	20.0	14011.0	15.0	1.0	12.0	524.0	0.0
6	8	7	-99999.9	1.0	-0.0007369196757553427	79501.0	174.0	167.0	2736.0	4.0	2815.0	20.0	1.0	18.0	14011.0	12.0	2.0	15.0	524.0	0.0
7	6	8	-440.1596449231287	1.0	0.499815973500184	79501.0	167.0	2815.0	18.0	2.0	174.0	2736.0	4.0	20.0	14011.0	15.0	1.0	524.0	12.0	0.0
6	7	9	2.629924669652814	0.004270228516729424	0.9906450024618415	72761.0	6907.0	2526.0	265.0	123.0	2504.0	208.0	123.0	6244.0	6936.0	866.0	253.0	140.0	125.0	19.0
6	9	7	-275.86525613779264	1.0	0.5023720349563047	72761.0	2526.0	6907.0	265.0	123.0	2504.0	6244.0	253.0	208.0	6936.0	140.0	123.0	866.0	125.0	19.0
7	6	9	-2.605089396927465	0.9954074506046393	1.0096251266464031	72761.0	6907.0	2504.0	208.0	123.0	2526.0	265.0	123.0	6244.0	6936.0	866.0	253.0	125.0	140.0	19.0
6	8	9	2.716703192372549	0.0032968369548909138	0.9903215223097113	72767.0	6908.0	2520.0	267.0	120.0	2504.0	208.0	124.0	6245.0	6932.0	864.0	252.0	144.0	126.0	19.0
6	9	8	-275.2618929492053	1.0	0.5024552642530171	72767.0	2520.0	6908.0	267.0	120.0	2504.0	6245.0	252.0	208.0	6932.0	144.0	124.0	864.0	126.0	19.0
8	6	9	-2.6901526725199765	0.9964289850988524	1.0099678999831052	72767.0	6908.0	2504.0	208.0	124.0	2520.0	267.0	120.0	6245.0	6932.0	864.0	252.0	126.0	144.0	19.0
7	8	9	0.32404967253606853	0.3729502827451332	0.9997732169180179	75103.0	7213.0	162.0	20.0	5.0	168.0	18.0	9.0	8835.0	7302.0	1134.0	20.0	6.0	3.0	2.0
7	9	8	-1428.2489317027344	1.0	0.5000567150635209	75103.0	162.0	7213.0	20.0	5.0	168.0	8835.0	20.0	18.0	7302.0	6.0	9.0	1134.0	3.0	2.0
8	7	9	-0.3239761668827769	0.6270218923422698	1.0002269374787247	75103.0	7213.0	168.0	18.0	9.0	162.0	20.0	5.0	8835.0	7302.0	1134.0	20.0	3.0	6.0	2.0
