P1	Hybrid	P2	Zscore	Pvalue	Gamma	AAAA	AAAB	AABA	AABB	AABC	ABAA	ABAB	ABAC	ABBA	BAAA	ABBC	CABC	BACA	BCAA	ABCD
1	2	3	-0.6103406142447333	0.7291819524871901	1.1090909090909091	7445.0	398.0	517.0	40.0	21.0	907.0	46.0	33.0	107.0	396.0	17.0	40.0	13.0	19.0	1.0
1	3	2	-6.815470192399522	0.9999999999952744	0.4765625	7445.0	517.0	398.0	40.0	21.0	907.0	107.0	40.0	46.0	396.0	13.0	33.0	17.0	19.0	1.0
2	1	3	0.6703741172851988	0.25130959901816174	0.9178082191780822	7445.0	398.0	907.0	46.0	33.0	517.0	40.0	21.0	107.0	396.0	17.0	40.0	19.0	13.0	1.0
1	2	4	-0.6257581370210069	0.7342632592619742	1.0387596899224807	7496.0	347.0	531.0	28.0	19.0	935.0	33.0	18.0	167.0	342.0	11.0	44.0	11.0	18.0	0.0
1	4	2	-17.39607620918401	1.0	0.4908424908424908	7496.0	531.0	347.0	28.0	19.0	935.0	167.0	44.0	33.0	342.0	11.0	18.0	11.0	18.0	0.0
2	1	4	0.6491073212382086	0.2581344428826786	0.9652777777777778	7496.0	347.0	935.0	33.0	18.0	531.0	28.0	19.0	167.0	342.0	11.0	44.0	18.0	11.0	0.0
1	2	5	-0.5161673442195477	0.6971312420733807	1.0296296296296297	7513.0	330.0	538.0	27.0	13.0	931.0	31.0	24.0	170.0	335.0	15.0	43.0	11.0	18.0	1.0
1	5	2	-18.452982555848813	1.0	0.49290780141843965	7513.0	538.0	330.0	27.0	13.0	931.0	170.0	43.0	31.0	335.0	11.0	24.0	15.0	18.0	1.0
2	1	5	0.5310210807438511	0.2977020677906057	0.9727891156462585	7513.0	330.0	931.0	31.0	24.0	538.0	27.0	13.0	170.0	335.0	15.0	43.0	18.0	11.0	1.0
1	2	6	-0.625861124629891	0.7342970386963086	1.0384615384615385	7508.0	335.0	536.0	28.0	14.0	931.0	33.0	22.0	168.0	338.0	14.0	44.0	11.0	18.0	0.0
1	6	2	-17.524111489636965	1.0	0.4909090909090909	7508.0	536.0	335.0	28.0	14.0	931.0	168.0	44.0	33.0	338.0	11.0	22.0	14.0	18.0	0.0
2	1	6	0.6490411662828498	0.25815582197050446	0.9655172413793104	7508.0	335.0	931.0	33.0	22.0	536.0	28.0	14.0	168.0	338.0	14.0	44.0	18.0	11.0	0.0
1	2	7	-0.2650991349998316	0.6045333923136887	1.0136054421768708	7515.0	328.0	539.0	27.0	12.0	942.0	29.0	15.0	178.0	331.0	11.0	41.0	9.0	21.0	2.0
1	7	2	-20.014984692487275	1.0	0.4966666666666667	7515.0	539.0	328.0	27.0	12.0	942.0	178.0	41.0	29.0	331.0	9.0	15.0	11.0	21.0	2.0
2	1	7	0.2686575126508361	0.39409668699873635	0.9869281045751634	7515.0	328.0	942.0	29.0	15.0	539.0	27.0	12.0	178.0	331.0	11.0	41.0	21.0	9.0	2.0
1	2	8	-0.287087976777953	0.6129774544899599	1.008298755186722	7608.0	235.0	547.0	23.0	8.0	947.0	25.0	14.0	268.0	242.0	10.0	51.0	8.0	14.0	0.0
1	8	2	-35.16827715529925	1.0	0.4979508196721312	7608.0	547.0	235.0	23.0	8.0	947.0	268.0	51.0	25.0	242.0	8.0	14.0	10.0	14.0	0.0
2	1	8	0.2894508407843559	0.3861182638340257	0.9919028340080972	7608.0	235.0	947.0	25.0	14.0	547.0	23.0	8.0	268.0	242.0	10.0	51.0	14.0	8.0	0.0
1	2	9	0.0	0.49999999949999996	nan	7692.0	151.0	557.0	15.0	6.0	960.0	15.0	11.0	366.0	147.0	7.0	61.0	6.0	6.0	0.0
1	9	2	-63.97699960458691	1.0	0.5	7692.0	557.0	151.0	15.0	6.0	960.0	366.0	61.0	15.0	147.0	6.0	11.0	7.0	6.0	0.0
2	1	9	0.0	0.49999999949999996	nan	7692.0	151.0	960.0	15.0	11.0	557.0	15.0	6.0	366.0	147.0	7.0	61.0	6.0	6.0	0.0
1	3	4	-1.3384019646414789	0.9096172161247431	1.1935483870967742	7603.0	359.0	424.0	26.0	9.0	997.0	38.0	19.0	112.0	335.0	8.0	37.0	13.0	20.0	0.0
1	4	3	-9.591880746597269	1.0	0.46249999999999997	7603.0	424.0	359.0	26.0	9.0	997.0	112.0	37.0	38.0	335.0	13.0	19.0	8.0	20.0	0.0
3	1	4	1.5554401210698272	0.05992065576672245	0.8775510204081631	7603.0	359.0	997.0	38.0	19.0	424.0	26.0	9.0	112.0	335.0	8.0	37.0	20.0	13.0	0.0
1	3	5	-0.6063418486482164	0.7278561628386624	1.0675675675675675	7627.0	335.0	424.0	29.0	6.0	996.0	34.0	24.0	113.0	330.0	12.0	35.0	13.0	22.0	0.0
1	5	3	-10.186543057290043	1.0	0.48466257668711654	7627.0	424.0	335.0	29.0	6.0	996.0	113.0	35.0	34.0	330.0	13.0	24.0	12.0	22.0	0.0
3	1	5	0.6447179150183566	0.25955494110927413	0.9438202247191011	7627.0	335.0	996.0	34.0	24.0	424.0	29.0	6.0	113.0	330.0	12.0	35.0	22.0	13.0	0.0
1	3	6	-1.1612929402720005	0.8772385463855515	1.1515151515151516	7616.0	346.0	428.0	26.0	5.0	994.0	36.0	24.0	112.0	333.0	10.0	37.0	13.0	20.0	0.0
1	6	3	-9.98711928633921	1.0	0.46913580246913583	7616.0	428.0	346.0	26.0	5.0	994.0	112.0	37.0	36.0	333.0	13.0	24.0	10.0	20.0	0.0
3	1	6	1.3140946429393687	0.09440724522218136	0.8958333333333334	7616.0	346.0	994.0	36.0	24.0	428.0	26.0	5.0	112.0	333.0	10.0	37.0	20.0	13.0	0.0
1	3	7	-0.9135289669593216	0.8195178211055411	1.103896103896104	7629.0	333.0	425.0	30.0	4.0	1001.0	38.0	15.0	123.0	320.0	12.0	37.0	11.0	22.0	0.0
1	7	3	-10.619774240902114	1.0	0.4775280898876404	7629.0	425.0	333.0	30.0	4.0	1001.0	123.0	37.0	38.0	320.0	11.0	15.0	12.0	22.0	0.0
3	1	7	0.9995081638496107	0.15877430285846572	0.9207920792079208	7629.0	333.0	1001.0	38.0	15.0	425.0	30.0	4.0	123.0	320.0	12.0	37.0	22.0	11.0	0.0
1	3	8	-0.5694321605950137	0.7154685875016016	1.0222222222222221	7723.0	239.0	432.0	22.0	5.0	1012.0	26.0	16.0	210.0	238.0	7.0	44.0	11.0	15.0	0.0
1	8	3	-26.76331154796564	1.0	0.4946236559139785	7723.0	432.0	239.0	22.0	5.0	1012.0	210.0	44.0	26.0	238.0	11.0	16.0	7.0	15.0	0.0
3	1	8	0.5818111206079488	0.28034691526428834	0.9791666666666666	7723.0	239.0	1012.0	26.0	16.0	432.0	22.0	5.0	210.0	238.0	7.0	44.0	15.0	11.0	0.0
1	3	9	0.3540720839583895	0.36164249550179983	0.993103448275862	7811.0	151.0	438.0	17.0	4.0	1028.0	15.0	11.0	303.0	145.0	7.0	56.0	8.0	6.0	0.0
1	9	3	-50.63230800604965	1.0	0.5017421602787456	7811.0	438.0	151.0	17.0	4.0	1028.0	303.0	56.0	15.0	145.0	8.0	11.0	7.0	6.0	0.0
3	1	9	-0.3516132500420118	0.63743577171628	1.0070422535211268	7811.0	151.0	1028.0	15.0	11.0	438.0	17.0	4.0	303.0	145.0	7.0	56.0	6.0	8.0	0.0
1	4	5	1.6971887943926651	0.04483045780604966	0.030973451327433624	7887.0	140.0	164.0	224.0	6.0	1123.0	5.0	18.0	12.0	371.0	3.0	9.0	1.0	37.0	0.0
1	5	4	-99999.9	1.0	-0.03414634146341464	7887.0	164.0	140.0	224.0	6.0	1123.0	12.0	9.0	5.0	371.0	1.0	18.0	3.0	37.0	0.0
4	1	5	-51.40057491589209	1.0	0.4918793503480278	7887.0	140.0	1123.0	5.0	18.0	164.0	224.0	6.0	12.0	371.0	3.0	9.0	37.0	1.0	0.0
1	4	6	0.24233046050832563	0.40426210789800576	0.004716981132075472	7879.0	148.0	165.0	219.0	10.0	1125.0	8.0	13.0	9.0	372.0	5.0	9.0	2.0	36.0	0.0
1	6	4	-99999.9	1.0	-0.004784688995215312	7879.0	165.0	148.0	219.0	10.0	1125.0	9.0	9.0	8.0	372.0	2.0	13.0	5.0	36.0	0.0
4	1	6	-50.889396706748364	1.0	0.498812351543943	7879.0	148.0	1125.0	8.0	13.0	165.0	219.0	10.0	9.0	372.0	5.0	9.0	36.0	2.0	0.0
1	4	7	0.1272795256640467	0.4493595454118454	0.9166666666666666	7710.0	317.0	344.0	34.0	16.0	1096.0	33.0	17.0	44.0	333.0	9.0	21.0	3.0	23.0	0.0
1	7	4	-1.2727952566404699	0.8984545788370915	0.5238095238095238	7710.0	344.0	317.0	34.0	16.0	1096.0	44.0	21.0	33.0	333.0	3.0	17.0	9.0	23.0	0.0
4	1	7	-0.11570865969458796	0.5460583247134105	1.1111111111111112	7710.0	317.0	1096.0	33.0	17.0	344.0	34.0	16.0	44.0	333.0	9.0	21.0	23.0	3.0	0.0
1	4	8	1.0012202634455007	0.1583601764261764	0.9391304347826086	7795.0	232.0	360.0	29.0	5.0	1109.0	22.0	15.0	130.0	250.0	6.0	27.0	3.0	17.0	0.0
1	8	4	-14.446178086856511	1.0	0.5167464114832536	7795.0	360.0	232.0	29.0	5.0	1109.0	130.0	27.0	22.0	250.0	3.0	15.0	6.0	17.0	0.0
4	1	8	-0.9363263574814404	0.825447424501053	1.074468085106383	7795.0	232.0	1109.0	22.0	15.0	360.0	29.0	5.0	130.0	250.0	6.0	27.0	17.0	3.0	0.0
1	4	9	0.16915779074362017	0.4328362643158934	0.9953917050691244	7875.0	152.0	374.0	18.0	2.0	1117.0	17.0	12.0	233.0	149.0	4.0	37.0	2.0	8.0	0.0
1	9	4	-36.36892500987838	1.0	0.5011600928074246	7875.0	374.0	152.0	18.0	2.0	1117.0	233.0	37.0	17.0	149.0	2.0	12.0	4.0	8.0	0.0
4	1	9	-0.1683746528235108	0.566855727288879	1.0046728971962617	7875.0	152.0	1117.0	17.0	12.0	374.0	18.0	2.0	233.0	149.0	4.0	37.0	8.0	2.0	0.0
1	5	6	-99999.9	1.0	-0.02380952380952381	7947.0	104.0	97.0	267.0	6.0	1127.0	9.0	8.0	3.0	370.0	4.0	13.0	3.0	42.0	0.0
1	6	5	1.7248161397550719	0.04228027024945691	0.022222222222222223	7947.0	97.0	104.0	267.0	6.0	1127.0	3.0	13.0	9.0	370.0	3.0	8.0	4.0	42.0	0.0
5	1	6	-74.1670940094681	1.0	0.5057471264367817	7947.0	104.0	1127.0	9.0	8.0	97.0	267.0	6.0	3.0	370.0	4.0	13.0	42.0	3.0	0.0
1	5	7	-0.19811110055619197	0.5785209066259146	1.6666666666666667	7728.0	323.0	326.0	31.0	13.0	1096.0	33.0	15.0	38.0	330.0	9.0	27.0	6.0	25.0	0.0
1	7	5	-0.6933888519466727	0.755967290294163	0.41666666666666663	7728.0	326.0	323.0	31.0	13.0	1096.0	38.0	27.0	33.0	330.0	6.0	15.0	9.0	25.0	0.0
5	1	7	0.2773555407786686	0.39075362253586343	0.7777777777777778	7728.0	323.0	1096.0	33.0	15.0	326.0	31.0	13.0	38.0	330.0	9.0	27.0	25.0	6.0	0.0
1	5	8	0.4336977172619717	0.3322540159958387	0.970873786407767	7817.0	234.0	338.0	26.0	6.0	1106.0	23.0	15.0	123.0	248.0	6.0	37.0	4.0	17.0	0.0
1	8	5	-14.022892858137086	1.0	0.5076142131979695	7817.0	338.0	234.0	26.0	6.0	1106.0	123.0	37.0	23.0	248.0	4.0	15.0	6.0	17.0	0.0
5	1	8	-0.42068678574411256	0.6630080540854286	1.0319148936170213	7817.0	234.0	1106.0	23.0	15.0	338.0	26.0	6.0	123.0	248.0	6.0	37.0	17.0	4.0	0.0
1	5	9	0.0	0.49999999949999996	nan	7904.0	147.0	345.0	18.0	7.0	1114.0	18.0	12.0	225.0	148.0	4.0	48.0	2.0	8.0	0.0
1	9	5	-34.452182929202856	1.0	0.5	7904.0	345.0	147.0	18.0	7.0	1114.0	225.0	48.0	18.0	148.0	2.0	12.0	4.0	8.0	0.0
5	1	9	0.0	0.49999999949999996	nan	7904.0	147.0	1114.0	18.0	12.0	345.0	18.0	7.0	225.0	148.0	4.0	48.0	8.0	2.0	0.0
1	6	7	0.2691285033124743	0.3939154605765385	0.8461538461538461	7723.0	321.0	331.0	33.0	13.0	1095.0	31.0	17.0	42.0	331.0	9.0	24.0	7.0	23.0	0.0
1	7	6	-1.211078264906136	0.8870672286645627	0.55	7723.0	331.0	321.0	33.0	13.0	1095.0	42.0	24.0	31.0	331.0	7.0	17.0	9.0	23.0	0.0
6	1	7	-0.22019604816475172	0.5871407240136289	1.2857142857142858	7723.0	321.0	1095.0	31.0	17.0	331.0	33.0	13.0	42.0	331.0	9.0	24.0	23.0	7.0	0.0
1	6	8	0.585647202319668	0.27905626800532646	0.9636363636363636	7809.0	235.0	346.0	26.0	5.0	1106.0	22.0	15.0	128.0	248.0	6.0	32.0	5.0	17.0	0.0
1	8	6	-14.934003659151534	1.0	0.5096153846153847	7809.0	346.0	235.0	26.0	5.0	1106.0	128.0	32.0	22.0	248.0	5.0	15.0	6.0	17.0	0.0
6	1	8	-0.5635473078925108	0.7134689054657302	1.0408163265306123	7809.0	235.0	1106.0	22.0	15.0	346.0	26.0	5.0	128.0	248.0	6.0	32.0	17.0	5.0	0.0
1	6	9	0.17420088690595384	0.4308537982422803	0.9952830188679245	7894.0	150.0	355.0	17.0	5.0	1115.0	16.0	12.0	227.0	151.0	4.0	45.0	1.0	8.0	0.0
1	9	6	-36.582186250250274	1.0	0.501187648456057	7894.0	355.0	150.0	17.0	5.0	1115.0	227.0	45.0	16.0	151.0	1.0	12.0	4.0	8.0	0.0
6	1	9	-0.17337529028554646	0.5688217735042713	1.0047846889952152	7894.0	150.0	1115.0	16.0	12.0	355.0	17.0	5.0	227.0	151.0	4.0	45.0	8.0	1.0	0.0
1	7	8	0.0	0.49999999949999996	nan	7820.0	234.0	335.0	22.0	10.0	1124.0	22.0	15.0	115.0	249.0	5.0	27.0	4.0	18.0	0.0
1	8	7	-14.004372495031383	1.0	0.5	7820.0	335.0	234.0	22.0	10.0	1124.0	115.0	27.0	22.0	249.0	4.0	15.0	5.0	18.0	0.0
7	1	8	0.0	0.49999999949999996	nan	7820.0	234.0	1124.0	22.0	15.0	335.0	22.0	10.0	115.0	249.0	5.0	27.0	18.0	4.0	0.0
1	7	9	0.34400674435303913	0.36542067332496764	0.9900497512437811	7906.0	148.0	343.0	18.0	6.0	1133.0	16.0	12.0	215.0	150.0	4.0	39.0	2.0	8.0	0.0
1	9	7	-33.884664318774384	1.0	0.5025252525252525	7906.0	343.0	148.0	18.0	6.0	1133.0	215.0	39.0	16.0	150.0	2.0	12.0	4.0	8.0	0.0
7	1	9	-0.34054939013843577	0.6332785156380645	1.0102564102564102	7906.0	148.0	1133.0	16.0	12.0	343.0	18.0	6.0	215.0	150.0	4.0	39.0	8.0	2.0	0.0
1	8	9	0.7156753363262338	0.2370958522773311	0.963963963963964	8006.0	149.0	243.0	18.0	5.0	1239.0	14.0	13.0	121.0	151.0	3.0	27.0	3.0	8.0	0.0
1	9	8	-18.428639910400527	1.0	0.5095238095238095	8006.0	243.0	149.0	18.0	5.0	1239.0	121.0	27.0	14.0	151.0	3.0	13.0	3.0	8.0	0.0
8	1	9	-0.6889211181458139	0.7545636136238569	1.0404040404040404	8006.0	149.0	1239.0	14.0	13.0	243.0	18.0	5.0	121.0	151.0	3.0	27.0	8.0	3.0	0.0
2	3	4	-1.149523933539881	0.874829941646832	1.152542372881356	7983.0	369.0	448.0	21.0	8.0	617.0	30.0	17.0	98.0	347.0	10.0	27.0	11.0	13.0	1.0
2	4	3	-9.834815875841207	1.0	0.4689655172413793	7983.0	448.0	369.0	21.0	8.0	617.0	98.0	27.0	30.0	347.0	11.0	17.0	10.0	13.0	1.0
3	2	4	1.30166680709663	0.09651522331404694	0.8953488372093024	7983.0	369.0	617.0	30.0	17.0	448.0	21.0	8.0	98.0	347.0	10.0	27.0	13.0	11.0	1.0
2	3	5	-0.13623963821147023	0.554184109048531	1.0140845070422535	7998.0	354.0	446.0	26.0	5.0	625.0	27.0	12.0	99.0	342.0	14.0	27.0	11.0	13.0	1.0
2	5	3	-9.945493589437339	1.0	0.496551724137931	7998.0	446.0	354.0	26.0	5.0	625.0	99.0	27.0	27.0	342.0	11.0	12.0	14.0	13.0	1.0
3	2	5	0.13813185540885173	0.4450680773846243	0.9864864864864865	7998.0	354.0	625.0	27.0	12.0	446.0	26.0	5.0	99.0	342.0	14.0	27.0	13.0	11.0	1.0
2	3	6	-0.9347566764631592	0.8250431602845877	1.1129032258064515	7986.0	366.0	453.0	21.0	3.0	624.0	28.0	12.0	97.0	345.0	13.0	27.0	11.0	13.0	1.0
2	6	3	-10.148786773028586	1.0	0.47586206896551725	7986.0	453.0	366.0	21.0	3.0	624.0	97.0	27.0	28.0	345.0	11.0	12.0	13.0	13.0	1.0
3	2	6	1.0295870639304363	0.1516019662483038	0.9156626506024096	7986.0	366.0	624.0	28.0	12.0	453.0	21.0	3.0	97.0	345.0	13.0	27.0	13.0	11.0	1.0
2	3	7	-1.38796202190838	0.9174256381138702	1.1666666666666667	8005.0	347.0	452.0	20.0	5.0	625.0	31.0	8.0	108.0	337.0	10.0	25.0	11.0	15.0	1.0
2	7	3	-11.103696175267045	1.0	0.4666666666666667	8005.0	452.0	347.0	20.0	5.0	625.0	108.0	25.0	31.0	337.0	11.0	8.0	10.0	15.0	1.0
3	2	7	1.5862423107524344	0.056342180413432974	0.8888888888888888	8005.0	347.0	625.0	31.0	8.0	452.0	20.0	5.0	108.0	337.0	10.0	25.0	15.0	11.0	1.0
2	3	8	-0.8287590689398335	0.7963796760077632	1.0289017341040463	8098.0	254.0	457.0	15.0	5.0	637.0	20.0	7.0	198.0	249.0	8.0	31.0	10.0	11.0	0.0
2	8	3	-30.332581923197882	1.0	0.4930747922437673	8098.0	457.0	254.0	15.0	5.0	637.0	198.0	31.0	20.0	249.0	10.0	7.0	8.0	11.0	0.0
3	2	8	0.8520388180673569	0.19709622782167213	0.973404255319149	8098.0	254.0	637.0	20.0	7.0	457.0	15.0	5.0	198.0	249.0	8.0	31.0	11.0	10.0	0.0
2	3	9	0.20839212124649237	0.4174614347530953	0.9965397923875432	8191.0	161.0	461.0	12.0	4.0	648.0	11.0	5.0	299.0	149.0	7.0	37.0	8.0	7.0	0.0
2	9	3	-59.808538797743296	1.0	0.5008695652173913	8191.0	461.0	161.0	12.0	4.0	648.0	299.0	37.0	11.0	149.0	8.0	5.0	7.0	7.0	0.0
3	2	9	-0.2076685374921643	0.5822560768086973	1.0034965034965035	8191.0	161.0	648.0	11.0	5.0	461.0	12.0	4.0	299.0	149.0	7.0	37.0	7.0	8.0	0.0
2	4	5	1.0467536119677443	0.1476066423061605	0.021834061135371178	8283.0	148.0	161.0	233.0	4.0	727.0	9.0	6.0	14.0	370.0	4.0	10.0	1.0	29.0	1.0
2	5	4	-99999.9	1.0	-0.023364485981308407	8283.0	161.0	148.0	233.0	4.0	727.0	14.0	10.0	9.0	370.0	1.0	6.0	4.0	29.0	1.0
4	2	5	-45.84780820418726	1.0	0.49435665914221216	8283.0	148.0	727.0	9.0	6.0	161.0	233.0	4.0	14.0	370.0	4.0	10.0	29.0	1.0	1.0
2	4	6	0.2131834883824833	0.4155919575680792	0.0	8278.0	153.0	161.0	228.0	9.0	726.0	11.0	5.0	11.0	371.0	6.0	11.0	2.0	28.0	0.0
2	6	4	0.2131834883824833	0.4155919575680792	0.0	8278.0	161.0	153.0	228.0	9.0	726.0	11.0	11.0	11.0	371.0	2.0	5.0	6.0	28.0	0.0
4	2	6	-46.159765834549646	1.0	0.5	8278.0	153.0	726.0	11.0	5.0	161.0	228.0	9.0	11.0	371.0	6.0	11.0	28.0	2.0	0.0
2	4	7	0.14607763435995638	0.44193003039411227	0.875	8102.0	329.0	355.0	27.0	16.0	704.0	26.0	12.0	33.0	348.0	7.0	21.0	5.0	15.0	0.0
2	7	4	-0.8764658061597397	0.8096116090127661	0.5384615384615384	8102.0	355.0	329.0	27.0	16.0	704.0	33.0	21.0	26.0	348.0	5.0	12.0	7.0	15.0	0.0
4	2	7	-0.12520940087996268	0.5498211511299522	1.2	8102.0	329.0	704.0	26.0	12.0	355.0	27.0	16.0	33.0	348.0	7.0	21.0	15.0	5.0	0.0
2	4	8	1.3572375135971393	0.08735293931755228	0.9298245614035088	8184.0	247.0	371.0	22.0	5.0	720.0	14.0	8.0	120.0	262.0	6.0	26.0	3.0	12.0	0.0
2	8	4	-16.626159541564952	1.0	0.5196078431372549	8184.0	371.0	247.0	22.0	5.0	720.0	120.0	26.0	14.0	262.0	3.0	8.0	6.0	12.0	0.0
4	2	8	-1.2548044937030156	0.895225060885932	1.0888888888888888	8184.0	247.0	720.0	14.0	8.0	371.0	22.0	5.0	120.0	262.0	6.0	26.0	12.0	3.0	0.0
2	4	9	0.0	0.49999999949999996	nan	8268.0	163.0	384.0	12.0	2.0	724.0	12.0	6.0	230.0	154.0	4.0	30.0	2.0	9.0	0.0
2	9	4	-44.406645983105705	1.0	0.5	8268.0	384.0	163.0	12.0	2.0	724.0	230.0	30.0	12.0	154.0	2.0	6.0	4.0	9.0	0.0
4	2	9	0.0	0.49999999949999996	nan	8268.0	163.0	724.0	12.0	6.0	384.0	12.0	2.0	230.0	154.0	4.0	30.0	9.0	2.0	0.0
2	5	6	-99999.9	1.0	-0.015209125475285171	8333.0	111.0	106.0	274.0	5.0	741.0	7.0	3.0	3.0	373.0	4.0	4.0	4.0	32.0	0.0
2	6	5	1.2604861643240972	0.10374708670425492	0.014545454545454545	8333.0	106.0	111.0	274.0	5.0	741.0	3.0	4.0	7.0	373.0	4.0	3.0	4.0	32.0	0.0
5	2	6	-84.13745146863297	1.0	0.5037174721189591	8333.0	111.0	741.0	7.0	3.0	106.0	274.0	5.0	3.0	373.0	4.0	4.0	32.0	4.0	0.0
2	5	7	0.0	0.49999999949999996	nan	8111.0	333.0	346.0	26.0	13.0	713.0	26.0	12.0	28.0	345.0	7.0	17.0	8.0	15.0	0.0
2	7	5	-0.27708379934922983	0.6091420550302437	0.5	8111.0	346.0	333.0	26.0	13.0	713.0	28.0	17.0	26.0	345.0	8.0	12.0	7.0	15.0	0.0
5	2	7	0.0	0.49999999949999996	nan	8111.0	333.0	713.0	26.0	12.0	346.0	26.0	13.0	28.0	345.0	7.0	17.0	15.0	8.0	0.0
2	5	8	0.8353632961077737	0.2017565435491555	0.9523809523809523	8196.0	248.0	359.0	21.0	5.0	727.0	16.0	8.0	116.0	258.0	6.0	23.0	5.0	12.0	0.0
2	8	5	-15.87190262604769	1.0	0.5128205128205129	8196.0	359.0	248.0	21.0	5.0	727.0	116.0	23.0	16.0	258.0	5.0	8.0	6.0	12.0	0.0
5	2	8	-0.7935951313023849	0.7862844774815967	1.0555555555555556	8196.0	248.0	727.0	16.0	8.0	359.0	21.0	5.0	116.0	258.0	6.0	23.0	12.0	5.0	0.0
2	5	9	0.0	0.49999999949999996	nan	8285.0	159.0	367.0	12.0	6.0	733.0	12.0	6.0	223.0	153.0	4.0	28.0	3.0	9.0	0.0
2	9	5	-42.98074450658396	1.0	0.5	8285.0	367.0	159.0	12.0	6.0	733.0	223.0	28.0	12.0	153.0	3.0	6.0	4.0	9.0	0.0
5	2	9	0.0	0.49999999949999996	nan	8285.0	159.0	733.0	12.0	6.0	367.0	12.0	6.0	223.0	153.0	4.0	28.0	9.0	3.0	0.0
2	6	7	0.3129009241933572	0.37717803663767413	0.7777777777777778	8106.0	333.0	351.0	26.0	13.0	712.0	24.0	12.0	31.0	346.0	7.0	15.0	9.0	15.0	0.0
2	7	6	-0.7822523104833927	0.7829669097511995	0.5833333333333334	8106.0	351.0	333.0	26.0	13.0	712.0	31.0	15.0	24.0	346.0	9.0	12.0	7.0	15.0	0.0
6	2	7	-0.2235006601381123	0.5884270243438192	1.6666666666666667	8106.0	333.0	712.0	24.0	12.0	351.0	26.0	13.0	31.0	346.0	7.0	15.0	15.0	9.0	0.0
2	6	8	1.0167864263236377	0.15462753665955664	0.9459459459459459	8190.0	249.0	365.0	21.0	4.0	725.0	15.0	8.0	120.0	258.0	6.0	21.0	6.0	12.0	0.0
2	8	6	-16.776976034340016	1.0	0.5147058823529411	8190.0	365.0	249.0	21.0	4.0	725.0	120.0	21.0	15.0	258.0	6.0	8.0	6.0	12.0	0.0
6	2	8	-0.9586843448194298	0.8311411126490879	1.064516129032258	8190.0	249.0	725.0	15.0	8.0	365.0	21.0	4.0	120.0	258.0	6.0	21.0	12.0	6.0	0.0
2	6	9	0.20850587254393635	0.4174170299061999	0.9953488372093023	8278.0	161.0	374.0	12.0	4.0	731.0	11.0	6.0	225.0	155.0	4.0	28.0	2.0	9.0	0.0
2	9	6	-44.411750851858415	1.0	0.5011709601873537	8278.0	374.0	161.0	12.0	4.0	731.0	225.0	28.0	11.0	155.0	2.0	6.0	4.0	9.0	0.0
6	2	9	-0.2075315460367217	0.5822025903073772	1.0047169811320755	8278.0	161.0	731.0	11.0	6.0	374.0	12.0	4.0	225.0	155.0	4.0	28.0	9.0	2.0	0.0
2	7	8	0.35612755201480967	0.36087258609463957	0.98	8209.0	248.0	346.0	17.0	9.0	735.0	15.0	8.0	113.0	260.0	6.0	18.0	4.0	12.0	0.0
2	8	7	-17.094122496710852	1.0	0.5051546391752578	8209.0	346.0	248.0	17.0	9.0	735.0	113.0	18.0	15.0	260.0	4.0	8.0	6.0	12.0	0.0
7	2	8	-0.34885964279001763	0.6364025924283887	1.0212765957446808	8209.0	248.0	735.0	15.0	8.0	346.0	17.0	9.0	113.0	260.0	6.0	18.0	12.0	4.0	0.0
2	7	9	0.42708685359756293	0.3346580709663787	0.9905660377358491	8297.0	160.0	355.0	12.0	5.0	742.0	10.0	6.0	220.0	155.0	4.0	22.0	3.0	9.0	0.0
2	9	7	-44.417032774146506	1.0	0.5023923444976076	8297.0	355.0	160.0	12.0	5.0	742.0	220.0	22.0	10.0	155.0	3.0	6.0	4.0	9.0	0.0
7	2	9	-0.42301935975377664	0.6638593929408663	1.0097087378640777	8297.0	160.0	742.0	10.0	6.0	355.0	12.0	5.0	220.0	155.0	4.0	22.0	9.0	3.0	0.0
2	8	9	0.5822517456483511	0.2801985204132743	0.9736842105263158	8398.0	157.0	254.0	15.0	5.0	847.0	12.0	7.0	123.0	153.0	3.0	14.0	3.0	9.0	0.0
2	9	8	-20.96106284334064	1.0	0.5068493150684932	8398.0	254.0	157.0	15.0	5.0	847.0	123.0	14.0	12.0	153.0	3.0	7.0	3.0	9.0	0.0
8	2	9	-0.5665152119821796	0.7144782371068368	1.0285714285714285	8398.0	157.0	847.0	12.0	7.0	254.0	15.0	5.0	123.0	153.0	3.0	14.0	9.0	3.0	0.0
3	4	5	-99999.9	1.0	-0.013157894736842106	8453.0	147.0	170.0	241.0	5.0	557.0	10.0	6.0	7.0	370.0	4.0	8.0	1.0	21.0	0.0
3	5	4	0.7284641849736117	0.23316467325522838	0.012658227848101266	8453.0	170.0	147.0	241.0	5.0	557.0	7.0	8.0	10.0	370.0	1.0	6.0	4.0	21.0	0.0
4	3	5	-56.09174224296813	1.0	0.5032258064516129	8453.0	147.0	557.0	10.0	6.0	170.0	241.0	5.0	7.0	370.0	4.0	8.0	21.0	1.0	0.0
3	4	6	-99999.9	1.0	-0.008771929824561403	8438.0	162.0	172.0	235.0	9.0	566.0	5.0	2.0	3.0	372.0	6.0	8.0	2.0	20.0	0.0
3	6	4	0.7042468099908475	0.24063947305290223	0.008547008547008548	8438.0	172.0	162.0	235.0	9.0	566.0	3.0	8.0	5.0	372.0	2.0	2.0	6.0	20.0	0.0
4	3	6	-80.98838314894735	1.0	0.5021645021645021	8438.0	162.0	566.0	5.0	2.0	172.0	235.0	9.0	3.0	372.0	6.0	8.0	20.0	2.0	0.0
3	4	7	0.6285776842887576	0.26481272977609205	0.30769230769230765	8261.0	339.0	369.0	32.0	15.0	545.0	23.0	5.0	27.0	345.0	9.0	13.0	4.0	13.0	0.0
3	7	4	-99999.9	1.0	-4.000000000000001	8261.0	369.0	339.0	32.0	15.0	545.0	27.0	13.0	23.0	345.0	4.0	5.0	9.0	13.0	0.0
4	3	7	-0.7857221053609468	0.7839849079641097	0.35714285714285715	8261.0	339.0	545.0	23.0	5.0	369.0	32.0	15.0	27.0	345.0	9.0	13.0	13.0	4.0	0.0
3	4	8	2.0817262354717436	0.018683677093137008	0.896551724137931	8348.0	252.0	387.0	23.0	6.0	556.0	11.0	6.0	115.0	261.0	5.0	15.0	3.0	12.0	0.0
3	8	4	-15.959901138616695	1.0	0.5306122448979592	8348.0	387.0	252.0	23.0	6.0	556.0	115.0	15.0	11.0	261.0	3.0	6.0	5.0	12.0	0.0
4	3	8	-1.8415270544557731	0.9672278793579042	1.15	8348.0	252.0	556.0	11.0	6.0	387.0	23.0	6.0	115.0	261.0	5.0	15.0	12.0	3.0	0.0
3	4	9	-0.6800406741621343	0.7517607137463802	1.0144230769230769	8433.0	167.0	406.0	8.0	2.0	559.0	11.0	3.0	222.0	155.0	4.0	16.0	2.0	12.0	0.0
3	9	4	-48.50956809023227	1.0	0.4964705882352941	8433.0	406.0	167.0	8.0	2.0	559.0	222.0	16.0	11.0	155.0	2.0	3.0	4.0	12.0	0.0
4	3	9	0.6897094989132548	0.24518837735636956	0.9861751152073732	8433.0	167.0	559.0	11.0	3.0	406.0	8.0	2.0	222.0	155.0	4.0	16.0	12.0	2.0	0.0
3	5	6	0.30058873938848674	0.3818641279503949	0.0035587188612099642	8508.0	115.0	102.0	285.0	6.0	566.0	5.0	1.0	6.0	371.0	4.0	5.0	3.0	23.0	0.0
3	6	5	-99999.9	1.0	-0.0035971223021582736	8508.0	102.0	115.0	285.0	6.0	566.0	6.0	5.0	5.0	371.0	3.0	1.0	4.0	23.0	0.0
5	3	6	-83.86425828938765	1.0	0.4991055456171735	8508.0	115.0	566.0	5.0	1.0	102.0	285.0	6.0	6.0	371.0	4.0	5.0	23.0	3.0	0.0
3	5	7	1.0319359703594972	0.15105107885579372	0.5	8278.0	345.0	352.0	30.0	11.0	546.0	22.0	4.0	30.0	342.0	9.0	9.0	8.0	14.0	0.0
3	7	5	0.0	0.49999999949999996	nan	8278.0	352.0	345.0	30.0	11.0	546.0	30.0	9.0	22.0	342.0	8.0	4.0	9.0	14.0	0.0
5	3	7	-0.11973785598404675	0.5476546373685902	-0.0	8278.0	345.0	546.0	22.0	4.0	352.0	30.0	11.0	30.0	342.0	9.0	9.0	14.0	8.0	0.0
3	5	8	1.5911976058844104	0.055782558056421405	0.9217391304347826	8369.0	254.0	366.0	21.0	6.0	554.0	12.0	6.0	118.0	258.0	5.0	14.0	5.0	12.0	0.0
3	8	5	-17.149574196754198	1.0	0.5221674876847291	8369.0	366.0	254.0	21.0	6.0	554.0	118.0	14.0	12.0	258.0	5.0	6.0	5.0	12.0	0.0
5	3	8	-1.4560959223659227	0.9273169060283668	1.1022727272727273	8369.0	254.0	554.0	12.0	6.0	366.0	21.0	6.0	118.0	258.0	5.0	14.0	12.0	5.0	0.0
3	5	9	-0.44357648192337856	0.6713255651628438	1.0095238095238095	8461.0	162.0	378.0	9.0	6.0	557.0	11.0	4.0	223.0	154.0	4.0	17.0	3.0	11.0	0.0
3	9	5	-47.46268356580152	1.0	0.49765258215962443	8461.0	378.0	162.0	9.0	6.0	557.0	223.0	17.0	11.0	154.0	3.0	4.0	4.0	11.0	0.0
5	3	9	0.44776116571510854	0.3271628130469917	0.9907407407407407	8461.0	162.0	557.0	11.0	4.0	378.0	9.0	6.0	223.0	154.0	4.0	17.0	11.0	3.0	0.0
3	6	7	0.9555087664629859	0.16966022949561854	0.3529411764705882	8265.0	345.0	365.0	31.0	10.0	553.0	20.0	4.0	26.0	343.0	10.0	6.0	9.0	13.0	0.0
3	7	6	-99999.9	1.0	6.000000000000001	8265.0	365.0	345.0	31.0	10.0	553.0	26.0	6.0	20.0	343.0	9.0	4.0	10.0	13.0	0.0
6	3	7	-0.7962573053858215	0.7870588129423454	0.3125	8265.0	345.0	553.0	20.0	4.0	365.0	31.0	10.0	26.0	343.0	10.0	6.0	13.0	9.0	0.0
3	6	8	1.79177887150038	0.03658414653854769	0.9130434782608695	8355.0	255.0	380.0	21.0	5.0	560.0	11.0	6.0	116.0	258.0	5.0	10.0	6.0	12.0	0.0
3	8	6	-17.021899279253606	1.0	0.525	8355.0	380.0	255.0	21.0	5.0	560.0	116.0	10.0	11.0	258.0	6.0	6.0	5.0	12.0	0.0
6	3	8	-1.62113326469082	0.9475054761837615	1.1176470588235294	8355.0	255.0	560.0	11.0	6.0	380.0	21.0	5.0	116.0	258.0	5.0	10.0	12.0	6.0	0.0
3	6	9	-0.22820931074058096	0.5902581944693333	1.0048076923076923	8446.0	164.0	393.0	9.0	4.0	563.0	10.0	4.0	219.0	156.0	4.0	15.0	2.0	11.0	0.0
3	9	6	-47.92395525552206	1.0	0.49880668257756566	8446.0	393.0	164.0	9.0	4.0	563.0	219.0	15.0	10.0	156.0	2.0	4.0	4.0	11.0	0.0
6	3	9	0.22930122131828706	0.40931744657233815	0.995260663507109	8446.0	164.0	563.0	10.0	4.0	393.0	9.0	4.0	219.0	156.0	4.0	15.0	11.0	2.0	0.0
3	7	8	1.1510546338761773	0.12485493680770277	0.9405940594059405	8375.0	255.0	360.0	17.0	9.0	569.0	11.0	5.0	106.0	260.0	6.0	11.0	4.0	12.0	0.0
3	8	7	-17.07397706916329	1.0	0.516304347826087	8375.0	360.0	255.0	17.0	9.0	569.0	106.0	11.0	11.0	260.0	4.0	5.0	6.0	12.0	0.0
7	3	8	-1.0783564464734712	0.8595626043912264	1.072289156626506	8375.0	255.0	569.0	11.0	5.0	360.0	17.0	9.0	106.0	260.0	6.0	11.0	12.0	4.0	0.0
3	7	9	0.2293179761099452	0.40931093583433087	0.9950980392156863	8468.0	162.0	371.0	10.0	5.0	571.0	9.0	5.0	212.0	156.0	4.0	14.0	3.0	10.0	0.0
3	9	7	-46.32223117420896	1.0	0.5012345679012346	8468.0	371.0	162.0	10.0	5.0	571.0	212.0	14.0	9.0	156.0	3.0	5.0	4.0	10.0	0.0
7	3	9	-0.22818833090743315	0.5902500398524511	1.0049751243781095	8468.0	162.0	571.0	9.0	5.0	371.0	10.0	5.0	212.0	156.0	4.0	14.0	10.0	3.0	0.0
3	8	9	0.4286607324827097	0.33408510678246595	0.981651376146789	8575.0	160.0	264.0	12.0	5.0	670.0	10.0	6.0	117.0	155.0	3.0	10.0	3.0	10.0	0.0
3	9	8	-22.50468845534226	1.0	0.5047169811320754	8575.0	264.0	160.0	12.0	5.0	670.0	117.0	10.0	10.0	155.0	3.0	6.0	3.0	10.0	0.0
8	3	9	-0.420648382342846	0.662994030673967	1.0194174757281553	8575.0	160.0	670.0	10.0	6.0	264.0	12.0	5.0	117.0	155.0	3.0	10.0	10.0	3.0	0.0
4	5	6	-99999.9	1.0	-0.020408163265306124	8897.0	113.0	107.0	55.0	1.0	177.0	5.0	3.0	4.0	619.0	9.0	2.0	3.0	5.0	0.0
4	6	5	0.33400389765945965	0.36918837651632797	0.019230769230769232	8897.0	107.0	113.0	55.0	1.0	177.0	4.0	2.0	5.0	619.0	3.0	3.0	9.0	5.0	0.0
5	4	6	-16.700194882972976	1.0	0.504950495049505	8897.0	113.0	177.0	5.0	3.0	107.0	55.0	1.0	4.0	619.0	9.0	2.0	5.0	3.0	0.0
4	5	7	-0.275578400274154	0.6085639852525631	1.0044843049327354	8651.0	359.0	155.0	6.0	2.0	173.0	7.0	5.0	231.0	379.0	22.0	5.0	4.0	1.0	0.0
4	7	5	-62.00514006168456	1.0	0.49888641425389757	8651.0	155.0	359.0	6.0	2.0	173.0	231.0	5.0	7.0	379.0	4.0	5.0	22.0	1.0	0.0
5	4	7	0.2768086609896636	0.3909635794989903	0.995575221238938	8651.0	359.0	173.0	7.0	5.0	155.0	6.0	2.0	231.0	379.0	22.0	5.0	1.0	4.0	0.0
4	5	8	-1.3153085671045919	0.9057968231998308	1.0092307692307692	8744.0	266.0	160.0	1.0	2.0	179.0	4.0	2.0	332.0	289.0	11.0	6.0	3.0	1.0	0.0
4	8	5	-145.12237857054052	1.0	0.4977238239757208	8744.0	160.0	266.0	1.0	2.0	179.0	332.0	6.0	4.0	289.0	3.0	2.0	11.0	1.0	0.0
5	4	8	1.3273388283890852	0.09219837820487808	0.9910179640718563	8744.0	266.0	179.0	4.0	2.0	160.0	1.0	2.0	332.0	289.0	11.0	6.0	1.0	3.0	0.0
4	5	9	0.0	0.49999999949999996	nan	8836.0	174.0	156.0	3.0	4.0	182.0	3.0	0.0	455.0	170.0	7.0	7.0	2.0	1.0	0.0
4	9	5	-183.0094506204347	1.0	0.5	8836.0	156.0	174.0	3.0	4.0	182.0	455.0	7.0	3.0	170.0	2.0	0.0	7.0	1.0	0.0
5	4	9	0.0	0.49999999949999996	nan	8836.0	174.0	182.0	3.0	0.0	156.0	3.0	4.0	455.0	170.0	7.0	7.0	1.0	2.0	0.0
4	6	7	0.30070307563658893	0.38182052996671456	0.9955156950672646	8645.0	359.0	161.0	6.0	2.0	173.0	5.0	5.0	227.0	379.0	21.0	9.0	6.0	2.0	0.0
4	7	6	-66.45537971568628	1.0	0.5011286681715575	8645.0	161.0	359.0	6.0	2.0	173.0	227.0	9.0	5.0	379.0	6.0	5.0	21.0	2.0	0.0
6	4	7	-0.2993485572778655	0.6176628773988946	1.0045454545454546	8645.0	359.0	173.0	5.0	5.0	161.0	6.0	2.0	227.0	379.0	21.0	9.0	2.0	6.0	0.0
4	6	8	-0.8056871658391368	0.7897884329626492	1.0061538461538462	8738.0	266.0	166.0	2.0	1.0	177.0	4.0	2.0	331.0	287.0	9.0	9.0	5.0	2.0	1.0
4	8	6	-132.53553878053785	1.0	0.49847560975609756	8738.0	166.0	266.0	2.0	1.0	177.0	331.0	9.0	4.0	287.0	5.0	2.0	9.0	2.0	1.0
6	4	8	0.8106149160889174	0.2087933665768631	0.9939577039274925	8738.0	266.0	177.0	4.0	2.0	166.0	2.0	1.0	331.0	287.0	9.0	9.0	2.0	5.0	1.0
4	6	9	0.44310725911738613	0.3288441064018581	0.9977728285077951	8828.0	176.0	164.0	3.0	2.0	181.0	2.0	0.0	450.0	171.0	6.0	13.0	2.0	2.0	0.0
4	9	6	-198.06894482546986	1.0	0.5005586592178771	8828.0	164.0	176.0	3.0	2.0	181.0	450.0	13.0	2.0	171.0	2.0	0.0	6.0	2.0	0.0
6	4	9	-0.4421181804139992	0.6707981259493496	1.0022421524663676	8828.0	176.0	181.0	2.0	0.0	164.0	3.0	2.0	450.0	171.0	6.0	13.0	2.0	2.0	0.0
4	7	8	-1.0980613358222968	0.8639111027470823	1.0568181818181819	8552.0	254.0	352.0	7.0	8.0	392.0	12.0	5.0	105.0	279.0	6.0	20.0	5.0	3.0	0.0
4	8	7	-21.52200218211702	1.0	0.4869109947643979	8552.0	352.0	254.0	7.0	8.0	392.0	105.0	20.0	12.0	279.0	5.0	5.0	6.0	3.0	0.0
7	4	8	1.1570968915116677	0.12361644632512347	0.9514563106796117	8552.0	254.0	392.0	12.0	5.0	352.0	7.0	8.0	105.0	279.0	6.0	20.0	3.0	5.0	0.0
4	7	9	0.5767454544453946	0.2820556718450007	0.9907407407407407	8637.0	169.0	355.0	7.0	5.0	402.0	5.0	2.0	219.0	167.0	4.0	23.0	3.0	2.0	0.0
4	9	7	-61.13501817121193	1.0	0.5023474178403756	8637.0	355.0	169.0	7.0	5.0	402.0	219.0	23.0	5.0	167.0	3.0	2.0	4.0	2.0	0.0
7	4	9	-0.5713553100113256	0.7161206285860875	1.0095238095238095	8637.0	169.0	402.0	5.0	2.0	355.0	7.0	5.0	219.0	167.0	4.0	23.0	2.0	3.0	0.0
4	8	9	0.7776662611194908	0.2183828292546568	0.9758064516129032	8737.0	167.0	255.0	9.0	5.0	508.0	6.0	3.0	127.0	166.0	3.0	9.0	3.0	2.0	0.0
4	9	8	-30.58820627069992	1.0	0.506276150627615	8737.0	255.0	167.0	9.0	5.0	508.0	127.0	9.0	6.0	166.0	3.0	3.0	3.0	2.0	0.0
8	4	9	-0.7583852794388423	0.7758898831423425	1.0260869565217392	8737.0	167.0	508.0	6.0	3.0	255.0	9.0	5.0	127.0	166.0	3.0	9.0	2.0	3.0	0.0
5	6	7	0.8107847605588627	0.20874458627184111	0.9927272727272727	8708.0	366.0	116.0	4.0	1.0	110.0	2.0	1.0	275.0	380.0	24.0	6.0	4.0	3.0	0.0
5	7	6	-109.8613350557268	1.0	0.5018382352941176	8708.0	116.0	366.0	4.0	1.0	110.0	275.0	6.0	2.0	380.0	4.0	1.0	24.0	3.0	0.0
6	5	7	-0.8048449454631933	0.7895454781045815	1.0074349442379182	8708.0	366.0	110.0	2.0	1.0	116.0	4.0	1.0	275.0	380.0	24.0	6.0	3.0	4.0	0.0
5	6	8	0.5682251734585028	0.28494100478705775	0.9973821989528796	8804.0	270.0	119.0	2.0	0.0	111.0	1.0	1.0	382.0	286.0	11.0	5.0	4.0	3.0	1.0
5	8	6	-215.9255659142288	1.0	0.5006570302233903	8804.0	119.0	270.0	2.0	0.0	111.0	382.0	5.0	1.0	286.0	4.0	1.0	11.0	3.0	1.0
6	5	8	-0.5667337688037561	0.7145524974551571	1.0026385224274406	8804.0	270.0	111.0	1.0	1.0	119.0	2.0	0.0	382.0	286.0	11.0	5.0	3.0	4.0	1.0
5	6	9	0.44307720981497895	0.3288549734702736	0.9979959919839679	8901.0	173.0	117.0	3.0	1.0	108.0	2.0	3.0	500.0	171.0	8.0	10.0	1.0	2.0	0.0
5	9	6	-220.2093732780453	1.0	0.5005025125628141	8901.0	117.0	173.0	3.0	1.0	108.0	500.0	10.0	2.0	171.0	1.0	3.0	8.0	2.0	0.0
6	5	9	-0.4421874965422581	0.6708232039483251	1.002016129032258	8901.0	173.0	108.0	2.0	3.0	117.0	3.0	1.0	500.0	171.0	8.0	10.0	2.0	1.0	0.0
5	7	8	-0.46399701093626217	0.6786750384268792	1.0217391304347827	8568.0	256.0	355.0	8.0	8.0	376.0	10.0	5.0	104.0	276.0	6.0	18.0	5.0	5.0	0.0
5	8	7	-22.27185652494057	1.0	0.4947368421052632	8568.0	355.0	256.0	8.0	8.0	376.0	104.0	18.0	10.0	276.0	5.0	5.0	6.0	5.0	0.0
7	5	8	0.47386928776469334	0.3177965733787469	0.9795918367346939	8568.0	256.0	376.0	10.0	5.0	355.0	8.0	8.0	104.0	276.0	6.0	18.0	5.0	5.0	0.0
5	7	9	0.5767706611197245	0.282047156697917	0.9906103286384976	8659.0	165.0	359.0	7.0	5.0	380.0	5.0	6.0	216.0	166.0	4.0	22.0	3.0	3.0	0.0
5	9	7	-60.272534087011216	1.0	0.5023809523809524	8659.0	359.0	165.0	7.0	5.0	380.0	216.0	22.0	5.0	166.0	3.0	6.0	4.0	3.0	0.0
7	5	9	-0.5713036406351775	0.7161031195110605	1.0096618357487923	8659.0	165.0	380.0	5.0	6.0	359.0	7.0	5.0	216.0	166.0	4.0	22.0	3.0	3.0	0.0
5	8	9	0.7313885769796629	0.23227085112207158	0.975	8761.0	162.0	257.0	10.0	5.0	484.0	7.0	7.0	124.0	164.0	3.0	10.0	3.0	3.0	0.0
5	9	8	-27.792765925227183	1.0	0.5064935064935066	8761.0	257.0	162.0	10.0	5.0	484.0	124.0	10.0	7.0	164.0	3.0	7.0	3.0	3.0	0.0
8	5	9	-0.7126350237237741	0.7619642527642383	1.027027027027027	8761.0	162.0	484.0	7.0	7.0	257.0	10.0	5.0	124.0	164.0	3.0	10.0	3.0	3.0	0.0
6	7	8	-0.7551055950490124	0.7749072542251714	1.0326086956521738	8560.0	258.0	355.0	6.0	8.0	384.0	9.0	4.0	104.0	277.0	6.0	18.0	5.0	6.0	0.0
6	8	7	-24.666782771601074	1.0	0.4922279792746114	8560.0	355.0	258.0	6.0	8.0	384.0	104.0	18.0	9.0	277.0	5.0	4.0	6.0	6.0	0.0
7	6	8	0.7789510348926656	0.21800421547864302	0.9702970297029703	8560.0	258.0	384.0	9.0	4.0	355.0	6.0	8.0	104.0	277.0	6.0	18.0	6.0	5.0	0.0
6	7	9	0.300734597548754	0.38180851049168785	0.995260663507109	8651.0	167.0	358.0	6.0	5.0	388.0	5.0	4.0	215.0	168.0	4.0	24.0	3.0	2.0	0.0
6	9	7	-62.85353088768961	1.0	0.5011933174224343	8651.0	358.0	167.0	6.0	5.0	388.0	215.0	24.0	5.0	168.0	3.0	4.0	4.0	2.0	0.0
7	6	9	-0.29930252803661705	0.6176453188632431	1.0048076923076923	8651.0	167.0	388.0	5.0	4.0	358.0	6.0	5.0	215.0	168.0	4.0	24.0	2.0	3.0	0.0
6	8	9	0.501667210167432	0.3079508143422266	0.9829059829059829	8751.0	164.0	258.0	9.0	5.0	494.0	7.0	5.0	122.0	166.0	3.0	11.0	3.0	2.0	0.0
6	9	8	-28.344197374459913	1.0	0.5043859649122807	8751.0	258.0	164.0	9.0	5.0	494.0	122.0	11.0	7.0	166.0	3.0	5.0	3.0	2.0	0.0
8	6	9	-0.49294256303408535	0.6889734117240321	1.018018018018018	8751.0	164.0	494.0	7.0	5.0	258.0	9.0	5.0	122.0	166.0	3.0	11.0	2.0	3.0	0.0
7	8	9	0.2773211140351628	0.39076683864183814	0.9912280701754386	8779.0	165.0	260.0	7.0	4.0	466.0	6.0	5.0	119.0	167.0	3.0	12.0	3.0	3.0	1.0
7	9	8	-31.059964771938223	1.0	0.5022222222222222	8779.0	260.0	165.0	7.0	4.0	466.0	119.0	12.0	6.0	167.0	3.0	5.0	3.0	3.0	1.0
8	7	9	-0.27486694488440916	0.6082907044851236	1.009009009009009	8779.0	165.0	466.0	6.0	5.0	260.0	7.0	4.0	119.0	167.0	3.0	12.0	3.0	3.0	1.0
