P1	Hybrid	P2	Zscore	Pvalue	Gamma	AAAA	AAAB	AABA	AABB	AABC	ABAA	ABAB	ABAC	ABBA	BAAA	ABBC	CABC	BACA	BCAA	ABCD
1	2	3	0.3024479350943435	0.3811553773371461	0.9714285714285714	7231.0	471.0	640.0	52.0	29.0	752.0	49.0	31.0	151.0	471.0	24.0	48.0	26.0	25.0	0.0
1	3	2	-9.980781858113339	1.0	0.5074626865671642	7231.0	640.0	471.0	52.0	29.0	752.0	151.0	48.0	49.0	471.0	26.0	31.0	24.0	25.0	0.0
2	1	3	-0.2935524075915687	0.615449958774698	1.03125	7231.0	471.0	752.0	49.0	31.0	640.0	52.0	29.0	151.0	471.0	24.0	48.0	25.0	26.0	0.0
1	2	4	0.7898219234774099	0.21481582473600758	0.9617486338797814	7311.0	391.0	658.0	44.0	19.0	774.0	37.0	21.0	213.0	415.0	18.0	55.0	22.0	22.0	0.0
1	4	2	-19.06855786681174	1.0	0.5101449275362319	7311.0	658.0	391.0	44.0	19.0	774.0	213.0	55.0	37.0	415.0	22.0	21.0	18.0	22.0	0.0
2	1	4	-0.758408551520922	0.7758968469930672	1.0432098765432098	7311.0	391.0	774.0	37.0	21.0	658.0	44.0	19.0	213.0	415.0	18.0	55.0	22.0	22.0	0.0
1	2	5	1.286119418993263	0.09920076241146236	0.9604743083003953	7333.0	369.0	665.0	36.0	20.0	785.0	26.0	21.0	269.0	356.0	21.0	57.0	19.0	21.0	2.0
1	5	2	-29.96658246254306	1.0	0.5105042016806722	7333.0	665.0	369.0	36.0	20.0	785.0	269.0	57.0	26.0	356.0	19.0	21.0	21.0	21.0	2.0
2	1	5	-1.2331926939318119	0.8912479919365695	1.0448430493273542	7333.0	369.0	785.0	26.0	21.0	665.0	36.0	20.0	269.0	356.0	21.0	57.0	21.0	19.0	2.0
1	2	6	1.6872241848467522	0.04578010037599767	0.9494163424124513	7332.0	370.0	663.0	37.0	21.0	787.0	24.0	21.0	268.0	357.0	21.0	58.0	19.0	21.0	1.0
1	6	2	-29.980675899969263	1.0	0.5136842105263157	7332.0	663.0	370.0	37.0	21.0	787.0	268.0	58.0	24.0	357.0	19.0	21.0	21.0	21.0	1.0
2	1	6	-1.5973310930311468	0.9449040378659781	1.0596330275229358	7332.0	370.0	787.0	24.0	21.0	663.0	37.0	21.0	268.0	357.0	21.0	58.0	21.0	19.0	1.0
1	2	7	1.6872241848467522	0.04578010037599767	0.9494163424124513	7338.0	364.0	667.0	37.0	17.0	796.0	24.0	12.0	268.0	363.0	15.0	61.0	18.0	19.0	1.0
1	7	2	-29.980675899969263	1.0	0.5136842105263157	7338.0	667.0	364.0	37.0	17.0	796.0	268.0	61.0	24.0	363.0	18.0	12.0	15.0	19.0	1.0
2	1	7	-1.5973310930311468	0.9449040378659781	1.0596330275229358	7338.0	364.0	796.0	24.0	12.0	667.0	37.0	17.0	268.0	363.0	15.0	61.0	19.0	18.0	1.0
1	2	8	0.8642876044138537	0.19371491700857668	0.9715447154471545	7349.0	353.0	667.0	37.0	17.0	785.0	30.0	17.0	269.0	363.0	14.0	59.0	19.0	20.0	1.0
1	8	2	-28.64496060343063	1.0	0.5074309978768577	7349.0	667.0	353.0	37.0	17.0	785.0	269.0	59.0	30.0	363.0	19.0	17.0	14.0	20.0	1.0
2	1	8	-0.8389737415230714	0.7992580274347559	1.031111111111111	7349.0	353.0	785.0	30.0	17.0	667.0	37.0	17.0	269.0	363.0	14.0	59.0	20.0	19.0	1.0
1	2	9	0.0	0.49999999949999996	nan	7386.0	316.0	680.0	31.0	10.0	786.0	31.0	15.0	316.0	312.0	18.0	68.0	14.0	17.0	0.0
1	9	2	-36.16588191227684	1.0	0.5	7386.0	680.0	316.0	31.0	10.0	786.0	316.0	68.0	31.0	312.0	14.0	15.0	18.0	17.0	0.0
2	1	9	0.0	0.49999999949999996	nan	7386.0	316.0	786.0	31.0	15.0	680.0	31.0	10.0	316.0	312.0	18.0	68.0	17.0	14.0	0.0
1	3	4	-1.1100215196545489	0.8665050762342095	1.171875	7468.0	403.0	501.0	35.0	16.0	885.0	46.0	20.0	121.0	410.0	15.0	36.0	18.0	24.0	2.0
1	4	3	-8.678350062753747	1.0	0.4658385093167702	7468.0	501.0	403.0	35.0	16.0	885.0	121.0	36.0	46.0	410.0	18.0	20.0	15.0	24.0	2.0
3	1	4	1.2728246758705495	0.10154020017067977	0.8865979381443299	7468.0	403.0	885.0	46.0	20.0	501.0	35.0	16.0	121.0	410.0	15.0	36.0	24.0	18.0	2.0
1	3	5	1.2226948584726043	0.11072255189349578	0.934640522875817	7494.0	377.0	504.0	40.0	8.0	898.0	30.0	23.0	173.0	353.0	20.0	40.0	18.0	21.0	1.0
1	5	3	-16.26184161768563	1.0	0.5181159420289855	7494.0	504.0	377.0	40.0	8.0	898.0	173.0	40.0	30.0	353.0	18.0	23.0	20.0	21.0	1.0
3	1	5	-1.1371917215164782	0.8722708726861995	1.08130081300813	7494.0	377.0	898.0	30.0	23.0	504.0	40.0	8.0	173.0	353.0	20.0	40.0	21.0	18.0	1.0
1	3	6	1.4697474311885064	0.07081512380500421	0.9230769230769231	7492.0	379.0	503.0	41.0	8.0	900.0	29.0	22.0	173.0	353.0	20.0	40.0	18.0	21.0	1.0
1	6	3	-16.16722174307356	1.0	0.5217391304347826	7492.0	503.0	379.0	41.0	8.0	900.0	173.0	40.0	29.0	353.0	18.0	22.0	20.0	21.0	1.0
3	1	6	-1.3472684785894642	0.9110530465160375	1.1	7492.0	379.0	900.0	29.0	22.0	503.0	41.0	8.0	173.0	353.0	20.0	40.0	21.0	18.0	1.0
1	3	7	0.9616944372133562	0.1681015535734125	0.9477124183006536	7501.0	370.0	504.0	40.0	8.0	908.0	32.0	11.0	177.0	355.0	14.0	40.0	18.0	20.0	2.0
1	7	3	-16.469017237278713	1.0	0.5141843971631206	7501.0	504.0	370.0	40.0	8.0	908.0	177.0	40.0	32.0	355.0	18.0	11.0	14.0	20.0	2.0
3	1	7	-0.9086354337808951	0.8182287278932124	1.062015503875969	7501.0	370.0	908.0	32.0	11.0	504.0	40.0	8.0	177.0	355.0	14.0	40.0	20.0	18.0	2.0
1	3	8	-0.5726476230567612	0.7165583833248064	1.0378787878787878	7508.0	363.0	508.0	34.0	10.0	896.0	39.0	16.0	176.0	358.0	12.0	41.0	15.0	22.0	2.0
1	8	3	-16.263192494812028	1.0	0.4910394265232975	7508.0	508.0	363.0	34.0	10.0	896.0	176.0	41.0	39.0	358.0	15.0	16.0	12.0	22.0	2.0
3	1	8	0.5935471713435043	0.2764074663369287	0.9659863945578231	7508.0	363.0	896.0	39.0	16.0	508.0	34.0	10.0	176.0	358.0	12.0	41.0	22.0	15.0	2.0
1	3	9	-1.7094595681815914	0.9563171044438721	1.0804597701149425	7554.0	317.0	512.0	23.0	17.0	898.0	37.0	16.0	225.0	307.0	14.0	47.0	13.0	19.0	1.0
1	9	3	-24.665059483762963	1.0	0.4820512820512821	7554.0	512.0	317.0	23.0	17.0	898.0	225.0	47.0	37.0	307.0	13.0	16.0	14.0	19.0	1.0
3	1	9	1.8367597487908587	0.03312262673013522	0.9351851851851852	7554.0	317.0	898.0	37.0	16.0	512.0	23.0	17.0	225.0	307.0	14.0	47.0	19.0	13.0	1.0
1	4	5	1.0406831330999806	0.14901134201178778	0.8918918918918919	7589.0	380.0	409.0	36.0	9.0	991.0	28.0	23.0	94.0	363.0	17.0	26.0	10.0	25.0	0.0
1	5	4	-7.544952714974867	0.9999999999999771	0.532258064516129	7589.0	409.0	380.0	36.0	9.0	991.0	94.0	26.0	28.0	363.0	10.0	23.0	17.0	25.0	0.0
4	1	5	-0.9145397230272558	0.8197833661592967	1.16	7589.0	380.0	991.0	28.0	23.0	409.0	36.0	9.0	94.0	363.0	17.0	26.0	25.0	10.0	0.0
1	4	6	0.9290519127821529	0.17643107369999	0.9054054054054054	7584.0	385.0	411.0	34.0	9.0	993.0	27.0	22.0	94.0	363.0	17.0	26.0	10.0	25.0	0.0
1	6	4	-7.963302109561315	0.9999999999999991	0.5275590551181103	7584.0	411.0	385.0	34.0	9.0	993.0	94.0	26.0	27.0	363.0	10.0	22.0	17.0	25.0	0.0
4	1	6	-0.8319867875661071	0.7972918507714692	1.1320754716981132	7584.0	385.0	993.0	27.0	22.0	411.0	34.0	9.0	94.0	363.0	17.0	26.0	25.0	10.0	0.0
1	4	7	0.7748855176367019	0.21920359051062188	0.918918918918919	7596.0	373.0	409.0	35.0	10.0	1001.0	29.0	12.0	97.0	367.0	10.0	27.0	9.0	25.0	0.0
1	7	4	-8.00715034891259	0.9999999999999993	0.5230769230769231	7596.0	409.0	373.0	35.0	10.0	1001.0	97.0	27.0	29.0	367.0	9.0	12.0	10.0	25.0	0.0
4	1	7	-0.7065132660805223	0.7600655663408574	1.1071428571428572	7596.0	373.0	1001.0	29.0	12.0	409.0	35.0	10.0	97.0	367.0	10.0	27.0	25.0	9.0	0.0
1	4	8	0.4976951733784684	0.3093494550759508	0.9411764705882353	7609.0	360.0	407.0	36.0	11.0	991.0	32.0	19.0	96.0	370.0	8.0	26.0	10.0	25.0	0.0
1	8	4	-7.465427600677024	0.9999999999999581	0.5161290322580646	7609.0	407.0	360.0	36.0	11.0	991.0	96.0	26.0	32.0	370.0	10.0	19.0	8.0	25.0	0.0
4	1	8	-0.4665892250423141	0.6796030846676302	1.0714285714285714	7609.0	360.0	991.0	32.0	19.0	407.0	36.0	11.0	96.0	370.0	8.0	26.0	25.0	10.0	0.0
1	4	9	-0.8920035555974282	0.8138045188727993	1.0636363636363637	7647.0	322.0	419.0	25.0	10.0	992.0	32.0	18.0	149.0	316.0	9.0	29.0	9.0	23.0	0.0
1	9	4	-15.801205842011601	1.0	0.4854771784232365	7647.0	419.0	322.0	25.0	10.0	992.0	149.0	29.0	32.0	316.0	9.0	18.0	9.0	23.0	0.0
4	1	9	0.9453712896930007	0.172234665531255	0.9465648854961832	7647.0	322.0	992.0	32.0	18.0	419.0	25.0	10.0	149.0	316.0	9.0	29.0	23.0	9.0	0.0
1	5	6	0.7036788334660093	0.24081633330015895	0.005347593582887701	7946.0	52.0	49.0	375.0	1.0	1104.0	3.0	4.0	5.0	395.0	1.0	4.0	2.0	59.0	0.0
1	6	5	-99999.9	1.0	-0.005434782608695652	7946.0	49.0	52.0	375.0	1.0	1104.0	5.0	4.0	3.0	395.0	2.0	4.0	1.0	59.0	0.0
5	1	6	-130.18058419121164	1.0	0.49865229110512127	7946.0	52.0	1104.0	3.0	4.0	49.0	375.0	1.0	5.0	395.0	1.0	4.0	59.0	2.0	0.0
1	5	7	-99999.9	1.0	-0.005952380952380952	7774.0	224.0	231.0	187.0	7.0	1085.0	18.0	8.0	17.0	376.0	8.0	23.0	11.0	30.0	1.0
1	7	5	0.16925714415552665	0.43279719149963447	0.005847953216374269	7774.0	231.0	224.0	187.0	7.0	1085.0	17.0	23.0	18.0	376.0	11.0	8.0	8.0	30.0	1.0
5	1	7	-28.60445736228403	1.0	0.5014749262536873	7774.0	224.0	1085.0	18.0	8.0	231.0	187.0	7.0	17.0	376.0	8.0	23.0	30.0	11.0	1.0
1	5	8	-99999.9	1.0	-0.03125	7783.0	215.0	233.0	186.0	6.0	1076.0	21.0	14.0	16.0	380.0	5.0	21.0	11.0	32.0	1.0
1	8	5	0.8295318503207265	0.2034017082540598	0.028571428571428574	7783.0	233.0	215.0	186.0	6.0	1076.0	16.0	21.0	21.0	380.0	11.0	14.0	5.0	32.0	1.0
5	1	8	-27.374551060583983	1.0	0.5074626865671642	7783.0	215.0	1076.0	21.0	14.0	233.0	186.0	6.0	16.0	380.0	5.0	21.0	32.0	11.0	1.0
1	5	9	0.12918677365729112	0.4486048954784767	0.98	7680.0	318.0	386.0	31.0	8.0	1060.0	30.0	21.0	79.0	315.0	7.0	31.0	12.0	21.0	1.0
1	9	5	-6.200965135549957	0.9999999997182609	0.5051546391752578	7680.0	386.0	318.0	31.0	8.0	1060.0	79.0	31.0	30.0	315.0	12.0	21.0	7.0	21.0	1.0
5	1	9	-0.12655030888877497	0.550351873331391	1.0212765957446808	7680.0	318.0	1060.0	30.0	21.0	386.0	31.0	8.0	79.0	315.0	7.0	31.0	21.0	12.0	1.0
1	6	7	-99999.9	1.0	-0.017857142857142856	7773.0	222.0	232.0	189.0	7.0	1087.0	18.0	8.0	15.0	377.0	8.0	23.0	10.0	30.0	1.0
1	7	6	0.5250913067456601	0.2997598448616887	0.01694915254237288	7773.0	232.0	222.0	189.0	7.0	1087.0	15.0	23.0	18.0	377.0	10.0	8.0	8.0	30.0	1.0
6	1	7	-29.930204484502628	1.0	0.5043478260869565	7773.0	222.0	1087.0	18.0	8.0	232.0	189.0	7.0	15.0	377.0	8.0	23.0	30.0	10.0	1.0
1	6	8	-99999.9	1.0	-0.04430379746835444	7781.0	214.0	235.0	186.0	7.0	1078.0	21.0	14.0	14.0	381.0	5.0	21.0	10.0	32.0	1.0
1	8	6	1.1954408604125282	0.1159574789260418	0.03910614525139665	7781.0	235.0	214.0	186.0	7.0	1078.0	14.0	21.0	21.0	381.0	10.0	14.0	5.0	32.0	1.0
6	1	8	-28.178248852581017	1.0	0.5103857566765578	7781.0	214.0	1078.0	21.0	14.0	235.0	186.0	7.0	14.0	381.0	5.0	21.0	32.0	10.0	1.0
1	6	9	0.0	0.49999999949999996	nan	7676.0	319.0	390.0	30.0	8.0	1062.0	30.0	21.0	77.0	316.0	7.0	31.0	11.0	21.0	1.0
1	9	6	-6.062623825862046	0.9999999993279036	0.5	7676.0	390.0	319.0	30.0	8.0	1062.0	77.0	31.0	30.0	316.0	11.0	21.0	7.0	21.0	1.0
6	1	9	0.0	0.49999999949999996	nan	7676.0	319.0	1062.0	30.0	21.0	390.0	30.0	8.0	77.0	316.0	7.0	31.0	21.0	11.0	1.0
1	7	8	-99999.9	1.0	-0.01818181818181818	7846.0	159.0	170.0	240.0	8.0	1095.0	16.0	14.0	12.0	390.0	3.0	6.0	6.0	34.0	1.0
1	8	7	0.7592609239363185	0.22384817698195547	0.017241379310344827	7846.0	170.0	159.0	240.0	8.0	1095.0	12.0	6.0	16.0	390.0	6.0	14.0	3.0	34.0	1.0
7	1	8	-42.51861174043385	1.0	0.504424778761062	7846.0	159.0	1095.0	16.0	14.0	170.0	240.0	8.0	12.0	390.0	3.0	6.0	34.0	6.0	1.0
1	7	9	-0.6108770999615734	0.7293595785912982	1.1162790697674418	7683.0	322.0	383.0	27.0	8.0	1071.0	32.0	22.0	80.0	318.0	7.0	19.0	7.0	21.0	0.0
1	9	7	-6.475297259592682	0.9999999999524575	0.4752475247524752	7683.0	383.0	322.0	27.0	8.0	1071.0	80.0	19.0	32.0	318.0	7.0	22.0	7.0	21.0	0.0
7	1	9	0.6745101312075704	0.24999345690395613	0.9137931034482759	7683.0	322.0	1071.0	32.0	22.0	383.0	27.0	8.0	80.0	318.0	7.0	19.0	21.0	7.0	0.0
1	8	9	-0.6361488049755822	0.7376603402573529	1.1041666666666667	7692.0	324.0	374.0	25.0	8.0	1061.0	30.0	22.0	83.0	322.0	7.0	26.0	5.0	21.0	0.0
1	9	8	-7.379326137716756	0.9999999999999198	0.47747747747747754	7692.0	374.0	324.0	25.0	8.0	1061.0	83.0	26.0	30.0	322.0	5.0	22.0	7.0	21.0	0.0
8	1	9	0.6961628431808257	0.24316335846919723	0.9206349206349206	7692.0	324.0	1061.0	30.0	22.0	374.0	25.0	8.0	83.0	322.0	7.0	26.0	21.0	5.0	0.0
2	3	4	-1.4199671164905683	0.9221913223646316	1.2692307692307692	7578.0	405.0	507.0	29.0	15.0	775.0	43.0	21.0	109.0	421.0	18.0	42.0	17.0	19.0	1.0
2	4	3	-8.114097808517533	0.9999999999999998	0.4520547945205479	7578.0	507.0	405.0	29.0	15.0	775.0	109.0	42.0	43.0	421.0	17.0	21.0	18.0	19.0	1.0
3	2	4	1.7211722624128103	0.04260974984325194	0.851063829787234	7578.0	405.0	775.0	43.0	21.0	507.0	29.0	15.0	109.0	421.0	18.0	42.0	19.0	17.0	1.0
2	3	5	-0.580039059301919	0.7190559012954596	1.0396825396825398	7612.0	371.0	506.0	33.0	12.0	780.0	38.0	21.0	169.0	360.0	19.0	42.0	15.0	21.0	1.0
2	5	3	-15.777062413012196	1.0	0.49063670411985016	7612.0	506.0	371.0	33.0	12.0	780.0	169.0	42.0	38.0	360.0	15.0	21.0	19.0	21.0	1.0
3	2	5	0.602177954695122	0.2735277954501899	0.9645390070921985	7612.0	371.0	780.0	38.0	21.0	506.0	33.0	12.0	169.0	360.0	19.0	42.0	21.0	15.0	1.0
2	3	6	-0.6874309815437684	0.7540944781214494	1.048780487804878	7613.0	370.0	506.0	33.0	12.0	779.0	39.0	21.0	168.0	361.0	19.0	42.0	15.0	21.0	1.0
2	6	3	-15.467197084734792	1.0	0.48863636363636365	7613.0	506.0	370.0	33.0	12.0	779.0	168.0	42.0	39.0	361.0	15.0	21.0	19.0	21.0	1.0
3	2	6	0.7194045155690599	0.2359457882881788	0.9574468085106383	7613.0	370.0	779.0	39.0	21.0	506.0	33.0	12.0	168.0	361.0	19.0	42.0	21.0	15.0	1.0
2	3	7	-0.803437532395528	0.7891391147681814	1.056910569105691	7623.0	360.0	511.0	32.0	8.0	786.0	39.0	14.0	169.0	363.0	16.0	41.0	17.0	20.0	1.0
2	7	3	-15.724420276883901	1.0	0.48689138576779023	7623.0	511.0	360.0	32.0	8.0	786.0	169.0	41.0	39.0	363.0	17.0	14.0	16.0	20.0	1.0
3	2	7	0.8466995533706718	0.19858125630260226	0.9513888888888888	7623.0	360.0	786.0	39.0	14.0	511.0	32.0	8.0	169.0	363.0	16.0	41.0	20.0	17.0	1.0
2	3	8	-1.4578471642329216	0.9275586214009599	1.1120689655172413	7622.0	361.0	512.0	28.0	11.0	782.0	41.0	16.0	170.0	365.0	13.0	43.0	14.0	21.0	1.0
2	8	3	-15.924176717005762	1.0	0.4760147601476015	7622.0	512.0	361.0	28.0	11.0	782.0	170.0	43.0	41.0	365.0	14.0	16.0	13.0	21.0	1.0
3	2	8	1.604761994737014	0.05427309454989082	0.9161290322580645	7622.0	361.0	782.0	41.0	16.0	512.0	28.0	11.0	170.0	365.0	13.0	43.0	21.0	14.0	1.0
2	3	9	-1.5568165356530996	0.9402429621158437	1.0689655172413792	7658.0	325.0	514.0	21.0	16.0	794.0	33.0	12.0	219.0	314.0	15.0	51.0	13.0	14.0	1.0
2	9	3	-25.68747283827615	1.0	0.484375	7658.0	514.0	325.0	21.0	16.0	794.0	219.0	51.0	33.0	314.0	13.0	12.0	15.0	14.0	1.0
3	2	9	1.657256312146848	0.04873381543249966	0.9428571428571428	7658.0	325.0	794.0	33.0	12.0	514.0	21.0	16.0	219.0	314.0	15.0	51.0	14.0	13.0	1.0
2	4	5	-0.25345225394469056	0.6000405672118745	1.0338983050847457	7709.0	376.0	409.0	29.0	11.0	871.0	31.0	24.0	92.0	373.0	16.0	28.0	9.0	22.0	0.0
2	5	4	-7.9837459992577475	0.9999999999999993	0.4919354838709677	7709.0	409.0	376.0	29.0	11.0	871.0	92.0	28.0	31.0	373.0	9.0	24.0	16.0	22.0	0.0
4	2	5	0.2617621639100903	0.3967524651972406	0.9692307692307692	7709.0	376.0	871.0	31.0	24.0	409.0	29.0	11.0	92.0	373.0	16.0	28.0	22.0	9.0	0.0
2	4	6	-0.7391554897422496	0.7700937761774089	1.1132075471698113	7707.0	378.0	412.0	26.0	11.0	870.0	32.0	24.0	91.0	374.0	16.0	28.0	9.0	22.0	0.0
2	6	4	-8.007517805541045	0.9999999999999993	0.47580645161290325	7707.0	412.0	378.0	26.0	11.0	870.0	91.0	28.0	32.0	374.0	9.0	24.0	16.0	22.0	0.0
4	2	6	0.8143238446312919	0.20772966997569364	0.9154929577464789	7707.0	378.0	870.0	32.0	24.0	412.0	26.0	11.0	91.0	374.0	16.0	28.0	22.0	9.0	0.0
2	4	7	-0.7269881291020389	0.7663834553989401	1.1132075471698113	7721.0	364.0	413.0	27.0	9.0	876.0	33.0	17.0	92.0	378.0	11.0	28.0	8.0	22.0	1.0
2	7	4	-7.875704731938758	0.9999999999999982	0.47580645161290325	7721.0	413.0	364.0	27.0	9.0	876.0	92.0	28.0	33.0	378.0	8.0	17.0	11.0	22.0	1.0
4	2	7	0.8009191252819072	0.21158917386702925	0.9154929577464789	7721.0	364.0	876.0	33.0	17.0	413.0	27.0	9.0	92.0	378.0	11.0	28.0	22.0	8.0	1.0
2	4	8	-0.2494181326284416	0.5984812650282514	1.0333333333333334	7727.0	358.0	407.0	30.0	12.0	873.0	32.0	21.0	94.0	379.0	8.0	28.0	9.0	22.0	0.0
2	8	4	-7.981380244110144	0.9999999999999993	0.49206349206349204	7727.0	407.0	358.0	30.0	12.0	873.0	94.0	28.0	32.0	379.0	9.0	21.0	8.0	22.0	0.0
4	2	8	0.25746387884226224	0.3984104061512235	0.9696969696969697	7727.0	358.0	873.0	32.0	21.0	407.0	30.0	12.0	94.0	379.0	8.0	28.0	22.0	9.0	0.0
2	4	9	-0.42221529285662396	0.6635660206211327	1.0252100840336134	7755.0	330.0	417.0	23.0	9.0	884.0	26.0	16.0	148.0	324.0	9.0	32.0	10.0	17.0	0.0
2	9	4	-17.592303869026	1.0	0.4939271255060729	7755.0	417.0	330.0	23.0	9.0	884.0	148.0	32.0	26.0	324.0	10.0	16.0	9.0	17.0	0.0
4	2	9	0.43259763612359015	0.3326535878298874	0.9765625	7755.0	330.0	884.0	26.0	16.0	417.0	23.0	9.0	148.0	324.0	9.0	32.0	17.0	10.0	0.0
2	5	6	-99999.9	1.0	-0.0028011204481792717	8067.0	51.0	52.0	363.0	1.0	983.0	5.0	3.0	4.0	408.0	1.0	2.0	2.0	58.0	0.0
2	6	5	0.33185643513445623	0.3699989018096138	0.002777777777777778	8067.0	52.0	51.0	363.0	1.0	983.0	4.0	2.0	5.0	408.0	2.0	3.0	1.0	58.0	0.0
5	2	6	-118.80460377813598	1.0	0.500697350069735	8067.0	51.0	983.0	5.0	3.0	52.0	363.0	1.0	4.0	408.0	1.0	2.0	58.0	2.0	0.0
2	5	7	-99999.9	1.0	-0.01986754966887417	7899.0	219.0	235.0	175.0	6.0	960.0	21.0	10.0	18.0	386.0	9.0	18.0	12.0	32.0	0.0
2	7	5	0.4836150303407752	0.31432956029113623	0.01875	7899.0	235.0	219.0	175.0	6.0	960.0	18.0	18.0	21.0	386.0	12.0	10.0	9.0	32.0	0.0
5	2	7	-24.825571557493102	1.0	0.5048231511254019	7899.0	219.0	960.0	21.0	10.0	235.0	175.0	6.0	18.0	386.0	9.0	18.0	32.0	12.0	0.0
2	5	8	0.16250696307078186	0.43545331652874286	0.0	7899.0	219.0	235.0	176.0	5.0	960.0	19.0	12.0	19.0	389.0	5.0	16.0	12.0	33.0	1.0
2	8	5	0.16250696307078186	0.43545331652874286	0.0	7899.0	235.0	219.0	176.0	5.0	960.0	19.0	16.0	19.0	389.0	12.0	12.0	5.0	33.0	1.0
5	2	8	-25.435317583577127	1.0	0.5	7899.0	219.0	960.0	19.0	12.0	235.0	176.0	5.0	19.0	389.0	5.0	16.0	33.0	12.0	1.0
2	5	9	0.40584451044685754	0.3424284726629674	0.9516129032258065	7793.0	325.0	379.0	30.0	7.0	947.0	27.0	17.0	86.0	320.0	7.0	31.0	13.0	17.0	1.0
2	9	5	-7.575764195008009	0.999999999999982	0.5130434782608695	7793.0	379.0	325.0	30.0	7.0	947.0	86.0	31.0	27.0	320.0	13.0	17.0	7.0	17.0	1.0
5	2	9	-0.38520834889871225	0.6499584158652671	1.0566037735849056	7793.0	325.0	947.0	27.0	17.0	379.0	30.0	7.0	86.0	320.0	7.0	31.0	17.0	13.0	1.0
2	6	7	-99999.9	1.0	-0.012987012987012986	7901.0	218.0	233.0	176.0	6.0	959.0	20.0	10.0	18.0	388.0	9.0	19.0	11.0	32.0	0.0
2	7	6	0.3258429501489719	0.37227165905705406	0.012499999999999999	7901.0	233.0	218.0	176.0	6.0	959.0	18.0	19.0	20.0	388.0	11.0	10.0	9.0	32.0	0.0
6	2	7	-25.415750111619776	1.0	0.5031847133757962	7901.0	218.0	959.0	20.0	10.0	233.0	176.0	6.0	18.0	388.0	9.0	19.0	32.0	11.0	0.0
2	6	8	0.16467092402236308	0.4346014976064093	0.006329113924050633	7900.0	219.0	234.0	175.0	6.0	959.0	18.0	12.0	19.0	391.0	5.0	17.0	11.0	33.0	1.0
2	8	6	-99999.9	1.0	-0.0064516129032258064	7900.0	234.0	219.0	175.0	6.0	959.0	19.0	17.0	18.0	391.0	11.0	12.0	5.0	33.0	1.0
6	2	8	-25.688664147488627	1.0	0.4984025559105431	7900.0	219.0	959.0	18.0	12.0	234.0	175.0	6.0	19.0	391.0	5.0	17.0	33.0	11.0	1.0
2	6	9	0.2760580671918543	0.39125179766172336	0.967741935483871	7792.0	327.0	380.0	28.0	7.0	946.0	26.0	17.0	86.0	322.0	7.0	32.0	12.0	17.0	1.0
2	9	6	-8.005683948563771	0.9999999999999993	0.5084745762711865	7792.0	380.0	327.0	28.0	7.0	946.0	86.0	32.0	26.0	322.0	12.0	17.0	7.0	17.0	1.0
6	2	9	-0.26685613161879246	0.6052099715774313	1.0357142857142858	7792.0	327.0	946.0	26.0	17.0	380.0	28.0	7.0	86.0	322.0	7.0	32.0	17.0	12.0	1.0
2	7	8	0.6019560288518427	0.2736016548645055	0.013761467889908256	7968.0	166.0	166.0	226.0	8.0	973.0	11.0	12.0	14.0	402.0	3.0	8.0	7.0	36.0	0.0
2	8	7	-99999.9	1.0	-0.014354066985645933	7968.0	166.0	166.0	226.0	8.0	973.0	14.0	8.0	11.0	402.0	7.0	12.0	3.0	36.0	0.0
7	2	8	-42.5382260388636	1.0	0.4964871194379391	7968.0	166.0	973.0	11.0	12.0	166.0	226.0	8.0	14.0	402.0	3.0	8.0	36.0	7.0	0.0
2	7	9	-0.26710573528806003	0.6053060625676909	1.0338983050847457	7804.0	330.0	368.0	26.0	6.0	950.0	28.0	18.0	89.0	323.0	7.0	25.0	9.0	17.0	0.0
2	9	7	-8.413830661573888	1.0	0.4919354838709677	7804.0	368.0	330.0	26.0	6.0	950.0	89.0	25.0	28.0	323.0	9.0	18.0	7.0	17.0	0.0
7	2	9	0.2758633003794718	0.3913265953255938	0.9692307692307692	7804.0	330.0	950.0	28.0	18.0	368.0	26.0	6.0	89.0	323.0	7.0	25.0	17.0	9.0	0.0
2	8	9	-0.2720896771546218	0.6072234036550357	1.0344827586206897	7803.0	331.0	369.0	25.0	6.0	950.0	27.0	18.0	87.0	326.0	7.0	27.0	7.0	17.0	0.0
2	9	8	-8.434779991793286	1.0	0.4918032786885246	7803.0	369.0	331.0	25.0	6.0	950.0	87.0	27.0	27.0	326.0	7.0	18.0	7.0	17.0	0.0
8	2	9	0.28115933305977575	0.3892941625742363	0.96875	7803.0	331.0	950.0	27.0	18.0	369.0	25.0	6.0	87.0	326.0	7.0	27.0	17.0	7.0	0.0
3	4	5	0.0	0.49999999949999996	nan	7964.0	389.0	428.0	32.0	9.0	616.0	32.0	10.0	84.0	370.0	15.0	17.0	12.0	22.0	0.0
3	5	4	-6.49492781818971	0.9999999999582593	0.5	7964.0	428.0	389.0	32.0	9.0	616.0	84.0	17.0	32.0	370.0	12.0	10.0	15.0	22.0	0.0
4	3	5	0.0	0.49999999949999996	nan	7964.0	389.0	616.0	32.0	10.0	428.0	32.0	9.0	84.0	370.0	15.0	17.0	22.0	12.0	0.0
3	4	6	-0.36543697618457255	0.6426073166096005	1.0625	7962.0	391.0	430.0	30.0	9.0	615.0	33.0	10.0	84.0	370.0	15.0	17.0	12.0	22.0	0.0
3	6	4	-6.577865571322307	0.9999999999760145	0.4857142857142857	7962.0	430.0	391.0	30.0	9.0	615.0	84.0	17.0	33.0	370.0	12.0	10.0	15.0	22.0	0.0
4	3	6	0.38693326890131213	0.3494028597945441	0.9473684210526315	7962.0	391.0	615.0	33.0	10.0	430.0	30.0	9.0	84.0	370.0	15.0	17.0	22.0	12.0	0.0
3	4	7	0.2666917646917075	0.3948533089556172	0.9655172413793104	7976.0	377.0	433.0	30.0	6.0	621.0	28.0	9.0	84.0	375.0	10.0	16.0	12.0	22.0	1.0
3	7	4	-7.200677646676114	0.9999999999996982	0.509090909090909	7976.0	433.0	377.0	30.0	6.0	621.0	84.0	16.0	28.0	375.0	12.0	9.0	10.0	22.0	1.0
4	3	7	-0.2571670588098609	0.601475035895894	1.0384615384615385	7976.0	377.0	621.0	28.0	9.0	433.0	30.0	6.0	84.0	375.0	10.0	16.0	22.0	12.0	1.0
3	4	8	1.2226007683633586	0.11074032844298887	0.8732394366197184	7979.0	374.0	425.0	34.0	10.0	621.0	25.0	12.0	87.0	376.0	6.0	17.0	13.0	21.0	0.0
3	8	4	-7.199760080362005	0.9999999999996962	0.5391304347826086	7979.0	425.0	374.0	34.0	10.0	621.0	87.0	17.0	25.0	376.0	13.0	12.0	6.0	21.0	0.0
4	3	8	-1.045126463278355	0.852017710959784	1.2045454545454546	7979.0	374.0	621.0	25.0	12.0	425.0	34.0	10.0	87.0	376.0	6.0	17.0	21.0	13.0	0.0
3	4	9	0.9402863225245293	0.17353534304719465	0.9534883720930233	8017.0	336.0	435.0	24.0	10.0	622.0	18.0	18.0	141.0	321.0	7.0	21.0	10.0	19.0	1.0
3	9	4	-18.335583289228317	1.0	0.5125000000000001	8017.0	435.0	336.0	24.0	10.0	622.0	141.0	21.0	18.0	321.0	10.0	18.0	7.0	19.0	1.0
4	3	9	-0.8944186970355279	0.8144510750692132	1.054054054054054	8017.0	336.0	622.0	18.0	18.0	435.0	24.0	10.0	141.0	321.0	7.0	21.0	19.0	10.0	1.0
3	5	6	0.49437211530332503	0.3105217032547718	0.0	8336.0	56.0	56.0	373.0	1.0	714.0	2.0	1.0	2.0	411.0	1.0	0.0	2.0	45.0	0.0
3	6	5	0.49437211530332503	0.3105217032547718	0.0	8336.0	56.0	56.0	373.0	1.0	714.0	2.0	0.0	2.0	411.0	2.0	1.0	1.0	45.0	0.0
5	3	6	-183.22384017849836	1.0	0.5	8336.0	56.0	714.0	2.0	1.0	56.0	373.0	1.0	2.0	411.0	1.0	0.0	45.0	2.0	0.0
3	5	7	0.16465278981390688	0.43460863467836763	0.006097560975609756	8167.0	225.0	242.0	181.0	7.0	692.0	18.0	7.0	19.0	386.0	9.0	10.0	11.0	26.0	0.0
3	7	5	-99999.9	1.0	-0.006211180124223602	8167.0	242.0	225.0	181.0	7.0	692.0	19.0	10.0	18.0	386.0	11.0	7.0	9.0	26.0	0.0
5	3	7	-26.673751949852914	1.0	0.49846153846153846	8167.0	225.0	692.0	18.0	7.0	242.0	181.0	7.0	19.0	386.0	9.0	10.0	26.0	11.0	0.0
3	5	8	1.386208388272596	0.08284169764493421	0.0449438202247191	8164.0	228.0	240.0	183.0	7.0	695.0	13.0	9.0	21.0	389.0	4.0	9.0	12.0	26.0	0.0
3	8	5	-99999.9	1.0	-0.051948051948051945	8164.0	240.0	228.0	183.0	7.0	695.0	21.0	9.0	13.0	389.0	12.0	9.0	4.0	26.0	0.0
5	3	8	-28.07071986252006	1.0	0.4879518072289156	8164.0	228.0	695.0	13.0	9.0	240.0	183.0	7.0	21.0	389.0	4.0	9.0	26.0	12.0	0.0
3	5	9	1.8591072232232624	0.031505909232630636	0.8588235294117647	8058.0	334.0	394.0	28.0	8.0	682.0	16.0	19.0	89.0	320.0	5.0	13.0	13.0	19.0	2.0
3	9	5	-9.450461718051582	1.0	0.544776119402985	8058.0	394.0	334.0	28.0	8.0	682.0	89.0	13.0	16.0	320.0	13.0	19.0	5.0	19.0	2.0
5	3	9	-1.553500556392041	0.9398481879434992	1.2448979591836735	8058.0	334.0	682.0	16.0	19.0	394.0	28.0	8.0	89.0	320.0	5.0	13.0	19.0	13.0	2.0
3	6	7	0.1646470375570511	0.43461089859586566	0.006024096385542168	8169.0	223.0	240.0	183.0	7.0	691.0	18.0	7.0	19.0	387.0	9.0	11.0	10.0	26.0	0.0
3	7	6	-99999.9	1.0	-0.006134969325153374	8169.0	240.0	223.0	183.0	7.0	691.0	19.0	11.0	18.0	387.0	10.0	7.0	9.0	26.0	0.0
6	3	7	-27.002114159356367	1.0	0.49848024316109424	8169.0	223.0	691.0	18.0	7.0	240.0	183.0	7.0	19.0	387.0	9.0	11.0	26.0	10.0	0.0
3	6	8	1.386208388272596	0.08284169764493421	0.0449438202247191	8165.0	227.0	239.0	183.0	8.0	694.0	13.0	9.0	21.0	390.0	4.0	10.0	11.0	26.0	0.0
3	8	6	-99999.9	1.0	-0.051948051948051945	8165.0	239.0	227.0	183.0	8.0	694.0	21.0	10.0	13.0	390.0	11.0	9.0	4.0	26.0	0.0
6	3	8	-28.07071986252006	1.0	0.4879518072289156	8165.0	227.0	694.0	13.0	9.0	239.0	183.0	8.0	21.0	390.0	4.0	10.0	26.0	11.0	0.0
3	6	9	1.7253037561826816	0.04223633673607996	0.8690476190476191	8057.0	335.0	395.0	27.0	8.0	681.0	16.0	19.0	89.0	321.0	5.0	14.0	12.0	19.0	2.0
3	9	6	-9.724439353029663	1.0	0.5407407407407407	8057.0	395.0	335.0	27.0	8.0	681.0	89.0	14.0	16.0	321.0	12.0	19.0	5.0	19.0	2.0
6	3	9	-1.4653264778537847	0.9285840278046451	1.2156862745098038	8057.0	335.0	681.0	16.0	19.0	395.0	27.0	8.0	89.0	321.0	5.0	14.0	19.0	12.0	2.0
3	7	8	1.2836927110016811	0.0996248164472433	0.02553191489361702	8235.0	174.0	169.0	237.0	7.0	706.0	8.0	7.0	14.0	398.0	3.0	5.0	8.0	29.0	0.0
3	8	7	-99999.9	1.0	-0.027649769585253458	8235.0	169.0	174.0	237.0	7.0	706.0	14.0	5.0	8.0	398.0	8.0	7.0	3.0	29.0	0.0
7	3	8	-47.71057909222918	1.0	0.49336283185840707	8235.0	174.0	706.0	8.0	7.0	169.0	237.0	7.0	14.0	398.0	3.0	5.0	29.0	8.0	0.0
3	7	9	1.3013370335426862	0.09657162586633716	0.8987341772151899	8069.0	340.0	383.0	24.0	6.0	685.0	16.0	20.0	87.0	323.0	5.0	12.0	10.0	19.0	1.0
3	9	7	-10.248029139148647	1.0	0.5298507462686567	8069.0	383.0	340.0	24.0	6.0	685.0	87.0	12.0	16.0	323.0	10.0	20.0	5.0	19.0	1.0
7	3	9	-1.1547075086364678	0.8758948305922128	1.1454545454545455	8069.0	340.0	685.0	16.0	20.0	383.0	24.0	6.0	87.0	323.0	5.0	12.0	19.0	10.0	1.0
3	8	9	1.41751859498592	0.07816573171229857	0.8800000000000001	8066.0	338.0	386.0	26.0	6.0	687.0	17.0	21.0	83.0	325.0	6.0	14.0	7.0	17.0	1.0
3	9	8	-8.977617768244157	1.0	0.5365853658536586	8066.0	386.0	338.0	26.0	6.0	687.0	83.0	14.0	17.0	325.0	7.0	21.0	6.0	17.0	1.0
8	3	9	-1.224220604760567	0.8895654236717181	1.1875	8066.0	338.0	687.0	17.0	21.0	386.0	26.0	6.0	83.0	325.0	6.0	14.0	17.0	7.0	1.0
4	5	6	1.32746814356279	0.0921770012236085	0.007936507936507936	8523.0	57.0	54.0	376.0	1.0	527.0	1.0	1.0	4.0	419.0	1.0	0.0	2.0	34.0	0.0
4	6	5	-99999.9	1.0	-0.008130081300813007	8523.0	54.0	57.0	376.0	1.0	527.0	4.0	0.0	1.0	419.0	2.0	1.0	1.0	34.0	0.0
5	4	6	-164.60604980178672	1.0	0.4979919678714859	8523.0	57.0	527.0	1.0	1.0	54.0	376.0	1.0	4.0	419.0	1.0	0.0	34.0	2.0	0.0
4	5	7	0.2182923864784613	0.4136006907260277	0.005988023952095808	8346.0	234.0	251.0	176.0	4.0	513.0	10.0	6.0	11.0	404.0	9.0	9.0	13.0	13.0	1.0
4	7	5	-99999.9	1.0	-0.006097560975609756	8346.0	251.0	234.0	176.0	4.0	513.0	11.0	9.0	10.0	404.0	13.0	6.0	9.0	13.0	1.0
5	4	7	-36.01824376894614	1.0	0.4984894259818731	8346.0	234.0	513.0	10.0	6.0	251.0	176.0	4.0	11.0	404.0	9.0	9.0	13.0	13.0	1.0
4	5	8	0.21333638721882903	0.4155323312934731	0.0	8348.0	232.0	252.0	174.0	5.0	511.0	11.0	7.0	11.0	408.0	5.0	7.0	12.0	16.0	1.0
4	8	5	0.21333638721882903	0.4155323312934731	0.0	8348.0	252.0	232.0	174.0	5.0	511.0	11.0	7.0	11.0	408.0	12.0	7.0	5.0	16.0	1.0
5	4	8	-34.673003829638674	1.0	0.5	8348.0	232.0	511.0	11.0	7.0	252.0	174.0	5.0	11.0	408.0	5.0	7.0	16.0	12.0	1.0
4	5	9	1.249843829782747	0.10567836933229635	0.9041095890410958	8236.0	344.0	403.0	20.0	8.0	504.0	13.0	12.0	79.0	338.0	7.0	14.0	13.0	9.0	0.0
4	9	5	-10.53439799388315	1.0	0.528	8236.0	403.0	344.0	20.0	8.0	504.0	79.0	14.0	13.0	338.0	13.0	12.0	7.0	9.0	0.0
5	4	9	-1.11728463571488	0.868063629685645	1.1346153846153846	8236.0	344.0	504.0	13.0	12.0	403.0	20.0	8.0	79.0	338.0	7.0	14.0	9.0	13.0	0.0
4	6	7	-99999.9	1.0	-0.012048192771084336	8345.0	232.0	252.0	178.0	4.0	515.0	10.0	6.0	8.0	405.0	9.0	10.0	12.0	13.0	1.0
4	7	6	0.47224025952104765	0.31837766673874257	0.011627906976744186	8345.0	252.0	232.0	178.0	4.0	515.0	8.0	10.0	10.0	405.0	12.0	6.0	9.0	13.0	1.0
6	4	7	-39.668181799768014	1.0	0.5029585798816568	8345.0	232.0	515.0	10.0	6.0	252.0	178.0	4.0	8.0	405.0	9.0	10.0	13.0	12.0	1.0
4	6	8	-99999.9	1.0	-0.018750000000000003	8346.0	231.0	254.0	174.0	6.0	513.0	11.0	7.0	8.0	409.0	5.0	8.0	11.0	16.0	1.0
4	8	6	0.6906411252488772	0.2448954799072619	0.01775147928994083	8346.0	254.0	231.0	174.0	6.0	513.0	8.0	8.0	11.0	409.0	11.0	7.0	5.0	16.0	1.0
6	4	8	-37.52483447185564	1.0	0.5045592705167173	8346.0	231.0	513.0	11.0	7.0	254.0	174.0	6.0	8.0	409.0	5.0	8.0	16.0	11.0	1.0
4	6	9	1.0878127998246139	0.1383389195415422	0.9130434782608695	8232.0	345.0	407.0	19.0	8.0	506.0	13.0	12.0	76.0	339.0	7.0	15.0	12.0	9.0	0.0
4	9	6	-10.334221598333832	1.0	0.525	8232.0	407.0	345.0	19.0	8.0	506.0	76.0	15.0	13.0	339.0	12.0	12.0	7.0	9.0	0.0
6	4	9	-0.9842115807936982	0.837494249824228	1.1176470588235294	8232.0	345.0	506.0	13.0	12.0	407.0	19.0	8.0	76.0	339.0	7.0	15.0	9.0	12.0	0.0
4	7	8	-99999.9	1.0	-0.004464285714285714	8427.0	170.0	173.0	235.0	6.0	514.0	10.0	9.0	9.0	414.0	4.0	6.0	7.0	15.0	1.0
4	8	7	0.22926681517436745	0.40933081652090597	0.004405286343612335	8427.0	173.0	170.0	235.0	6.0	514.0	9.0	6.0	10.0	414.0	7.0	9.0	4.0	15.0	1.0
7	4	8	-51.58503341423272	1.0	0.501108647450111	8427.0	170.0	514.0	10.0	9.0	173.0	235.0	6.0	9.0	414.0	4.0	6.0	15.0	7.0	1.0
4	7	9	0.3693362162534208	0.35593862735282233	0.9701492537313433	8247.0	350.0	392.0	16.0	6.0	507.0	14.0	12.0	79.0	341.0	7.0	11.0	9.0	9.0	0.0
4	9	7	-11.634090811982746	1.0	0.5078125000000001	8247.0	392.0	350.0	16.0	6.0	507.0	79.0	11.0	14.0	341.0	9.0	12.0	7.0	9.0	0.0
7	4	9	-0.3579720249840848	0.6398178121327822	1.0327868852459017	8247.0	350.0	507.0	14.0	12.0	392.0	16.0	6.0	79.0	341.0	7.0	11.0	9.0	9.0	0.0
4	8	9	0.3691951810135206	0.35599118409944985	0.9710144927536232	8249.0	351.0	390.0	16.0	5.0	504.0	14.0	11.0	81.0	343.0	7.0	12.0	7.0	9.0	1.0
4	9	8	-11.998843382939414	1.0	0.5075757575757576	8249.0	390.0	351.0	16.0	5.0	504.0	81.0	12.0	14.0	343.0	7.0	11.0	7.0	9.0	1.0
8	4	9	-0.3581744293414752	0.6398935456911399	1.0317460317460319	8249.0	351.0	504.0	14.0	11.0	390.0	16.0	5.0	81.0	343.0	7.0	12.0	9.0	7.0	1.0
5	6	7	1.3267286407234193	0.09229929732214326	0.9861751152073732	8804.0	246.0	55.0	4.0	0.0	56.0	1.0	1.0	215.0	590.0	24.0	0.0	2.0	2.0	0.0
5	7	6	-93.31324773088014	1.0	0.5035294117647059	8804.0	55.0	246.0	4.0	0.0	56.0	215.0	0.0	1.0	590.0	2.0	1.0	24.0	2.0	0.0
6	5	7	-1.3081296410871097	0.9045852620283379	1.0144230769230769	8804.0	246.0	56.0	1.0	1.0	55.0	4.0	0.0	215.0	590.0	24.0	0.0	2.0	2.0	0.0
5	6	8	0.5684312618655576	0.2848710485747328	0.9953271028037384	8803.0	247.0	56.0	2.0	1.0	56.0	1.0	1.0	214.0	595.0	20.0	0.0	2.0	2.0	0.0
5	8	6	-120.50742751549802	1.0	0.5011764705882353	8803.0	56.0	247.0	2.0	1.0	56.0	214.0	0.0	1.0	595.0	2.0	1.0	20.0	2.0	0.0
6	5	8	-0.5657625704952968	0.7142224373011469	1.004739336492891	8803.0	247.0	56.0	1.0	1.0	56.0	2.0	1.0	214.0	595.0	20.0	0.0	2.0	2.0	0.0
5	6	9	-0.5668937929539506	0.7146068639778705	1.0022935779816513	8682.0	368.0	58.0	1.0	0.0	56.0	2.0	0.0	439.0	364.0	26.0	1.0	1.0	2.0	0.0
5	9	6	-248.29948131382827	1.0	0.49942857142857144	8682.0	58.0	368.0	1.0	0.0	56.0	439.0	1.0	2.0	364.0	1.0	0.0	26.0	2.0	0.0
6	5	9	0.5681910327547606	0.2849525945576161	0.9977220956719818	8682.0	368.0	56.0	2.0	0.0	58.0	1.0	0.0	439.0	364.0	26.0	1.0	2.0	1.0	0.0
5	7	8	0.26833027452866093	0.3942226142385815	0.0	8679.0	180.0	180.0	67.0	3.0	262.0	7.0	2.0	7.0	581.0	5.0	1.0	10.0	16.0	0.0
5	8	7	0.26833027452866093	0.3942226142385815	0.0	8679.0	180.0	180.0	67.0	3.0	262.0	7.0	1.0	7.0	581.0	10.0	2.0	5.0	16.0	0.0
7	5	8	-15.978709238739226	1.0	0.5	8679.0	180.0	262.0	7.0	2.0	180.0	67.0	3.0	7.0	581.0	5.0	1.0	16.0	10.0	0.0
5	7	9	-0.9836366298809411	0.8373528924557794	1.018181818181818	8500.0	359.0	240.0	6.0	4.0	254.0	10.0	7.0	234.0	349.0	10.0	8.0	8.0	11.0	0.0
5	9	7	-56.067287903213774	1.0	0.49557522123893805	8500.0	240.0	359.0	6.0	4.0	254.0	234.0	8.0	10.0	349.0	8.0	7.0	10.0	11.0	0.0
7	5	9	1.0012015697002437	0.1583646942806597	0.9827586206896551	8500.0	359.0	254.0	10.0	7.0	240.0	6.0	4.0	234.0	349.0	10.0	8.0	11.0	8.0	0.0
5	8	9	-1.2632891116942278	0.8967572823155499	1.0226244343891402	8499.0	360.0	241.0	5.0	4.0	254.0	10.0	6.0	236.0	352.0	10.0	6.0	5.0	11.0	1.0
5	9	8	-58.363956960273406	1.0	0.4945295404814004	8499.0	241.0	360.0	5.0	4.0	254.0	236.0	6.0	10.0	352.0	5.0	6.0	10.0	11.0	1.0
8	5	9	1.291237985846755	0.09831065176782083	0.978813559322034	8499.0	360.0	254.0	10.0	6.0	241.0	5.0	4.0	236.0	352.0	10.0	6.0	11.0	5.0	1.0
6	7	8	0.5045563237335403	0.30693524261209215	0.03225806451612903	8681.0	179.0	178.0	67.0	3.0	260.0	7.0	3.0	9.0	582.0	5.0	1.0	10.0	15.0	0.0
6	8	7	-99999.9	1.0	-0.03571428571428571	8681.0	178.0	179.0	67.0	3.0	260.0	9.0	1.0	7.0	582.0	10.0	3.0	5.0	15.0	0.0
7	6	8	-14.632133388272658	1.0	0.4915254237288135	8681.0	179.0	260.0	7.0	3.0	178.0	67.0	3.0	9.0	582.0	5.0	1.0	15.0	10.0	0.0
6	7	9	-0.7649175511922729	0.777839745220146	1.0133928571428572	8500.0	360.0	238.0	6.0	4.0	254.0	9.0	7.0	236.0	350.0	10.0	8.0	8.0	10.0	0.0
6	9	7	-58.64367892474096	1.0	0.49671772428884026	8500.0	238.0	360.0	6.0	4.0	254.0	236.0	8.0	9.0	350.0	8.0	7.0	10.0	10.0	0.0
7	6	9	0.7750265937190429	0.2191619079921645	0.9871244635193133	8500.0	360.0	254.0	9.0	7.0	238.0	6.0	4.0	236.0	350.0	10.0	8.0	10.0	8.0	0.0
6	8	9	-1.0506309024466265	0.8532859002078252	1.0179372197309418	8498.0	361.0	240.0	5.0	4.0	255.0	9.0	6.0	236.0	353.0	10.0	7.0	5.0	10.0	1.0
6	9	8	-60.67393461629268	1.0	0.49563318777292575	8498.0	240.0	361.0	5.0	4.0	255.0	236.0	7.0	9.0	353.0	5.0	6.0	10.0	10.0	1.0
8	6	9	1.0691442223135275	0.14250237862779813	0.9829787234042553	8498.0	361.0	255.0	9.0	6.0	240.0	5.0	4.0	236.0	353.0	10.0	7.0	10.0	5.0	1.0
7	8	9	-0.2995392935127537	0.6177356339813884	1.0034602076124568	8575.0	366.0	179.0	5.0	5.0	178.0	6.0	4.0	296.0	357.0	11.0	8.0	3.0	6.0	1.0
7	9	8	-87.16593441221126	1.0	0.4991394148020654	8575.0	179.0	366.0	5.0	5.0	178.0	296.0	8.0	6.0	357.0	3.0	4.0	11.0	6.0	1.0
8	7	9	0.30057218762831495	0.3818704394883212	0.9965753424657534	8575.0	366.0	178.0	6.0	4.0	179.0	5.0	5.0	296.0	357.0	11.0	8.0	6.0	3.0	1.0
