P1	Hybrid	P2	Zscore	Pvalue	Gamma	AAAA	AAAB	AABA	AABB	AABC	ABAA	ABAB	ABAC	ABBA	BAAA	ABBC	CABC	BACA	BCAA	ABCD
1	2	3	-99999.9	1.0	-0.006968641114982578	23471.0	249.0	222.0	1474.0	16.0	2397.0	29.0	13.0	19.0	1858.0	8.0	16.0	6.0	218.0	4.0
1	3	2	1.4447507586785737	0.07426399792334692	0.006825938566552901	23471.0	222.0	249.0	1474.0	16.0	2397.0	19.0	16.0	29.0	1858.0	6.0	13.0	8.0	218.0	4.0
2	1	3	-208.7664846290539	1.0	0.5017241379310345	23471.0	249.0	2397.0	29.0	13.0	222.0	1474.0	16.0	19.0	1858.0	8.0	16.0	218.0	6.0	4.0
1	2	4	0.615277745645479	0.26918560276530634	0.01576182136602452	22653.0	1067.0	982.0	666.0	64.0	2281.0	104.0	54.0	113.0	1722.0	50.0	60.0	44.0	137.0	3.0
1	4	2	-99999.9	1.0	-0.016544117647058824	22653.0	982.0	1067.0	666.0	64.0	2281.0	113.0	60.0	104.0	1722.0	44.0	54.0	50.0	137.0	3.0
2	1	4	-37.80539926021666	1.0	0.4959641255605381	22653.0	1067.0	2281.0	104.0	54.0	982.0	666.0	64.0	113.0	1722.0	50.0	60.0	137.0	44.0	3.0
1	2	5	0.827775911036708	0.20389865656421546	0.02079722703639515	22636.0	1084.0	989.0	666.0	57.0	2300.0	101.0	38.0	113.0	1727.0	45.0	58.0	45.0	137.0	4.0
1	5	2	-99999.9	1.0	-0.022181146025878003	22636.0	989.0	1084.0	666.0	57.0	2300.0	113.0	58.0	101.0	1727.0	45.0	38.0	45.0	137.0	4.0
2	1	5	-38.146673233608304	1.0	0.4946332737030411	22636.0	1084.0	2300.0	101.0	38.0	989.0	666.0	57.0	113.0	1727.0	45.0	58.0	137.0	45.0	4.0
1	2	6	1.4599125508790236	0.07215709536253001	0.036395147313691506	22704.0	1016.0	1008.0	652.0	52.0	2285.0	96.0	58.0	117.0	1722.0	46.0	58.0	44.0	137.0	5.0
1	6	2	-99999.9	1.0	-0.04085603112840467	22704.0	1008.0	1016.0	652.0	52.0	2285.0	117.0	58.0	96.0	1722.0	44.0	58.0	46.0	137.0	5.0
2	1	6	-37.19301022477513	1.0	0.4903758020164986	22704.0	1016.0	2285.0	96.0	58.0	1008.0	652.0	52.0	117.0	1722.0	46.0	58.0	137.0	44.0	5.0
1	2	7	0.20138106695146976	0.4202003350175181	0.005415162454873647	22682.0	1038.0	1001.0	661.0	50.0	2268.0	110.0	61.0	113.0	1730.0	42.0	56.0	48.0	135.0	5.0
1	7	2	-99999.9	1.0	-0.005504587155963303	22682.0	1001.0	1038.0	661.0	50.0	2268.0	113.0	56.0	110.0	1730.0	48.0	61.0	42.0	135.0	5.0
2	1	7	-36.785608229801895	1.0	0.4986351228389445	22682.0	1038.0	2268.0	110.0	61.0	1001.0	661.0	50.0	113.0	1730.0	42.0	56.0	135.0	48.0	5.0
1	2	8	-0.812247539292037	0.7916752540716747	3.333333333333333	22136.0	1584.0	1522.0	133.0	57.0	2165.0	154.0	120.0	184.0	1635.0	66.0	92.0	68.0	79.0	5.0
1	8	2	-1.9726011668520897	0.9757295592363865	0.37037037037037035	22136.0	1522.0	1584.0	133.0	57.0	2165.0	184.0	92.0	154.0	1635.0	68.0	120.0	66.0	79.0	5.0
2	1	8	1.3808208167964628	0.08366708881785023	0.7083333333333334	22136.0	1584.0	2165.0	154.0	120.0	1522.0	133.0	57.0	184.0	1635.0	66.0	92.0	79.0	68.0	5.0
1	2	9	-0.7683390372662442	0.778857171631278	1.0301507537688441	22490.0	1230.0	1552.0	112.0	48.0	2231.0	124.0	84.0	534.0	1285.0	66.0	127.0	51.0	65.0	1.0
1	9	2	-27.01992281052959	1.0	0.49278846153846156	22490.0	1552.0	1230.0	112.0	48.0	2231.0	534.0	127.0	124.0	1285.0	51.0	84.0	66.0	65.0	1.0
2	1	9	0.7908270090886709	0.21452241137638683	0.9723502304147466	22490.0	1230.0	2231.0	124.0	84.0	1552.0	112.0	48.0	534.0	1285.0	66.0	127.0	65.0	51.0	1.0
1	3	4	1.3549729507894206	0.08771314991240409	0.034013605442176874	22628.0	1065.0	1007.0	670.0	62.0	2276.0	102.0	54.0	122.0	1721.0	50.0	56.0	47.0	136.0	4.0
1	4	3	-99999.9	1.0	-0.03787878787878787	22628.0	1007.0	1065.0	670.0	62.0	2276.0	122.0	56.0	102.0	1721.0	47.0	54.0	50.0	136.0	4.0
3	1	4	-37.1262588516301	1.0	0.4910394265232975	22628.0	1065.0	2276.0	102.0	54.0	1007.0	670.0	62.0	122.0	1721.0	50.0	56.0	136.0	47.0	4.0
1	3	5	1.6293887426366591	0.051615365897954346	0.04088586030664395	22608.0	1085.0	1017.0	663.0	59.0	2292.0	100.0	40.0	124.0	1725.0	44.0	55.0	48.0	137.0	3.0
1	5	3	-99999.9	1.0	-0.04660194174757282	22608.0	1017.0	1085.0	663.0	59.0	2292.0	124.0	55.0	100.0	1725.0	48.0	40.0	44.0	137.0	3.0
3	1	5	-36.593355511714975	1.0	0.48911070780399274	22608.0	1085.0	2292.0	100.0	40.0	1017.0	663.0	59.0	124.0	1725.0	44.0	55.0	137.0	48.0	3.0
1	3	6	2.3174308320742623	0.010240112391136535	0.057724957555178265	22676.0	1017.0	1036.0	650.0	53.0	2276.0	95.0	61.0	129.0	1720.0	44.0	55.0	47.0	136.0	5.0
1	6	3	-99999.9	1.0	-0.06981519507186858	22676.0	1036.0	1017.0	650.0	53.0	2276.0	129.0	55.0	95.0	1720.0	47.0	61.0	44.0	136.0	5.0
3	1	6	-35.51121951502029	1.0	0.48420074349442377	22676.0	1017.0	2276.0	95.0	61.0	1036.0	650.0	53.0	129.0	1720.0	44.0	55.0	136.0	47.0	5.0
1	3	7	0.9291367248345789	0.17640909905055635	0.02486678507992895	22656.0	1037.0	1027.0	658.0	54.0	2261.0	109.0	62.0	123.0	1728.0	42.0	53.0	51.0	134.0	5.0
1	7	3	-99999.9	1.0	-0.026871401151631478	22656.0	1027.0	1037.0	658.0	54.0	2261.0	123.0	53.0	109.0	1728.0	51.0	62.0	42.0	134.0	5.0
3	1	7	-35.506296270464254	1.0	0.4935424354243542	22656.0	1037.0	2261.0	109.0	62.0	1027.0	658.0	54.0	123.0	1728.0	42.0	53.0	134.0	51.0	5.0
1	3	8	-0.8660328541703806	0.8067639687418671	1.76	22110.0	1583.0	1548.0	133.0	58.0	2162.0	152.0	118.0	196.0	1629.0	68.0	83.0	76.0	79.0	5.0
1	8	3	-2.8715826217228417	0.9979578244737835	0.411214953271028	22110.0	1548.0	1583.0	133.0	58.0	2162.0	196.0	83.0	152.0	1629.0	76.0	118.0	68.0	79.0	5.0
3	1	8	1.2400015866530447	0.10748747179654516	0.7682926829268293	22110.0	1583.0	2162.0	152.0	118.0	1548.0	133.0	58.0	196.0	1629.0	68.0	83.0	79.0	76.0	5.0
1	3	9	-0.5132192996351098	0.6961010449202909	1.0192307692307692	22459.0	1234.0	1583.0	115.0	41.0	2226.0	123.0	83.0	547.0	1279.0	67.0	119.0	58.0	65.0	1.0
1	9	3	-27.713842180295917	1.0	0.4953271028037384	22459.0	1583.0	1234.0	115.0	41.0	2226.0	547.0	119.0	123.0	1279.0	58.0	83.0	67.0	65.0	1.0
3	1	9	0.522902682647093	0.30052097529327193	0.9818181818181818	22459.0	1234.0	2226.0	123.0	83.0	1583.0	115.0	41.0	547.0	1279.0	67.0	119.0	65.0	58.0	1.0
1	4	5	0.07436266738963296	0.4703608383668981	0.0014619883040935674	22665.0	970.0	960.0	773.0	64.0	2329.0	90.0	35.0	91.0	1740.0	39.0	51.0	43.0	149.0	1.0
1	5	4	-99999.9	1.0	-0.0014684287812041115	22665.0	960.0	970.0	773.0	64.0	2329.0	91.0	51.0	90.0	1740.0	43.0	35.0	39.0	149.0	1.0
4	1	5	-50.7153391597293	1.0	0.4996336996336996	22665.0	970.0	2329.0	90.0	35.0	960.0	773.0	64.0	91.0	1740.0	39.0	51.0	149.0	43.0	1.0
1	4	6	1.2105983257508952	0.11302475910204834	0.023494860499265784	22720.0	915.0	992.0	746.0	59.0	2317.0	81.0	56.0	97.0	1736.0	37.0	46.0	45.0	151.0	2.0
1	6	4	-99999.9	1.0	-0.025276461295418644	22720.0	992.0	915.0	746.0	59.0	2317.0	97.0	46.0	81.0	1736.0	45.0	56.0	37.0	151.0	2.0
4	1	6	-49.10489458827066	1.0	0.4939117199391172	22720.0	915.0	2317.0	81.0	56.0	992.0	746.0	59.0	97.0	1736.0	37.0	46.0	151.0	45.0	2.0
1	4	7	-99999.9	1.0	-0.007621951219512195	22696.0	939.0	987.0	756.0	54.0	2298.0	95.0	61.0	90.0	1747.0	33.0	49.0	46.0	146.0	3.0
1	7	4	0.3688098107918158	0.35613480616760906	0.007451564828614009	22696.0	987.0	939.0	756.0	54.0	2298.0	90.0	49.0	95.0	1747.0	46.0	61.0	33.0	146.0	3.0
4	1	7	-48.75665698667795	1.0	0.5018839487565938	22696.0	939.0	2298.0	95.0	61.0	987.0	756.0	54.0	90.0	1747.0	33.0	49.0	146.0	46.0	3.0
1	4	8	-0.505096633303016	0.6932545212263433	1.7857142857142856	22080.0	1555.0	1578.0	136.0	83.0	2183.0	147.0	124.0	172.0	1634.0	64.0	86.0	76.0	79.0	3.0
1	8	4	-1.6530435271735058	0.9508390136492627	0.4098360655737705	22080.0	1578.0	1555.0	136.0	83.0	2183.0	172.0	86.0	147.0	1634.0	76.0	124.0	64.0	79.0	3.0
4	1	8	0.7273391519563432	0.23350904047516863	0.7659574468085105	22080.0	1555.0	2183.0	147.0	124.0	1578.0	136.0	83.0	172.0	1634.0	64.0	86.0	79.0	76.0	3.0
1	4	9	-0.45037827605842967	0.6737811216097176	1.0178117048346056	22407.0	1228.0	1635.0	115.0	47.0	2253.0	122.0	79.0	522.0	1278.0	70.0	117.0	60.0	64.0	3.0
1	9	4	-26.186279765111518	1.0	0.4956629491945477	22407.0	1635.0	1228.0	115.0	47.0	2253.0	522.0	117.0	122.0	1278.0	60.0	79.0	70.0	64.0	3.0
4	1	9	0.45825989588945215	0.323382887467626	0.9830917874396136	22407.0	1228.0	2253.0	122.0	79.0	1635.0	115.0	47.0	522.0	1278.0	70.0	117.0	64.0	60.0	3.0
1	5	6	1.0376804818246361	0.1497094413965686	0.0161892901618929	22824.0	801.0	888.0	863.0	56.0	2344.0	73.0	54.0	86.0	1753.0	34.0	30.0	36.0	156.0	2.0
1	6	5	-99999.9	1.0	-0.017015706806282723	22824.0	888.0	801.0	863.0	56.0	2344.0	86.0	30.0	73.0	1753.0	36.0	54.0	34.0	156.0	2.0
5	1	6	-62.021364182903255	1.0	0.4958519463943842	22824.0	801.0	2344.0	73.0	54.0	888.0	863.0	56.0	86.0	1753.0	34.0	30.0	156.0	36.0	2.0
1	5	7	-99999.9	1.0	-0.011612903225806452	22797.0	828.0	886.0	870.0	51.0	2329.0	86.0	56.0	77.0	1764.0	32.0	31.0	38.0	153.0	2.0
1	7	5	0.7082595926548798	0.23939196327855394	0.011221945137157107	22797.0	886.0	828.0	870.0	51.0	2329.0	77.0	31.0	86.0	1764.0	38.0	56.0	32.0	153.0	2.0
5	1	7	-61.69728007126941	1.0	0.50285351934052	22797.0	828.0	2329.0	86.0	56.0	886.0	870.0	51.0	77.0	1764.0	32.0	31.0	153.0	38.0	2.0
1	5	8	-0.374603310157356	0.6460221859124315	1.6153846153846154	22069.0	1556.0	1589.0	143.0	75.0	2198.0	151.0	122.0	172.0	1632.0	69.0	71.0	74.0	77.0	2.0
1	8	5	-1.3579369993204151	0.9127581002059544	0.42000000000000004	22069.0	1589.0	1556.0	143.0	75.0	2198.0	172.0	71.0	151.0	1632.0	74.0	122.0	69.0	77.0	2.0
5	1	8	0.517309333074444	0.30247010933651586	0.7837837837837838	22069.0	1556.0	2198.0	151.0	122.0	1589.0	143.0	75.0	172.0	1632.0	69.0	71.0	77.0	74.0	2.0
1	5	9	-0.5926290571571343	0.723285331026954	1.0227848101265822	22390.0	1235.0	1652.0	108.0	47.0	2272.0	117.0	82.0	521.0	1284.0	68.0	99.0	59.0	65.0	1.0
1	9	5	-27.195088956210714	1.0	0.4944920440636475	22390.0	1652.0	1235.0	108.0	47.0	2272.0	521.0	99.0	117.0	1284.0	59.0	82.0	68.0	65.0	1.0
5	1	9	0.6058311896185556	0.2723133780553004	0.9786729857819905	22390.0	1235.0	2272.0	117.0	82.0	1652.0	108.0	47.0	521.0	1284.0	68.0	99.0	65.0	59.0	1.0
1	6	7	-99999.9	1.0	-0.022892819979188343	23065.0	647.0	618.0	1056.0	46.0	2346.0	73.0	41.0	51.0	1785.0	26.0	40.0	30.0	172.0	4.0
1	7	6	1.9885658077242212	0.023374505072726648	0.021421616358325218	23065.0	618.0	647.0	1056.0	46.0	2346.0	51.0	40.0	73.0	1785.0	30.0	41.0	26.0	172.0	4.0
6	1	7	-88.85273586331401	1.0	0.505533199195171	23065.0	647.0	2346.0	73.0	41.0	618.0	1056.0	46.0	51.0	1785.0	26.0	40.0	172.0	30.0	4.0
1	6	8	-0.565882579583264	0.7142632320205822	-0.9285714285714284	22121.0	1591.0	1537.0	125.0	58.0	2190.0	152.0	118.0	165.0	1629.0	68.0	86.0	76.0	77.0	7.0
1	8	6	-0.8383445623455762	0.799081442513534	0.24528301886792456	22121.0	1537.0	1591.0	125.0	58.0	2190.0	165.0	86.0	152.0	1629.0	76.0	118.0	68.0	77.0	7.0
6	1	8	1.7411771679485055	0.04082622423331772	0.5970149253731343	22121.0	1591.0	2190.0	152.0	118.0	1537.0	125.0	58.0	165.0	1629.0	68.0	86.0	77.0	76.0	7.0
1	6	9	-1.4983772320625663	0.9329823356421039	1.0628415300546448	22462.0	1250.0	1580.0	98.0	42.0	2261.0	121.0	78.0	510.0	1284.0	68.0	121.0	55.0	68.0	2.0
1	9	6	-26.84049650477294	1.0	0.48564294631710364	22462.0	1580.0	1250.0	98.0	42.0	2261.0	510.0	121.0	121.0	1284.0	55.0	78.0	68.0	68.0	2.0
6	1	9	1.5869702303593245	0.05625969717613433	0.9471264367816092	22462.0	1250.0	2261.0	121.0	78.0	1580.0	98.0	42.0	510.0	1284.0	68.0	121.0	68.0	55.0	2.0
1	7	8	-0.7218463353494305	0.7648055903253324	2.545454545454546	22102.0	1581.0	1556.0	125.0	68.0	2179.0	142.0	116.0	170.0	1648.0	70.0	92.0	67.0	79.0	5.0
1	8	7	-1.9107697112190782	0.9719829758825167	0.3835616438356164	22102.0	1556.0	1581.0	125.0	68.0	2179.0	170.0	92.0	142.0	1648.0	67.0	116.0	70.0	79.0	5.0
7	1	8	1.1601101818115858	0.12300203325239378	0.7258064516129032	22102.0	1581.0	2179.0	142.0	116.0	1556.0	125.0	68.0	170.0	1648.0	70.0	92.0	79.0	67.0	5.0
1	7	9	-0.39593580542114937	0.6539237560546203	1.0148883374689825	22448.0	1235.0	1594.0	110.0	45.0	2245.0	116.0	76.0	525.0	1291.0	72.0	122.0	53.0	67.0	1.0
1	9	7	-27.385559874962823	1.0	0.4963592233009709	22448.0	1594.0	1235.0	110.0	45.0	2245.0	525.0	122.0	116.0	1291.0	53.0	76.0	72.0	67.0	1.0
7	1	9	0.4017441546449315	0.34393621118277795	0.9857482185273159	22448.0	1235.0	2245.0	116.0	76.0	1594.0	110.0	45.0	525.0	1291.0	72.0	122.0	67.0	53.0	1.0
1	8	9	-0.39925260390759426	0.6551464072536579	1.016	22423.0	1235.0	1619.0	108.0	47.0	2248.0	114.0	79.0	495.0	1297.0	65.0	149.0	49.0	69.0	3.0
1	9	8	-25.75179295203983	1.0	0.49609375	22423.0	1619.0	1235.0	108.0	47.0	2248.0	495.0	149.0	114.0	1297.0	49.0	79.0	65.0	69.0	3.0
8	1	9	0.4055400464888163	0.3425403409580543	0.9847328244274809	22423.0	1235.0	2248.0	114.0	79.0	1619.0	108.0	47.0	495.0	1297.0	65.0	149.0	69.0	49.0	3.0
2	3	4	0.9742815061183857	0.16495839215367591	0.9933110367892977	24668.0	1200.0	266.0	22.0	3.0	236.0	16.0	5.0	907.0	2499.0	144.0	12.0	10.0	6.0	6.0
2	4	3	-143.70652215246182	1.0	0.5016891891891891	24668.0	266.0	1200.0	22.0	3.0	236.0	907.0	12.0	16.0	2499.0	10.0	5.0	144.0	6.0	6.0
3	2	4	-0.9677206878953664	0.8334080611615042	1.006825938566553	24668.0	1200.0	236.0	16.0	5.0	266.0	22.0	3.0	907.0	2499.0	144.0	12.0	6.0	10.0	6.0
2	3	5	-0.3324585539957781	0.630228416733444	1.0022371364653244	24669.0	1199.0	267.0	17.0	7.0	231.0	19.0	7.0	915.0	2502.0	133.0	14.0	9.0	6.0	5.0
2	5	3	-149.27389074410434	1.0	0.49944258639910816	24669.0	267.0	1199.0	17.0	7.0	231.0	915.0	14.0	19.0	2502.0	9.0	7.0	133.0	6.0	5.0
3	2	5	0.33320064898237584	0.36949148199588955	0.9977777777777778	24669.0	1199.0	231.0	19.0	7.0	267.0	17.0	7.0	915.0	2502.0	133.0	14.0	6.0	9.0	5.0
2	3	6	-0.17371398071511307	0.5689548716662106	1.0010917030567685	24717.0	1151.0	272.0	16.0	3.0	235.0	17.0	5.0	934.0	2484.0	132.0	14.0	10.0	6.0	4.0
2	6	3	-159.46943429647362	1.0	0.4997275204359673	24717.0	272.0	1151.0	16.0	3.0	235.0	934.0	14.0	17.0	2484.0	10.0	5.0	132.0	6.0	4.0
3	2	6	0.1739034179896116	0.43097068691282936	0.998911860718172	24717.0	1151.0	235.0	17.0	5.0	272.0	16.0	3.0	934.0	2484.0	132.0	14.0	6.0	10.0	4.0
2	3	7	-0.31544803647210734	0.6237891814246534	1.0022222222222221	24684.0	1184.0	266.0	19.0	6.0	233.0	21.0	3.0	923.0	2495.0	132.0	14.0	10.0	6.0	4.0
2	7	3	-142.58251248539207	1.0	0.4994462901439646	24684.0	266.0	1184.0	19.0	6.0	233.0	923.0	14.0	21.0	2495.0	10.0	3.0	132.0	6.0	4.0
3	2	7	0.3161474777946619	0.37594535456810607	0.9977924944812362	24684.0	1184.0	233.0	21.0	3.0	266.0	19.0	6.0	923.0	2495.0	132.0	14.0	6.0	10.0	4.0
2	3	8	0.0	0.49999999949999996	nan	24037.0	1831.0	264.0	16.0	11.0	235.0	16.0	6.0	1542.0	1823.0	185.0	21.0	8.0	2.0	3.0
2	8	3	-269.34072041934667	1.0	0.5	24037.0	264.0	1831.0	16.0	11.0	235.0	1542.0	21.0	16.0	1823.0	8.0	6.0	185.0	2.0	3.0
3	2	8	0.0	0.49999999949999996	nan	24037.0	1831.0	235.0	16.0	6.0	264.0	16.0	11.0	1542.0	1823.0	185.0	21.0	2.0	8.0	3.0
2	3	9	0.9987767348958103	0.1589514387422326	0.9974332648870636	24448.0	1420.0	273.0	15.0	3.0	237.0	10.0	10.0	1953.0	1443.0	154.0	23.0	9.0	1.0	1.0
2	9	3	-387.1258624456152	1.0	0.5006441638752898	24448.0	273.0	1420.0	15.0	3.0	237.0	1953.0	23.0	10.0	1443.0	9.0	10.0	154.0	1.0	1.0
3	2	9	-0.9962065425774989	0.8404250909833357	1.0025866528711846	24448.0	1420.0	237.0	10.0	10.0	273.0	15.0	3.0	1953.0	1443.0	154.0	23.0	1.0	9.0	1.0
2	4	5	0.1603054485217381	0.436320225420175	0.015873015873015872	23946.0	988.0	990.0	202.0	33.0	1048.0	78.0	29.0	80.0	2393.0	52.0	32.0	59.0	67.0	3.0
2	5	4	-99999.9	1.0	-0.016666666666666666	23946.0	990.0	988.0	202.0	33.0	1048.0	80.0	32.0	78.0	2393.0	59.0	29.0	52.0	67.0	3.0
4	2	5	-9.778632359826018	1.0	0.4959349593495935	23946.0	988.0	1048.0	78.0	29.0	990.0	202.0	33.0	80.0	2393.0	52.0	32.0	67.0	59.0	3.0
2	4	6	1.118484589588923	0.13168009157870475	0.11023622047244094	23980.0	954.0	1009.0	192.0	24.0	1057.0	79.0	19.0	93.0	2373.0	59.0	33.0	59.0	68.0	1.0
2	6	4	-99999.9	1.0	-0.16470588235294117	23980.0	1009.0	954.0	192.0	24.0	1057.0	93.0	33.0	79.0	2373.0	59.0	19.0	59.0	68.0	1.0
4	2	6	-7.909283883521668	0.9999999999999987	0.4669811320754717	23980.0	954.0	1057.0	79.0	19.0	1009.0	192.0	24.0	93.0	2373.0	59.0	33.0	68.0	59.0	1.0
2	4	7	0.3174453741874178	0.37545291018387583	0.034188034188034185	23941.0	993.0	1009.0	193.0	23.0	1053.0	80.0	22.0	84.0	2388.0	53.0	33.0	58.0	68.0	2.0
2	7	4	-99999.9	1.0	-0.0380952380952381	23941.0	1009.0	993.0	193.0	23.0	1053.0	84.0	33.0	80.0	2388.0	58.0	22.0	53.0	68.0	2.0
4	2	7	-8.650386446607133	1.0	0.49099099099099097	23941.0	993.0	1053.0	80.0	22.0	1009.0	193.0	23.0	84.0	2388.0	53.0	33.0	68.0	58.0	2.0
2	4	8	1.0650255789555316	0.14343221081248136	0.9776357827476039	23226.0	1708.0	1075.0	95.0	55.0	1037.0	81.0	37.0	693.0	1715.0	117.0	68.0	51.0	39.0	3.0
2	8	4	-45.49180687252911	1.0	0.5057851239669422	23226.0	1075.0	1708.0	95.0	55.0	1037.0	693.0	68.0	81.0	1715.0	51.0	37.0	117.0	39.0	3.0
4	2	8	-1.0406622487179866	0.8509838100102075	1.023972602739726	23226.0	1708.0	1037.0	81.0	37.0	1075.0	95.0	55.0	693.0	1715.0	117.0	68.0	39.0	51.0	3.0
2	4	9	0.7890610261628619	0.21503810750028662	0.9911154985192497	23598.0	1336.0	1123.0	70.0	32.0	1062.0	61.0	32.0	1065.0	1358.0	102.0	86.0	43.0	29.0	3.0
2	9	4	-87.23508011467194	1.0	0.5022511255627814	23598.0	1123.0	1336.0	70.0	32.0	1062.0	1065.0	86.0	61.0	1358.0	43.0	32.0	102.0	29.0	3.0
4	2	9	-0.7819877699522387	0.7828891830019815	1.0091277890466532	23598.0	1336.0	1062.0	61.0	32.0	1123.0	70.0	32.0	1065.0	1358.0	102.0	86.0	29.0	43.0	3.0
2	5	6	0.6860937246289215	0.24632693607217626	0.03347280334728034	24094.0	842.0	895.0	297.0	31.0	1074.0	66.0	20.0	74.0	2403.0	53.0	35.0	42.0	72.0	2.0
2	6	5	-99999.9	1.0	-0.037209302325581395	24094.0	895.0	842.0	297.0	31.0	1074.0	74.0	35.0	66.0	2403.0	42.0	20.0	53.0	72.0	2.0
5	2	6	-19.124862574031177	1.0	0.4911894273127754	24094.0	842.0	1074.0	66.0	20.0	895.0	297.0	31.0	74.0	2403.0	53.0	35.0	72.0	42.0	2.0
2	5	7	-99999.9	1.0	-0.022026431718061675	24051.0	885.0	899.0	298.0	26.0	1075.0	66.0	19.0	61.0	2417.0	52.0	34.0	43.0	72.0	2.0
2	7	5	0.44778016157826833	0.3271559576594092	0.02066115702479339	24051.0	899.0	885.0	298.0	26.0	1075.0	61.0	34.0	66.0	2417.0	43.0	19.0	52.0	72.0	2.0
5	2	7	-20.776999497231678	1.0	0.5053304904051172	24051.0	885.0	1075.0	66.0	19.0	899.0	298.0	26.0	61.0	2417.0	52.0	34.0	72.0	43.0	2.0
2	5	8	1.3348945151050002	0.09095550146928888	0.9713831478537361	23224.0	1712.0	1077.0	102.0	44.0	1043.0	84.0	33.0	695.0	1713.0	122.0	60.0	50.0	37.0	4.0
2	8	5	-43.97735819207029	1.0	0.5074750830564784	23224.0	1077.0	1712.0	102.0	44.0	1043.0	695.0	60.0	84.0	1713.0	50.0	33.0	122.0	37.0	4.0
5	2	8	-1.2955686537762114	0.9024378647330191	1.031304347826087	23224.0	1712.0	1043.0	84.0	33.0	1077.0	102.0	44.0	695.0	1713.0	122.0	60.0	37.0	50.0	4.0
2	5	9	0.698473726897887	0.2424404226486142	0.9921026653504442	23597.0	1339.0	1124.0	70.0	29.0	1065.0	62.0	33.0	1067.0	1359.0	104.0	81.0	41.0	28.0	1.0
2	9	5	-87.04728821464923	1.0	0.5019980019980019	23597.0	1124.0	1339.0	70.0	29.0	1065.0	1067.0	81.0	62.0	1359.0	41.0	33.0	104.0	28.0	1.0
5	2	9	-0.6929137370320331	0.7558182243113785	1.0080889787664307	23597.0	1339.0	1065.0	62.0	33.0	1124.0	70.0	29.0	1067.0	1359.0	104.0	81.0	28.0	41.0	1.0
2	6	7	-99999.9	1.0	-0.027777777777777776	24302.0	687.0	648.0	502.0	20.0	1109.0	58.0	16.0	46.0	2424.0	41.0	15.0	44.0	87.0	1.0
2	7	6	1.187851680517702	0.11744598786526594	0.025641025641025637	24302.0	648.0	687.0	502.0	20.0	1109.0	46.0	15.0	58.0	2424.0	44.0	16.0	41.0	87.0	1.0
6	2	7	-43.950512179154956	1.0	0.5066666666666666	24302.0	687.0	1109.0	58.0	16.0	648.0	502.0	20.0	46.0	2424.0	41.0	15.0	87.0	44.0	1.0
2	6	8	-0.5348622215220828	0.7036274528789039	1.0119250425894377	23253.0	1736.0	1048.0	81.0	41.0	1058.0	88.0	37.0	682.0	1711.0	118.0	58.0	48.0	39.0	2.0
2	8	6	-45.92174216211017	1.0	0.497071129707113	23253.0	1048.0	1736.0	81.0	41.0	1058.0	682.0	58.0	88.0	1711.0	48.0	37.0	118.0	39.0	2.0
6	2	8	0.5411653116747001	0.29419679951519084	0.9884868421052632	23253.0	1736.0	1058.0	88.0	37.0	1048.0	81.0	41.0	682.0	1711.0	118.0	58.0	39.0	48.0	2.0
2	6	9	-0.6043544615279766	0.7271960470534429	1.0071868583162218	23642.0	1347.0	1079.0	63.0	28.0	1081.0	70.0	32.0	1051.0	1357.0	103.0	81.0	35.0	30.0	1.0
2	9	6	-85.30031542709159	1.0	0.4982224479431183	23642.0	1079.0	1347.0	63.0	28.0	1081.0	1051.0	81.0	70.0	1357.0	35.0	32.0	103.0	30.0	1.0
6	2	9	0.6086668786846492	0.2713725815873256	0.992964824120603	23642.0	1347.0	1081.0	70.0	32.0	1079.0	63.0	28.0	1051.0	1357.0	103.0	81.0	30.0	35.0	1.0
2	7	8	0.531793723550562	0.297434417070093	0.988599348534202	23231.0	1719.0	1070.0	91.0	48.0	1050.0	84.0	36.0	691.0	1718.0	117.0	57.0	45.0	43.0	0.0
2	8	7	-45.58231916147675	1.0	0.5028997514498758	23231.0	1070.0	1719.0	91.0	48.0	1050.0	691.0	57.0	84.0	1718.0	45.0	36.0	117.0	43.0	0.0
7	2	8	-0.5256610117468488	0.7004381362370693	1.0118043844856661	23231.0	1719.0	1050.0	84.0	36.0	1070.0	91.0	48.0	691.0	1718.0	117.0	57.0	43.0	45.0	0.0
2	7	9	1.2156087704371867	0.11206706224111262	0.9861932938856016	23614.0	1336.0	1107.0	74.0	28.0	1079.0	60.0	31.0	1060.0	1363.0	103.0	74.0	39.0	31.0	1.0
2	9	7	-85.6135891179332	1.0	0.5035246727089627	23614.0	1107.0	1336.0	74.0	28.0	1079.0	1060.0	74.0	60.0	1363.0	39.0	31.0	103.0	31.0	1.0
7	2	9	-1.1985902476510661	0.8846562792939183	1.01440329218107	23614.0	1336.0	1079.0	60.0	31.0	1107.0	74.0	28.0	1060.0	1363.0	103.0	74.0	31.0	39.0	1.0
2	8	9	0.4954115353398136	0.3101548278914019	0.9817232375979112	23023.0	1278.0	1698.0	105.0	55.0	1648.0	98.0	52.0	474.0	1314.0	59.0	91.0	50.0	55.0	0.0
2	9	8	-26.115265220055893	1.0	0.5046979865771811	23023.0	1698.0	1278.0	105.0	55.0	1648.0	474.0	91.0	98.0	1314.0	50.0	52.0	59.0	55.0	0.0
8	2	9	-0.4861884482457213	0.6865832135617022	1.0193370165745856	23023.0	1278.0	1648.0	98.0	52.0	1698.0	105.0	55.0	474.0	1314.0	59.0	91.0	55.0	50.0	0.0
3	4	5	0.7309942909298511	0.23239125088194057	0.0671641791044776	23911.0	993.0	989.0	201.0	31.0	1083.0	76.0	26.0	85.0	2389.0	53.0	28.0	60.0	72.0	3.0
3	5	4	-99999.9	1.0	-0.08411214953271028	23911.0	989.0	993.0	201.0	31.0	1083.0	85.0	28.0	76.0	2389.0	60.0	26.0	53.0	72.0	3.0
4	3	5	-9.421704194206974	1.0	0.4813278008298756	23911.0	993.0	1083.0	76.0	26.0	989.0	201.0	31.0	85.0	2389.0	53.0	28.0	72.0	60.0	3.0
3	4	6	1.68236648447621	0.04624887349727158	0.15555555555555556	23946.0	958.0	1006.0	191.0	24.0	1091.0	77.0	17.0	98.0	2370.0	59.0	31.0	59.0	72.0	1.0
3	6	4	-99999.9	1.0	-0.2916666666666667	23946.0	1006.0	958.0	191.0	24.0	1091.0	98.0	31.0	77.0	2370.0	59.0	17.0	59.0	72.0	1.0
4	3	6	-7.450480145537502	0.9999999999999531	0.4492753623188405	23946.0	958.0	1091.0	77.0	17.0	1006.0	191.0	24.0	98.0	2370.0	59.0	31.0	72.0	59.0	1.0
3	4	7	0.9706197294400474	0.16586883714443323	0.09523809523809525	23910.0	994.0	1007.0	191.0	23.0	1084.0	77.0	24.0	89.0	2385.0	53.0	30.0	58.0	73.0	2.0
3	7	4	-99999.9	1.0	-0.13333333333333333	23910.0	1007.0	994.0	191.0	23.0	1084.0	89.0	30.0	77.0	2385.0	58.0	24.0	53.0	73.0	2.0
4	3	7	-8.2502677002404	1.0	0.4722222222222222	23910.0	994.0	1084.0	77.0	24.0	1007.0	191.0	23.0	89.0	2385.0	53.0	30.0	73.0	58.0	2.0
3	4	8	1.0589387654641345	0.14481386550348574	0.9778830963665087	23201.0	1703.0	1071.0	96.0	54.0	1062.0	82.0	41.0	701.0	1708.0	118.0	64.0	51.0	45.0	3.0
3	8	4	-45.7612823647001	1.0	0.505718954248366	23201.0	1071.0	1703.0	96.0	54.0	1062.0	701.0	64.0	82.0	1708.0	51.0	41.0	118.0	45.0	3.0
4	3	8	-1.0349886156798083	0.8496628630510289	1.023688663282572	23201.0	1703.0	1062.0	82.0	41.0	1071.0	96.0	54.0	701.0	1708.0	118.0	64.0	45.0	51.0	3.0
3	4	9	0.34867200422725403	0.3636678475353592	0.9960435212660732	23564.0	1340.0	1121.0	68.0	32.0	1096.0	64.0	25.0	1071.0	1353.0	103.0	82.0	42.0	36.0	3.0
3	9	4	-87.42950505998391	1.0	0.5009950248756219	23564.0	1121.0	1340.0	68.0	32.0	1096.0	1071.0	82.0	64.0	1353.0	42.0	25.0	103.0	36.0	3.0
4	3	9	-0.34728701116180316	0.6358120803636593	1.004004004004004	23564.0	1340.0	1096.0	64.0	25.0	1121.0	68.0	32.0	1071.0	1353.0	103.0	82.0	36.0	42.0	3.0
3	5	6	0.7757527031054822	0.21894744288915213	0.03734439834024897	24055.0	845.0	897.0	297.0	31.0	1113.0	65.0	18.0	74.0	2398.0	53.0	33.0	43.0	77.0	1.0
3	6	5	-99999.9	1.0	-0.04205607476635514	24055.0	897.0	845.0	297.0	31.0	1113.0	74.0	33.0	65.0	2398.0	43.0	18.0	53.0	77.0	1.0
5	3	6	-19.22142808805806	1.0	0.4901098901098901	24055.0	845.0	1113.0	65.0	18.0	897.0	297.0	31.0	74.0	2398.0	53.0	33.0	77.0	43.0	1.0
3	5	7	-99999.9	1.0	-0.01739130434782609	24016.0	884.0	901.0	299.0	25.0	1110.0	65.0	21.0	61.0	2411.0	53.0	32.0	44.0	77.0	1.0
3	7	5	0.3589940929255424	0.35979981727068044	0.01652892561983471	24016.0	901.0	884.0	299.0	25.0	1110.0	61.0	32.0	65.0	2411.0	44.0	21.0	53.0	77.0	1.0
5	3	7	-21.001154436144233	1.0	0.5042372881355932	24016.0	884.0	1110.0	65.0	21.0	901.0	299.0	25.0	61.0	2411.0	53.0	32.0	77.0	44.0	1.0
3	5	8	1.3208555849255976	0.09327482711275159	0.9713831478537361	23195.0	1705.0	1077.0	104.0	44.0	1072.0	86.0	38.0	697.0	1705.0	123.0	58.0	50.0	43.0	3.0
3	8	5	-43.51485343671553	1.0	0.5074750830564784	23195.0	1077.0	1705.0	104.0	44.0	1072.0	697.0	58.0	86.0	1705.0	50.0	38.0	123.0	43.0	3.0
5	3	8	-1.2819433091012755	0.9000686644982017	1.031304347826087	23195.0	1705.0	1072.0	86.0	38.0	1077.0	104.0	44.0	697.0	1705.0	123.0	58.0	43.0	50.0	3.0
3	5	9	0.5234516737966808	0.3003299724943539	0.9940535183349851	23556.0	1344.0	1129.0	69.0	27.0	1106.0	63.0	27.0	1066.0	1354.0	105.0	77.0	42.0	34.0	1.0
3	9	5	-86.98021979588175	1.0	0.5015	23556.0	1129.0	1344.0	69.0	27.0	1106.0	1066.0	77.0	63.0	1354.0	42.0	27.0	105.0	34.0	1.0
5	3	9	-0.5203203577021841	0.698579857618711	1.0060544904137234	23556.0	1344.0	1106.0	63.0	27.0	1129.0	69.0	27.0	1066.0	1354.0	105.0	77.0	34.0	42.0	1.0
3	6	7	-99999.9	1.0	-0.027777777777777776	24266.0	686.0	651.0	501.0	21.0	1145.0	57.0	18.0	45.0	2420.0	41.0	13.0	43.0	92.0	1.0
3	7	6	1.199357718241631	0.11519450518551055	0.025641025641025637	24266.0	651.0	686.0	501.0	21.0	1145.0	45.0	13.0	57.0	2420.0	43.0	18.0	41.0	92.0	1.0
6	3	7	-44.37623557494035	1.0	0.5066666666666666	24266.0	686.0	1145.0	57.0	18.0	651.0	501.0	21.0	45.0	2420.0	41.0	13.0	92.0	43.0	1.0
3	6	8	-0.6088572082941915	0.7286905060113813	1.0136752136752136	23221.0	1731.0	1051.0	81.0	41.0	1090.0	89.0	41.0	682.0	1705.0	119.0	55.0	47.0	45.0	2.0
3	8	6	-45.7403977731011	1.0	0.4966499162479062	23221.0	1051.0	1731.0	81.0	41.0	1090.0	682.0	55.0	89.0	1705.0	47.0	41.0	119.0	45.0	2.0
6	3	8	0.6170711335325618	0.2685938501632774	0.986863711001642	23221.0	1731.0	1090.0	89.0	41.0	1051.0	81.0	41.0	682.0	1705.0	119.0	55.0	45.0	47.0	2.0
3	6	9	-0.9265940198366717	0.8229313385383696	1.0113753877973113	23603.0	1349.0	1082.0	64.0	27.0	1120.0	75.0	25.0	1053.0	1349.0	104.0	76.0	35.0	37.0	1.0
3	9	6	-83.30922596531526	1.0	0.49720386375190645	23603.0	1082.0	1349.0	64.0	27.0	1120.0	1053.0	76.0	75.0	1349.0	35.0	25.0	104.0	37.0	1.0
6	3	9	0.937015833965714	0.17437519162678206	0.989	23603.0	1349.0	1120.0	75.0	25.0	1082.0	64.0	27.0	1053.0	1349.0	104.0	76.0	37.0	35.0	1.0
3	7	8	0.4542172114865349	0.3248362713054891	0.9901960784313726	23202.0	1715.0	1070.0	91.0	47.0	1079.0	85.0	39.0	691.0	1711.0	118.0	57.0	45.0	50.0	0.0
3	8	7	-45.421721148653454	1.0	0.5024875621890548	23202.0	1070.0	1715.0	91.0	47.0	1079.0	691.0	57.0	85.0	1711.0	45.0	39.0	118.0	50.0	0.0
7	3	8	-0.44972001137280687	0.6735438043498257	1.0101010101010102	23202.0	1715.0	1079.0	85.0	39.0	1070.0	91.0	47.0	691.0	1711.0	118.0	57.0	50.0	45.0	0.0
3	7	9	0.7606430757759908	0.22343507504729965	0.991044776119403	23579.0	1338.0	1106.0	75.0	27.0	1114.0	66.0	23.0	1062.0	1354.0	104.0	73.0	39.0	39.0	1.0
3	9	7	-83.41719064343376	1.0	0.502269288956127	23579.0	1106.0	1338.0	75.0	27.0	1114.0	1062.0	73.0	66.0	1354.0	39.0	23.0	104.0	39.0	1.0
7	3	9	-0.7537697949707861	0.7745063355238657	1.00920245398773	23579.0	1338.0	1114.0	66.0	23.0	1106.0	75.0	27.0	1062.0	1354.0	104.0	73.0	39.0	39.0	1.0
3	8	9	0.34796580521411924	0.3639329976213842	0.9868073878627969	22991.0	1281.0	1694.0	107.0	52.0	1680.0	102.0	45.0	476.0	1305.0	60.0	93.0	52.0	62.0	0.0
3	9	8	-25.679876424802032	1.0	0.5033647375504711	22991.0	1694.0	1281.0	107.0	52.0	1680.0	476.0	93.0	102.0	1305.0	52.0	45.0	60.0	62.0	0.0
8	3	9	-0.34331385594655084	0.6343187545586035	1.0137362637362637	22991.0	1281.0	1680.0	102.0	45.0	1694.0	107.0	52.0	476.0	1305.0	60.0	93.0	62.0	52.0	0.0
4	5	6	2.0980191043925047	0.01795166621059474	0.17391304347826086	24145.0	849.0	892.0	175.0	28.0	1023.0	61.0	18.0	85.0	2525.0	52.0	27.0	47.0	72.0	1.0
4	6	5	-99999.9	1.0	-0.3636363636363636	24145.0	892.0	849.0	175.0	28.0	1023.0	85.0	27.0	61.0	2525.0	47.0	18.0	52.0	72.0	1.0
5	4	6	-7.867571641471898	0.9999999999999982	0.4411764705882353	24145.0	849.0	1023.0	61.0	18.0	892.0	175.0	28.0	85.0	2525.0	52.0	27.0	72.0	47.0	1.0
4	5	7	1.174427112228848	0.12011205661285607	0.1015625	24100.0	894.0	894.0	175.0	26.0	1026.0	60.0	16.0	73.0	2541.0	48.0	27.0	48.0	71.0	1.0
4	7	5	-99999.9	1.0	-0.14606741573033707	24100.0	894.0	894.0	175.0	26.0	1026.0	73.0	27.0	60.0	2541.0	48.0	16.0	48.0	71.0	1.0
5	4	7	-9.214735803641732	1.0	0.4700460829493088	24100.0	894.0	1026.0	60.0	16.0	894.0	175.0	26.0	73.0	2541.0	48.0	27.0	71.0	48.0	1.0
4	5	8	0.32306237882461886	0.37332406929195794	0.994535519125683	23295.0	1699.0	968.0	79.0	48.0	972.0	75.0	55.0	803.0	1733.0	126.0	61.0	41.0	40.0	5.0
4	8	5	-58.47429056725597	1.0	0.5013774104683195	23295.0	968.0	1699.0	79.0	48.0	972.0	803.0	61.0	75.0	1733.0	41.0	55.0	126.0	40.0	5.0
5	4	8	-0.321287310809099	0.6260035954037816	1.0055555555555555	23295.0	1699.0	972.0	75.0	55.0	968.0	79.0	48.0	803.0	1733.0	126.0	61.0	40.0	41.0	5.0
4	5	9	0.09325048047476323	0.4628522246900213	0.9991158267020336	23649.0	1345.0	1011.0	58.0	26.0	1013.0	57.0	32.0	1187.0	1364.0	111.0	74.0	36.0	35.0	2.0
4	9	5	-105.27979245600764	1.0	0.5002213368747234	23649.0	1011.0	1345.0	58.0	26.0	1013.0	1187.0	74.0	57.0	1364.0	36.0	32.0	111.0	35.0	2.0
5	4	9	-0.09316795792567054	0.5371149963215083	1.000886524822695	23649.0	1345.0	1013.0	57.0	32.0	1011.0	58.0	26.0	1187.0	1364.0	111.0	74.0	35.0	36.0	2.0
4	6	7	-99999.9	1.0	-0.03536977491961415	24346.0	691.0	648.0	382.0	22.0	1065.0	60.0	10.0	49.0	2545.0	39.0	12.0	44.0	86.0	1.0
4	7	6	1.066755887382867	0.14304107554604517	0.031976744186046506	24346.0	648.0	691.0	382.0	22.0	1065.0	49.0	12.0	60.0	2545.0	44.0	10.0	39.0	86.0	1.0
6	4	7	-31.226854157934827	1.0	0.5083969465648854	24346.0	691.0	1065.0	60.0	10.0	648.0	382.0	22.0	49.0	2545.0	39.0	12.0	86.0	44.0	1.0
4	6	8	-1.6471794501049815	0.950239431365675	1.0293685756240822	23315.0	1722.0	948.0	61.0	43.0	996.0	81.0	58.0	782.0	1728.0	123.0	58.0	40.0	42.0	3.0
4	8	6	-59.38081917628456	1.0	0.4929676511954993	23315.0	948.0	1722.0	61.0	43.0	996.0	782.0	58.0	81.0	1728.0	40.0	58.0	123.0	42.0	3.0
6	4	8	1.694174584202128	0.04511602859281727	0.9730094466936572	23315.0	1722.0	996.0	81.0	58.0	948.0	61.0	43.0	782.0	1728.0	123.0	58.0	42.0	40.0	3.0
4	6	9	-1.3296694886276124	0.9081863385962072	1.013953488372093	23688.0	1349.0	972.0	55.0	25.0	1035.0	70.0	30.0	1160.0	1360.0	113.0	79.0	27.0	35.0	2.0
4	9	6	-97.95231899556741	1.0	0.49658314350797267	23688.0	972.0	1349.0	55.0	25.0	1035.0	1160.0	79.0	70.0	1360.0	27.0	30.0	113.0	35.0	2.0
6	4	9	1.3479676925995518	0.08883445025665271	0.9866071428571429	23688.0	1349.0	1035.0	70.0	30.0	972.0	55.0	25.0	1160.0	1360.0	113.0	79.0	35.0	27.0	2.0
4	7	8	-0.6489035690990239	0.7417997082422365	1.0113960113960114	23292.0	1702.0	971.0	71.0	53.0	989.0	79.0	58.0	789.0	1737.0	123.0	58.0	33.0	44.0	1.0
4	8	7	-58.23909532663744	1.0	0.49719887955182074	23292.0	971.0	1702.0	71.0	53.0	989.0	789.0	58.0	79.0	1737.0	33.0	58.0	123.0	44.0	1.0
7	4	8	0.6562151586099988	0.25584278488917045	0.9889807162534435	23292.0	1702.0	989.0	79.0	58.0	971.0	71.0	53.0	789.0	1737.0	123.0	58.0	44.0	33.0	1.0
4	7	9	0.3486113722840266	0.3636906098966457	0.9964125560538116	23663.0	1331.0	997.0	68.0	30.0	1030.0	64.0	32.0	1175.0	1364.0	110.0	69.0	29.0	36.0	2.0
4	9	7	-96.4781972796043	1.0	0.5009017132551847	23663.0	997.0	1331.0	68.0	30.0	1030.0	1175.0	69.0	64.0	1364.0	29.0	32.0	110.0	36.0	2.0
7	4	9	-0.34735624583115876	0.6358380842904814	1.0036264732547597	23663.0	1331.0	1030.0	64.0	32.0	997.0	68.0	30.0	1175.0	1364.0	110.0	69.0	36.0	29.0	2.0
4	8	9	0.141750107870686	0.4436386725647741	0.9947643979057592	22986.0	1277.0	1674.0	101.0	51.0	1685.0	99.0	52.0	479.0	1308.0	62.0	110.0	50.0	65.0	1.0
4	9	8	-26.79077038755965	1.0	0.5013192612137203	22986.0	1674.0	1277.0	101.0	51.0	1685.0	479.0	110.0	99.0	1308.0	50.0	52.0	62.0	65.0	1.0
8	4	9	-0.14100405467136662	0.5560666555752845	1.0053191489361701	22986.0	1277.0	1685.0	99.0	52.0	1674.0	101.0	51.0	479.0	1308.0	62.0	110.0	65.0	50.0	1.0
5	6	7	-99999.9	1.0	-0.05612244897959184	24480.0	688.0	646.0	265.0	17.0	931.0	58.0	15.0	47.0	2683.0	42.0	16.0	46.0	65.0	1.0
5	7	6	1.0937481368318622	0.13703277044792328	0.048034934497816595	24480.0	646.0	688.0	265.0	17.0	931.0	47.0	16.0	58.0	2683.0	46.0	15.0	42.0	65.0	1.0
6	5	7	-20.582351302199605	1.0	0.5129411764705882	24480.0	688.0	931.0	58.0	15.0	646.0	265.0	17.0	47.0	2683.0	42.0	16.0	65.0	46.0	1.0
5	6	8	-2.0608693887410854	0.9803423149112898	1.0318471337579618	23427.0	1741.0	840.0	58.0	30.0	884.0	83.0	37.0	893.0	1736.0	143.0	55.0	33.0	37.0	3.0
5	8	6	-68.83303758395219	1.0	0.49240121580547114	23427.0	840.0	1741.0	58.0	30.0	884.0	893.0	55.0	83.0	1736.0	33.0	37.0	143.0	37.0	3.0
6	5	8	2.1244764686405015	0.016815101280888367	0.9709302325581395	23427.0	1741.0	884.0	83.0	37.0	840.0	58.0	30.0	893.0	1736.0	143.0	55.0	37.0	33.0	3.0
5	6	9	-1.485296002527507	0.9312672509767955	1.0133111480865225	23807.0	1361.0	855.0	49.0	24.0	916.0	65.0	23.0	1283.0	1369.0	120.0	73.0	23.0	32.0	0.0
5	9	6	-114.553454194934	1.0	0.4967373572593801	23807.0	855.0	1361.0	49.0	24.0	916.0	1283.0	73.0	65.0	1369.0	23.0	23.0	120.0	32.0	0.0
6	5	9	1.5048072800648142	0.06618684409787157	0.9872	23807.0	1361.0	916.0	65.0	23.0	855.0	49.0	24.0	1283.0	1369.0	120.0	73.0	32.0	23.0	0.0
5	7	8	-0.7477246349058719	0.772686933737309	1.011042944785276	23401.0	1725.0	866.0	67.0	37.0	880.0	76.0	38.0	900.0	1746.0	141.0	52.0	30.0	39.0	2.0
5	8	7	-69.20606898628796	1.0	0.49728424864212434	23401.0	866.0	1725.0	67.0	37.0	880.0	900.0	52.0	76.0	1746.0	30.0	38.0	141.0	39.0	2.0
7	5	8	0.7558915301900381	0.22485704895271674	0.9893111638954869	23401.0	1725.0	880.0	76.0	38.0	866.0	67.0	37.0	900.0	1746.0	141.0	52.0	39.0	30.0	2.0
5	7	9	0.5441753239882978	0.2931603911414935	0.9951807228915662	23782.0	1344.0	880.0	64.0	26.0	911.0	58.0	25.0	1297.0	1372.0	118.0	64.0	27.0	32.0	0.0
5	9	7	-111.82802907959538	1.0	0.5012135922330097	23782.0	880.0	1344.0	64.0	26.0	911.0	1297.0	64.0	58.0	1372.0	27.0	25.0	118.0	32.0	0.0
7	5	9	-0.5415400923951343	0.7059323373251093	1.0048899755501222	23782.0	1344.0	911.0	58.0	25.0	880.0	64.0	26.0	1297.0	1372.0	118.0	64.0	32.0	27.0	0.0
5	8	9	0.0720546467413968	0.4712791405855883	0.9974293059125964	22979.0	1288.0	1683.0	97.0	49.0	1692.0	96.0	44.0	484.0	1307.0	61.0	96.0	54.0	70.0	0.0
5	9	8	-27.88514828892036	1.0	0.5006451612903225	22979.0	1683.0	1288.0	97.0	49.0	1692.0	484.0	96.0	96.0	1307.0	54.0	44.0	61.0	70.0	0.0
8	5	9	-0.07186893888897052	0.5286469643146638	1.0025906735751295	22979.0	1288.0	1692.0	96.0	44.0	1683.0	97.0	49.0	484.0	1307.0	61.0	96.0	70.0	54.0	0.0
6	7	8	1.5142037147508276	0.06498711551401448	0.9859550561797753	23635.0	1776.0	676.0	57.0	28.0	646.0	42.0	21.0	1095.0	1764.0	154.0	47.0	25.0	31.0	3.0
6	8	7	-104.78289706075732	1.0	0.503586800573888	23635.0	676.0	1776.0	57.0	28.0	646.0	1095.0	47.0	42.0	1764.0	25.0	21.0	154.0	31.0	3.0
7	6	8	-1.4926338612643486	0.9322334408689368	1.0146627565982405	23635.0	1776.0	646.0	42.0	21.0	676.0	57.0	28.0	1095.0	1764.0	154.0	47.0	31.0	25.0	3.0
6	7	9	2.007153494509615	0.022366591951485937	0.9864314789687924	24043.0	1368.0	680.0	60.0	21.0	650.0	40.0	19.0	1494.0	1390.0	129.0	67.0	20.0	18.0	1.0
6	9	7	-143.9129055563392	1.0	0.5034626038781163	24043.0	680.0	1368.0	60.0	21.0	650.0	1494.0	67.0	40.0	1390.0	20.0	19.0	129.0	18.0	1.0
7	6	9	-1.979544780692427	0.9761227177315281	1.0141442715700142	24043.0	1368.0	650.0	40.0	19.0	680.0	60.0	21.0	1494.0	1390.0	129.0	67.0	18.0	20.0	1.0
6	8	9	1.1747377691844478	0.12004988316923604	0.9585492227979274	23017.0	1294.0	1706.0	104.0	51.0	1654.0	88.0	46.0	458.0	1312.0	61.0	99.0	50.0	58.0	2.0
6	9	8	-25.99107314320592	1.0	0.511049723756906	23017.0	1706.0	1294.0	104.0	51.0	1654.0	458.0	99.0	88.0	1312.0	50.0	46.0	61.0	58.0	2.0
8	6	9	-1.1239382980845798	0.8694803479968168	1.047337278106509	23017.0	1294.0	1654.0	88.0	46.0	1706.0	104.0	51.0	458.0	1312.0	61.0	99.0	58.0	50.0	2.0
7	8	9	-0.1409989286467353	0.5560646308197397	1.005390835579515	23002.0	1279.0	1691.0	99.0	49.0	1669.0	101.0	48.0	474.0	1315.0	63.0	98.0	52.0	60.0	0.0
7	9	8	-26.43729912126286	1.0	0.49866310160427807	23002.0	1691.0	1279.0	99.0	49.0	1669.0	474.0	98.0	101.0	1315.0	52.0	48.0	63.0	60.0	0.0
8	7	9	0.14175495507379557	0.4436367581457056	0.9946949602122016	23002.0	1279.0	1669.0	101.0	48.0	1691.0	99.0	49.0	474.0	1315.0	63.0	98.0	60.0	52.0	0.0
