P1	Hybrid	P2	Zscore	Pvalue	Gamma	AAAA	AAAB	AABA	AABB	AABC	ABAA	ABAB	ABAC	ABBA	BAAA	ABBC	CABC	BACA	BCAA	ABCD
1	2	3	1.1195892712953184	0.13144446436036916	0.0025247620897261604	77909.0	830.0	794.0	5197.0	55.0	8069.0	61.0	37.0	74.0	6093.0	30.0	40.0	30.0	778.0	3.0
1	3	2	-99999.9	1.0	-0.0025440313111545986	77909.0	794.0	830.0	5197.0	55.0	8069.0	74.0	40.0	61.0	6093.0	30.0	37.0	30.0	778.0	3.0
2	1	3	-441.20429514199355	1.0	0.49936640998147963	77909.0	830.0	8069.0	61.0	37.0	794.0	5197.0	55.0	74.0	6093.0	30.0	40.0	778.0	30.0	3.0
1	2	4	0.4432432651276041	0.3287949228228175	0.00538160469667319	75152.0	3587.0	3500.0	2337.0	209.0	7654.0	304.0	209.0	315.0	5727.0	155.0	191.0	150.0	497.0	13.0
1	4	2	-99999.9	1.0	-0.005469915464942814	75152.0	3500.0	3587.0	2337.0	209.0	7654.0	315.0	191.0	304.0	5727.0	150.0	209.0	155.0	497.0	13.0
2	1	4	-81.47617109891064	1.0	0.49864364981504317	75152.0	3587.0	7654.0	304.0	209.0	3500.0	2337.0	209.0	315.0	5727.0	155.0	191.0	497.0	150.0	13.0
1	2	5	0.07958849887275464	0.46828220438668855	0.0009876543209876543	75054.0	3685.0	3509.0	2338.0	199.0	7646.0	315.0	206.0	317.0	5725.0	155.0	202.0	145.0	494.0	10.0
1	5	2	-99999.9	1.0	-0.0009905894006934125	75054.0	3509.0	3685.0	2338.0	199.0	7646.0	317.0	202.0	315.0	5725.0	145.0	206.0	155.0	494.0	10.0
2	1	5	-80.42417811091836	1.0	0.4997527200791296	75054.0	3685.0	7646.0	315.0	206.0	3509.0	2338.0	199.0	317.0	5725.0	155.0	202.0	494.0	145.0	10.0
1	2	6	-99999.9	1.0	-0.0034636318654131617	75194.0	3545.0	3504.0	2351.0	191.0	7647.0	323.0	197.0	316.0	5738.0	143.0	199.0	147.0	495.0	10.0
1	6	2	0.27735940351700145	0.3907521396744911	0.0034280117531831533	75194.0	3504.0	3545.0	2351.0	191.0	7647.0	316.0	199.0	323.0	5738.0	147.0	197.0	143.0	495.0	10.0
2	1	6	-80.35498147606819	1.0	0.5008614324390845	75194.0	3545.0	7647.0	323.0	197.0	3504.0	2351.0	191.0	316.0	5738.0	143.0	199.0	495.0	147.0	10.0
1	2	7	-99999.9	1.0	-0.008910891089108912	75091.0	3648.0	3496.0	2355.0	195.0	7668.0	317.0	182.0	299.0	5743.0	155.0	197.0	152.0	497.0	5.0
1	7	2	0.7281620447078336	0.23325712924384723	0.008678881388621022	75091.0	3496.0	3648.0	2355.0	195.0	7668.0	299.0	197.0	317.0	5743.0	152.0	182.0	155.0	497.0	5.0
2	1	7	-82.44412483969802	1.0	0.5021983390327308	75091.0	3648.0	7668.0	317.0	182.0	3496.0	2355.0	195.0	299.0	5743.0	155.0	197.0	497.0	152.0	5.0
1	2	8	0.4418950971284578	0.3292825889452694	0.9375	73494.0	5245.0	5350.0	467.0	229.0	7405.0	454.0	308.0	649.0	5333.0	215.0	307.0	198.0	328.0	18.0
1	8	2	-6.186531359798411	0.9999999996912399	0.5172413793103449	73494.0	5350.0	5245.0	467.0	229.0	7405.0	649.0	307.0	454.0	5333.0	198.0	308.0	215.0	328.0	18.0
2	1	8	-0.4124354239865606	0.6599898045026917	1.0769230769230769	73494.0	5245.0	7405.0	454.0	308.0	5350.0	467.0	229.0	649.0	5333.0	215.0	307.0	328.0	198.0	18.0
1	2	9	1.1454215348454808	0.1260173466047685	0.9786206896551725	74494.0	4245.0	5512.0	389.0	145.0	7585.0	358.0	224.0	1777.0	4226.0	194.0	406.0	175.0	255.0	15.0
1	9	2	-51.285325495662114	1.0	0.5055219095119344	74494.0	5512.0	4245.0	389.0	145.0	7585.0	1777.0	406.0	358.0	4226.0	175.0	224.0	194.0	255.0	15.0
2	1	9	-1.1203982314062915	0.8687279010810314	1.0228445099484156	74494.0	4245.0	7585.0	358.0	224.0	5512.0	389.0	145.0	1777.0	4226.0	194.0	406.0	255.0	175.0	15.0
1	3	4	-99999.9	1.0	-0.0014785608674223755	75113.0	3590.0	3539.0	2333.0	210.0	7671.0	301.0	211.0	298.0	5728.0	158.0	191.0	152.0	495.0	10.0
1	4	3	0.12265585070308807	0.4511897722099647	0.0014720314033366045	75113.0	3539.0	3590.0	2333.0	210.0	7671.0	298.0	191.0	301.0	5728.0	152.0	211.0	158.0	495.0	10.0
3	1	4	-83.07889620955817	1.0	0.5003688222276863	75113.0	3590.0	7671.0	301.0	211.0	3539.0	2333.0	210.0	298.0	5728.0	158.0	191.0	495.0	152.0	10.0
1	3	5	-99999.9	1.0	-0.004482071713147411	75020.0	3683.0	3543.0	2328.0	211.0	7662.0	311.0	210.0	302.0	5727.0	155.0	201.0	147.0	492.0	8.0
1	5	3	0.3642595422485833	0.3578321658266892	0.004422604422604422	75020.0	3543.0	3683.0	2328.0	211.0	7662.0	302.0	201.0	311.0	5727.0	147.0	210.0	155.0	492.0	8.0
3	1	5	-81.63461074615498	1.0	0.5011130348750928	75020.0	3683.0	7662.0	311.0	210.0	3543.0	2328.0	211.0	302.0	5727.0	155.0	201.0	492.0	147.0	8.0
1	3	6	-99999.9	1.0	-0.008445106805762543	75159.0	3544.0	3539.0	2350.0	193.0	7665.0	320.0	198.0	303.0	5739.0	142.0	194.0	149.0	494.0	11.0
1	6	3	0.6837023320372876	0.24708150766181958	0.008236434108527133	75159.0	3539.0	3544.0	2350.0	193.0	7665.0	303.0	194.0	320.0	5739.0	149.0	198.0	142.0	494.0	11.0
3	1	6	-81.64210200209963	1.0	0.5020848663232769	75159.0	3544.0	7665.0	320.0	198.0	3539.0	2350.0	193.0	303.0	5739.0	142.0	194.0	494.0	149.0	11.0
1	3	7	-99999.9	1.0	-0.013895781637717122	75059.0	3644.0	3528.0	2358.0	196.0	7686.0	315.0	182.0	287.0	5743.0	154.0	191.0	154.0	497.0	6.0
1	7	3	1.1480601660125844	0.12547191969656646	0.01333968556455455	75059.0	3528.0	3644.0	2358.0	196.0	7686.0	287.0	191.0	315.0	5743.0	154.0	182.0	154.0	497.0	6.0
3	1	7	-83.76738997013258	1.0	0.5034030140982013	75059.0	3644.0	7686.0	315.0	182.0	3528.0	2358.0	196.0	287.0	5743.0	154.0	191.0	497.0	154.0	6.0
1	3	8	0.5462778313238599	0.29243746098664103	0.9187817258883249	73452.0	5251.0	5392.0	473.0	217.0	7419.0	457.0	307.0	638.0	5325.0	221.0	304.0	203.0	325.0	16.0
1	8	3	-5.633490135527287	0.9999999911458601	0.5231213872832371	73452.0	5392.0	5251.0	473.0	217.0	7419.0	638.0	304.0	457.0	5325.0	203.0	307.0	221.0	325.0	16.0
3	1	8	-0.4979880782786566	0.690753777847958	1.1073825503355705	73452.0	5251.0	7419.0	457.0	307.0	5392.0	473.0	217.0	638.0	5325.0	221.0	304.0	325.0	203.0	16.0
1	3	9	0.9952395634019441	0.15980989000910006	0.9811188811188811	74457.0	4246.0	5549.0	388.0	145.0	7600.0	361.0	222.0	1764.0	4227.0	193.0	404.0	171.0	256.0	17.0
1	9	3	-50.720357008928644	1.0	0.5048578625404821	74457.0	5549.0	4246.0	388.0	145.0	7600.0	1764.0	404.0	361.0	4227.0	171.0	222.0	193.0	256.0	17.0
3	1	9	-0.9760866993877939	0.8354892484949277	1.0200148257968866	74457.0	4246.0	7600.0	361.0	222.0	5549.0	388.0	145.0	1764.0	4227.0	193.0	404.0	256.0	171.0	17.0
1	4	5	-99999.9	1.0	-0.002458009012699713	75348.0	3304.0	3215.0	2727.0	191.0	7696.0	280.0	184.0	274.0	5771.0	136.0	195.0	134.0	534.0	11.0
1	5	4	0.2551973415518876	0.3992853993148524	0.0024400162667751117	75348.0	3215.0	3304.0	2727.0	191.0	7696.0	274.0	195.0	280.0	5771.0	134.0	184.0	136.0	534.0	11.0
4	1	5	-104.07798246291199	1.0	0.5006122448979592	75348.0	3304.0	7696.0	280.0	184.0	3215.0	2727.0	191.0	274.0	5771.0	136.0	195.0	534.0	134.0	11.0
1	4	6	-99999.9	1.0	-0.005385252692626346	75467.0	3185.0	3231.0	2720.0	182.0	7689.0	293.0	178.0	280.0	5786.0	115.0	193.0	129.0	537.0	15.0
1	6	4	0.5444140899097071	0.2930782517110928	0.005299633102323685	75467.0	3231.0	3185.0	2720.0	182.0	7689.0	280.0	193.0	293.0	5786.0	129.0	178.0	115.0	537.0	15.0
4	1	6	-101.63792278545074	1.0	0.5013355249640435	75467.0	3185.0	7689.0	293.0	178.0	3231.0	2720.0	182.0	280.0	5786.0	115.0	193.0	537.0	129.0	15.0
1	4	7	-99999.9	1.0	-0.010421008753647352	75362.0	3290.0	3225.0	2722.0	186.0	7696.0	298.0	166.0	273.0	5783.0	125.0	195.0	131.0	536.0	12.0
1	7	4	1.0509793616323073	0.14663406308617877	0.010105092966855295	75362.0	3225.0	3290.0	2722.0	186.0	7696.0	273.0	195.0	298.0	5783.0	131.0	166.0	125.0	536.0	12.0
4	1	7	-101.90295890386858	1.0	0.5025651549353581	75362.0	3290.0	7696.0	298.0	166.0	3225.0	2722.0	186.0	273.0	5783.0	125.0	195.0	536.0	131.0	12.0
1	4	8	1.6355662690253812	0.05096518621684565	0.8008658008658008	73401.0	5251.0	5443.0	497.0	193.0	7406.0	451.0	303.0	636.0	5325.0	220.0	319.0	209.0	320.0	26.0
1	8	4	-4.942254595533212	0.9999996133016049	0.5709876543209877	73401.0	5443.0	5251.0	497.0	193.0	7406.0	636.0	319.0	451.0	5325.0	209.0	303.0	220.0	320.0	26.0
4	1	8	-1.2288849264569077	0.890442455601206	1.4946236559139785	73401.0	5251.0	7406.0	451.0	303.0	5443.0	497.0	193.0	636.0	5325.0	220.0	319.0	320.0	209.0	26.0
1	4	9	0.8422976775541648	0.19981062644607883	0.983859649122807	74459.0	4193.0	5547.0	390.0	196.0	7565.0	367.0	228.0	1769.0	4221.0	191.0	434.0	171.0	253.0	16.0
1	9	4	-50.501239015095315	1.0	0.5041352031643294	74459.0	5547.0	4193.0	390.0	196.0	7565.0	1769.0	434.0	367.0	4221.0	171.0	228.0	191.0	253.0	16.0
4	1	9	-0.828479670005131	0.7963006010614367	1.016961651917404	74459.0	4193.0	7565.0	367.0	228.0	5547.0	390.0	196.0	1769.0	4221.0	191.0	434.0	253.0	171.0	16.0
1	5	6	-99999.9	1.0	-0.0007042253521126761	75754.0	2809.0	2944.0	3092.0	186.0	7760.0	250.0	155.0	248.0	5832.0	105.0	154.0	126.0	572.0	13.0
1	6	5	0.08964439691447364	0.4642848385064198	0.0007027406886858749	75754.0	2944.0	2809.0	3092.0	186.0	7760.0	248.0	154.0	250.0	5832.0	126.0	155.0	105.0	572.0	13.0
5	1	6	-127.38468801546675	1.0	0.5001758705592684	75754.0	2809.0	7760.0	250.0	155.0	2944.0	3092.0	186.0	248.0	5832.0	105.0	154.0	572.0	126.0	13.0
1	5	7	-99999.9	1.0	-0.004608294930875576	75626.0	2937.0	2961.0	3088.0	173.0	7768.0	254.0	143.0	241.0	5825.0	119.0	155.0	133.0	569.0	8.0
1	7	5	0.5855095310830427	0.27910253737275903	0.004545454545454545	75626.0	2961.0	2937.0	3088.0	173.0	7768.0	241.0	155.0	254.0	5825.0	133.0	143.0	119.0	569.0	8.0
5	1	7	-127.64107777610343	1.0	0.5011441647597255	75626.0	2937.0	7768.0	254.0	143.0	2961.0	3088.0	173.0	241.0	5825.0	119.0	155.0	569.0	133.0	8.0
1	5	8	1.0898659756431874	0.1378861344586042	0.8609865470852018	73302.0	5261.0	5542.0	478.0	202.0	7413.0	447.0	305.0	639.0	5322.0	224.0	309.0	216.0	321.0	19.0
1	8	5	-5.660271679953336	0.9999999924221727	0.5439093484419264	73302.0	5542.0	5261.0	478.0	202.0	7413.0	639.0	309.0	447.0	5322.0	216.0	305.0	224.0	321.0	19.0
5	1	8	-0.9138980316591315	0.8196148099333898	1.2384615384615385	73302.0	5261.0	7413.0	447.0	305.0	5542.0	478.0	202.0	639.0	5322.0	224.0	309.0	321.0	216.0	19.0
1	5	9	1.3604609842894868	0.0868421071815706	0.9744121715076072	74350.0	4213.0	5656.0	397.0	169.0	7582.0	360.0	223.0	1769.0	4216.0	200.0	417.0	183.0	251.0	14.0
1	9	5	-50.44736406608582	1.0	0.5066522833513125	74350.0	5656.0	4213.0	397.0	169.0	7582.0	1769.0	417.0	360.0	4216.0	183.0	223.0	200.0	251.0	14.0
5	1	9	-1.3247356071292946	0.9073705046598978	1.0277153558052434	74350.0	4213.0	7582.0	360.0	223.0	5656.0	397.0	169.0	1769.0	4216.0	200.0	417.0	251.0	183.0	14.0
1	6	7	-99999.9	1.0	-0.004225352112676056	76415.0	2283.0	2172.0	3774.0	141.0	7841.0	209.0	112.0	194.0	5914.0	100.0	129.0	89.0	622.0	5.0
1	7	6	0.7485571010115318	0.22706203027895144	0.004172461752433936	76415.0	2172.0	2283.0	3774.0	141.0	7841.0	194.0	129.0	209.0	5914.0	89.0	112.0	100.0	622.0	5.0
6	1	7	-177.90707100707434	1.0	0.5010496850944717	76415.0	2283.0	7841.0	209.0	112.0	2172.0	3774.0	141.0	194.0	5914.0	100.0	129.0	622.0	89.0	5.0
1	6	8	0.8379885388349729	0.20101852003522858	0.8873239436619719	73420.0	5278.0	5424.0	470.0	193.0	7416.0	446.0	300.0	635.0	5346.0	227.0	310.0	193.0	322.0	20.0
1	8	6	-5.761171204490443	0.9999999958107723	0.5338983050847458	73420.0	5424.0	5278.0	470.0	193.0	7416.0	635.0	310.0	446.0	5346.0	193.0	300.0	227.0	322.0	20.0
6	1	8	-0.7315772958083098	0.7677867640489598	1.1702127659574468	73420.0	5278.0	7416.0	446.0	300.0	5424.0	470.0	193.0	635.0	5346.0	227.0	310.0	322.0	193.0	20.0
1	6	9	0.6647470530079682	0.2531060813991264	0.9874125874125874	74470.0	4228.0	5536.0	380.0	171.0	7574.0	362.0	226.0	1774.0	4234.0	200.0	420.0	163.0	250.0	12.0
1	9	6	-51.48096621628376	1.0	0.5032074126870991	74470.0	5536.0	4228.0	380.0	171.0	7574.0	1774.0	420.0	362.0	4234.0	163.0	226.0	200.0	250.0	12.0
6	1	9	-0.6562729404342122	0.7441758011032612	1.0130813953488371	74470.0	4228.0	7574.0	362.0	226.0	5536.0	380.0	171.0	1774.0	4234.0	200.0	420.0	250.0	163.0	12.0
1	7	8	1.866812226250025	0.030963844732851964	0.7984496124031008	73338.0	5249.0	5506.0	490.0	202.0	7425.0	438.0	301.0	644.0	5334.0	234.0	292.0	213.0	316.0	18.0
1	8	7	-5.52863620850968	0.9999999838227795	0.5722222222222222	73338.0	5506.0	5249.0	490.0	202.0	7425.0	644.0	292.0	438.0	5334.0	213.0	301.0	234.0	316.0	18.0
7	1	8	-1.395578072050989	0.9185791498111391	1.5098039215686274	73338.0	5249.0	7425.0	438.0	301.0	5506.0	490.0	202.0	644.0	5334.0	234.0	292.0	316.0	213.0	18.0
1	7	9	2.3668003791854444	0.008971289731370291	0.9570181329751511	74394.0	4193.0	5612.0	411.0	175.0	7592.0	347.0	225.0	1772.0	4232.0	208.0	404.0	180.0	242.0	13.0
1	9	7	-50.33148931361542	1.0	0.5114860014357503	74394.0	5612.0	4193.0	411.0	175.0	7592.0	1772.0	404.0	347.0	4232.0	180.0	225.0	208.0	242.0	13.0
7	1	9	-2.2605019761904486	0.9881049797193354	1.0493446414803393	74394.0	4193.0	7592.0	347.0	225.0	5612.0	411.0	175.0	1772.0	4232.0	208.0	404.0	242.0	180.0	13.0
1	8	9	0.6462967056097386	0.2590435489960903	0.9861788617886179	74588.0	4256.0	5418.0	359.0	164.0	7793.0	342.0	226.0	1555.0	4247.0	183.0	420.0	170.0	257.0	22.0
1	9	8	-45.46887411230866	1.0	0.5035284350352843	74588.0	5418.0	4256.0	359.0	164.0	7793.0	1555.0	420.0	342.0	4247.0	170.0	226.0	183.0	257.0	22.0
8	1	9	-0.6372389611782748	0.7380154578317095	1.0144189991518235	74588.0	4256.0	7793.0	342.0	226.0	5418.0	359.0	164.0	1555.0	4247.0	183.0	420.0	257.0	170.0	22.0
2	3	4	0.27051586028888475	0.39338177099342153	0.9990297542043984	81963.0	4015.0	843.0	63.0	22.0	821.0	60.0	27.0	3149.0	8457.0	462.0	36.0	44.0	36.0	2.0
2	4	3	-278.2706482838332	1.0	0.500242914979757	81963.0	843.0	4015.0	63.0	22.0	821.0	3149.0	36.0	60.0	8457.0	44.0	27.0	462.0	36.0	2.0
3	2	4	-0.2702531385080927	0.6065171803239247	1.000973078170613	81963.0	4015.0	821.0	60.0	27.0	843.0	63.0	22.0	3149.0	8457.0	462.0	36.0	36.0	44.0	2.0
2	3	5	-0.18555356117225233	0.5736025496196204	1.0006439150032196	81857.0	4121.0	843.0	57.0	28.0	825.0	59.0	24.0	3167.0	8455.0	446.0	36.0	43.0	35.0	4.0
2	5	3	-288.5357876228511	1.0	0.49983917658411064	81857.0	843.0	4121.0	57.0	28.0	825.0	3167.0	36.0	59.0	8455.0	43.0	24.0	446.0	35.0	4.0
3	2	5	0.1856729650082705	0.42635062878338736	0.9993573264781491	81857.0	4121.0	825.0	59.0	24.0	843.0	57.0	28.0	3167.0	8455.0	446.0	36.0	35.0	43.0	4.0
2	3	6	0.7308102869695704	0.23244745047647275	0.9974193548387097	81988.0	3990.0	853.0	64.0	11.0	836.0	56.0	16.0	3148.0	8483.0	437.0	35.0	45.0	36.0	2.0
2	6	3	-281.7273656267692	1.0	0.5006476683937824	81988.0	853.0	3990.0	64.0	11.0	836.0	3148.0	35.0	56.0	8483.0	45.0	16.0	437.0	36.0	2.0
3	2	6	-0.7289194453473983	0.7669745995980327	1.0026007802340702	81988.0	3990.0	836.0	56.0	16.0	853.0	64.0	11.0	3148.0	8483.0	437.0	35.0	36.0	45.0	2.0
2	3	7	0.8549046798201625	0.19630191482959258	0.9970779220779221	81911.0	4067.0	848.0	60.0	20.0	834.0	51.0	23.0	3122.0	8501.0	445.0	36.0	43.0	37.0	2.0
2	7	3	-290.85756995659364	1.0	0.5007337355291048	81911.0	848.0	4067.0	60.0	20.0	834.0	3122.0	36.0	51.0	8501.0	43.0	23.0	445.0	37.0	2.0
3	2	7	-0.852399260699882	0.8030037806088808	1.002947920078611	81911.0	4067.0	834.0	51.0	23.0	848.0	60.0	20.0	3122.0	8501.0	445.0	36.0	37.0	43.0	2.0
2	3	8	0.6831890884081453	0.24724361576571663	0.9987029831387808	80057.0	5921.0	842.0	56.0	30.0	814.0	49.0	45.0	5439.0	6043.0	586.0	53.0	36.0	24.0	5.0
2	8	3	-525.37240898586	1.0	0.5003248862897985	80057.0	842.0	5921.0	56.0	30.0	814.0	5439.0	53.0	49.0	6043.0	36.0	45.0	586.0	24.0	5.0
3	2	8	-0.6823018298517711	0.7524760093594607	1.0013020833333333	80057.0	5921.0	814.0	49.0	45.0	842.0	56.0	30.0	5439.0	6043.0	586.0	53.0	24.0	36.0	5.0
2	3	9	0.0	0.49999999949999996	nan	81220.0	4758.0	859.0	50.0	19.0	837.0	50.0	21.0	6791.0	4797.0	480.0	67.0	23.0	24.0	4.0
2	9	3	-673.7632025770267	1.0	0.5	81220.0	859.0	4758.0	50.0	19.0	837.0	6791.0	67.0	50.0	4797.0	23.0	21.0	480.0	24.0	4.0
3	2	9	0.0	0.49999999949999996	nan	81220.0	4758.0	837.0	50.0	21.0	859.0	50.0	19.0	6791.0	4797.0	480.0	67.0	24.0	23.0	4.0
2	4	5	0.22832448933337202	0.40969703764821985	0.011682242990654207	79361.0	3445.0	3339.0	663.0	98.0	3683.0	240.0	83.0	245.0	8132.0	184.0	100.0	185.0	237.0	5.0
2	5	4	-99999.9	1.0	-0.012106537530266344	79361.0	3339.0	3445.0	663.0	98.0	3683.0	245.0	100.0	240.0	8132.0	185.0	83.0	184.0	237.0	5.0
4	2	5	-19.087927308270018	1.0	0.49702734839476814	79361.0	3445.0	3683.0	240.0	83.0	3339.0	663.0	98.0	245.0	8132.0	184.0	100.0	237.0	185.0	5.0
2	4	6	0.04541196330260505	0.48188940754006204	0.0	79480.0	3326.0	3361.0	648.0	91.0	3676.0	243.0	87.0	243.0	8157.0	161.0	100.0	184.0	238.0	5.0
2	6	4	0.04541196330260505	0.48188940754006204	0.0	79480.0	3361.0	3326.0	648.0	91.0	3676.0	243.0	100.0	243.0	8157.0	184.0	87.0	161.0	238.0	5.0
4	2	6	-18.36928332411464	1.0	0.5	79480.0	3326.0	3676.0	243.0	87.0	3361.0	648.0	91.0	243.0	8157.0	161.0	100.0	238.0	184.0	5.0
2	4	7	-99999.9	1.0	-0.05135135135135135	79389.0	3417.0	3370.0	639.0	91.0	3669.0	250.0	87.0	231.0	8160.0	170.0	92.0	185.0	242.0	8.0
2	7	4	0.8844698001593752	0.18822129406234078	0.04449648711943794	79389.0	3370.0	3417.0	639.0	91.0	3669.0	231.0	92.0	250.0	8160.0	185.0	87.0	170.0	242.0	8.0
4	2	7	-18.108355382210355	1.0	0.5119196988707654	79389.0	3417.0	3669.0	250.0	87.0	3370.0	639.0	91.0	231.0	8160.0	170.0	92.0	242.0	185.0	8.0
2	4	8	1.2585039489931105	0.10410484869869507	0.9872359154929577	77224.0	5582.0	3675.0	283.0	142.0	3583.0	254.0	169.0	2497.0	5721.0	343.0	226.0	153.0	138.0	10.0
2	8	4	-96.08026700243958	1.0	0.5032533094009424	77224.0	3675.0	5582.0	283.0	142.0	3583.0	2497.0	226.0	254.0	5721.0	153.0	169.0	343.0	138.0	10.0
4	2	8	-1.2422326094831684	0.8929245560494383	1.0132723112128146	77224.0	5582.0	3583.0	254.0	169.0	3675.0	283.0	142.0	2497.0	5721.0	343.0	226.0	138.0	153.0	10.0
2	4	9	-0.09552525121029434	0.5380512425762778	1.0005714285714287	78332.0	4474.0	3747.0	218.0	135.0	3692.0	220.0	94.0	3722.0	4528.0	311.0	281.0	122.0	118.0	6.0
2	9	4	-167.36024012043526	1.0	0.49985726520125606	78332.0	3747.0	4474.0	218.0	135.0	3692.0	3722.0	281.0	220.0	4528.0	122.0	94.0	311.0	118.0	6.0
4	2	9	0.0955798058940238	0.46192709241481733	0.9994295493439818	78332.0	4474.0	3692.0	220.0	94.0	3747.0	218.0	135.0	3722.0	4528.0	311.0	281.0	118.0	122.0	6.0
2	5	6	-99999.9	1.0	-0.0112079701120797	79780.0	2920.0	3061.0	1033.0	112.0	3734.0	221.0	73.0	212.0	8197.0	148.0	73.0	166.0	266.0	4.0
2	6	5	0.4347265388387698	0.3318804995457394	0.010843373493975903	79780.0	3061.0	2920.0	1033.0	112.0	3734.0	212.0	73.0	221.0	8197.0	166.0	73.0	148.0	266.0	4.0
5	2	6	-39.221994393008906	1.0	0.5027556644213104	79780.0	2920.0	3734.0	221.0	73.0	3061.0	1033.0	112.0	212.0	8197.0	148.0	73.0	266.0	166.0	4.0
2	5	7	-99999.9	1.0	-0.03805774278215223	79671.0	3029.0	3088.0	1016.0	102.0	3723.0	225.0	80.0	196.0	8202.0	159.0	73.0	168.0	264.0	4.0
2	7	5	1.4343977866427022	0.0757294364803962	0.034157832744405175	79671.0	3088.0	3029.0	1016.0	102.0	3723.0	196.0	73.0	225.0	8202.0	168.0	80.0	159.0	264.0	4.0
5	2	7	-39.12443618049573	1.0	0.5090006207324642	79671.0	3029.0	3723.0	225.0	80.0	3088.0	1016.0	102.0	196.0	8202.0	159.0	73.0	264.0	168.0	4.0
2	5	8	0.34676152207356176	0.36438530904399147	0.9964349376114082	77120.0	5580.0	3779.0	271.0	156.0	3595.0	263.0	170.0	2499.0	5716.0	342.0	212.0	149.0	134.0	14.0
2	8	5	-96.57308389748663	1.0	0.5008960573476703	77120.0	3779.0	5580.0	271.0	156.0	3595.0	2499.0	212.0	263.0	5716.0	149.0	170.0	342.0	134.0	14.0
5	2	8	-0.3455208726207046	0.6351485233159205	1.0036036036036036	77120.0	5580.0	3595.0	263.0	170.0	3779.0	271.0	156.0	2499.0	5716.0	342.0	212.0	134.0	149.0	14.0
2	5	9	0.2817983302981848	0.38904914110294175	0.9982847341337907	78219.0	4481.0	3860.0	230.0	116.0	3713.0	224.0	91.0	3716.0	4521.0	320.0	266.0	125.0	113.0	5.0
2	9	5	-163.72482990324616	1.0	0.5004299226139295	78219.0	3860.0	4481.0	230.0	116.0	3713.0	3716.0	266.0	224.0	4521.0	125.0	91.0	320.0	113.0	5.0
5	2	9	-0.2813141407272257	0.610765201980635	1.0017241379310344	78219.0	4481.0	3713.0	224.0	91.0	3860.0	230.0	116.0	3716.0	4521.0	320.0	266.0	113.0	125.0	5.0
2	6	7	-99999.9	1.0	-0.013306719893546242	80482.0	2359.0	2277.0	1707.0	81.0	3774.0	184.0	61.0	164.0	8289.0	131.0	54.0	122.0	314.0	1.0
2	7	6	1.078074533224817	0.14050028548054816	0.012795905310300705	80482.0	2277.0	2359.0	1707.0	81.0	3774.0	164.0	54.0	184.0	8289.0	122.0	61.0	131.0	314.0	1.0
6	2	7	-82.09537570506978	1.0	0.5032615786040443	80482.0	2359.0	3774.0	184.0	61.0	2277.0	1707.0	81.0	164.0	8289.0	131.0	54.0	314.0	122.0	1.0
2	6	8	0.4004346552567433	0.3444182508383751	0.9960159362549801	77236.0	5605.0	3663.0	258.0	144.0	3600.0	249.0	170.0	2499.0	5743.0	342.0	207.0	136.0	137.0	11.0
2	8	6	-99.70822915892879	1.0	0.5010020040080161	77236.0	3663.0	5605.0	258.0	144.0	3600.0	2499.0	207.0	249.0	5743.0	136.0	170.0	342.0	137.0	11.0
6	2	8	-0.39883291663571635	0.6549917896711914	1.0040322580645162	77236.0	5605.0	3600.0	249.0	170.0	3663.0	258.0	144.0	2499.0	5743.0	342.0	207.0	137.0	136.0	11.0
2	6	9	-0.19366518126270674	0.5767809515681592	1.0011428571428571	78332.0	4509.0	3747.0	211.0	107.0	3712.0	215.0	92.0	3719.0	4543.0	322.0	264.0	112.0	110.0	5.0
2	9	6	-169.84436396739326	1.0	0.4997147746719909	78332.0	3747.0	4509.0	211.0	107.0	3712.0	3719.0	264.0	215.0	4543.0	112.0	92.0	322.0	110.0	5.0
6	2	9	0.1938862602367509	0.4231324912774679	0.9988610478359908	78332.0	4509.0	3712.0	215.0	92.0	3747.0	211.0	107.0	3719.0	4543.0	322.0	264.0	110.0	112.0	5.0
2	7	8	1.2824709957598055	0.09983880515226407	0.9874186550976138	77179.0	5580.0	3720.0	273.0	154.0	3584.0	244.0	164.0	2520.0	5730.0	345.0	202.0	154.0	137.0	14.0
2	8	7	-99.36939060249242	1.0	0.5032058368339597	77179.0	3720.0	5580.0	273.0	154.0	3584.0	2520.0	202.0	244.0	5730.0	154.0	164.0	345.0	137.0	14.0
7	2	8	-1.266130196604694	0.897266694592249	1.0130748422001803	77179.0	5580.0	3584.0	244.0	164.0	3720.0	273.0	154.0	2520.0	5730.0	345.0	202.0	137.0	154.0	14.0
2	7	9	1.5175434709735525	0.06456478800073318	0.9910087103118853	78291.0	4468.0	3788.0	240.0	119.0	3695.0	208.0	89.0	3735.0	4537.0	323.0	265.0	125.0	108.0	9.0
2	9	7	-165.7442009703927	1.0	0.5022785531187696	78291.0	3788.0	4468.0	240.0	119.0	3695.0	3735.0	265.0	208.0	4537.0	125.0	89.0	323.0	108.0	9.0
7	2	9	-1.503775001716066	0.9336803164236813	1.0092405428818942	78291.0	4468.0	3695.0	208.0	89.0	3788.0	240.0	119.0	3735.0	4537.0	323.0	265.0	108.0	125.0	9.0
2	8	9	-0.750073649003553	0.7733948933804117	1.01578073089701	76542.0	4357.0	5537.0	306.0	164.0	5839.0	325.0	142.0	1548.0	4384.0	196.0	308.0	161.0	173.0	18.0
2	9	8	-49.03113010854813	1.0	0.4961460446247465	76542.0	5537.0	4357.0	306.0	164.0	5839.0	1548.0	308.0	325.0	4384.0	161.0	142.0	196.0	173.0	18.0
8	2	9	0.7617264693887267	0.2231115703832932	0.9849325931800159	76542.0	4357.0	5839.0	325.0	142.0	5537.0	306.0	164.0	1548.0	4384.0	196.0	308.0	173.0	161.0	18.0
3	4	5	0.4576768377906493	0.3235923368833422	0.022883295194508012	79341.0	3443.0	3341.0	666.0	95.0	3703.0	239.0	86.0	249.0	8122.0	185.0	94.0	186.0	244.0	6.0
3	5	4	-99999.9	1.0	-0.02457002457002457	79341.0	3341.0	3443.0	666.0	95.0	3703.0	249.0	94.0	239.0	8122.0	186.0	86.0	185.0	244.0	6.0
4	3	5	-19.085124135870117	1.0	0.4940758293838862	79341.0	3443.0	3703.0	239.0	86.0	3341.0	666.0	95.0	249.0	8122.0	185.0	94.0	244.0	186.0	6.0
3	4	6	-99999.9	1.0	-0.0076335877862595426	79459.0	3325.0	3365.0	645.0	92.0	3697.0	249.0	82.0	246.0	8150.0	160.0	93.0	184.0	248.0	5.0
3	6	4	0.1353260541832541	0.4461770130472664	0.007462686567164178	79459.0	3365.0	3325.0	645.0	92.0	3697.0	246.0	93.0	249.0	8150.0	184.0	82.0	160.0	248.0	5.0
4	3	6	-17.863039152189494	1.0	0.5018867924528301	79459.0	3325.0	3697.0	249.0	82.0	3365.0	645.0	92.0	246.0	8150.0	160.0	93.0	248.0	184.0	5.0
3	4	7	-99999.9	1.0	-0.06442577030812324	79376.0	3408.0	3369.0	640.0	93.0	3682.0	260.0	86.0	237.0	8152.0	167.0	87.0	186.0	249.0	8.0
3	7	4	1.0576539625646941	0.14510664653359617	0.05399061032863849	79376.0	3369.0	3408.0	640.0	93.0	3682.0	237.0	87.0	260.0	8152.0	186.0	86.0	167.0	249.0	8.0
4	3	7	-17.474282859764532	1.0	0.5146871008939974	79376.0	3408.0	3682.0	260.0	86.0	3369.0	640.0	93.0	237.0	8152.0	167.0	87.0	249.0	186.0	8.0
3	4	8	0.811077785535994	0.208660443610447	0.9915705412599822	77196.0	5588.0	3675.0	286.0	141.0	3611.0	267.0	150.0	2502.0	5705.0	349.0	221.0	151.0	151.0	7.0
3	8	4	-94.59728277619796	1.0	0.5021343518310492	77196.0	3675.0	5588.0	286.0	141.0	3611.0	2502.0	221.0	267.0	5705.0	151.0	150.0	349.0	151.0	7.0
4	3	8	-0.8041827171130929	0.7893543297500681	1.0086481565771506	77196.0	5588.0	3611.0	267.0	150.0	3675.0	286.0	141.0	2502.0	5705.0	349.0	221.0	151.0	151.0	7.0
3	4	9	-0.0955251960478562	0.5380512206698578	1.0005725737188662	78307.0	4477.0	3750.0	218.0	134.0	3717.0	220.0	91.0	3715.0	4530.0	311.0	285.0	121.0	116.0	8.0
3	9	4	-167.0258052896762	1.0	0.4998569794050343	78307.0	3750.0	4477.0	218.0	134.0	3717.0	3715.0	285.0	220.0	4530.0	121.0	91.0	311.0	116.0	8.0
4	3	9	0.09557985996548016	0.461927070941766	0.9994284081166047	78307.0	4477.0	3717.0	220.0	91.0	3750.0	218.0	134.0	3715.0	4530.0	311.0	285.0	116.0	121.0	8.0
3	5	6	-99999.9	1.0	-0.020253164556962026	79761.0	2921.0	3063.0	1031.0	110.0	3753.0	225.0	68.0	209.0	8190.0	148.0	74.0	168.0	275.0	4.0
3	6	5	0.7748100948474432	0.21922587689311468	0.01909307875894988	79761.0	3063.0	2921.0	1031.0	110.0	3753.0	209.0	74.0	225.0	8190.0	168.0	68.0	148.0	275.0	4.0
5	3	6	-39.03105852793984	1.0	0.5049140049140048	79761.0	2921.0	3753.0	225.0	68.0	3063.0	1031.0	110.0	209.0	8190.0	148.0	74.0	275.0	168.0	4.0
3	5	7	-99999.9	1.0	-0.04812834224598931	79657.0	3025.0	3088.0	1016.0	100.0	3737.0	232.0	77.0	196.0	8194.0	157.0	73.0	172.0	272.0	4.0
3	7	5	1.7709681011013523	0.038282956669686286	0.04205607476635514	79657.0	3088.0	3025.0	1016.0	100.0	3737.0	196.0	73.0	232.0	8194.0	172.0	77.0	157.0	272.0	4.0
5	3	7	-38.567749757318346	1.0	0.511221945137157	79657.0	3025.0	3737.0	232.0	77.0	3088.0	1016.0	100.0	196.0	8194.0	157.0	73.0	272.0	172.0	4.0
3	5	8	0.0	0.49999999949999996	nan	77089.0	5593.0	3782.0	269.0	153.0	3626.0	269.0	151.0	2492.0	5706.0	349.0	216.0	148.0	146.0	11.0
3	8	5	-95.83142954135168	1.0	0.5	77089.0	3782.0	5593.0	269.0	153.0	3626.0	2492.0	216.0	269.0	5706.0	148.0	151.0	349.0	146.0	11.0
5	3	8	0.0	0.49999999949999996	nan	77089.0	5593.0	3626.0	269.0	151.0	3782.0	269.0	153.0	2492.0	5706.0	349.0	216.0	146.0	148.0	11.0
3	5	9	0.3313739499444531	0.3701810877183711	0.9979925437338687	78195.0	4487.0	3862.0	227.0	115.0	3737.0	220.0	89.0	3700.0	4527.0	320.0	280.0	124.0	110.0	7.0
3	9	5	-164.40881830815567	1.0	0.500503379836042	78195.0	3862.0	4487.0	227.0	115.0	3737.0	3700.0	280.0	220.0	4527.0	124.0	89.0	320.0	110.0	7.0
5	3	9	-0.33070739314858777	0.6295671732138857	1.0020196191575304	78195.0	4487.0	3737.0	220.0	89.0	3862.0	227.0	115.0	3700.0	4527.0	320.0	280.0	110.0	124.0	7.0
3	6	7	-99999.9	1.0	-0.01336005344021376	80466.0	2358.0	2279.0	1701.0	82.0	3790.0	184.0	62.0	164.0	8290.0	129.0	52.0	124.0	319.0	0.0
3	7	6	1.0780982754779116	0.1404949882656088	0.012845215157353887	80466.0	2279.0	2358.0	1701.0	82.0	3790.0	164.0	52.0	184.0	8290.0	124.0	62.0	129.0	319.0	0.0
6	3	7	-81.77375419499957	1.0	0.5032743942370662	80466.0	2358.0	3790.0	184.0	62.0	2279.0	1701.0	82.0	164.0	8290.0	129.0	52.0	319.0	124.0	0.0
3	6	8	-0.08868711223229045	0.5353347757794997	1.000890868596882	77204.0	5620.0	3667.0	253.0	142.0	3632.0	255.0	149.0	2502.0	5733.0	348.0	200.0	135.0	152.0	8.0
3	8	6	-99.72865770521041	1.0	0.4997775800711744	77204.0	3667.0	5620.0	253.0	142.0	3632.0	2502.0	200.0	255.0	5733.0	135.0	149.0	348.0	152.0	8.0
6	3	8	0.08876605047192755	0.46463385617107167	0.9991115059973346	77204.0	5620.0	3632.0	255.0	149.0	3667.0	253.0	142.0	2502.0	5733.0	348.0	200.0	152.0	135.0	8.0
3	6	9	-0.2434779244155229	0.5961823558154955	1.0014306151645207	78308.0	4516.0	3749.0	208.0	105.0	3736.0	213.0	87.0	3713.0	4547.0	323.0	268.0	111.0	109.0	7.0
3	9	6	-170.67802501528257	1.0	0.49964311206281226	78308.0	3749.0	4516.0	208.0	105.0	3736.0	3713.0	268.0	213.0	4547.0	111.0	87.0	323.0	109.0	7.0
6	3	9	0.2438257500218308	0.4036829403801232	0.9985754985754985	78308.0	4516.0	3736.0	213.0	87.0	3749.0	208.0	105.0	3713.0	4547.0	323.0	268.0	109.0	111.0	7.0
3	7	8	0.8771596919846171	0.1901999156230858	0.9912778020061055	77153.0	5592.0	3718.0	272.0	151.0	3610.0	252.0	144.0	2525.0	5719.0	354.0	199.0	152.0	149.0	10.0
3	8	7	-98.81203930206705	1.0	0.5022094564737075	77153.0	3718.0	5592.0	272.0	151.0	3610.0	2525.0	199.0	252.0	5719.0	152.0	144.0	354.0	149.0	10.0
7	3	8	-0.8694416128646468	0.8076972248293883	1.0089565606806987	77153.0	5592.0	3610.0	252.0	144.0	3718.0	272.0	151.0	2525.0	5719.0	354.0	199.0	149.0	152.0	10.0
3	7	9	1.5312543151553677	0.06285329637702042	0.9910112359550561	78268.0	4477.0	3789.0	236.0	116.0	3718.0	204.0	84.0	3732.0	4542.0	324.0	267.0	125.0	107.0	11.0
3	9	7	-167.2895339307241	1.0	0.5022779043280182	78268.0	3789.0	4477.0	236.0	116.0	3718.0	3732.0	267.0	204.0	4542.0	125.0	84.0	324.0	107.0	11.0
7	3	9	-1.5173653871267474	0.9354127464202684	1.0092378752886837	78268.0	4477.0	3718.0	204.0	84.0	3789.0	236.0	116.0	3732.0	4542.0	324.0	267.0	107.0	125.0	11.0
3	8	9	-0.8282305316640334	0.7962300749701392	1.0175292153589315	76514.0	4357.0	5543.0	305.0	167.0	5867.0	326.0	141.0	1545.0	4384.0	194.0	305.0	161.0	174.0	17.0
3	9	8	-48.90504091730487	1.0	0.4957299715331436	76514.0	5543.0	4357.0	305.0	167.0	5867.0	1545.0	305.0	326.0	4384.0	161.0	141.0	194.0	174.0	17.0
8	3	9	0.8424986540306819	0.19975439754251845	0.9833465503568596	76514.0	4357.0	5867.0	326.0	141.0	5543.0	305.0	167.0	1545.0	4384.0	194.0	305.0	174.0	161.0	17.0
4	5	6	0.7976823590557862	0.2125273613023625	0.03881278538812786	80130.0	2914.0	3026.0	648.0	94.0	3384.0	227.0	73.0	244.0	8636.0	152.0	76.0	180.0	212.0	4.0
4	6	5	-99999.9	1.0	-0.043927648578811374	80130.0	3026.0	2914.0	648.0	94.0	3384.0	244.0	76.0	227.0	8636.0	180.0	73.0	152.0	212.0	4.0
5	4	6	-18.95668665050221	1.0	0.4896969696969697	80130.0	2914.0	3384.0	227.0	73.0	3026.0	648.0	94.0	244.0	8636.0	152.0	76.0	212.0	180.0	4.0
4	5	7	0.42812732093576716	0.3342792498477427	0.02122641509433962	80003.0	3041.0	3055.0	636.0	77.0	3391.0	221.0	72.0	230.0	8637.0	165.0	72.0	183.0	209.0	8.0
4	7	5	-99999.9	1.0	-0.02267002518891688	80003.0	3055.0	3041.0	636.0	77.0	3391.0	230.0	72.0	221.0	8637.0	183.0	72.0	165.0	209.0	8.0
5	4	7	-19.313299144435764	1.0	0.4945188794153471	80003.0	3041.0	3391.0	221.0	72.0	3055.0	636.0	77.0	230.0	8637.0	165.0	72.0	209.0	183.0	8.0
4	5	8	-1.0615033724184813	0.8557693671536653	1.0091848450057406	77422.0	5622.0	3385.0	241.0	142.0	3293.0	265.0	126.0	2902.0	5748.0	382.0	203.0	129.0	132.0	8.0
4	8	5	-117.69418641689919	1.0	0.4977349943374858	77422.0	3385.0	5622.0	241.0	142.0	3293.0	2902.0	203.0	265.0	5748.0	129.0	126.0	382.0	132.0	8.0
5	4	8	1.0711643814962377	0.14204779744227125	0.9910614525139665	77422.0	5622.0	3293.0	265.0	126.0	3385.0	241.0	142.0	2902.0	5748.0	382.0	203.0	132.0	129.0	8.0
4	5	9	0.5432408764035622	0.29348195917691366	0.9972130732201672	78564.0	4480.0	3460.0	211.0	97.0	3368.0	200.0	116.0	4136.0	4549.0	347.0	246.0	115.0	104.0	7.0
4	9	5	-193.83822180763477	1.0	0.5006996565322477	78564.0	3460.0	4480.0	211.0	97.0	3368.0	4136.0	246.0	200.0	4549.0	115.0	116.0	347.0	104.0	7.0
5	4	9	-0.5417226727347514	0.7059952388811788	1.0028104241185487	78564.0	4480.0	3368.0	200.0	116.0	3460.0	211.0	97.0	4136.0	4549.0	347.0	246.0	104.0	115.0	7.0
4	6	7	-99999.9	1.0	-0.005286343612334802	80786.0	2370.0	2272.0	1322.0	62.0	3470.0	181.0	53.0	175.0	8731.0	137.0	48.0	129.0	257.0	7.0
4	7	6	0.3187570528354866	0.37495544265845604	0.005203816131830009	80786.0	2272.0	2370.0	1322.0	62.0	3470.0	175.0	48.0	181.0	8731.0	129.0	53.0	137.0	257.0	7.0
6	4	7	-60.6169662142151	1.0	0.5013111888111889	80786.0	2370.0	3470.0	181.0	53.0	2272.0	1322.0	62.0	175.0	8731.0	137.0	48.0	257.0	129.0	7.0
4	6	8	-1.0308057225881768	0.8486840114065936	1.0088224012274645	77518.0	5638.0	3289.0	235.0	132.0	3318.0	258.0	128.0	2888.0	5774.0	381.0	192.0	110.0	129.0	10.0
4	8	6	-118.90119921854063	1.0	0.49782320651145184	77518.0	3289.0	5638.0	235.0	132.0	3318.0	2888.0	192.0	258.0	5774.0	110.0	128.0	381.0	129.0	10.0
6	4	8	1.0398203733940807	0.1492117057264578	0.9914050822122571	77518.0	5638.0	3318.0	258.0	128.0	3289.0	235.0	132.0	2888.0	5774.0	381.0	192.0	129.0	110.0	10.0
4	6	9	-0.30354339475940445	0.6192620403554252	1.001531393568147	78659.0	4497.0	3365.0	192.0	99.0	3385.0	198.0	121.0	4122.0	4574.0	347.0	243.0	92.0	98.0	8.0
4	9	6	-198.8209235674096	1.0	0.4996180290297938	78659.0	3365.0	4497.0	192.0	99.0	3385.0	4122.0	243.0	198.0	4574.0	92.0	121.0	347.0	98.0	8.0
6	4	9	0.304007528390535	0.3805611464067047	0.9984756097560976	78659.0	4497.0	3385.0	198.0	121.0	3365.0	192.0	99.0	4122.0	4574.0	347.0	243.0	98.0	92.0	8.0
4	7	8	-0.04413837829178526	0.517603013962682	1.0003790750568613	77447.0	5611.0	3360.0	256.0	138.0	3316.0	257.0	120.0	2896.0	5757.0	388.0	186.0	128.0	127.0	13.0
4	8	7	-116.5253186903128	1.0	0.4999052850918735	77447.0	3360.0	5611.0	256.0	138.0	3316.0	2896.0	186.0	257.0	5757.0	128.0	120.0	388.0	127.0	13.0
7	4	8	0.044155103709857174	0.48239032005058813	0.9996213555471413	77447.0	5611.0	3316.0	257.0	120.0	3360.0	256.0	138.0	2896.0	5757.0	388.0	186.0	127.0	128.0	13.0
4	7	9	1.4278844976215799	0.07666260173030193	0.9926767676767677	78601.0	4457.0	3423.0	222.0	109.0	3385.0	193.0	115.0	4124.0	4567.0	350.0	241.0	104.0	96.0	13.0
4	9	7	-192.12432102480716	1.0	0.5018511426018128	78601.0	3423.0	4457.0	222.0	109.0	3385.0	4124.0	241.0	193.0	4567.0	104.0	115.0	350.0	96.0	13.0
7	4	9	-1.4173506257235833	0.9218097288006453	1.0074877356054739	78601.0	4457.0	3385.0	193.0	115.0	3423.0	222.0	109.0	4124.0	4567.0	350.0	241.0	96.0	104.0	13.0
4	8	9	-0.703856441155517	0.7592389789434134	1.0145631067961165	76507.0	4300.0	5517.0	313.0	175.0	5874.0	331.0	193.0	1585.0	4371.0	186.0	291.0	162.0	179.0	16.0
4	9	8	-49.73918850832319	1.0	0.4964370546318289	76507.0	5517.0	4300.0	313.0	175.0	5874.0	1585.0	291.0	331.0	4371.0	162.0	193.0	186.0	179.0	16.0
8	4	9	0.7139596436601416	0.23762599782104576	0.986046511627907	76507.0	4300.0	5874.0	331.0	193.0	5517.0	313.0	175.0	1585.0	4371.0	186.0	291.0	179.0	162.0	16.0
5	6	7	-99999.9	1.0	-0.007062146892655367	81128.0	2386.0	2266.0	891.0	57.0	3128.0	178.0	40.0	173.0	9175.0	148.0	56.0	129.0	244.0	1.0
5	7	6	0.26774306382034635	0.39444861141912035	0.006915629322268327	81128.0	2266.0	2386.0	891.0	57.0	3128.0	173.0	56.0	178.0	9175.0	129.0	40.0	148.0	244.0	1.0
6	5	7	-38.18016090078129	1.0	0.5017470300489169	81128.0	2386.0	3128.0	178.0	40.0	2266.0	891.0	57.0	173.0	9175.0	148.0	56.0	244.0	129.0	1.0
5	6	8	-0.3423467108856829	0.6339549400773865	1.0022831050228311	77818.0	5696.0	2897.0	205.0	112.0	3018.0	212.0	116.0	3285.0	5804.0	407.0	187.0	105.0	129.0	9.0
5	8	6	-150.63255278970098	1.0	0.4994311717861206	77818.0	2897.0	5696.0	205.0	112.0	3018.0	3285.0	187.0	212.0	5804.0	105.0	116.0	407.0	129.0	9.0
6	5	8	0.3431265439400922	0.365751697860319	0.9977324263038548	77818.0	5696.0	3018.0	212.0	116.0	2897.0	205.0	112.0	3285.0	5804.0	407.0	187.0	129.0	105.0	9.0
5	6	9	-0.8461753942818219	0.8012725945872201	1.003699421965318	78974.0	4540.0	2958.0	170.0	86.0	3070.0	186.0	90.0	4527.0	4595.0	374.0	245.0	83.0	99.0	3.0
5	9	6	-230.42413705536828	1.0	0.4990802483329501	78974.0	2958.0	4540.0	170.0	86.0	3070.0	4527.0	245.0	186.0	4595.0	83.0	90.0	374.0	99.0	3.0
6	5	9	0.8492942162833214	0.19785875241345507	0.9963411845415047	78974.0	4540.0	3070.0	186.0	90.0	2958.0	170.0	86.0	4527.0	4595.0	374.0	245.0	99.0	83.0	3.0
5	7	8	0.8208448265898589	0.20586727574287467	0.9945072697899838	77730.0	5664.0	2985.0	224.0	125.0	3033.0	207.0	117.0	3285.0	5790.0	407.0	172.0	124.0	126.0	11.0
5	8	7	-147.80035377597397	1.0	0.501384590324157	77730.0	2985.0	5664.0	224.0	125.0	3033.0	3285.0	172.0	207.0	5790.0	124.0	117.0	407.0	126.0	11.0
7	5	8	-0.8163112456762698	0.7928389840669483	1.0055847568988174	77730.0	5664.0	3033.0	207.0	117.0	2985.0	224.0	125.0	3285.0	5790.0	407.0	172.0	126.0	124.0	11.0
5	7	9	0.8840437288558052	0.18833626873147868	0.9961009174311926	78893.0	4501.0	3039.0	194.0	101.0	3093.0	177.0	87.0	4520.0	4590.0	372.0	229.0	97.0	101.0	6.0
5	9	7	-224.96312770766	1.0	0.500980505248587	78893.0	3039.0	4501.0	194.0	101.0	3093.0	4520.0	229.0	177.0	4590.0	97.0	87.0	372.0	101.0	6.0
7	5	9	-0.8805832767741683	0.8107283296286253	1.0039452309120445	78893.0	4501.0	3093.0	177.0	87.0	3039.0	194.0	101.0	4520.0	4590.0	372.0	229.0	101.0	97.0	6.0
5	8	9	-0.661331306461477	0.7458001301357704	1.01414309484193	76402.0	4313.0	5530.0	317.0	166.0	5979.0	334.0	177.0	1553.0	4369.0	199.0	310.0	161.0	177.0	13.0
5	9	8	-48.082676163905035	1.0	0.4965376782077393	76402.0	5530.0	4313.0	317.0	166.0	5979.0	1553.0	310.0	334.0	4369.0	161.0	177.0	199.0	177.0	13.0
8	5	9	0.6705541384629905	0.2512522374031214	0.9864325618515563	76402.0	4313.0	5979.0	334.0	177.0	5530.0	317.0	166.0	1553.0	4369.0	199.0	310.0	177.0	161.0	13.0
6	7	8	1.3818960266999964	0.08350187205894433	0.9935014296854692	78502.0	5754.0	2334.0	177.0	93.0	2261.0	152.0	82.0	3974.0	5879.0	457.0	134.0	107.0	84.0	10.0
6	8	7	-209.8823685351956	1.0	0.5016406352539703	78502.0	2334.0	5754.0	177.0	93.0	2261.0	3974.0	134.0	152.0	5879.0	107.0	82.0	457.0	84.0	10.0
7	6	8	-1.372856937043403	0.9151015273730128	1.006627783669141	78502.0	5754.0	2261.0	152.0	82.0	2334.0	177.0	93.0	3974.0	5879.0	457.0	134.0	84.0	107.0	10.0
6	7	9	2.141422289809581	0.016119942210925275	0.9930056343501069	79676.0	4580.0	2368.0	160.0	76.0	2310.0	124.0	61.0	5235.0	4660.0	415.0	185.0	80.0	65.0	5.0
6	9	7	-301.88105891065584	1.0	0.5017671313567641	79676.0	2368.0	4580.0	160.0	76.0	2310.0	5235.0	185.0	124.0	4660.0	80.0	61.0	415.0	65.0	5.0
7	6	9	-2.1263389005642	0.983262533721379	1.0071442746576702	79676.0	4580.0	2310.0	124.0	61.0	2368.0	160.0	76.0	5235.0	4660.0	415.0	185.0	65.0	80.0	5.0
6	8	9	-0.4358451666869536	0.6685254317800464	1.008994276369583	76502.0	4334.0	5542.0	310.0	172.0	5879.0	321.0	169.0	1555.0	4385.0	198.0	296.0	158.0	168.0	11.0
6	9	8	-49.329748411386895	1.0	0.4977813634530053	76502.0	5542.0	4334.0	310.0	172.0	5879.0	1555.0	296.0	321.0	4385.0	158.0	169.0	198.0	168.0	11.0
8	6	9	0.439730334299236	0.3300662455192933	0.9912420382165605	76502.0	4334.0	5879.0	321.0	169.0	5542.0	310.0	172.0	1555.0	4385.0	198.0	296.0	168.0	158.0	11.0
7	8	9	-1.8455409045213873	0.9675206128013839	1.041060735671514	76468.0	4295.0	5518.0	299.0	171.0	5913.0	347.0	182.0	1564.0	4379.0	197.0	311.0	159.0	185.0	12.0
7	9	8	-48.63769258790738	1.0	0.4903303787268332	76468.0	5518.0	4295.0	299.0	171.0	5913.0	1564.0	311.0	347.0	4379.0	159.0	182.0	197.0	185.0	12.0
8	7	9	1.9183313428262574	0.02753443804263056	0.9634424980959635	76468.0	4295.0	5913.0	347.0	182.0	5518.0	299.0	171.0	1564.0	4379.0	197.0	311.0	185.0	159.0	12.0
