P1	Hybrid	P2	Zscore	Pvalue	Gamma	AAAA	AAAB	AABA	AABB	AABC	ABAA	ABAB	ABAC	ABBA	BAAA	ABBC	CABC	BACA	BCAA	ABCD
1	2	3	-99999.9	1.0	-0.008278145695364239	22626.0	1082.0	998.0	721.0	54.0	2197.0	112.0	70.0	107.0	1747.0	57.0	61.0	35.0	129.0	4.0
1	3	2	0.33910080363602857	0.36726696361716393	0.008077544426494346	22626.0	998.0	1082.0	721.0	54.0	2197.0	107.0	61.0	112.0	1747.0	35.0	70.0	57.0	129.0	4.0
2	1	3	-41.302477882868196	1.0	0.5020441537203598	22626.0	1082.0	2197.0	112.0	70.0	998.0	721.0	54.0	107.0	1747.0	57.0	61.0	129.0	35.0	4.0
1	2	4	0.3316243987624187	0.37008651486546307	0.008103727714748784	22607.0	1101.0	995.0	724.0	54.0	2199.0	112.0	68.0	117.0	1739.0	55.0	60.0	34.0	131.0	4.0
1	4	2	-99999.9	1.0	-0.00830564784053156	22607.0	995.0	1101.0	724.0	54.0	2199.0	117.0	60.0	112.0	1739.0	34.0	68.0	55.0	131.0	4.0
2	1	4	-40.259202009757665	1.0	0.49794913863822804	22607.0	1101.0	2199.0	112.0	68.0	995.0	724.0	54.0	117.0	1739.0	55.0	60.0	131.0	34.0	4.0
1	2	5	-99999.9	1.0	-0.0033670033670033673	22670.0	1038.0	1021.0	701.0	51.0	2228.0	105.0	46.0	103.0	1779.0	29.0	57.0	38.0	131.0	3.0
1	5	2	0.13886890091799564	0.4447768461110625	0.003333333333333333	22670.0	1021.0	1038.0	701.0	51.0	2228.0	103.0	57.0	105.0	1779.0	38.0	46.0	29.0	131.0	3.0
2	1	5	-41.38293247356293	1.0	0.5008375209380235	22670.0	1038.0	2228.0	105.0	46.0	1021.0	701.0	51.0	103.0	1779.0	29.0	57.0	131.0	38.0	3.0
1	2	6	-99999.9	1.0	-0.0033670033670033673	22653.0	1055.0	1018.0	698.0	57.0	2228.0	102.0	49.0	100.0	1778.0	33.0	57.0	37.0	130.0	5.0
1	6	2	0.14091507837551556	0.4439684898495121	0.003333333333333333	22653.0	1018.0	1055.0	698.0	57.0	2228.0	100.0	57.0	102.0	1778.0	37.0	49.0	33.0	130.0	5.0
2	1	6	-41.992693355903604	1.0	0.5008375209380235	22653.0	1055.0	2228.0	102.0	49.0	1018.0	698.0	57.0	100.0	1778.0	33.0	57.0	130.0	37.0	5.0
1	2	7	-2.0919420410918987	0.9817782129623256	1.7666666666666666	22180.0	1528.0	1595.0	111.0	67.0	2132.0	157.0	90.0	263.0	1578.0	70.0	93.0	52.0	78.0	6.0
1	7	2	-6.9125041357819255	0.9999999999976044	0.4108527131782946	22180.0	1595.0	1528.0	111.0	67.0	2132.0	263.0	93.0	157.0	1578.0	52.0	90.0	70.0	78.0	6.0
2	1	7	2.9997659457166845	0.0013510049376156408	0.7676767676767676	22180.0	1528.0	2132.0	157.0	90.0	1595.0	111.0	67.0	263.0	1578.0	70.0	93.0	78.0	52.0	6.0
1	2	8	-1.2138724053516994	0.8876017078023524	1.0599369085173502	22378.0	1330.0	1618.0	105.0	50.0	2145.0	124.0	110.0	460.0	1384.0	67.0	107.0	56.0	61.0	5.0
1	8	2	-22.680247573676485	1.0	0.4862518089725036	22378.0	1618.0	1330.0	105.0	50.0	2145.0	460.0	107.0	124.0	1384.0	56.0	110.0	67.0	61.0	5.0
2	1	8	1.2825139997019446	0.09983126712955037	0.9491978609625669	22378.0	1330.0	2145.0	124.0	110.0	1618.0	105.0	50.0	460.0	1384.0	67.0	107.0	61.0	56.0	5.0
1	2	9	-1.2020308742333405	0.8853241517556321	1.0465686274509804	22489.0	1219.0	1614.0	109.0	50.0	2173.0	128.0	78.0	555.0	1278.0	78.0	113.0	50.0	62.0	4.0
1	9	2	-28.21609315305627	1.0	0.48911798396334477	22489.0	1614.0	1219.0	109.0	50.0	2173.0	555.0	113.0	128.0	1278.0	50.0	78.0	78.0	62.0	4.0
2	1	9	1.255517025545831	0.10464563440526387	0.9591397849462365	22489.0	1219.0	2173.0	128.0	78.0	1614.0	109.0	50.0	555.0	1278.0	78.0	113.0	62.0	50.0	4.0
1	3	4	1.4598324294573013	0.07216810744158819	0.004886988393402565	23400.0	224.0	202.0	1640.0	15.0	2343.0	11.0	11.0	19.0	1862.0	13.0	14.0	12.0	233.0	1.0
1	4	3	-99999.9	1.0	-0.004959702417854929	23400.0	202.0	224.0	1640.0	15.0	2343.0	19.0	14.0	11.0	1862.0	12.0	11.0	13.0	233.0	1.0
3	1	4	-295.7985460187855	1.0	0.4987692307692308	23400.0	224.0	2343.0	11.0	11.0	202.0	1640.0	15.0	19.0	1862.0	13.0	14.0	233.0	12.0	1.0
1	3	5	0.07498252675264253	0.4701142388868519	0.0	22720.0	904.0	971.0	827.0	59.0	2240.0	89.0	36.0	89.0	1781.0	24.0	59.0	52.0	145.0	4.0
1	5	3	0.07498252675264253	0.4701142388868519	0.0	22720.0	971.0	904.0	827.0	59.0	2240.0	89.0	59.0	89.0	1781.0	52.0	36.0	24.0	145.0	4.0
3	1	5	-55.299907147195924	1.0	0.5	22720.0	904.0	2240.0	89.0	36.0	971.0	827.0	59.0	89.0	1781.0	24.0	59.0	145.0	52.0	4.0
1	3	6	0.30569401305490623	0.3799188847644892	0.005383580080753702	22694.0	930.0	977.0	823.0	57.0	2239.0	84.0	42.0	88.0	1779.0	27.0	58.0	54.0	143.0	5.0
1	6	3	-99999.9	1.0	-0.005471956224350205	22694.0	977.0	930.0	823.0	57.0	2239.0	88.0	58.0	84.0	1779.0	54.0	42.0	27.0	143.0	5.0
3	1	6	-56.17127489883897	1.0	0.4986431478968792	22694.0	930.0	2239.0	84.0	42.0	977.0	823.0	57.0	88.0	1779.0	27.0	58.0	143.0	54.0	5.0
1	3	7	-1.4916588972763711	0.932105673166555	1.3452380952380953	22097.0	1527.0	1678.0	122.0	57.0	2124.0	151.0	90.0	264.0	1563.0	67.0	100.0	73.0	84.0	3.0
1	7	3	-7.303984945284301	0.9999999999998592	0.4431372549019608	22097.0	1678.0	1527.0	122.0	57.0	2124.0	264.0	100.0	151.0	1563.0	73.0	90.0	67.0	84.0	3.0
3	1	7	1.8744740125065906	0.030432496918300078	0.8304093567251462	22097.0	1527.0	2124.0	151.0	90.0	1678.0	122.0	57.0	264.0	1563.0	67.0	100.0	84.0	73.0	3.0
1	3	8	0.4570411888520398	0.323820741964449	0.9798850574712644	22316.0	1308.0	1680.0	123.0	54.0	2138.0	116.0	111.0	457.0	1377.0	60.0	117.0	71.0	68.0	4.0
1	8	3	-21.807393868083054	1.0	0.5051851851851853	22316.0	1680.0	1308.0	123.0	54.0	2138.0	457.0	117.0	116.0	1377.0	71.0	111.0	60.0	68.0	4.0
3	1	8	-0.4476591116615288	0.6728003558258855	1.0214067278287462	22316.0	1308.0	2138.0	116.0	111.0	1680.0	123.0	54.0	457.0	1377.0	60.0	117.0	68.0	71.0	4.0
1	3	9	-0.5110552187185996	0.6953438114832489	1.0193236714975846	22405.0	1219.0	1698.0	116.0	43.0	2165.0	124.0	76.0	546.0	1274.0	74.0	130.0	58.0	68.0	4.0
1	9	3	-27.469218006124752	1.0	0.49530516431924876	22405.0	1698.0	1219.0	116.0	43.0	2165.0	546.0	130.0	124.0	1274.0	58.0	76.0	74.0	68.0	4.0
3	1	9	0.5207434693104214	0.301272731734298	0.9817351598173516	22405.0	1219.0	2165.0	124.0	76.0	1698.0	116.0	43.0	546.0	1274.0	74.0	130.0	68.0	58.0	4.0
1	4	5	-99999.9	1.0	-0.012465373961218837	22707.0	895.0	984.0	829.0	66.0	2242.0	98.0	36.0	89.0	1774.0	22.0	57.0	50.0	146.0	5.0
1	5	4	0.6615685060026658	0.2541238339521832	0.012016021361815754	22707.0	984.0	895.0	829.0	66.0	2242.0	89.0	57.0	98.0	1774.0	50.0	36.0	22.0	146.0	5.0
4	1	5	-53.73406420977208	1.0	0.5030591434398369	22707.0	895.0	2242.0	98.0	36.0	984.0	829.0	66.0	89.0	1774.0	22.0	57.0	146.0	50.0	5.0
1	4	6	-99999.9	1.0	-0.006830601092896175	22679.0	923.0	992.0	830.0	57.0	2241.0	93.0	42.0	88.0	1772.0	25.0	56.0	52.0	144.0	6.0
1	6	4	0.37272455723246595	0.35467678793099766	0.006693440428380188	22679.0	992.0	923.0	830.0	57.0	2241.0	88.0	56.0	93.0	1772.0	52.0	42.0	25.0	144.0	6.0
4	1	6	-54.93959973606553	1.0	0.5016903313049358	22679.0	923.0	2241.0	93.0	42.0	992.0	830.0	57.0	88.0	1772.0	25.0	56.0	144.0	52.0	6.0
1	4	7	-1.590955724376524	0.944190227449959	1.4714285714285715	22078.0	1524.0	1697.0	126.0	56.0	2129.0	159.0	88.0	262.0	1557.0	66.0	97.0	71.0	86.0	4.0
1	7	4	-6.55666601561234	0.9999999999723478	0.4309623430962343	22078.0	1697.0	1524.0	126.0	56.0	2129.0	262.0	97.0	159.0	1557.0	71.0	88.0	66.0	86.0	4.0
4	1	7	2.100679403060265	0.017834496893931462	0.8047337278106509	22078.0	1524.0	2129.0	159.0	88.0	1697.0	126.0	56.0	262.0	1557.0	66.0	97.0	86.0	71.0	4.0
1	4	8	-0.19229682065180673	0.5762451267793556	1.0092592592592593	22289.0	1313.0	1707.0	119.0	53.0	2144.0	122.0	110.0	449.0	1376.0	60.0	119.0	66.0	67.0	6.0
1	8	4	-21.152650271698686	1.0	0.497716894977169	22289.0	1707.0	1313.0	119.0	53.0	2144.0	449.0	119.0	122.0	1376.0	66.0	110.0	60.0	67.0	6.0
4	1	8	0.1940610116669609	0.42306407497398235	0.990990990990991	22289.0	1313.0	2144.0	122.0	110.0	1707.0	119.0	53.0	449.0	1376.0	60.0	119.0	67.0	66.0	6.0
1	4	9	-1.2437316186707348	0.8932007542285256	1.0512820512820513	22385.0	1217.0	1718.0	112.0	49.0	2170.0	132.0	74.0	542.0	1269.0	74.0	129.0	55.0	67.0	7.0
1	9	4	-26.74022980142076	1.0	0.48809523809523814	22385.0	1718.0	1217.0	112.0	49.0	2170.0	542.0	129.0	132.0	1269.0	55.0	74.0	74.0	67.0	7.0
4	1	9	1.3044014537278439	0.09604843746845493	0.9555555555555556	22385.0	1217.0	2170.0	132.0	74.0	1718.0	112.0	49.0	542.0	1269.0	74.0	129.0	67.0	55.0	7.0
1	5	6	0.1323828974292729	0.44734068812432737	0.000715307582260372	23332.0	359.0	339.0	1425.0	26.0	2345.0	28.0	15.0	29.0	1877.0	16.0	11.0	12.0	185.0	1.0
1	6	5	-99999.9	1.0	-0.0007168458781362007	23332.0	339.0	359.0	1425.0	26.0	2345.0	29.0	11.0	28.0	1877.0	12.0	15.0	16.0	185.0	1.0
5	1	6	-184.80652481126506	1.0	0.49982098102398853	23332.0	359.0	2345.0	28.0	15.0	339.0	1425.0	26.0	29.0	1877.0	16.0	11.0	185.0	12.0	1.0
1	5	7	-1.8647578571977266	0.9688923858486812	1.542857142857143	22161.0	1530.0	1614.0	111.0	65.0	2150.0	149.0	89.0	257.0	1592.0	73.0	81.0	46.0	79.0	3.0
1	7	5	-7.164595977654424	0.9999999999996072	0.4251968503937008	22161.0	1614.0	1530.0	111.0	65.0	2150.0	257.0	81.0	149.0	1592.0	46.0	89.0	73.0	79.0	3.0
5	1	7	2.5208763625080377	0.005853167822163607	0.7934782608695652	22161.0	1530.0	2150.0	149.0	89.0	1614.0	111.0	65.0	257.0	1592.0	73.0	81.0	79.0	46.0	3.0
1	5	8	-0.33073038257994825	0.6295758565764161	1.0147058823529411	22381.0	1310.0	1615.0	110.0	65.0	2163.0	115.0	110.0	460.0	1399.0	63.0	89.0	50.0	65.0	5.0
1	8	5	-23.1511267805964	1.0	0.49640287769784175	22381.0	1615.0	1310.0	110.0	65.0	2163.0	460.0	89.0	115.0	1399.0	50.0	110.0	63.0	65.0	5.0
5	1	8	0.3355235765303823	0.36861514902935844	0.9859154929577465	22381.0	1310.0	2163.0	115.0	110.0	1615.0	110.0	65.0	460.0	1399.0	63.0	89.0	65.0	50.0	5.0
1	5	9	-0.5754554515379282	0.7175083829558957	1.0214285714285714	22468.0	1223.0	1635.0	115.0	40.0	2186.0	124.0	78.0	553.0	1291.0	78.0	102.0	41.0	63.0	3.0
1	9	5	-28.005498641512503	1.0	0.49480968858131485	22468.0	1635.0	1223.0	115.0	40.0	2186.0	553.0	102.0	124.0	1291.0	41.0	78.0	78.0	63.0	3.0
5	1	9	0.5875279435282345	0.2784245511447099	0.9798657718120806	22468.0	1223.0	2186.0	124.0	78.0	1635.0	115.0	40.0	553.0	1291.0	78.0	102.0	63.0	41.0	3.0
1	6	7	-1.594662312405308	0.9446061137286961	1.4025974025974026	22142.0	1529.0	1633.0	115.0	62.0	2152.0	146.0	87.0	254.0	1590.0	73.0	82.0	51.0	80.0	4.0
1	7	6	-7.150260045946378	0.9999999999995639	0.43724696356275305	22142.0	1633.0	1529.0	115.0	62.0	2152.0	254.0	82.0	146.0	1590.0	51.0	87.0	73.0	80.0	4.0
6	1	7	2.0523894576327577	0.0200658474114902	0.8176470588235294	22142.0	1529.0	2152.0	146.0	87.0	1633.0	115.0	62.0	254.0	1590.0	73.0	82.0	80.0	51.0	4.0
1	6	8	-0.13564910585203585	0.5539506881471699	1.0058309037900874	22348.0	1323.0	1648.0	107.0	55.0	2168.0	109.0	108.0	454.0	1398.0	65.0	90.0	57.0	65.0	5.0
1	8	6	-23.535119865328216	1.0	0.49855491329479773	22348.0	1648.0	1323.0	107.0	55.0	2168.0	454.0	90.0	109.0	1398.0	57.0	108.0	65.0	65.0	5.0
6	1	8	0.1364354774801636	0.44573848531662685	0.994269340974212	22348.0	1323.0	2168.0	109.0	108.0	1648.0	107.0	55.0	454.0	1398.0	65.0	90.0	65.0	57.0	5.0
1	6	9	-0.46047015497593297	0.6774105856783592	1.0165876777251184	22443.0	1228.0	1660.0	110.0	40.0	2191.0	117.0	77.0	546.0	1293.0	78.0	104.0	46.0	64.0	3.0
1	9	6	-28.680712509929542	1.0	0.49595375722543356	22443.0	1660.0	1228.0	110.0	40.0	2191.0	546.0	104.0	117.0	1293.0	46.0	77.0	78.0	64.0	3.0
6	1	9	0.4679836540081743	0.3198981554085354	0.9841986455981941	22443.0	1228.0	2191.0	117.0	77.0	1660.0	110.0	40.0	546.0	1293.0	78.0	104.0	64.0	46.0	3.0
1	7	8	-0.7845102147344929	0.7836296678130692	1.0571428571428572	22445.0	1330.0	1551.0	104.0	51.0	2262.0	116.0	110.0	338.0	1394.0	55.0	112.0	54.0	75.0	3.0
1	8	7	-15.297949187322605	1.0	0.4868421052631579	22445.0	1551.0	1330.0	104.0	51.0	2262.0	338.0	112.0	116.0	1394.0	54.0	110.0	55.0	75.0	3.0
7	1	8	0.8269161722877088	0.20414223483059435	0.9512195121951219	22445.0	1330.0	2262.0	116.0	110.0	1551.0	104.0	51.0	338.0	1394.0	55.0	112.0	75.0	54.0	3.0
1	7	9	-1.9722517368735397	0.9757096311170862	1.105263157894737	22532.0	1243.0	1571.0	87.0	48.0	2297.0	117.0	74.0	432.0	1288.0	67.0	112.0	51.0	78.0	3.0
1	9	7	-22.680894974045717	1.0	0.47727272727272724	22532.0	1571.0	1243.0	87.0	48.0	2297.0	432.0	112.0	117.0	1288.0	51.0	74.0	67.0	78.0	3.0
7	1	9	2.160085235623401	0.015382981299091991	0.92	22532.0	1243.0	2297.0	117.0	74.0	1571.0	87.0	48.0	432.0	1288.0	67.0	112.0	78.0	51.0	3.0
1	8	9	-0.06659355677922962	0.5265474319459489	1.0106382978723405	22763.0	1233.0	1340.0	111.0	34.0	2513.0	112.0	87.0	207.0	1304.0	53.0	121.0	40.0	80.0	2.0
1	9	8	-6.392981450806001	0.9999999999182831	0.49738219895287955	22763.0	1340.0	1233.0	111.0	34.0	2513.0	207.0	121.0	112.0	1304.0	40.0	87.0	53.0	80.0	2.0
8	1	9	0.06729454158743205	0.4731735415627416	0.9896907216494846	22763.0	1233.0	2513.0	112.0	87.0	1340.0	111.0	34.0	207.0	1304.0	53.0	121.0	80.0	40.0	2.0
2	3	4	0.763019342368567	0.22272586380276327	0.004816955684007707	24599.0	224.0	207.0	1052.0	5.0	1144.0	19.0	3.0	24.0	2556.0	17.0	4.0	19.0	127.0	0.0
2	4	3	-99999.9	1.0	-0.004887585532746823	24599.0	207.0	224.0	1052.0	5.0	1144.0	24.0	4.0	19.0	2556.0	19.0	3.0	17.0	127.0	0.0
3	2	4	-156.87677679097752	1.0	0.4987869966035905	24599.0	224.0	1144.0	19.0	3.0	207.0	1052.0	5.0	24.0	2556.0	17.0	4.0	127.0	19.0	0.0
2	3	5	0.5784028018424433	0.28149606172122055	0.04794520547945206	23882.0	941.0	1016.0	212.0	36.0	1078.0	73.0	15.0	80.0	2477.0	40.0	23.0	61.0	64.0	2.0
2	5	3	-99999.9	1.0	-0.056	23882.0	1016.0	941.0	212.0	36.0	1078.0	80.0	23.0	73.0	2477.0	61.0	15.0	40.0	64.0	2.0
3	2	5	-10.907024263314652	1.0	0.4870848708487085	23882.0	941.0	1078.0	73.0	15.0	1016.0	212.0	36.0	80.0	2477.0	40.0	23.0	64.0	61.0	2.0
2	3	6	0.9417744005794874	0.1731540640002891	0.07142857142857144	23859.0	964.0	1022.0	210.0	32.0	1074.0	67.0	25.0	78.0	2475.0	44.0	23.0	64.0	60.0	3.0
2	6	3	-99999.9	1.0	-0.09090909090909091	23859.0	1022.0	964.0	210.0	32.0	1074.0	78.0	23.0	67.0	2475.0	64.0	25.0	44.0	60.0	3.0
3	2	6	-11.301292806953853	1.0	0.48000000000000004	23859.0	964.0	1074.0	67.0	25.0	1022.0	210.0	32.0	78.0	2475.0	44.0	23.0	60.0	64.0	3.0
2	3	7	0.9002153415353349	0.1840028025566296	0.9845559845559846	23180.0	1643.0	1132.0	96.0	36.0	1041.0	84.0	41.0	849.0	1636.0	112.0	61.0	47.0	37.0	5.0
2	7	3	-56.48851268134233	1.0	0.5039525691699605	23180.0	1132.0	1643.0	96.0	36.0	1041.0	849.0	61.0	84.0	1636.0	47.0	41.0	112.0	37.0	5.0
3	2	7	-0.8860943165700748	0.8122166816271066	1.0161943319838056	23180.0	1643.0	1041.0	84.0	41.0	1132.0	96.0	36.0	849.0	1636.0	112.0	61.0	37.0	47.0	5.0
2	3	8	1.7862009481253336	0.03703331415941691	0.9780876494023905	23385.0	1438.0	1138.0	88.0	38.0	1069.0	66.0	31.0	1048.0	1443.0	106.0	68.0	41.0	37.0	4.0
2	8	3	-77.9433141000145	1.0	0.505664263645726	23385.0	1138.0	1438.0	88.0	38.0	1069.0	1048.0	68.0	66.0	1443.0	41.0	31.0	106.0	37.0	4.0
3	2	8	-1.7461842262732385	0.9596105685793457	1.023454157782516	23385.0	1438.0	1069.0	66.0	31.0	1138.0	88.0	38.0	1048.0	1443.0	106.0	68.0	37.0	41.0	4.0
2	3	9	0.504617414587204	0.30691378410444925	0.9944392956441149	23497.0	1326.0	1165.0	74.0	25.0	1073.0	68.0	25.0	1141.0	1343.0	113.0	68.0	38.0	41.0	3.0
2	9	3	-89.73779689409115	1.0	0.5014018691588784	23497.0	1165.0	1326.0	74.0	25.0	1073.0	1141.0	68.0	68.0	1343.0	38.0	25.0	113.0	41.0	3.0
3	2	9	-0.5017956955867163	0.6920943817755785	1.0056550424128181	23497.0	1326.0	1073.0	68.0	25.0	1165.0	74.0	25.0	1141.0	1343.0	113.0	68.0	41.0	38.0	3.0
2	4	5	0.08084982977814102	0.4677806230841661	0.0	23869.0	937.0	1029.0	212.0	40.0	1080.0	77.0	15.0	77.0	2475.0	42.0	24.0	59.0	62.0	2.0
2	5	4	0.08084982977814102	0.4677806230841661	0.0	23869.0	1029.0	937.0	212.0	40.0	1080.0	77.0	24.0	77.0	2475.0	59.0	15.0	42.0	62.0	2.0
4	2	5	-10.875079717311712	1.0	0.5	23869.0	937.0	1080.0	77.0	15.0	1029.0	212.0	40.0	77.0	2475.0	42.0	24.0	62.0	59.0	2.0
2	4	6	0.2481785579377773	0.4019981820632539	0.020833333333333336	23846.0	960.0	1035.0	214.0	32.0	1074.0	73.0	25.0	76.0	2473.0	45.0	25.0	60.0	59.0	3.0
2	6	4	-99999.9	1.0	-0.02222222222222222	23846.0	1035.0	960.0	214.0	32.0	1074.0	76.0	25.0	73.0	2473.0	60.0	25.0	45.0	59.0	3.0
4	2	6	-11.416213665137779	1.0	0.4946236559139785	23846.0	960.0	1074.0	73.0	25.0	1035.0	214.0	32.0	76.0	2473.0	45.0	25.0	59.0	60.0	3.0
2	4	7	0.7257246696479506	0.23400371828167632	0.9870298313878081	23168.0	1638.0	1144.0	101.0	36.0	1039.0	91.0	42.0	852.0	1631.0	111.0	60.0	45.0	37.0	5.0
2	7	4	-54.50192269056106	1.0	0.5033068783068784	23168.0	1144.0	1638.0	101.0	36.0	1039.0	852.0	60.0	91.0	1631.0	45.0	42.0	111.0	37.0	5.0
4	2	7	-0.716188208811578	0.7630624980082705	1.0134952766531713	23168.0	1638.0	1039.0	91.0	42.0	1144.0	101.0	36.0	852.0	1631.0	111.0	60.0	37.0	45.0	5.0
2	4	8	1.1129654361324262	0.13286168500696283	0.9858299595141701	23364.0	1442.0	1159.0	87.0	35.0	1069.0	73.0	30.0	1047.0	1439.0	108.0	69.0	38.0	36.0	4.0
2	8	4	-76.31762990622346	1.0	0.5036194415718718	23364.0	1159.0	1442.0	87.0	35.0	1069.0	1047.0	69.0	73.0	1439.0	38.0	30.0	108.0	36.0	4.0
4	2	8	-1.0969679863317547	0.8636722631631417	1.014799154334038	23364.0	1442.0	1069.0	73.0	30.0	1159.0	87.0	35.0	1047.0	1439.0	108.0	69.0	36.0	38.0	4.0
2	4	9	-0.4112195130985803	0.6595441649325898	1.0047125353440152	23484.0	1322.0	1178.0	71.0	32.0	1071.0	76.0	25.0	1142.0	1338.0	114.0	69.0	35.0	39.0	4.0
2	9	4	-88.08321970571595	1.0	0.4988301357042583	23484.0	1178.0	1322.0	71.0	32.0	1071.0	1142.0	69.0	76.0	1338.0	35.0	25.0	114.0	39.0	4.0
4	2	9	0.41314831006433334	0.339749021785396	0.9953531598513011	23484.0	1322.0	1071.0	76.0	25.0	1178.0	71.0	32.0	1142.0	1338.0	114.0	69.0	39.0	35.0	4.0
2	5	6	0.13241668756645897	0.44732732547540177	0.0012437810945273632	24538.0	360.0	343.0	831.0	15.0	1139.0	28.0	14.0	29.0	2561.0	21.0	7.0	17.0	95.0	2.0
2	6	5	-99999.9	1.0	-0.0012484394506866417	24538.0	343.0	360.0	831.0	15.0	1139.0	29.0	7.0	28.0	2561.0	17.0	14.0	21.0	95.0	2.0
5	2	6	-106.19818342830027	1.0	0.4996884735202492	24538.0	360.0	1139.0	28.0	14.0	343.0	831.0	15.0	29.0	2561.0	21.0	7.0	95.0	17.0	2.0
2	5	7	0.2325203211693255	0.4080669990925674	0.9960526315789474	23251.0	1647.0	1061.0	85.0	43.0	1060.0	82.0	39.0	839.0	1659.0	113.0	52.0	26.0	38.0	5.0
2	7	5	-58.44010738722391	1.0	0.500992720052945	23251.0	1061.0	1647.0	85.0	43.0	1060.0	839.0	52.0	82.0	1659.0	26.0	39.0	113.0	38.0	5.0
5	2	7	-0.2315988403720891	0.5915751501216042	1.003994673768309	23251.0	1647.0	1060.0	82.0	39.0	1061.0	85.0	43.0	839.0	1659.0	113.0	52.0	38.0	26.0	5.0
2	5	8	1.2442835792223674	0.10669767453588919	0.9848178137651822	23460.0	1438.0	1063.0	81.0	45.0	1084.0	66.0	31.0	1039.0	1459.0	113.0	62.0	25.0	34.0	0.0
2	8	5	-79.46824459300181	1.0	0.5038839979285344	23460.0	1063.0	1438.0	81.0	45.0	1084.0	1039.0	62.0	66.0	1459.0	25.0	31.0	113.0	34.0	0.0
5	2	8	-1.22510140688081	0.8897314251655706	1.0159066808059385	23460.0	1438.0	1084.0	66.0	31.0	1063.0	81.0	45.0	1039.0	1459.0	113.0	62.0	34.0	25.0	0.0
2	5	9	0.49766961017249417	0.3093584654191617	0.9944186046511628	23571.0	1327.0	1091.0	76.0	22.0	1083.0	70.0	28.0	1139.0	1356.0	116.0	60.0	23.0	37.0	1.0
2	9	5	-88.17046593556019	1.0	0.50140712945591	23571.0	1091.0	1327.0	76.0	22.0	1083.0	1139.0	60.0	70.0	1356.0	23.0	28.0	116.0	37.0	1.0
5	2	9	-0.4948763289180181	0.6896562883604238	1.0056764427625355	23571.0	1327.0	1083.0	70.0	28.0	1091.0	76.0	22.0	1139.0	1356.0	116.0	60.0	37.0	23.0	1.0
2	6	7	0.931787827150474	0.17572307636900353	0.9843953185955786	23239.0	1642.0	1073.0	90.0	43.0	1055.0	78.0	42.0	835.0	1660.0	111.0	61.0	29.0	35.0	7.0
2	7	6	-57.848494268925315	1.0	0.503994673768309	23239.0	1073.0	1642.0	90.0	43.0	1055.0	835.0	61.0	78.0	1660.0	29.0	42.0	111.0	35.0	7.0
6	2	7	-0.9170170822022498	0.8204331783224128	1.0163710777626194	23239.0	1642.0	1055.0	78.0	42.0	1073.0	90.0	43.0	835.0	1660.0	111.0	61.0	35.0	29.0	7.0
2	6	8	1.531064055821955	0.06287680171907928	0.9818365287588294	23434.0	1447.0	1089.0	79.0	38.0	1082.0	61.0	32.0	1034.0	1459.0	113.0	69.0	30.0	32.0	1.0
2	8	6	-81.23145407277599	1.0	0.5046680497925311	23434.0	1089.0	1447.0	79.0	38.0	1082.0	1034.0	69.0	61.0	1459.0	30.0	32.0	113.0	32.0	1.0
6	2	8	-1.5027401575642005	0.9335469396250697	1.0192102454642475	23434.0	1447.0	1082.0	61.0	32.0	1089.0	79.0	38.0	1034.0	1459.0	113.0	69.0	32.0	30.0	1.0
2	6	9	0.9504425020576797	0.17094371864035618	0.9897959183673469	23550.0	1331.0	1112.0	73.0	21.0	1084.0	62.0	29.0	1129.0	1360.0	117.0	69.0	27.0	34.0	2.0
2	9	6	-91.24248019753722	1.0	0.5025906735751295	23550.0	1112.0	1331.0	73.0	21.0	1084.0	1129.0	69.0	62.0	1360.0	27.0	29.0	117.0	34.0	2.0
6	2	9	-0.9406441257478066	0.8265563829357171	1.0105263157894737	23550.0	1331.0	1084.0	62.0	29.0	1112.0	73.0	21.0	1129.0	1360.0	117.0	69.0	34.0	27.0	2.0
2	7	8	0.9447975046208972	0.17238112116513982	0.9380530973451328	22920.0	1392.0	1603.0	123.0	49.0	1787.0	109.0	55.0	321.0	1388.0	58.0	77.0	53.0	62.0	3.0
2	8	7	-13.362136136781256	1.0	0.5170731707317072	22920.0	1603.0	1392.0	123.0	49.0	1787.0	321.0	77.0	109.0	1388.0	53.0	55.0	58.0	62.0	3.0
7	2	8	-0.8824052165798946	0.8112211777756466	1.076086956521739	22920.0	1392.0	1787.0	109.0	55.0	1603.0	123.0	49.0	321.0	1388.0	58.0	77.0	62.0	53.0	3.0
2	7	9	-0.595279423443315	0.7241716923727944	1.0313588850174216	23041.0	1271.0	1621.0	106.0	48.0	1788.0	115.0	48.0	411.0	1285.0	71.0	83.0	49.0	62.0	1.0
2	9	7	-20.173358238912346	1.0	0.4925124792013312	23041.0	1621.0	1271.0	106.0	48.0	1788.0	411.0	83.0	115.0	1285.0	49.0	48.0	71.0	62.0	1.0
7	2	9	0.613379135642605	0.2698127867532871	0.9713375796178344	23041.0	1271.0	1788.0	115.0	48.0	1621.0	106.0	48.0	411.0	1285.0	71.0	83.0	62.0	49.0	1.0
2	8	9	0.5531761363238048	0.2900713745000194	0.9183673469387755	23256.0	1267.0	1406.0	117.0	41.0	2020.0	109.0	56.0	199.0	1302.0	49.0	63.0	38.0	76.0	1.0
2	9	8	-5.670055397318998	0.9999999928423048	0.5232558139534884	23256.0	1406.0	1267.0	117.0	41.0	2020.0	199.0	63.0	109.0	1302.0	38.0	56.0	49.0	76.0	1.0
8	2	9	-0.5040049242061333	0.692871045266641	1.1081081081081081	23256.0	1267.0	2020.0	109.0	56.0	1406.0	117.0	41.0	199.0	1302.0	49.0	63.0	76.0	38.0	1.0
3	4	5	-0.307856732250351	0.6209042559741378	1.0022753128555177	24740.0	1003.0	220.0	20.0	6.0	209.0	22.0	4.0	903.0	2713.0	119.0	7.0	18.0	16.0	0.0
3	5	4	-135.91874728853003	1.0	0.4994331065759637	24740.0	220.0	1003.0	20.0	6.0	209.0	903.0	7.0	22.0	2713.0	18.0	4.0	119.0	16.0	0.0
4	3	5	0.30855561245977287	0.3788298640003146	0.9977401129943503	24740.0	1003.0	209.0	22.0	4.0	220.0	20.0	6.0	903.0	2713.0	119.0	7.0	16.0	18.0	0.0
3	4	6	0.0	0.49999999949999996	nan	24709.0	1034.0	224.0	19.0	3.0	211.0	19.0	5.0	906.0	2709.0	120.0	6.0	17.0	18.0	0.0
3	6	4	-143.7014439275979	1.0	0.5	24709.0	224.0	1034.0	19.0	3.0	211.0	906.0	6.0	19.0	2709.0	17.0	5.0	120.0	18.0	0.0
4	3	6	0.0	0.49999999949999996	nan	24709.0	1034.0	211.0	19.0	5.0	224.0	19.0	3.0	906.0	2709.0	120.0	6.0	18.0	17.0	0.0
3	4	7	0.0	0.49999999949999996	nan	23997.0	1746.0	224.0	15.0	7.0	210.0	15.0	10.0	1817.0	1741.0	177.0	15.0	13.0	13.0	0.0
3	7	4	-328.4517187677089	1.0	0.5	23997.0	224.0	1746.0	15.0	7.0	210.0	1817.0	15.0	15.0	1741.0	13.0	10.0	177.0	13.0	0.0
4	3	7	0.0	0.49999999949999996	nan	23997.0	1746.0	210.0	15.0	10.0	224.0	15.0	7.0	1817.0	1741.0	177.0	15.0	13.0	13.0	0.0
3	4	8	-1.178654631929932	0.8807320742003131	1.003493013972056	24229.0	1514.0	225.0	14.0	7.0	204.0	21.0	10.0	2032.0	1536.0	167.0	18.0	11.0	12.0	0.0
3	8	4	-339.7892924620846	1.0	0.49913129808885576	24229.0	225.0	1514.0	14.0	7.0	204.0	2032.0	18.0	21.0	1536.0	11.0	10.0	167.0	12.0	0.0
4	3	8	1.1827573581474902	0.11845272488167158	0.9965432098765432	24229.0	1514.0	204.0	21.0	10.0	225.0	14.0	7.0	2032.0	1536.0	167.0	18.0	12.0	11.0	0.0
3	4	9	-2.028244019507546	0.9787323934906582	1.0047348484848484	24340.0	1403.0	230.0	7.0	9.0	215.0	17.0	3.0	2139.0	1431.0	165.0	20.0	10.0	10.0	1.0
3	9	4	-432.4216249590058	1.0	0.4988246356370475	24340.0	230.0	1403.0	7.0	9.0	215.0	2139.0	20.0	17.0	1431.0	10.0	3.0	165.0	10.0	1.0
4	3	9	2.0378021911357624	0.020784791952034753	0.9953314659197012	24340.0	1403.0	215.0	17.0	3.0	230.0	7.0	9.0	2139.0	1431.0	165.0	20.0	10.0	10.0	1.0
3	5	6	0.517346937487823	0.3024569862870412	0.006144393241167434	24595.0	365.0	338.0	675.0	16.0	1082.0	28.0	9.0	32.0	2700.0	21.0	9.0	17.0	112.0	1.0
3	6	5	-99999.9	1.0	-0.006259780907668232	24595.0	338.0	365.0	675.0	16.0	1082.0	32.0	9.0	28.0	2700.0	17.0	9.0	21.0	112.0	1.0
5	3	6	-83.16352020116769	1.0	0.49844961240310076	24595.0	365.0	1082.0	28.0	9.0	338.0	675.0	16.0	32.0	2700.0	21.0	9.0	112.0	17.0	1.0
3	5	7	-0.5909357210534361	0.7227182993252574	1.0079635949943118	23297.0	1663.0	924.0	66.0	39.0	1014.0	73.0	32.0	959.0	1673.0	121.0	69.0	23.0	43.0	4.0
3	7	5	-75.38651412867394	1.0	0.4980326025857223	23297.0	924.0	1663.0	66.0	39.0	1014.0	959.0	69.0	73.0	1673.0	23.0	32.0	121.0	43.0	4.0
5	3	7	0.5956045134319621	0.27571968399026103	0.9922222222222223	23297.0	1663.0	1014.0	73.0	32.0	924.0	66.0	39.0	959.0	1673.0	121.0	69.0	43.0	23.0	4.0
3	5	8	-0.6591635044741627	0.7451046742230205	1.0073868882733148	23533.0	1427.0	921.0	69.0	39.0	1011.0	77.0	31.0	1168.0	1468.0	117.0	75.0	23.0	37.0	4.0
3	8	5	-90.55258642713832	1.0	0.4981735159817352	23533.0	921.0	1427.0	69.0	39.0	1011.0	1168.0	75.0	77.0	1468.0	23.0	31.0	117.0	37.0	4.0
5	3	8	0.663996967385064	0.25334606107900326	0.992773261065944	23533.0	1427.0	1011.0	77.0	31.0	921.0	69.0	39.0	1168.0	1468.0	117.0	75.0	37.0	23.0	4.0
3	5	9	0.1715740510920885	0.4318862062810117	0.99833748960931	23625.0	1335.0	945.0	69.0	15.0	1029.0	67.0	23.0	1268.0	1366.0	119.0	77.0	25.0	34.0	3.0
3	9	5	-102.85864362970688	1.0	0.5004166666666666	23625.0	945.0	1335.0	69.0	15.0	1029.0	1268.0	77.0	67.0	1366.0	25.0	23.0	119.0	34.0	3.0
5	3	9	-0.17128833243914582	0.5680014714051973	1.001670843776107	23625.0	1335.0	1029.0	67.0	23.0	945.0	69.0	15.0	1268.0	1366.0	119.0	77.0	34.0	25.0	3.0
3	6	7	0.0	0.49999999949999996	nan	23275.0	1658.0	946.0	71.0	39.0	1019.0	71.0	33.0	956.0	1670.0	119.0	67.0	28.0	44.0	4.0
3	7	6	-74.2414134672161	1.0	0.5	23275.0	946.0	1658.0	71.0	39.0	1019.0	956.0	67.0	71.0	1670.0	28.0	33.0	119.0	44.0	4.0
6	3	7	0.0	0.49999999949999996	nan	23275.0	1658.0	1019.0	71.0	33.0	946.0	71.0	39.0	956.0	1670.0	119.0	67.0	44.0	28.0	4.0
3	6	8	-0.5053970837120254	0.6933600209677588	1.0055299539170508	23497.0	1436.0	957.0	67.0	32.0	1019.0	73.0	31.0	1164.0	1465.0	116.0	71.0	30.0	38.0	4.0
3	8	6	-92.40343347201538	1.0	0.49862888482632545	23497.0	957.0	1436.0	67.0	32.0	1019.0	1164.0	71.0	73.0	1465.0	30.0	31.0	116.0	38.0	4.0
6	3	8	0.5081765360514132	0.3056647664336929	0.9945602901178604	23497.0	1436.0	1019.0	73.0	31.0	957.0	67.0	32.0	1164.0	1465.0	116.0	71.0	38.0	30.0	4.0
3	6	9	0.34856918373662926	0.3637064485473227	0.9966694421315571	23598.0	1335.0	972.0	68.0	16.0	1036.0	64.0	23.0	1261.0	1365.0	119.0	77.0	29.0	34.0	3.0
3	9	6	-103.96075904944982	1.0	0.500836820083682	23598.0	972.0	1335.0	68.0	16.0	1036.0	1261.0	77.0	64.0	1365.0	29.0	23.0	119.0	34.0	3.0
6	3	9	-0.34740437443425126	0.6358561605978548	1.0033641715727502	23598.0	1335.0	1036.0	64.0	23.0	972.0	68.0	16.0	1261.0	1365.0	119.0	77.0	34.0	29.0	3.0
3	7	8	-0.4519190530909186	0.6743363266118276	1.0360824742268042	22851.0	1370.0	1603.0	112.0	53.0	1856.0	119.0	67.0	320.0	1395.0	54.0	78.0	54.0	66.0	2.0
3	8	7	-13.428451863273015	1.0	0.4914425427872861	22851.0	1603.0	1370.0	112.0	53.0	1856.0	320.0	78.0	119.0	1395.0	54.0	67.0	54.0	66.0	2.0
7	3	8	0.467657527576672	0.32001477532249956	0.9674418604651163	22851.0	1370.0	1856.0	119.0	67.0	1603.0	112.0	53.0	320.0	1395.0	54.0	78.0	66.0	54.0	2.0
3	7	9	-1.0743782863364046	0.8586733783096778	1.0573476702508962	22944.0	1277.0	1626.0	96.0	46.0	1885.0	112.0	45.0	407.0	1293.0	69.0	82.0	53.0	64.0	1.0
3	9	7	-20.88322794066385	1.0	0.48679867986798675	22944.0	1626.0	1277.0	96.0	46.0	1885.0	407.0	82.0	112.0	1293.0	53.0	45.0	69.0	64.0	1.0
7	3	9	1.132649651019057	0.1286807573762465	0.9510703363914373	22944.0	1277.0	1885.0	112.0	45.0	1626.0	96.0	46.0	407.0	1293.0	69.0	82.0	64.0	53.0	1.0
3	8	9	-0.1994360383068102	0.5790391395233221	1.0319148936170213	23186.0	1268.0	1384.0	108.0	43.0	2090.0	111.0	53.0	208.0	1311.0	49.0	76.0	36.0	76.0	1.0
3	9	8	-6.647867943560352	0.9999999999850517	0.49238578680203043	23186.0	1384.0	1268.0	108.0	43.0	2090.0	208.0	76.0	111.0	1311.0	36.0	53.0	49.0	76.0	1.0
8	3	9	0.20560416320289707	0.41855009156649814	0.970873786407767	23186.0	1268.0	2090.0	111.0	53.0	1384.0	108.0	43.0	208.0	1311.0	49.0	76.0	76.0	36.0	1.0
4	5	6	0.1280274991935255	0.4490635691605813	0.0015408320493066256	24585.0	364.0	335.0	678.0	16.0	1092.0	30.0	8.0	31.0	2698.0	20.0	13.0	18.0	111.0	1.0
4	6	5	-99999.9	1.0	-0.001547987616099071	24585.0	335.0	364.0	678.0	16.0	1092.0	31.0	13.0	30.0	2698.0	18.0	8.0	20.0	111.0	1.0
5	4	6	-82.83379197821097	1.0	0.49961389961389957	24585.0	364.0	1092.0	30.0	8.0	335.0	678.0	16.0	31.0	2698.0	20.0	13.0	111.0	18.0	1.0
4	5	7	-0.4082389286715756	0.6584508189004745	1.0057012542759407	23289.0	1660.0	918.0	72.0	39.0	1022.0	77.0	31.0	959.0	1669.0	121.0	75.0	23.0	41.0	4.0
4	7	5	-72.42158594633757	1.0	0.49858677218767666	23289.0	918.0	1660.0	72.0	39.0	1022.0	959.0	75.0	77.0	1669.0	23.0	31.0	121.0	41.0	4.0
5	4	7	0.41055320831257086	0.34070013484592465	0.9943946188340808	23289.0	1660.0	1022.0	77.0	31.0	918.0	72.0	39.0	959.0	1669.0	121.0	75.0	41.0	23.0	4.0
4	5	8	0.0	0.49999999949999996	nan	23517.0	1432.0	916.0	75.0	38.0	1027.0	75.0	28.0	1165.0	1465.0	119.0	83.0	22.0	34.0	4.0
4	8	5	-88.96847610346725	1.0	0.5	23517.0	916.0	1432.0	75.0	38.0	1027.0	1165.0	83.0	75.0	1465.0	22.0	28.0	119.0	34.0	4.0
5	4	8	0.0	0.49999999949999996	nan	23517.0	1432.0	1027.0	75.0	28.0	916.0	75.0	38.0	1165.0	1465.0	119.0	83.0	34.0	22.0	4.0
4	5	9	1.1070606665258744	0.1341338962120745	0.9893179950698439	23616.0	1333.0	939.0	76.0	14.0	1038.0	63.0	29.0	1267.0	1362.0	120.0	84.0	23.0	31.0	5.0
4	9	5	-101.423788756332	1.0	0.502713987473904	23616.0	939.0	1333.0	76.0	14.0	1038.0	1267.0	84.0	63.0	1362.0	23.0	29.0	120.0	31.0	5.0
5	4	9	-1.095107353681326	0.8632651534466727	1.0110356536502547	23616.0	1333.0	1038.0	63.0	29.0	939.0	76.0	14.0	1267.0	1362.0	120.0	84.0	31.0	23.0	5.0
4	6	7	0.16128930044299813	0.43593276771640155	0.9977477477477478	23266.0	1654.0	941.0	78.0	39.0	1028.0	76.0	32.0	962.0	1665.0	119.0	66.0	28.0	42.0	4.0
4	7	6	-71.28987079580516	1.0	0.5005649717514125	23266.0	941.0	1654.0	78.0	39.0	1028.0	962.0	66.0	76.0	1665.0	28.0	32.0	119.0	42.0	4.0
6	4	7	-0.16092521624335254	0.5639238568486842	1.002267573696145	23266.0	1654.0	1028.0	76.0	32.0	941.0	78.0	39.0	962.0	1665.0	119.0	66.0	42.0	28.0	4.0
4	6	8	0.16448943076054773	0.4346729287851073	0.9981768459434822	23481.0	1439.0	952.0	75.0	31.0	1035.0	73.0	28.0	1168.0	1460.0	118.0	72.0	29.0	35.0	4.0
4	8	6	-89.89347391063988	1.0	0.5004570383912249	23481.0	952.0	1439.0	75.0	31.0	1035.0	1168.0	72.0	73.0	1460.0	29.0	28.0	118.0	35.0	4.0
6	4	8	-0.1641889934440901	0.5652088219651084	1.001833180568286	23481.0	1439.0	1035.0	73.0	28.0	952.0	75.0	31.0	1168.0	1460.0	118.0	72.0	35.0	29.0	4.0
4	6	9	1.2967207733680148	0.09736370755038137	0.9877049180327869	23587.0	1333.0	968.0	75.0	15.0	1047.0	60.0	29.0	1265.0	1361.0	120.0	77.0	27.0	31.0	5.0
4	9	6	-102.87318135386268	1.0	0.5031315240083507	23587.0	968.0	1333.0	75.0	15.0	1047.0	1265.0	77.0	60.0	1361.0	27.0	29.0	120.0	31.0	5.0
6	4	9	-1.2805790210024377	0.8998291450527441	1.0127659574468084	23587.0	1333.0	1047.0	60.0	29.0	968.0	75.0	15.0	1265.0	1361.0	120.0	77.0	31.0	27.0	5.0
4	7	8	0.13078685131403922	0.447971928414709	0.9902912621359223	22833.0	1374.0	1600.0	119.0	52.0	1874.0	117.0	65.0	321.0	1392.0	56.0	80.0	53.0	62.0	2.0
4	8	7	-13.209471982717956	1.0	0.5024630541871922	22833.0	1600.0	1374.0	119.0	52.0	1874.0	321.0	80.0	117.0	1392.0	53.0	65.0	56.0	62.0	2.0
7	4	8	-0.12950462728154863	0.5515208531824323	1.01	22833.0	1374.0	1874.0	117.0	65.0	1600.0	119.0	52.0	321.0	1392.0	56.0	80.0	62.0	53.0	2.0
4	7	9	-0.3427664487185482	0.634112849201633	1.0168350168350169	22932.0	1275.0	1623.0	102.0	46.0	1897.0	107.0	52.0	409.0	1290.0	70.0	83.0	51.0	61.0	2.0
4	9	7	-21.04585995131888	1.0	0.49589490968801314	22932.0	1623.0	1275.0	102.0	46.0	1897.0	409.0	83.0	107.0	1290.0	51.0	52.0	70.0	61.0	2.0
7	4	9	0.34844138992249774	0.3637544270074341	0.9839743589743589	22932.0	1275.0	1897.0	107.0	52.0	1623.0	102.0	46.0	409.0	1290.0	70.0	83.0	61.0	51.0	2.0
4	8	9	0.6319120473422872	0.2637221173535347	0.9181818181818182	23166.0	1267.0	1389.0	114.0	42.0	2110.0	105.0	60.0	206.0	1307.0	49.0	73.0	36.0	74.0	2.0
4	9	8	-6.459545372832263	0.9999999999472384	0.5233160621761659	23166.0	1389.0	1267.0	114.0	42.0	2110.0	206.0	73.0	105.0	1307.0	36.0	60.0	49.0	74.0	2.0
8	4	9	-0.5756030530246576	0.7175582799984768	1.108433734939759	23166.0	1267.0	2110.0	105.0	60.0	1389.0	114.0	42.0	206.0	1307.0	49.0	73.0	74.0	36.0	2.0
5	6	7	0.9121078998181598	0.1808559354363235	0.9955271565495207	23954.0	1723.0	357.0	33.0	12.0	340.0	26.0	13.0	1584.0	1741.0	162.0	28.0	15.0	11.0	1.0
5	7	6	-202.09705037399516	1.0	0.5011257639112255	23954.0	357.0	1723.0	33.0	12.0	340.0	1584.0	28.0	26.0	1741.0	15.0	13.0	162.0	11.0	1.0
6	5	7	-0.9080098540551769	0.8180635184875157	1.0045336787564767	23954.0	1723.0	340.0	26.0	13.0	357.0	33.0	12.0	1584.0	1741.0	162.0	28.0	11.0	15.0	1.0
5	6	8	0.2772284312684411	0.3908024193192021	0.9988700564971752	24176.0	1501.0	368.0	27.0	7.0	340.0	25.0	14.0	1793.0	1534.0	160.0	31.0	15.0	9.0	0.0
5	8	6	-244.79270481003405	1.0	0.5002829654782117	24176.0	368.0	1501.0	27.0	7.0	340.0	1793.0	31.0	25.0	1534.0	15.0	14.0	160.0	9.0	0.0
6	5	8	-0.2769148244457393	0.6090771810445366	1.0011337868480725	24176.0	1501.0	340.0	25.0	14.0	368.0	27.0	7.0	1793.0	1534.0	160.0	31.0	9.0	15.0	0.0
5	6	9	0.468268412263882	0.3197963429404882	0.9984126984126984	24281.0	1396.0	373.0	22.0	7.0	353.0	19.0	7.0	1906.0	1436.0	145.0	31.0	14.0	9.0	1.0
5	9	6	-294.0725629017191	1.0	0.5003977724741447	24281.0	373.0	1396.0	22.0	7.0	353.0	1906.0	31.0	19.0	1436.0	14.0	7.0	145.0	9.0	1.0
6	5	9	-0.46752394737951963	0.679937452450456	1.0015948963317385	24281.0	1396.0	353.0	19.0	7.0	373.0	22.0	7.0	1906.0	1436.0	145.0	31.0	9.0	14.0	1.0
5	7	8	0.13364111789543523	0.4468431526699834	0.9903846153846154	22940.0	1371.0	1604.0	114.0	50.0	1767.0	112.0	73.0	318.0	1408.0	56.0	79.0	54.0	51.0	3.0
5	8	7	-13.631394025334389	1.0	0.5024390243902439	22940.0	1604.0	1371.0	114.0	50.0	1767.0	318.0	79.0	112.0	1408.0	54.0	73.0	56.0	51.0	3.0
7	5	8	-0.13234363131392615	0.5526437836211233	1.00990099009901	22940.0	1371.0	1767.0	112.0	73.0	1604.0	114.0	50.0	318.0	1408.0	56.0	79.0	51.0	54.0	3.0
5	7	9	-0.9885024995901862	0.8385466891338522	1.0535714285714286	23036.0	1275.0	1618.0	101.0	49.0	1793.0	116.0	43.0	411.0	1302.0	69.0	86.0	51.0	50.0	0.0
5	9	7	-20.429051658197192	1.0	0.48760330578512395	23036.0	1618.0	1275.0	101.0	49.0	1793.0	411.0	86.0	116.0	1302.0	51.0	43.0	69.0	50.0	0.0
7	5	9	1.0387653385523992	0.1494569670284006	0.9538461538461539	23036.0	1275.0	1793.0	116.0	43.0	1618.0	101.0	49.0	411.0	1302.0	69.0	86.0	50.0	51.0	0.0
5	8	9	0.0	0.49999999949999996	nan	23266.0	1278.0	1388.0	108.0	39.0	2010.0	108.0	46.0	204.0	1321.0	49.0	76.0	40.0	66.0	1.0
5	9	8	-6.53046114152458	0.9999999999670517	0.5	23266.0	1388.0	1278.0	108.0	39.0	2010.0	204.0	76.0	108.0	1321.0	40.0	46.0	49.0	66.0	1.0
8	5	9	0.0	0.49999999949999996	nan	23266.0	1278.0	2010.0	108.0	46.0	1388.0	108.0	39.0	204.0	1321.0	49.0	76.0	66.0	40.0	1.0
6	7	8	-0.1353900433812483	0.5538482821026669	1.0096153846153846	22912.0	1382.0	1604.0	107.0	51.0	1795.0	109.0	65.0	319.0	1409.0	57.0	78.0	52.0	57.0	3.0
6	8	7	-14.351344598412313	1.0	0.49763033175355453	22912.0	1604.0	1382.0	107.0	51.0	1795.0	319.0	78.0	109.0	1409.0	52.0	65.0	57.0	57.0	3.0
7	6	8	0.1366794723658316	0.44564204902793314	0.9906542056074766	22912.0	1382.0	1795.0	109.0	65.0	1604.0	107.0	51.0	319.0	1409.0	57.0	78.0	57.0	52.0	3.0
6	7	9	-1.2037120953128015	0.8856494969207785	1.0640569395017794	23017.0	1277.0	1617.0	95.0	50.0	1812.0	113.0	44.0	412.0	1304.0	69.0	86.0	50.0	54.0	0.0
6	9	7	-21.198707456342117	1.0	0.4853896103896104	23017.0	1617.0	1277.0	95.0	50.0	1812.0	412.0	86.0	113.0	1304.0	50.0	44.0	69.0	54.0	0.0
7	6	9	1.2761763686092245	0.1009466588481085	0.9462686567164179	23017.0	1277.0	1812.0	113.0	44.0	1617.0	95.0	50.0	412.0	1304.0	69.0	86.0	54.0	50.0	0.0
6	8	9	-0.2040387076068167	0.5808383467787348	1.032967032967033	23238.0	1278.0	1396.0	103.0	41.0	2038.0	106.0	48.0	200.0	1322.0	48.0	72.0	39.0	70.0	1.0
6	9	8	-6.59725154595375	0.9999999999789483	0.4921465968586387	23238.0	1396.0	1278.0	103.0	41.0	2038.0	200.0	72.0	106.0	1322.0	39.0	48.0	48.0	70.0	1.0
8	6	9	0.21055058125384274	0.4166190215375609	0.97	23238.0	1278.0	2038.0	106.0	48.0	1396.0	103.0	41.0	200.0	1322.0	48.0	72.0	70.0	39.0	1.0
7	8	9	1.2929947119877472	0.09800651220515788	0.8671875	23417.0	1290.0	1412.0	105.0	39.0	1859.0	88.0	54.0	199.0	1325.0	49.0	57.0	40.0	65.0	1.0
7	9	8	-7.1495001721675475	0.9999999999995615	0.5414634146341464	23417.0	1412.0	1290.0	105.0	39.0	1859.0	199.0	57.0	88.0	1325.0	40.0	54.0	49.0	65.0	1.0
8	7	9	-1.0949684948364706	0.8632347375917127	1.2207792207792207	23417.0	1290.0	1859.0	88.0	54.0	1412.0	105.0	39.0	199.0	1325.0	49.0	57.0	65.0	40.0	1.0
