P1	Hybrid	P2	Zscore	Pvalue	Gamma	AAAA	AAAB	AABA	AABB	AABC	ABAA	ABAB	ABAC	ABBA	BAAA	ABBC	CABC	BACA	BCAA	ABCD
1	2	3	-99999.9	1.0	-0.025089605734767026	7416.0	300.0	333.0	325.0	19.0	809.0	39.0	12.0	32.0	600.0	13.0	20.0	22.0	58.0	2.0
1	3	2	0.8380233873989241	0.20100873410804088	0.023333333333333338	7416.0	333.0	300.0	325.0	19.0	809.0	32.0	20.0	39.0	600.0	22.0	12.0	13.0	58.0	2.0
2	1	3	-34.239241256584634	1.0	0.5060449050086356	7416.0	300.0	809.0	39.0	12.0	333.0	325.0	19.0	32.0	600.0	13.0	20.0	58.0	22.0	2.0
1	2	4	-99999.9	1.0	-0.013888888888888888	7395.0	321.0	337.0	326.0	14.0	812.0	34.0	14.0	30.0	596.0	19.0	23.0	23.0	55.0	1.0
1	4	2	0.5025471963115734	0.30764132820313317	0.013333333333333332	7395.0	337.0	321.0	326.0	14.0	812.0	30.0	23.0	34.0	596.0	23.0	14.0	19.0	55.0	1.0
2	1	4	-36.685945330744886	1.0	0.5034013605442177	7395.0	321.0	812.0	34.0	14.0	337.0	326.0	14.0	30.0	596.0	19.0	23.0	55.0	23.0	1.0
1	2	5	0.12413945803301313	0.4506023888899777	0.0033222591362126247	7381.0	335.0	329.0	332.0	16.0	811.0	32.0	17.0	33.0	595.0	17.0	20.0	25.0	55.0	2.0
1	5	2	-99999.9	1.0	-0.003355704697986577	7381.0	329.0	335.0	332.0	16.0	811.0	33.0	20.0	32.0	595.0	25.0	17.0	17.0	55.0	2.0
2	1	5	-37.11769795187081	1.0	0.49916527545909856	7381.0	335.0	811.0	32.0	17.0	329.0	332.0	16.0	33.0	595.0	17.0	20.0	55.0	25.0	2.0
1	2	6	-99999.9	1.0	-0.006734006734006734	7367.0	349.0	334.0	332.0	11.0	806.0	33.0	21.0	31.0	598.0	16.0	23.0	21.0	56.0	2.0
1	6	2	0.25058130610924834	0.4010689733765982	0.006600660066006601	7367.0	334.0	349.0	332.0	11.0	806.0	31.0	23.0	33.0	598.0	21.0	21.0	16.0	56.0	2.0
2	1	6	-37.46190526333268	1.0	0.5016666666666667	7367.0	349.0	806.0	33.0	21.0	334.0	332.0	11.0	31.0	598.0	16.0	23.0	56.0	21.0	2.0
1	2	7	-99999.9	1.0	-0.027681660899653977	7365.0	351.0	335.0	332.0	10.0	806.0	35.0	19.0	27.0	604.0	14.0	24.0	22.0	54.0	2.0
1	7	2	1.0248997425824293	0.15270526739145196	0.025559105431309907	7365.0	335.0	351.0	332.0	10.0	806.0	27.0	24.0	35.0	604.0	22.0	19.0	14.0	54.0	2.0
2	1	7	-38.04940294337272	1.0	0.5066445182724253	7365.0	351.0	806.0	35.0	19.0	335.0	332.0	10.0	27.0	604.0	14.0	24.0	54.0	22.0	2.0
1	2	8	0.726975523651724	0.23362040565186326	0.9239130434782609	7263.0	453.0	606.0	53.0	18.0	792.0	46.0	22.0	131.0	487.0	27.0	39.0	32.0	29.0	2.0
1	8	2	-8.100584406404922	0.9999999999999998	0.5214723926380368	7263.0	606.0	453.0	53.0	18.0	792.0	131.0	39.0	46.0	487.0	32.0	22.0	27.0	29.0	2.0
2	1	8	-0.6671069511156997	0.7476481552509224	1.0985915492957747	7263.0	453.0	792.0	46.0	22.0	606.0	53.0	18.0	131.0	487.0	27.0	39.0	29.0	32.0	2.0
1	2	9	-0.2990925951226834	0.6175652337777651	1.0340909090909092	7231.0	485.0	612.0	47.0	18.0	792.0	50.0	18.0	141.0	478.0	26.0	41.0	30.0	29.0	2.0
1	9	2	-9.37156798051075	1.0	0.4918918918918919	7231.0	612.0	485.0	47.0	18.0	792.0	141.0	41.0	50.0	478.0	30.0	18.0	26.0	29.0	2.0
2	1	9	0.3089527905662884	0.3786787882152647	0.9690721649484537	7231.0	485.0	792.0	50.0	18.0	612.0	47.0	18.0	141.0	478.0	26.0	41.0	29.0	30.0	2.0
1	3	4	0.6340451579735071	0.263025617358176	0.00936768149882904	7544.0	205.0	188.0	441.0	15.0	833.0	18.0	10.0	22.0	627.0	12.0	10.0	8.0	67.0	0.0
1	4	3	-99999.9	1.0	-0.00963855421686747	7544.0	188.0	205.0	441.0	15.0	833.0	22.0	10.0	18.0	627.0	8.0	10.0	12.0	67.0	0.0
3	1	4	-66.41623029772482	1.0	0.497624703087886	7544.0	205.0	833.0	18.0	10.0	188.0	441.0	15.0	22.0	627.0	12.0	10.0	67.0	8.0	0.0
1	3	5	1.2021956698602794	0.11464392837143023	0.027190332326283987	7434.0	315.0	276.0	346.0	22.0	818.0	24.0	19.0	33.0	612.0	16.0	13.0	16.0	54.0	2.0
1	5	3	-99999.9	1.0	-0.029605263157894735	7434.0	276.0	315.0	346.0	22.0	818.0	33.0	13.0	24.0	612.0	16.0	19.0	16.0	54.0	2.0
3	1	5	-41.80969385180751	1.0	0.49291338582677163	7434.0	315.0	818.0	24.0	19.0	276.0	346.0	22.0	33.0	612.0	16.0	13.0	54.0	16.0	2.0
1	3	6	0.5466290979323696	0.2923167616451887	0.012012012012012014	7430.0	319.0	271.0	354.0	19.0	818.0	25.0	18.0	29.0	613.0	19.0	13.0	14.0	56.0	2.0
1	6	3	-99999.9	1.0	-0.012461059190031154	7430.0	271.0	319.0	354.0	19.0	818.0	29.0	13.0	25.0	613.0	14.0	18.0	19.0	56.0	2.0
3	1	6	-44.41361420700506	1.0	0.4969418960244648	7430.0	319.0	818.0	25.0	18.0	271.0	354.0	19.0	29.0	613.0	19.0	13.0	56.0	14.0	2.0
1	3	7	-99999.9	1.0	-0.003067484662576687	7430.0	319.0	270.0	354.0	20.0	816.0	27.0	18.0	26.0	619.0	16.0	15.0	15.0	53.0	2.0
1	7	3	0.13743229173788826	0.44534452576507255	0.0030395136778115506	7430.0	270.0	319.0	354.0	20.0	816.0	26.0	15.0	27.0	619.0	15.0	18.0	16.0	53.0	2.0
3	1	7	-44.940359398289544	1.0	0.5007633587786259	7430.0	319.0	816.0	27.0	18.0	270.0	354.0	20.0	26.0	619.0	16.0	15.0	53.0	15.0	2.0
1	3	8	1.5798871434255066	0.05706636277413235	0.8611111111111112	7297.0	452.0	572.0	57.0	15.0	796.0	42.0	23.0	135.0	500.0	26.0	31.0	23.0	30.0	1.0
1	8	3	-8.215413145812635	0.9999999999999999	0.5438596491228069	7297.0	572.0	452.0	57.0	15.0	796.0	135.0	31.0	42.0	500.0	23.0	23.0	26.0	30.0	1.0
3	1	8	-1.3250666364213928	0.9074254087271537	1.2380952380952381	7297.0	452.0	796.0	42.0	23.0	572.0	57.0	15.0	135.0	500.0	26.0	31.0	30.0	23.0	1.0
1	3	9	0.0	0.49999999949999996	nan	7261.0	488.0	582.0	44.0	18.0	798.0	44.0	19.0	146.0	491.0	24.0	30.0	23.0	31.0	1.0
1	9	3	-10.867063819171365	1.0	0.5	7261.0	582.0	488.0	44.0	18.0	798.0	146.0	30.0	44.0	491.0	23.0	19.0	24.0	31.0	1.0
3	1	9	0.0	0.49999999949999996	nan	7261.0	488.0	798.0	44.0	19.0	582.0	44.0	18.0	146.0	491.0	24.0	30.0	31.0	23.0	1.0
1	4	5	0.40583449093988566	0.34243215388099646	0.009287925696594427	7418.0	314.0	292.0	346.0	23.0	822.0	26.0	17.0	29.0	607.0	17.0	13.0	19.0	55.0	2.0
1	5	4	-99999.9	1.0	-0.009554140127388536	7418.0	292.0	314.0	346.0	23.0	822.0	29.0	13.0	26.0	607.0	19.0	17.0	17.0	55.0	2.0
4	1	5	-42.88317787598123	1.0	0.4976452119309262	7418.0	314.0	822.0	26.0	17.0	292.0	346.0	23.0	29.0	607.0	17.0	13.0	55.0	19.0	2.0
1	4	6	-99999.9	1.0	-0.003067484662576687	7408.0	324.0	293.0	352.0	16.0	819.0	25.0	21.0	24.0	611.0	18.0	17.0	16.0	54.0	2.0
1	6	4	0.1429200859895546	0.4431766240595004	0.0030395136778115506	7408.0	293.0	324.0	352.0	16.0	819.0	24.0	17.0	25.0	611.0	16.0	21.0	18.0	54.0	2.0
4	1	6	-46.73486811858429	1.0	0.5007633587786259	7408.0	324.0	819.0	25.0	21.0	293.0	352.0	16.0	24.0	611.0	18.0	17.0	54.0	16.0	2.0
1	4	7	-99999.9	1.0	-0.025236593059936908	7406.0	326.0	294.0	353.0	14.0	818.0	28.0	19.0	20.0	616.0	17.0	19.0	17.0	51.0	2.0
1	7	4	1.1625749172182884	0.12250106530908778	0.023460410557184754	7406.0	294.0	326.0	353.0	14.0	818.0	20.0	19.0	28.0	616.0	17.0	19.0	17.0	51.0	2.0
4	1	7	-47.229606011992935	1.0	0.5060790273556232	7406.0	326.0	818.0	28.0	19.0	294.0	353.0	14.0	20.0	616.0	17.0	19.0	51.0	17.0	2.0
1	4	8	1.1415372343707642	0.12682326802741373	0.8921568627450981	7277.0	455.0	592.0	56.0	13.0	795.0	45.0	25.0	136.0	493.0	24.0	31.0	27.0	29.0	2.0
1	8	4	-8.302088977241919	1.0	0.5321637426900584	7277.0	592.0	455.0	56.0	13.0	795.0	136.0	31.0	45.0	493.0	27.0	25.0	24.0	29.0	2.0
4	1	8	-1.003549217029243	0.8422020173722087	1.1594202898550725	7277.0	455.0	795.0	45.0	25.0	592.0	56.0	13.0	136.0	493.0	24.0	31.0	29.0	27.0	2.0
1	4	9	0.7237552716443708	0.23460792748660786	0.9339622641509434	7249.0	483.0	594.0	53.0	14.0	798.0	46.0	21.0	145.0	484.0	24.0	31.0	28.0	28.0	2.0
1	9	4	-9.512212141611727	1.0	0.5183246073298429	7249.0	594.0	483.0	53.0	14.0	798.0	145.0	31.0	46.0	484.0	28.0	21.0	24.0	28.0	2.0
4	1	9	-0.672580656477597	0.7493930106196114	1.0823529411764705	7249.0	483.0	798.0	46.0	21.0	594.0	53.0	14.0	145.0	484.0	24.0	31.0	28.0	28.0	2.0
1	5	6	-99999.9	1.0	-0.00516795865633075	7448.0	262.0	253.0	415.0	15.0	821.0	26.0	17.0	24.0	610.0	18.0	15.0	16.0	58.0	2.0
1	6	5	0.2832240389993712	0.38850261675828346	0.005089058524173028	7448.0	253.0	262.0	415.0	15.0	821.0	24.0	15.0	26.0	610.0	16.0	17.0	18.0	58.0	2.0
5	1	6	-55.087075585377676	1.0	0.5012820512820514	7448.0	262.0	821.0	26.0	17.0	253.0	415.0	15.0	24.0	610.0	18.0	15.0	58.0	16.0	2.0
1	5	7	-99999.9	1.0	-0.021108179419525065	7444.0	266.0	256.0	415.0	12.0	821.0	28.0	15.0	20.0	617.0	15.0	16.0	16.0	57.0	2.0
1	7	5	1.1611737145800656	0.12278568981461668	0.019851116625310174	7444.0	256.0	266.0	415.0	12.0	821.0	20.0	16.0	28.0	617.0	16.0	15.0	15.0	57.0	2.0
5	1	7	-56.171778442810655	1.0	0.5051150895140666	7444.0	266.0	821.0	28.0	15.0	256.0	415.0	12.0	20.0	617.0	15.0	16.0	57.0	16.0	2.0
1	5	8	1.4446088735540474	0.07428393400195432	0.8571428571428571	7261.0	449.0	608.0	59.0	16.0	793.0	45.0	26.0	129.0	494.0	29.0	40.0	26.0	22.0	3.0
1	8	5	-7.223044367770239	0.999999999999744	0.5454545454545454	7261.0	608.0	449.0	59.0	16.0	793.0	129.0	40.0	45.0	494.0	26.0	26.0	29.0	22.0	3.0
5	1	8	-1.2038407279617063	0.8856743624560326	1.25	7261.0	449.0	793.0	45.0	26.0	608.0	59.0	16.0	129.0	494.0	29.0	40.0	22.0	26.0	3.0
1	5	9	0.0	0.49999999949999996	nan	7226.0	484.0	617.0	50.0	16.0	794.0	50.0	20.0	140.0	483.0	29.0	40.0	25.0	24.0	2.0
1	9	5	-8.99550337218996	1.0	0.5	7226.0	617.0	484.0	50.0	16.0	794.0	140.0	40.0	50.0	483.0	25.0	20.0	29.0	24.0	2.0
5	1	9	0.0	0.49999999949999996	nan	7226.0	484.0	794.0	50.0	20.0	617.0	50.0	16.0	140.0	483.0	29.0	40.0	24.0	25.0	2.0
1	6	7	-99999.9	1.0	-0.012280701754385965	7602.0	99.0	98.0	589.0	5.0	843.0	12.0	5.0	5.0	642.0	5.0	9.0	7.0	78.0	1.0
1	7	6	1.694548031491857	0.04508056838821406	0.011844331641285955	7602.0	98.0	99.0	589.0	5.0	843.0	5.0	9.0	12.0	642.0	7.0	5.0	5.0	78.0	1.0
6	1	7	-139.67917345297167	1.0	0.5030146425495262	7602.0	99.0	843.0	12.0	5.0	98.0	589.0	5.0	5.0	642.0	5.0	9.0	78.0	7.0	1.0
1	6	8	1.3450340093082427	0.08930718966388584	0.8673469387755102	7250.0	451.0	619.0	58.0	15.0	790.0	45.0	25.0	130.0	495.0	27.0	42.0	25.0	26.0	2.0
1	8	6	-7.449419128476419	0.9999999999999527	0.5414012738853504	7250.0	619.0	451.0	58.0	15.0	790.0	130.0	42.0	45.0	495.0	25.0	25.0	27.0	26.0	2.0
6	1	8	-1.1393229255316877	0.8727157007948747	1.2203389830508475	7250.0	451.0	790.0	45.0	25.0	619.0	58.0	15.0	130.0	495.0	27.0	42.0	26.0	25.0	2.0
1	6	9	0.2039526207942178	0.41919528961798425	0.979381443298969	7217.0	484.0	626.0	50.0	16.0	792.0	48.0	20.0	143.0	484.0	25.0	39.0	26.0	28.0	2.0
1	9	6	-9.483796866931106	1.0	0.5053191489361702	7217.0	626.0	484.0	50.0	16.0	792.0	143.0	39.0	48.0	484.0	26.0	20.0	25.0	28.0	2.0
6	1	9	-0.19965888140907637	0.5791262884006149	1.021978021978022	7217.0	484.0	792.0	48.0	20.0	626.0	50.0	16.0	143.0	484.0	25.0	39.0	28.0	26.0	2.0
1	7	8	1.1526857912480344	0.1245197449411769	0.8921568627450981	7246.0	454.0	623.0	55.0	15.0	789.0	44.0	24.0	135.0	497.0	29.0	38.0	24.0	25.0	2.0
1	8	7	-8.383169390894803	1.0	0.5321637426900584	7246.0	623.0	454.0	55.0	15.0	789.0	135.0	38.0	44.0	497.0	24.0	24.0	29.0	25.0	2.0
7	1	8	-1.0133501461521184	0.8445535134452431	1.1594202898550725	7246.0	454.0	789.0	44.0	24.0	623.0	55.0	15.0	135.0	497.0	29.0	38.0	25.0	24.0	2.0
1	7	9	0.5185448518763498	0.3020390762197944	0.9523809523809523	7217.0	483.0	626.0	51.0	16.0	791.0	46.0	20.0	146.0	489.0	26.0	37.0	23.0	28.0	1.0
1	9	7	-9.852352185650656	1.0	0.5128205128205129	7217.0	626.0	483.0	51.0	16.0	791.0	146.0	37.0	46.0	489.0	23.0	20.0	26.0	28.0	1.0
7	1	9	-0.4926176092825323	0.6888585958494211	1.0555555555555556	7217.0	483.0	791.0	46.0	20.0	626.0	51.0	16.0	146.0	489.0	26.0	37.0	28.0	23.0	1.0
1	8	9	0.7111180212806419	0.23850548236276314	0.5625000000000001	7396.0	473.0	447.0	58.0	19.0	886.0	51.0	25.0	60.0	492.0	13.0	28.0	15.0	35.0	2.0
1	9	8	-0.20317657750875534	0.5805014630977449	0.8181818181818182	7396.0	447.0	473.0	58.0	19.0	886.0	60.0	28.0	51.0	492.0	15.0	25.0	13.0	35.0	2.0
8	1	9	-0.15802622695125407	0.5627819440060812	-0.39999999999999997	7396.0	473.0	886.0	51.0	25.0	447.0	58.0	19.0	60.0	492.0	13.0	28.0	35.0	15.0	2.0
2	3	4	0.3447031354753072	0.3651588465258644	0.014492753623188406	8012.0	213.0	195.0	152.0	4.0	365.0	16.0	4.0	18.0	948.0	17.0	7.0	13.0	35.0	1.0
2	4	3	-99999.9	1.0	-0.015151515151515152	8012.0	195.0	213.0	152.0	4.0	365.0	18.0	7.0	16.0	948.0	13.0	4.0	17.0	35.0	1.0
3	2	4	-23.095110076845614	1.0	0.4962962962962963	8012.0	213.0	365.0	16.0	4.0	195.0	152.0	4.0	18.0	948.0	17.0	7.0	35.0	13.0	1.0
2	3	5	-99999.9	1.0	-0.034482758620689655	7901.0	324.0	291.0	55.0	5.0	351.0	25.0	9.0	24.0	933.0	26.0	7.0	24.0	24.0	1.0
2	5	3	0.1448960447891803	0.4423964528917472	0.03125	7901.0	291.0	324.0	55.0	5.0	351.0	24.0	7.0	25.0	933.0	24.0	9.0	26.0	24.0	1.0
3	2	5	-4.346881343675397	0.9999930903997907	0.5081967213114755	7901.0	324.0	351.0	25.0	9.0	291.0	55.0	5.0	24.0	933.0	26.0	7.0	24.0	24.0	1.0
2	3	6	0.15241114961787078	0.43943131674031566	0.0	7890.0	335.0	283.0	61.0	7.0	358.0	22.0	5.0	22.0	940.0	21.0	8.0	24.0	22.0	2.0
2	6	3	0.15241114961787078	0.43943131674031566	0.0	7890.0	283.0	335.0	61.0	7.0	358.0	22.0	8.0	22.0	940.0	24.0	5.0	21.0	22.0	2.0
3	2	6	-5.872801368884131	0.9999999978505214	0.5	7890.0	335.0	358.0	22.0	5.0	283.0	61.0	7.0	22.0	940.0	21.0	8.0	22.0	24.0	2.0
2	3	7	-99999.9	1.0	-0.05555555555555555	7888.0	337.0	283.0	60.0	8.0	358.0	22.0	5.0	20.0	944.0	19.0	8.0	24.0	22.0	2.0
2	7	3	0.3150671093031836	0.37635541925443117	0.047619047619047616	7888.0	283.0	337.0	60.0	8.0	358.0	20.0	8.0	22.0	944.0	24.0	5.0	19.0	22.0	2.0
3	2	7	-5.986275076760499	0.9999999989226849	0.5128205128205129	7888.0	337.0	358.0	22.0	5.0	283.0	60.0	8.0	20.0	944.0	19.0	8.0	22.0	24.0	2.0
2	3	8	0.7323079317541626	0.2319902504752287	0.9869791666666666	7740.0	485.0	315.0	26.0	10.0	353.0	21.0	11.0	400.0	539.0	44.0	23.0	9.0	22.0	2.0
2	8	3	-54.776633295211326	1.0	0.5033200531208499	7740.0	315.0	485.0	26.0	10.0	353.0	400.0	23.0	21.0	539.0	9.0	11.0	44.0	22.0	2.0
3	2	8	-0.7226468772455326	0.7650516392014753	1.013550135501355	7740.0	485.0	353.0	21.0	11.0	315.0	26.0	10.0	400.0	539.0	44.0	23.0	22.0	9.0	2.0
2	3	9	0.16011518060606708	0.4363951632410916	0.9974747474747475	7704.0	521.0	319.0	20.0	12.0	355.0	19.0	11.0	414.0	526.0	43.0	25.0	9.0	20.0	2.0
2	9	3	-63.085381158790305	1.0	0.5006337135614702	7704.0	319.0	521.0	20.0	12.0	355.0	414.0	25.0	19.0	526.0	9.0	11.0	43.0	20.0	2.0
3	2	9	-0.15970982571845682	0.5634451784176151	1.0025445292620865	7704.0	521.0	355.0	19.0	11.0	319.0	20.0	12.0	414.0	526.0	43.0	25.0	20.0	9.0	2.0
2	4	5	-99999.9	1.0	-0.30000000000000004	7888.0	319.0	304.0	56.0	9.0	352.0	30.0	8.0	24.0	927.0	26.0	6.0	25.0	25.0	1.0
2	5	4	0.8669536709881829	0.19298365626188752	0.15789473684210525	7888.0	304.0	319.0	56.0	9.0	352.0	24.0	6.0	30.0	927.0	25.0	8.0	26.0	25.0	1.0
4	2	5	-3.7567992409487934	0.9999139228733845	0.5517241379310345	7888.0	319.0	352.0	30.0	8.0	304.0	56.0	9.0	24.0	927.0	26.0	6.0	25.0	25.0	1.0
2	4	6	-99999.9	1.0	-0.13333333333333333	7870.0	337.0	303.0	60.0	6.0	357.0	26.0	7.0	22.0	935.0	20.0	9.0	25.0	22.0	1.0
2	6	4	0.6005194410828183	0.2740800059951276	0.09523809523809525	7870.0	303.0	337.0	60.0	6.0	357.0	22.0	9.0	26.0	935.0	25.0	7.0	20.0	22.0	1.0
4	2	6	-5.104415249203954	0.9999998338005701	0.5277777777777778	7870.0	337.0	357.0	26.0	7.0	303.0	60.0	6.0	22.0	935.0	20.0	9.0	22.0	25.0	1.0
2	4	7	-99999.9	1.0	-0.2692307692307693	7867.0	340.0	304.0	60.0	5.0	357.0	27.0	6.0	20.0	938.0	19.0	9.0	25.0	22.0	1.0
2	7	4	1.0733020276567184	0.14156784903415143	0.14893617021276595	7867.0	304.0	340.0	60.0	5.0	357.0	20.0	9.0	27.0	938.0	25.0	6.0	19.0	22.0	1.0
4	2	7	-5.059852416095961	0.9999997898578961	0.5479452054794521	7867.0	340.0	357.0	27.0	6.0	304.0	60.0	5.0	20.0	938.0	19.0	9.0	22.0	25.0	1.0
2	4	8	0.2725701348665794	0.3925918990673545	0.9948051948051948	7723.0	484.0	332.0	28.0	9.0	349.0	26.0	15.0	409.0	528.0	40.0	18.0	15.0	22.0	2.0
2	8	4	-51.924610692083355	1.0	0.5013089005235603	7723.0	332.0	484.0	28.0	9.0	349.0	409.0	18.0	26.0	528.0	15.0	15.0	40.0	22.0	2.0
4	2	8	-0.27114679212576176	0.6068608701839946	1.0052770448548813	7723.0	484.0	349.0	26.0	15.0	332.0	28.0	9.0	409.0	528.0	40.0	18.0	22.0	15.0	2.0
2	4	9	1.2933625318212523	0.09794291945361433	0.9780487804878049	7693.0	514.0	330.0	29.0	10.0	354.0	20.0	16.0	421.0	517.0	39.0	19.0	17.0	19.0	2.0
2	9	4	-56.333123608214514	1.0	0.5056746532156369	7693.0	330.0	514.0	29.0	10.0	354.0	421.0	19.0	20.0	517.0	17.0	16.0	39.0	19.0	2.0
4	2	9	-1.2643344450721468	0.8969449255545248	1.0234986945169713	7693.0	514.0	354.0	20.0	16.0	330.0	29.0	10.0	421.0	517.0	39.0	19.0	19.0	17.0	2.0
2	5	6	0.47410269018922047	0.3177133527108065	0.030303030303030304	7911.0	281.0	262.0	115.0	7.0	358.0	19.0	5.0	22.0	942.0	18.0	8.0	25.0	26.0	1.0
2	6	5	-99999.9	1.0	-0.03333333333333333	7911.0	262.0	281.0	115.0	7.0	358.0	22.0	8.0	19.0	942.0	25.0	5.0	18.0	26.0	1.0
5	2	6	-14.697183395865837	1.0	0.49206349206349204	7911.0	281.0	358.0	19.0	5.0	262.0	115.0	7.0	22.0	942.0	18.0	8.0	26.0	25.0	1.0
2	5	7	0.15870823766718836	0.4369493643316573	0.0	7907.0	285.0	264.0	116.0	4.0	358.0	20.0	4.0	20.0	946.0	16.0	8.0	24.0	27.0	1.0
2	7	5	0.15870823766718836	0.4369493643316573	0.0	7907.0	264.0	285.0	116.0	4.0	358.0	20.0	8.0	20.0	946.0	24.0	4.0	16.0	27.0	1.0
5	2	7	-15.159994604516767	1.0	0.5	7907.0	285.0	358.0	20.0	4.0	264.0	116.0	4.0	20.0	946.0	16.0	8.0	27.0	24.0	1.0
2	5	8	0.27774530585815393	0.3906040041592791	0.9948453608247423	7709.0	483.0	346.0	27.0	11.0	345.0	25.0	12.0	411.0	527.0	44.0	20.0	17.0	21.0	2.0
2	8	5	-53.327098724765676	1.0	0.5012987012987014	7709.0	346.0	483.0	27.0	11.0	345.0	411.0	20.0	25.0	527.0	17.0	12.0	44.0	21.0	2.0
5	2	8	-0.27630621100914793	0.6088434929216944	1.0052356020942408	7709.0	483.0	345.0	25.0	12.0	346.0	27.0	11.0	411.0	527.0	44.0	20.0	21.0	17.0	2.0
2	5	9	-0.29376102914434304	0.6155296744171611	1.0050377833753148	7674.0	518.0	349.0	22.0	13.0	346.0	24.0	12.0	423.0	516.0	43.0	25.0	14.0	19.0	2.0
2	9	5	-58.89908634344075	1.0	0.49874999999999997	7674.0	349.0	518.0	22.0	13.0	346.0	423.0	25.0	24.0	516.0	14.0	12.0	43.0	19.0	2.0
5	2	9	0.29523351550596877	0.3839078181348722	0.9950372208436724	7674.0	518.0	346.0	24.0	12.0	349.0	22.0	13.0	423.0	516.0	43.0	25.0	19.0	14.0	2.0
2	6	7	-99999.9	1.0	-0.010638297872340425	8066.0	107.0	105.0	293.0	5.0	379.0	8.0	1.0	5.0	975.0	6.0	2.0	7.0	41.0	0.0
2	7	6	0.831183196383847	0.202935020851031	0.010309278350515462	8066.0	105.0	107.0	293.0	5.0	379.0	5.0	2.0	8.0	975.0	7.0	1.0	6.0	41.0	0.0
6	2	7	-78.96240365646526	1.0	0.5026178010471204	8066.0	107.0	379.0	8.0	1.0	105.0	293.0	5.0	5.0	975.0	6.0	2.0	41.0	7.0	0.0
2	6	8	0.4386075828459625	0.3304729820965471	0.9922879177377892	7687.0	486.0	368.0	25.0	10.0	353.0	22.0	13.0	408.0	534.0	44.0	15.0	13.0	20.0	2.0
2	8	6	-55.995568076667816	1.0	0.5019505851755527	7687.0	368.0	486.0	25.0	10.0	353.0	408.0	15.0	22.0	534.0	13.0	13.0	44.0	20.0	2.0
6	2	8	-0.43519871562177115	0.6682908696127712	1.0078947368421052	7687.0	486.0	353.0	22.0	13.0	368.0	25.0	10.0	408.0	534.0	44.0	15.0	20.0	13.0	2.0
2	6	9	0.4584167455068668	0.3233265526128981	0.9926470588235294	7655.0	518.0	368.0	23.0	12.0	354.0	20.0	14.0	425.0	520.0	41.0	15.0	14.0	19.0	2.0
2	9	6	-61.4278438979202	1.0	0.5018587360594795	7655.0	368.0	518.0	23.0	12.0	354.0	425.0	15.0	20.0	520.0	14.0	14.0	41.0	19.0	2.0
6	2	9	-0.4550210659105196	0.6754529354416229	1.0075187969924813	7655.0	518.0	354.0	20.0	14.0	368.0	23.0	12.0	425.0	520.0	41.0	15.0	19.0	14.0	2.0
2	7	8	0.15250810648470178	0.4393930835705029	0.9974358974358974	7682.0	489.0	373.0	22.0	10.0	353.0	21.0	12.0	410.0	535.0	45.0	13.0	13.0	20.0	2.0
2	8	7	-59.17314531606443	1.0	0.5006435006435006	7682.0	373.0	489.0	22.0	10.0	353.0	410.0	13.0	21.0	535.0	13.0	12.0	45.0	20.0	2.0
7	2	8	-0.15211605479708046	0.5604523145309607	1.0025839793281655	7682.0	489.0	353.0	21.0	12.0	373.0	22.0	10.0	410.0	535.0	45.0	13.0	20.0	13.0	2.0
2	7	9	0.7651833485907213	0.22208112064838037	0.9878345498783455	7655.0	516.0	368.0	24.0	13.0	353.0	19.0	14.0	425.0	525.0	40.0	16.0	10.0	19.0	3.0
2	9	7	-61.36770455697589	1.0	0.503097893432466	7655.0	368.0	516.0	24.0	13.0	353.0	425.0	16.0	19.0	525.0	10.0	14.0	40.0	19.0	3.0
7	2	9	-0.755759908337141	0.7751034882690597	1.0126262626262625	7655.0	516.0	353.0	19.0	14.0	368.0	24.0	13.0	425.0	525.0	40.0	16.0	19.0	10.0	3.0
2	8	9	0.9744235607203867	0.1649231377676822	0.68	7565.0	490.0	458.0	45.0	18.0	717.0	37.0	22.0	54.0	501.0	14.0	23.0	16.0	39.0	1.0
2	9	8	-1.0962265058104361	0.8635101254141185	0.6538461538461539	7565.0	458.0	490.0	45.0	18.0	717.0	54.0	23.0	37.0	501.0	16.0	22.0	14.0	39.0	1.0
8	2	9	-0.5158712968519696	0.697027858667657	9.0	7565.0	490.0	717.0	37.0	22.0	458.0	45.0	18.0	54.0	501.0	14.0	23.0	39.0	16.0	1.0
3	4	5	-1.2324300212283263	0.8911056861437068	1.074468085106383	8040.0	337.0	212.0	11.0	10.0	200.0	18.0	2.0	119.0	980.0	36.0	3.0	14.0	17.0	1.0
3	5	4	-19.014634613237032	1.0	0.48325358851674644	8040.0	212.0	337.0	11.0	10.0	200.0	119.0	3.0	18.0	980.0	14.0	2.0	36.0	17.0	1.0
4	3	5	1.317845963293656	0.0937776754899593	0.9391304347826086	8040.0	337.0	200.0	18.0	2.0	212.0	11.0	10.0	119.0	980.0	36.0	3.0	17.0	14.0	1.0
3	4	6	-1.2507934921438677	0.8944950165187562	1.0941176470588236	8034.0	343.0	214.0	14.0	5.0	193.0	22.0	5.0	115.0	987.0	33.0	5.0	14.0	16.0	0.0
3	6	4	-15.791267838316317	1.0	0.4793814432989691	8034.0	214.0	343.0	14.0	5.0	193.0	115.0	5.0	22.0	987.0	14.0	5.0	33.0	16.0	0.0
4	3	6	1.3583886312530176	0.08717026171089681	0.926605504587156	8034.0	343.0	193.0	22.0	5.0	214.0	14.0	5.0	115.0	987.0	33.0	5.0	16.0	14.0	0.0
3	4	7	-1.249069518646058	0.8941801074054375	1.0963855421686748	8031.0	346.0	215.0	14.0	4.0	193.0	22.0	5.0	113.0	990.0	32.0	5.0	14.0	16.0	0.0
3	7	4	-15.457235293244961	1.0	0.4789473684210527	8031.0	215.0	346.0	14.0	4.0	193.0	113.0	5.0	22.0	990.0	14.0	5.0	32.0	16.0	0.0
4	3	7	1.3588778279775797	0.08709271465035773	0.9252336448598131	8031.0	346.0	193.0	22.0	5.0	215.0	14.0	4.0	113.0	990.0	32.0	5.0	16.0	14.0	0.0
3	4	8	-0.9540384672962013	0.8299679226666256	1.00990099009901	7876.0	501.0	217.0	11.0	5.0	196.0	16.0	8.0	526.0	560.0	49.0	16.0	11.0	7.0	1.0
3	8	4	-98.26596213150876	1.0	0.4975609756097561	7876.0	217.0	501.0	11.0	5.0	196.0	526.0	16.0	16.0	560.0	11.0	8.0	49.0	7.0	1.0
4	3	8	0.9633917856030269	0.16767546902532837	0.9903846153846154	7876.0	501.0	196.0	16.0	8.0	217.0	11.0	5.0	526.0	560.0	49.0	16.0	7.0	11.0	1.0
3	4	9	1.0972882486653368	0.1362577466151218	0.9888682745825603	7849.0	528.0	210.0	18.0	5.0	198.0	12.0	10.0	545.0	541.0	49.0	15.0	13.0	6.0	1.0
3	9	4	-96.37848450777209	1.0	0.5028301886792452	7849.0	210.0	528.0	18.0	5.0	198.0	545.0	15.0	12.0	541.0	13.0	10.0	49.0	6.0	1.0
4	3	9	-1.0849360357347702	0.8610249670725354	1.0115163147792707	7849.0	528.0	198.0	12.0	10.0	210.0	18.0	5.0	545.0	541.0	49.0	15.0	6.0	13.0	1.0
3	5	6	-99999.9	1.0	-0.14583333333333331	7974.0	278.0	274.0	77.0	7.0	295.0	22.0	5.0	15.0	977.0	20.0	3.0	24.0	29.0	0.0
3	6	5	1.1853239085861729	0.1179447648569244	0.10144927536231885	7974.0	274.0	278.0	77.0	7.0	295.0	15.0	3.0	22.0	977.0	24.0	5.0	20.0	29.0	0.0
5	3	6	-9.313259281748499	1.0	0.5299145299145299	7974.0	278.0	295.0	22.0	5.0	274.0	77.0	7.0	15.0	977.0	20.0	3.0	29.0	24.0	0.0
3	5	7	-99999.9	1.0	-0.13725490196078433	7972.0	280.0	274.0	80.0	4.0	293.0	22.0	7.0	15.0	980.0	17.0	3.0	24.0	29.0	0.0
3	7	5	1.1838690159882828	0.11823252109631877	0.09722222222222222	7972.0	274.0	280.0	80.0	4.0	293.0	15.0	3.0	22.0	980.0	24.0	7.0	17.0	29.0	0.0
5	3	7	-9.80920041818863	1.0	0.5284552845528455	7972.0	280.0	293.0	22.0	7.0	274.0	80.0	4.0	15.0	980.0	17.0	3.0	29.0	24.0	0.0
3	5	8	-0.43528085604757943	0.668320677597597	1.0075566750629723	7766.0	486.0	327.0	22.0	9.0	288.0	25.0	9.0	425.0	543.0	44.0	25.0	19.0	10.0	2.0
3	8	5	-58.47272832905806	1.0	0.49813200498132004	7766.0	327.0	486.0	22.0	9.0	288.0	425.0	25.0	25.0	543.0	19.0	9.0	44.0	10.0	2.0
5	3	8	0.4385454624679363	0.3304954921553257	0.9926108374384236	7766.0	486.0	288.0	25.0	9.0	327.0	22.0	9.0	425.0	543.0	44.0	25.0	10.0	19.0	2.0
3	5	9	-0.4904923793813682	0.6881072358018434	1.007177033492823	7732.0	520.0	327.0	17.0	14.0	288.0	20.0	14.0	441.0	530.0	41.0	29.0	16.0	10.0	1.0
3	9	5	-69.32292295256673	1.0	0.4982248520710059	7732.0	327.0	520.0	17.0	14.0	288.0	441.0	29.0	20.0	530.0	16.0	14.0	41.0	10.0	1.0
5	3	9	0.49398757448384834	0.3106574792015273	0.9929742388758782	7732.0	520.0	288.0	20.0	14.0	327.0	17.0	14.0	441.0	530.0	41.0	29.0	10.0	16.0	1.0
3	6	7	-99999.9	1.0	-0.0040650406504065045	8141.0	107.0	105.0	253.0	4.0	304.0	6.0	3.0	5.0	1012.0	6.0	2.0	8.0	44.0	0.0
3	7	6	0.30064522157548657	0.3818425903284891	0.004016064257028112	8141.0	105.0	107.0	253.0	4.0	304.0	5.0	2.0	6.0	1012.0	8.0	3.0	6.0	44.0	0.0
6	3	7	-74.25936972914529	1.0	0.501010101010101	8141.0	107.0	304.0	6.0	3.0	105.0	253.0	4.0	5.0	1012.0	6.0	2.0	44.0	8.0	0.0
3	6	8	-0.6441710462535817	0.7402677990515125	1.0099502487562189	7755.0	493.0	338.0	17.0	7.0	285.0	21.0	7.0	427.0	550.0	46.0	26.0	16.0	12.0	0.0
3	8	6	-66.0275322409922	1.0	0.49754901960784315	7755.0	338.0	493.0	17.0	7.0	285.0	427.0	26.0	21.0	550.0	16.0	7.0	46.0	12.0	0.0
6	3	8	0.6505175590245528	0.25767891925748754	0.9903381642512077	7755.0	493.0	285.0	21.0	7.0	338.0	17.0	7.0	427.0	550.0	46.0	26.0	12.0	16.0	0.0
3	6	9	0.1795090226508238	0.42876902513934023	0.9977064220183486	7724.0	524.0	335.0	16.0	11.0	285.0	15.0	13.0	450.0	533.0	40.0	23.0	18.0	13.0	0.0
3	9	6	-77.90691583045762	1.0	0.5005753739930955	7724.0	335.0	524.0	16.0	11.0	285.0	450.0	23.0	15.0	533.0	18.0	13.0	40.0	13.0	0.0
6	3	9	-0.17909635823093686	0.571068971137868	1.002309468822171	7724.0	524.0	285.0	15.0	13.0	335.0	16.0	11.0	450.0	533.0	40.0	23.0	13.0	18.0	0.0
3	7	8	-0.8373278716481893	0.7987959020172926	1.0123762376237624	7750.0	496.0	343.0	15.0	6.0	285.0	20.0	6.0	429.0	550.0	47.0	24.0	17.0	12.0	0.0
3	8	7	-69.33074777247005	1.0	0.49696233292831105	7750.0	343.0	496.0	15.0	6.0	285.0	429.0	24.0	20.0	550.0	17.0	6.0	47.0	12.0	0.0
7	3	8	0.8475641536976782	0.1983403250797553	0.9880668257756563	7750.0	496.0	285.0	20.0	6.0	343.0	15.0	6.0	429.0	550.0	47.0	24.0	12.0	17.0	0.0
3	7	9	0.7084223008502282	0.23934145453328903	0.990909090909091	7724.0	522.0	335.0	18.0	11.0	284.0	14.0	13.0	450.0	537.0	39.0	24.0	15.0	13.0	1.0
3	9	7	-76.50960849182454	1.0	0.5023041474654377	7724.0	335.0	522.0	18.0	11.0	284.0	450.0	24.0	14.0	537.0	15.0	13.0	39.0	13.0	1.0
7	3	9	-0.7019230136864647	0.7586364810628596	1.0093457943925233	7724.0	522.0	284.0	14.0	13.0	335.0	18.0	11.0	450.0	537.0	39.0	24.0	13.0	15.0	1.0
3	8	9	0.7309602977225943	0.23240163272224257	0.793103448275862	7602.0	491.0	457.0	43.0	17.0	680.0	37.0	21.0	60.0	512.0	15.0	18.0	17.0	30.0	0.0
3	9	8	-2.071054176880683	0.9808231985675537	0.5750000000000001	7602.0	457.0	491.0	43.0	17.0	680.0	60.0	18.0	37.0	512.0	17.0	21.0	15.0	30.0	0.0
8	3	9	-0.5402750026645263	0.7054963249233077	1.5454545454545454	7602.0	491.0	680.0	37.0	21.0	457.0	43.0	17.0	60.0	512.0	15.0	18.0	30.0	17.0	0.0
4	5	6	-99999.9	1.0	-0.12280701754385964	7961.0	279.0	266.0	85.0	6.0	308.0	21.0	5.0	14.0	973.0	21.0	12.0	23.0	25.0	1.0
4	6	5	1.2131723321505206	0.1125320362091704	0.08974358974358973	7961.0	266.0	279.0	85.0	6.0	308.0	14.0	12.0	21.0	973.0	23.0	5.0	21.0	25.0	1.0
5	4	6	-11.091861322519048	1.0	0.5259259259259259	7961.0	279.0	308.0	21.0	5.0	266.0	85.0	6.0	14.0	973.0	21.0	12.0	25.0	23.0	1.0
4	5	7	-99999.9	1.0	-0.14035087719298248	7958.0	282.0	266.0	87.0	4.0	307.0	22.0	5.0	14.0	976.0	18.0	12.0	22.0	26.0	1.0
4	7	5	1.3672769900366826	0.08576931105984753	0.09876543209876543	7958.0	266.0	282.0	87.0	4.0	307.0	14.0	12.0	22.0	976.0	22.0	5.0	18.0	26.0	1.0
5	4	7	-11.109125544048048	1.0	0.5289855072463768	7958.0	282.0	307.0	22.0	5.0	266.0	87.0	4.0	14.0	976.0	18.0	12.0	26.0	22.0	1.0
4	5	8	0.2777143272467494	0.3906158952675032	0.995085995085995	7753.0	487.0	319.0	27.0	11.0	301.0	25.0	8.0	430.0	534.0	44.0	28.0	19.0	14.0	0.0
4	8	5	-55.95943694022015	1.0	0.5012376237623762	7753.0	319.0	487.0	27.0	11.0	301.0	430.0	28.0	25.0	534.0	19.0	8.0	44.0	14.0	0.0
5	4	8	-0.2763428984702222	0.608857580848956	1.0049875311720697	7753.0	487.0	301.0	25.0	8.0	319.0	27.0	11.0	430.0	534.0	44.0	28.0	14.0	19.0	0.0
4	5	9	-1.4174690858326906	0.92182703584999	1.0246305418719213	7726.0	514.0	321.0	19.0	17.0	294.0	29.0	11.0	445.0	523.0	40.0	31.0	13.0	15.0	2.0
4	9	5	-60.38418305647258	1.0	0.494061757719715	7726.0	321.0	514.0	19.0	17.0	294.0	445.0	31.0	29.0	523.0	13.0	11.0	40.0	15.0	2.0
5	4	9	1.451542861934438	0.07331442084951789	0.9770642201834863	7726.0	514.0	294.0	29.0	11.0	321.0	19.0	17.0	445.0	523.0	40.0	31.0	15.0	13.0	2.0
4	6	7	-99999.9	1.0	-0.007905138339920948	8121.0	106.0	103.0	264.0	3.0	324.0	9.0	1.0	7.0	1003.0	7.0	2.0	8.0	42.0	0.0
4	7	6	0.499895493908618	0.3085743312645609	0.007722007722007722	8121.0	103.0	106.0	264.0	3.0	324.0	7.0	2.0	9.0	1003.0	8.0	1.0	7.0	42.0	0.0
6	4	7	-63.7366754733485	1.0	0.501953125	8121.0	106.0	324.0	9.0	1.0	103.0	264.0	3.0	7.0	1003.0	7.0	2.0	42.0	8.0	0.0
4	6	8	0.604708940881081	0.27268615353022274	0.9904306220095693	7737.0	490.0	335.0	24.0	11.0	303.0	20.0	11.0	434.0	542.0	41.0	22.0	16.0	13.0	1.0
4	8	6	-61.98266644031085	1.0	0.5024271844660194	7737.0	335.0	490.0	24.0	11.0	303.0	434.0	22.0	20.0	542.0	16.0	11.0	41.0	13.0	1.0
6	4	8	-0.5988663424184618	0.7253690388195991	1.0098522167487685	7737.0	490.0	303.0	20.0	11.0	335.0	24.0	11.0	434.0	542.0	41.0	22.0	13.0	16.0	1.0
4	6	9	-0.7742699966453084	0.7806144935655068	1.0117924528301887	7710.0	517.0	337.0	18.0	15.0	299.0	23.0	12.0	452.0	527.0	38.0	19.0	15.0	17.0	1.0
4	9	6	-67.20663570881274	1.0	0.49710312862108924	7710.0	337.0	517.0	18.0	15.0	299.0	452.0	19.0	23.0	527.0	15.0	12.0	38.0	17.0	1.0
6	4	9	0.7832941224803353	0.21672714362104684	0.9886104783599089	7710.0	517.0	299.0	23.0	12.0	337.0	18.0	15.0	452.0	527.0	38.0	19.0	17.0	15.0	1.0
4	7	8	0.4693838327701403	0.319397666279551	0.9928571428571429	7731.0	493.0	341.0	22.0	10.0	304.0	19.0	10.0	436.0	542.0	42.0	19.0	17.0	13.0	1.0
4	8	7	-64.7749689222794	1.0	0.5018050541516246	7731.0	341.0	493.0	22.0	10.0	304.0	436.0	19.0	19.0	542.0	17.0	10.0	42.0	13.0	1.0
7	4	8	-0.46600697066388025	0.6793947275691381	1.0072992700729928	7731.0	493.0	304.0	19.0	10.0	341.0	22.0	10.0	436.0	542.0	42.0	19.0	13.0	17.0	1.0
4	7	9	-0.30745454030349784	0.620751221256798	1.0046728971962617	7709.0	515.0	338.0	20.0	15.0	299.0	22.0	12.0	452.0	531.0	37.0	19.0	12.0	17.0	2.0
4	9	7	-66.41018070555555	1.0	0.4988399071925754	7709.0	338.0	515.0	20.0	15.0	299.0	452.0	19.0	22.0	531.0	12.0	12.0	37.0	17.0	2.0
7	4	9	0.30888456142118853	0.37870473941449	0.9953917050691244	7709.0	515.0	299.0	22.0	12.0	338.0	20.0	15.0	452.0	531.0	37.0	19.0	17.0	12.0	2.0
4	8	9	0.10660330259630117	0.45755179641780375	0.9230769230769231	7588.0	484.0	459.0	48.0	18.0	694.0	47.0	18.0	59.0	504.0	15.0	17.0	14.0	33.0	2.0
4	9	8	-1.1726363285593202	0.8795291018307579	0.5217391304347826	7588.0	459.0	484.0	48.0	18.0	694.0	59.0	17.0	47.0	504.0	14.0	18.0	15.0	33.0	2.0
8	4	9	-0.09771969404660943	0.5389226200966695	1.1	7588.0	484.0	694.0	47.0	18.0	459.0	48.0	18.0	59.0	504.0	15.0	17.0	33.0	14.0	2.0
5	6	7	0.24982777133033068	0.40136032600873217	0.0	8162.0	107.0	103.0	200.0	2.0	283.0	8.0	1.0	8.0	1070.0	5.0	1.0	11.0	39.0	0.0
5	7	6	0.24982777133033068	0.40136032600873217	0.0	8162.0	103.0	107.0	200.0	2.0	283.0	8.0	1.0	8.0	1070.0	11.0	1.0	5.0	39.0	0.0
6	5	7	-47.850699482805744	1.0	0.5	8162.0	107.0	283.0	8.0	1.0	103.0	200.0	2.0	8.0	1070.0	5.0	1.0	39.0	11.0	0.0
5	6	8	0.0	0.49999999949999996	nan	7775.0	494.0	279.0	19.0	7.0	265.0	19.0	8.0	493.0	543.0	47.0	19.0	13.0	17.0	2.0
5	8	6	-76.79197792748774	1.0	0.5	7775.0	279.0	494.0	19.0	7.0	265.0	493.0	19.0	19.0	543.0	13.0	8.0	47.0	17.0	2.0
6	5	8	0.0	0.49999999949999996	nan	7775.0	494.0	265.0	19.0	8.0	279.0	19.0	7.0	493.0	543.0	47.0	19.0	17.0	13.0	2.0
5	6	9	0.5227358663789965	0.30057902420550575	0.993963782696177	7741.0	528.0	279.0	18.0	8.0	268.0	15.0	9.0	509.0	528.0	46.0	20.0	14.0	16.0	1.0
5	9	6	-85.55443679736253	1.0	0.5015228426395939	7741.0	279.0	528.0	18.0	8.0	268.0	509.0	20.0	15.0	528.0	14.0	9.0	46.0	16.0	1.0
6	5	9	-0.5195613570690025	0.6983153430564661	1.0061475409836065	7741.0	528.0	268.0	15.0	9.0	279.0	18.0	8.0	509.0	528.0	46.0	20.0	16.0	14.0	1.0
5	7	8	-0.33209903612805963	0.630092693057119	1.0041928721174005	7769.0	496.0	285.0	17.0	7.0	266.0	19.0	7.0	498.0	543.0	48.0	13.0	13.0	17.0	2.0
5	8	7	-79.86981818879848	1.0	0.4989583333333333	7769.0	285.0	496.0	17.0	7.0	266.0	498.0	13.0	19.0	543.0	13.0	7.0	48.0	17.0	2.0
7	5	8	0.33348567093443976	0.36938391981174334	0.9958592132505176	7769.0	496.0	266.0	19.0	7.0	285.0	17.0	7.0	498.0	543.0	48.0	13.0	17.0	13.0	2.0
5	7	9	0.8469646848429007	0.19850735548702414	0.9900398406374502	7740.0	525.0	280.0	20.0	9.0	268.0	15.0	9.0	512.0	532.0	45.0	17.0	10.0	16.0	2.0
5	9	7	-83.34132498854139	1.0	0.5025278058645096	7740.0	280.0	525.0	20.0	9.0	268.0	512.0	17.0	15.0	532.0	10.0	9.0	45.0	16.0	2.0
7	5	9	-0.838443913365608	0.799109332485706	1.0102669404517455	7740.0	525.0	268.0	15.0	9.0	280.0	20.0	9.0	512.0	532.0	45.0	17.0	16.0	10.0	2.0
5	8	9	1.0732916405908144	0.14157017849852271	0.6896551724137931	7567.0	487.0	453.0	47.0	20.0	715.0	38.0	24.0	58.0	504.0	13.0	24.0	15.0	34.0	1.0
5	9	8	-1.3118008940554386	0.90520627134909	0.6451612903225806	7567.0	453.0	487.0	47.0	20.0	715.0	58.0	24.0	38.0	504.0	15.0	24.0	13.0	34.0	1.0
8	5	9	-0.5903104023249477	0.7225087610787493	5.499999999999998	7567.0	487.0	715.0	38.0	24.0	453.0	47.0	20.0	58.0	504.0	13.0	24.0	34.0	15.0	1.0
6	7	8	-0.37493598848272797	0.6461459048320184	1.0014880952380953	7930.0	515.0	110.0	3.0	3.0	105.0	4.0	3.0	677.0	570.0	62.0	9.0	5.0	4.0	0.0
6	8	7	-252.70685623735727	1.0	0.4996288047512992	7930.0	110.0	515.0	3.0	3.0	105.0	677.0	9.0	4.0	570.0	5.0	3.0	62.0	4.0	0.0
7	6	8	0.37549309990692215	0.3536469469406389	0.9985185185185185	7930.0	515.0	105.0	4.0	3.0	110.0	3.0	3.0	677.0	570.0	62.0	9.0	4.0	5.0	0.0
6	7	9	1.126253178160706	0.1300292363468083	0.9956709956709957	7900.0	545.0	109.0	5.0	2.0	108.0	2.0	2.0	692.0	557.0	60.0	8.0	3.0	6.0	1.0
6	9	7	-257.9119777987967	1.0	0.5010893246187363	7900.0	109.0	545.0	5.0	2.0	108.0	692.0	8.0	2.0	557.0	3.0	2.0	60.0	6.0	1.0
7	6	9	-1.1213564252121808	0.8689318617855049	1.0043859649122806	7900.0	545.0	108.0	2.0	2.0	109.0	5.0	2.0	692.0	557.0	60.0	8.0	6.0	3.0	1.0
6	8	9	0.9498510914815664	0.1710939506644027	0.7333333333333333	7553.0	487.0	456.0	47.0	18.0	729.0	39.0	23.0	61.0	505.0	13.0	18.0	18.0	33.0	0.0
6	9	8	-1.66223941009274	0.9517676284594065	0.6111111111111112	7553.0	456.0	487.0	47.0	18.0	729.0	61.0	18.0	39.0	505.0	18.0	23.0	13.0	33.0	0.0
8	6	9	-0.6044506945791784	0.7272280294017608	2.3333333333333335	7553.0	487.0	729.0	39.0	23.0	456.0	47.0	18.0	61.0	505.0	13.0	18.0	33.0	18.0	0.0
7	8	9	0.3442957917602286	0.3653119906287414	0.8333333333333334	7550.0	485.0	458.0	46.0	18.0	732.0	43.0	21.0	58.0	507.0	12.0	19.0	18.0	32.0	1.0
7	9	8	-1.3771831670409145	0.9157721287943245	0.5555555555555556	7550.0	458.0	485.0	46.0	18.0	732.0	58.0	19.0	43.0	507.0	18.0	21.0	12.0	32.0	1.0
8	7	9	-0.27543663340818286	0.6085095347265774	1.3333333333333333	7550.0	485.0	732.0	43.0	21.0	458.0	46.0	18.0	58.0	507.0	12.0	19.0	32.0	18.0	1.0
