P1	Hybrid	P2	Zscore	Pvalue	Gamma	AAAA	AAAB	AABA	AABB	AABC	ABAA	ABAB	ABAC	ABBA	BAAA	ABBC	CABC	BACA	BCAA	ABCD
1	2	3	-99999.9	1.0	-0.0018770530267480058	74605.0	2538.0	2453.0	4494.0	162.0	7341.0	224.0	123.0	216.0	6712.0	132.0	137.0	106.0	747.0	10.0
1	3	2	0.38168511036126046	0.3513475291068069	0.0018665422305179655	74605.0	2453.0	2538.0	4494.0	162.0	7341.0	216.0	137.0	224.0	6712.0	106.0	123.0	132.0	747.0	10.0
2	1	3	-203.7244276553221	1.0	0.5004679457182967	74605.0	2538.0	7341.0	224.0	123.0	2453.0	4494.0	162.0	216.0	6712.0	132.0	137.0	747.0	106.0	10.0
1	2	4	-99999.9	1.0	-0.00023386342376052386	74658.0	2485.0	2432.0	4494.0	183.0	7347.0	217.0	124.0	216.0	6705.0	139.0	136.0	109.0	739.0	16.0
1	4	2	0.04805697462972294	0.480835351467791	0.0002336994624912363	74658.0	2432.0	2485.0	4494.0	183.0	7347.0	216.0	136.0	217.0	6705.0	109.0	124.0	139.0	739.0	16.0
2	1	4	-205.53968049132482	1.0	0.5000584453535944	74658.0	2485.0	7347.0	217.0	124.0	2432.0	4494.0	183.0	216.0	6705.0	139.0	136.0	739.0	109.0	16.0
1	2	5	-99999.9	1.0	-0.0011767474699929394	74690.0	2453.0	2446.0	4487.0	176.0	7345.0	233.0	110.0	228.0	6726.0	106.0	138.0	108.0	732.0	22.0
1	5	2	0.23298163515950676	0.40788787972672724	0.0011726078799249532	74690.0	2446.0	2453.0	4487.0	176.0	7345.0	228.0	138.0	233.0	6726.0	108.0	110.0	106.0	732.0	22.0
2	1	5	-198.2207751937076	1.0	0.5002936685069893	74690.0	2453.0	7345.0	233.0	110.0	2446.0	4487.0	176.0	228.0	6726.0	106.0	138.0	732.0	108.0	22.0
1	2	6	-99999.9	1.0	-0.0037602820211515868	74749.0	2394.0	2441.0	4504.0	164.0	7340.0	233.0	115.0	217.0	6738.0	105.0	137.0	115.0	728.0	20.0
1	6	2	0.7554690523728309	0.2249837298989995	0.0037183360446200325	74749.0	2441.0	2394.0	4504.0	164.0	7340.0	217.0	137.0	233.0	6738.0	115.0	115.0	105.0	728.0	20.0
2	1	6	-201.66302016777254	1.0	0.5009347978499649	74749.0	2394.0	7340.0	233.0	115.0	2441.0	4504.0	164.0	217.0	6738.0	105.0	137.0	728.0	115.0	20.0
1	2	7	1.1941162541908121	0.11621631202309646	0.9752407152682255	72200.0	4943.0	6409.0	483.0	217.0	6993.0	447.0	248.0	1865.0	4919.0	276.0	466.0	239.0	266.0	29.0
1	7	2	-45.84079620254739	1.0	0.5064285714285715	72200.0	6409.0	4943.0	483.0	217.0	6993.0	1865.0	466.0	447.0	4919.0	239.0	248.0	276.0	266.0	29.0
2	1	7	-1.1638001856782103	0.87774744223141	1.026745913818722	72200.0	4943.0	6993.0	447.0	248.0	6409.0	483.0	217.0	1865.0	4919.0	276.0	466.0	266.0	239.0	29.0
1	2	8	-0.06839537460147088	0.5272646175756353	1.0011415525114156	72590.0	4553.0	6448.0	426.0	235.0	7025.0	428.0	235.0	2182.0	4621.0	257.0	497.0	220.0	260.0	23.0
1	8	2	-60.051138900091296	1.0	0.4997150997150997	72590.0	6448.0	4553.0	426.0	235.0	7025.0	2182.0	497.0	428.0	4621.0	220.0	235.0	257.0	260.0	23.0
2	1	8	0.06847336248585112	0.47270434253727966	0.9988623435722411	72590.0	4553.0	7025.0	428.0	235.0	6448.0	426.0	235.0	2182.0	4621.0	257.0	497.0	260.0	220.0	23.0
1	2	9	0.45642675940948896	0.3240415854120865	0.995711222301644	73411.0	3732.0	6599.0	353.0	157.0	7167.0	341.0	180.0	3127.0	3703.0	230.0	600.0	175.0	207.0	18.0
1	9	2	-105.5106525501599	1.0	0.5010791366906475	73411.0	6599.0	3732.0	353.0	157.0	7167.0	3127.0	600.0	341.0	3703.0	175.0	180.0	230.0	207.0	18.0
2	1	9	-0.45446081500427943	0.6752513823168793	1.004344677769732	73411.0	3732.0	7167.0	341.0	180.0	6599.0	353.0	157.0	3127.0	3703.0	230.0	600.0	207.0	175.0	18.0
1	3	4	0.9964844857709902	0.15950740923061857	0.002586206896551724	75871.0	1187.0	1219.0	5891.0	84.0	7525.0	106.0	63.0	121.0	6854.0	67.0	53.0	71.0	880.0	8.0
1	4	3	-99999.9	1.0	-0.0026064291920069507	75871.0	1219.0	1187.0	5891.0	84.0	7525.0	121.0	53.0	106.0	6854.0	71.0	63.0	67.0	880.0	8.0
3	1	4	-383.3143655265735	1.0	0.49935093033318906	75871.0	1187.0	7525.0	106.0	63.0	1219.0	5891.0	84.0	121.0	6854.0	67.0	53.0	880.0	71.0	8.0
1	3	5	0.14453725267285358	0.44253809888417006	0.0006888633754305396	74671.0	2387.0	2465.0	4566.0	163.0	7376.0	214.0	104.0	217.0	6720.0	105.0	118.0	133.0	747.0	14.0
1	5	3	-99999.9	1.0	-0.0006902899217671422	74671.0	2465.0	2387.0	4566.0	163.0	7376.0	217.0	118.0	214.0	6720.0	133.0	104.0	105.0	747.0	14.0
3	1	5	-209.53083729141306	1.0	0.49982760602229626	74671.0	2387.0	7376.0	214.0	104.0	2465.0	4566.0	163.0	217.0	6720.0	105.0	118.0	747.0	133.0	14.0
1	3	6	-99999.9	1.0	-0.002296211251435132	74732.0	2326.0	2458.0	4582.0	154.0	7370.0	217.0	107.0	207.0	6729.0	106.0	117.0	140.0	744.0	11.0
1	6	3	0.4861140788916317	0.3134431487504088	0.0022805017103762833	74732.0	2458.0	2326.0	4582.0	154.0	7370.0	207.0	117.0	217.0	6729.0	140.0	107.0	106.0	744.0	11.0
3	1	6	-212.1887954361984	1.0	0.5005720823798627	74732.0	2326.0	7370.0	217.0	107.0	2458.0	4582.0	154.0	207.0	6729.0	106.0	117.0	744.0	140.0	11.0
1	3	7	1.3296037260046862	0.09182450036305223	0.9727705922396188	72125.0	4933.0	6484.0	484.0	226.0	6996.0	444.0	254.0	1873.0	4902.0	267.0	455.0	259.0	272.0	26.0
1	7	3	-46.17048938551272	1.0	0.507097232079489	72125.0	6484.0	4933.0	484.0	226.0	6996.0	1873.0	455.0	444.0	4902.0	259.0	254.0	267.0	272.0	26.0
3	1	7	-1.2923859869982568	0.9018881782400895	1.0296515937731654	72125.0	4933.0	6996.0	444.0	254.0	6484.0	484.0	226.0	1873.0	4902.0	267.0	455.0	272.0	259.0	26.0
1	3	8	0.5103300997275214	0.30491010241675176	0.9914772727272727	72500.0	4558.0	6538.0	443.0	213.0	7039.0	428.0	227.0	2173.0	4616.0	253.0	492.0	225.0	268.0	27.0
1	8	3	-58.8580715019075	1.0	0.5021582733812949	72500.0	6538.0	4558.0	443.0	213.0	7039.0	2173.0	492.0	428.0	4616.0	225.0	227.0	253.0	268.0	27.0
3	1	8	-0.5059433080393193	0.6935517803848834	1.0087463556851313	72500.0	4558.0	7039.0	428.0	227.0	6538.0	443.0	213.0	2173.0	4616.0	253.0	492.0	268.0	225.0	27.0
1	3	9	0.302775343748144	0.3810306059129107	0.9971264367816092	73348.0	3710.0	6662.0	354.0	178.0	7175.0	346.0	173.0	3122.0	3690.0	230.0	597.0	183.0	213.0	19.0
1	9	3	-104.76026893685756	1.0	0.5007215007215007	73348.0	6662.0	3710.0	354.0	178.0	7175.0	3122.0	597.0	346.0	3690.0	183.0	173.0	230.0	213.0	19.0
3	1	9	-0.3019027923252387	0.618636848030291	1.0028985507246377	73348.0	3710.0	7175.0	346.0	173.0	6662.0	354.0	178.0	3122.0	3690.0	230.0	597.0	213.0	183.0	19.0
1	4	5	-99999.9	1.0	-0.001841620626151013	74726.0	2364.0	2410.0	4571.0	181.0	7378.0	219.0	102.0	211.0	6713.0	107.0	122.0	135.0	743.0	18.0
1	5	4	0.38608995219673825	0.3497150802098792	0.0018315018315018317	74726.0	2410.0	2364.0	4571.0	181.0	7378.0	211.0	122.0	219.0	6713.0	135.0	102.0	107.0	743.0	18.0
4	1	5	-210.03293399502508	1.0	0.5004591368227732	74726.0	2364.0	7378.0	219.0	102.0	2410.0	4571.0	181.0	211.0	6713.0	107.0	122.0	743.0	135.0	18.0
1	4	6	-99999.9	1.0	-0.004847645429362881	74771.0	2319.0	2419.0	4578.0	165.0	7369.0	225.0	105.0	204.0	6720.0	107.0	121.0	141.0	741.0	15.0
1	6	4	1.0159627864696745	0.15482356996653213	0.004778156996587031	74771.0	2419.0	2319.0	4578.0	165.0	7369.0	204.0	121.0	225.0	6720.0	141.0	105.0	107.0	741.0	15.0
4	1	6	-210.59457188107112	1.0	0.5012031625988311	74771.0	2319.0	7369.0	225.0	105.0	2419.0	4578.0	165.0	204.0	6720.0	107.0	121.0	741.0	141.0	15.0
1	4	7	0.33081124013110785	0.37039360315654446	0.9929725931131412	72136.0	4954.0	6473.0	465.0	224.0	6990.0	455.0	254.0	1868.0	4899.0	264.0	466.0	251.0	273.0	28.0
1	7	4	-46.41281699039432	1.0	0.5017755681818182	72136.0	6473.0	4954.0	465.0	224.0	6990.0	1868.0	466.0	455.0	4899.0	251.0	254.0	264.0	273.0	28.0
4	1	7	-0.32847004239486505	0.6287217858764329	1.0071787508973438	72136.0	4954.0	6990.0	455.0	254.0	6473.0	465.0	224.0	1868.0	4899.0	264.0	466.0	273.0	251.0	28.0
1	4	8	0.30293747007264304	0.38096882613573035	0.9948571428571429	72545.0	4545.0	6493.0	448.0	221.0	7030.0	439.0	230.0	2180.0	4601.0	250.0	494.0	229.0	270.0	25.0
1	8	4	-58.298633129535446	1.0	0.5012957097610135	72545.0	6493.0	4545.0	448.0	221.0	7030.0	2180.0	494.0	439.0	4601.0	229.0	230.0	250.0	270.0	25.0
4	1	8	-0.30137145213430083	0.618434301175855	1.0052234474753337	72545.0	4545.0	7030.0	439.0	230.0	6493.0	448.0	221.0	2180.0	4601.0	250.0	494.0	270.0	229.0	25.0
1	4	9	0.6037812875981104	0.27299448162309137	0.994261119081779	73379.0	3711.0	6631.0	361.0	170.0	7180.0	345.0	174.0	3117.0	3686.0	228.0	597.0	188.0	213.0	20.0
1	9	4	-104.00132678877453	1.0	0.5014471780028944	73379.0	6631.0	3711.0	361.0	170.0	7180.0	3117.0	597.0	345.0	3686.0	188.0	174.0	228.0	213.0	20.0
4	1	9	-0.600296258521065	0.7258456422078188	1.005839416058394	73379.0	3711.0	7180.0	345.0	174.0	6631.0	361.0	170.0	3117.0	3686.0	228.0	597.0	213.0	188.0	20.0
1	5	6	-99999.9	1.0	-0.0020641771439294425	75691.0	1445.0	1499.0	5487.0	130.0	7497.0	147.0	67.0	136.0	6867.0	64.0	61.0	72.0	824.0	13.0
1	6	5	0.6543859343818169	0.2564315338174845	0.0020514733308466993	75691.0	1499.0	1445.0	5487.0	130.0	7497.0	136.0	61.0	147.0	6867.0	72.0	67.0	64.0	824.0	13.0
5	1	6	-317.6746263271738	1.0	0.5005144514077262	75691.0	1445.0	7497.0	147.0	67.0	1499.0	5487.0	130.0	136.0	6867.0	64.0	61.0	824.0	72.0	13.0
1	5	7	1.859302504383366	0.03149207450031788	0.9623655913978495	72202.0	4934.0	6407.0	497.0	212.0	7023.0	441.0	247.0	1873.0	4922.0	272.0	428.0	242.0	272.0	28.0
1	7	5	-45.68571867913414	1.0	0.50997150997151	72202.0	6407.0	4934.0	497.0	212.0	7023.0	1873.0	428.0	441.0	4922.0	242.0	247.0	272.0	272.0	28.0
5	1	7	-1.7865923505806645	0.9629983502642683	1.0424242424242425	72202.0	4934.0	7023.0	441.0	247.0	6407.0	497.0	212.0	1873.0	4922.0	272.0	428.0	272.0	242.0	28.0
1	5	8	0.06871516857947729	0.4726081025687967	0.9988616960728515	72576.0	4560.0	6462.0	425.0	229.0	7057.0	423.0	231.0	2178.0	4633.0	256.0	469.0	213.0	263.0	25.0
1	8	5	-60.228845259911694	1.0	0.500285062713797	72576.0	6462.0	4560.0	425.0	229.0	7057.0	2178.0	469.0	423.0	4633.0	213.0	231.0	256.0	263.0	25.0
5	1	8	-0.06863686069505623	0.5273607306979218	1.0011422044545975	72576.0	4560.0	7057.0	423.0	231.0	6462.0	425.0	229.0	2178.0	4633.0	256.0	469.0	263.0	213.0	25.0
1	5	9	0.9507988176392369	0.17085324695914195	0.9911221590909091	73423.0	3713.0	6587.0	361.0	168.0	7195.0	336.0	180.0	3127.0	3712.0	228.0	572.0	171.0	205.0	22.0
1	9	5	-105.19638118360524	1.0	0.5022494151520603	73423.0	6587.0	3713.0	361.0	168.0	7195.0	3127.0	572.0	336.0	3712.0	171.0	180.0	228.0	205.0	22.0
5	1	9	-0.9422821675349798	0.8269759151259636	1.009120758847136	73423.0	3713.0	7195.0	336.0	180.0	6587.0	361.0	168.0	3127.0	3712.0	228.0	572.0	205.0	171.0	22.0
1	6	7	1.3395956849222044	0.09018847805491748	0.972972972972973	72233.0	4957.0	6376.0	477.0	209.0	7012.0	437.0	245.0	1877.0	4932.0	277.0	435.0	236.0	271.0	26.0
1	7	6	-46.88584897227712	1.0	0.5070422535211268	72233.0	6376.0	4957.0	477.0	209.0	7012.0	1877.0	435.0	437.0	4932.0	236.0	245.0	277.0	271.0	26.0
6	1	7	-1.3023846936743655	0.9036074761388697	1.0294117647058822	72233.0	4957.0	7012.0	437.0	245.0	6376.0	477.0	209.0	1877.0	4932.0	277.0	435.0	271.0	236.0	26.0
1	6	8	1.2091505603480845	0.11330256966082586	0.9805230940456316	72654.0	4536.0	6384.0	444.0	234.0	7056.0	409.0	229.0	2171.0	4651.0	264.0	477.0	209.0	260.0	22.0
1	8	6	-59.66294336346127	1.0	0.5050157638291775	72654.0	6384.0	4536.0	444.0	234.0	7056.0	2171.0	477.0	409.0	4651.0	209.0	229.0	264.0	260.0	22.0
6	1	8	-1.185132246152748	0.8820173555094284	1.0206855791962175	72654.0	4536.0	7056.0	409.0	229.0	6384.0	444.0	234.0	2171.0	4651.0	264.0	477.0	260.0	209.0	22.0
1	6	9	1.3703520196494305	0.08528858091785974	0.9872836453549982	73488.0	3702.0	6522.0	367.0	173.0	7183.0	331.0	180.0	3126.0	3725.0	235.0	585.0	163.0	199.0	21.0
1	9	6	-105.02225617257713	1.0	0.5032409074540872	73488.0	6522.0	3702.0	367.0	173.0	7183.0	3126.0	585.0	331.0	3725.0	163.0	180.0	235.0	199.0	21.0
6	1	9	-1.3527016895215667	0.9119244621238849	1.0132207124495043	73488.0	3702.0	7183.0	331.0	180.0	6522.0	367.0	173.0	3126.0	3725.0	235.0	585.0	199.0	163.0	21.0
1	7	8	1.3270252861824403	0.09225022483565604	0.9010416666666666	74037.0	4572.0	5001.0	469.0	173.0	8615.0	431.0	278.0	777.0	4655.0	173.0	312.0	183.0	305.0	19.0
1	8	7	-10.755889161689248	1.0	0.529051987767584	74037.0	5001.0	4572.0	469.0	173.0	8615.0	777.0	312.0	431.0	4655.0	183.0	278.0	173.0	305.0	19.0
7	1	8	-1.1812826246941954	0.8812547040366534	1.1407407407407408	74037.0	4572.0	8615.0	431.0	278.0	5001.0	469.0	173.0	777.0	4655.0	173.0	312.0	305.0	183.0	19.0
1	7	9	1.7115710292023723	0.043487843055489916	0.9679258731290092	74887.0	3722.0	5123.0	378.0	142.0	8777.0	333.0	214.0	1691.0	3744.0	170.0	426.0	142.0	240.0	11.0
1	9	7	-49.93983914094924	1.0	0.5084238113066268	74887.0	5123.0	3722.0	378.0	142.0	8777.0	1691.0	426.0	333.0	3744.0	142.0	214.0	170.0	240.0	11.0
7	1	9	-1.6548547579843265	0.9510230351463356	1.0354889589905363	74887.0	3722.0	8777.0	333.0	214.0	5123.0	378.0	142.0	1691.0	3744.0	170.0	426.0	240.0	142.0	11.0
1	8	9	0.11495026703101227	0.4542422241530728	0.9970731707317073	75257.0	3781.0	4753.0	343.0	118.0	9142.0	340.0	222.0	1362.0	3760.0	147.0	390.0	119.0	251.0	15.0
1	9	8	-39.04477403486762	1.0	0.500734933855953	75257.0	4753.0	3781.0	343.0	118.0	9142.0	1362.0	390.0	340.0	3760.0	119.0	222.0	147.0	251.0	15.0
8	1	9	-0.11461283963268251	0.5456240458898363	1.0029527559055118	75257.0	3781.0	9142.0	340.0	222.0	4753.0	343.0	118.0	1362.0	3760.0	147.0	390.0	251.0	119.0	15.0
2	3	4	-99999.9	1.0	-0.008236101578586135	80735.0	1211.0	1270.0	1581.0	34.0	2661.0	112.0	33.0	100.0	11743.0	110.0	23.0	83.0	301.0	3.0
2	4	3	0.8269197642338835	0.20414121681218467	0.008037508372404554	80735.0	1270.0	1211.0	1581.0	34.0	2661.0	100.0	23.0	112.0	11743.0	83.0	33.0	110.0	301.0	3.0
3	2	4	-101.22876113829778	1.0	0.5020338983050847	80735.0	1211.0	2661.0	112.0	33.0	1270.0	1581.0	34.0	100.0	11743.0	110.0	23.0	301.0	83.0	3.0
2	3	5	-99999.9	1.0	-0.02531645569620253	79499.0	2447.0	2536.0	298.0	51.0	2548.0	217.0	41.0	215.0	11552.0	186.0	49.0	176.0	183.0	2.0
2	5	3	0.09735454697929588	0.46122236100837544	0.023529411764705882	79499.0	2536.0	2447.0	298.0	51.0	2548.0	215.0	49.0	217.0	11552.0	176.0	41.0	186.0	183.0	2.0
3	2	5	-3.9428591526614727	0.999959724830007	0.5060975609756098	79499.0	2447.0	2548.0	217.0	41.0	2536.0	298.0	51.0	215.0	11552.0	186.0	49.0	183.0	176.0	2.0
2	3	6	-99999.9	1.0	-0.29687499999999994	79557.0	2389.0	2532.0	304.0	49.0	2545.0	221.0	40.0	202.0	11570.0	181.0	48.0	179.0	181.0	2.0
2	6	3	0.9939783401893366	0.16011671383170478	0.15702479338842976	79557.0	2532.0	2389.0	304.0	49.0	2545.0	202.0	48.0	221.0	11570.0	179.0	40.0	181.0	181.0	2.0
3	2	6	-4.34211590714289	0.9999929388085681	0.5513513513513513	79557.0	2389.0	2545.0	221.0	40.0	2532.0	304.0	49.0	202.0	11570.0	181.0	48.0	181.0	179.0	2.0
2	3	7	0.10483191532626117	0.458254538403	0.999656121045392	76580.0	5366.0	2613.0	183.0	89.0	2541.0	181.0	84.0	5995.0	5386.0	572.0	204.0	101.0	89.0	16.0
2	7	3	-304.6415459381137	1.0	0.5000860141063134	76580.0	2613.0	5366.0	183.0	89.0	2541.0	5995.0	204.0	181.0	5386.0	101.0	84.0	572.0	89.0	16.0
3	2	7	-0.10479585343588406	0.5417311538170719	1.000344234079174	76580.0	5366.0	2541.0	181.0	84.0	2613.0	183.0	89.0	5995.0	5386.0	572.0	204.0	89.0	101.0	16.0
2	3	8	1.376265630747444	0.08436976370281712	0.9959813534801479	76983.0	4963.0	2632.0	178.0	75.0	2556.0	153.0	97.0	6349.0	5066.0	538.0	222.0	88.0	83.0	17.0
2	8	3	-339.71740829369935	1.0	0.5010107544271043	76983.0	2632.0	4963.0	178.0	75.0	2556.0	6349.0	222.0	153.0	5066.0	88.0	97.0	538.0	83.0	17.0
3	2	8	-1.3707125899519814	0.9147676558104201	1.0040676863000326	76983.0	4963.0	2556.0	153.0	97.0	2632.0	178.0	75.0	6349.0	5066.0	538.0	222.0	83.0	88.0	17.0
2	3	9	0.3131535432589083	0.3770820747507708	0.9993169398907104	77895.0	4051.0	2683.0	130.0	72.0	2628.0	125.0	53.0	7440.0	4063.0	450.0	258.0	75.0	64.0	13.0
2	9	3	-457.8304802445232	1.0	0.5001709401709402	77895.0	2683.0	4051.0	130.0	72.0	2628.0	7440.0	258.0	125.0	4063.0	75.0	53.0	450.0	64.0	13.0
3	2	9	-0.31293949435715923	0.6228366154222158	1.000684462696783	77895.0	4051.0	2628.0	125.0	53.0	2683.0	130.0	72.0	7440.0	4063.0	450.0	258.0	64.0	75.0	13.0
2	4	5	0.6704643267284415	0.251280853982625	0.11206896551724138	79564.0	2441.0	2471.0	306.0	49.0	2540.0	203.0	41.0	216.0	11538.0	184.0	56.0	204.0	183.0	4.0
2	5	4	-99999.9	1.0	-0.1688311688311688	79564.0	2471.0	2441.0	306.0	49.0	2540.0	216.0	56.0	203.0	11538.0	204.0	41.0	184.0	183.0	4.0
4	2	5	-4.6416761081199835	0.9999982701511078	0.466321243523316	79564.0	2441.0	2540.0	203.0	41.0	2471.0	306.0	49.0	216.0	11538.0	184.0	56.0	183.0	204.0	4.0
2	4	6	-99999.9	1.0	-0.03333333333333333	79608.0	2397.0	2481.0	303.0	42.0	2532.0	210.0	42.0	207.0	11554.0	177.0	56.0	206.0	182.0	3.0
2	6	4	0.1491342681004571	0.4407238250969827	0.030303030303030304	79608.0	2481.0	2397.0	303.0	42.0	2532.0	207.0	56.0	210.0	11554.0	206.0	42.0	177.0	182.0	3.0
4	2	6	-4.623162311114227	0.9999981083206708	0.5079365079365079	79608.0	2397.0	2532.0	210.0	42.0	2481.0	303.0	42.0	207.0	11554.0	177.0	56.0	182.0	206.0	3.0
2	4	7	-1.4453340605049154	0.9258179180677197	1.0046696644759598	76609.0	5396.0	2584.0	160.0	82.0	2517.0	187.0	80.0	5996.0	5379.0	563.0	227.0	102.0	98.0	20.0
2	7	4	-312.4062806335809	1.0	0.49884070416487764	76609.0	2584.0	5396.0	160.0	82.0	2517.0	5996.0	227.0	187.0	5379.0	102.0	80.0	563.0	98.0	20.0
4	2	7	1.4520519154943512	0.07324362795012118	0.9953948490533856	76609.0	5396.0	2517.0	187.0	80.0	2584.0	160.0	82.0	5996.0	5379.0	563.0	227.0	98.0	102.0	20.0
2	4	8	1.359941938641432	0.08692421064861433	0.9959852256303195	77047.0	4958.0	2568.0	182.0	76.0	2528.0	157.0	99.0	6359.0	5049.0	530.0	240.0	101.0	88.0	18.0
2	8	4	-336.0144541995249	1.0	0.5010097746183052	77047.0	2568.0	4958.0	182.0	76.0	2528.0	6359.0	240.0	157.0	5049.0	101.0	99.0	530.0	88.0	18.0
4	2	8	-1.3544600701367502	0.9122051155111804	1.0040637191157347	77047.0	4958.0	2528.0	157.0	99.0	2568.0	182.0	76.0	6359.0	5049.0	530.0	240.0	88.0	101.0	18.0
2	4	9	0.9152285189537417	0.18003581447332406	0.9979536152796725	77955.0	4050.0	2623.0	142.0	61.0	2604.0	127.0	53.0	7442.0	4049.0	447.0	280.0	87.0	69.0	11.0
2	9	4	-445.4112125574883	1.0	0.5005131713992473	77955.0	2623.0	4050.0	142.0	61.0	2604.0	7442.0	280.0	127.0	4049.0	87.0	53.0	447.0	69.0	11.0
4	2	9	-0.9133517687439937	0.8194712424536105	1.0020590253946466	77955.0	4050.0	2604.0	127.0	53.0	2623.0	142.0	61.0	7442.0	4049.0	447.0	280.0	69.0	87.0	11.0
2	5	6	-99999.9	1.0	-0.01717557251908397	80547.0	1488.0	1542.0	1211.0	43.0	2641.0	145.0	26.0	127.0	11704.0	114.0	27.0	121.0	263.0	1.0
2	6	5	1.099013372398506	0.13588116054453092	0.016333938294010888	80547.0	1542.0	1488.0	1211.0	43.0	2641.0	127.0	27.0	145.0	11704.0	121.0	26.0	114.0	263.0	1.0
5	2	6	-65.0860141653781	1.0	0.504186046511628	80547.0	1488.0	2641.0	145.0	26.0	1542.0	1211.0	43.0	127.0	11704.0	114.0	27.0	263.0	121.0	1.0
2	5	7	0.8304952288032339	0.20312936980631513	0.9972470750172058	76676.0	5359.0	2517.0	194.0	85.0	2549.0	178.0	85.0	5974.0	5406.0	565.0	217.0	84.0	91.0	20.0
2	7	5	-300.0164014051681	1.0	0.5006910850034554	76676.0	2517.0	5359.0	194.0	85.0	2549.0	5974.0	217.0	178.0	5406.0	84.0	85.0	565.0	91.0	20.0
5	2	7	-0.828202626377276	0.7962221746340649	1.0027758501040944	76676.0	5359.0	2549.0	178.0	85.0	2517.0	194.0	85.0	5974.0	5406.0	565.0	217.0	91.0	84.0	20.0
2	5	8	0.5106110363865879	0.30481171606356383	0.9985458070770722	77072.0	4963.0	2543.0	160.0	93.0	2561.0	151.0	100.0	6331.0	5078.0	536.0	235.0	78.0	83.0	16.0
2	8	5	-350.1089672824047	1.0	0.5003643429681808	77072.0	2543.0	4963.0	160.0	93.0	2561.0	6331.0	235.0	151.0	5078.0	78.0	100.0	536.0	83.0	16.0
5	2	8	-0.5098674280811706	0.694927835382992	1.001460564751704	77072.0	4963.0	2561.0	151.0	100.0	2543.0	160.0	93.0	6331.0	5078.0	536.0	235.0	83.0	78.0	16.0
2	5	9	0.7280186894589245	0.23330100357263373	0.9983568396549364	77991.0	4044.0	2587.0	142.0	67.0	2627.0	130.0	55.0	7421.0	4073.0	451.0	278.0	60.0	63.0	11.0
2	9	5	-441.60400338095843	1.0	0.5004118050789294	77991.0	2587.0	4044.0	142.0	67.0	2627.0	7421.0	278.0	130.0	4073.0	60.0	55.0	451.0	63.0	11.0
5	2	9	-0.7268204691498438	0.7663320982430251	1.0016513003990644	77991.0	4044.0	2627.0	130.0	55.0	2587.0	142.0	67.0	7421.0	4073.0	451.0	278.0	63.0	60.0	11.0
2	6	7	0.21204104777534946	0.41603753890822803	0.9993127147766323	76708.0	5381.0	2485.0	180.0	77.0	2537.0	176.0	82.0	5992.0	5408.0	570.0	211.0	84.0	92.0	17.0
2	7	6	-308.0956424175829	1.0	0.5001719986240111	76708.0	2485.0	5381.0	180.0	77.0	2537.0	5992.0	211.0	176.0	5408.0	84.0	82.0	570.0	92.0	17.0
6	2	7	-0.21189521486766358	0.58390557471095	1.0006887052341598	76708.0	5381.0	2537.0	176.0	82.0	2485.0	180.0	77.0	5992.0	5408.0	570.0	211.0	92.0	84.0	17.0
2	6	8	2.202230419500369	0.013824470489243179	0.9937510014420766	77144.0	4945.0	2471.0	177.0	94.0	2566.0	138.0	91.0	6340.0	5090.0	540.0	221.0	79.0	88.0	16.0
2	8	6	-348.00887372771183	1.0	0.501577031945006	77144.0	2471.0	4945.0	177.0	94.0	2566.0	6340.0	221.0	138.0	5090.0	79.0	91.0	540.0	88.0	16.0
6	2	8	-2.188382146949496	0.9856791612419319	1.0063683866753756	77144.0	4945.0	2566.0	138.0	91.0	2471.0	177.0	94.0	6340.0	5090.0	540.0	221.0	88.0	79.0	16.0
2	6	9	1.1004905690685733	0.13555926264754614	0.997543332878395	78053.0	4036.0	2525.0	143.0	74.0	2618.0	125.0	52.0	7434.0	4084.0	452.0	274.0	54.0	64.0	12.0
2	9	6	-445.7598188377202	1.0	0.5006164383561644	78053.0	2525.0	4036.0	143.0	74.0	2618.0	7434.0	274.0	125.0	4084.0	54.0	52.0	452.0	64.0	12.0
6	2	9	-1.097780372017919	0.8638497542362491	1.0024749071909804	78053.0	4036.0	2618.0	125.0	52.0	2525.0	143.0	74.0	7434.0	4084.0	452.0	274.0	64.0	54.0	12.0
2	7	8	1.083610799949802	0.1392687395380543	0.9262899262899262	74587.0	4606.0	5028.0	426.0	184.0	8065.0	396.0	279.0	773.0	4731.0	164.0	289.0	180.0	272.0	20.0
2	8	7	-12.53376491941937	1.0	0.5207182320441989	74587.0	5028.0	4606.0	426.0	184.0	8065.0	773.0	289.0	396.0	4731.0	180.0	279.0	164.0	272.0	20.0
7	2	8	-0.9973818238264753	0.84071038586101	1.0946372239747635	74587.0	4606.0	8065.0	396.0	279.0	5028.0	426.0	184.0	773.0	4731.0	164.0	289.0	272.0	180.0	20.0
2	7	9	0.9534825204569537	0.17017281575951226	0.9820659971305595	75444.0	3749.0	5134.0	362.0	142.0	8220.0	337.0	183.0	1706.0	3788.0	174.0	400.0	138.0	212.0	11.0
2	9	7	-51.25922029976587	1.0	0.5046074456321414	75444.0	5134.0	3749.0	362.0	142.0	8220.0	1706.0	400.0	337.0	3788.0	138.0	183.0	174.0	212.0	11.0
7	2	9	-0.9360704948825022	0.8253815687495197	1.018953752843063	75444.0	3749.0	8220.0	337.0	183.0	5134.0	362.0	142.0	1706.0	3788.0	174.0	400.0	212.0	138.0	11.0
2	8	9	-0.5021994900465876	0.6922364018162837	1.013091641490433	75802.0	3813.0	4776.0	324.0	116.0	8597.0	337.0	193.0	1343.0	3809.0	155.0	386.0	117.0	221.0	11.0
2	9	8	-39.36471387365177	1.0	0.49679012345679013	75802.0	4776.0	3813.0	324.0	116.0	8597.0	1343.0	386.0	337.0	3809.0	117.0	193.0	155.0	221.0	11.0
8	2	9	0.5086891454845655	0.3054850598889429	0.9874031007751938	75802.0	3813.0	8597.0	337.0	193.0	4776.0	324.0	116.0	1343.0	3809.0	155.0	386.0	221.0	117.0	11.0
3	4	5	0.9351449688984573	0.17485678149968753	0.9900426742532006	80835.0	2561.0	1212.0	120.0	24.0	1269.0	106.0	18.0	1498.0	11820.0	307.0	33.0	107.0	87.0	3.0
3	5	4	-92.04498336729108	1.0	0.5025270758122744	80835.0	1212.0	2561.0	120.0	24.0	1269.0	1498.0	33.0	106.0	11820.0	107.0	18.0	307.0	87.0	3.0
4	3	5	-0.9257397752457429	0.8227094034466693	1.0102639296187683	80835.0	2561.0	1269.0	106.0	18.0	1212.0	120.0	24.0	1498.0	11820.0	307.0	33.0	87.0	107.0	3.0
3	4	6	0.19928414430713	0.4210202649908721	0.9978260869565218	80880.0	2516.0	1222.0	115.0	19.0	1260.0	112.0	21.0	1489.0	11836.0	300.0	33.0	107.0	88.0	2.0
3	6	4	-91.27213809266533	1.0	0.5005452562704471	80880.0	1222.0	2516.0	115.0	19.0	1260.0	1489.0	33.0	112.0	11836.0	107.0	21.0	300.0	88.0	2.0
4	3	6	-0.19884997405809487	0.5788099246270886	1.0021881838074398	80880.0	2516.0	1260.0	112.0	21.0	1222.0	115.0	19.0	1489.0	11836.0	300.0	33.0	88.0	107.0	2.0
3	4	7	-2.544859413785118	0.9945338891148714	1.0045131291028446	77874.0	5522.0	1247.0	67.0	42.0	1252.0	100.0	41.0	7445.0	5509.0	671.0	115.0	49.0	61.0	5.0
3	7	4	-568.968871360807	1.0	0.4988793044895742	77874.0	1247.0	5522.0	67.0	42.0	1252.0	7445.0	115.0	100.0	5509.0	49.0	41.0	671.0	61.0	5.0
4	3	7	2.5562930912058	0.005289724345280411	0.9955471596275807	77874.0	5522.0	1252.0	100.0	41.0	1247.0	67.0	42.0	7445.0	5509.0	671.0	115.0	61.0	49.0	5.0
3	4	8	-0.22666838339646278	0.5896591503075008	1.0003885003885005	78309.0	5087.0	1230.0	86.0	40.0	1266.0	89.0	38.0	7814.0	5186.0	625.0	123.0	52.0	47.0	8.0
3	8	4	-583.897755629284	1.0	0.49990293146961756	78309.0	1230.0	5087.0	86.0	40.0	1266.0	7814.0	123.0	89.0	5186.0	52.0	38.0	625.0	47.0	8.0
4	3	8	0.2267564099531216	0.4103066232257697	0.9996119518820333	78309.0	5087.0	1266.0	89.0	38.0	1230.0	86.0	40.0	7814.0	5186.0	625.0	123.0	47.0	52.0	8.0
3	4	9	0.8181963825202101	0.2066224745625862	0.9989881956155143	79257.0	4139.0	1266.0	65.0	25.0	1302.0	56.0	35.0	8942.0	4154.0	529.0	137.0	47.0	41.0	5.0
3	9	4	-807.0143652924369	1.0	0.5002533355852051	79257.0	1266.0	4139.0	65.0	25.0	1302.0	8942.0	137.0	56.0	4154.0	47.0	35.0	529.0	41.0	5.0
4	3	9	-0.8173676893576306	0.7931408885637912	1.0010148849797023	79257.0	4139.0	1302.0	56.0	35.0	1266.0	65.0	25.0	8942.0	4154.0	529.0	137.0	41.0	47.0	5.0
3	5	6	-99999.9	1.0	-0.017689906347554633	80570.0	1477.0	1532.0	1129.0	44.0	2618.0	151.0	31.0	134.0	11784.0	115.0	30.0	120.0	265.0	0.0
3	6	5	1.0143369422203041	0.1552110164607856	0.016798418972332016	80570.0	1532.0	1477.0	1129.0	44.0	2618.0	134.0	30.0	151.0	11784.0	120.0	31.0	115.0	265.0	0.0
5	3	6	-58.354207617144574	1.0	0.5043081601621896	80570.0	1477.0	2618.0	151.0	31.0	1532.0	1129.0	44.0	134.0	11784.0	115.0	30.0	265.0	120.0	0.0
3	5	7	0.5230565342876703	0.3004674423150073	0.998303647158609	76691.0	5356.0	2430.0	188.0	87.0	2534.0	178.0	88.0	6063.0	5397.0	573.0	215.0	83.0	106.0	11.0
3	7	5	-307.2957138940076	1.0	0.5004251700680273	76691.0	2430.0	5356.0	188.0	87.0	2534.0	6063.0	215.0	178.0	5397.0	83.0	88.0	573.0	106.0	11.0
5	3	7	-0.5221677381376488	0.6992232399205519	1.0017050298380221	76691.0	5356.0	2534.0	178.0	88.0	2430.0	188.0	87.0	6063.0	5397.0	573.0	215.0	106.0	83.0	11.0
3	5	8	-0.9472707940227612	0.8282496063037957	1.0027304850626406	77074.0	4973.0	2465.0	152.0	88.0	2559.0	169.0	72.0	6412.0	5080.0	541.0	232.0	78.0	89.0	16.0
3	8	5	-348.81853944602875	1.0	0.49932016316084143	77074.0	2465.0	4973.0	152.0	88.0	2559.0	6412.0	232.0	169.0	5080.0	78.0	72.0	541.0	89.0	16.0
5	3	8	0.9498502595839317	0.17109416204518246	0.9972916998566194	77074.0	4973.0	2559.0	169.0	72.0	2465.0	152.0	88.0	6412.0	5080.0	541.0	232.0	89.0	78.0	16.0
3	5	9	0.6180709312210305	0.26826423746153516	0.9986455370445618	78016.0	4031.0	2507.0	136.0	62.0	2602.0	126.0	72.0	7499.0	4074.0	460.0	280.0	57.0	68.0	10.0
3	9	5	-455.08562665804357	1.0	0.5003393051031487	78016.0	2507.0	4031.0	136.0	62.0	2602.0	7499.0	280.0	126.0	4074.0	57.0	72.0	460.0	68.0	10.0
5	3	9	-0.6172326416086326	0.7314594095036988	1.001359989120087	78016.0	4031.0	2602.0	126.0	72.0	2507.0	136.0	62.0	7499.0	4074.0	460.0	280.0	68.0	57.0	10.0
3	6	7	0.21384918195715022	0.41533236987794064	0.9993231810490694	76723.0	5379.0	2398.0	177.0	75.0	2522.0	173.0	87.0	6079.0	5399.0	577.0	211.0	86.0	104.0	10.0
3	7	6	-315.53446797777497	1.0	0.5001693766937669	76723.0	2398.0	5379.0	177.0	75.0	2522.0	6079.0	211.0	173.0	5399.0	86.0	87.0	577.0	104.0	10.0
6	3	7	-0.21370434675094835	0.5846111546700223	1.0006781959986437	76723.0	5379.0	2522.0	173.0	87.0	2398.0	177.0	75.0	6079.0	5399.0	577.0	211.0	104.0	86.0	10.0
3	6	8	1.0105154582683116	0.1561242125060054	0.9971351265319115	77145.0	4957.0	2394.0	168.0	88.0	2565.0	150.0	67.0	6415.0	5095.0	545.0	223.0	82.0	92.0	14.0
3	8	6	-350.7050037667852	1.0	0.5007193094629157	77145.0	2394.0	4957.0	168.0	88.0	2565.0	6415.0	223.0	150.0	5095.0	82.0	67.0	545.0	92.0	14.0
6	3	8	-1.007612141708243	0.8431796382909755	1.0028897094236635	77145.0	4957.0	2565.0	150.0	67.0	2394.0	168.0	88.0	6415.0	5095.0	545.0	223.0	92.0	82.0	14.0
3	6	9	1.1908919815133896	0.11684806004361936	0.9974372808200701	78079.0	4023.0	2444.0	137.0	69.0	2592.0	118.0	72.0	7513.0	4085.0	457.0	276.0	54.0	69.0	12.0
3	9	6	-462.3168029285661	1.0	0.5006431521224021	78079.0	2444.0	4023.0	137.0	69.0	2592.0	7513.0	276.0	118.0	4085.0	54.0	72.0	457.0	69.0	12.0
6	3	9	-1.187832218477723	0.8825501776218743	1.0025825744189207	78079.0	4023.0	2592.0	118.0	72.0	2444.0	137.0	69.0	7513.0	4085.0	457.0	276.0	69.0	54.0	12.0
3	7	8	0.0	0.49999999949999996	nan	74527.0	4594.0	5012.0	428.0	191.0	8125.0	428.0	259.0	777.0	4721.0	160.0	301.0	178.0	280.0	19.0
3	8	7	-11.92787772509763	1.0	0.5	74527.0	5012.0	4594.0	428.0	191.0	8125.0	777.0	301.0	428.0	4721.0	178.0	259.0	160.0	280.0	19.0
7	3	8	0.0	0.49999999949999996	nan	74527.0	4594.0	8125.0	428.0	259.0	5012.0	428.0	191.0	777.0	4721.0	160.0	301.0	280.0	178.0	19.0
3	7	9	0.6845238462154085	0.24682215062880952	0.9869848156182213	75392.0	3729.0	5131.0	359.0	141.0	8272.0	341.0	199.0	1706.0	3778.0	174.0	403.0	138.0	225.0	12.0
3	9	7	-51.225201158453046	1.0	0.5033185840707965	75392.0	5131.0	3729.0	359.0	141.0	8272.0	1706.0	403.0	341.0	3778.0	138.0	199.0	174.0	225.0	12.0
7	3	9	-0.675497158133447	0.7503200885134573	1.0135440180586908	75392.0	3729.0	8272.0	341.0	199.0	5131.0	359.0	141.0	1706.0	3778.0	174.0	403.0	225.0	138.0	12.0
3	8	9	-0.690972167808264	0.755208552427588	1.0178394449950445	75756.0	3783.0	4767.0	324.0	122.0	8643.0	342.0	218.0	1369.0	3804.0	154.0	369.0	111.0	226.0	12.0
3	9	8	-40.11477307553541	1.0	0.4956563706563707	75756.0	4767.0	3783.0	324.0	122.0	8643.0	1369.0	369.0	342.0	3804.0	111.0	218.0	154.0	226.0	12.0
8	3	9	0.7030826829207749	0.24100204260674685	0.9830667920978363	75756.0	3783.0	8643.0	342.0	218.0	4767.0	324.0	122.0	1369.0	3804.0	154.0	369.0	226.0	111.0	12.0
4	5	6	-99999.9	1.0	-0.0051813471502590676	80610.0	1494.0	1530.0	1110.0	45.0	2578.0	140.0	25.0	135.0	11780.0	112.0	31.0	119.0	288.0	3.0
4	6	5	0.3022002584694274	0.38124977207169075	0.005102040816326531	80610.0	1530.0	1494.0	1110.0	45.0	2578.0	135.0	31.0	140.0	11780.0	119.0	25.0	112.0	288.0	3.0
5	4	6	-58.62685014306902	1.0	0.5012853470437018	80610.0	1494.0	2578.0	140.0	25.0	1530.0	1110.0	45.0	135.0	11780.0	112.0	31.0	288.0	119.0	3.0
4	5	7	2.3011118011325076	0.010692627925500742	0.9927852348993289	76720.0	5384.0	2406.0	197.0	82.0	2505.0	154.0	84.0	6071.0	5391.0	565.0	231.0	92.0	103.0	15.0
4	7	5	-314.3425748802879	1.0	0.5018234246459163	76720.0	2406.0	5384.0	197.0	82.0	2505.0	6071.0	231.0	154.0	5391.0	92.0	84.0	565.0	103.0	15.0
5	4	7	-2.2843891701626413	0.9888256970699898	1.0073743783227578	76720.0	5384.0	2505.0	154.0	84.0	2406.0	197.0	82.0	6071.0	5391.0	565.0	231.0	103.0	92.0	15.0
4	5	8	-0.7179853007164045	0.763616894284507	1.0020823322120775	77136.0	4968.0	2439.0	157.0	89.0	2497.0	170.0	76.0	6426.0	5067.0	534.0	244.0	82.0	97.0	18.0
4	8	5	-346.23460386085685	1.0	0.4994810379241517	77136.0	2439.0	4968.0	157.0	89.0	2497.0	6426.0	244.0	170.0	5067.0	82.0	76.0	534.0	97.0	18.0
5	4	8	0.7194772778438524	0.23592337931500107	0.9979305953517988	77136.0	4968.0	2497.0	170.0	76.0	2439.0	157.0	89.0	6426.0	5067.0	534.0	244.0	97.0	82.0	18.0
4	5	9	0.12081851621869985	0.4519173496800527	0.9997288870814695	78073.0	4031.0	2486.0	138.0	61.0	2545.0	136.0	62.0	7511.0	4061.0	455.0	289.0	63.0	79.0	10.0
4	9	5	-445.3974600402354	1.0	0.5000678058041769	78073.0	2486.0	4031.0	138.0	61.0	2545.0	7511.0	289.0	136.0	4061.0	63.0	62.0	455.0	79.0	10.0
5	4	9	-0.12078575187531851	0.5480696742912536	1.000271333604667	78073.0	4031.0	2545.0	136.0	62.0	2486.0	138.0	61.0	7511.0	4061.0	455.0	289.0	79.0	63.0	10.0
4	6	7	1.8478556094721905	0.032311556753814585	0.9942962590169435	76736.0	5404.0	2390.0	187.0	72.0	2509.0	153.0	82.0	6080.0	5390.0	569.0	218.0	94.0	103.0	13.0
4	7	6	-320.27685607704757	1.0	0.5014382402707276	76736.0	2390.0	5404.0	187.0	72.0	2509.0	6080.0	218.0	153.0	5390.0	94.0	82.0	569.0	103.0	13.0
6	4	7	-1.8372554591900825	0.9669139626095453	1.0058030380611025	76736.0	5404.0	2509.0	153.0	82.0	2390.0	187.0	72.0	6080.0	5390.0	569.0	218.0	103.0	94.0	13.0
4	6	8	1.089224201405421	0.1380275556267807	0.9968183264397072	77194.0	4946.0	2381.0	179.0	89.0	2516.0	159.0	69.0	6425.0	5075.0	539.0	226.0	85.0	101.0	16.0
4	8	6	-340.1647180989126	1.0	0.500799232736573	77194.0	2381.0	4946.0	179.0	89.0	2516.0	6425.0	226.0	159.0	5075.0	85.0	69.0	539.0	101.0	16.0
6	4	8	-1.0857475841012223	0.8612046188946053	1.0032123353678124	77194.0	4946.0	2516.0	159.0	69.0	2381.0	179.0	89.0	6425.0	5075.0	539.0	226.0	101.0	85.0	16.0
4	6	9	0.7307017322572185	0.23248060945335236	0.9983777206975801	78117.0	4023.0	2442.0	141.0	66.0	2554.0	129.0	61.0	7514.0	4071.0	454.0	277.0	60.0	79.0	12.0
4	9	6	-448.95532266104084	1.0	0.500406559154357	78117.0	2442.0	4023.0	141.0	66.0	2554.0	7514.0	277.0	129.0	4071.0	60.0	61.0	454.0	79.0	12.0
6	4	9	-0.7295144037823251	0.7671565391016041	1.0016302132862382	78117.0	4023.0	2554.0	129.0	61.0	2442.0	141.0	66.0	7514.0	4071.0	454.0	277.0	79.0	60.0	12.0
4	7	8	0.20589508501695902	0.41843646154862435	0.9825072886297376	74537.0	4589.0	5038.0	435.0	190.0	8115.0	429.0	263.0	766.0	4709.0	162.0	286.0	181.0	285.0	15.0
4	8	7	-11.358545523435541	1.0	0.5044910179640719	74537.0	5038.0	4589.0	435.0	190.0	8115.0	766.0	286.0	429.0	4709.0	181.0	263.0	162.0	285.0	15.0
7	4	8	-0.2022292971531556	0.5801312382941254	1.0184615384615385	74537.0	4589.0	8115.0	429.0	263.0	5038.0	435.0	190.0	766.0	4709.0	162.0	286.0	285.0	181.0	15.0
4	7	9	0.5257817706824545	0.29951990582062027	0.9896755162241888	75400.0	3726.0	5159.0	365.0	139.0	8264.0	351.0	192.0	1693.0	3770.0	174.0	388.0	139.0	227.0	13.0
4	9	7	-49.87415653330715	1.0	0.5026217228464419	75400.0	5159.0	3726.0	365.0	139.0	8264.0	1693.0	388.0	351.0	3770.0	139.0	192.0	174.0	227.0	13.0
7	4	9	-0.5202967149525333	0.6985716196073852	1.0106544901065448	75400.0	3726.0	8264.0	351.0	192.0	5159.0	365.0	139.0	1693.0	3770.0	174.0	388.0	227.0	139.0	13.0
4	8	9	-1.0560861361038973	0.8545355376563333	1.0282828282828282	75794.0	3781.0	4765.0	327.0	122.0	8605.0	355.0	207.0	1373.0	3792.0	154.0	367.0	113.0	235.0	10.0
4	9	8	-39.45236065588124	1.0	0.4932170542635659	75794.0	4765.0	3781.0	327.0	122.0	8605.0	1373.0	367.0	355.0	3792.0	113.0	207.0	154.0	235.0	10.0
8	4	9	1.0851336919102914	0.13893126335901296	0.9739292364990689	75794.0	3781.0	8605.0	355.0	207.0	4765.0	327.0	122.0	1373.0	3792.0	154.0	367.0	235.0	113.0	10.0
5	6	7	-0.5967990638842425	0.7246792753260576	1.0013058618688335	77718.0	5470.0	1507.0	109.0	43.0	1527.0	118.0	51.0	7019.0	5518.0	641.0	162.0	55.0	53.0	9.0
5	7	6	-458.2090590489021	1.0	0.49967417276084275	77718.0	1507.0	5470.0	109.0	43.0	1527.0	7019.0	162.0	118.0	5518.0	55.0	51.0	641.0	53.0	9.0
6	5	7	0.5975773846457202	0.2750609318747247	0.9986992339933516	77718.0	5470.0	1527.0	118.0	51.0	1507.0	109.0	43.0	7019.0	5518.0	641.0	162.0	53.0	55.0	9.0
5	6	8	2.2966282480472193	0.010819963642432207	0.995494880546075	78153.0	5035.0	1480.0	120.0	59.0	1557.0	87.0	52.0	7379.0	5185.0	614.0	173.0	49.0	50.0	7.0
5	8	6	-505.18861977499455	1.0	0.5011339426843516	78153.0	1480.0	5035.0	120.0	59.0	1557.0	7379.0	173.0	87.0	5185.0	49.0	52.0	614.0	50.0	7.0
6	5	8	-2.2862348399032864	0.9888797696376447	1.0045668419595903	78153.0	5035.0	1557.0	87.0	52.0	1480.0	120.0	59.0	7379.0	5185.0	614.0	173.0	50.0	49.0	7.0
5	6	9	0.6136551271580081	0.2697215706983441	0.9990521327014218	79089.0	4099.0	1529.0	89.0	41.0	1582.0	81.0	33.0	8513.0	4160.0	505.0	191.0	37.0	42.0	9.0
5	9	6	-646.1788488973827	1.0	0.5002373042240152	79089.0	1529.0	4099.0	89.0	41.0	1582.0	8513.0	191.0	81.0	4160.0	37.0	33.0	505.0	42.0	9.0
6	5	9	-0.6130729116673458	0.7300859871964611	1.0009505703422052	79089.0	4099.0	1582.0	81.0	33.0	1529.0	89.0	41.0	8513.0	4160.0	505.0	191.0	42.0	37.0	9.0
5	7	8	0.6742724457764507	0.25006899281343586	0.9530864197530864	74628.0	4597.0	5005.0	425.0	192.0	8024.0	406.0	278.0	792.0	4737.0	162.0	293.0	178.0	267.0	16.0
5	8	7	-13.024104610524068	1.0	0.5126162018592298	74628.0	5005.0	4597.0	425.0	192.0	8024.0	792.0	293.0	406.0	4737.0	178.0	278.0	162.0	267.0	16.0
7	5	8	-0.6410828694299414	0.7392656385789862	1.0545977011494252	74628.0	4597.0	8024.0	406.0	278.0	5005.0	425.0	192.0	792.0	4737.0	162.0	293.0	267.0	178.0	16.0
5	7	9	0.37765230963158297	0.3528445076118262	0.9927953890489913	75498.0	3727.0	5120.0	358.0	144.0	8166.0	348.0	194.0	1726.0	3792.0	173.0	394.0	138.0	212.0	10.0
5	9	7	-51.662835957600635	1.0	0.5018208302986161	75498.0	5120.0	3727.0	358.0	144.0	8166.0	1726.0	394.0	348.0	3792.0	138.0	194.0	173.0	212.0	10.0
7	5	9	-0.3749117268330954	0.6461368827486249	1.0073637702503682	75498.0	3727.0	8166.0	348.0	194.0	5120.0	358.0	144.0	1726.0	3792.0	173.0	394.0	212.0	138.0	10.0
5	8	9	-0.9873505869426131	0.8382645953876755	1.0266666666666666	75847.0	3786.0	4771.0	324.0	119.0	8552.0	350.0	207.0	1351.0	3815.0	155.0	383.0	113.0	215.0	12.0
5	9	8	-39.00034818423324	1.0	0.4935897435897436	75847.0	4771.0	3786.0	324.0	119.0	8552.0	1351.0	383.0	350.0	3815.0	113.0	207.0	155.0	215.0	12.0
8	5	9	1.0129960567333303	0.1555310370971048	0.9753086419753086	75847.0	3786.0	8552.0	350.0	207.0	4771.0	324.0	119.0	1351.0	3815.0	155.0	383.0	215.0	113.0	12.0
6	7	8	-0.43990303087924404	0.6699962990677857	1.0396341463414633	74672.0	4573.0	5038.0	413.0	188.0	7980.0	426.0	282.0	767.0	4748.0	165.0	285.0	181.0	268.0	14.0
6	8	7	-11.97889791778865	1.0	0.49064748201438846	74672.0	5038.0	4573.0	413.0	188.0	7980.0	767.0	285.0	426.0	4748.0	181.0	282.0	165.0	268.0	14.0
7	6	8	0.45667352765763164	0.3239528824262059	0.9645776566757494	74672.0	4573.0	7980.0	426.0	282.0	5038.0	413.0	188.0	767.0	4748.0	165.0	285.0	268.0	181.0	14.0
6	7	9	0.26390950906576854	0.39592488452852437	0.9948567229977957	75530.0	3715.0	5141.0	357.0	141.0	8134.0	350.0	204.0	1704.0	3801.0	175.0	395.0	140.0	204.0	9.0
6	9	7	-50.783729815941335	1.0	0.5012958163643095	75530.0	5141.0	3715.0	357.0	141.0	8134.0	1704.0	395.0	350.0	3801.0	140.0	204.0	175.0	204.0	9.0
7	6	9	-0.26254513198788054	0.603549342539188	1.0052238805970148	75530.0	3715.0	8134.0	350.0	204.0	5141.0	357.0	141.0	1704.0	3801.0	175.0	395.0	204.0	140.0	9.0
6	8	9	-1.1437277254419524	0.8736316589929112	1.030241935483871	75931.0	3779.0	4740.0	318.0	116.0	8468.0	348.0	216.0	1370.0	3829.0	156.0	395.0	114.0	207.0	13.0
6	9	8	-40.10671890549779	1.0	0.49276759884281585	75931.0	4740.0	3779.0	318.0	116.0	8468.0	1370.0	395.0	348.0	3829.0	114.0	216.0	156.0	207.0	13.0
8	6	9	1.1773009463453366	0.11953776630907931	0.9722735674676525	75931.0	3779.0	8468.0	348.0	216.0	4740.0	318.0	116.0	1370.0	3829.0	156.0	395.0	207.0	114.0	13.0
7	8	9	-1.8486075011460743	0.9677428058102238	1.043390514631685	78734.0	3918.0	4930.0	236.0	115.0	5665.0	279.0	146.0	1313.0	3963.0	153.0	262.0	120.0	155.0	11.0
7	9	8	-46.30116927289121	1.0	0.4898152534343913	78734.0	4930.0	3918.0	236.0	115.0	5665.0	1313.0	262.0	279.0	3963.0	120.0	146.0	153.0	155.0	11.0
8	7	9	1.925483828563174	0.02708436088847943	0.9616071428571429	78734.0	3918.0	5665.0	279.0	146.0	4930.0	236.0	115.0	1313.0	3963.0	153.0	262.0	155.0	120.0	11.0
