P1	Hybrid	P2	Zscore	Pvalue	Gamma	AAAA	AAAB	AABA	AABB	AABC	ABAA	ABAB	ABAC	ABBA	BAAA	ABBC	CABC	BACA	BCAA	ABCD
1	2	3	-1.310486187840661	0.9049842259682497	2.176470588235294	7212.0	521.0	624.0	46.0	32.0	707.0	66.0	29.0	103.0	532.0	31.0	43.0	27.0	27.0	0.0
1	3	2	-3.7348856353458832	0.9999060715152889	0.39361702127659576	7212.0	624.0	521.0	46.0	32.0	707.0	103.0	43.0	66.0	532.0	27.0	29.0	31.0	27.0	0.0
2	1	3	2.0188571001869646	0.021750968583897246	0.7402597402597403	7212.0	521.0	707.0	66.0	29.0	624.0	46.0	32.0	103.0	532.0	31.0	43.0	27.0	27.0	0.0
1	2	4	-1.344768969703873	0.9106500093340755	1.0568720379146919	7369.0	364.0	653.0	31.0	18.0	746.0	43.0	13.0	266.0	387.0	13.0	57.0	18.0	22.0	0.0
1	4	2	-26.335058990034188	1.0	0.4868995633187773	7369.0	653.0	364.0	31.0	18.0	746.0	266.0	57.0	43.0	387.0	18.0	13.0	13.0	22.0	0.0
2	1	4	1.4171332191946642	0.07822204190456161	0.951417004048583	7369.0	364.0	746.0	43.0	13.0	653.0	31.0	18.0	266.0	387.0	13.0	57.0	22.0	18.0	0.0
1	2	5	0.13028867524079477	0.4481689853783505	0.9966666666666667	7393.0	340.0	656.0	30.0	16.0	755.0	29.0	18.0	328.0	322.0	16.0	55.0	18.0	24.0	0.0
1	5	2	-38.82602522175689	1.0	0.5008375209380235	7393.0	656.0	340.0	30.0	16.0	755.0	328.0	55.0	29.0	322.0	18.0	18.0	16.0	24.0	0.0
2	1	5	-0.12985292716306635	0.551658640990577	1.0033670033670035	7393.0	340.0	755.0	29.0	18.0	656.0	30.0	16.0	328.0	322.0	16.0	55.0	24.0	18.0	0.0
1	2	6	-2.1637691327571793	0.9847590179090946	1.051359516616314	7445.0	288.0	672.0	20.0	10.0	755.0	37.0	10.0	385.0	265.0	16.0	60.0	18.0	18.0	1.0
1	6	2	-46.457396085668876	1.0	0.48807854137447404	7445.0	672.0	288.0	20.0	10.0	755.0	385.0	60.0	37.0	265.0	18.0	10.0	16.0	18.0	1.0
2	1	6	2.269470498437846	0.011619829774858315	0.9554973821989529	7445.0	288.0	755.0	37.0	10.0	672.0	20.0	10.0	385.0	265.0	16.0	60.0	18.0	18.0	1.0
1	2	7	-0.9883209445880096	0.8385022491478433	1.015748031496063	7479.0	254.0	680.0	15.0	7.0	771.0	21.0	10.0	408.0	244.0	14.0	67.0	13.0	16.0	1.0
1	7	2	-64.73502187051463	1.0	0.49615384615384617	7479.0	680.0	254.0	15.0	7.0	771.0	408.0	67.0	21.0	244.0	13.0	10.0	14.0	16.0	1.0
2	1	7	1.0036437499304594	0.15777519073587554	0.9849624060150376	7479.0	254.0	771.0	21.0	10.0	680.0	15.0	7.0	408.0	244.0	14.0	67.0	16.0	13.0	1.0
1	2	8	-1.3119259690802445	0.9052273757763873	1.0208877284595301	7498.0	235.0	678.0	14.0	10.0	767.0	22.0	13.0	413.0	241.0	12.0	67.0	14.0	15.0	1.0
1	8	2	-65.43230770787721	1.0	0.49493670886075947	7498.0	678.0	235.0	14.0	10.0	767.0	413.0	67.0	22.0	241.0	14.0	13.0	12.0	15.0	1.0
2	1	8	1.33876844415094	0.09032309774726377	0.9803439803439803	7498.0	235.0	767.0	22.0	13.0	678.0	14.0	10.0	413.0	241.0	12.0	67.0	15.0	14.0	1.0
1	2	9	-1.081036656246817	0.8601595572424657	1.009416195856874	7636.0	97.0	688.0	8.0	6.0	783.0	13.0	6.0	549.0	105.0	12.0	88.0	4.0	5.0	0.0
1	9	2	-116.96816620590569	1.0	0.4976787372330548	7636.0	688.0	97.0	8.0	6.0	783.0	549.0	88.0	13.0	105.0	4.0	6.0	12.0	5.0	0.0
2	1	9	1.0911209534132988	0.13760987368181044	0.9908424908424909	7636.0	97.0	783.0	13.0	6.0	688.0	8.0	6.0	549.0	105.0	12.0	88.0	5.0	4.0	0.0
1	3	4	-1.3715475665868757	0.9148977771559731	1.069364161849711	7463.0	373.0	559.0	29.0	11.0	796.0	41.0	16.0	226.0	388.0	11.0	47.0	19.0	21.0	0.0
1	4	3	-22.516239218134547	1.0	0.48429319371727747	7463.0	559.0	373.0	29.0	11.0	796.0	226.0	47.0	41.0	388.0	19.0	16.0	11.0	21.0	0.0
3	1	4	1.4605128141492678	0.07207463471515863	0.9425837320574163	7463.0	373.0	796.0	41.0	16.0	559.0	29.0	11.0	226.0	388.0	11.0	47.0	21.0	19.0	0.0
1	3	5	-0.9104257917201904	0.8187010248240787	1.0284552845528456	7490.0	346.0	559.0	25.0	15.0	802.0	32.0	19.0	285.0	324.0	16.0	51.0	13.0	21.0	2.0
1	5	3	-33.81581512103569	1.0	0.49317738791423	7490.0	559.0	346.0	25.0	15.0	802.0	285.0	51.0	32.0	324.0	13.0	19.0	16.0	21.0	2.0
3	1	5	0.935615438131421	0.17473559599842903	0.9737827715355806	7490.0	346.0	802.0	32.0	19.0	559.0	25.0	15.0	285.0	324.0	16.0	51.0	21.0	13.0	2.0
1	3	6	-1.7179435180741232	0.957096575065149	1.0482758620689656	7544.0	292.0	573.0	24.0	2.0	803.0	38.0	12.0	342.0	270.0	13.0	55.0	12.0	17.0	3.0
1	6	3	-39.02185991054076	1.0	0.4887459807073955	7544.0	573.0	292.0	24.0	2.0	803.0	342.0	55.0	38.0	270.0	12.0	12.0	13.0	17.0	3.0
3	1	6	1.7970593379854314	0.036163048278343046	0.9578313253012049	7544.0	292.0	803.0	38.0	12.0	573.0	24.0	2.0	342.0	270.0	13.0	55.0	17.0	12.0	3.0
1	3	7	0.6051398012213128	0.2725430054311122	0.9887005649717514	7595.0	241.0	564.0	24.0	11.0	821.0	20.0	12.0	370.0	245.0	10.0	55.0	13.0	17.0	2.0
1	7	3	-52.344592805643586	1.0	0.5028735632183908	7595.0	564.0	241.0	24.0	11.0	821.0	370.0	55.0	20.0	245.0	13.0	12.0	10.0	17.0	2.0
3	1	7	-0.5982239177787834	0.7251547801712974	1.0116959064327486	7595.0	241.0	821.0	20.0	12.0	564.0	24.0	11.0	370.0	245.0	10.0	55.0	17.0	13.0	2.0
1	3	8	-0.1557518390820526	0.5618856951154838	1.0028409090909092	7606.0	230.0	570.0	20.0	9.0	816.0	21.0	16.0	374.0	245.0	6.0	57.0	11.0	15.0	4.0
1	8	3	-55.13615103504677	1.0	0.4992927864214993	7606.0	570.0	230.0	20.0	9.0	816.0	374.0	57.0	21.0	245.0	11.0	16.0	6.0	15.0	4.0
3	1	8	0.15619306242222836	0.43794041074892665	0.9971830985915493	7606.0	230.0	816.0	21.0	16.0	570.0	20.0	9.0	374.0	245.0	6.0	57.0	15.0	11.0	4.0
1	3	9	0.21789748359213287	0.4137545313208706	0.998	7740.0	96.0	584.0	11.0	4.0	837.0	10.0	6.0	509.0	106.0	10.0	74.0	6.0	5.0	2.0
1	9	3	-108.51294682888205	1.0	0.5005015045135406	7740.0	584.0	96.0	11.0	4.0	837.0	509.0	74.0	10.0	106.0	6.0	6.0	10.0	5.0	2.0
3	1	9	-0.21746081528834105	0.5860753423023154	1.0020120724346075	7740.0	96.0	837.0	10.0	6.0	584.0	11.0	4.0	509.0	106.0	10.0	74.0	5.0	6.0	2.0
1	4	5	0.12676772510677384	0.4495620832797409	0.9857142857142858	7678.0	344.0	371.0	32.0	10.0	1019.0	31.0	19.0	100.0	332.0	16.0	19.0	6.0	22.0	1.0
1	5	4	-8.620205307260674	1.0	0.5036496350364963	7678.0	371.0	344.0	32.0	10.0	1019.0	100.0	19.0	31.0	332.0	6.0	19.0	16.0	22.0	1.0
4	1	5	-0.12493051169942929	0.54971075747659	1.0149253731343284	7678.0	344.0	1019.0	31.0	19.0	371.0	32.0	10.0	100.0	332.0	16.0	19.0	22.0	6.0	1.0
1	4	6	-1.3013536549654774	0.9034312175445613	1.1	7740.0	282.0	377.0	26.0	10.0	1019.0	37.0	13.0	158.0	275.0	15.0	23.0	8.0	17.0	0.0
1	6	4	-15.616243859585738	1.0	0.4782608695652174	7740.0	377.0	282.0	26.0	10.0	1019.0	158.0	23.0	37.0	275.0	8.0	13.0	15.0	17.0	0.0
4	1	6	1.4196585326896116	0.07785360837644317	0.9230769230769231	7740.0	282.0	1019.0	37.0	13.0	377.0	26.0	10.0	158.0	275.0	15.0	23.0	17.0	8.0	0.0
1	4	7	-0.42375991919541345	0.6641295056375917	1.0185185185185186	7777.0	245.0	382.0	23.0	8.0	1029.0	26.0	14.0	191.0	247.0	10.0	26.0	5.0	17.0	0.0
1	7	4	-23.730555474943145	1.0	0.49549549549549543	7777.0	382.0	245.0	23.0	8.0	1029.0	191.0	26.0	26.0	247.0	5.0	14.0	10.0	17.0	0.0
4	1	7	0.43146464499896636	0.3330653120518158	0.9824561403508771	7777.0	245.0	1029.0	26.0	14.0	382.0	23.0	8.0	191.0	247.0	10.0	26.0	17.0	5.0	0.0
1	4	8	-0.2865235871369395	0.6127613683628754	1.0119760479041917	7792.0	230.0	384.0	23.0	6.0	1028.0	25.0	16.0	194.0	247.0	7.0	25.0	5.0	17.0	1.0
1	8	4	-24.49776670020833	1.0	0.4970588235294117	7792.0	384.0	230.0	23.0	6.0	1028.0	194.0	25.0	25.0	247.0	5.0	16.0	7.0	17.0	1.0
4	1	8	0.28991439881903347	0.3859409298962735	0.9884393063583815	7792.0	230.0	1028.0	25.0	16.0	384.0	23.0	6.0	194.0	247.0	7.0	25.0	17.0	5.0	1.0
1	4	9	-0.6205038151673427	0.7325369832493208	1.0094637223974763	7923.0	99.0	401.0	10.0	2.0	1046.0	13.0	10.0	333.0	108.0	7.0	41.0	1.0	6.0	0.0
1	9	4	-66.8075774330172	1.0	0.4976671850699845	7923.0	401.0	99.0	10.0	2.0	1046.0	333.0	41.0	13.0	108.0	1.0	10.0	7.0	6.0	0.0
4	1	9	0.6263210384345365	0.26555213838935865	0.99079754601227	7923.0	99.0	1046.0	13.0	10.0	401.0	10.0	2.0	333.0	108.0	7.0	41.0	6.0	1.0	0.0
1	5	6	-1.3302645416097112	0.9082843718191291	1.3714285714285714	7765.0	284.0	352.0	26.0	8.0	1085.0	39.0	14.0	87.0	273.0	9.0	28.0	8.0	21.0	1.0
1	6	5	-6.242010541399416	0.9999999997831008	0.4403669724770642	7765.0	352.0	284.0	26.0	8.0	1085.0	87.0	28.0	39.0	273.0	8.0	14.0	9.0	21.0	1.0
5	1	6	1.690544521629008	0.045461887211247776	0.8243243243243243	7765.0	284.0	1085.0	39.0	14.0	352.0	26.0	8.0	87.0	273.0	9.0	28.0	21.0	8.0	1.0
1	5	7	-0.814643987041693	0.7923619944624821	1.0674157303370786	7801.0	248.0	358.0	22.0	6.0	1094.0	28.0	16.0	123.0	243.0	3.0	29.0	7.0	20.0	2.0
1	7	5	-13.713173781868498	1.0	0.4846938775510204	7801.0	358.0	248.0	22.0	6.0	1094.0	123.0	29.0	28.0	243.0	7.0	16.0	3.0	20.0	2.0
5	1	7	0.8660951862232737	0.19321894110288673	0.9439252336448598	7801.0	248.0	1094.0	28.0	16.0	358.0	22.0	6.0	123.0	243.0	3.0	29.0	20.0	7.0	2.0
1	5	8	-1.0701626254492418	0.857726907784391	1.0888888888888888	7816.0	233.0	360.0	21.0	5.0	1092.0	29.0	17.0	127.0	240.0	2.0	28.0	8.0	19.0	3.0
1	8	5	-14.179654787202459	1.0	0.4803921568627451	7816.0	360.0	233.0	21.0	5.0	1092.0	127.0	28.0	29.0	240.0	8.0	17.0	2.0	19.0	3.0
5	1	8	1.1575228397716288	0.12352946483513405	0.9298245614035088	7816.0	233.0	1092.0	29.0	17.0	360.0	21.0	5.0	127.0	240.0	2.0	28.0	19.0	8.0	3.0
1	5	9	0.4087931578669754	0.3413457762576746	0.9918367346938776	7955.0	94.0	369.0	13.0	4.0	1117.0	11.0	10.0	254.0	110.0	5.0	49.0	1.0	7.0	1.0
1	9	5	-49.25957552297055	1.0	0.5020661157024793	7955.0	369.0	94.0	13.0	4.0	1117.0	254.0	49.0	11.0	110.0	1.0	10.0	5.0	7.0	1.0
5	1	9	-0.4054286051273295	0.6574187090170737	1.00836820083682	7955.0	94.0	1117.0	11.0	10.0	369.0	13.0	4.0	254.0	110.0	5.0	49.0	7.0	1.0	1.0
1	6	7	-0.5454968194448822	0.7072940911480505	1.1025641025641026	7869.0	248.0	290.0	22.0	6.0	1158.0	26.0	16.0	69.0	246.0	5.0	19.0	6.0	20.0	0.0
1	7	6	-6.4095876284773645	0.9999999999267026	0.4777777777777778	7869.0	290.0	248.0	22.0	6.0	1158.0	69.0	19.0	26.0	246.0	6.0	16.0	5.0	20.0	0.0
6	1	7	0.5962407096258014	0.27550717003083514	0.9215686274509803	7869.0	248.0	1158.0	26.0	16.0	290.0	22.0	6.0	69.0	246.0	5.0	19.0	20.0	6.0	0.0
1	6	8	-0.5714627442513139	0.716157032909265	1.0952380952380953	7884.0	233.0	292.0	20.0	6.0	1158.0	24.0	18.0	70.0	247.0	3.0	19.0	6.0	19.0	1.0
1	8	6	-7.14328430314143	0.9999999999995413	0.4791666666666667	7884.0	292.0	233.0	20.0	6.0	1158.0	70.0	19.0	24.0	247.0	6.0	18.0	3.0	19.0	1.0
6	1	8	0.6211551567949065	0.26724871565444897	0.9259259259259259	7884.0	233.0	1158.0	24.0	18.0	292.0	20.0	6.0	70.0	247.0	3.0	19.0	19.0	6.0	1.0
1	6	9	0.690006023120045	0.24509513158312624	0.9849246231155779	8019.0	98.0	305.0	11.0	2.0	1180.0	8.0	12.0	204.0	113.0	3.0	36.0	1.0	8.0	0.0
1	9	6	-44.390387487389575	1.0	0.5038560411311054	8019.0	305.0	98.0	11.0	2.0	1180.0	204.0	36.0	8.0	113.0	1.0	12.0	3.0	8.0	0.0
6	1	9	-0.6794447064396362	0.7515720015135808	1.0157894736842106	8019.0	98.0	1180.0	8.0	12.0	305.0	11.0	2.0	204.0	113.0	3.0	36.0	8.0	1.0	0.0
1	7	8	0.6903835887658062	0.2449764289186217	0.016666666666666666	8087.0	72.0	89.0	185.0	2.0	1233.0	8.0	5.0	11.0	266.0	1.0	3.0	3.0	32.0	3.0
1	8	7	-99999.9	1.0	-0.017543859649122806	8087.0	89.0	72.0	185.0	2.0	1233.0	11.0	3.0	8.0	266.0	3.0	5.0	1.0	32.0	3.0
7	1	8	-40.04224814841676	1.0	0.49572649572649574	8087.0	72.0	1233.0	8.0	5.0	89.0	185.0	2.0	11.0	266.0	1.0	3.0	32.0	3.0	3.0
1	7	9	0.47243084920618444	0.3183096580540732	0.9873417721518988	8062.0	97.0	262.0	10.0	4.0	1226.0	8.0	12.0	164.0	111.0	3.0	30.0	3.0	8.0	0.0
1	9	7	-36.37717538887618	1.0	0.5032258064516129	8062.0	262.0	97.0	10.0	4.0	1226.0	164.0	30.0	8.0	111.0	3.0	12.0	3.0	8.0	0.0
7	1	9	-0.4663740434471308	0.6795260894963239	1.013157894736842	8062.0	97.0	1226.0	8.0	12.0	262.0	10.0	4.0	164.0	111.0	3.0	30.0	8.0	3.0	0.0
1	8	9	0.2425213954452556	0.4041881417333071	0.9935064935064936	8077.0	99.0	247.0	9.0	3.0	1227.0	8.0	12.0	161.0	113.0	3.0	32.0	1.0	8.0	0.0
1	9	8	-36.863252107678875	1.0	0.5016393442622951	8077.0	247.0	99.0	9.0	3.0	1227.0	161.0	32.0	8.0	113.0	1.0	12.0	3.0	8.0	0.0
8	1	9	-0.24093628828548272	0.5951977010421039	1.0066225165562914	8077.0	99.0	1227.0	8.0	12.0	247.0	9.0	3.0	161.0	113.0	3.0	32.0	8.0	1.0	0.0
2	3	4	0.0	0.49999999949999996	nan	7544.0	375.0	571.0	35.0	10.0	715.0	35.0	20.0	205.0	387.0	13.0	56.0	18.0	16.0	0.0
2	4	3	-20.304388400107623	1.0	0.5	7544.0	571.0	375.0	35.0	10.0	715.0	205.0	56.0	35.0	387.0	18.0	20.0	13.0	16.0	0.0
3	2	4	0.0	0.49999999949999996	nan	7544.0	375.0	715.0	35.0	20.0	571.0	35.0	10.0	205.0	387.0	13.0	56.0	16.0	18.0	0.0
2	3	5	-0.6027920917656145	0.7266765448119104	1.0221238938053097	7575.0	344.0	573.0	31.0	12.0	717.0	36.0	17.0	267.0	323.0	15.0	55.0	17.0	16.0	2.0
2	5	3	-28.45178673133703	1.0	0.49464668094218417	7575.0	573.0	344.0	31.0	12.0	717.0	267.0	55.0	36.0	323.0	17.0	17.0	15.0	16.0	2.0
3	2	5	0.615839539639329	0.2690001609045798	0.979253112033195	7575.0	344.0	717.0	36.0	17.0	573.0	31.0	12.0	267.0	323.0	15.0	55.0	16.0	17.0	2.0
2	3	6	0.5682767665212913	0.28492349087757307	0.9867986798679867	7613.0	306.0	587.0	27.0	2.0	734.0	23.0	13.0	322.0	269.0	14.0	61.0	11.0	15.0	3.0
2	6	3	-41.91041153094527	1.0	0.5033670033670035	7613.0	587.0	306.0	27.0	2.0	734.0	322.0	61.0	23.0	269.0	11.0	13.0	14.0	15.0	3.0
3	2	6	-0.5606744017517756	0.7124902715496519	1.013745704467354	7613.0	306.0	734.0	23.0	13.0	587.0	27.0	2.0	322.0	269.0	14.0	61.0	15.0	11.0	3.0
2	3	7	1.3814370390939883	0.08357237007983387	0.9736070381231672	7669.0	250.0	581.0	26.0	9.0	747.0	17.0	6.0	349.0	245.0	11.0	59.0	13.0	15.0	3.0
2	7	3	-49.57824040303976	1.0	0.5068702290076336	7669.0	581.0	250.0	26.0	9.0	747.0	349.0	59.0	17.0	245.0	13.0	6.0	11.0	15.0	3.0
3	2	7	-1.3439884446607178	0.9105238744249471	1.0286624203821657	7669.0	250.0	747.0	17.0	6.0	581.0	26.0	9.0	349.0	245.0	11.0	59.0	15.0	13.0	3.0
2	3	8	0.9779007769346783	0.16406170167558676	0.9825072886297376	7678.0	241.0	587.0	22.0	7.0	744.0	16.0	10.0	353.0	243.0	9.0	61.0	11.0	15.0	3.0
2	8	3	-53.94752619422971	1.0	0.5044910179640719	7678.0	587.0	241.0	22.0	7.0	744.0	353.0	61.0	16.0	243.0	11.0	10.0	9.0	15.0	3.0
3	2	8	-0.9604900806094318	0.8315956951856883	1.0184615384615385	7678.0	241.0	744.0	16.0	10.0	587.0	22.0	7.0	353.0	243.0	9.0	61.0	15.0	11.0	3.0
2	3	9	1.4976278716097406	0.06711501097474004	0.9877551020408163	7817.0	102.0	602.0	11.0	3.0	760.0	5.0	5.0	489.0	106.0	10.0	76.0	7.0	5.0	2.0
2	9	3	-119.31102043824255	1.0	0.5031185031185031	7817.0	602.0	102.0	11.0	3.0	760.0	489.0	76.0	5.0	106.0	7.0	5.0	10.0	5.0	2.0
3	2	9	-1.4790622368377189	0.9304381235307884	1.0127118644067796	7817.0	102.0	760.0	5.0	5.0	602.0	11.0	3.0	489.0	106.0	10.0	76.0	5.0	7.0	2.0
2	4	5	0.3590385771607218	0.3597831782491423	0.9508196721311475	7775.0	340.0	373.0	38.0	9.0	922.0	35.0	19.0	93.0	332.0	15.0	24.0	9.0	16.0	0.0
2	5	4	-6.5823739146132345	0.9999999999767305	0.5132743362831858	7775.0	373.0	340.0	38.0	9.0	922.0	93.0	24.0	35.0	332.0	9.0	19.0	15.0	16.0	0.0
4	2	5	-0.3404676162730982	0.6332477300532612	1.0576923076923077	7775.0	340.0	922.0	35.0	19.0	373.0	38.0	9.0	93.0	332.0	15.0	24.0	16.0	9.0	0.0
2	4	6	0.9979351414903027	0.1591554141801984	0.9481481481481482	7817.0	298.0	383.0	29.0	8.0	942.0	22.0	12.0	150.0	274.0	16.0	25.0	7.0	15.0	2.0
2	6	4	-17.250021731475226	1.0	0.5140562248995983	7817.0	383.0	298.0	29.0	8.0	942.0	150.0	25.0	22.0	274.0	7.0	12.0	16.0	15.0	2.0
4	2	6	-0.9433605634400518	0.8272517586586089	1.0614035087719298	7817.0	298.0	942.0	22.0	12.0	383.0	29.0	8.0	150.0	274.0	16.0	25.0	15.0	7.0	2.0
2	4	7	0.2962584076088765	0.38351644129085105	0.9875	7861.0	254.0	389.0	24.0	7.0	945.0	22.0	9.0	180.0	249.0	11.0	30.0	4.0	14.0	1.0
2	7	4	-23.10815579349235	1.0	0.5031847133757962	7861.0	389.0	254.0	24.0	7.0	945.0	180.0	30.0	22.0	249.0	4.0	9.0	11.0	14.0	1.0
4	2	7	-0.29250830118344767	0.6150509256827421	1.0129870129870129	7861.0	254.0	945.0	22.0	9.0	389.0	24.0	7.0	180.0	249.0	11.0	30.0	14.0	4.0	1.0
2	4	8	0.8953617157337015	0.18529684859794404	0.9647058823529412	7876.0	239.0	389.0	26.0	5.0	944.0	20.0	12.0	184.0	246.0	10.0	30.0	4.0	15.0	0.0
2	8	4	-23.57785851432082	1.0	0.5093167701863354	7876.0	389.0	239.0	26.0	5.0	944.0	184.0	30.0	20.0	246.0	4.0	12.0	10.0	15.0	0.0
4	2	8	-0.8626045797922246	0.8058225867312636	1.0394736842105263	7876.0	239.0	944.0	20.0	12.0	389.0	26.0	5.0	184.0	246.0	10.0	30.0	15.0	4.0	0.0
2	4	9	0.2576952825622945	0.39832110175361635	0.9968454258675079	8009.0	106.0	410.0	8.0	2.0	960.0	7.0	9.0	323.0	110.0	7.0	42.0	1.0	6.0	0.0
2	9	4	-81.17401400712252	1.0	0.5007923930269413	8009.0	410.0	106.0	8.0	2.0	960.0	323.0	42.0	7.0	110.0	1.0	9.0	7.0	6.0	0.0
4	2	9	-0.25687979116178095	0.6013641563674409	1.0031847133757963	8009.0	106.0	960.0	7.0	9.0	410.0	8.0	2.0	323.0	110.0	7.0	42.0	6.0	1.0	0.0
2	5	6	0.6804041745917955	0.248124221961183	0.9333333333333333	7851.0	297.0	349.0	31.0	7.0	999.0	26.0	14.0	96.0	270.0	10.0	22.0	7.0	19.0	2.0
2	6	5	-8.84525426969334	1.0	0.5185185185185186	7851.0	349.0	297.0	31.0	7.0	999.0	96.0	22.0	26.0	270.0	7.0	14.0	10.0	19.0	2.0
5	2	6	-0.6318038764066672	0.7362425377944447	1.0833333333333333	7851.0	297.0	999.0	26.0	14.0	349.0	31.0	7.0	96.0	270.0	10.0	22.0	19.0	7.0	2.0
2	5	7	-0.13653178627590232	0.5542995800569914	1.00990099009901	7893.0	255.0	357.0	26.0	4.0	1002.0	27.0	10.0	129.0	242.0	5.0	24.0	6.0	17.0	3.0
2	7	5	-14.062773986417959	1.0	0.4975609756097561	7893.0	357.0	255.0	26.0	4.0	1002.0	129.0	24.0	27.0	242.0	6.0	10.0	5.0	17.0	3.0
5	2	7	0.13787033320017583	0.4451714206709483	0.9903846153846154	7893.0	255.0	1002.0	27.0	10.0	357.0	26.0	4.0	129.0	242.0	5.0	24.0	17.0	6.0	3.0
2	5	8	-0.1392104158619631	0.5553580877422074	1.009433962264151	7907.0	241.0	358.0	25.0	4.0	1001.0	26.0	12.0	133.0	237.0	6.0	24.0	7.0	18.0	1.0
2	8	5	-15.034724913092047	1.0	0.49767441860465117	7907.0	358.0	241.0	25.0	4.0	1001.0	133.0	24.0	26.0	237.0	7.0	12.0	6.0	18.0	1.0
5	2	8	0.14051144778590666	0.4441279285001867	0.9908256880733946	7907.0	241.0	1001.0	26.0	12.0	358.0	25.0	4.0	133.0	237.0	6.0	24.0	18.0	7.0	1.0
2	5	9	1.1492889532585928	0.12521848230062282	0.9807692307692307	8047.0	101.0	372.0	12.0	3.0	1025.0	7.0	7.0	262.0	109.0	5.0	38.0	2.0	9.0	1.0
2	9	5	-57.46444766292959	1.0	0.504950495049505	8047.0	372.0	101.0	12.0	3.0	1025.0	262.0	38.0	7.0	109.0	2.0	7.0	5.0	9.0	1.0
5	2	9	-1.1267538757437188	0.8700766702457849	1.0204081632653061	8047.0	101.0	1025.0	7.0	7.0	372.0	12.0	3.0	262.0	109.0	5.0	38.0	9.0	2.0	1.0
2	6	7	0.14489604478918033	0.4423964528917472	0.96875	7945.0	255.0	305.0	25.0	5.0	1082.0	24.0	11.0	55.0	244.0	4.0	18.0	7.0	19.0	1.0
2	7	6	-4.346881343675397	0.9999930903997907	0.5081967213114755	7945.0	305.0	255.0	25.0	5.0	1082.0	55.0	18.0	24.0	244.0	7.0	11.0	4.0	19.0	1.0
6	2	7	-0.14022197882823903	0.5557577224159758	1.0344827586206897	7945.0	255.0	1082.0	24.0	11.0	305.0	25.0	5.0	55.0	244.0	4.0	18.0	19.0	7.0	1.0
2	6	8	0.47265019184473084	0.318231396946141	0.9230769230769231	7958.0	242.0	307.0	23.0	5.0	1084.0	20.0	13.0	56.0	243.0	4.0	18.0	7.0	20.0	0.0
2	8	6	-5.19915211029204	0.9999998997093118	0.5217391304347826	7958.0	307.0	242.0	23.0	5.0	1084.0	56.0	18.0	20.0	243.0	7.0	13.0	4.0	20.0	0.0
6	2	8	-0.4332626758576699	0.6675879908821509	1.1	7958.0	242.0	1084.0	20.0	13.0	307.0	23.0	5.0	56.0	243.0	4.0	18.0	20.0	7.0	0.0
2	6	9	1.50104871565382	0.06667151034831953	0.9685863874345549	8097.0	103.0	322.0	11.0	2.0	1102.0	5.0	10.0	190.0	111.0	2.0	33.0	2.0	10.0	0.0
2	9	6	-44.78128668367225	1.0	0.5082417582417582	8097.0	322.0	103.0	11.0	2.0	1102.0	190.0	33.0	5.0	111.0	2.0	10.0	2.0	10.0	0.0
6	2	9	-1.4523660546055879	0.9268000325472117	1.0346820809248556	8097.0	103.0	1102.0	5.0	10.0	322.0	11.0	2.0	190.0	111.0	2.0	33.0	10.0	2.0	0.0
2	7	8	1.1510497528063999	0.12485594077987683	0.02577319587628866	8178.0	72.0	87.0	196.0	2.0	1142.0	7.0	6.0	12.0	261.0	2.0	4.0	2.0	26.0	3.0
2	8	7	-99999.9	1.0	-0.027932960893854747	8178.0	87.0	72.0	196.0	2.0	1142.0	12.0	4.0	7.0	261.0	2.0	6.0	2.0	26.0	3.0
7	2	8	-42.35863090327552	1.0	0.4932975871313673	8178.0	72.0	1142.0	7.0	6.0	87.0	196.0	2.0	12.0	261.0	2.0	4.0	26.0	2.0	3.0
2	7	9	1.5019317516249076	0.06655739689001094	0.9634146341463414	8148.0	102.0	271.0	11.0	3.0	1140.0	5.0	10.0	163.0	109.0	3.0	22.0	4.0	9.0	0.0
2	9	7	-38.048937707830966	1.0	0.5096774193548387	8148.0	271.0	102.0	11.0	3.0	1140.0	163.0	22.0	5.0	109.0	4.0	10.0	3.0	9.0	0.0
7	2	9	-1.4448963686518095	0.925756457279955	1.0410958904109588	8148.0	102.0	1140.0	5.0	10.0	271.0	11.0	3.0	163.0	109.0	3.0	22.0	9.0	4.0	0.0
2	8	9	1.2934889803871144	0.09792106461660544	0.967948717948718	8161.0	104.0	258.0	10.0	2.0	1143.0	5.0	10.0	156.0	111.0	3.0	26.0	2.0	9.0	0.0
2	9	8	-37.76987822730378	1.0	0.5084175084175084	8161.0	258.0	104.0	10.0	2.0	1143.0	156.0	26.0	5.0	111.0	2.0	10.0	3.0	9.0	0.0
8	2	9	-1.2506582194471436	0.8944703315021237	1.0354609929078014	8161.0	104.0	1143.0	5.0	10.0	258.0	10.0	2.0	156.0	111.0	3.0	26.0	9.0	2.0	0.0
3	4	5	1.1666066575795355	0.12168468658420184	0.875	7909.0	350.0	383.0	37.0	10.0	788.0	28.0	16.0	91.0	334.0	13.0	16.0	8.0	15.0	2.0
3	5	4	-6.999639945477221	0.9999999999987086	0.5384615384615384	7909.0	383.0	350.0	37.0	10.0	788.0	91.0	16.0	28.0	334.0	8.0	16.0	13.0	15.0	2.0
4	3	5	-0.999948563639602	0.8413322897740438	1.2	7909.0	350.0	788.0	28.0	16.0	383.0	37.0	10.0	91.0	334.0	13.0	16.0	15.0	8.0	2.0
3	4	6	0.45131487703483103	0.32588133673939046	0.9765625	7952.0	307.0	395.0	24.0	11.0	807.0	21.0	4.0	146.0	281.0	11.0	17.0	9.0	13.0	2.0
3	6	4	-18.353471666083124	1.0	0.5060728744939271	7952.0	395.0	307.0	24.0	11.0	807.0	146.0	17.0	21.0	281.0	9.0	4.0	11.0	13.0	2.0
4	3	6	-0.4404833199859951	0.6702064244237723	1.0252100840336134	7952.0	307.0	807.0	21.0	4.0	395.0	24.0	11.0	146.0	281.0	11.0	17.0	13.0	9.0	2.0
3	4	7	-0.8108333178186383	0.7912693584167568	1.0416666666666667	8016.0	243.0	400.0	23.0	7.0	790.0	29.0	13.0	179.0	251.0	8.0	20.0	6.0	13.0	2.0
3	7	4	-21.081666263284596	1.0	0.49019607843137253	8016.0	400.0	243.0	23.0	7.0	790.0	179.0	20.0	29.0	251.0	6.0	13.0	8.0	13.0	2.0
4	3	7	0.8432666505313838	0.19953961631301487	0.9629629629629629	8016.0	243.0	790.0	29.0	13.0	400.0	23.0	7.0	179.0	251.0	8.0	20.0	13.0	6.0	2.0
3	4	8	0.14314125904239855	0.44308928692025984	0.99375	8023.0	236.0	399.0	25.0	6.0	797.0	24.0	11.0	183.0	250.0	5.0	21.0	6.0	12.0	2.0
3	8	4	-22.616318928698902	1.0	0.501577287066246	8023.0	399.0	236.0	25.0	6.0	797.0	183.0	21.0	24.0	250.0	6.0	11.0	5.0	12.0	2.0
4	3	8	-0.14224099955156583	0.5565552000585606	1.0063694267515924	8023.0	236.0	797.0	24.0	11.0	399.0	25.0	6.0	183.0	250.0	5.0	21.0	12.0	6.0	2.0
3	4	9	-0.9315371232358299	0.8242121217205599	1.0129870129870129	8156.0	103.0	421.0	7.0	2.0	813.0	11.0	8.0	323.0	110.0	5.0	31.0	1.0	7.0	2.0
3	9	4	-73.59143273563036	1.0	0.4968152866242039	8156.0	421.0	103.0	7.0	2.0	813.0	323.0	31.0	11.0	110.0	1.0	8.0	5.0	7.0	2.0
4	3	9	0.9434799068670586	0.17271773165173399	0.9875	8156.0	103.0	813.0	11.0	8.0	421.0	7.0	2.0	323.0	110.0	5.0	31.0	7.0	1.0	2.0
3	5	6	0.446756536886675	0.3275254550244825	0.9508196721311475	7983.0	309.0	364.0	25.0	8.0	867.0	22.0	6.0	80.0	281.0	9.0	23.0	8.0	14.0	1.0
3	6	5	-8.19053650958903	0.9999999999999999	0.5132743362831858	7983.0	364.0	309.0	25.0	8.0	867.0	80.0	23.0	22.0	281.0	8.0	6.0	9.0	14.0	1.0
5	3	6	-0.4236484401511573	0.6640888500293076	1.0576923076923077	7983.0	309.0	867.0	22.0	6.0	364.0	25.0	8.0	80.0	281.0	9.0	23.0	14.0	8.0	1.0
3	5	7	-0.9116329829942651	0.8190190480492461	1.0886075949367089	8046.0	246.0	370.0	23.0	4.0	849.0	30.0	16.0	116.0	249.0	5.0	24.0	7.0	13.0	2.0
3	7	5	-12.111695345495242	1.0	0.4804469273743016	8046.0	370.0	246.0	23.0	4.0	849.0	116.0	24.0	30.0	249.0	7.0	16.0	5.0	13.0	2.0
5	3	7	0.9858356676565889	0.16210688434387532	0.93	8046.0	246.0	849.0	30.0	16.0	370.0	23.0	4.0	116.0	249.0	5.0	24.0	13.0	7.0	2.0
3	5	8	-0.6905010686911832	0.75506049922282	1.0568181818181819	8051.0	241.0	371.0	22.0	4.0	857.0	27.0	11.0	120.0	245.0	5.0	24.0	8.0	13.0	1.0
3	8	5	-13.533820946347193	1.0	0.4869109947643979	8051.0	371.0	241.0	22.0	4.0	857.0	120.0	24.0	27.0	245.0	8.0	11.0	5.0	13.0	1.0
5	3	8	0.7276247820616769	0.23342158375876876	0.9514563106796117	8051.0	241.0	857.0	27.0	11.0	371.0	22.0	4.0	120.0	245.0	5.0	24.0	13.0	8.0	1.0
3	5	9	0.21810009675454722	0.413675598540016	0.9959514170040485	8194.0	98.0	383.0	11.0	3.0	878.0	10.0	7.0	256.0	110.0	4.0	33.0	2.0	9.0	2.0
3	9	5	-53.43452370486393	1.0	0.5010183299389002	8194.0	383.0	98.0	11.0	3.0	878.0	256.0	33.0	10.0	110.0	2.0	7.0	4.0	9.0	2.0
5	3	9	-0.21721351099538244	0.585978985152799	1.0040983606557377	8194.0	98.0	878.0	10.0	7.0	383.0	11.0	3.0	256.0	110.0	4.0	33.0	9.0	2.0	2.0
3	6	7	-0.6355147609349685	0.737453687553334	1.2272727272727273	8101.0	246.0	315.0	22.0	5.0	926.0	27.0	17.0	54.0	252.0	5.0	9.0	7.0	14.0	0.0
3	7	6	-4.067294469983798	0.9999762066388503	0.4576271186440678	8101.0	315.0	246.0	22.0	5.0	926.0	54.0	9.0	27.0	252.0	7.0	17.0	5.0	14.0	0.0
6	3	7	0.7532026796266293	0.2256639970897154	0.8648648648648649	8101.0	246.0	926.0	27.0	17.0	315.0	22.0	5.0	54.0	252.0	5.0	9.0	14.0	7.0	0.0
3	6	8	-0.1535664166287507	0.5610242048689729	1.0303030303030303	8105.0	242.0	317.0	20.0	5.0	937.0	21.0	12.0	55.0	252.0	4.0	9.0	7.0	14.0	0.0
3	8	6	-5.3748245820062825	0.9999999615861411	0.49275362318840576	8105.0	317.0	242.0	20.0	5.0	937.0	55.0	9.0	21.0	252.0	7.0	12.0	4.0	14.0	0.0
6	3	8	0.158083075941361	0.4371956580975396	0.9722222222222222	8105.0	242.0	937.0	21.0	12.0	317.0	20.0	5.0	55.0	252.0	4.0	9.0	14.0	7.0	0.0
3	6	9	0.5004140046461351	0.3083917954618236	0.9895287958115183	8246.0	101.0	331.0	9.0	2.0	953.0	7.0	10.0	196.0	113.0	2.0	18.0	2.0	10.0	0.0
3	9	6	-46.78870943441359	1.0	0.5026595744680851	8246.0	331.0	101.0	9.0	2.0	953.0	196.0	18.0	7.0	113.0	2.0	10.0	2.0	10.0	0.0
6	3	9	-0.4951186183535834	0.6897418027593228	1.0108108108108107	8246.0	101.0	953.0	7.0	10.0	331.0	9.0	2.0	196.0	113.0	2.0	18.0	10.0	2.0	0.0
3	7	8	1.1513472172750863	0.12479476653410315	0.026881720430107524	8339.0	77.0	83.0	188.0	2.0	981.0	7.0	1.0	12.0	270.0	4.0	8.0	3.0	25.0	0.0
3	8	7	-99999.9	1.0	-0.029239766081871343	8339.0	83.0	77.0	188.0	2.0	981.0	12.0	8.0	7.0	270.0	3.0	1.0	4.0	25.0	0.0
7	3	8	-40.527422048083025	1.0	0.4929971988795518	8339.0	77.0	981.0	7.0	1.0	83.0	188.0	2.0	12.0	270.0	4.0	8.0	25.0	3.0	0.0
3	7	9	0.5006982574924259	0.308291747577482	0.9880239520958084	8316.0	100.0	261.0	9.0	3.0	972.0	7.0	10.0	172.0	111.0	3.0	23.0	4.0	9.0	0.0
3	9	7	-40.80690798563273	1.0	0.5030487804878049	8316.0	261.0	100.0	9.0	3.0	972.0	172.0	23.0	7.0	111.0	4.0	10.0	3.0	9.0	0.0
7	3	9	-0.4946291877046389	0.6895690509956203	1.0124223602484472	8316.0	100.0	972.0	7.0	10.0	261.0	9.0	3.0	172.0	111.0	3.0	23.0	9.0	4.0	0.0
3	8	9	0.2580515625052495	0.39818361495654564	0.9936708860759493	8320.0	102.0	257.0	8.0	2.0	984.0	7.0	10.0	164.0	113.0	3.0	19.0	2.0	9.0	0.0
3	9	8	-40.25604375081892	1.0	0.5015974440894568	8320.0	257.0	102.0	8.0	2.0	984.0	164.0	19.0	7.0	113.0	2.0	10.0	3.0	9.0	0.0
8	3	9	-0.2564079219797384	0.601182006609611	1.0064516129032257	8320.0	102.0	984.0	7.0	10.0	257.0	8.0	2.0	164.0	113.0	3.0	19.0	9.0	2.0	0.0
4	5	6	0.16538445002390093	0.43432069245090976	0.9846153846153847	8389.0	308.0	370.0	19.0	5.0	461.0	18.0	11.0	82.0	292.0	12.0	15.0	8.0	9.0	1.0
4	6	5	-10.41922035150575	1.0	0.5039370078740157	8389.0	370.0	308.0	19.0	5.0	461.0	82.0	15.0	18.0	292.0	8.0	11.0	12.0	9.0	1.0
5	4	6	-0.16280031799227745	0.5646621769814638	1.0161290322580645	8389.0	308.0	461.0	18.0	11.0	370.0	19.0	5.0	82.0	292.0	12.0	15.0	9.0	8.0	1.0
4	5	7	-0.1679307452824086	0.5666811202627919	1.0097087378640777	8432.0	265.0	374.0	17.0	3.0	463.0	18.0	9.0	122.0	260.0	4.0	14.0	9.0	8.0	2.0
4	7	5	-17.632728254652935	1.0	0.49760765550239233	8432.0	374.0	265.0	17.0	3.0	463.0	122.0	14.0	18.0	260.0	9.0	9.0	4.0	8.0	2.0
5	4	7	0.16954546398704712	0.4326838073906689	0.9905660377358491	8432.0	265.0	463.0	18.0	9.0	374.0	17.0	3.0	122.0	260.0	4.0	14.0	8.0	9.0	2.0
4	5	8	-0.842286034310968	0.8001861157327048	1.05	8443.0	254.0	377.0	14.0	3.0	465.0	19.0	6.0	124.0	258.0	4.0	14.0	10.0	8.0	1.0
4	8	5	-18.53029275484129	1.0	0.48837209302325585	8443.0	377.0	254.0	14.0	3.0	465.0	124.0	14.0	19.0	258.0	10.0	6.0	4.0	8.0	1.0
5	4	8	0.8823948930876808	0.18878161257513315	0.9565217391304348	8443.0	254.0	465.0	19.0	6.0	377.0	14.0	3.0	124.0	258.0	4.0	14.0	8.0	10.0	1.0
4	5	9	1.415602965954264	0.07844594252418358	0.9772727272727273	8589.0	108.0	380.0	12.0	2.0	483.0	6.0	1.0	264.0	116.0	6.0	28.0	2.0	2.0	1.0
4	9	5	-59.45532457007898	1.0	0.5058823529411764	8589.0	380.0	108.0	12.0	2.0	483.0	264.0	28.0	6.0	116.0	2.0	1.0	6.0	2.0	1.0
5	4	9	-1.3826819667460248	0.9166187402968909	1.024390243902439	8589.0	108.0	483.0	6.0	1.0	380.0	12.0	2.0	264.0	116.0	6.0	28.0	2.0	2.0	1.0
4	6	7	0.36114365262129705	0.3589960936194866	0.9487179487179487	8494.0	265.0	312.0	17.0	3.0	533.0	15.0	10.0	52.0	262.0	4.0	14.0	10.0	9.0	0.0
4	7	6	-6.320013920872695	0.9999999998686524	0.513888888888889	8494.0	312.0	265.0	17.0	3.0	533.0	52.0	14.0	15.0	262.0	10.0	10.0	4.0	9.0	0.0
6	4	7	-0.341622374101227	0.6336823847520852	1.0606060606060606	8494.0	265.0	533.0	15.0	10.0	312.0	17.0	3.0	52.0	262.0	4.0	14.0	9.0	10.0	0.0
4	6	8	0.0	0.49999999949999996	nan	8506.0	253.0	314.0	15.0	3.0	536.0	15.0	7.0	53.0	262.0	3.0	14.0	10.0	9.0	0.0
4	8	6	-6.926284857476648	0.9999999999978263	0.5	8506.0	314.0	253.0	15.0	3.0	536.0	53.0	14.0	15.0	262.0	10.0	7.0	3.0	9.0	0.0
6	4	8	0.0	0.49999999949999996	nan	8506.0	253.0	536.0	15.0	7.0	314.0	15.0	3.0	53.0	262.0	3.0	14.0	9.0	10.0	0.0
4	6	9	1.7246833142474476	0.042292244035002646	0.97	8648.0	111.0	321.0	9.0	2.0	551.0	3.0	4.0	197.0	119.0	2.0	27.0	2.0	4.0	0.0
4	9	6	-54.04007717975338	1.0	0.5078534031413613	8648.0	321.0	111.0	9.0	2.0	551.0	197.0	27.0	3.0	119.0	2.0	4.0	2.0	4.0	0.0
6	4	9	-1.6713425931882484	0.9526730075795926	1.032967032967033	8648.0	111.0	551.0	3.0	4.0	321.0	9.0	2.0	197.0	119.0	2.0	27.0	4.0	2.0	0.0
4	7	8	0.24240756006090175	0.4042322399389159	0.005434782608695652	8730.0	76.0	90.0	191.0	4.0	590.0	8.0	1.0	9.0	276.0	2.0	4.0	3.0	16.0	0.0
4	8	7	-99999.9	1.0	-0.005524861878453039	8730.0	90.0	76.0	191.0	4.0	590.0	9.0	4.0	8.0	276.0	3.0	1.0	2.0	16.0	0.0
7	4	8	-44.118175931084146	1.0	0.4986301369863014	8730.0	76.0	590.0	8.0	1.0	90.0	191.0	4.0	9.0	276.0	2.0	4.0	16.0	3.0	0.0
4	7	9	1.7245463941000512	0.042304589810403526	0.9642857142857143	8696.0	110.0	273.0	9.0	3.0	592.0	3.0	4.0	165.0	118.0	4.0	18.0	3.0	2.0	0.0
4	9	7	-44.838206246601224	1.0	0.509433962264151	8696.0	273.0	110.0	9.0	3.0	592.0	165.0	18.0	3.0	118.0	3.0	4.0	4.0	2.0	0.0
7	4	9	-1.660674305429679	0.9516105802153052	1.04	8696.0	110.0	592.0	3.0	4.0	273.0	9.0	3.0	165.0	118.0	4.0	18.0	2.0	3.0	0.0
4	8	9	1.5026753534232002	0.06646141961816032	0.9696969696969697	8708.0	112.0	261.0	8.0	2.0	596.0	3.0	4.0	163.0	120.0	4.0	16.0	1.0	2.0	0.0
4	9	8	-46.582935956119236	1.0	0.5079365079365079	8708.0	261.0	112.0	8.0	2.0	596.0	163.0	16.0	3.0	120.0	1.0	4.0	4.0	2.0	0.0
8	4	9	-1.4557167486287252	0.9272644892777842	1.0333333333333334	8708.0	112.0	596.0	3.0	4.0	261.0	8.0	2.0	163.0	120.0	4.0	16.0	2.0	1.0	0.0
5	6	7	0.807940681556838	0.20956230717226632	0.9090909090909091	8576.0	274.0	319.0	15.0	3.0	451.0	11.0	5.0	51.0	265.0	4.0	8.0	9.0	8.0	1.0
5	7	6	-7.271466134011542	0.9999999999998208	0.5263157894736842	8576.0	319.0	274.0	15.0	3.0	451.0	51.0	8.0	11.0	265.0	9.0	5.0	4.0	8.0	1.0
6	5	7	-0.7271466134011543	0.7664319961379449	1.125	8576.0	274.0	451.0	11.0	5.0	319.0	15.0	3.0	51.0	265.0	4.0	8.0	8.0	9.0	1.0
5	6	8	1.3667934243544295	0.0858450927729758	0.8823529411764706	8587.0	263.0	321.0	13.0	3.0	455.0	7.0	5.0	52.0	264.0	4.0	8.0	9.0	9.0	0.0
5	8	6	-8.884157258303786	1.0	0.5357142857142857	8587.0	321.0	263.0	13.0	3.0	455.0	52.0	8.0	7.0	264.0	9.0	5.0	4.0	9.0	0.0
6	5	8	-1.1845543011071722	0.8819030799491847	1.1818181818181819	8587.0	263.0	455.0	7.0	5.0	321.0	13.0	3.0	52.0	264.0	4.0	8.0	9.0	9.0	0.0
5	6	9	0.0	0.49999999949999996	nan	8742.0	108.0	330.0	6.0	1.0	457.0	6.0	4.0	195.0	122.0	3.0	20.0	2.0	4.0	0.0
5	9	6	-54.3336797974386	1.0	0.5	8742.0	330.0	108.0	6.0	1.0	457.0	195.0	20.0	6.0	122.0	2.0	4.0	3.0	4.0	0.0
6	5	9	0.0	0.49999999949999996	nan	8742.0	108.0	457.0	6.0	4.0	330.0	6.0	1.0	195.0	122.0	3.0	20.0	4.0	2.0	0.0
5	7	8	1.6551013207477747	0.048951956628967896	0.025380710659898477	8814.0	81.0	94.0	194.0	4.0	506.0	2.0	2.0	7.0	276.0	2.0	2.0	2.0	13.0	1.0
5	8	7	-99999.9	1.0	-0.027472527472527472	8814.0	94.0	81.0	194.0	4.0	506.0	7.0	2.0	2.0	276.0	2.0	2.0	2.0	13.0	1.0
7	5	8	-61.90078939596675	1.0	0.4934036939313984	8814.0	81.0	506.0	2.0	2.0	94.0	194.0	4.0	7.0	276.0	2.0	2.0	13.0	2.0	1.0
5	7	9	0.0	0.49999999949999996	nan	8789.0	106.0	283.0	6.0	3.0	499.0	6.0	5.0	161.0	121.0	3.0	12.0	3.0	2.0	1.0
5	9	7	-44.559367029645415	1.0	0.5	8789.0	283.0	106.0	6.0	3.0	499.0	161.0	12.0	6.0	121.0	3.0	5.0	3.0	2.0	1.0
7	5	9	0.0	0.49999999949999996	nan	8789.0	106.0	499.0	6.0	5.0	283.0	6.0	3.0	161.0	121.0	3.0	12.0	2.0	3.0	1.0
5	8	9	-0.2989611505350988	0.6175150878131689	1.0067567567567568	8800.0	108.0	272.0	5.0	2.0	504.0	6.0	5.0	155.0	122.0	3.0	13.0	2.0	3.0	0.0
5	9	8	-44.844172580264924	1.0	0.4983277591973244	8800.0	272.0	108.0	5.0	2.0	504.0	155.0	13.0	6.0	122.0	2.0	5.0	3.0	3.0	0.0
8	5	9	0.30096760120983096	0.3817196684741364	0.9933774834437086	8800.0	108.0	504.0	6.0	5.0	272.0	5.0	2.0	155.0	122.0	3.0	13.0	3.0	2.0	0.0
6	7	8	1.326475790243688	0.092341140286885	0.015789473684210527	8944.0	83.0	98.0	188.0	4.0	376.0	1.0	1.0	4.0	282.0	2.0	1.0	3.0	13.0	0.0
6	8	7	-99999.9	1.0	-0.016574585635359115	8944.0	98.0	83.0	188.0	4.0	376.0	4.0	1.0	1.0	282.0	3.0	1.0	2.0	13.0	0.0
7	6	8	-81.35718180161308	1.0	0.4959568733153639	8944.0	83.0	376.0	1.0	1.0	98.0	188.0	4.0	4.0	282.0	2.0	1.0	13.0	3.0	0.0
6	7	9	0.0	0.49999999949999996	nan	8914.0	113.0	285.0	2.0	3.0	374.0	2.0	2.0	161.0	125.0	2.0	10.0	5.0	2.0	0.0
6	9	7	-78.52450293364215	1.0	0.5	8914.0	285.0	113.0	2.0	3.0	374.0	161.0	10.0	2.0	125.0	5.0	2.0	2.0	2.0	0.0
7	6	9	0.0	0.49999999949999996	nan	8914.0	113.0	374.0	2.0	2.0	285.0	2.0	3.0	161.0	125.0	2.0	10.0	2.0	5.0	0.0
6	8	9	-0.5649560736099036	0.7139482127757943	1.0064935064935066	8927.0	115.0	272.0	1.0	2.0	377.0	2.0	2.0	157.0	127.0	2.0	11.0	3.0	2.0	0.0
6	9	8	-88.13314748314527	1.0	0.4983922829581994	8927.0	272.0	115.0	1.0	2.0	377.0	157.0	11.0	2.0	127.0	3.0	2.0	2.0	2.0	0.0
8	6	9	0.568600951504161	0.2848134539879883	0.9936305732484076	8927.0	115.0	377.0	2.0	2.0	272.0	1.0	2.0	157.0	127.0	2.0	11.0	2.0	3.0	0.0
7	8	9	-0.5666171241275004	0.7145128655455947	1.0028901734104045	9204.0	116.0	84.0	1.0	0.0	100.0	2.0	1.0	349.0	127.0	7.0	7.0	0.0	2.0	0.0
7	9	8	-197.18275919636835	1.0	0.49928057553956834	9204.0	84.0	116.0	1.0	0.0	100.0	349.0	7.0	2.0	127.0	0.0	1.0	7.0	2.0	0.0
8	7	9	0.5682500265025076	0.284932568046794	0.997134670487106	9204.0	116.0	100.0	2.0	1.0	84.0	1.0	0.0	349.0	127.0	7.0	7.0	2.0	0.0	0.0
