P1	Hybrid	P2	Zscore	Pvalue	Gamma	AAAA	AAAB	AABA	AABB	AABC	ABAA	ABAB	ABAC	ABBA	BAAA	ABBC	CABC	BACA	BCAA	ABCD
1	2	3	-0.803558446864255	0.7891740445425203	1.0722433460076046	35824.0	2217.0	2463.0	250.0	97.0	5448.0	269.0	159.0	551.0	2111.0	96.0	256.0	85.0	170.0	4.0
1	3	2	-12.730057500323191	1.0	0.483704974271012	35824.0	2463.0	2217.0	250.0	97.0	5448.0	551.0	256.0	269.0	2111.0	85.0	159.0	96.0	170.0	4.0
2	1	3	0.857698909596244	0.19552932707155146	0.9406249999999999	35824.0	2217.0	5448.0	269.0	159.0	2463.0	250.0	97.0	551.0	2111.0	96.0	256.0	170.0	85.0	4.0
1	2	4	2.1071335982805968	0.01755293869186303	0.9528301886792453	36204.0	1837.0	2525.0	207.0	78.0	5564.0	167.0	145.0	975.0	1708.0	75.0	304.0	67.0	135.0	9.0
1	4	2	-40.45696508698744	1.0	0.5126903553299492	36204.0	2525.0	1837.0	207.0	78.0	5564.0	975.0	304.0	167.0	1708.0	67.0	145.0	75.0	135.0	9.0
2	1	4	-2.00282005381126	0.9774017657155434	1.054945054945055	36204.0	1837.0	5564.0	167.0	145.0	2525.0	207.0	78.0	975.0	1708.0	75.0	304.0	135.0	67.0	9.0
1	2	5	-0.2965865846638508	0.6166088550015502	1.0037821482602118	36739.0	1302.0	2625.0	139.0	46.0	5651.0	144.0	81.0	1471.0	1215.0	72.0	362.0	49.0	96.0	8.0
1	5	2	-79.01066615444962	1.0	0.4990597969161339	36739.0	2625.0	1302.0	139.0	46.0	5651.0	1471.0	362.0	144.0	1215.0	49.0	81.0	72.0	96.0	8.0
2	1	5	0.29770409251865054	0.38296457784632076	0.9962602842183994	36739.0	1302.0	5651.0	144.0	81.0	2625.0	139.0	46.0	1471.0	1215.0	72.0	362.0	96.0	49.0	8.0
1	2	6	0.0	0.49999999949999996	nan	36858.0	1183.0	2636.0	137.0	37.0	5659.0	137.0	80.0	1569.0	1131.0	58.0	375.0	45.0	90.0	5.0
1	6	2	-86.49450153657064	1.0	0.5	36858.0	2636.0	1183.0	137.0	37.0	5659.0	1569.0	375.0	137.0	1131.0	45.0	80.0	58.0	90.0	5.0
2	1	6	0.0	0.49999999949999996	nan	36858.0	1183.0	5659.0	137.0	80.0	2636.0	137.0	37.0	1569.0	1131.0	58.0	375.0	90.0	45.0	5.0
1	2	7	-0.120278091157066	0.5478686131950739	1.0014094432699083	36813.0	1228.0	2633.0	137.0	40.0	5654.0	139.0	83.0	1560.0	1134.0	64.0	377.0	47.0	84.0	7.0
1	7	2	-85.57786185825321	1.0	0.499648382559775	36813.0	2633.0	1228.0	137.0	40.0	5654.0	1560.0	377.0	139.0	1134.0	47.0	83.0	64.0	84.0	7.0
2	1	7	0.12044737770338139	0.45206433881131036	0.9985964912280701	36813.0	1228.0	5654.0	139.0	83.0	2633.0	137.0	40.0	1560.0	1134.0	64.0	377.0	84.0	47.0	7.0
1	2	8	-0.9499654820567328	0.8289351137838883	1.0114695340501791	36810.0	1231.0	2638.0	132.0	40.0	5650.0	148.0	78.0	1559.0	1134.0	65.0	378.0	46.0	84.0	7.0
1	8	2	-84.72504643093491	1.0	0.49718111346018323	36810.0	2638.0	1231.0	132.0	40.0	5650.0	1559.0	378.0	148.0	1134.0	46.0	78.0	65.0	84.0	7.0
2	1	8	0.9607375924131522	0.16834205667228774	0.988911988911989	36810.0	1231.0	5650.0	148.0	78.0	2638.0	132.0	40.0	1559.0	1134.0	65.0	378.0	84.0	46.0	7.0
1	2	9	1.3279056968313356	0.09210469687589762	0.9919232710752145	37358.0	683.0	2707.0	81.0	22.0	5754.0	65.0	57.0	2030.0	690.0	38.0	435.0	21.0	55.0	4.0
1	9	2	-161.75551269526684	1.0	0.50204394481349	37358.0	2707.0	683.0	81.0	22.0	5754.0	2030.0	435.0	65.0	690.0	21.0	57.0	38.0	55.0	4.0
2	1	9	-1.3170932331421237	0.9060962458849829	1.008277289187791	37358.0	683.0	5754.0	65.0	57.0	2707.0	81.0	22.0	2030.0	690.0	38.0	435.0	55.0	21.0	4.0
1	3	4	2.7939818256182782	0.0026032301151779347	0.9060869565217391	36452.0	1835.0	2277.0	227.0	60.0	5926.0	173.0	156.0	694.0	1713.0	58.0	223.0	56.0	146.0	4.0
1	4	3	-24.162768751180298	1.0	0.5273279352226721	36452.0	2277.0	1835.0	227.0	60.0	5926.0	694.0	223.0	173.0	1713.0	56.0	156.0	58.0	146.0	4.0
3	1	4	-2.504394457895846	0.9938669245453984	1.1307506053268765	36452.0	1835.0	5926.0	173.0	156.0	2277.0	227.0	60.0	694.0	1713.0	58.0	223.0	146.0	56.0	4.0
1	3	5	0.4713784131893562	0.3186852783286227	0.9924528301886792	36980.0	1307.0	2384.0	149.0	31.0	6017.0	141.0	97.0	1193.0	1223.0	49.0	274.0	44.0	103.0	8.0
1	5	3	-61.51488292121099	1.0	0.5019083969465649	36980.0	2384.0	1307.0	149.0	31.0	6017.0	1193.0	274.0	141.0	1223.0	44.0	97.0	49.0	103.0	8.0
3	1	5	-0.4677937864730874	0.6800339518119993	1.0077220077220077	36980.0	1307.0	6017.0	141.0	97.0	2384.0	149.0	31.0	1193.0	1223.0	49.0	274.0	103.0	44.0	8.0
1	3	6	-0.7789227907073017	0.7819874652294502	1.011453744493392	37095.0	1192.0	2399.0	131.0	34.0	6027.0	144.0	84.0	1292.0	1127.0	46.0	284.0	42.0	94.0	9.0
1	6	3	-69.56379692393665	1.0	0.49718492854049373	37095.0	2399.0	1192.0	131.0	34.0	6027.0	1292.0	284.0	144.0	1127.0	42.0	84.0	46.0	94.0	9.0
3	1	6	0.7877433449574714	0.2154233606259055	0.9889267461669506	37095.0	1192.0	6027.0	144.0	84.0	2399.0	131.0	34.0	1292.0	1127.0	46.0	284.0	94.0	42.0	9.0
1	3	7	-0.5326552777163259	0.7028639037153523	1.0079435127978817	37056.0	1231.0	2390.0	137.0	37.0	6016.0	146.0	93.0	1288.0	1131.0	46.0	287.0	43.0	90.0	9.0
1	7	3	-68.12069162794349	1.0	0.4980375054513737	37056.0	2390.0	1231.0	137.0	37.0	6016.0	1288.0	287.0	146.0	1131.0	43.0	93.0	46.0	90.0	9.0
3	1	7	0.5368530863848435	0.2956845287724794	0.9922413793103448	37056.0	1231.0	6016.0	146.0	93.0	2390.0	137.0	37.0	1288.0	1131.0	46.0	287.0	90.0	43.0	9.0
1	3	8	-1.226205294743782	0.8899392180182536	1.0188679245283019	37049.0	1238.0	2399.0	133.0	32.0	6012.0	154.0	89.0	1288.0	1130.0	47.0	287.0	44.0	89.0	9.0
1	8	3	-67.44129121090788	1.0	0.4954128440366972	37049.0	2399.0	1238.0	133.0	32.0	6012.0	1288.0	287.0	154.0	1130.0	44.0	89.0	47.0	89.0	9.0
3	1	8	1.2489128002020002	0.10584855317523023	0.9821428571428571	37049.0	1238.0	6012.0	154.0	89.0	2399.0	133.0	32.0	1288.0	1130.0	47.0	287.0	89.0	44.0	9.0
1	3	9	1.2937361455368641	0.09787835595534444	0.9905660377358491	37612.0	675.0	2453.0	85.0	26.0	6124.0	69.0	62.0	1749.0	688.0	28.0	346.0	19.0	61.0	3.0
1	9	3	-134.54855913583384	1.0	0.5023923444976076	37612.0	2453.0	675.0	85.0	26.0	6124.0	1749.0	346.0	69.0	688.0	19.0	62.0	28.0	61.0	3.0
3	1	9	-1.2814148489127035	0.8999759357575235	1.0097087378640777	37612.0	675.0	6124.0	69.0	62.0	2453.0	85.0	26.0	1749.0	688.0	28.0	346.0	61.0	19.0	3.0
1	4	5	0.2279956866890373	0.40982484053681056	0.9923809523809524	37429.0	1300.0	1935.0	157.0	30.0	6584.0	153.0	106.0	674.0	1228.0	40.0	226.0	27.0	105.0	6.0
1	5	4	-29.468442504558148	1.0	0.5019267822736031	37429.0	1935.0	1300.0	157.0	30.0	6584.0	674.0	226.0	153.0	1228.0	27.0	106.0	40.0	105.0	6.0
4	1	5	-0.22624523995821935	0.5894946142408407	1.0077972709551657	37429.0	1300.0	6584.0	153.0	106.0	1935.0	157.0	30.0	674.0	1228.0	40.0	226.0	105.0	27.0	6.0
1	4	6	-0.11682994916358252	0.5465026401780788	1.0032310177705976	37554.0	1175.0	1940.0	145.0	37.0	6596.0	147.0	100.0	768.0	1145.0	29.0	239.0	21.0	97.0	7.0
1	6	4	-36.392529164456256	1.0	0.4991961414790997	37554.0	1940.0	1175.0	145.0	37.0	6596.0	768.0	239.0	147.0	1145.0	21.0	100.0	29.0	97.0	7.0
4	1	6	0.11720621309003529	0.4533482767434476	0.9968	37554.0	1175.0	6596.0	147.0	100.0	1940.0	145.0	37.0	768.0	1145.0	29.0	239.0	97.0	21.0	7.0
1	4	7	0.2892825443239701	0.38618265146582464	0.9918962722852512	37517.0	1212.0	1929.0	153.0	40.0	6587.0	148.0	108.0	760.0	1151.0	31.0	244.0	21.0	93.0	6.0
1	7	4	-35.11890088092988	1.0	0.502050861361772	37517.0	1929.0	1212.0	153.0	40.0	6587.0	760.0	244.0	148.0	1151.0	21.0	108.0	31.0	93.0	6.0
4	1	7	-0.2869191248441991	0.612912810336206	1.0083056478405317	37517.0	1212.0	6587.0	148.0	108.0	1929.0	153.0	40.0	760.0	1151.0	31.0	244.0	93.0	21.0	6.0
1	4	8	0.11231935594756824	0.4552850488281638	0.9967105263157895	37524.0	1205.0	1924.0	160.0	38.0	6582.0	158.0	103.0	764.0	1147.0	31.0	241.0	23.0	93.0	7.0
1	8	4	-33.92044549616552	1.0	0.5008264462809917	37524.0	1924.0	1205.0	160.0	38.0	6582.0	764.0	241.0	158.0	1147.0	23.0	103.0	31.0	93.0	7.0
4	1	8	-0.11194866500384688	0.5445679939899122	1.0033222591362125	37524.0	1205.0	6582.0	158.0	103.0	1924.0	160.0	38.0	764.0	1147.0	31.0	241.0	93.0	23.0	7.0
1	4	9	0.8984930484979514	0.18446134502062994	0.9905741216795202	38042.0	687.0	2023.0	81.0	18.0	6708.0	70.0	65.0	1226.0	693.0	23.0	285.0	13.0	65.0	1.0
1	9	4	-93.52495823001398	1.0	0.5023902651021295	38042.0	2023.0	687.0	81.0	18.0	6708.0	1226.0	285.0	70.0	693.0	13.0	65.0	23.0	65.0	1.0
4	1	9	-0.8899433741610331	0.813251886747694	1.009700176366843	38042.0	687.0	6708.0	70.0	65.0	2023.0	81.0	18.0	1226.0	693.0	23.0	285.0	65.0	13.0	1.0
1	5	6	-0.5719760498494404	0.7163309367604742	1.108695652173913	38161.0	1203.0	1333.0	132.0	22.0	7239.0	142.0	103.0	244.0	1147.0	17.0	120.0	24.0	108.0	5.0
1	6	5	-6.406131758313729	0.9999999999250233	0.4766355140186916	38161.0	1333.0	1203.0	132.0	22.0	7239.0	244.0	120.0	142.0	1147.0	24.0	103.0	17.0	108.0	5.0
5	1	6	0.6280521331680131	0.26498483739271705	0.9180327868852459	38161.0	1203.0	7239.0	142.0	103.0	1333.0	132.0	22.0	244.0	1147.0	17.0	120.0	108.0	24.0	5.0
1	5	7	-0.34548627634335477	0.6351355210755981	1.0666666666666667	38121.0	1243.0	1325.0	138.0	24.0	7225.0	144.0	115.0	240.0	1151.0	17.0	126.0	25.0	102.0	4.0
1	7	5	-5.873266697837038	0.9999999978565466	0.48484848484848486	38121.0	1325.0	1243.0	138.0	24.0	7225.0	240.0	126.0	144.0	1151.0	25.0	115.0	17.0	102.0	4.0
5	1	7	0.36707916861481443	0.3567800436163635	0.9444444444444444	38121.0	1243.0	7225.0	144.0	115.0	1325.0	138.0	24.0	240.0	1151.0	17.0	126.0	102.0	25.0	4.0
1	5	8	-0.6527693858959864	0.7430475814697841	1.155844155844156	38123.0	1241.0	1325.0	139.0	23.0	7222.0	151.0	111.0	240.0	1152.0	16.0	125.0	25.0	103.0	4.0
1	8	5	-5.494142331291215	0.9999999803211232	0.46842105263157896	38123.0	1325.0	1241.0	139.0	23.0	7222.0	240.0	125.0	151.0	1152.0	25.0	111.0	16.0	103.0	4.0
5	1	8	0.740783235679715	0.22941237208273024	0.8938053097345132	38123.0	1241.0	7222.0	151.0	111.0	1325.0	139.0	23.0	240.0	1152.0	16.0	125.0	103.0	25.0	4.0
1	5	9	1.5607840618731044	0.05928736622275854	0.9693721286370597	38691.0	673.0	1374.0	94.0	19.0	7343.0	74.0	67.0	707.0	685.0	16.0	169.0	17.0	68.0	3.0
1	9	5	-47.83803149641064	1.0	0.5080256821829855	38691.0	1374.0	673.0	94.0	19.0	7343.0	707.0	169.0	74.0	685.0	17.0	67.0	16.0	68.0	3.0
5	1	9	-1.5114701894600522	0.93466562450807	1.033726812816189	38691.0	673.0	7343.0	74.0	67.0	1374.0	94.0	19.0	707.0	685.0	16.0	169.0	68.0	17.0	3.0
1	6	7	-99999.9	1.0	-0.007682458386683739	38950.0	544.0	496.0	848.0	13.0	7478.0	61.0	64.0	55.0	1250.0	8.0	58.0	9.0	165.0	1.0
1	7	6	0.5587293105292849	0.2881732051697711	0.007509386733416771	38950.0	496.0	544.0	848.0	13.0	7478.0	55.0	58.0	61.0	1250.0	9.0	64.0	8.0	165.0	1.0
6	1	7	-73.28666123109126	1.0	0.5018987341772152	38950.0	544.0	7478.0	61.0	64.0	496.0	848.0	13.0	55.0	1250.0	8.0	58.0	165.0	9.0	1.0
1	6	8	-99999.9	1.0	-0.02099737532808399	38950.0	544.0	498.0	847.0	12.0	7478.0	69.0	56.0	53.0	1251.0	9.0	56.0	8.0	168.0	1.0
1	8	6	1.4586046573219642	0.07233701652041935	0.019753086419753086	38950.0	498.0	544.0	847.0	12.0	7478.0	53.0	56.0	69.0	1251.0	8.0	56.0	9.0	168.0	1.0
6	1	8	-70.92465146228056	1.0	0.505089058524173	38950.0	544.0	7478.0	69.0	56.0	498.0	847.0	12.0	53.0	1251.0	9.0	56.0	168.0	8.0	1.0
1	6	9	1.1114354469272278	0.13319052828990197	0.9743119266055046	38808.0	686.0	1257.0	88.0	12.0	7463.0	74.0	66.0	605.0	694.0	14.0	151.0	8.0	72.0	2.0
1	9	6	-41.04372329009831	1.0	0.5066793893129771	38808.0	1257.0	686.0	88.0	12.0	7463.0	605.0	151.0	74.0	694.0	8.0	66.0	14.0	72.0	2.0
6	1	9	-1.082132064145719	0.8604030360236333	1.0278330019880715	38808.0	686.0	7463.0	74.0	66.0	1257.0	88.0	12.0	605.0	694.0	14.0	151.0	72.0	8.0	2.0
1	7	8	-99999.9	1.0	-0.007293354943273906	39307.0	139.0	141.0	1262.0	2.0	7556.0	19.0	16.0	10.0	1306.0	4.0	21.0	3.0	214.0	0.0
1	8	7	1.6706461712951624	0.047395772138132175	0.007137192704203013	39307.0	141.0	139.0	1262.0	2.0	7556.0	10.0	21.0	19.0	1306.0	3.0	16.0	4.0	214.0	0.0
7	1	8	-230.734798991099	1.0	0.501803607214429	39307.0	139.0	7556.0	19.0	16.0	141.0	1262.0	2.0	10.0	1306.0	4.0	21.0	214.0	3.0	0.0
1	7	9	1.7095385478043572	0.04367558689101292	0.9625	38760.0	686.0	1305.0	88.0	12.0	7458.0	67.0	66.0	606.0	697.0	17.0	155.0	12.0	70.0	1.0
1	9	7	-42.16861751250748	1.0	0.5099337748344371	38760.0	1305.0	686.0	88.0	12.0	7458.0	606.0	155.0	67.0	697.0	12.0	66.0	17.0	70.0	1.0
7	1	9	-1.6429331498379538	0.9498016306385814	1.0422535211267605	38760.0	686.0	7458.0	67.0	66.0	1305.0	88.0	12.0	606.0	697.0	17.0	155.0	70.0	12.0	1.0
1	8	9	1.5354083494453554	0.062341796347507805	0.9664310954063604	38760.0	688.0	1305.0	88.0	10.0	7452.0	69.0	66.0	616.0	696.0	16.0	151.0	11.0	71.0	1.0
1	9	8	-42.6681899214288	1.0	0.5088372093023255	38760.0	1305.0	688.0	88.0	10.0	7452.0	616.0	151.0	69.0	696.0	11.0	66.0	16.0	71.0	1.0
8	1	9	-1.4820760667406723	0.9308399371757909	1.037328094302554	38760.0	688.0	7452.0	69.0	66.0	1305.0	88.0	10.0	616.0	696.0	16.0	151.0	71.0	11.0	1.0
2	3	4	0.37861797861463664	0.35248584205764244	0.9877300613496932	39322.0	1950.0	2446.0	130.0	69.0	3056.0	124.0	90.0	607.0	1871.0	53.0	141.0	55.0	85.0	1.0
2	4	3	-30.10012929986363	1.0	0.503125	39322.0	2446.0	1950.0	130.0	69.0	3056.0	607.0	141.0	124.0	1871.0	55.0	90.0	53.0	85.0	1.0
3	2	4	-0.37391464968774674	0.6457660326931742	1.0127388535031847	39322.0	1950.0	3056.0	124.0	90.0	2446.0	130.0	69.0	607.0	1871.0	53.0	141.0	85.0	55.0	1.0
2	3	5	0.7566796165479147	0.2246208475533259	0.9907235621521335	39872.0	1400.0	2518.0	93.0	34.0	3125.0	83.0	62.0	1151.0	1325.0	55.0	182.0	42.0	57.0	1.0
2	5	3	-80.05670343076942	1.0	0.5023518344308561	39872.0	2518.0	1400.0	93.0	34.0	3125.0	1151.0	182.0	83.0	1325.0	42.0	62.0	55.0	57.0	1.0
3	2	5	-0.7495946014116983	0.7732506163178625	1.0095419847328244	39872.0	1400.0	3125.0	83.0	62.0	2518.0	93.0	34.0	1151.0	1325.0	55.0	182.0	57.0	42.0	1.0
2	3	6	-1.491287444034381	0.932056945815239	1.01743679163034	39991.0	1281.0	2526.0	78.0	41.0	3131.0	98.0	41.0	1265.0	1220.0	46.0	184.0	40.0	54.0	4.0
2	6	3	-88.5079098034405	1.0	0.4957519116397621	39991.0	2526.0	1281.0	78.0	41.0	3131.0	1265.0	184.0	98.0	1220.0	40.0	41.0	46.0	54.0	4.0
3	2	6	1.516845069467704	0.064652927321727	0.9834299917149959	39991.0	1281.0	3131.0	98.0	41.0	2526.0	78.0	41.0	1265.0	1220.0	46.0	184.0	54.0	40.0	4.0
2	3	7	-1.2167886281470413	0.8881576095221775	1.0139009556907037	39944.0	1328.0	2523.0	77.0	45.0	3128.0	93.0	49.0	1260.0	1223.0	48.0	182.0	39.0	58.0	3.0
2	7	3	-89.96630919362185	1.0	0.49659574468085105	39944.0	2523.0	1328.0	77.0	45.0	3128.0	1260.0	182.0	93.0	1223.0	39.0	49.0	48.0	58.0	3.0
3	2	7	1.2334712485843615	0.10870006638331975	0.9866555462885738	39944.0	1328.0	3128.0	93.0	49.0	2523.0	77.0	45.0	1260.0	1223.0	48.0	182.0	58.0	39.0	3.0
2	3	8	-1.078678532796007	0.8596344327711815	1.0121212121212122	39930.0	1342.0	2530.0	76.0	39.0	3131.0	90.0	49.0	1259.0	1221.0	51.0	185.0	39.0	55.0	3.0
2	8	3	-91.14833602126272	1.0	0.4970238095238096	39930.0	2530.0	1342.0	76.0	39.0	3131.0	1259.0	185.0	90.0	1221.0	39.0	49.0	51.0	55.0	3.0
3	2	8	1.091596838577995	0.13750521498273405	0.9883040935672515	39930.0	1342.0	3131.0	90.0	49.0	2530.0	76.0	39.0	1259.0	1221.0	51.0	185.0	55.0	39.0	3.0
2	3	9	-0.10360834150702695	0.5412599709478276	1.0005882352941176	40543.0	729.0	2569.0	46.0	30.0	3193.0	47.0	30.0	1748.0	758.0	25.0	231.0	21.0	30.0	0.0
2	9	3	-176.341397244959	1.0	0.4998530708198648	40543.0	2569.0	729.0	46.0	30.0	3193.0	1748.0	231.0	47.0	758.0	21.0	30.0	25.0	30.0	0.0
3	2	9	0.1036692517607054	0.45871585956841976	0.9994128009395185	40543.0	729.0	3193.0	47.0	30.0	2569.0	46.0	30.0	1748.0	758.0	25.0	231.0	30.0	21.0	0.0
2	4	5	0.5900709409993069	0.2775715005791024	0.9865319865319865	40368.0	1400.0	2022.0	97.0	30.0	3645.0	89.0	70.0	675.0	1333.0	42.0	138.0	28.0	60.0	3.0
2	5	4	-42.632625487199924	1.0	0.5034364261168385	40368.0	2022.0	1400.0	97.0	30.0	3645.0	675.0	138.0	89.0	1333.0	28.0	70.0	42.0	60.0	3.0
4	2	5	-0.5820153650129682	0.7197218754312991	1.0140350877192983	40368.0	1400.0	3645.0	89.0	70.0	2022.0	97.0	30.0	675.0	1333.0	42.0	138.0	60.0	28.0	3.0
2	4	6	-0.5619346308440758	0.7129197536953369	1.0119402985074626	40501.0	1267.0	2016.0	96.0	37.0	3649.0	104.0	51.0	782.0	1234.0	34.0	149.0	20.0	57.0	3.0
2	6	4	-48.18589459487951	1.0	0.4970674486803519	40501.0	2016.0	1267.0	96.0	37.0	3649.0	782.0	149.0	104.0	1234.0	20.0	51.0	34.0	57.0	3.0
4	2	6	0.5685651279631799	0.28482561244115967	0.9884726224783862	40501.0	1267.0	3649.0	104.0	51.0	2016.0	96.0	37.0	782.0	1234.0	34.0	149.0	57.0	20.0	3.0
2	4	7	0.2879210197478146	0.38670366489592456	0.9941262848751835	40455.0	1313.0	2012.0	99.0	38.0	3649.0	95.0	60.0	772.0	1240.0	38.0	149.0	20.0	58.0	2.0
2	7	4	-48.44271157256968	1.0	0.5014814814814815	40455.0	2012.0	1313.0	99.0	38.0	3649.0	772.0	149.0	95.0	1240.0	20.0	60.0	38.0	58.0	2.0
4	2	7	-0.28621986158091467	0.6126450674262247	1.0059790732436473	40455.0	1313.0	3649.0	95.0	60.0	2012.0	99.0	38.0	772.0	1240.0	38.0	149.0	58.0	20.0	2.0
2	4	8	1.0033695319875728	0.15784131067047502	0.9798850574712644	40453.0	1315.0	2007.0	106.0	36.0	3653.0	92.0	59.0	774.0	1237.0	39.0	148.0	21.0	57.0	3.0
2	8	4	-47.8750605262642	1.0	0.5051851851851853	40453.0	2007.0	1315.0	106.0	36.0	3653.0	774.0	148.0	92.0	1237.0	21.0	59.0	39.0	57.0	3.0
4	2	8	-0.982772503471699	0.8371402880219134	1.0214067278287462	40453.0	1315.0	3653.0	92.0	59.0	2007.0	106.0	36.0	774.0	1237.0	39.0	148.0	57.0	21.0	3.0
2	4	9	-0.5284876338449765	0.7014195525060478	1.0041356492969395	41022.0	746.0	2090.0	42.0	17.0	3728.0	47.0	29.0	1261.0	765.0	24.0	183.0	14.0	32.0	0.0
2	9	4	-128.84528513140523	1.0	0.4989724619810933	41022.0	2090.0	746.0	42.0	17.0	3728.0	1261.0	183.0	47.0	765.0	14.0	29.0	24.0	32.0	0.0
4	2	9	0.5306642715461501	0.29782570692655796	0.9959150326797386	41022.0	746.0	3728.0	47.0	29.0	2090.0	42.0	17.0	1261.0	765.0	24.0	183.0	32.0	14.0	0.0
2	5	6	-0.8333368698784797	0.7976726675699634	1.1363636363636362	41097.0	1293.0	1420.0	84.0	23.0	4303.0	96.0	59.0	196.0	1236.0	18.0	81.0	26.0	67.0	1.0
2	6	5	-7.777810785532477	0.9999999999999962	0.47169811320754723	41097.0	1420.0	1293.0	84.0	23.0	4303.0	196.0	81.0	96.0	1236.0	26.0	59.0	18.0	67.0	1.0
5	2	6	0.9333372942638972	0.17532290622292546	0.9032258064516129	41097.0	1293.0	4303.0	96.0	59.0	1420.0	84.0	23.0	196.0	1236.0	18.0	81.0	67.0	26.0	1.0
2	5	7	-0.3678009545520394	0.6434891106601388	1.0526315789473684	41047.0	1343.0	1420.0	85.0	22.0	4299.0	90.0	69.0	190.0	1239.0	21.0	81.0	26.0	67.0	1.0
2	7	5	-7.723820045592842	0.9999999999999942	0.4878048780487805	41047.0	1420.0	1343.0	85.0	22.0	4299.0	190.0	81.0	90.0	1239.0	26.0	69.0	21.0	67.0	1.0
5	2	7	0.38619100227964137	0.3496776631597436	0.9545454545454546	41047.0	1343.0	4299.0	90.0	69.0	1420.0	85.0	22.0	190.0	1239.0	21.0	81.0	67.0	26.0	1.0
2	5	8	0.15299192301693706	0.4392023078125227	0.9811320754716981	41042.0	1348.0	1418.0	88.0	21.0	4303.0	86.0	69.0	190.0	1239.0	21.0	82.0	25.0	67.0	1.0
2	8	5	-7.802588073863769	0.9999999999999969	0.5048543689320388	41042.0	1418.0	1348.0	88.0	21.0	4303.0	190.0	82.0	86.0	1239.0	25.0	69.0	21.0	67.0	1.0
5	2	8	-0.15004977065122674	0.5596373429857849	1.02	41042.0	1348.0	4303.0	86.0	69.0	1418.0	88.0	21.0	190.0	1239.0	21.0	82.0	67.0	25.0	1.0
2	5	9	0.47608687023327895	0.31700625676574234	0.9920634920634921	41662.0	728.0	1450.0	58.0	19.0	4372.0	53.0	33.0	678.0	755.0	17.0	122.0	18.0	34.0	1.0
2	9	5	-59.03477190892651	1.0	0.5020080321285141	41662.0	1450.0	728.0	58.0	19.0	4372.0	678.0	122.0	53.0	755.0	18.0	33.0	17.0	34.0	1.0
5	2	9	-0.4722781752714126	0.6816358633391374	1.008130081300813	41662.0	728.0	4372.0	53.0	33.0	1450.0	58.0	19.0	678.0	755.0	17.0	122.0	34.0	18.0	1.0
2	6	7	0.11623981987170405	0.45373119370752946	0.0	41926.0	591.0	541.0	847.0	12.0	4502.0	37.0	41.0	37.0	1310.0	11.0	31.0	8.0	106.0	0.0
2	7	6	0.11623981987170405	0.45373119370752946	0.0	41926.0	541.0	591.0	847.0	12.0	4502.0	37.0	31.0	37.0	1310.0	8.0	41.0	11.0	106.0	0.0
6	2	7	-94.09702977323849	1.0	0.5	41926.0	591.0	4502.0	37.0	41.0	541.0	847.0	12.0	37.0	1310.0	11.0	31.0	106.0	8.0	0.0
2	6	8	0.3615026117020535	0.358861938953402	0.0036719706242350062	41918.0	599.0	542.0	847.0	11.0	4510.0	33.0	37.0	36.0	1310.0	12.0	29.0	7.0	109.0	0.0
2	8	6	-99999.9	1.0	-0.0037128712871287127	41918.0	542.0	599.0	847.0	11.0	4510.0	36.0	29.0	33.0	1310.0	7.0	37.0	12.0	109.0	0.0
6	2	8	-97.72620603012176	1.0	0.4990769230769231	41918.0	599.0	4510.0	33.0	37.0	542.0	847.0	11.0	36.0	1310.0	12.0	29.0	109.0	7.0	0.0
2	6	9	0.0	0.49999999949999996	nan	41782.0	735.0	1330.0	56.0	14.0	4489.0	56.0	35.0	585.0	762.0	11.0	98.0	8.0	36.0	3.0
2	9	6	-49.963501397521085	1.0	0.5	41782.0	1330.0	735.0	56.0	14.0	4489.0	585.0	98.0	56.0	762.0	8.0	35.0	11.0	36.0	3.0
6	2	9	0.0	0.49999999949999996	nan	41782.0	735.0	4489.0	56.0	35.0	1330.0	56.0	14.0	585.0	762.0	11.0	98.0	36.0	8.0	3.0
2	7	8	0.9410119156203105	0.17334936308757742	0.003091190108191654	42309.0	158.0	151.0	1297.0	2.0	4554.0	7.0	9.0	11.0	1340.0	4.0	10.0	3.0	145.0	0.0
2	8	7	-99999.9	1.0	-0.0031201248049921994	42309.0	151.0	158.0	1297.0	2.0	4554.0	11.0	10.0	7.0	1340.0	3.0	9.0	4.0	145.0	0.0
7	2	8	-302.5353308719272	1.0	0.499223602484472	42309.0	158.0	4554.0	7.0	9.0	151.0	1297.0	2.0	11.0	1340.0	4.0	10.0	145.0	3.0	0.0
2	7	9	0.5854295457550398	0.279129421030218	0.9887218045112782	41731.0	736.0	1381.0	56.0	13.0	4487.0	50.0	33.0	576.0	764.0	15.0	109.0	12.0	35.0	2.0
2	9	7	-50.73722729877004	1.0	0.502868068833652	41731.0	1381.0	736.0	56.0	13.0	4487.0	576.0	109.0	50.0	764.0	12.0	33.0	15.0	35.0	2.0
7	2	9	-0.578751642191294	0.718621657375563	1.0116731517509727	41731.0	736.0	4487.0	50.0	33.0	1381.0	56.0	13.0	576.0	764.0	15.0	109.0	35.0	12.0	2.0
2	8	9	0.5854462868614424	0.2791237941169623	0.9886578449905482	41722.0	738.0	1390.0	56.0	11.0	4490.0	50.0	35.0	573.0	764.0	13.0	109.0	12.0	35.0	2.0
2	9	8	-50.4459550512276	1.0	0.5028846153846154	41722.0	1390.0	738.0	56.0	11.0	4490.0	573.0	109.0	50.0	764.0	12.0	35.0	13.0	35.0	2.0
8	2	9	-0.578729885864944	0.7186143162158036	1.0117416829745596	41722.0	738.0	4490.0	50.0	35.0	1390.0	56.0	11.0	573.0	764.0	13.0	109.0	35.0	12.0	2.0
3	4	5	-0.22875261466619312	0.5904693567737818	1.0050420168067227	40948.0	1430.0	2049.0	84.0	31.0	3065.0	87.0	42.0	685.0	1360.0	41.0	101.0	28.0	46.0	3.0
3	5	4	-45.82677380479408	1.0	0.4987489574645538	40948.0	2049.0	1430.0	84.0	31.0	3065.0	685.0	101.0	87.0	1360.0	28.0	42.0	41.0	46.0	3.0
4	3	5	0.22990020303408373	0.4090847040484886	0.9950331125827815	40948.0	1430.0	3065.0	87.0	42.0	2049.0	84.0	31.0	685.0	1360.0	41.0	101.0	46.0	28.0	3.0
3	4	6	1.0448954712534306	0.14803566813395752	0.9823369565217391	41079.0	1299.0	2043.0	85.0	36.0	3071.0	72.0	51.0	795.0	1257.0	34.0	109.0	23.0	45.0	1.0
3	6	4	-57.067368045379695	1.0	0.5045359385903698	41079.0	2043.0	1299.0	85.0	36.0	3071.0	795.0	109.0	72.0	1257.0	23.0	51.0	34.0	45.0	1.0
4	3	6	-1.026107585878196	0.8475795427153543	1.018651362984218	41079.0	1299.0	3071.0	72.0	51.0	2043.0	85.0	36.0	795.0	1257.0	34.0	109.0	45.0	23.0	1.0
3	4	7	1.2306428653448087	0.10922830047809484	0.9780521262002744	41040.0	1338.0	2032.0	94.0	38.0	3064.0	78.0	52.0	791.0	1258.0	37.0	110.0	22.0	45.0	1.0
3	7	4	-53.609879821583235	1.0	0.5056737588652482	41040.0	2032.0	1338.0	94.0	38.0	3064.0	791.0	110.0	78.0	1258.0	22.0	52.0	37.0	45.0	1.0
4	3	7	-1.2030267561645607	0.8855169514550589	1.0234948604992657	41040.0	1338.0	3064.0	78.0	52.0	2032.0	94.0	38.0	791.0	1258.0	37.0	110.0	45.0	22.0	1.0
3	4	8	1.9122108786448324	0.027924508819192395	0.9663526244952894	41035.0	1343.0	2026.0	100.0	38.0	3071.0	75.0	48.0	793.0	1255.0	38.0	110.0	22.0	45.0	1.0
3	8	4	-53.006485556034775	1.0	0.5088589652728561	41035.0	2026.0	1343.0	100.0	38.0	3071.0	793.0	110.0	75.0	1255.0	22.0	48.0	38.0	45.0	1.0
4	3	8	-1.8456297199176446	0.9675270657091768	1.0374251497005988	41035.0	1343.0	3071.0	75.0	48.0	2026.0	100.0	38.0	793.0	1255.0	38.0	110.0	45.0	22.0	1.0
3	4	9	-0.47023579443511604	0.6809067036554153	1.0032258064516129	41623.0	755.0	2113.0	34.0	17.0	3127.0	38.0	29.0	1282.0	781.0	23.0	139.0	15.0	24.0	0.0
3	9	4	-146.71356786375623	1.0	0.49919743178170145	41623.0	2113.0	755.0	34.0	17.0	3127.0	1282.0	139.0	38.0	781.0	15.0	29.0	23.0	24.0	0.0
4	3	9	0.47174780663587196	0.31855341850479824	0.9968051118210862	41623.0	755.0	3127.0	38.0	29.0	2113.0	34.0	17.0	1282.0	781.0	23.0	139.0	24.0	15.0	0.0
3	5	6	0.5947255147369478	0.27601343581347093	0.9496402877697842	41676.0	1321.0	1446.0	76.0	23.0	3724.0	69.0	58.0	201.0	1257.0	17.0	50.0	26.0	54.0	2.0
3	6	5	-10.62009847744549	1.0	0.5136186770428016	41676.0	1446.0	1321.0	76.0	23.0	3724.0	201.0	50.0	69.0	1257.0	26.0	58.0	17.0	54.0	2.0
5	3	6	-0.5631870404705944	0.7133462697762676	1.0593220338983051	41676.0	1321.0	3724.0	69.0	58.0	1446.0	76.0	23.0	201.0	1257.0	17.0	50.0	54.0	26.0	2.0
3	5	7	0.49722210086905333	0.30951621898811466	0.9534883720930233	41628.0	1369.0	1444.0	79.0	22.0	3718.0	73.0	60.0	196.0	1259.0	20.0	51.0	26.0	53.0	2.0
3	7	5	-9.695830966946529	1.0	0.5125000000000001	41628.0	1444.0	1369.0	79.0	22.0	3718.0	196.0	51.0	73.0	1259.0	26.0	60.0	20.0	53.0	2.0
5	3	7	-0.47296736424129465	0.6818817553167624	1.054054054054054	41628.0	1369.0	3718.0	73.0	60.0	1444.0	79.0	22.0	196.0	1259.0	20.0	51.0	53.0	26.0	2.0
3	5	8	1.0991107444191088	0.13585992597790786	0.9084507042253521	41620.0	1377.0	1441.0	82.0	22.0	3725.0	69.0	57.0	198.0	1258.0	19.0	51.0	25.0	54.0	2.0
3	8	5	-9.807449719432048	1.0	0.526530612244898	41620.0	1441.0	1377.0	82.0	22.0	3725.0	198.0	51.0	69.0	1258.0	25.0	57.0	19.0	54.0	2.0
5	3	8	-0.9883476461443149	0.838508785500935	1.1262135922330097	41620.0	1377.0	3725.0	69.0	57.0	1441.0	82.0	22.0	198.0	1258.0	19.0	51.0	54.0	25.0	2.0
3	5	9	0.20871188296085547	0.41733661274828837	0.9968895800933126	42258.0	739.0	1478.0	47.0	20.0	3776.0	45.0	30.0	686.0	772.0	17.0	86.0	17.0	28.0	1.0
3	9	5	-66.68344660599315	1.0	0.5007812500000001	42258.0	1478.0	739.0	47.0	20.0	3776.0	686.0	86.0	45.0	772.0	17.0	30.0	17.0	28.0	1.0
5	3	9	-0.20806067583773266	0.5824091736230645	1.0031397174254317	42258.0	739.0	3776.0	45.0	30.0	1478.0	47.0	20.0	686.0	772.0	17.0	86.0	28.0	17.0	1.0
3	6	7	-99999.9	1.0	-0.009900990099009901	42520.0	602.0	552.0	855.0	13.0	3908.0	39.0	28.0	31.0	1311.0	10.0	26.0	8.0	97.0	0.0
3	7	6	0.9590601999767148	0.16876420328563213	0.009615384615384614	42520.0	552.0	602.0	855.0	13.0	3908.0	31.0	26.0	39.0	1311.0	8.0	28.0	10.0	97.0	0.0
6	3	7	-97.824140397625	1.0	0.5024390243902439	42520.0	602.0	3908.0	39.0	28.0	552.0	855.0	13.0	31.0	1311.0	10.0	26.0	97.0	8.0	0.0
3	6	8	-99999.9	1.0	-0.0036674816625916866	42509.0	613.0	552.0	855.0	13.0	3919.0	34.0	22.0	31.0	1311.0	10.0	24.0	7.0	100.0	0.0
3	8	6	0.3724319355198518	0.35478569944112104	0.0036275695284159614	42509.0	552.0	613.0	855.0	13.0	3919.0	31.0	24.0	34.0	1311.0	7.0	22.0	10.0	100.0	0.0
6	3	8	-101.92220635393296	1.0	0.5009118541033435	42509.0	613.0	3919.0	34.0	22.0	552.0	855.0	13.0	31.0	1311.0	10.0	24.0	100.0	7.0	0.0
3	6	9	-0.30041637021598766	0.6180701424819222	1.0059288537549407	42376.0	746.0	1360.0	48.0	12.0	3895.0	51.0	29.0	560.0	777.0	15.0	93.0	6.0	29.0	3.0
3	9	6	-51.271060516861816	1.0	0.49853085210577863	42376.0	1360.0	746.0	48.0	12.0	3895.0	560.0	93.0	51.0	777.0	6.0	29.0	15.0	29.0	3.0
6	3	9	0.30218699715242764	0.3812548264358826	0.9941747572815534	42376.0	746.0	3895.0	51.0	29.0	1360.0	48.0	12.0	560.0	777.0	15.0	93.0	29.0	6.0	3.0
3	7	8	1.382064538504484	0.08347600077352602	0.003796507213363705	42909.0	163.0	152.0	1316.0	2.0	3954.0	4.0	7.0	9.0	1345.0	4.0	11.0	3.0	121.0	0.0
3	8	7	-99999.9	1.0	-0.003840245775729647	42909.0	152.0	163.0	1316.0	2.0	3954.0	9.0	11.0	4.0	1345.0	3.0	7.0	4.0	121.0	0.0
7	3	8	-361.27167036507115	1.0	0.4990454371897671	42909.0	163.0	3954.0	4.0	7.0	152.0	1316.0	2.0	9.0	1345.0	4.0	11.0	121.0	3.0	0.0
3	7	9	0.20655673357272317	0.41817805617221626	0.9961389961389961	42328.0	744.0	1408.0	48.0	14.0	3890.0	46.0	29.0	562.0	779.0	17.0	96.0	9.0	28.0	2.0
3	9	7	-53.08508052818987	1.0	0.5009708737864078	42328.0	1408.0	744.0	48.0	14.0	3890.0	562.0	96.0	46.0	779.0	9.0	29.0	17.0	28.0	2.0
7	3	9	-0.20575612607825525	0.5815092638693642	1.00390625	42328.0	744.0	3890.0	46.0	29.0	1408.0	48.0	14.0	562.0	779.0	17.0	96.0	28.0	9.0	2.0
3	8	9	0.20655971527303899	0.41817689175561035	0.9961089494163424	42313.0	748.0	1423.0	48.0	10.0	3899.0	46.0	29.0	558.0	778.0	16.0	91.0	10.0	29.0	2.0
3	9	8	-52.67272739462497	1.0	0.5009784735812133	42313.0	1423.0	748.0	48.0	10.0	3899.0	558.0	91.0	46.0	778.0	10.0	29.0	16.0	29.0	2.0
8	3	9	-0.20575284138525365	0.5815079809152008	1.0039370078740157	42313.0	748.0	3899.0	46.0	29.0	1423.0	48.0	10.0	558.0	778.0	16.0	91.0	29.0	10.0	2.0
4	5	6	-0.4139210784132233	0.6605340035843266	1.0458715596330275	42682.0	1331.0	1468.0	67.0	24.0	2718.0	72.0	45.0	186.0	1288.0	16.0	43.0	27.0	32.0	1.0
4	6	5	-9.85132166623471	1.0	0.4892703862660944	42682.0	1468.0	1331.0	67.0	24.0	2718.0	186.0	43.0	72.0	1288.0	27.0	45.0	16.0	32.0	1.0
5	4	6	0.43207551167696123	0.3328433006260001	0.9596774193548387	42682.0	1331.0	2718.0	72.0	45.0	1468.0	67.0	24.0	186.0	1288.0	16.0	43.0	32.0	27.0	1.0
4	5	7	-0.7004898655902447	0.758189352967556	1.096774193548387	42637.0	1376.0	1467.0	70.0	22.0	2709.0	79.0	47.0	181.0	1290.0	19.0	43.0	28.0	31.0	1.0
4	7	5	-8.639375008946349	1.0	0.47887323943661975	42637.0	1467.0	1376.0	70.0	22.0	2709.0	181.0	43.0	79.0	1290.0	28.0	47.0	19.0	31.0	1.0
5	4	7	0.762297794907031	0.22294107828917964	0.925	42637.0	1376.0	2709.0	79.0	47.0	1467.0	70.0	22.0	181.0	1290.0	19.0	43.0	31.0	28.0	1.0
4	5	8	-0.8272117269633645	0.7959415202603657	1.125	42641.0	1372.0	1465.0	72.0	22.0	2704.0	83.0	48.0	182.0	1290.0	18.0	43.0	27.0	32.0	1.0
4	8	5	-8.272117269633647	1.0	0.4736842105263158	42641.0	1465.0	1372.0	72.0	22.0	2704.0	182.0	43.0	83.0	1290.0	27.0	48.0	18.0	32.0	1.0
5	4	8	0.9191241410704051	0.17901529980813968	0.9090909090909091	42641.0	1372.0	2704.0	83.0	48.0	1465.0	72.0	22.0	182.0	1290.0	18.0	43.0	32.0	27.0	1.0
4	5	9	0.6904530374677658	0.2449545983462389	0.9908675799086758	43252.0	761.0	1498.0	41.0	20.0	2782.0	35.0	18.0	686.0	787.0	17.0	66.0	17.0	19.0	1.0
4	9	5	-74.22370152778481	1.0	0.5023148148148148	43252.0	1498.0	761.0	41.0	20.0	2782.0	686.0	66.0	35.0	787.0	17.0	18.0	17.0	19.0	1.0
5	4	9	-0.6840894150026252	0.7530407149492686	1.0093896713615023	43252.0	761.0	2782.0	35.0	18.0	1498.0	41.0	20.0	686.0	787.0	17.0	66.0	19.0	17.0	1.0
4	6	7	-99999.9	1.0	-0.0149812734082397	43543.0	607.0	561.0	848.0	13.0	2885.0	35.0	27.0	23.0	1354.0	10.0	25.0	8.0	61.0	0.0
4	7	6	1.5809500963777912	0.056944729711662534	0.014336917562724013	43543.0	561.0	607.0	848.0	13.0	2885.0	23.0	25.0	35.0	1354.0	8.0	27.0	10.0	61.0	0.0
6	4	7	-107.10936902959536	1.0	0.5036630036630038	43543.0	607.0	2885.0	35.0	27.0	561.0	848.0	13.0	23.0	1354.0	10.0	25.0	61.0	8.0	0.0
4	6	8	-99999.9	1.0	-0.020151133501259445	43546.0	604.0	560.0	849.0	13.0	2882.0	39.0	26.0	23.0	1354.0	10.0	24.0	7.0	63.0	0.0
4	8	6	2.039677659007172	0.020691153230088855	0.019002375296912115	43546.0	560.0	604.0	849.0	13.0	2882.0	23.0	24.0	39.0	1354.0	7.0	26.0	10.0	63.0	0.0
6	4	8	-103.25868148723826	1.0	0.5048899755501223	43546.0	604.0	2882.0	39.0	26.0	560.0	849.0	13.0	23.0	1354.0	10.0	24.0	63.0	7.0	0.0
4	6	9	0.22670680874028015	0.4103259090746252	0.996316758747698	43382.0	768.0	1368.0	40.0	14.0	2889.0	38.0	20.0	579.0	795.0	13.0	66.0	6.0	19.0	3.0
4	9	6	-61.09748495550544	1.0	0.5009259259259259	43382.0	1368.0	768.0	40.0	14.0	2889.0	579.0	66.0	38.0	795.0	6.0	20.0	13.0	19.0	3.0
6	4	9	-0.22586870593532532	0.5893481886410736	1.0037243947858474	43382.0	768.0	2889.0	38.0	20.0	1368.0	40.0	14.0	579.0	795.0	13.0	66.0	19.0	6.0	3.0
4	7	8	-99999.9	1.0	-0.0030911901081916537	43949.0	155.0	157.0	1310.0	1.0	2914.0	12.0	7.0	8.0	1385.0	4.0	7.0	3.0	87.0	1.0
4	8	7	0.8930222687546792	0.18592259190335558	0.0030627871362940273	43949.0	157.0	155.0	1310.0	1.0	2914.0	8.0	7.0	12.0	1385.0	3.0	7.0	4.0	87.0	1.0
7	4	8	-289.7857262108929	1.0	0.5007692307692307	43949.0	155.0	2914.0	12.0	7.0	157.0	1310.0	1.0	8.0	1385.0	4.0	7.0	87.0	3.0	1.0
4	7	9	0.8343614645177667	0.20203861150664992	0.9874776386404294	43335.0	769.0	1415.0	39.0	14.0	2883.0	32.0	18.0	584.0	797.0	16.0	67.0	10.0	19.0	2.0
4	9	7	-64.96099973745476	1.0	0.5031905195989061	43335.0	1415.0	769.0	39.0	14.0	2883.0	584.0	67.0	32.0	797.0	10.0	18.0	16.0	19.0	2.0
7	4	9	-0.8237807937720706	0.7949679929417006	1.013011152416357	43335.0	769.0	2883.0	32.0	18.0	1415.0	39.0	14.0	584.0	797.0	16.0	67.0	19.0	10.0	2.0
4	8	9	0.8343166273984669	0.20205124101459038	0.9876106194690265	43334.0	772.0	1416.0	39.0	11.0	2878.0	32.0	19.0	590.0	796.0	14.0	66.0	11.0	20.0	2.0
4	9	8	-65.67263738522223	1.0	0.5031559963931469	43334.0	1416.0	772.0	39.0	11.0	2878.0	590.0	66.0	32.0	796.0	11.0	19.0	14.0	20.0	2.0
8	4	9	-0.823850289778773	0.7949877397879062	1.0128676470588236	43334.0	772.0	2878.0	32.0	19.0	1416.0	39.0	11.0	590.0	796.0	14.0	66.0	20.0	11.0	2.0
5	6	7	-99999.9	1.0	-0.010962241169305725	44768.0	632.0	578.0	858.0	12.0	1660.0	28.0	9.0	19.0	1356.0	12.0	12.0	7.0	49.0	0.0
5	7	6	1.3156962977658628	0.094138065405861	0.01061320754716981	44768.0	578.0	632.0	858.0	12.0	1660.0	19.0	12.0	28.0	1356.0	7.0	9.0	12.0	49.0	0.0
6	5	7	-121.33643634951855	1.0	0.5026962252846016	44768.0	632.0	1660.0	28.0	9.0	578.0	858.0	12.0	19.0	1356.0	12.0	12.0	49.0	7.0	0.0
5	6	8	-99999.9	1.0	-0.01343101343101343	44768.0	632.0	577.0	859.0	12.0	1660.0	29.0	8.0	18.0	1358.0	11.0	12.0	7.0	49.0	0.0
5	8	6	1.6083198970975319	0.05388256462617691	0.012910798122065727	44768.0	577.0	632.0	859.0	12.0	1660.0	18.0	12.0	29.0	1358.0	7.0	8.0	11.0	49.0	0.0
6	5	8	-121.35504678099565	1.0	0.5032914422501497	44768.0	632.0	1660.0	29.0	8.0	577.0	859.0	12.0	18.0	1358.0	11.0	12.0	49.0	7.0	0.0
5	6	9	-0.7222571384027748	0.7649318696073484	1.0113851992409868	44631.0	769.0	1403.0	31.0	14.0	1640.0	37.0	20.0	570.0	804.0	13.0	40.0	6.0	19.0	3.0
5	9	6	-64.88276626651593	1.0	0.49720149253731344	44631.0	1403.0	769.0	31.0	14.0	1640.0	570.0	40.0	37.0	804.0	6.0	20.0	13.0	19.0	3.0
6	5	9	0.7303876127562768	0.23257657479216032	0.9889908256880734	44631.0	769.0	1640.0	37.0	20.0	1403.0	31.0	14.0	570.0	804.0	13.0	40.0	19.0	6.0	3.0
5	7	8	-99999.9	1.0	-0.0015060240963855422	45182.0	164.0	163.0	1337.0	2.0	1681.0	7.0	3.0	5.0	1383.0	3.0	4.0	4.0	62.0	0.0
5	8	7	0.5752482074535945	0.2825616835654715	0.0014992503748125939	45182.0	163.0	164.0	1337.0	2.0	1681.0	5.0	4.0	7.0	1383.0	4.0	3.0	3.0	62.0	0.0
7	5	8	-382.54005795663346	1.0	0.5003756574004508	45182.0	164.0	1681.0	7.0	3.0	163.0	1337.0	2.0	5.0	1383.0	3.0	4.0	62.0	4.0	0.0
5	7	9	-0.12382110275385877	0.5492715783543674	1.0018552875695732	44580.0	766.0	1454.0	32.0	16.0	1638.0	33.0	20.0	573.0	804.0	14.0	39.0	10.0	19.0	2.0
5	9	7	-66.98721658983774	1.0	0.49953746530989823	44580.0	1454.0	766.0	32.0	16.0	1638.0	573.0	39.0	33.0	804.0	10.0	20.0	14.0	19.0	2.0
7	5	9	0.12405040109229183	0.4506376448847589	0.9981549815498155	44580.0	766.0	1638.0	33.0	20.0	1454.0	32.0	16.0	573.0	804.0	14.0	39.0	19.0	10.0	2.0
5	8	9	-0.12576864647715044	0.5500425075927786	1.0018450184501846	44574.0	771.0	1460.0	31.0	12.0	1638.0	32.0	20.0	575.0	805.0	14.0	37.0	10.0	19.0	2.0
5	9	8	-68.41814368357001	1.0	0.49954001839926404	44574.0	1460.0	771.0	31.0	12.0	1638.0	575.0	37.0	32.0	805.0	10.0	20.0	14.0	19.0	2.0
8	5	9	0.12600026461062586	0.44986581958367666	0.998165137614679	44574.0	771.0	1638.0	32.0	20.0	1460.0	31.0	12.0	575.0	805.0	14.0	37.0	19.0	10.0	2.0
6	7	8	-99999.9	1.0	-0.00202020202020202	46261.0	167.0	167.0	501.0	1.0	602.0	5.0	2.0	4.0	2256.0	3.0	1.0	5.0	25.0	0.0
6	8	7	0.3317566816842929	0.3700365662187102	0.0020080321285140565	46261.0	167.0	167.0	501.0	1.0	602.0	4.0	1.0	5.0	2256.0	5.0	2.0	3.0	25.0	0.0
7	6	8	-164.5513141154084	1.0	0.500503524672709	46261.0	167.0	602.0	5.0	2.0	167.0	501.0	1.0	4.0	2256.0	3.0	1.0	25.0	5.0	0.0
6	7	9	1.0895268344519558	0.13796085518339418	0.996415770609319	45623.0	805.0	648.0	13.0	8.0	595.0	8.0	6.0	1398.0	839.0	26.0	20.0	7.0	3.0	1.0
6	9	7	-301.79893314319156	1.0	0.5009009009009009	45623.0	648.0	805.0	13.0	8.0	595.0	1398.0	20.0	8.0	839.0	7.0	6.0	26.0	3.0	1.0
7	6	9	-1.0856076731769486	0.8611736582119961	1.0036231884057971	45623.0	805.0	595.0	8.0	6.0	648.0	13.0	8.0	1398.0	839.0	26.0	20.0	3.0	7.0	1.0
6	8	9	1.14504595768873	0.1260951157056388	0.9964234620886981	45618.0	810.0	653.0	12.0	4.0	594.0	7.0	6.0	1400.0	840.0	26.0	19.0	7.0	3.0	1.0
6	9	8	-317.8647578543886	1.0	0.5008989572096368	45618.0	653.0	810.0	12.0	4.0	594.0	1400.0	19.0	7.0	840.0	7.0	6.0	26.0	3.0	1.0
8	6	9	-1.1409359578406009	0.8730516580594616	1.0036153289949385	45618.0	810.0	594.0	7.0	6.0	653.0	12.0	4.0	1400.0	840.0	26.0	19.0	3.0	7.0	1.0
7	8	9	0.0	0.49999999949999996	nan	46045.0	818.0	173.0	1.0	0.0	167.0	1.0	4.0	1894.0	852.0	36.0	5.0	2.0	2.0	0.0
7	9	8	-1306.2941038349634	1.0	0.5	46045.0	173.0	818.0	1.0	0.0	167.0	1894.0	5.0	1.0	852.0	2.0	4.0	36.0	2.0	0.0
8	7	9	0.0	0.49999999949999996	nan	46045.0	818.0	167.0	1.0	4.0	173.0	1.0	0.0	1894.0	852.0	36.0	5.0	2.0	2.0	0.0
