P1	Hybrid	P2	Zscore	Pvalue	Gamma	AAAA	AAAB	AABA	AABB	AABC	ABAA	ABAB	ABAC	ABBA	BAAA	ABBC	CABC	BACA	BCAA	ABCD
1	2	3	-0.923243285239502	0.8220598022276485	1.2444444444444445	7081.0	421.0	526.0	50.0	24.0	1144.0	61.0	35.0	117.0	422.0	19.0	51.0	18.0	29.0	2.0
1	3	2	-5.623390919186061	0.9999999906122814	0.45528455284552843	7081.0	526.0	421.0	50.0	24.0	1144.0	117.0	51.0	61.0	422.0	18.0	35.0	19.0	29.0	2.0
2	1	3	1.1045946448401183	0.1346676818438417	0.8589743589743589	7081.0	421.0	1144.0	61.0	35.0	526.0	50.0	24.0	117.0	422.0	19.0	51.0	29.0	18.0	2.0
1	2	4	-0.2190344584875274	0.5866883591410086	1.0148148148148148	7157.0	345.0	545.0	40.0	15.0	1172.0	42.0	26.0	179.0	367.0	12.0	59.0	15.0	25.0	1.0
1	4	2	-15.22289486488318	1.0	0.4963768115942029	7157.0	545.0	345.0	40.0	15.0	1172.0	179.0	59.0	42.0	367.0	15.0	26.0	12.0	25.0	1.0
2	1	4	0.22223204182311176	0.4120666661293846	0.9858156028368794	7157.0	345.0	1172.0	42.0	26.0	545.0	40.0	15.0	179.0	367.0	12.0	59.0	25.0	15.0	1.0
1	2	5	0.7682056193205342	0.2211824520302279	0.978021978021978	7247.0	255.0	553.0	34.0	13.0	1199.0	28.0	13.0	295.0	243.0	20.0	72.0	8.0	18.0	2.0
1	5	2	-33.416944440443245	1.0	0.5056818181818181	7247.0	553.0	255.0	34.0	13.0	1199.0	295.0	72.0	28.0	243.0	8.0	13.0	20.0	18.0	2.0
2	1	5	-0.7509425716953537	0.7736564587119875	1.0235294117647058	7247.0	255.0	1199.0	28.0	13.0	553.0	34.0	13.0	295.0	243.0	20.0	72.0	18.0	8.0	2.0
1	2	6	0.5191315839039116	0.30183448077142017	0.9859649122807017	7263.0	239.0	560.0	32.0	8.0	1189.0	28.0	23.0	309.0	231.0	18.0	77.0	8.0	15.0	0.0
1	6	2	-35.94986218534589	1.0	0.5035842293906809	7263.0	560.0	239.0	32.0	8.0	1189.0	309.0	77.0	28.0	231.0	8.0	23.0	18.0	15.0	0.0
2	1	6	-0.511741810467557	0.6955841476423015	1.0146520146520146	7263.0	239.0	1189.0	28.0	23.0	560.0	32.0	8.0	309.0	231.0	18.0	77.0	15.0	8.0	0.0
1	2	7	-0.13446167691472768	0.5534812742236342	1.0036764705882353	7267.0	235.0	562.0	27.0	11.0	1191.0	28.0	21.0	301.0	238.0	19.0	75.0	9.0	16.0	0.0
1	7	2	-36.84249947463526	1.0	0.4990859232175503	7267.0	562.0	235.0	27.0	11.0	1191.0	301.0	75.0	28.0	238.0	9.0	21.0	19.0	16.0	0.0
2	1	7	0.13495421052979995	0.4463240084534831	0.9963636363636363	7267.0	235.0	1191.0	28.0	21.0	562.0	27.0	11.0	301.0	238.0	19.0	75.0	16.0	9.0	0.0
1	2	8	-0.2659738823410647	0.6048702770523229	1.007380073800738	7270.0	232.0	562.0	27.0	11.0	1191.0	29.0	20.0	302.0	238.0	18.0	75.0	9.0	16.0	0.0
1	8	2	-36.571408821896405	1.0	0.4981751824817518	7270.0	562.0	232.0	27.0	11.0	1191.0	302.0	75.0	29.0	238.0	9.0	20.0	18.0	16.0	0.0
2	1	8	0.267922408951622	0.3943795838818035	0.9927797833935018	7270.0	232.0	1191.0	29.0	20.0	562.0	27.0	11.0	302.0	238.0	18.0	75.0	16.0	9.0	0.0
1	2	9	0.17402531760921572	0.43092278643859117	0.9974226804123711	7360.0	142.0	577.0	17.0	6.0	1210.0	16.0	14.0	403.0	143.0	12.0	87.0	7.0	6.0	0.0
1	9	2	-67.1737725971573	1.0	0.500646830530401	7360.0	577.0	142.0	17.0	6.0	1210.0	403.0	87.0	16.0	143.0	7.0	14.0	12.0	6.0	0.0
2	1	9	-0.17357563978593607	0.5689005075576449	1.0025974025974025	7360.0	142.0	1210.0	16.0	14.0	577.0	17.0	6.0	403.0	143.0	12.0	87.0	6.0	7.0	0.0
1	3	4	0.22315113973716208	0.4117089796941713	0.9772727272727273	7255.0	352.0	447.0	42.0	6.0	1242.0	40.0	30.0	126.0	370.0	5.0	42.0	14.0	29.0	0.0
1	4	3	-9.372347868960826	1.0	0.5058823529411764	7255.0	447.0	352.0	42.0	6.0	1242.0	126.0	42.0	40.0	370.0	14.0	30.0	5.0	29.0	0.0
3	1	4	-0.21796157834792576	0.5862704386940524	1.024390243902439	7255.0	352.0	1242.0	40.0	30.0	447.0	42.0	6.0	126.0	370.0	5.0	42.0	29.0	14.0	0.0
1	3	5	-0.510546856230565	0.6951658087558565	1.0188679245283019	7342.0	265.0	458.0	28.0	9.0	1267.0	32.0	13.0	248.0	236.0	17.0	51.0	11.0	21.0	2.0
1	5	3	-28.08007709268112	1.0	0.4954128440366972	7342.0	458.0	265.0	28.0	9.0	1267.0	248.0	51.0	32.0	236.0	11.0	13.0	17.0	21.0	2.0
3	1	5	0.5200014276422421	0.30153127798482204	0.9821428571428571	7342.0	265.0	1267.0	32.0	13.0	458.0	28.0	9.0	248.0	236.0	17.0	51.0	21.0	11.0	2.0
1	3	6	-0.9086824443733434	0.8182411391323197	1.0316742081447965	7361.0	246.0	462.0	25.0	8.0	1259.0	32.0	21.0	260.0	225.0	16.0	56.0	10.0	18.0	1.0
1	6	3	-30.505767775390854	1.0	0.4924406047516198	7361.0	462.0	246.0	25.0	8.0	1259.0	260.0	56.0	32.0	225.0	10.0	21.0	16.0	18.0	1.0
3	1	6	0.9365805895953321	0.17448715503815682	0.9710743801652892	7361.0	246.0	1259.0	32.0	21.0	462.0	25.0	8.0	260.0	225.0	16.0	56.0	18.0	10.0	1.0
1	3	7	-1.382032025546473	0.9165190080451486	1.0528846153846154	7367.0	240.0	462.0	24.0	9.0	1256.0	35.0	21.0	254.0	230.0	17.0	57.0	10.0	18.0	0.0
1	7	3	-28.89703326142625	1.0	0.48775055679287305	7367.0	462.0	240.0	24.0	9.0	1256.0	254.0	57.0	35.0	230.0	10.0	21.0	17.0	18.0	0.0
3	1	7	1.4514491592497205	0.07332745756688763	0.9543568464730291	7367.0	240.0	1256.0	35.0	21.0	462.0	24.0	9.0	254.0	230.0	17.0	57.0	18.0	10.0	0.0
1	3	8	-1.593785743930714	0.9445079826671336	1.0631067961165048	7370.0	237.0	462.0	24.0	9.0	1255.0	37.0	20.0	256.0	229.0	16.0	57.0	10.0	18.0	0.0
1	8	3	-28.442945583994298	1.0	0.4855875831485587	7370.0	462.0	237.0	24.0	9.0	1255.0	256.0	57.0	37.0	229.0	10.0	20.0	16.0	18.0	0.0
3	1	8	1.6883940301001172	0.04566778156089546	0.9469387755102041	7370.0	237.0	1255.0	37.0	20.0	462.0	24.0	9.0	256.0	229.0	16.0	57.0	18.0	10.0	0.0
1	3	9	0.3166928083522931	0.3757384220430804	0.9939759036144579	7467.0	140.0	470.0	21.0	4.0	1281.0	19.0	12.0	349.0	140.0	12.0	70.0	7.0	8.0	0.0
1	9	3	-51.93762056977606	1.0	0.5015197568389058	7467.0	470.0	140.0	21.0	4.0	1281.0	349.0	70.0	19.0	140.0	7.0	12.0	12.0	8.0	0.0
3	1	9	-0.3147734579986428	0.6235330983039729	1.0061349693251533	7467.0	140.0	1281.0	19.0	12.0	470.0	21.0	4.0	349.0	140.0	12.0	70.0	8.0	7.0	0.0
1	4	5	0.3646084712013257	0.3577019068683869	0.9777777777777777	7445.0	257.0	355.0	36.0	9.0	1362.0	33.0	15.0	165.0	244.0	15.0	39.0	2.0	22.0	1.0
1	5	4	-15.678164261657017	1.0	0.5057471264367817	7445.0	355.0	257.0	36.0	9.0	1362.0	165.0	39.0	33.0	244.0	2.0	15.0	15.0	22.0	1.0
4	1	5	-0.3563219150376592	0.6392001866667935	1.0238095238095237	7445.0	257.0	1362.0	33.0	15.0	355.0	36.0	9.0	165.0	244.0	15.0	39.0	22.0	2.0	1.0
1	4	6	0.2514125680981976	0.4007476314967615	0.9863945578231292	7463.0	239.0	360.0	33.0	7.0	1355.0	31.0	24.0	176.0	234.0	14.0	44.0	2.0	18.0	0.0
1	6	4	-17.975998619021173	1.0	0.5034722222222222	7463.0	360.0	239.0	33.0	7.0	1355.0	176.0	44.0	31.0	234.0	2.0	24.0	14.0	18.0	0.0
4	1	6	-0.2479448085382225	0.5979113909641585	1.0141843971631206	7463.0	239.0	1355.0	31.0	24.0	360.0	33.0	7.0	176.0	234.0	14.0	44.0	18.0	2.0	0.0
1	4	7	0.0	0.49999999949999996	nan	7470.0	232.0	359.0	34.0	7.0	1352.0	34.0	24.0	171.0	239.0	14.0	44.0	2.0	18.0	0.0
1	7	4	-16.601487823210302	1.0	0.5	7470.0	359.0	232.0	34.0	7.0	1352.0	171.0	44.0	34.0	239.0	2.0	24.0	14.0	18.0	0.0
4	1	7	0.0	0.49999999949999996	nan	7470.0	232.0	1352.0	34.0	24.0	359.0	34.0	7.0	171.0	239.0	14.0	44.0	18.0	2.0	0.0
1	4	8	-0.7187514393247273	0.7638530279435936	1.0461538461538462	7470.0	232.0	362.0	30.0	8.0	1352.0	36.0	22.0	172.0	238.0	14.0	44.0	2.0	18.0	0.0
1	8	4	-17.01045073068522	1.0	0.48920863309352514	7470.0	362.0	232.0	30.0	8.0	1352.0	172.0	44.0	36.0	238.0	2.0	22.0	14.0	18.0	0.0
4	1	8	0.750461061647877	0.22648846560234337	0.9594594594594594	7470.0	232.0	1352.0	36.0	22.0	362.0	30.0	8.0	172.0	238.0	14.0	44.0	18.0	2.0	0.0
1	4	9	-0.15958947314285044	0.5633977727976857	1.00398406374502	7562.0	140.0	375.0	19.0	6.0	1376.0	20.0	14.0	272.0	144.0	8.0	52.0	2.0	10.0	0.0
1	9	4	-40.37613670514109	1.0	0.499009900990099	7562.0	375.0	140.0	19.0	6.0	1376.0	272.0	52.0	20.0	144.0	2.0	14.0	8.0	10.0	0.0
4	1	9	0.1602227647029411	0.43635279051022	0.9960629921259843	7562.0	140.0	1376.0	20.0	14.0	375.0	19.0	6.0	272.0	144.0	8.0	52.0	10.0	2.0	0.0
1	5	6	0.13044623715531892	0.4481066592967041	0.9285714285714286	7556.0	244.0	267.0	32.0	3.0	1510.0	31.0	25.0	44.0	230.0	5.0	21.0	6.0	26.0	0.0
1	6	5	-1.5653548458638373	0.9412501249217528	0.52	7556.0	267.0	244.0	32.0	3.0	1510.0	44.0	21.0	31.0	230.0	6.0	25.0	5.0	26.0	0.0
5	1	6	-0.12041191122029445	0.5479216143702774	1.0909090909090908	7556.0	244.0	1510.0	31.0	25.0	267.0	32.0	3.0	44.0	230.0	5.0	21.0	26.0	6.0	0.0
1	5	7	-0.3184581489730945	0.6249312132644593	-1.9999999999999998	7560.0	240.0	269.0	31.0	2.0	1504.0	37.0	25.0	41.0	233.0	5.0	22.0	5.0	26.0	0.0
1	7	5	-0.5307635816218248	0.702208707688293	0.28571428571428575	7560.0	269.0	240.0	31.0	2.0	1504.0	41.0	22.0	37.0	233.0	5.0	25.0	5.0	26.0	0.0
5	1	7	0.7961453724327351	0.2129737115207191	0.625	7560.0	240.0	1504.0	37.0	25.0	269.0	31.0	2.0	41.0	233.0	5.0	22.0	26.0	5.0	0.0
1	5	8	-0.33087358542975315	0.6296299443902862	-1.3333333333333333	7563.0	237.0	269.0	31.0	2.0	1505.0	38.0	23.0	42.0	232.0	5.0	21.0	6.0	26.0	0.0
1	8	5	-0.5199442056753262	0.6984487802765152	0.26666666666666666	7563.0	269.0	237.0	31.0	2.0	1505.0	42.0	21.0	38.0	232.0	6.0	23.0	5.0	26.0	0.0
5	1	8	0.9099023599318212	0.1814369770713744	0.6111111111111112	7563.0	237.0	1505.0	38.0	23.0	269.0	31.0	2.0	42.0	232.0	5.0	21.0	26.0	6.0	0.0
1	5	9	0.9417504194652689	0.1731602042678465	0.9491525423728814	7662.0	138.0	275.0	24.0	3.0	1534.0	18.0	14.0	130.0	145.0	4.0	36.0	3.0	14.0	0.0
1	9	5	-16.63759074388641	1.0	0.5137614678899083	7662.0	275.0	138.0	24.0	3.0	1534.0	130.0	36.0	18.0	145.0	3.0	14.0	4.0	14.0	0.0
5	1	9	-0.8912995041367724	0.8136157751136198	1.06	7662.0	138.0	1534.0	18.0	14.0	275.0	24.0	3.0	130.0	145.0	4.0	36.0	14.0	3.0	0.0
1	6	7	-99999.9	1.0	-0.05479452054794521	7725.0	98.0	104.0	174.0	1.0	1549.0	20.0	6.0	12.0	255.0	0.0	6.0	0.0	49.0	1.0
1	7	6	1.4284869380643337	0.07657592420066539	0.047058823529411764	7725.0	104.0	98.0	174.0	1.0	1549.0	12.0	6.0	20.0	255.0	0.0	6.0	0.0	49.0	1.0
6	1	7	-27.4983735577384	1.0	0.5126582278481012	7725.0	98.0	1549.0	20.0	6.0	104.0	174.0	1.0	12.0	255.0	0.0	6.0	49.0	0.0	1.0
1	6	8	-99999.9	1.0	-0.06338028169014084	7726.0	97.0	106.0	171.0	2.0	1550.0	20.0	5.0	11.0	256.0	0.0	7.0	0.0	48.0	1.0
1	8	6	1.6314349582668684	0.05139927686328161	0.053254437869822494	7726.0	106.0	97.0	171.0	2.0	1550.0	11.0	7.0	20.0	256.0	0.0	5.0	0.0	48.0	1.0
6	1	8	-27.371853188699664	1.0	0.5144694533762058	7726.0	97.0	1550.0	20.0	5.0	106.0	171.0	2.0	11.0	256.0	0.0	7.0	48.0	0.0	1.0
1	6	9	0.9667086046951755	0.1668448589944459	0.9428571428571428	7682.0	141.0	255.0	23.0	1.0	1544.0	17.0	14.0	116.0	148.0	3.0	40.0	1.0	15.0	0.0
1	9	6	-14.983983372775214	1.0	0.515625	7682.0	255.0	141.0	23.0	1.0	1544.0	116.0	40.0	17.0	148.0	1.0	14.0	3.0	15.0	0.0
6	1	9	-0.9081202044106197	0.8180926677419417	1.0689655172413792	7682.0	141.0	1544.0	17.0	14.0	255.0	23.0	1.0	116.0	148.0	3.0	40.0	15.0	1.0	0.0
1	7	8	-99999.9	1.0	-0.00425531914893617	7802.0	27.0	30.0	241.0	2.0	1562.0	5.0	0.0	4.0	271.0	0.0	2.0	0.0	54.0	0.0
1	8	7	0.3320411381377288	0.3699291658645629	0.004201680672268907	7802.0	30.0	27.0	241.0	2.0	1562.0	4.0	2.0	5.0	271.0	0.0	0.0	0.0	54.0	0.0
7	1	8	-78.36170860050414	1.0	0.5010570824524312	7802.0	27.0	1562.0	5.0	0.0	30.0	241.0	2.0	4.0	271.0	0.0	2.0	54.0	0.0	0.0
1	7	9	0.8344497125182031	0.20201375560688006	0.9553571428571429	7686.0	143.0	251.0	21.0	1.0	1537.0	16.0	14.0	123.0	149.0	3.0	40.0	1.0	15.0	0.0
1	9	7	-17.02277413537134	1.0	0.5119617224880384	7686.0	251.0	143.0	21.0	1.0	1537.0	123.0	40.0	16.0	149.0	1.0	14.0	3.0	15.0	0.0
7	1	9	-0.7954567352977262	0.7868261267755763	1.0515463917525774	7686.0	143.0	1537.0	16.0	14.0	251.0	21.0	1.0	123.0	149.0	3.0	40.0	15.0	1.0	0.0
1	8	9	1.1710791040171076	0.12078355174251687	0.9391304347826086	7690.0	142.0	247.0	22.0	1.0	1539.0	15.0	14.0	123.0	150.0	3.0	38.0	1.0	15.0	0.0
1	9	8	-16.89699850081826	1.0	0.5167464114832536	7690.0	247.0	142.0	22.0	1.0	1539.0	123.0	38.0	15.0	150.0	1.0	14.0	3.0	15.0	0.0
8	1	9	-1.0951758287567392	0.8632801506298744	1.074468085106383	7690.0	142.0	1539.0	15.0	14.0	247.0	22.0	1.0	123.0	150.0	3.0	38.0	15.0	1.0	0.0
2	3	4	0.5368415362310044	0.29568851824548936	0.948051948051948	7847.0	378.0	482.0	31.0	4.0	650.0	27.0	17.0	100.0	393.0	8.0	33.0	12.0	17.0	1.0
2	4	3	-9.260516499984822	1.0	0.5140845070422535	7847.0	482.0	378.0	31.0	4.0	650.0	100.0	33.0	27.0	393.0	12.0	17.0	8.0	17.0	1.0
3	2	4	-0.5074255616430041	0.6940718783936388	1.0615384615384615	7847.0	378.0	650.0	27.0	17.0	482.0	31.0	4.0	100.0	393.0	8.0	33.0	17.0	12.0	1.0
2	3	5	-1.7633005607011276	0.9610751394729087	1.0710382513661203	7958.0	267.0	488.0	18.0	11.0	651.0	31.0	12.0	227.0	255.0	19.0	42.0	9.0	12.0	0.0
2	5	3	-28.34844747588737	1.0	0.4839506172839506	7958.0	488.0	267.0	18.0	11.0	651.0	227.0	42.0	31.0	255.0	9.0	12.0	19.0	12.0	0.0
3	2	5	1.88025416931906	0.03003665905852515	0.9414414414414415	7958.0	267.0	651.0	31.0	12.0	488.0	18.0	11.0	227.0	255.0	19.0	42.0	12.0	9.0	0.0
2	3	6	-1.6060160076299528	0.9458648058137	1.0480769230769231	7956.0	269.0	496.0	13.0	8.0	664.0	23.0	7.0	241.0	244.0	16.0	41.0	11.0	11.0	0.0
2	6	3	-36.61716497396292	1.0	0.4887892376681614	7956.0	496.0	269.0	13.0	8.0	664.0	241.0	41.0	23.0	244.0	11.0	7.0	16.0	11.0	0.0
3	2	6	1.679686466695547	0.04650914324272293	0.957983193277311	7956.0	269.0	664.0	23.0	7.0	496.0	13.0	8.0	241.0	244.0	16.0	41.0	11.0	11.0	0.0
2	3	7	-1.155051357958342	0.8759652444993955	1.0333333333333334	7962.0	263.0	496.0	14.0	7.0	661.0	21.0	12.0	238.0	247.0	16.0	39.0	13.0	11.0	0.0
2	7	3	-36.96164345466694	1.0	0.49206349206349204	7962.0	496.0	263.0	14.0	7.0	661.0	238.0	39.0	21.0	247.0	13.0	12.0	16.0	11.0	0.0
3	2	7	1.1923110791828047	0.11656970979245207	0.9696969696969697	7962.0	263.0	661.0	21.0	12.0	496.0	14.0	7.0	238.0	247.0	16.0	39.0	11.0	13.0	0.0
2	3	8	-1.2965553005331205	0.9026078115490479	1.0380952380952382	7965.0	260.0	496.0	14.0	7.0	660.0	22.0	12.0	240.0	246.0	15.0	39.0	13.0	11.0	0.0
2	8	3	-36.62768724006063	1.0	0.49099099099099097	7965.0	496.0	260.0	14.0	7.0	660.0	240.0	39.0	22.0	246.0	13.0	12.0	15.0	11.0	0.0
3	2	8	1.3441353115618588	0.08945238138613687	0.9658119658119658	7965.0	260.0	660.0	22.0	12.0	496.0	14.0	7.0	240.0	246.0	15.0	39.0	11.0	13.0	0.0
2	3	9	0.19987922427318014	0.42078754432059584	0.9969788519637462	8070.0	155.0	500.0	13.0	4.0	678.0	12.0	4.0	342.0	147.0	12.0	47.0	7.0	9.0	0.0
2	9	3	-65.76026478587633	1.0	0.5007587253414264	8070.0	500.0	155.0	13.0	4.0	678.0	342.0	47.0	12.0	147.0	7.0	4.0	12.0	9.0	0.0
3	2	9	-0.1992735296541705	0.5789755836370132	1.0030487804878048	8070.0	155.0	678.0	12.0	4.0	500.0	13.0	4.0	342.0	147.0	12.0	47.0	9.0	7.0	0.0
2	4	5	-0.2746914586758298	0.6082232893584842	1.016260162601626	8065.0	264.0	381.0	25.0	7.0	742.0	27.0	14.0	152.0	264.0	16.0	26.0	4.0	13.0	0.0
2	5	4	-17.442907625915222	1.0	0.49603174603174605	8065.0	381.0	264.0	25.0	7.0	742.0	152.0	26.0	27.0	264.0	4.0	14.0	16.0	13.0	0.0
4	2	5	0.27908652201464307	0.3900892779534857	0.9844961240310077	8065.0	264.0	742.0	27.0	14.0	381.0	25.0	7.0	152.0	264.0	16.0	26.0	13.0	4.0	0.0
2	4	6	-0.4515717430764094	0.6742112103046464	1.0211267605633803	8067.0	262.0	385.0	20.0	8.0	751.0	23.0	9.0	168.0	252.0	12.0	27.0	3.0	13.0	0.0
2	6	4	-22.277539325102865	1.0	0.4948805460750853	8067.0	385.0	262.0	20.0	8.0	751.0	168.0	27.0	23.0	252.0	3.0	9.0	12.0	13.0	0.0
4	2	6	0.46091460672626616	0.32242995550071707	0.9801324503311258	8067.0	262.0	751.0	23.0	9.0	385.0	20.0	8.0	168.0	252.0	12.0	27.0	13.0	3.0	0.0
2	4	7	0.15282831338232356	0.4392668198465577	0.9930555555555556	8074.0	255.0	384.0	22.0	7.0	748.0	21.0	14.0	164.0	256.0	12.0	26.0	4.0	13.0	0.0
2	7	4	-21.70162050028998	1.0	0.5017543859649122	8074.0	384.0	255.0	22.0	7.0	748.0	164.0	26.0	21.0	256.0	4.0	14.0	12.0	13.0	0.0
4	2	7	-0.15175958391811153	0.5603117355861862	1.0070921985815602	8074.0	255.0	748.0	21.0	14.0	384.0	22.0	7.0	164.0	256.0	12.0	26.0	13.0	4.0	0.0
2	4	8	-0.6062174076820859	0.7278148527629227	1.0287769784172662	8075.0	254.0	386.0	19.0	8.0	747.0	23.0	13.0	166.0	254.0	12.0	26.0	4.0	13.0	0.0
2	8	4	-22.278489732316654	1.0	0.49310344827586206	8075.0	386.0	254.0	19.0	8.0	747.0	166.0	26.0	23.0	254.0	4.0	13.0	12.0	13.0	0.0
4	2	8	0.6231745379668994	0.2665848604202121	0.9735099337748344	8075.0	254.0	747.0	23.0	13.0	386.0	19.0	8.0	166.0	254.0	12.0	26.0	13.0	4.0	0.0
2	4	9	-0.21723804494333476	0.5859885445441023	1.0038910505836576	8173.0	156.0	397.0	10.0	6.0	765.0	11.0	7.0	269.0	154.0	9.0	33.0	1.0	9.0	0.0
2	9	4	-56.26465364032369	1.0	0.4990328820116054	8173.0	397.0	156.0	10.0	6.0	765.0	269.0	33.0	11.0	154.0	1.0	7.0	9.0	9.0	0.0
4	2	9	0.2180800528694717	0.4136834069572166	0.9961538461538462	8173.0	156.0	765.0	11.0	7.0	397.0	10.0	6.0	269.0	154.0	9.0	33.0	9.0	1.0	0.0
2	5	6	-0.28376942403643074	0.611706390244104	1.1176470588235294	8179.0	267.0	273.0	21.0	2.0	887.0	23.0	10.0	42.0	248.0	5.0	17.0	7.0	19.0	0.0
2	6	5	-2.9795789523825205	0.9985567067442227	0.47500000000000003	8179.0	273.0	267.0	21.0	2.0	887.0	42.0	17.0	23.0	248.0	7.0	10.0	5.0	19.0	0.0
5	2	6	0.31363988972447615	0.37689734869423175	0.9130434782608695	8179.0	267.0	887.0	23.0	10.0	273.0	21.0	2.0	42.0	248.0	5.0	17.0	19.0	7.0	0.0
2	5	7	-0.4895374553639717	0.6877693738344343	1.3636363636363635	8185.0	261.0	273.0	22.0	1.0	879.0	26.0	15.0	41.0	249.0	5.0	18.0	6.0	19.0	0.0
2	7	5	-2.325302912978865	0.9899721388012412	0.4411764705882353	8185.0	273.0	261.0	22.0	1.0	879.0	41.0	18.0	26.0	249.0	6.0	15.0	5.0	19.0	0.0
5	2	7	0.6200807767943642	0.26760224908404107	0.8260869565217391	8185.0	261.0	879.0	26.0	15.0	273.0	22.0	1.0	41.0	249.0	5.0	18.0	19.0	6.0	0.0
2	5	8	-0.49469028508448004	0.6895906185020424	1.3333333333333333	8188.0	258.0	273.0	22.0	1.0	880.0	26.0	14.0	42.0	248.0	5.0	17.0	7.0	19.0	0.0
2	8	5	-2.473451425422398	0.993309241080903	0.4444444444444445	8188.0	273.0	258.0	22.0	1.0	880.0	42.0	17.0	26.0	248.0	7.0	14.0	5.0	19.0	0.0
5	2	8	0.6183628563556001	0.268168034156546	0.8333333333333334	8188.0	258.0	880.0	26.0	14.0	273.0	22.0	1.0	42.0	248.0	5.0	17.0	19.0	7.0	0.0
2	5	9	1.1462625742012873	0.12584331761547007	0.9555555555555556	8293.0	153.0	277.0	17.0	2.0	903.0	11.0	6.0	140.0	151.0	4.0	24.0	4.0	15.0	0.0
2	9	5	-23.498382771126373	1.0	0.5119047619047619	8293.0	277.0	153.0	17.0	2.0	903.0	140.0	24.0	11.0	151.0	4.0	6.0	4.0	15.0	0.0
5	2	9	-1.0929480358663437	0.8627916498580397	1.0512820512820513	8293.0	153.0	903.0	11.0	6.0	277.0	17.0	2.0	140.0	151.0	4.0	24.0	15.0	4.0	0.0
2	6	7	-99999.9	1.0	-0.018518518518518517	8349.0	103.0	109.0	179.0	2.0	925.0	14.0	7.0	11.0	267.0	0.0	2.0	0.0	32.0	0.0
2	7	6	0.6028281621327031	0.27331145593785655	0.017543859649122806	8349.0	109.0	103.0	179.0	2.0	925.0	11.0	2.0	14.0	267.0	0.0	7.0	0.0	32.0	0.0
6	2	7	-33.155548917298646	1.0	0.5045045045045045	8349.0	103.0	925.0	14.0	7.0	109.0	179.0	2.0	11.0	267.0	0.0	2.0	32.0	0.0	0.0
2	6	8	-99999.9	1.0	-0.018750000000000003	8350.0	102.0	111.0	176.0	3.0	926.0	13.0	7.0	10.0	268.0	0.0	3.0	0.0	31.0	0.0
2	8	6	0.628314915426032	0.26489877428696884	0.01775147928994083	8350.0	111.0	102.0	176.0	3.0	926.0	10.0	3.0	13.0	268.0	0.0	7.0	0.0	31.0	0.0
6	2	8	-34.13844373814779	1.0	0.5045592705167173	8350.0	102.0	926.0	13.0	7.0	111.0	176.0	3.0	10.0	268.0	0.0	3.0	31.0	0.0	0.0
2	6	9	1.190731441516008	0.11687957895178358	0.9482758620689655	8297.0	155.0	273.0	16.0	1.0	929.0	10.0	7.0	120.0	155.0	3.0	18.0	1.0	15.0	0.0
2	9	6	-20.63934498627747	1.0	0.5140186915887851	8297.0	273.0	155.0	16.0	1.0	929.0	120.0	18.0	10.0	155.0	1.0	7.0	3.0	15.0	0.0
6	2	9	-1.125782453796953	0.8698711424571953	1.0612244897959184	8297.0	155.0	929.0	10.0	7.0	273.0	16.0	1.0	120.0	155.0	3.0	18.0	15.0	1.0	0.0
2	7	8	0.4055701918645537	0.3425292641151958	0.0	8430.0	28.0	31.0	251.0	2.0	934.0	3.0	1.0	3.0	278.0	0.0	2.0	0.0	37.0	0.0
2	8	7	0.4055701918645537	0.3425292641151958	0.0	8430.0	31.0	28.0	251.0	2.0	934.0	3.0	2.0	3.0	278.0	0.0	1.0	0.0	37.0	0.0
7	2	8	-100.41226494218542	1.0	0.5	8430.0	28.0	934.0	3.0	1.0	31.0	251.0	2.0	3.0	278.0	0.0	2.0	37.0	0.0	0.0
2	7	9	0.9733701568208408	0.16518468223937954	0.9576271186440678	8303.0	155.0	267.0	16.0	1.0	920.0	11.0	7.0	124.0	154.0	3.0	23.0	1.0	15.0	0.0
2	9	7	-21.02479538733016	1.0	0.5113122171945701	8303.0	267.0	155.0	16.0	1.0	920.0	124.0	23.0	11.0	154.0	1.0	7.0	3.0	15.0	0.0
7	2	9	-0.9303006808553169	0.823892304889543	1.0485436893203883	8303.0	155.0	920.0	11.0	7.0	267.0	16.0	1.0	124.0	154.0	3.0	23.0	15.0	1.0	0.0
2	8	9	1.3632609114868086	0.08640020931671977	0.9416666666666667	8307.0	154.0	263.0	17.0	1.0	922.0	10.0	7.0	123.0	155.0	3.0	22.0	1.0	15.0	0.0
2	9	8	-20.643665231085954	1.0	0.5159817351598173	8307.0	263.0	154.0	17.0	1.0	922.0	123.0	22.0	10.0	155.0	1.0	7.0	3.0	15.0	0.0
8	2	9	-1.2788111205097497	0.8995181428796633	1.0707070707070707	8307.0	154.0	922.0	10.0	7.0	263.0	17.0	1.0	123.0	155.0	3.0	22.0	15.0	1.0	0.0
3	4	5	1.394463346455652	0.08158892092970071	0.9407894736842105	8221.0	276.0	388.0	26.0	8.0	586.0	17.0	12.0	160.0	265.0	16.0	11.0	3.0	11.0	0.0
3	5	4	-20.762009825006373	1.0	0.516245487364621	8221.0	388.0	276.0	26.0	8.0	586.0	160.0	11.0	17.0	265.0	3.0	12.0	16.0	11.0	0.0
4	3	5	-1.3066999190563453	0.904342609486702	1.072	8221.0	276.0	586.0	17.0	12.0	388.0	26.0	8.0	160.0	265.0	16.0	11.0	11.0	3.0	0.0
3	4	6	1.4282986167127167	0.07660301136388414	0.9534883720930233	8226.0	271.0	394.0	20.0	8.0	592.0	12.0	11.0	176.0	253.0	12.0	10.0	3.0	12.0	0.0
3	6	4	-27.851823025897968	1.0	0.5125000000000001	8226.0	394.0	271.0	20.0	8.0	592.0	176.0	10.0	12.0	253.0	3.0	11.0	12.0	12.0	0.0
4	3	6	-1.3586255134584377	0.9128672950967135	1.054054054054054	8226.0	271.0	592.0	12.0	11.0	394.0	20.0	8.0	176.0	253.0	12.0	10.0	12.0	3.0	0.0
3	4	7	1.5830332736348596	0.05670694513737917	0.9464285714285714	8229.0	268.0	394.0	21.0	7.0	593.0	12.0	10.0	171.0	257.0	13.0	9.0	3.0	13.0	0.0
3	7	4	-26.383887893914316	1.0	0.5145631067961165	8229.0	394.0	268.0	21.0	7.0	593.0	171.0	9.0	12.0	257.0	3.0	10.0	13.0	13.0	0.0
4	3	7	-1.4934276166366602	0.9323373242130952	1.0638297872340425	8229.0	268.0	593.0	12.0	10.0	394.0	21.0	7.0	171.0	257.0	13.0	9.0	13.0	3.0	0.0
3	4	8	1.1055304274441526	0.1344649545337131	0.963855421686747	8229.0	268.0	396.0	18.0	8.0	593.0	12.0	10.0	172.0	256.0	13.0	10.0	3.0	12.0	0.0
3	8	4	-28.37528097106658	1.0	0.5095541401273885	8229.0	396.0	268.0	18.0	8.0	593.0	172.0	10.0	12.0	256.0	3.0	10.0	13.0	12.0	0.0
4	3	8	-1.0640730364149968	0.856352159578807	1.0405405405405406	8229.0	268.0	593.0	12.0	10.0	396.0	18.0	8.0	172.0	256.0	13.0	10.0	12.0	3.0	0.0
3	4	9	-0.8827787508220608	0.8113221237554753	1.0153846153846153	8339.0	158.0	409.0	8.0	5.0	599.0	12.0	4.0	276.0	156.0	9.0	14.0	1.0	9.0	1.0
3	9	4	-59.146176305077944	1.0	0.49624060150375937	8339.0	409.0	158.0	8.0	5.0	599.0	276.0	14.0	12.0	156.0	1.0	4.0	9.0	9.0	1.0
4	3	9	0.8961541864405769	0.18508517944283953	0.9852941176470589	8339.0	158.0	599.0	12.0	4.0	409.0	8.0	5.0	276.0	156.0	9.0	14.0	9.0	1.0	1.0
3	5	6	1.6902465777413238	0.045490368602598696	0.6785714285714286	8330.0	279.0	290.0	19.0	1.0	736.0	10.0	11.0	29.0	251.0	5.0	13.0	7.0	18.0	1.0
3	6	5	-1.878051753045915	0.9698130210027094	0.6551724137931034	8330.0	290.0	279.0	19.0	1.0	736.0	29.0	13.0	10.0	251.0	7.0	11.0	5.0	18.0	1.0
5	3	6	-0.8896034619691178	0.813160609726832	9.999999999999996	8330.0	279.0	736.0	10.0	11.0	290.0	19.0	1.0	29.0	251.0	5.0	13.0	18.0	7.0	1.0
3	5	7	1.1282742638481142	0.12960210621534296	0.7000000000000001	8333.0	276.0	290.0	19.0	1.0	731.0	13.0	13.0	27.0	253.0	5.0	15.0	6.0	18.0	0.0
3	7	5	-1.5043656851308191	0.9337563541882811	0.6363636363636364	8333.0	290.0	276.0	19.0	1.0	731.0	27.0	15.0	13.0	253.0	6.0	13.0	5.0	18.0	0.0
5	3	7	-0.644728150770351	0.7404483760705205	4.000000000000001	8333.0	276.0	731.0	13.0	13.0	290.0	19.0	1.0	27.0	253.0	5.0	15.0	18.0	6.0	0.0
3	5	8	1.3174373795943846	0.093846095750165	0.6956521739130435	8335.0	274.0	290.0	19.0	1.0	733.0	12.0	12.0	28.0	252.0	5.0	14.0	7.0	18.0	0.0
3	8	5	-1.693848059478495	0.9548529482848	0.64	8335.0	290.0	274.0	19.0	1.0	733.0	28.0	14.0	12.0	252.0	7.0	12.0	5.0	18.0	0.0
5	3	8	-0.7410585260218413	0.770671091107309	4.499999999999999	8335.0	274.0	733.0	12.0	12.0	290.0	19.0	1.0	28.0	252.0	5.0	14.0	18.0	7.0	0.0
3	5	9	0.7920847937781151	0.21415555632804906	0.9666666666666667	8455.0	154.0	293.0	15.0	2.0	741.0	11.0	5.0	127.0	154.0	4.0	21.0	4.0	14.0	0.0
3	9	5	-22.17837422578724	1.0	0.5087719298245614	8455.0	293.0	154.0	15.0	2.0	741.0	127.0	21.0	11.0	154.0	4.0	5.0	4.0	14.0	0.0
5	3	9	-0.7647715250271458	0.7777962629507824	1.037037037037037	8455.0	154.0	741.0	11.0	5.0	293.0	15.0	2.0	127.0	154.0	4.0	21.0	14.0	4.0	0.0
3	6	7	-99999.9	1.0	-0.023255813953488372	8511.0	109.0	112.0	185.0	2.0	763.0	9.0	6.0	5.0	263.0	0.0	5.0	0.0	30.0	0.0
3	7	6	1.0702139702097717	0.14226153891198934	0.02173913043478261	8511.0	112.0	109.0	185.0	2.0	763.0	5.0	5.0	9.0	263.0	0.0	6.0	0.0	30.0	0.0
6	3	7	-47.08941468923001	1.0	0.5056179775280899	8511.0	109.0	763.0	9.0	6.0	112.0	185.0	2.0	5.0	263.0	0.0	5.0	30.0	0.0	0.0
3	6	8	-99999.9	1.0	-0.01744186046511628	8511.0	109.0	114.0	182.0	3.0	765.0	7.0	6.0	4.0	264.0	0.0	6.0	0.0	29.0	0.0
3	8	6	0.9038627216689501	0.18303407136829675	0.016574585635359115	8511.0	114.0	109.0	182.0	3.0	765.0	4.0	6.0	7.0	264.0	0.0	6.0	0.0	29.0	0.0
6	3	8	-52.725325430688784	1.0	0.5042492917847026	8511.0	109.0	765.0	7.0	6.0	114.0	182.0	3.0	4.0	264.0	0.0	6.0	29.0	0.0	0.0
3	6	9	0.6311893696224388	0.26395829812479055	0.97	8463.0	157.0	285.0	13.0	1.0	763.0	10.0	5.0	107.0	158.0	3.0	19.0	1.0	15.0	0.0
3	9	6	-19.777266914836407	1.0	0.5078534031413613	8463.0	285.0	157.0	13.0	1.0	763.0	107.0	19.0	10.0	158.0	1.0	5.0	3.0	15.0	0.0
6	3	9	-0.6116680489124664	0.7296213492536002	1.032967032967033	8463.0	157.0	763.0	10.0	5.0	285.0	13.0	1.0	107.0	158.0	3.0	19.0	15.0	1.0	0.0
3	7	8	0.44332135048350596	0.32876668631283246	0.003816793893129771	8594.0	29.0	31.0	263.0	2.0	770.0	2.0	1.0	3.0	269.0	0.0	2.0	0.0	34.0	0.0
3	8	7	-99999.9	1.0	-0.003861003861003861	8594.0	31.0	29.0	263.0	2.0	770.0	3.0	2.0	2.0	269.0	0.0	1.0	0.0	34.0	0.0
7	3	8	-115.2635511257104	1.0	0.4990403071017274	8594.0	29.0	770.0	2.0	1.0	31.0	263.0	2.0	3.0	269.0	0.0	2.0	34.0	0.0	0.0
3	7	9	0.4288502810508837	0.33401612844845885	0.9805825242718447	8465.0	158.0	283.0	12.0	1.0	758.0	10.0	5.0	111.0	158.0	3.0	20.0	1.0	15.0	0.0
3	9	7	-21.228088912018745	1.0	0.505	8465.0	283.0	158.0	12.0	1.0	758.0	111.0	20.0	10.0	158.0	1.0	5.0	3.0	15.0	0.0
7	3	9	-0.42035819627759885	0.6628880588160599	1.0206185567010309	8465.0	158.0	758.0	10.0	5.0	283.0	12.0	1.0	111.0	158.0	3.0	20.0	15.0	1.0	0.0
3	8	9	0.861361909615037	0.1945193310838259	0.9615384615384616	8468.0	157.0	280.0	13.0	1.0	761.0	9.0	5.0	109.0	159.0	3.0	19.0	1.0	15.0	0.0
3	9	8	-20.672685830760884	1.0	0.5102040816326531	8468.0	280.0	157.0	13.0	1.0	761.0	109.0	19.0	9.0	159.0	1.0	5.0	3.0	15.0	0.0
8	3	9	-0.8269074332304355	0.7958552883598676	1.0434782608695652	8468.0	157.0	761.0	9.0	5.0	280.0	13.0	1.0	109.0	159.0	3.0	19.0	15.0	1.0	0.0
4	5	6	0.18982638824582784	0.42472260542896145	0.95	8530.0	277.0	288.0	15.0	2.0	536.0	14.0	9.0	33.0	264.0	5.0	11.0	7.0	9.0	0.0
4	6	5	-3.4168749884248997	0.9996832278418133	0.5135135135135136	8530.0	288.0	277.0	15.0	2.0	536.0	33.0	11.0	14.0	264.0	7.0	9.0	5.0	9.0	0.0
5	4	6	-0.17983552570657377	0.5713591448690017	1.0588235294117647	8530.0	277.0	536.0	14.0	9.0	288.0	15.0	2.0	33.0	264.0	5.0	11.0	9.0	7.0	0.0
4	5	7	-0.5527548045613235	0.7097843682760979	1.5	8533.0	274.0	289.0	15.0	1.0	531.0	19.0	9.0	31.0	266.0	5.0	12.0	6.0	9.0	0.0
4	7	5	-2.211019218245295	0.9864827929876121	0.42857142857142855	8533.0	289.0	274.0	15.0	1.0	531.0	31.0	12.0	19.0	266.0	6.0	9.0	5.0	9.0	0.0
5	4	7	0.7370064060817646	0.23055915796246373	0.8	8533.0	274.0	531.0	19.0	9.0	289.0	15.0	1.0	31.0	266.0	5.0	12.0	9.0	6.0	0.0
4	5	8	0.190067453650931	0.42462815380411034	0.9473684210526315	8533.0	274.0	289.0	15.0	1.0	535.0	14.0	10.0	32.0	265.0	5.0	11.0	7.0	9.0	0.0
4	8	5	-3.231146712065825	0.9993834642744385	0.5142857142857143	8533.0	289.0	274.0	15.0	1.0	535.0	32.0	11.0	14.0	265.0	7.0	10.0	5.0	9.0	0.0
5	4	8	-0.17950815067032372	0.5712306325513561	1.0625	8533.0	274.0	535.0	14.0	10.0	289.0	15.0	1.0	32.0	265.0	5.0	11.0	9.0	7.0	0.0
4	5	9	2.0608087188548967	0.019660580069653877	0.9343065693430657	8648.0	159.0	290.0	14.0	1.0	548.0	5.0	6.0	133.0	164.0	5.0	18.0	4.0	5.0	0.0
4	9	5	-27.248470838192517	1.0	0.5182186234817814	8648.0	290.0	159.0	14.0	1.0	548.0	133.0	18.0	5.0	164.0	4.0	6.0	5.0	5.0	0.0
5	4	9	-1.9159081058104117	0.9723116703240537	1.0818181818181818	8648.0	159.0	548.0	5.0	6.0	290.0	14.0	1.0	133.0	164.0	5.0	18.0	5.0	4.0	0.0
4	6	7	-99999.9	1.0	-0.03726708074534161	8707.0	111.0	115.0	177.0	2.0	567.0	10.0	3.0	4.0	281.0	0.0	3.0	0.0	20.0	0.0
4	7	6	1.6014577372595171	0.05463778590173818	0.03351955307262569	8707.0	115.0	111.0	177.0	2.0	567.0	4.0	3.0	10.0	281.0	0.0	3.0	0.0	20.0	0.0
6	4	7	-44.57390702038986	1.0	0.5088235294117647	8707.0	111.0	567.0	10.0	3.0	115.0	177.0	2.0	4.0	281.0	0.0	3.0	20.0	0.0	0.0
4	6	8	-99999.9	1.0	-0.005952380952380952	8705.0	113.0	117.0	174.0	3.0	571.0	5.0	4.0	4.0	281.0	0.0	3.0	0.0	20.0	0.0
4	8	6	0.3322549672434658	0.3698484384917706	0.005847953216374269	8705.0	117.0	113.0	174.0	3.0	571.0	4.0	3.0	5.0	281.0	0.0	4.0	0.0	20.0	0.0
6	4	8	-56.15108946414556	1.0	0.5014749262536873	8705.0	113.0	571.0	5.0	4.0	117.0	174.0	3.0	4.0	281.0	0.0	3.0	20.0	0.0	0.0
4	6	9	1.9915803276830217	0.0232084926065379	0.9322033898305084	8657.0	161.0	281.0	12.0	1.0	569.0	4.0	7.0	114.0	168.0	3.0	16.0	1.0	6.0	0.0
4	9	6	-25.392649177958514	1.0	0.5188679245283019	8657.0	281.0	161.0	12.0	1.0	569.0	114.0	16.0	4.0	168.0	1.0	7.0	3.0	6.0	0.0
6	4	9	-1.8467381220333474	0.9676075080535506	1.0851063829787233	8657.0	161.0	569.0	4.0	7.0	281.0	12.0	1.0	114.0	168.0	3.0	16.0	6.0	1.0	0.0
4	7	8	1.8689805899484293	0.030812694652312733	0.019011406844106463	8793.0	29.0	29.0	259.0	2.0	571.0	1.0	2.0	6.0	285.0	0.0	1.0	0.0	22.0	0.0
4	8	7	-99999.9	1.0	-0.020161290322580645	8793.0	29.0	29.0	259.0	2.0	571.0	6.0	1.0	1.0	285.0	0.0	2.0	0.0	22.0	0.0
7	4	8	-94.57041785139062	1.0	0.49510763209393344	8793.0	29.0	571.0	1.0	2.0	29.0	259.0	2.0	6.0	285.0	0.0	1.0	22.0	0.0	0.0
4	7	9	1.8036016246091962	0.035646837630237016	0.943089430894309	8660.0	162.0	278.0	11.0	1.0	563.0	4.0	7.0	120.0	168.0	3.0	16.0	1.0	6.0	0.0
4	9	7	-28.084653868914636	1.0	0.5155555555555557	8660.0	278.0	162.0	11.0	1.0	563.0	120.0	16.0	4.0	168.0	1.0	7.0	3.0	6.0	0.0
7	4	9	-1.6947635955379514	0.9549398900047905	1.0686274509803921	8660.0	162.0	563.0	4.0	7.0	278.0	11.0	1.0	120.0	168.0	3.0	16.0	6.0	1.0	0.0
4	8	9	2.295258446987498	0.010859129183709237	0.925	8661.0	161.0	277.0	12.0	1.0	568.0	3.0	7.0	114.0	169.0	3.0	17.0	1.0	6.0	0.0
4	9	8	-26.012929065858316	1.0	0.5211267605633804	8661.0	277.0	161.0	12.0	1.0	568.0	114.0	17.0	3.0	169.0	1.0	7.0	3.0	6.0	0.0
8	4	9	-2.1091564107452685	0.9825345199342685	1.096774193548387	8661.0	161.0	568.0	3.0	7.0	277.0	12.0	1.0	114.0	169.0	3.0	17.0	6.0	1.0	0.0
5	6	7	-99999.9	1.0	-0.011494252873563218	8948.0	118.0	116.0	182.0	2.0	326.0	6.0	0.0	4.0	284.0	0.0	2.0	0.0	12.0	0.0
5	7	6	0.6314308165537129	0.2638793780387646	0.01111111111111111	8948.0	116.0	118.0	182.0	2.0	326.0	4.0	2.0	6.0	284.0	0.0	0.0	0.0	12.0	0.0
6	5	7	-55.56591185672677	1.0	0.5028248587570621	8948.0	118.0	326.0	6.0	0.0	116.0	182.0	2.0	4.0	284.0	0.0	2.0	12.0	0.0	0.0
5	6	8	-99999.9	1.0	-0.005813953488372093	8949.0	117.0	119.0	178.0	3.0	327.0	5.0	0.0	4.0	284.0	0.0	1.0	0.0	13.0	0.0
5	8	6	0.3322375944354508	0.3698549970722108	0.005714285714285714	8949.0	119.0	117.0	178.0	3.0	327.0	4.0	1.0	5.0	284.0	0.0	0.0	0.0	13.0	0.0
6	5	8	-57.47710383733298	1.0	0.5014409221902018	8949.0	117.0	327.0	5.0	0.0	119.0	178.0	3.0	4.0	284.0	0.0	1.0	13.0	0.0	0.0
5	6	9	-0.27474257937078467	0.6082429283206074	1.0098039215686274	8903.0	163.0	293.0	6.0	1.0	323.0	7.0	2.0	110.0	175.0	3.0	8.0	1.0	5.0	0.0
5	9	6	-28.573228254561567	1.0	0.4975845410628019	8903.0	293.0	163.0	6.0	1.0	323.0	110.0	8.0	7.0	175.0	1.0	2.0	3.0	5.0	0.0
6	5	9	0.27740998305399617	0.3907327229113281	0.9904761904761905	8903.0	163.0	323.0	7.0	2.0	293.0	6.0	1.0	110.0	175.0	3.0	8.0	5.0	1.0	0.0
5	7	8	0.9519934768884849	0.17055013602471536	0.0037593984962406017	9033.0	31.0	35.0	265.0	2.0	331.0	0.0	1.0	1.0	289.0	0.0	0.0	0.0	12.0	0.0
5	8	7	-99999.9	1.0	-0.0038022813688212928	9033.0	35.0	31.0	265.0	2.0	331.0	1.0	0.0	0.0	289.0	0.0	1.0	0.0	12.0	0.0
7	5	8	-251.3262778985596	1.0	0.499054820415879	9033.0	31.0	331.0	0.0	1.0	35.0	265.0	2.0	1.0	289.0	0.0	0.0	12.0	0.0	0.0
5	7	9	-0.2984627942080721	0.6173249475349762	1.0096153846153846	8900.0	164.0	296.0	5.0	1.0	323.0	6.0	3.0	111.0	176.0	3.0	7.0	1.0	4.0	0.0
5	9	7	-31.63705618605566	1.0	0.49763033175355453	8900.0	296.0	164.0	5.0	1.0	323.0	111.0	7.0	6.0	176.0	1.0	3.0	3.0	4.0	0.0
7	5	9	0.30130529701005376	0.38159091942584844	0.9906542056074766	8900.0	164.0	323.0	6.0	3.0	296.0	5.0	1.0	111.0	176.0	3.0	7.0	4.0	1.0	0.0
5	8	9	0.0	0.49999999949999996	nan	8905.0	163.0	291.0	6.0	1.0	324.0	6.0	2.0	110.0	176.0	3.0	7.0	1.0	5.0	0.0
5	9	8	-29.897897877955593	1.0	0.5	8905.0	291.0	163.0	6.0	1.0	324.0	110.0	7.0	6.0	176.0	1.0	2.0	3.0	5.0	0.0
8	5	9	0.0	0.49999999949999996	nan	8905.0	163.0	324.0	6.0	2.0	291.0	6.0	1.0	110.0	176.0	3.0	7.0	5.0	1.0	0.0
6	7	8	0.9878725737040018	0.16160753465676425	0.021978021978021976	9243.0	31.0	33.0	90.0	1.0	121.0	1.0	0.0	3.0	474.0	1.0	0.0	0.0	2.0	0.0
6	8	7	-99999.9	1.0	-0.023529411764705882	9243.0	33.0	31.0	90.0	1.0	121.0	3.0	0.0	1.0	474.0	0.0	0.0	1.0	2.0	0.0
7	6	8	-42.972456956124155	1.0	0.4943181818181818	9243.0	31.0	121.0	1.0	0.0	33.0	90.0	1.0	3.0	474.0	1.0	0.0	2.0	0.0	0.0
6	7	9	-0.4417341748372796	0.6706591820042441	1.0034965034965035	9104.0	170.0	122.0	2.0	0.0	119.0	3.0	0.0	290.0	183.0	5.0	2.0	0.0	0.0	0.0
6	9	7	-127.21944235313572	1.0	0.4991304347826087	9104.0	122.0	170.0	2.0	0.0	119.0	290.0	2.0	3.0	183.0	0.0	0.0	5.0	0.0	0.0
7	6	9	0.44327331830361166	0.3287840551533481	0.9965397923875432	9104.0	170.0	119.0	3.0	0.0	122.0	2.0	0.0	290.0	183.0	5.0	2.0	0.0	0.0	0.0
6	8	9	0.4432798596876871	0.32878168971205735	0.9964912280701754	9107.0	169.0	119.0	3.0	0.0	122.0	2.0	0.0	286.0	184.0	5.0	3.0	0.0	0.0	0.0
6	9	8	-125.44820029161579	1.0	0.5008818342151675	9107.0	119.0	169.0	3.0	0.0	122.0	286.0	3.0	2.0	184.0	0.0	0.0	5.0	0.0	0.0
8	6	9	-0.44171901511132194	0.670653696308162	1.00354609929078	9107.0	169.0	122.0	2.0	0.0	119.0	3.0	0.0	286.0	184.0	5.0	3.0	0.0	0.0	0.0
7	8	9	1.3768211503925247	0.08428383390090799	0.9947089947089947	9193.0	171.0	30.0	2.0	0.0	36.0	0.0	0.0	376.0	185.0	5.0	2.0	0.0	0.0	0.0
7	9	8	-257.4655551234058	1.0	0.5013333333333333	9193.0	30.0	171.0	2.0	0.0	36.0	376.0	2.0	0.0	185.0	0.0	0.0	5.0	0.0	0.0
8	7	9	-1.3694976336351177	0.9145780528967358	1.0053763440860215	9193.0	171.0	36.0	0.0	0.0	30.0	2.0	0.0	376.0	185.0	5.0	2.0	0.0	0.0	0.0
