P1	Hybrid	P2	Zscore	Pvalue	Gamma	AAAA	AAAB	AABA	AABB	AABC	ABAA	ABAB	ABAC	ABBA	BAAA	ABBC	CABC	BACA	BCAA	ABCD
1	2	3	-0.5471672912795659	0.707868122967541	1.0598802395209581	21355.0	1263.0	1542.0	152.0	50.0	3311.0	162.0	103.0	339.0	1346.0	68.0	139.0	56.0	110.0	4.0
1	3	2	-10.232028346927862	1.0	0.48626373626373626	21355.0	1542.0	1263.0	152.0	50.0	3311.0	339.0	139.0	162.0	1346.0	56.0	103.0	68.0	110.0	4.0
2	1	3	0.5780806975665471	0.28160477960020613	0.949238578680203	21355.0	1263.0	3311.0	162.0	103.0	1542.0	152.0	50.0	339.0	1346.0	68.0	139.0	110.0	56.0	4.0
1	2	4	-0.3175428951941026	0.6245840827923406	1.011111111111111	21597.0	1021.0	1579.0	120.0	45.0	3382.0	125.0	69.0	580.0	1102.0	71.0	164.0	53.0	85.0	7.0
1	4	2	-29.21394635785747	1.0	0.4972677595628415	21597.0	1579.0	1021.0	120.0	45.0	3382.0	580.0	164.0	125.0	1102.0	53.0	69.0	71.0	85.0	7.0
2	1	4	0.32103237755887293	0.3740929961690316	0.989247311827957	21597.0	1021.0	3382.0	125.0	69.0	1579.0	120.0	45.0	580.0	1102.0	71.0	164.0	85.0	53.0	7.0
1	2	5	-1.6126187748361067	0.9465863257566	1.0269277845777234	21935.0	683.0	1625.0	79.0	40.0	3413.0	101.0	62.0	940.0	763.0	50.0	216.0	37.0	53.0	3.0
1	5	2	-63.11203477881306	1.0	0.4935294117647059	21935.0	1625.0	683.0	79.0	40.0	3413.0	940.0	216.0	101.0	763.0	37.0	62.0	50.0	53.0	3.0
2	1	5	1.6549043684551703	0.048971932171562815	0.9750849377123443	21935.0	683.0	3413.0	101.0	62.0	1625.0	79.0	40.0	940.0	763.0	50.0	216.0	53.0	37.0	3.0
1	2	6	-1.2754373188755685	0.8989226828887855	1.0176017601760177	21936.0	682.0	1637.0	69.0	38.0	3430.0	85.0	61.0	1010.0	694.0	49.0	220.0	32.0	54.0	3.0
1	6	2	-75.01165731636942	1.0	0.49571275455519825	21936.0	1637.0	682.0	69.0	38.0	3430.0	1010.0	220.0	85.0	694.0	32.0	61.0	49.0	54.0	3.0
2	1	6	1.2974989373642272	0.09722985322405098	0.9832810867293625	21936.0	682.0	3430.0	85.0	61.0	1637.0	69.0	38.0	1010.0	694.0	49.0	220.0	54.0	32.0	3.0
1	2	7	-1.60111604389103	0.9453243910699716	1.0236220472440944	21914.0	704.0	1640.0	73.0	31.0	3426.0	94.0	56.0	1004.0	706.0	43.0	222.0	30.0	54.0	3.0
1	7	2	-70.98281127916904	1.0	0.494296577946768	21914.0	1640.0	704.0	73.0	31.0	3426.0	1004.0	222.0	94.0	706.0	30.0	56.0	43.0	54.0	3.0
2	1	7	1.6380648756731309	0.050704068676193925	0.9779411764705882	21914.0	704.0	3426.0	94.0	56.0	1640.0	73.0	31.0	1004.0	706.0	43.0	222.0	54.0	30.0	3.0
1	2	8	-1.7718655431430574	0.9617916070347281	1.0259009009009008	21916.0	702.0	1638.0	70.0	36.0	3419.0	93.0	64.0	1004.0	705.0	44.0	223.0	30.0	53.0	3.0
1	8	2	-71.95314857807018	1.0	0.4937669376693767	21916.0	1638.0	702.0	70.0	36.0	3419.0	1004.0	223.0	93.0	705.0	30.0	64.0	44.0	53.0	3.0
2	1	8	1.8165997994463399	0.03463915182302868	0.9759665621734587	21916.0	702.0	3419.0	93.0	64.0	1638.0	70.0	36.0	1004.0	705.0	44.0	223.0	53.0	30.0	3.0
1	2	9	-2.5664942935575956	0.9948633563285065	1.0222772277227723	22222.0	396.0	1687.0	40.0	17.0	3470.0	67.0	39.0	1306.0	413.0	34.0	257.0	21.0	29.0	2.0
1	9	2	-120.34006576458943	1.0	0.49461077844311374	22222.0	1687.0	396.0	40.0	17.0	3470.0	1306.0	257.0	67.0	413.0	21.0	39.0	34.0	29.0	2.0
2	1	9	2.6224227406327003	0.004365390795151969	0.9791183294663574	22222.0	396.0	3470.0	67.0	39.0	1687.0	40.0	17.0	1306.0	413.0	34.0	257.0	29.0	21.0	2.0
1	3	4	-0.19459468127377144	0.5771448457237196	1.01067615658363	21864.0	1033.0	1312.0	116.0	37.0	3583.0	119.0	87.0	403.0	1119.0	42.0	140.0	42.0	98.0	5.0
1	4	3	-18.61622450852417	1.0	0.4973730297723293	21864.0	1312.0	1033.0	116.0	37.0	3583.0	403.0	140.0	119.0	1119.0	42.0	87.0	42.0	98.0	5.0
3	1	4	0.19665025889286059	0.42205064104374923	0.9896551724137931	21864.0	1033.0	3583.0	119.0	87.0	1312.0	116.0	37.0	403.0	1119.0	42.0	140.0	98.0	42.0	5.0
1	3	5	-0.7557961280057157	0.7751143480180285	1.0154320987654322	22203.0	694.0	1357.0	81.0	27.0	3637.0	91.0	61.0	749.0	779.0	36.0	183.0	31.0	66.0	5.0
1	5	3	-50.4871813507818	1.0	0.49622926093514325	22203.0	1357.0	694.0	81.0	27.0	3637.0	749.0	183.0	91.0	779.0	31.0	61.0	36.0	66.0	5.0
3	1	5	0.7672823913492676	0.2214567518505599	0.9852507374631269	22203.0	694.0	3637.0	91.0	61.0	1357.0	81.0	27.0	749.0	779.0	36.0	183.0	66.0	31.0	5.0
1	3	6	0.08365042582964435	0.46666712116042586	0.9986559139784946	22205.0	692.0	1368.0	72.0	25.0	3659.0	71.0	59.0	814.0	711.0	39.0	187.0	29.0	64.0	5.0
1	6	3	-62.068615965596436	1.0	0.5003367003367003	22205.0	1368.0	692.0	72.0	25.0	3659.0	814.0	187.0	71.0	711.0	29.0	59.0	39.0	64.0	5.0
3	1	6	-0.08353784113808359	0.533288120748374	1.001349527665317	22205.0	692.0	3659.0	71.0	59.0	1368.0	72.0	25.0	814.0	711.0	39.0	187.0	64.0	29.0	5.0
1	3	7	-0.6364448710974566	0.7377568079558805	1.011049723756906	22190.0	707.0	1364.0	74.0	27.0	3650.0	82.0	57.0	814.0	722.0	28.0	188.0	26.0	65.0	6.0
1	7	3	-58.871150576514694	1.0	0.49728260869565216	22190.0	1364.0	707.0	74.0	27.0	3650.0	814.0	188.0	82.0	722.0	26.0	57.0	28.0	65.0	6.0
3	1	7	0.6434005527487949	0.25998205159086796	0.9893048128342246	22190.0	707.0	3650.0	82.0	57.0	1364.0	74.0	27.0	814.0	722.0	28.0	188.0	65.0	26.0	6.0
1	3	8	-0.7223383319470337	0.7649568237576772	1.0125173852573017	22186.0	711.0	1368.0	72.0	25.0	3648.0	81.0	60.0	809.0	722.0	33.0	189.0	25.0	65.0	6.0
1	8	3	-59.15148340499592	1.0	0.4969283276450512	22186.0	1368.0	711.0	72.0	25.0	3648.0	809.0	189.0	81.0	722.0	25.0	60.0	33.0	65.0	6.0
3	1	8	0.7312683387980272	0.2323075635488343	0.9879356568364611	22186.0	711.0	3648.0	81.0	60.0	1368.0	72.0	25.0	809.0	722.0	33.0	189.0	65.0	25.0	6.0
1	3	9	-1.1461312281164078	0.8741295151271232	1.0115273775216138	22509.0	388.0	1400.0	48.0	17.0	3690.0	60.0	39.0	1113.0	427.0	24.0	230.0	14.0	35.0	6.0
1	9	3	-101.71914649533116	1.0	0.4971671388101983	22509.0	1400.0	388.0	48.0	17.0	3690.0	1113.0	230.0	60.0	427.0	14.0	39.0	24.0	35.0	6.0
3	1	9	1.1591925526533469	0.12318891167112866	0.9888579387186629	22509.0	388.0	3690.0	60.0	39.0	1400.0	48.0	17.0	1113.0	427.0	24.0	230.0	35.0	14.0	6.0
1	4	5	-1.026478779507643	0.8476669995094626	1.0385674931129476	22470.0	706.0	1090.0	82.0	14.0	3967.0	96.0	63.0	473.0	778.0	29.0	129.0	27.0	70.0	6.0
1	5	4	-28.668085913392037	1.0	0.4908854166666667	22470.0	1090.0	706.0	82.0	14.0	3967.0	473.0	129.0	96.0	778.0	27.0	63.0	29.0	70.0	6.0
4	1	5	1.0645973548739749	0.14352912199239798	0.9654320987654321	22470.0	706.0	3967.0	96.0	63.0	1090.0	82.0	14.0	473.0	778.0	29.0	129.0	70.0	27.0	6.0
1	4	6	0.0	0.49999999949999996	nan	22471.0	705.0	1102.0	70.0	14.0	3991.0	70.0	65.0	535.0	715.0	30.0	134.0	26.0	68.0	4.0
1	6	4	-39.28564476202865	1.0	0.5	22471.0	1102.0	705.0	70.0	14.0	3991.0	535.0	134.0	70.0	715.0	26.0	65.0	30.0	68.0	4.0
4	1	6	0.0	0.49999999949999996	nan	22471.0	705.0	3991.0	70.0	65.0	1102.0	70.0	14.0	535.0	715.0	30.0	134.0	68.0	26.0	4.0
1	4	7	-0.8225109945316383	0.7946069885898247	1.0226757369614512	22455.0	721.0	1099.0	67.0	20.0	3988.0	77.0	61.0	528.0	728.0	24.0	136.0	25.0	67.0	4.0
1	7	4	-37.91775684790854	1.0	0.4945175438596492	22455.0	1099.0	721.0	67.0	20.0	3988.0	528.0	136.0	77.0	728.0	25.0	61.0	24.0	67.0	4.0
4	1	7	0.8407484888671514	0.2002443756350688	0.9787685774946921	22455.0	721.0	3988.0	77.0	61.0	1099.0	67.0	20.0	528.0	728.0	24.0	136.0	67.0	25.0	4.0
1	4	8	-0.9129116146924529	0.8193555101208136	1.0251141552511416	22451.0	725.0	1103.0	65.0	18.0	3985.0	76.0	65.0	525.0	726.0	29.0	136.0	26.0	66.0	4.0
1	8	4	-38.17630388713896	1.0	0.49394939493949397	22451.0	1103.0	725.0	65.0	18.0	3985.0	525.0	136.0	76.0	726.0	26.0	65.0	29.0	66.0	4.0
4	1	8	0.9352769326470564	0.17482278432474885	0.9766454352441614	22451.0	725.0	3985.0	76.0	65.0	1103.0	65.0	18.0	525.0	726.0	29.0	136.0	66.0	26.0	4.0
1	4	9	-1.1301131309483428	0.8707856691101157	1.0142857142857142	22771.0	405.0	1138.0	41.0	7.0	4029.0	52.0	45.0	833.0	433.0	14.0	171.0	16.0	40.0	5.0
1	9	4	-81.36814542828064	1.0	0.4965034965034965	22771.0	1138.0	405.0	41.0	7.0	4029.0	833.0	171.0	52.0	433.0	16.0	45.0	14.0	40.0	5.0
4	1	9	1.1460302172997279	0.12589138045030235	0.9863013698630136	22771.0	405.0	4029.0	52.0	45.0	1138.0	41.0	7.0	833.0	433.0	14.0	171.0	40.0	16.0	5.0
1	5	6	1.093311938333995	0.1371284738229933	0.8709677419354839	22860.0	700.0	713.0	73.0	16.0	4435.0	61.0	73.0	142.0	738.0	21.0	83.0	12.0	70.0	3.0
1	6	5	-6.28654364542047	0.999999999836992	0.54	22860.0	713.0	700.0	73.0	16.0	4435.0	142.0	83.0	61.0	738.0	12.0	73.0	21.0	70.0	3.0
5	1	6	-0.9313397993215513	0.8241611068199183	1.2105263157894737	22860.0	700.0	4435.0	61.0	73.0	713.0	73.0	16.0	142.0	738.0	21.0	83.0	70.0	12.0	3.0
1	5	7	0.0830549673973066	0.4669038506790688	0.9852941176470589	22844.0	716.0	710.0	74.0	18.0	4429.0	73.0	67.0	140.0	746.0	15.0	83.0	11.0	72.0	2.0
1	7	5	-5.48162784822227	0.999999978877298	0.5037593984962406	22844.0	710.0	716.0	74.0	18.0	4429.0	140.0	83.0	73.0	746.0	11.0	67.0	15.0	72.0	2.0
5	1	7	-0.08181534101824232	0.5326032879258322	1.0153846153846153	22844.0	716.0	4429.0	73.0	67.0	710.0	74.0	18.0	140.0	746.0	15.0	83.0	72.0	11.0	2.0
1	5	8	0.167775891224316	0.43337979324779075	0.971830985915493	22846.0	714.0	708.0	74.0	20.0	4423.0	72.0	74.0	141.0	744.0	16.0	82.0	12.0	72.0	2.0
1	8	5	-5.620492356014585	0.9999999904534586	0.5073529411764706	22846.0	708.0	714.0	74.0	20.0	4423.0	141.0	82.0	72.0	744.0	12.0	74.0	16.0	72.0	2.0
5	1	8	-0.16291282191346626	0.5647064681888938	1.0307692307692307	22846.0	714.0	4423.0	72.0	74.0	708.0	74.0	20.0	141.0	744.0	16.0	82.0	72.0	12.0	2.0
1	5	9	-1.7435400429273482	0.9593803773574872	1.048	23152.0	408.0	757.0	41.0	4.0	4464.0	59.0	46.0	452.0	437.0	12.0	117.0	5.0	46.0	0.0
1	9	5	-39.81083098017447	1.0	0.48880597014925375	23152.0	757.0	408.0	41.0	4.0	4464.0	452.0	117.0	59.0	437.0	5.0	46.0	12.0	46.0	0.0
5	1	9	1.8233968387866162	0.0341215979770535	0.958041958041958	23152.0	408.0	4464.0	59.0	46.0	757.0	41.0	4.0	452.0	437.0	12.0	117.0	46.0	5.0	0.0
1	6	7	-99999.9	1.0	-0.028824833702882486	23278.0	295.0	276.0	504.0	9.0	4593.0	40.0	27.0	27.0	779.0	5.0	32.0	11.0	123.0	1.0
1	7	6	1.5999462861737208	0.05480524955946686	0.02653061224489796	23278.0	276.0	295.0	504.0	9.0	4593.0	27.0	32.0	40.0	779.0	11.0	27.0	5.0	123.0	1.0
6	1	7	-57.10577513727748	1.0	0.5069075451647184	23278.0	295.0	4593.0	40.0	27.0	276.0	504.0	9.0	27.0	779.0	5.0	32.0	123.0	11.0	1.0
1	6	8	-99999.9	1.0	-0.026490066225165563	23282.0	291.0	272.0	505.0	12.0	4586.0	40.0	34.0	28.0	777.0	6.0	32.0	11.0	122.0	2.0
1	8	6	1.465748184894175	0.07135849004725081	0.024539877300613498	23282.0	272.0	291.0	505.0	12.0	4586.0	28.0	32.0	40.0	777.0	11.0	34.0	6.0	122.0	2.0
6	1	8	-56.7977421646493	1.0	0.5063694267515924	23282.0	291.0	4586.0	40.0	34.0	272.0	505.0	12.0	28.0	777.0	6.0	32.0	122.0	11.0	2.0
1	6	9	-1.7595939114025254	0.960761701749465	1.0662020905923344	23171.0	402.0	738.0	44.0	7.0	4555.0	63.0	42.0	369.0	431.0	11.0	109.0	7.0	47.0	4.0
1	9	6	-30.098316905569508	1.0	0.4849445324881141	23171.0	738.0	402.0	44.0	7.0	4555.0	369.0	109.0	63.0	431.0	7.0	42.0	11.0	47.0	4.0
6	1	9	1.8688497425026822	0.030821798282947732	0.9447674418604651	23171.0	402.0	4555.0	63.0	42.0	738.0	44.0	7.0	369.0	431.0	11.0	109.0	47.0	7.0	4.0
1	7	8	0.17943491862564687	0.42879811600087125	0.0014124293785310737	23471.0	83.0	83.0	722.0	3.0	4621.0	15.0	16.0	16.0	812.0	2.0	9.0	1.0	146.0	0.0
1	8	7	-99999.9	1.0	-0.0014184397163120568	23471.0	83.0	83.0	722.0	3.0	4621.0	16.0	9.0	15.0	812.0	1.0	16.0	2.0	146.0	0.0
7	1	8	-126.6810525497069	1.0	0.49964614295824483	23471.0	83.0	4621.0	15.0	16.0	83.0	722.0	3.0	16.0	812.0	2.0	9.0	146.0	1.0	0.0
1	7	9	-1.6161296654185542	0.9469668645169145	1.0555555555555556	23153.0	401.0	756.0	43.0	9.0	4549.0	60.0	43.0	383.0	436.0	11.0	101.0	5.0	48.0	2.0
1	9	7	-32.32259330837107	1.0	0.48717948717948717	23153.0	756.0	401.0	43.0	9.0	4549.0	383.0	101.0	60.0	436.0	5.0	43.0	11.0	48.0	2.0
7	1	9	1.7011891214932149	0.04445371022545519	0.9523809523809523	23153.0	401.0	4549.0	60.0	43.0	756.0	43.0	9.0	383.0	436.0	11.0	101.0	48.0	5.0	2.0
1	8	9	-1.7803722859082223	0.9624925213739591	1.0620915032679739	23151.0	403.0	758.0	43.0	7.0	4539.0	62.0	45.0	387.0	433.0	8.0	107.0	6.0	49.0	2.0
1	9	8	-32.23410875539097	1.0	0.4857997010463378	23151.0	758.0	403.0	43.0	7.0	4539.0	387.0	107.0	62.0	433.0	6.0	45.0	8.0	49.0	2.0
8	1	9	1.884455588776703	0.029751623876735467	0.9476584022038568	23151.0	403.0	4539.0	62.0	45.0	758.0	43.0	7.0	387.0	433.0	8.0	107.0	49.0	6.0	2.0
2	3	4	0.5377580816506246	0.2953720164353366	0.9769736842105263	23576.0	1090.0	1403.0	90.0	35.0	1871.0	83.0	66.0	380.0	1182.0	46.0	72.0	42.0	61.0	3.0
2	4	3	-22.278549096954453	1.0	0.5059625212947189	23576.0	1403.0	1090.0	90.0	35.0	1871.0	380.0	72.0	83.0	1182.0	42.0	66.0	46.0	61.0	3.0
3	2	4	-0.5250836487497681	0.7002374934654185	1.0247349823321554	23576.0	1090.0	1871.0	83.0	66.0	1403.0	90.0	35.0	380.0	1182.0	46.0	72.0	61.0	42.0	3.0
2	3	5	1.5330312551616503	0.06263409707319534	0.9764868603042877	23921.0	745.0	1427.0	71.0	30.0	1919.0	54.0	47.0	760.0	812.0	36.0	102.0	29.0	43.0	4.0
2	5	3	-62.13285498861034	1.0	0.5060931899641578	23921.0	1427.0	745.0	71.0	30.0	1919.0	760.0	102.0	54.0	812.0	29.0	47.0	36.0	43.0	4.0
3	2	5	-1.4961169048248968	0.9326883724969022	1.025297619047619	23921.0	745.0	1919.0	54.0	47.0	1427.0	71.0	30.0	760.0	812.0	36.0	102.0	43.0	29.0	4.0
2	3	6	1.7132338226430375	0.043334732885942806	0.9773299748110831	23929.0	737.0	1437.0	65.0	26.0	1935.0	47.0	38.0	823.0	743.0	42.0	109.0	27.0	39.0	3.0
2	6	3	-72.1461798646346	1.0	0.5058670143415906	23929.0	1437.0	737.0	65.0	26.0	1935.0	823.0	109.0	47.0	743.0	27.0	38.0	42.0	39.0	3.0
3	2	6	-1.6734938628394618	0.9528849652943757	1.0243243243243243	23929.0	737.0	1935.0	47.0	38.0	1437.0	65.0	26.0	823.0	743.0	42.0	109.0	39.0	27.0	3.0
2	3	7	1.1607906088556548	0.1228635902659696	0.9833759590792839	23908.0	758.0	1432.0	70.0	26.0	1932.0	57.0	31.0	826.0	751.0	31.0	108.0	25.0	40.0	5.0
2	7	3	-67.50443848422121	1.0	0.5042622950819672	23908.0	1432.0	758.0	70.0	26.0	1932.0	826.0	108.0	57.0	751.0	25.0	31.0	31.0	40.0	5.0
3	2	7	-1.1411673605915151	0.8730998032216502	1.0174966352624495	23908.0	758.0	1932.0	57.0	31.0	1432.0	70.0	26.0	826.0	751.0	31.0	108.0	40.0	25.0	5.0
2	3	8	1.655703127402506	0.0488909597732623	0.9771573604060914	23901.0	765.0	1434.0	69.0	25.0	1933.0	51.0	36.0	821.0	752.0	35.0	111.0	25.0	38.0	4.0
2	8	3	-69.17159732259364	1.0	0.5059132720105125	23901.0	1434.0	765.0	69.0	25.0	1933.0	821.0	111.0	51.0	752.0	25.0	36.0	35.0	38.0	4.0
3	2	8	-1.61699837896972	0.9470606901546268	1.0245231607629428	23901.0	765.0	1933.0	51.0	36.0	1434.0	69.0	25.0	821.0	752.0	35.0	111.0	38.0	25.0	4.0
2	3	9	1.7612878593104446	0.03909480250292796	0.9867256637168141	24229.0	437.0	1463.0	44.0	21.0	1970.0	29.0	21.0	1144.0	441.0	23.0	136.0	12.0	25.0	5.0
2	9	3	-129.16110968276624	1.0	0.5033860045146727	24229.0	1463.0	437.0	44.0	21.0	1970.0	1144.0	136.0	29.0	441.0	12.0	21.0	23.0	25.0	5.0
3	2	9	-1.7375934038040264	0.9588587974992518	1.0138248847926268	24229.0	437.0	1970.0	29.0	21.0	1463.0	44.0	21.0	1144.0	441.0	23.0	136.0	25.0	12.0	5.0
2	4	5	1.1671895165932147	0.1215669817194438	0.9696969696969697	24221.0	758.0	1127.0	70.0	18.0	2216.0	57.0	50.0	473.0	808.0	26.0	92.0	30.0	52.0	2.0
2	5	4	-36.182875014389666	1.0	0.5079365079365079	24221.0	1127.0	758.0	70.0	18.0	2216.0	473.0	92.0	57.0	808.0	30.0	50.0	26.0	52.0	2.0
4	2	5	-1.1307148441996768	0.8709123819532832	1.0333333333333334	24221.0	758.0	2216.0	57.0	50.0	1127.0	70.0	18.0	473.0	808.0	26.0	92.0	52.0	30.0	2.0
2	4	6	1.1442514082960313	0.126259749780255	0.9758551307847082	24230.0	749.0	1136.0	62.0	17.0	2232.0	50.0	41.0	535.0	742.0	30.0	100.0	25.0	49.0	2.0
2	6	4	-45.10257634366858	1.0	0.5062630480167014	24230.0	1136.0	749.0	62.0	17.0	2232.0	535.0	100.0	50.0	742.0	25.0	41.0	30.0	49.0	2.0
4	2	6	-1.1159400332454081	0.8677760493066611	1.0260303687635575	24230.0	749.0	2232.0	50.0	41.0	1136.0	62.0	17.0	535.0	742.0	30.0	100.0	49.0	25.0	2.0
2	4	7	0.6510183670207447	0.25751725278158144	0.9855670103092784	24211.0	768.0	1129.0	62.0	24.0	2232.0	55.0	36.0	533.0	753.0	21.0	101.0	25.0	47.0	3.0
2	7	4	-43.80423583811016	1.0	0.5036880927291886	24211.0	1129.0	768.0	62.0	24.0	2232.0	533.0	101.0	55.0	753.0	25.0	36.0	21.0	47.0	3.0
4	2	7	-0.6414846252442903	0.7393961269679845	1.0150862068965518	24211.0	768.0	2232.0	55.0	36.0	1129.0	62.0	24.0	533.0	753.0	21.0	101.0	47.0	25.0	3.0
2	4	8	0.6683259506855806	0.25196271023944583	0.98559670781893	24202.0	777.0	1133.0	59.0	23.0	2234.0	52.0	37.0	531.0	751.0	25.0	100.0	25.0	47.0	4.0
2	8	4	-45.06426410337062	1.0	0.5036803364879076	24202.0	1133.0	777.0	59.0	23.0	2234.0	531.0	100.0	52.0	751.0	25.0	37.0	25.0	47.0	4.0
4	2	8	-0.6585591831390273	0.7449106236206366	1.0150537634408603	24202.0	777.0	2234.0	52.0	37.0	1133.0	59.0	23.0	531.0	751.0	25.0	100.0	47.0	25.0	4.0
2	4	9	2.294244025888313	0.010888213122373092	0.9787985865724381	24524.0	455.0	1168.0	40.0	7.0	2276.0	22.0	25.0	853.0	441.0	13.0	121.0	19.0	33.0	3.0
2	9	4	-103.62335516928876	1.0	0.5054744525547444	24524.0	1168.0	455.0	40.0	7.0	2276.0	853.0	121.0	22.0	441.0	19.0	25.0	13.0	33.0	3.0
4	2	9	-2.244549209443079	0.9876014965951259	1.0226415094339623	24524.0	455.0	2276.0	22.0	25.0	1168.0	40.0	7.0	853.0	441.0	13.0	121.0	33.0	19.0	3.0
2	5	6	2.5585235094232233	0.005255912003610641	0.7204301075268817	24604.0	744.0	762.0	70.0	14.0	2691.0	44.0	46.0	111.0	761.0	23.0	65.0	12.0	50.0	3.0
2	6	5	-4.0345947648596985	0.9999726382268236	0.6203703703703705	24604.0	762.0	744.0	70.0	14.0	2691.0	111.0	65.0	44.0	761.0	12.0	46.0	23.0	50.0	3.0
5	2	6	-1.5656636400948083	0.94128629852371	2.7333333333333334	24604.0	744.0	2691.0	44.0	46.0	762.0	70.0	14.0	111.0	761.0	23.0	65.0	50.0	12.0	3.0
2	5	7	1.9026367146023353	0.028543916367360644	0.7402597402597403	24581.0	767.0	759.0	74.0	13.0	2692.0	54.0	35.0	111.0	767.0	17.0	63.0	12.0	51.0	4.0
2	7	5	-3.51987792201432	0.9997840844085819	0.6063829787234043	24581.0	759.0	767.0	74.0	13.0	2692.0	111.0	63.0	54.0	767.0	12.0	35.0	17.0	51.0	4.0
5	2	7	-1.2350448849173052	0.8915930322188395	2.176470588235294	24581.0	767.0	2692.0	54.0	35.0	759.0	74.0	13.0	111.0	767.0	17.0	63.0	51.0	12.0	4.0
2	5	8	2.2761660044659147	0.0114180043860167	0.7176470588235294	24581.0	767.0	754.0	75.0	17.0	2688.0	51.0	42.0	112.0	765.0	18.0	65.0	12.0	50.0	3.0
2	8	5	-3.5090892568849537	0.9997751343677492	0.6224489795918368	24581.0	754.0	767.0	75.0	17.0	2688.0	112.0	65.0	51.0	765.0	12.0	42.0	18.0	50.0	3.0
5	2	8	-1.3806252813973585	0.9163028388370787	2.846153846153846	24581.0	767.0	2688.0	51.0	42.0	754.0	75.0	17.0	112.0	765.0	18.0	65.0	50.0	12.0	3.0
2	5	9	1.3351994634291404	0.09090560105729661	0.9737470167064439	24889.0	459.0	803.0	40.0	3.0	2727.0	29.0	25.0	437.0	447.0	11.0	86.0	6.0	37.0	1.0
2	9	5	-48.18856245285169	1.0	0.5068322981366459	24889.0	803.0	459.0	40.0	3.0	2727.0	437.0	86.0	29.0	447.0	6.0	25.0	11.0	37.0	1.0
5	2	9	-1.2992014386798252	0.9030625281628667	1.028497409326425	24889.0	459.0	2727.0	29.0	25.0	803.0	40.0	3.0	437.0	447.0	11.0	86.0	37.0	6.0	1.0
2	6	7	-99999.9	1.0	-0.018442622950819672	25042.0	324.0	298.0	521.0	9.0	2829.0	24.0	14.0	15.0	797.0	5.0	22.0	12.0	88.0	0.0
2	7	6	1.4460891515743357	0.07407614323523204	0.01747572815533981	25042.0	298.0	324.0	521.0	9.0	2829.0	15.0	22.0	24.0	797.0	12.0	14.0	5.0	88.0	0.0
6	2	7	-79.85625648138273	1.0	0.5044865403788634	25042.0	324.0	2829.0	24.0	14.0	298.0	521.0	9.0	15.0	797.0	5.0	22.0	88.0	12.0	0.0
2	6	8	-99999.9	1.0	-0.010121457489878543	25039.0	327.0	296.0	519.0	13.0	2829.0	20.0	18.0	15.0	796.0	6.0	21.0	12.0	89.0	0.0
2	8	6	0.8469230922686863	0.19851894760091915	0.009823182711198428	25039.0	296.0	327.0	519.0	13.0	2829.0	15.0	21.0	20.0	796.0	12.0	18.0	6.0	89.0	0.0
6	2	8	-84.52292460841494	1.0	0.5024925224327018	25039.0	327.0	2829.0	20.0	18.0	296.0	519.0	13.0	15.0	796.0	6.0	21.0	89.0	12.0	0.0
2	6	9	1.283886083615875	0.09959097714216703	0.9678362573099415	24915.0	451.0	777.0	43.0	8.0	2811.0	32.0	24.0	363.0	442.0	12.0	76.0	8.0	37.0	1.0
2	9	6	-37.34941334155277	1.0	0.5084485407066053	24915.0	777.0	451.0	43.0	8.0	2811.0	363.0	76.0	32.0	442.0	8.0	24.0	12.0	37.0	1.0
6	2	9	-1.2412191744926888	0.892737535130958	1.035598705501618	24915.0	451.0	2811.0	32.0	24.0	777.0	43.0	8.0	363.0	442.0	12.0	76.0	37.0	8.0	1.0
2	7	8	1.0664626349743223	0.14310731432347668	0.005284015852047556	25242.0	98.0	93.0	758.0	3.0	2850.0	5.0	11.0	9.0	822.0	2.0	6.0	1.0	100.0	0.0
2	8	7	-99999.9	1.0	-0.005369127516778523	25242.0	93.0	98.0	758.0	3.0	2850.0	9.0	6.0	5.0	822.0	1.0	11.0	2.0	100.0	0.0
7	2	8	-199.69512839894148	1.0	0.4986684420772304	25242.0	98.0	2850.0	5.0	11.0	93.0	758.0	3.0	9.0	822.0	2.0	6.0	100.0	1.0	0.0
2	7	9	1.6685421866199839	0.047604051568128636	0.9608938547486033	24889.0	451.0	803.0	43.0	8.0	2813.0	29.0	24.0	373.0	448.0	12.0	64.0	5.0	36.0	2.0
2	9	7	-39.329922970328205	1.0	0.5103857566765578	24889.0	803.0	451.0	43.0	8.0	2813.0	373.0	64.0	29.0	448.0	5.0	24.0	12.0	36.0	2.0
7	2	9	-1.6006363999552171	0.9452712629726587	1.0443037974683544	24889.0	451.0	2813.0	29.0	24.0	803.0	43.0	8.0	373.0	448.0	12.0	64.0	36.0	5.0	2.0
2	8	9	1.5181762495591833	0.06448501101056614	0.9633802816901409	24882.0	453.0	810.0	44.0	5.0	2808.0	31.0	26.0	373.0	445.0	10.0	69.0	6.0	36.0	2.0
2	9	8	-38.4215373926901	1.0	0.5096870342771982	24882.0	810.0	453.0	44.0	5.0	2808.0	373.0	69.0	31.0	445.0	6.0	26.0	10.0	36.0	2.0
8	2	9	-1.4604677956285712	0.9279191834114049	1.0411392405063291	24882.0	453.0	2808.0	31.0	26.0	810.0	44.0	5.0	373.0	445.0	10.0	69.0	36.0	6.0	2.0
3	4	5	-0.37581843924558556	0.6464740024822136	1.0098522167487685	24676.0	771.0	1164.0	54.0	21.0	1761.0	58.0	36.0	468.0	839.0	26.0	60.0	29.0	37.0	0.0
3	5	4	-38.89720846191808	1.0	0.4975728155339806	24676.0	1164.0	771.0	54.0	21.0	1761.0	468.0	60.0	58.0	839.0	29.0	36.0	26.0	37.0	0.0
4	3	5	0.37948496060407916	0.3521639421833682	0.9904306220095693	24676.0	771.0	1761.0	58.0	36.0	1164.0	54.0	21.0	468.0	839.0	26.0	60.0	37.0	29.0	0.0
3	4	6	-0.10465934932358173	0.541676994469455	1.0020876826722338	24683.0	764.0	1181.0	45.0	13.0	1779.0	46.0	30.0	526.0	774.0	33.0	64.0	27.0	34.0	1.0
3	6	4	-50.34114702464276	1.0	0.49947970863683666	24683.0	1181.0	764.0	45.0	13.0	1779.0	526.0	64.0	46.0	774.0	27.0	30.0	33.0	34.0	1.0
4	3	6	0.10487738963467254	0.45823649626464047	0.9979253112033195	24683.0	764.0	1779.0	46.0	30.0	1181.0	45.0	13.0	526.0	774.0	33.0	64.0	34.0	27.0	1.0
3	4	7	-0.5151798027373033	0.6967863188590679	1.010615711252654	24667.0	780.0	1173.0	44.0	22.0	1776.0	49.0	30.0	525.0	785.0	23.0	65.0	27.0	33.0	1.0
3	7	4	-49.56029702332856	1.0	0.49738766980146293	24667.0	1173.0	780.0	44.0	22.0	1776.0	525.0	65.0	49.0	785.0	27.0	30.0	23.0	33.0	1.0
4	3	7	0.520591355287065	0.3013257240052938	0.9897119341563786	24667.0	780.0	1776.0	49.0	30.0	1173.0	44.0	22.0	525.0	785.0	23.0	65.0	33.0	27.0	1.0
3	4	8	-0.8344266017903688	0.7979797352108038	1.0171673819742488	24658.0	789.0	1176.0	41.0	22.0	1778.0	49.0	28.0	523.0	783.0	27.0	65.0	27.0	33.0	1.0
3	8	4	-50.274202757869716	1.0	0.4958158995815899	24658.0	1176.0	789.0	41.0	22.0	1778.0	523.0	65.0	49.0	783.0	27.0	28.0	27.0	33.0	1.0
4	3	8	0.8485097511876746	0.1980770250981123	0.9836734693877551	24658.0	789.0	1778.0	49.0	28.0	1176.0	41.0	22.0	523.0	783.0	27.0	65.0	33.0	27.0	1.0
3	4	9	0.5449419588375408	0.29289669395812923	0.9952038369304557	24994.0	453.0	1205.0	29.0	5.0	1806.0	25.0	24.0	855.0	463.0	15.0	82.0	22.0	22.0	0.0
3	9	4	-112.53051449995209	1.0	0.501207729468599	24994.0	1205.0	453.0	29.0	5.0	1806.0	855.0	82.0	25.0	463.0	22.0	24.0	15.0	22.0	0.0
4	3	9	-0.54231573252989	0.7061995135892447	1.0048661800486618	24994.0	453.0	1806.0	25.0	24.0	1205.0	29.0	5.0	855.0	463.0	15.0	82.0	22.0	22.0	0.0
3	5	6	0.8707628750074526	0.19194178022124886	0.8961038961038961	25083.0	757.0	781.0	50.0	15.0	2212.0	42.0	35.0	111.0	793.0	22.0	46.0	12.0	38.0	3.0
3	6	5	-6.639566921931822	0.9999999999841857	0.5307692307692307	25083.0	781.0	757.0	50.0	15.0	2212.0	111.0	46.0	42.0	793.0	12.0	35.0	22.0	38.0	3.0
5	3	6	-0.7698048605138348	0.7792922374905937	1.150943396226415	25083.0	757.0	2212.0	42.0	35.0	781.0	50.0	15.0	111.0	793.0	22.0	46.0	38.0	12.0	3.0
3	5	7	0.5243009701653655	0.30003459684568434	0.9285714285714286	25061.0	779.0	779.0	51.0	16.0	2212.0	46.0	31.0	111.0	801.0	14.0	43.0	14.0	40.0	2.0
3	7	5	-6.291611641984383	0.9999999998422249	0.52	25061.0	779.0	779.0	51.0	16.0	2212.0	111.0	43.0	46.0	801.0	14.0	31.0	14.0	40.0	2.0
5	3	7	-0.4839701263064912	0.6857964575431605	1.0909090909090908	25061.0	779.0	2212.0	46.0	31.0	779.0	51.0	16.0	111.0	801.0	14.0	43.0	40.0	14.0	2.0
3	5	8	0.414977639009055	0.3390791790224299	0.9420289855072463	25059.0	781.0	775.0	51.0	20.0	2210.0	47.0	32.0	112.0	799.0	15.0	44.0	13.0	40.0	2.0
3	8	5	-6.328408994888084	0.9999999998755991	0.5158730158730159	25059.0	775.0	781.0	51.0	20.0	2210.0	112.0	44.0	47.0	799.0	13.0	32.0	15.0	40.0	2.0
5	3	8	-0.3894405535315747	0.6515248076787507	1.0701754385964912	25059.0	781.0	2210.0	47.0	32.0	775.0	51.0	20.0	112.0	799.0	15.0	44.0	40.0	13.0	2.0
3	5	9	-0.7547863312345862	0.7748114691222396	1.0147420147420148	25386.0	454.0	813.0	28.0	5.0	2230.0	34.0	25.0	447.0	470.0	9.0	66.0	6.0	26.0	1.0
3	9	5	-52.70924546454864	1.0	0.4963942307692308	25386.0	813.0	454.0	28.0	5.0	2230.0	447.0	66.0	34.0	470.0	6.0	25.0	9.0	26.0	1.0
5	3	9	0.7657517500902944	0.2219119481731413	0.9858823529411764	25386.0	454.0	2230.0	34.0	25.0	813.0	28.0	5.0	447.0	470.0	9.0	66.0	26.0	6.0	1.0
3	6	7	-99999.9	1.0	-0.0102880658436214	25537.0	327.0	303.0	512.0	7.0	2334.0	21.0	14.0	16.0	827.0	4.0	16.0	13.0	67.0	2.0
3	7	6	0.8238889798543442	0.20500126716427136	0.00998003992015968	25537.0	303.0	327.0	512.0	7.0	2334.0	16.0	16.0	21.0	827.0	13.0	14.0	4.0	67.0	2.0
6	3	7	-80.90589782169641	1.0	0.502532928064843	25537.0	327.0	2334.0	21.0	14.0	303.0	512.0	7.0	16.0	827.0	4.0	16.0	67.0	13.0	2.0
3	6	8	-99999.9	1.0	-0.008213552361396302	25535.0	329.0	299.0	512.0	11.0	2333.0	21.0	15.0	17.0	825.0	5.0	16.0	13.0	67.0	2.0
3	8	6	0.6500929469984841	0.2578160300801964	0.008016032064128256	25535.0	299.0	329.0	512.0	11.0	2333.0	17.0	16.0	21.0	825.0	13.0	15.0	5.0	67.0	2.0
6	3	8	-79.7989092440638	1.0	0.502028397565923	25535.0	329.0	2333.0	21.0	15.0	299.0	512.0	11.0	17.0	825.0	5.0	16.0	67.0	13.0	2.0
3	6	9	-0.35915332946865486	0.6402597428336565	1.008955223880597	25418.0	446.0	781.0	33.0	8.0	2308.0	36.0	25.0	374.0	464.0	9.0	61.0	10.0	25.0	2.0
3	9	6	-40.82376178293708	1.0	0.49779086892488955	25418.0	781.0	446.0	33.0	8.0	2308.0	374.0	61.0	36.0	464.0	10.0	25.0	9.0	25.0	2.0
6	3	9	0.3623410809136429	0.3585486436213283	0.9912790697674418	25418.0	446.0	2308.0	36.0	25.0	781.0	33.0	8.0	374.0	464.0	9.0	61.0	25.0	10.0	2.0
3	7	8	0.25749306555529294	0.3983991419861723	0.0013477088948787063	25739.0	101.0	95.0	748.0	3.0	2353.0	7.0	6.0	8.0	851.0	2.0	5.0	1.0	81.0	0.0
3	8	7	-99999.9	1.0	-0.0013531799729364006	25739.0	95.0	101.0	748.0	3.0	2353.0	8.0	5.0	7.0	851.0	1.0	6.0	2.0	81.0	0.0
7	3	8	-190.5448685109159	1.0	0.49966239027683995	25739.0	101.0	2353.0	7.0	6.0	95.0	748.0	3.0	8.0	851.0	2.0	5.0	81.0	1.0	0.0
3	7	9	-0.12570156729003187	0.5500159576246905	1.0028818443804035	25392.0	448.0	807.0	31.0	8.0	2310.0	32.0	24.0	380.0	471.0	10.0	53.0	7.0	25.0	2.0
3	9	7	-43.86984698422133	1.0	0.49928263988522237	25392.0	807.0	448.0	31.0	8.0	2310.0	380.0	53.0	32.0	471.0	7.0	24.0	10.0	25.0	2.0
7	3	9	0.1260627786902906	0.4498410774102064	0.9971428571428571	25392.0	448.0	2310.0	32.0	24.0	807.0	31.0	8.0	380.0	471.0	10.0	53.0	25.0	7.0	2.0
3	8	9	-0.3700659372077435	0.6443332592328943	1.008695652173913	25383.0	451.0	816.0	31.0	5.0	2307.0	34.0	25.0	382.0	468.0	9.0	54.0	8.0	26.0	1.0
3	9	8	-43.29771465330606	1.0	0.4978540772532189	25383.0	816.0	451.0	31.0	5.0	2307.0	382.0	54.0	34.0	468.0	8.0	25.0	9.0	26.0	1.0
8	3	9	0.373256160804362	0.3544789596391009	0.9915254237288136	25383.0	451.0	2307.0	34.0	25.0	816.0	31.0	5.0	382.0	468.0	9.0	54.0	26.0	8.0	1.0
4	5	6	1.2708532708533695	0.10189049536233441	0.8571428571428571	25658.0	779.0	804.0	47.0	14.0	1637.0	36.0	19.0	102.0	805.0	23.0	32.0	12.0	29.0	3.0
4	6	5	-6.354266354266849	0.9999999998948157	0.5454545454545454	25658.0	804.0	779.0	47.0	14.0	1637.0	102.0	32.0	36.0	805.0	12.0	19.0	23.0	29.0	3.0
5	4	6	-1.0590443923778081	0.8552101870605691	1.25	25658.0	779.0	1637.0	36.0	19.0	804.0	47.0	14.0	102.0	805.0	23.0	32.0	29.0	12.0	3.0
4	5	7	1.271656112132986	0.10174773401772752	0.8552631578947368	25642.0	795.0	801.0	47.0	17.0	1631.0	36.0	25.0	101.0	814.0	15.0	31.0	12.0	31.0	2.0
4	7	5	-6.242675459561933	0.9999999997840208	0.546218487394958	25642.0	801.0	795.0	47.0	17.0	1631.0	101.0	31.0	36.0	814.0	12.0	25.0	15.0	31.0	2.0
5	4	7	-1.0564527700797113	0.8546192654851861	1.255813953488372	25642.0	795.0	1631.0	36.0	25.0	801.0	47.0	17.0	101.0	814.0	15.0	31.0	31.0	12.0	2.0
4	5	8	1.647056788544459	0.04977317238318024	0.8313253012048193	25638.0	799.0	798.0	47.0	20.0	1631.0	33.0	28.0	102.0	812.0	16.0	31.0	12.0	31.0	2.0
4	8	5	-6.470580240710374	0.9999999999509499	0.5564516129032258	25638.0	798.0	799.0	47.0	20.0	1631.0	102.0	31.0	33.0	812.0	12.0	28.0	16.0	31.0	2.0
5	4	8	-1.3128713531876122	0.9053867823707753	1.3414634146341464	25638.0	799.0	1631.0	33.0	28.0	798.0	47.0	20.0	102.0	812.0	16.0	31.0	31.0	12.0	2.0
4	5	9	-1.246282357883467	0.8936695553775466	1.019753086419753	25956.0	481.0	844.0	16.0	5.0	1660.0	24.0	8.0	437.0	484.0	9.0	45.0	6.0	24.0	1.0
4	9	5	-65.5856090836174	1.0	0.49520383693045567	25956.0	844.0	481.0	16.0	5.0	1660.0	437.0	45.0	24.0	484.0	6.0	8.0	9.0	24.0	1.0
5	4	9	1.2704234205059068	0.10196699130678555	0.9813519813519813	25956.0	481.0	1660.0	24.0	8.0	844.0	16.0	5.0	437.0	484.0	9.0	45.0	24.0	6.0	1.0
4	6	7	-99999.9	1.0	-0.003992015968063872	26131.0	331.0	312.0	520.0	8.0	1740.0	17.0	14.0	15.0	833.0	5.0	8.0	12.0	53.0	1.0
4	7	6	0.35361315084047185	0.36181447310366655	0.0039447731755424065	26131.0	312.0	331.0	520.0	8.0	1740.0	15.0	8.0	17.0	833.0	12.0	14.0	5.0	53.0	1.0
6	4	7	-88.93370743637871	1.0	0.5009920634920636	26131.0	331.0	1740.0	17.0	14.0	312.0	520.0	8.0	15.0	833.0	5.0	8.0	53.0	12.0	1.0
4	6	8	0.3651649447807291	0.3574942035436224	0.003937007874015748	26128.0	334.0	308.0	520.0	12.0	1740.0	14.0	17.0	16.0	831.0	6.0	8.0	12.0	53.0	1.0
4	8	6	-99999.9	1.0	-0.00398406374501992	26128.0	308.0	334.0	520.0	12.0	1740.0	16.0	8.0	14.0	831.0	12.0	17.0	6.0	53.0	1.0
6	4	8	-92.02156608474394	1.0	0.499009900990099	26128.0	334.0	1740.0	14.0	17.0	308.0	520.0	12.0	16.0	831.0	6.0	8.0	53.0	12.0	1.0
4	6	9	-0.7072424611698747	0.7602921614386535	1.0149253731343284	25990.0	472.0	810.0	22.0	8.0	1736.0	27.0	8.0	367.0	477.0	9.0	39.0	10.0	23.0	2.0
4	9	6	-48.799729820721375	1.0	0.4963503649635037	25990.0	810.0	472.0	22.0	8.0	1736.0	367.0	39.0	27.0	477.0	10.0	8.0	9.0	23.0	2.0
6	4	9	0.7176430855988434	0.2364886227490164	0.9857142857142858	25990.0	472.0	1736.0	27.0	8.0	810.0	22.0	8.0	367.0	477.0	9.0	39.0	23.0	10.0	2.0
4	7	8	1.2593175654930773	0.10395789429146618	0.0052770448548812654	26337.0	106.0	99.0	757.0	3.0	1755.0	3.0	5.0	7.0	853.0	2.0	2.0	1.0	70.0	0.0
4	8	7	-99999.9	1.0	-0.0053619302949061655	26337.0	99.0	106.0	757.0	3.0	1755.0	7.0	2.0	3.0	853.0	1.0	5.0	2.0	70.0	0.0
7	4	8	-236.1220435299516	1.0	0.4986702127659574	26337.0	106.0	1755.0	3.0	5.0	99.0	757.0	3.0	7.0	853.0	2.0	2.0	70.0	1.0	0.0
4	7	9	-0.6122383892972851	0.7298100292459277	1.0116959064327486	25970.0	473.0	830.0	19.0	10.0	1732.0	23.0	8.0	369.0	484.0	9.0	41.0	7.0	24.0	1.0
4	9	7	-53.57085906351241	1.0	0.4971264367816092	25970.0	830.0	473.0	19.0	10.0	1732.0	369.0	41.0	23.0	484.0	7.0	8.0	9.0	24.0	1.0
7	4	9	0.619316289751589	0.2678539532141603	0.9887005649717514	25970.0	473.0	1732.0	23.0	8.0	830.0	19.0	10.0	369.0	484.0	9.0	41.0	24.0	7.0	1.0
4	8	9	-0.8934680075082222	0.8141967329555708	1.0178041543026706	25959.0	477.0	841.0	19.0	6.0	1731.0	25.0	8.0	368.0	481.0	8.0	43.0	8.0	25.0	1.0
4	9	8	-51.97005577006164	1.0	0.4956647398843931	25959.0	841.0	477.0	19.0	6.0	1731.0	368.0	43.0	25.0	481.0	8.0	8.0	8.0	25.0	1.0
8	4	9	0.9090971854821269	0.18164938828085808	0.9830985915492958	25959.0	477.0	1731.0	25.0	8.0	841.0	19.0	6.0	368.0	481.0	8.0	43.0	25.0	8.0	1.0
5	6	7	-99999.9	1.0	-0.006160164271047227	26949.0	346.0	324.0	502.0	8.0	922.0	12.0	4.0	9.0	867.0	5.0	2.0	13.0	37.0	0.0
5	7	6	0.6545168002249059	0.2563893902744696	0.006048387096774193	26949.0	324.0	346.0	502.0	8.0	922.0	9.0	2.0	12.0	867.0	13.0	4.0	5.0	37.0	0.0
6	5	7	-106.9044107034013	1.0	0.5015259409969481	26949.0	346.0	922.0	12.0	4.0	324.0	502.0	8.0	9.0	867.0	5.0	2.0	37.0	13.0	0.0
5	6	8	-99999.9	1.0	-0.004098360655737705	26949.0	346.0	320.0	502.0	12.0	919.0	12.0	7.0	10.0	865.0	6.0	2.0	13.0	37.0	0.0
5	8	6	0.4261423887107573	0.33500208458973124	0.004048582995951417	26949.0	320.0	346.0	502.0	12.0	919.0	10.0	2.0	12.0	865.0	13.0	7.0	6.0	37.0	0.0
6	5	8	-104.40488523413553	1.0	0.5010183299389002	26949.0	346.0	919.0	12.0	7.0	320.0	502.0	12.0	10.0	865.0	6.0	2.0	37.0	13.0	0.0
5	6	9	0.5397651608094978	0.29467947606925127	0.9916666666666667	26805.0	490.0	811.0	17.0	6.0	921.0	14.0	3.0	371.0	499.0	11.0	34.0	11.0	6.0	1.0
5	9	6	-63.69228897552079	1.0	0.5021097046413502	26805.0	811.0	490.0	17.0	6.0	921.0	371.0	34.0	14.0	499.0	11.0	3.0	11.0	6.0	1.0
6	5	9	-0.5352293191220232	0.703754372460885	1.0085470085470085	26805.0	490.0	921.0	14.0	3.0	811.0	17.0	6.0	371.0	499.0	11.0	34.0	6.0	11.0	1.0
5	7	8	0.442987392373822	0.32888745602786773	0.001336898395721925	27165.0	108.0	104.0	749.0	3.0	927.0	2.0	4.0	3.0	887.0	2.0	1.0	1.0	44.0	0.0
5	8	7	-99999.9	1.0	-0.0013422818791946308	27165.0	104.0	108.0	749.0	3.0	927.0	3.0	1.0	2.0	887.0	1.0	4.0	2.0	44.0	0.0
7	5	8	-330.46859471086486	1.0	0.4996651038178165	27165.0	108.0	927.0	2.0	4.0	104.0	749.0	3.0	3.0	887.0	2.0	1.0	44.0	1.0	0.0
5	7	9	0.7859122852377117	0.21595937550745092	0.989159891598916	26784.0	489.0	832.0	15.0	9.0	918.0	11.0	4.0	376.0	506.0	10.0	32.0	7.0	6.0	1.0
5	9	7	-70.92858374270354	1.0	0.5027548209366391	26784.0	832.0	489.0	15.0	9.0	918.0	376.0	32.0	11.0	506.0	7.0	4.0	10.0	6.0	1.0
7	5	9	-0.7772995478652436	0.7815090334915491	1.011204481792717	26784.0	489.0	918.0	11.0	4.0	832.0	15.0	9.0	376.0	506.0	10.0	32.0	6.0	7.0	1.0
5	8	9	0.4083288876295191	0.34151616258889095	0.9945504087193461	26774.0	495.0	842.0	13.0	5.0	916.0	11.0	4.0	376.0	505.0	9.0	34.0	8.0	7.0	1.0
5	9	8	-74.11169310475783	1.0	0.5013736263736265	26774.0	842.0	495.0	13.0	5.0	916.0	376.0	34.0	11.0	505.0	8.0	4.0	9.0	7.0	1.0
8	5	9	-0.40609146906716553	0.657662256463185	1.005540166204986	26774.0	495.0	916.0	11.0	4.0	842.0	13.0	5.0	376.0	505.0	9.0	34.0	7.0	8.0	1.0
6	7	8	-99999.9	1.0	-0.008	27764.0	107.0	104.0	258.0	0.0	328.0	6.0	1.0	4.0	1397.0	5.0	0.0	1.0	25.0	0.0
6	8	7	0.6308027639595893	0.2640846902882852	0.0078125	27764.0	104.0	107.0	258.0	0.0	328.0	4.0	0.0	6.0	1397.0	1.0	1.0	5.0	25.0	0.0
7	6	8	-79.48114825890804	1.0	0.5019762845849802	27764.0	107.0	328.0	6.0	1.0	104.0	258.0	0.0	4.0	1397.0	5.0	0.0	25.0	1.0	0.0
6	7	9	0.27642426597367054	0.3911111746675444	0.998849252013809	27378.0	493.0	348.0	7.0	7.0	324.0	6.0	5.0	874.0	514.0	18.0	18.0	2.0	6.0	0.0
6	9	7	-239.6598385991704	1.0	0.5002881844380404	27378.0	348.0	493.0	7.0	7.0	324.0	874.0	18.0	6.0	514.0	2.0	5.0	18.0	6.0	0.0
7	6	9	-0.27610580483775615	0.6087665347474763	1.0011547344110854	27378.0	493.0	324.0	6.0	5.0	348.0	7.0	7.0	874.0	514.0	18.0	18.0	6.0	2.0	0.0
6	8	9	-0.2761060164638338	0.6087666160164642	1.0011534025374855	27370.0	498.0	356.0	6.0	3.0	320.0	7.0	5.0	875.0	512.0	17.0	21.0	3.0	7.0	0.0
6	9	8	-239.9361283070715	1.0	0.49971214738054115	27370.0	356.0	498.0	6.0	3.0	320.0	875.0	21.0	7.0	512.0	3.0	5.0	17.0	7.0	0.0
8	6	9	0.2764241109528474	0.39111123419365723	0.9988505747126437	27370.0	498.0	320.0	7.0	5.0	356.0	6.0	3.0	875.0	512.0	17.0	21.0	7.0	3.0	0.0
7	8	9	-0.8085928194348231	0.7906253598204266	1.0017699115044247	27590.0	502.0	112.0	2.0	0.0	100.0	4.0	4.0	1136.0	522.0	22.0	4.0	1.0	1.0	0.0
7	9	8	-458.4721286195469	1.0	0.49955869373345096	27590.0	112.0	502.0	2.0	0.0	100.0	1136.0	4.0	4.0	522.0	1.0	4.0	22.0	1.0	0.0
8	7	9	0.8100214286564393	0.20896387230475488	0.9982394366197183	27590.0	502.0	100.0	4.0	4.0	112.0	2.0	0.0	1136.0	522.0	22.0	4.0	1.0	1.0	0.0
