P1	Hybrid	P2	Zscore	Pvalue	Gamma	AAAA	AAAB	AABA	AABB	AABC	ABAA	ABAB	ABAC	ABBA	BAAA	ABBC	CABC	BACA	BCAA	ABCD
1	2	3	-0.9176192793265386	0.8205909120765532	1.202247191011236	21806.0	1620.0	1830.0	149.0	74.0	2006.0	167.0	62.0	274.0	1665.0	87.0	108.0	76.0	74.0	2.0
1	3	2	-6.372356106434289	0.9999999999065023	0.46120689655172414	21806.0	1830.0	1620.0	149.0	74.0	2006.0	274.0	108.0	167.0	1665.0	76.0	62.0	87.0	74.0	2.0
2	1	3	1.071985139400162	0.14186338920407326	0.8741258741258742	21806.0	1620.0	2006.0	167.0	62.0	1830.0	149.0	74.0	274.0	1665.0	87.0	108.0	74.0	76.0	2.0
1	2	4	-0.5593069912251252	0.7120239189216342	1.0114122681883024	22331.0	1095.0	1910.0	97.0	46.0	2086.0	105.0	44.0	814.0	1142.0	70.0	154.0	54.0	47.0	5.0
1	4	2	-50.12788908855188	1.0	0.49719495091164095	22331.0	1910.0	1095.0	97.0	46.0	2086.0	814.0	154.0	105.0	1142.0	54.0	44.0	70.0	47.0	5.0
2	1	4	0.5656179304773127	0.2858267338975361	0.9889655172413793	22331.0	1095.0	2086.0	105.0	44.0	1910.0	97.0	46.0	814.0	1142.0	70.0	154.0	47.0	54.0	5.0
1	2	5	-0.5095906162808393	0.6948308569131212	1.007918552036199	22484.0	942.0	1912.0	90.0	51.0	2093.0	97.0	45.0	988.0	972.0	66.0	166.0	46.0	43.0	5.0
1	5	2	-65.37319620288474	1.0	0.4980435997764114	22484.0	1912.0	942.0	90.0	51.0	2093.0	988.0	166.0	97.0	972.0	46.0	45.0	66.0	43.0	5.0
2	1	5	0.513594134029398	0.30376788212768024	0.9922651933701657	22484.0	942.0	2093.0	97.0	45.0	1912.0	90.0	51.0	988.0	972.0	66.0	166.0	43.0	46.0	5.0
1	2	6	0.7206208106039242	0.23557135376145089	0.9919499105545617	22597.0	829.0	1929.0	83.0	41.0	2125.0	74.0	36.0	1183.0	790.0	53.0	182.0	44.0	32.0	2.0
1	6	2	-88.07587685159076	1.0	0.5020371208691716	22597.0	1929.0	829.0	83.0	41.0	2125.0	1183.0	182.0	74.0	790.0	44.0	36.0	53.0	32.0	2.0
2	1	6	-0.7147726705719717	0.7626253068910378	1.008249312557287	22597.0	829.0	2125.0	74.0	36.0	1929.0	83.0	41.0	1183.0	790.0	53.0	182.0	32.0	44.0	2.0
1	2	7	-0.32165118945528337	0.6261414515552288	1.003392705682782	22745.0	681.0	1948.0	75.0	30.0	2120.0	79.0	36.0	1262.0	703.0	61.0	191.0	36.0	29.0	4.0
1	7	2	-95.44999047085535	1.0	0.4991561181434599	22745.0	1948.0	681.0	75.0	30.0	2120.0	1262.0	191.0	79.0	703.0	36.0	36.0	61.0	29.0	4.0
2	1	7	0.3227387674416073	0.3734466135889123	0.9966414777497901	22745.0	681.0	2120.0	79.0	36.0	1948.0	75.0	30.0	1262.0	703.0	61.0	191.0	29.0	36.0	4.0
1	2	8	-0.8674523120943365	0.8071529258964134	1.009409751924722	22739.0	687.0	1948.0	74.0	31.0	2112.0	85.0	38.0	1265.0	706.0	55.0	191.0	34.0	32.0	3.0
1	8	2	-93.92142760948674	1.0	0.4976803036693378	22739.0	1948.0	687.0	74.0	31.0	2112.0	1265.0	191.0	85.0	706.0	34.0	38.0	55.0	32.0	3.0
2	1	8	0.875538731952843	0.19064038461463717	0.9908485856905158	22739.0	687.0	2112.0	85.0	38.0	1948.0	74.0	31.0	1265.0	706.0	55.0	191.0	32.0	34.0	3.0
1	2	9	-1.5152120807714402	0.9351406223624189	1.0072245635159542	23149.0	277.0	2016.0	25.0	12.0	2182.0	37.0	16.0	1710.0	287.0	29.0	230.0	18.0	12.0	0.0
1	9	2	-212.7610296749901	1.0	0.4982132221560453	23149.0	2016.0	277.0	25.0	12.0	2182.0	1710.0	230.0	37.0	287.0	18.0	16.0	29.0	12.0	0.0
2	1	9	1.526080308487673	0.06349495481757206	0.9929286977018268	23149.0	277.0	2182.0	37.0	16.0	2016.0	25.0	12.0	1710.0	287.0	29.0	230.0	12.0	18.0	0.0
1	3	4	-0.9240006355091578	0.8222570275930208	1.0221465076660987	22535.0	1101.0	1706.0	90.0	47.0	2231.0	103.0	54.0	703.0	1150.0	55.0	120.0	48.0	52.0	5.0
1	4	3	-43.57018381285484	1.0	0.49464138499587795	22535.0	1706.0	1101.0	90.0	47.0	2231.0	703.0	120.0	103.0	1150.0	48.0	54.0	55.0	52.0	5.0
3	1	4	0.944020649278523	0.1725795359713529	0.9792332268370607	22535.0	1101.0	2231.0	103.0	54.0	1706.0	90.0	47.0	703.0	1150.0	55.0	120.0	52.0	48.0	5.0
1	3	5	-0.37874162376565523	0.6475600723498667	1.0064599483204135	22679.0	957.0	1717.0	84.0	42.0	2249.0	89.0	50.0	868.0	983.0	57.0	130.0	43.0	48.0	4.0
1	5	3	-59.386686606454774	1.0	0.49840051183621237	22679.0	1717.0	957.0	84.0	42.0	2249.0	868.0	130.0	89.0	983.0	43.0	50.0	57.0	48.0	4.0
3	1	5	0.3811725712866158	0.3515376566957886	0.9936628643852978	22679.0	957.0	2249.0	89.0	50.0	1717.0	84.0	42.0	868.0	983.0	57.0	130.0	48.0	43.0	4.0
1	3	6	0.1716027050215923	0.43187494209200716	0.9979939819458375	22791.0	845.0	1735.0	69.0	39.0	2283.0	67.0	38.0	1062.0	803.0	43.0	145.0	38.0	38.0	4.0
1	6	3	-85.20074304322041	1.0	0.5005030181086519	22791.0	1735.0	845.0	69.0	39.0	2283.0	1062.0	145.0	67.0	803.0	38.0	38.0	43.0	38.0	4.0
3	1	6	-0.1712577749612474	0.5679894582600955	1.002018163471241	22791.0	845.0	2283.0	67.0	38.0	1735.0	69.0	39.0	1062.0	803.0	43.0	145.0	38.0	38.0	4.0
1	3	7	-0.8589106511183869	0.8048051373797206	1.0094250706880301	22948.0	688.0	1745.0	62.0	36.0	2278.0	72.0	38.0	1143.0	715.0	50.0	152.0	31.0	35.0	7.0
1	7	3	-92.8482413858974	1.0	0.49767657992565056	22948.0	1745.0	688.0	62.0	36.0	2278.0	1143.0	152.0	72.0	715.0	31.0	38.0	50.0	35.0	7.0
3	1	7	0.8669303584117425	0.1929900432255247	0.9908340971585701	22948.0	688.0	2278.0	72.0	38.0	1745.0	62.0	36.0	1143.0	715.0	50.0	152.0	35.0	31.0	7.0
1	3	8	-1.6658394878710192	0.9521273255901543	1.0181470869149951	22932.0	704.0	1755.0	54.0	34.0	2277.0	73.0	38.0	1139.0	721.0	48.0	152.0	31.0	35.0	7.0
1	8	3	-95.12820233368704	1.0	0.495583449558345	22932.0	1755.0	704.0	54.0	34.0	2277.0	1139.0	152.0	73.0	721.0	31.0	38.0	48.0	35.0	7.0
3	1	8	1.6955308108255682	0.0449873570211724	0.9827898550724637	22932.0	704.0	2277.0	73.0	38.0	1755.0	54.0	34.0	1139.0	721.0	48.0	152.0	35.0	31.0	7.0
1	3	9	-0.37726631981759917	0.6470120927263697	1.001930501930502	23362.0	274.0	1803.0	30.0	10.0	2334.0	33.0	21.0	1590.0	300.0	18.0	198.0	9.0	16.0	2.0
1	9	3	-196.1784863051523	1.0	0.49951876804619827	23362.0	1803.0	274.0	30.0	10.0	2334.0	1590.0	198.0	33.0	300.0	9.0	21.0	18.0	16.0	2.0
3	1	9	0.3779932298750512	0.3527178691969345	0.9980806142034548	23362.0	274.0	2334.0	33.0	21.0	1803.0	30.0	10.0	1590.0	300.0	18.0	198.0	16.0	9.0	2.0
1	4	5	-0.7928421413317362	0.7860651612286178	1.0670731707317074	23273.0	968.0	1123.0	84.0	31.0	2899.0	95.0	60.0	270.0	999.0	32.0	78.0	21.0	65.0	2.0
1	5	4	-13.406239844336637	1.0	0.4847645429362881	23273.0	1123.0	968.0	84.0	31.0	2899.0	270.0	78.0	95.0	999.0	21.0	60.0	32.0	65.0	2.0
4	1	5	0.8426779330725883	0.1997042471492224	0.9441624365482234	23273.0	968.0	2899.0	95.0	60.0	1123.0	84.0	31.0	270.0	999.0	32.0	78.0	65.0	21.0	2.0
1	4	6	0.7878676577107959	0.21538699795750538	0.9772727272727273	23377.0	864.0	1149.0	71.0	18.0	2947.0	62.0	45.0	449.0	827.0	25.0	94.0	19.0	49.0	4.0
1	6	4	-33.09044162385338	1.0	0.5058823529411764	23377.0	1149.0	864.0	71.0	18.0	2947.0	449.0	94.0	62.0	827.0	19.0	45.0	25.0	49.0	4.0
4	1	6	-0.769545154043103	0.7792151906774253	1.024390243902439	23377.0	864.0	2947.0	62.0	45.0	1149.0	71.0	18.0	449.0	827.0	25.0	94.0	49.0	19.0	4.0
1	4	7	0.0	0.49999999949999996	nan	23547.0	694.0	1146.0	69.0	23.0	2933.0	69.0	52.0	538.0	734.0	29.0	102.0	15.0	46.0	3.0
1	7	4	-39.90947395686139	1.0	0.5	23547.0	1146.0	694.0	69.0	23.0	2933.0	538.0	102.0	69.0	734.0	15.0	52.0	29.0	46.0	3.0
4	1	7	0.0	0.49999999949999996	nan	23547.0	694.0	2933.0	69.0	52.0	1146.0	69.0	23.0	538.0	734.0	29.0	102.0	46.0	15.0	3.0
1	4	8	-0.16859399228709598	0.5669419976729203	1.0043478260869565	23536.0	705.0	1151.0	69.0	18.0	2932.0	71.0	51.0	533.0	739.0	29.0	103.0	15.0	45.0	3.0
1	8	4	-39.11380621060622	1.0	0.4989200863930886	23536.0	1151.0	705.0	69.0	18.0	2932.0	533.0	103.0	71.0	739.0	15.0	51.0	29.0	45.0	3.0
4	1	8	0.16932383640955098	0.4327709637383216	0.9957081545064378	23536.0	705.0	2932.0	71.0	51.0	1151.0	69.0	18.0	533.0	739.0	29.0	103.0	45.0	15.0	3.0
1	4	9	0.2773540114994303	0.3907542096092318	0.9978902953586498	23962.0	279.0	1203.0	27.0	8.0	3006.0	25.0	23.0	971.0	313.0	17.0	145.0	4.0	16.0	1.0
1	9	4	-130.91109342773103	1.0	0.5005291005291006	23962.0	1203.0	279.0	27.0	8.0	3006.0	971.0	145.0	25.0	313.0	4.0	23.0	17.0	16.0	1.0
4	1	9	-0.27676763938209537	0.6090206702876586	1.0021231422505308	23962.0	279.0	3006.0	25.0	23.0	1203.0	27.0	8.0	971.0	313.0	17.0	145.0	16.0	4.0	1.0
1	5	6	1.2967336544916435	0.09736149072982736	0.9333333333333333	23545.0	851.0	981.0	78.0	24.0	3135.0	63.0	49.0	273.0	823.0	19.0	82.0	22.0	53.0	2.0
1	6	5	-16.85753750839137	1.0	0.5185185185185186	23545.0	981.0	851.0	78.0	24.0	3135.0	273.0	82.0	63.0	823.0	22.0	49.0	19.0	53.0	2.0
5	1	6	-1.2041098220279545	0.8857263676533679	1.0833333333333333	23545.0	851.0	3135.0	63.0	49.0	981.0	78.0	24.0	273.0	823.0	19.0	82.0	53.0	22.0	2.0
1	5	7	-1.2696407726026897	0.8978936217723283	1.0530035335689045	23680.0	716.0	1013.0	58.0	12.0	3116.0	73.0	58.0	371.0	724.0	20.0	86.0	21.0	51.0	1.0
1	7	5	-26.49317078830944	1.0	0.48772504091653024	23680.0	1013.0	716.0	58.0	12.0	3116.0	371.0	86.0	73.0	724.0	21.0	58.0	20.0	51.0	1.0
5	1	7	1.333548865183362	0.09117594042997512	0.9542682926829268	23680.0	716.0	3116.0	73.0	58.0	1013.0	58.0	12.0	371.0	724.0	20.0	86.0	51.0	21.0	1.0
1	5	8	-1.0729276604149578	0.8583481767710401	1.0469314079422383	23683.0	713.0	1004.0	63.0	16.0	3116.0	76.0	55.0	366.0	728.0	21.0	86.0	21.0	50.0	2.0
1	8	5	-25.00746777736402	1.0	0.48903878583473864	23683.0	1004.0	713.0	63.0	16.0	3116.0	366.0	86.0	76.0	728.0	21.0	55.0	21.0	50.0	2.0
5	1	8	1.1210244176059732	0.13113878440409743	0.9588607594936709	23683.0	713.0	3116.0	76.0	55.0	1004.0	63.0	16.0	366.0	728.0	21.0	86.0	50.0	21.0	2.0
1	5	9	-1.0426075900474296	0.8514349379703077	1.0104849279161205	24112.0	284.0	1053.0	25.0	5.0	3190.0	33.0	24.0	804.0	298.0	13.0	128.0	11.0	19.0	1.0
1	9	5	-101.52391408086841	1.0	0.4974193548387097	24112.0	1053.0	284.0	25.0	5.0	3190.0	804.0	128.0	33.0	298.0	11.0	24.0	13.0	19.0	1.0
5	1	9	1.0534258270388426	0.14607296574209672	0.9898348157560356	24112.0	284.0	3190.0	33.0	24.0	1053.0	25.0	5.0	804.0	298.0	13.0	128.0	19.0	11.0	1.0
1	6	7	-1.187511824083831	0.8824870391012389	1.2388059701492538	23814.0	712.0	879.0	63.0	11.0	3348.0	79.0	63.0	162.0	730.0	16.0	63.0	9.0	50.0	1.0
1	7	6	-7.347729411518708	0.9999999999998984	0.45604395604395603	23814.0	879.0	712.0	63.0	11.0	3348.0	162.0	63.0	79.0	730.0	9.0	63.0	16.0	50.0	1.0
6	1	7	1.4164297660758947	0.07832490812594073	0.8608695652173913	23814.0	712.0	3348.0	79.0	63.0	879.0	63.0	11.0	162.0	730.0	16.0	63.0	50.0	9.0	1.0
1	6	8	-1.7159197511924893	0.9569116680049796	1.530612244897959	23802.0	724.0	885.0	58.0	10.0	3347.0	84.0	59.0	159.0	732.0	17.0	62.0	9.0	50.0	2.0
1	8	6	-6.6656882642477475	0.9999999999867571	0.42613636363636365	23802.0	885.0	724.0	58.0	10.0	3347.0	159.0	62.0	84.0	732.0	9.0	59.0	17.0	50.0	2.0
6	1	8	2.3107719316058857	0.010422701578582605	0.795275590551181	23802.0	724.0	3347.0	84.0	59.0	885.0	58.0	10.0	159.0	732.0	17.0	62.0	50.0	9.0	2.0
1	6	9	0.1280420960317981	0.44905779341211827	0.9982238010657194	24245.0	281.0	920.0	31.0	2.0	3432.0	30.0	28.0	592.0	308.0	8.0	98.0	4.0	21.0	0.0
1	9	6	-71.83161587383876	1.0	0.5004452359750667	24245.0	920.0	281.0	31.0	2.0	3432.0	592.0	98.0	30.0	308.0	4.0	28.0	8.0	21.0	0.0
6	1	9	-0.1278142631207095	0.5508520553156613	1.0017857142857143	24245.0	281.0	3432.0	30.0	28.0	920.0	31.0	2.0	592.0	308.0	8.0	98.0	21.0	4.0	0.0
1	7	8	-99999.9	1.0	-0.015655577299412915	24452.0	241.0	235.0	550.0	1.0	3523.0	31.0	19.0	23.0	790.0	5.0	22.0	4.0	103.0	1.0
1	8	7	1.0934079247382786	0.13710741017493944	0.014953271028037384	24452.0	235.0	241.0	550.0	1.0	3523.0	23.0	22.0	31.0	790.0	4.0	19.0	5.0	103.0	1.0
7	1	8	-70.9348391173958	1.0	0.5038240917782026	24452.0	241.0	3523.0	31.0	19.0	235.0	550.0	1.0	23.0	790.0	5.0	22.0	103.0	4.0	1.0
1	7	9	0.5457796416050964	0.2926086845578517	0.9916142557651991	24413.0	280.0	752.0	29.0	5.0	3520.0	25.0	28.0	498.0	313.0	7.0	104.0	4.0	22.0	0.0
1	9	7	-63.99266297819758	1.0	0.5021231422505308	24413.0	752.0	280.0	29.0	5.0	3520.0	498.0	104.0	25.0	313.0	4.0	28.0	7.0	22.0	0.0
7	1	9	-0.5411641689488164	0.7058028066998132	1.0086021505376344	24413.0	280.0	3520.0	25.0	28.0	752.0	29.0	5.0	498.0	313.0	7.0	104.0	22.0	4.0	0.0
1	8	9	0.8196808077870501	0.2061989916060032	0.9876543209876543	24410.0	277.0	755.0	30.0	7.0	3517.0	24.0	27.0	504.0	314.0	7.0	101.0	4.0	23.0	0.0
1	9	8	-64.75478381517692	1.0	0.5031446540880503	24410.0	755.0	277.0	30.0	7.0	3517.0	504.0	101.0	24.0	314.0	4.0	27.0	7.0	23.0	0.0
8	1	9	-0.809434797689712	0.7908675112191058	1.0128205128205128	24410.0	277.0	3517.0	24.0	27.0	755.0	30.0	7.0	504.0	314.0	7.0	101.0	23.0	4.0	0.0
2	3	4	-0.4261580165523112	0.6650036088514109	1.010221465076661	22711.0	1101.0	1706.0	95.0	48.0	2055.0	101.0	56.0	694.0	1139.0	55.0	129.0	46.0	58.0	6.0
2	4	3	-42.544775319139035	1.0	0.4974832214765101	22711.0	1706.0	1101.0	95.0	48.0	2055.0	694.0	129.0	101.0	1139.0	46.0	56.0	55.0	58.0	6.0
3	2	4	0.4304699020486247	0.3334269634492869	0.9900826446280991	22711.0	1101.0	2055.0	101.0	56.0	1706.0	95.0	48.0	694.0	1139.0	55.0	129.0	58.0	46.0	6.0
2	3	5	-0.07467349810324579	0.5297628212596464	1.0013020833333333	22860.0	952.0	1717.0	89.0	43.0	2068.0	90.0	54.0	859.0	972.0	57.0	139.0	43.0	54.0	3.0
2	5	3	-57.49859353949959	1.0	0.4996751137102014	22860.0	1717.0	952.0	89.0	43.0	2068.0	859.0	139.0	90.0	972.0	43.0	54.0	57.0	54.0	3.0
3	2	5	0.0747706027821837	0.4701985475981605	0.9987029831387808	22860.0	952.0	2068.0	90.0	54.0	1717.0	89.0	43.0	859.0	972.0	57.0	139.0	54.0	43.0	3.0
2	3	6	-0.4321914577598676	0.6671988318328024	1.005175983436853	22976.0	836.0	1746.0	64.0	39.0	2098.0	69.0	45.0	1040.0	800.0	48.0	156.0	36.0	46.0	1.0
2	6	3	-84.36377255472601	1.0	0.4987159732922445	22976.0	1746.0	836.0	64.0	39.0	2098.0	1040.0	156.0	69.0	800.0	36.0	45.0	48.0	46.0	1.0
3	2	6	0.4344169544527609	0.33199287743995454	0.9949031600407747	22976.0	836.0	2098.0	69.0	45.0	1746.0	64.0	39.0	1040.0	800.0	48.0	156.0	46.0	36.0	1.0
2	3	7	-0.5127140202586093	0.6959243177616856	1.005719733079123	23121.0	691.0	1744.0	65.0	40.0	2105.0	71.0	36.0	1126.0	709.0	53.0	170.0	27.0	38.0	4.0
2	7	3	-90.66492924906404	1.0	0.4985822306238185	23121.0	1744.0	691.0	65.0	40.0	2105.0	1126.0	170.0	71.0	709.0	27.0	36.0	53.0	38.0	4.0
3	2	7	0.5156299293785636	0.3030564415272894	0.9943767572633552	23121.0	691.0	2105.0	71.0	36.0	1744.0	65.0	40.0	1126.0	709.0	53.0	170.0	38.0	27.0	4.0
2	3	8	-0.8719151833833999	0.8083727143567018	1.009587727708533	23101.0	711.0	1750.0	60.0	39.0	2108.0	70.0	34.0	1123.0	714.0	51.0	173.0	28.0	36.0	2.0
2	8	3	-92.68458399365555	1.0	0.4976370510396975	23101.0	1750.0	711.0	60.0	39.0	2108.0	1123.0	173.0	70.0	714.0	28.0	34.0	51.0	36.0	2.0
3	2	8	0.8801954795218938	0.18937667454372542	0.9906803355079217	23101.0	711.0	2108.0	70.0	34.0	1750.0	60.0	39.0	1123.0	714.0	51.0	173.0	36.0	28.0	2.0
2	3	9	0.9622087691624919	0.1679723675621957	0.9955099422706863	23523.0	289.0	1808.0	30.0	11.0	2173.0	23.0	16.0	1575.0	294.0	19.0	208.0	7.0	22.0	2.0
2	9	3	-212.37322119372172	1.0	0.5011301259283177	23523.0	1808.0	289.0	30.0	11.0	2173.0	1575.0	208.0	23.0	294.0	7.0	16.0	19.0	22.0	2.0
3	2	9	-0.9578689100232282	0.8309355739559412	1.004551365409623	23523.0	289.0	2173.0	23.0	16.0	1808.0	30.0	11.0	1575.0	294.0	19.0	208.0	22.0	7.0	2.0
2	4	5	-0.5144642555675012	0.6965362866823195	1.0421686746987953	23451.0	966.0	1126.0	85.0	33.0	2721.0	92.0	65.0	265.0	991.0	30.0	80.0	22.0	72.0	1.0
2	5	4	-13.22908085745004	1.0	0.49008498583569404	23451.0	1126.0	966.0	85.0	33.0	2721.0	265.0	80.0	92.0	991.0	22.0	65.0	30.0	72.0	1.0
4	2	5	0.5352807283361284	0.2962278554115869	0.9625668449197861	23451.0	966.0	2721.0	92.0	65.0	1126.0	85.0	33.0	265.0	991.0	30.0	80.0	72.0	22.0	1.0
2	4	6	0.0	0.49999999949999996	nan	23568.0	849.0	1154.0	68.0	22.0	2756.0	68.0	54.0	441.0	819.0	26.0	97.0	18.0	60.0	0.0
2	6	4	-31.972733607597515	1.0	0.5	23568.0	1154.0	849.0	68.0	22.0	2756.0	441.0	97.0	68.0	819.0	18.0	54.0	26.0	60.0	0.0
4	2	6	0.0	0.49999999949999996	nan	23568.0	849.0	2756.0	68.0	54.0	1154.0	68.0	22.0	441.0	819.0	26.0	97.0	60.0	18.0	0.0
2	4	7	0.5250953688972836	0.29975843299287264	0.9872068230277186	23711.0	706.0	1154.0	69.0	21.0	2769.0	63.0	46.0	526.0	728.0	32.0	106.0	16.0	52.0	1.0
2	7	4	-39.99476393100976	1.0	0.5032608695652174	23711.0	1154.0	706.0	69.0	21.0	2769.0	526.0	106.0	63.0	728.0	16.0	46.0	32.0	52.0	1.0
4	2	7	-0.5182906772917032	0.6978722729104636	1.0133037694013303	23711.0	706.0	2769.0	63.0	46.0	1154.0	69.0	21.0	526.0	728.0	32.0	106.0	52.0	16.0	1.0
2	4	8	0.5251085767527742	0.29975384240235114	0.987152034261242	23693.0	724.0	1158.0	69.0	17.0	2775.0	63.0	40.0	524.0	732.0	30.0	105.0	17.0	52.0	1.0
2	8	4	-39.820733737085334	1.0	0.5032751091703057	23693.0	1158.0	724.0	69.0	17.0	2775.0	524.0	105.0	63.0	732.0	17.0	40.0	30.0	52.0	1.0
4	2	8	-0.5182741918058834	0.6978665227085561	1.0133630289532294	23693.0	724.0	2775.0	63.0	40.0	1158.0	69.0	17.0	524.0	732.0	30.0	105.0	52.0	17.0	1.0
2	4	9	1.8121131490111198	0.03498430303452671	0.9875776397515528	24123.0	294.0	1208.0	28.0	8.0	2845.0	16.0	17.0	970.0	301.0	15.0	141.0	7.0	27.0	0.0
2	9	4	-142.25088219737324	1.0	0.5031645569620253	24123.0	1208.0	294.0	28.0	8.0	2845.0	970.0	141.0	16.0	301.0	7.0	17.0	15.0	27.0	0.0
4	2	9	-1.7893192729229297	0.9632183443150611	1.0129032258064516	24123.0	294.0	2845.0	16.0	17.0	1208.0	28.0	8.0	970.0	301.0	15.0	141.0	27.0	7.0	0.0
2	5	6	0.3211831917530906	0.3740358532747231	0.98	23746.0	831.0	976.0	81.0	27.0	2934.0	77.0	55.0	273.0	810.0	22.0	87.0	18.0	63.0	0.0
2	6	5	-15.416793204148341	1.0	0.5051546391752578	23746.0	976.0	831.0	81.0	27.0	2934.0	273.0	87.0	77.0	810.0	18.0	55.0	22.0	63.0	0.0
5	2	6	-0.31462843273772145	0.6234780367859931	1.0212765957446808	23746.0	831.0	2934.0	77.0	55.0	976.0	81.0	27.0	273.0	810.0	22.0	87.0	63.0	18.0	0.0
2	5	7	-1.026715604166617	0.8477227802709926	1.0424028268551238	23853.0	724.0	1012.0	59.0	13.0	2943.0	71.0	52.0	366.0	717.0	22.0	92.0	19.0	57.0	0.0
2	7	5	-26.26680753992928	1.0	0.4900332225913621	23853.0	1012.0	724.0	59.0	13.0	2943.0	366.0	92.0	71.0	717.0	19.0	52.0	22.0	57.0	0.0
5	2	7	1.068480306708988	0.1426519891251048	0.9623824451410659	23853.0	724.0	2943.0	71.0	52.0	1012.0	59.0	13.0	366.0	717.0	22.0	92.0	57.0	19.0	0.0
2	5	8	-0.3354800923422711	0.6313684526579934	1.0139372822299653	23853.0	724.0	998.0	68.0	18.0	2946.0	72.0	48.0	363.0	720.0	22.0	95.0	20.0	53.0	0.0
2	8	5	-24.741656810242485	1.0	0.49658703071672355	23853.0	998.0	724.0	68.0	18.0	2946.0	363.0	95.0	72.0	720.0	20.0	48.0	22.0	53.0	0.0
5	2	8	0.34009150254628856	0.3668938773328907	0.9866220735785953	23853.0	724.0	2946.0	72.0	48.0	998.0	68.0	18.0	363.0	720.0	22.0	95.0	53.0	20.0	0.0
2	5	9	0.0	0.49999999949999996	nan	24279.0	298.0	1052.0	26.0	6.0	3023.0	26.0	17.0	803.0	288.0	14.0	130.0	10.0	28.0	0.0
2	9	5	-107.64705604717585	1.0	0.5	24279.0	1052.0	298.0	26.0	6.0	3023.0	803.0	130.0	26.0	288.0	10.0	17.0	14.0	28.0	0.0
5	2	9	0.0	0.49999999949999996	nan	24279.0	298.0	3023.0	26.0	17.0	1052.0	26.0	6.0	803.0	288.0	14.0	130.0	28.0	10.0	0.0
2	6	7	-0.7330905164937788	0.7682484571420743	1.103448275862069	24000.0	722.0	865.0	63.0	11.0	3162.0	72.0	60.0	168.0	723.0	14.0	71.0	12.0	57.0	0.0
2	7	6	-8.552722692427423	1.0	0.4776119402985075	24000.0	865.0	722.0	63.0	11.0	3162.0	168.0	71.0	72.0	723.0	12.0	60.0	14.0	57.0	0.0
6	2	7	0.8018177524150706	0.21132913445822177	0.9210526315789473	24000.0	722.0	3162.0	72.0	60.0	865.0	63.0	11.0	168.0	723.0	14.0	71.0	57.0	12.0	0.0
2	6	8	-1.2242970008929515	0.8895798288584039	1.2162162162162162	23982.0	740.0	869.0	60.0	10.0	3167.0	76.0	51.0	166.0	724.0	15.0	71.0	12.0	56.0	1.0
2	8	6	-8.110967630915805	0.9999999999999998	0.45918367346938777	23982.0	869.0	740.0	60.0	10.0	3167.0	166.0	71.0	76.0	724.0	12.0	51.0	15.0	56.0	1.0
6	2	8	1.4419498010516982	0.07465831296842751	0.8688524590163934	23982.0	740.0	3167.0	76.0	51.0	869.0	60.0	10.0	166.0	724.0	15.0	71.0	56.0	12.0	1.0
2	6	9	1.3668875429146503	0.08583033911146254	0.9829642248722317	24426.0	296.0	905.0	32.0	2.0	3251.0	22.0	21.0	599.0	298.0	8.0	106.0	4.0	30.0	0.0
2	9	6	-77.50252368326072	1.0	0.5043706293706294	24426.0	905.0	296.0	32.0	2.0	3251.0	599.0	106.0	22.0	298.0	4.0	21.0	8.0	30.0	0.0
6	2	9	-1.3431979841119701	0.9103959989870731	1.0179533213644525	24426.0	296.0	3251.0	22.0	21.0	905.0	32.0	2.0	599.0	298.0	8.0	106.0	30.0	4.0	0.0
2	7	8	-99999.9	1.0	-0.011385199240986717	24617.0	248.0	234.0	561.0	1.0	3358.0	28.0	15.0	22.0	780.0	5.0	24.0	4.0	102.0	1.0
2	8	7	0.8512449999042869	0.1973165889672398	0.011009174311926606	24617.0	234.0	248.0	561.0	1.0	3358.0	22.0	24.0	28.0	780.0	4.0	15.0	5.0	102.0	1.0
7	2	8	-75.618930824831	1.0	0.5027985074626866	24617.0	248.0	3358.0	28.0	15.0	234.0	561.0	1.0	22.0	780.0	5.0	24.0	102.0	4.0	1.0
2	7	9	1.866720869004107	0.030970226417402658	0.9735234215885947	24571.0	294.0	760.0	31.0	5.0	3362.0	18.0	21.0	496.0	303.0	8.0	98.0	3.0	30.0	0.0
2	9	7	-66.77116954514689	1.0	0.5068928950159066	24571.0	760.0	294.0	31.0	5.0	3362.0	496.0	98.0	18.0	303.0	3.0	21.0	8.0	30.0	0.0
7	2	9	-1.8159523098052506	0.9653112111449155	1.0287610619469028	24571.0	294.0	3362.0	18.0	21.0	760.0	31.0	5.0	496.0	303.0	8.0	98.0	30.0	3.0	0.0
2	8	9	2.3190380632666323	0.010196461802596035	0.9679358717434869	24560.0	291.0	771.0	32.0	7.0	3367.0	16.0	21.0	499.0	305.0	8.0	90.0	3.0	30.0	0.0
2	9	8	-67.68692347159485	1.0	0.5084210526315789	24560.0	771.0	291.0	32.0	7.0	3367.0	499.0	90.0	16.0	305.0	3.0	21.0	8.0	30.0	0.0
8	2	9	-2.2422169265952743	0.9875263624291684	1.0354767184035476	24560.0	291.0	3367.0	16.0	21.0	771.0	32.0	7.0	499.0	305.0	8.0	90.0	30.0	3.0	0.0
3	4	5	-0.45131101651230626	0.6741172722594068	1.0365853658536586	23785.0	981.0	1143.0	82.0	33.0	2387.0	88.0	54.0	258.0	1005.0	29.0	70.0	22.0	61.0	2.0
3	5	4	-13.238456484360979	1.0	0.49132947976878616	23785.0	1143.0	981.0	82.0	33.0	2387.0	258.0	70.0	88.0	1005.0	22.0	54.0	29.0	61.0	2.0
4	3	5	0.4672396406245053	0.3201642339808657	0.967032967032967	23785.0	981.0	2387.0	88.0	54.0	1143.0	82.0	33.0	258.0	1005.0	29.0	70.0	61.0	22.0	2.0
3	4	6	0.6521058401149302	0.25716638568438643	0.9818181818181818	23899.0	867.0	1175.0	62.0	21.0	2425.0	55.0	49.0	433.0	835.0	24.0	84.0	20.0	50.0	1.0
3	6	4	-34.5616095260913	1.0	0.5046728971962616	23899.0	1175.0	867.0	62.0	21.0	2425.0	433.0	84.0	55.0	835.0	20.0	49.0	24.0	50.0	1.0
4	3	6	-0.6400298060387276	0.7389234490786813	1.0192307692307692	23899.0	867.0	2425.0	55.0	49.0	1175.0	62.0	21.0	433.0	835.0	24.0	84.0	50.0	20.0	1.0
3	4	7	0.952706557104295	0.17036937632202265	0.9790356394129979	24051.0	715.0	1175.0	61.0	22.0	2429.0	51.0	49.0	518.0	744.0	30.0	93.0	17.0	44.0	1.0
3	7	4	-43.538689659666304	1.0	0.5054112554112554	24051.0	1175.0	715.0	61.0	22.0	2429.0	518.0	93.0	51.0	744.0	17.0	49.0	30.0	44.0	1.0
4	3	7	-0.9323059884296847	0.8244108099094218	1.0223713646532437	24051.0	715.0	2429.0	51.0	49.0	1175.0	61.0	22.0	518.0	744.0	30.0	93.0	44.0	17.0	1.0
3	4	8	1.4657475610871482	0.07135857505105925	0.96900826446281	24030.0	736.0	1179.0	61.0	18.0	2438.0	46.0	45.0	515.0	747.0	30.0	93.0	17.0	45.0	0.0
3	8	4	-44.36329284890434	1.0	0.5081256771397616	24030.0	1179.0	736.0	61.0	18.0	2438.0	515.0	93.0	46.0	747.0	17.0	45.0	30.0	45.0	0.0
4	3	8	-1.4188686412229539	0.9220312913141993	1.0341685649202734	24030.0	736.0	2438.0	46.0	45.0	1179.0	61.0	18.0	515.0	747.0	30.0	93.0	45.0	17.0	0.0
3	4	9	0.43773612796448436	0.3307888201657898	0.9968287526427061	24471.0	295.0	1225.0	25.0	8.0	2497.0	22.0	10.0	965.0	315.0	12.0	129.0	9.0	16.0	1.0
3	9	4	-137.1573200955384	1.0	0.5007966011683483	24471.0	1225.0	295.0	25.0	8.0	2497.0	965.0	129.0	22.0	315.0	9.0	10.0	12.0	16.0	1.0
4	3	9	-0.43634354219153265	0.6687062202221581	1.0032017075773747	24471.0	295.0	2497.0	22.0	10.0	1225.0	25.0	8.0	965.0	315.0	12.0	129.0	16.0	9.0	1.0
3	5	6	1.0526182901702832	0.14625801479688194	0.9447004608294931	24077.0	851.0	997.0	74.0	25.0	2603.0	62.0	50.0	267.0	828.0	20.0	72.0	20.0	52.0	2.0
3	6	5	-16.929610833572045	1.0	0.5150753768844221	24077.0	997.0	851.0	74.0	25.0	2603.0	267.0	72.0	62.0	828.0	20.0	50.0	20.0	52.0	2.0
5	3	6	-0.9910016097700713	0.8391575964864804	1.0662983425414365	24077.0	851.0	2603.0	62.0	50.0	997.0	74.0	25.0	267.0	828.0	20.0	72.0	52.0	20.0	2.0
3	5	7	-0.560427913903653	0.7124062337503061	1.0203389830508474	24195.0	733.0	1031.0	53.0	12.0	2601.0	59.0	55.0	360.0	734.0	21.0	79.0	19.0	46.0	2.0
3	7	5	-28.675228261403603	1.0	0.4950657894736842	24195.0	1031.0	733.0	53.0	12.0	2601.0	360.0	79.0	59.0	734.0	19.0	55.0	21.0	46.0	2.0
5	3	7	0.571599234446583	0.283796720318099	0.9808306709265175	24195.0	733.0	2601.0	59.0	55.0	1031.0	53.0	12.0	360.0	734.0	21.0	79.0	46.0	19.0	2.0
3	5	8	0.5666417010284651	0.28547878383818914	0.9805825242718447	24190.0	738.0	1019.0	60.0	17.0	2609.0	54.0	52.0	357.0	736.0	22.0	80.0	20.0	45.0	1.0
3	8	5	-28.04876420090899	1.0	0.505	24190.0	1019.0	738.0	60.0	17.0	2609.0	357.0	80.0	54.0	736.0	20.0	52.0	22.0	45.0	1.0
5	3	8	-0.5554210732853272	0.7106966886318844	1.0206185567010309	24190.0	738.0	2609.0	54.0	52.0	1019.0	60.0	17.0	357.0	736.0	22.0	80.0	45.0	20.0	1.0
3	5	9	-1.0803508382709541	0.8600069720875612	1.0104849279161205	24631.0	297.0	1065.0	23.0	8.0	2671.0	31.0	13.0	802.0	303.0	10.0	118.0	12.0	16.0	0.0
3	9	5	-105.19916287663429	1.0	0.4974193548387097	24631.0	1065.0	297.0	23.0	8.0	2671.0	802.0	118.0	31.0	303.0	12.0	13.0	10.0	16.0	0.0
5	3	9	1.0915607042971118	0.1375131598812942	0.9898348157560356	24631.0	297.0	2671.0	31.0	13.0	1065.0	23.0	8.0	802.0	303.0	10.0	118.0	16.0	12.0	0.0
3	6	7	-0.5413655965282258	0.7058722151735679	1.069767441860465	24340.0	734.0	886.0	54.0	10.0	2822.0	60.0	60.0	152.0	742.0	16.0	66.0	10.0	47.0	1.0
3	7	6	-8.84230474329434	1.0	0.4842105263157895	24340.0	886.0	734.0	54.0	10.0	2822.0	152.0	66.0	60.0	742.0	10.0	60.0	16.0	47.0	1.0
6	3	7	0.5766720484757187	0.2820804700550086	0.9423076923076923	24340.0	734.0	2822.0	60.0	60.0	886.0	54.0	10.0	152.0	742.0	16.0	66.0	47.0	10.0	1.0
3	6	8	-0.6416260184409892	0.7394420428108887	1.0813953488372092	24320.0	754.0	889.0	51.0	10.0	2829.0	58.0	55.0	151.0	742.0	17.0	66.0	10.0	47.0	1.0
3	8	6	-9.166085977728427	1.0	0.48186528497409326	24320.0	889.0	754.0	51.0	10.0	2829.0	151.0	66.0	58.0	742.0	10.0	55.0	17.0	47.0	1.0
6	3	8	0.6899204499365476	0.2451220391908785	0.9345794392523364	24320.0	754.0	2829.0	58.0	55.0	889.0	51.0	10.0	151.0	742.0	17.0	66.0	47.0	10.0	1.0
3	6	9	0.13483300143732913	0.4463719258316685	0.9982238010657194	24776.0	298.0	920.0	28.0	2.0	2901.0	27.0	14.0	589.0	314.0	7.0	101.0	5.0	18.0	0.0
3	9	6	-75.64131380634174	1.0	0.5004452359750667	24776.0	920.0	298.0	28.0	2.0	2901.0	589.0	101.0	27.0	314.0	5.0	14.0	7.0	18.0	0.0
6	3	9	-0.13459308506466486	0.5535332261404389	1.0017857142857143	24776.0	298.0	2901.0	27.0	14.0	920.0	28.0	2.0	589.0	314.0	7.0	101.0	18.0	5.0	0.0
3	7	8	0.3163629254733488	0.375863595975782	0.0037174721189591076	24967.0	259.0	242.0	555.0	1.0	3008.0	19.0	13.0	21.0	787.0	4.0	17.0	4.0	101.0	2.0
3	8	7	-99999.9	1.0	-0.0037593984962406017	24967.0	242.0	259.0	555.0	1.0	3008.0	21.0	17.0	19.0	787.0	4.0	13.0	4.0	101.0	2.0
7	3	8	-84.46890110138386	1.0	0.4990654205607477	24967.0	259.0	3008.0	19.0	13.0	242.0	555.0	1.0	21.0	787.0	4.0	17.0	101.0	4.0	2.0
3	7	9	0.5561813853374821	0.28904340167250275	0.9914529914529915	24930.0	296.0	766.0	28.0	4.0	3003.0	24.0	13.0	488.0	317.0	7.0	100.0	5.0	19.0	0.0
3	9	7	-63.96085931381045	1.0	0.5021645021645021	24930.0	766.0	296.0	28.0	4.0	3003.0	488.0	100.0	24.0	317.0	5.0	13.0	7.0	19.0	0.0
7	3	9	-0.5513867182225037	0.7093157259095533	1.0087719298245614	24930.0	296.0	3003.0	24.0	13.0	766.0	28.0	4.0	488.0	317.0	7.0	100.0	19.0	5.0	0.0
3	8	9	0.835392123958857	0.2017484304944981	0.9871244635193133	24916.0	293.0	780.0	29.0	6.0	3011.0	23.0	12.0	483.0	319.0	8.0	97.0	4.0	19.0	0.0
3	9	8	-63.21133737955358	1.0	0.5032822757111597	24916.0	780.0	293.0	29.0	6.0	3011.0	483.0	97.0	23.0	319.0	4.0	12.0	8.0	19.0	0.0
8	3	9	-0.8244957049506981	0.7951710763749631	1.0133928571428572	24916.0	293.0	3011.0	23.0	12.0	780.0	29.0	6.0	483.0	319.0	8.0	97.0	19.0	4.0	0.0
4	5	6	1.0501923056832667	0.1468148816285504	0.9532710280373832	25279.0	893.0	1045.0	52.0	26.0	1401.0	42.0	28.0	246.0	883.0	19.0	45.0	22.0	19.0	0.0
4	6	5	-20.373730730255364	1.0	0.5125628140703519	25279.0	1045.0	893.0	52.0	26.0	1401.0	246.0	45.0	42.0	883.0	22.0	28.0	19.0	19.0	0.0
5	4	6	-0.9987122906987927	0.8410329480961184	1.0543478260869565	25279.0	893.0	1401.0	42.0	28.0	1045.0	52.0	26.0	246.0	883.0	19.0	45.0	19.0	22.0	0.0
4	5	7	-1.1784999828765854	0.8807012685902367	1.0384615384615385	25405.0	767.0	1075.0	36.0	12.0	1391.0	47.0	33.0	344.0	782.0	22.0	51.0	20.0	15.0	0.0
4	7	5	-32.99799952054443	1.0	0.4909090909090909	25405.0	1075.0	767.0	36.0	12.0	1391.0	344.0	51.0	47.0	782.0	20.0	33.0	22.0	15.0	0.0
5	4	7	1.2221481303905333	0.11082587442507297	0.9655172413793104	25405.0	767.0	1391.0	47.0	33.0	1075.0	36.0	12.0	344.0	782.0	22.0	51.0	15.0	20.0	0.0
4	5	8	-0.9357440467814031	0.82529752229231	1.0319148936170213	25403.0	769.0	1065.0	40.0	18.0	1396.0	49.0	26.0	340.0	785.0	23.0	51.0	19.0	16.0	0.0
4	8	5	-31.191468226046766	1.0	0.49238578680203043	25403.0	1065.0	769.0	40.0	18.0	1396.0	340.0	51.0	49.0	785.0	19.0	26.0	23.0	16.0	0.0
5	4	8	0.9646845843107248	0.16735140543776805	0.970873786407767	25403.0	769.0	1396.0	49.0	26.0	1065.0	40.0	18.0	340.0	785.0	23.0	51.0	16.0	19.0	0.0
4	5	9	-1.9356693588791671	0.9735459634397238	1.0128205128205128	25861.0	311.0	1107.0	8.0	8.0	1441.0	18.0	12.0	808.0	328.0	12.0	70.0	10.0	6.0	0.0
4	9	5	-154.853548710333	1.0	0.4968553459119497	25861.0	1107.0	311.0	8.0	8.0	1441.0	808.0	70.0	18.0	328.0	10.0	12.0	12.0	6.0	0.0
5	4	9	1.9601715026624478	0.024987805011516317	0.9876543209876543	25861.0	311.0	1441.0	18.0	12.0	1107.0	8.0	8.0	808.0	328.0	12.0	70.0	6.0	10.0	0.0
4	6	7	-1.6346462220240237	0.9489383948188634	1.2266666666666666	25553.0	771.0	927.0	33.0	11.0	1609.0	50.0	33.0	142.0	789.0	16.0	35.0	10.0	21.0	0.0
4	7	6	-10.480966952977564	1.0	0.4577114427860697	25553.0	927.0	771.0	33.0	11.0	1609.0	142.0	35.0	50.0	789.0	10.0	33.0	16.0	21.0	0.0
6	4	7	1.936700415224115	0.02639091922171255	0.8650793650793651	25553.0	771.0	1609.0	50.0	33.0	927.0	33.0	11.0	142.0	789.0	16.0	35.0	21.0	10.0	0.0
4	6	8	-2.1099446383242615	0.9825684989789448	1.3870967741935483	25538.0	786.0	930.0	30.0	11.0	1611.0	54.0	27.0	140.0	790.0	17.0	36.0	9.0	20.0	1.0
4	8	6	-9.670579592319534	1.0	0.4387755102040817	25538.0	930.0	786.0	30.0	11.0	1611.0	140.0	36.0	54.0	790.0	9.0	27.0	17.0	20.0	1.0
6	4	8	2.698766397856613	0.003479899750146176	0.8208955223880597	25538.0	786.0	1611.0	54.0	27.0	930.0	30.0	11.0	140.0	790.0	17.0	36.0	20.0	9.0	1.0
4	6	9	-0.5544079611129848	0.7103501896199127	1.0051546391752577	26012.0	312.0	956.0	13.0	2.0	1665.0	16.0	11.0	601.0	337.0	9.0	53.0	3.0	10.0	0.0
4	9	6	-108.66396037814486	1.0	0.4987212276214834	26012.0	956.0	312.0	13.0	2.0	1665.0	601.0	53.0	16.0	337.0	3.0	11.0	9.0	10.0	0.0
6	4	9	0.5572510788622822	0.2886779172114877	0.9949238578680203	26012.0	312.0	1665.0	16.0	11.0	956.0	13.0	2.0	601.0	337.0	9.0	53.0	10.0	3.0	0.0
4	7	8	-99999.9	1.0	-0.009363295880149813	26210.0	270.0	258.0	556.0	1.0	1765.0	17.0	4.0	12.0	832.0	5.0	10.0	4.0	55.0	1.0
4	8	7	0.9296557862604817	0.176274648902362	0.009107468123861566	26210.0	258.0	270.0	556.0	1.0	1765.0	12.0	10.0	17.0	832.0	4.0	4.0	5.0	55.0	1.0
7	4	8	-100.21689375887983	1.0	0.502308402585411	26210.0	270.0	1765.0	17.0	4.0	258.0	556.0	1.0	12.0	832.0	5.0	10.0	55.0	4.0	1.0
4	7	9	0.4080925022898947	0.34160292799059877	0.9959349593495935	26171.0	309.0	797.0	13.0	5.0	1762.0	11.0	13.0	501.0	341.0	7.0	56.0	4.0	10.0	0.0
4	9	7	-99.57457055873428	1.0	0.5010224948875256	26171.0	797.0	309.0	13.0	5.0	1762.0	501.0	56.0	11.0	341.0	4.0	13.0	7.0	10.0	0.0
7	4	9	-0.40642681860707885	0.6577854446041416	1.0041152263374487	26171.0	309.0	1762.0	11.0	13.0	797.0	13.0	5.0	501.0	341.0	7.0	56.0	10.0	4.0	0.0
4	8	9	0.8169911214485949	0.20696669499982734	0.9919678714859438	26162.0	306.0	806.0	14.0	7.0	1765.0	10.0	12.0	504.0	342.0	7.0	50.0	4.0	11.0	0.0
4	9	8	-100.08141237745265	1.0	0.5020325203252033	26162.0	806.0	306.0	14.0	7.0	1765.0	504.0	50.0	10.0	342.0	4.0	12.0	7.0	11.0	0.0
8	4	9	-0.8103758087243149	0.7911379490344551	1.008230452674897	26162.0	306.0	1765.0	10.0	12.0	806.0	14.0	7.0	504.0	342.0	7.0	50.0	11.0	4.0	0.0
5	6	7	-0.44375834983888707	0.671391319339073	1.036697247706422	25883.0	797.0	913.0	37.0	13.0	1279.0	41.0	16.0	154.0	784.0	16.0	37.0	8.0	22.0	0.0
5	7	6	-12.979931732787458	1.0	0.49130434782608695	25883.0	913.0	797.0	37.0	13.0	1279.0	154.0	37.0	41.0	784.0	8.0	16.0	16.0	22.0	0.0
6	5	7	0.45946661001017497	0.32294958262728835	0.9669421487603306	25883.0	797.0	1279.0	41.0	16.0	913.0	37.0	13.0	154.0	784.0	16.0	37.0	22.0	8.0	0.0
5	6	8	-1.6240337494862502	0.9478157047729956	1.1797752808988764	25881.0	799.0	918.0	31.0	14.0	1268.0	47.0	21.0	152.0	786.0	16.0	36.0	8.0	23.0	0.0
5	8	6	-12.281755230489768	1.0	0.4646017699115044	25881.0	918.0	799.0	31.0	14.0	1268.0	152.0	36.0	47.0	786.0	8.0	21.0	16.0	23.0	0.0
6	5	8	1.8715055589317737	0.0306374569640937	0.8832116788321168	25881.0	799.0	1268.0	47.0	21.0	918.0	31.0	14.0	152.0	786.0	16.0	36.0	23.0	8.0	0.0
5	6	9	1.2207056477370548	0.11109881121564213	0.988599348534202	26362.0	318.0	940.0	20.0	3.0	1315.0	13.0	8.0	620.0	326.0	8.0	50.0	3.0	14.0	0.0
5	9	6	-104.63191266317627	1.0	0.5028997514498758	26362.0	940.0	318.0	20.0	3.0	1315.0	620.0	50.0	13.0	326.0	3.0	8.0	8.0	14.0	0.0
6	5	9	-1.2066283173677643	0.8862122762991935	1.0118043844856661	26362.0	318.0	1315.0	13.0	8.0	940.0	20.0	3.0	620.0	326.0	8.0	50.0	14.0	3.0	0.0
5	7	8	-99999.9	1.0	-0.012612612612612612	26532.0	264.0	267.0	578.0	2.0	1443.0	16.0	11.0	9.0	820.0	4.0	4.0	5.0	45.0	0.0
5	8	7	1.4009478094711443	0.08061489463316929	0.012152777777777778	26532.0	267.0	264.0	578.0	2.0	1443.0	9.0	4.0	16.0	820.0	5.0	11.0	4.0	45.0	0.0
7	5	8	-112.47609556039757	1.0	0.5030946065428823	26532.0	264.0	1443.0	16.0	11.0	267.0	578.0	2.0	9.0	820.0	4.0	4.0	45.0	5.0	0.0
5	7	9	2.498119639580461	0.0062427168174146175	0.9741035856573705	26481.0	315.0	821.0	20.0	6.0	1452.0	7.0	11.0	496.0	331.0	6.0	37.0	4.0	13.0	0.0
5	9	7	-91.46961141848459	1.0	0.5067357512953368	26481.0	821.0	315.0	20.0	6.0	1452.0	496.0	37.0	7.0	331.0	4.0	11.0	6.0	13.0	0.0
7	5	9	-2.431707461023107	0.9924860800833127	1.0280777537796977	26481.0	315.0	1452.0	7.0	11.0	821.0	20.0	6.0	496.0	331.0	6.0	37.0	13.0	4.0	0.0
5	8	9	3.2415462053578867	0.0005944777631354814	0.96875	26484.0	315.0	818.0	20.0	6.0	1443.0	4.0	9.0	500.0	334.0	7.0	42.0	4.0	13.0	1.0
5	9	8	-97.24638616073644	1.0	0.5081967213114755	26484.0	818.0	315.0	20.0	6.0	1443.0	500.0	42.0	4.0	334.0	4.0	9.0	7.0	13.0	1.0
8	5	9	-3.136980198733439	0.999146444828898	1.0344827586206897	26484.0	315.0	1443.0	4.0	9.0	818.0	20.0	6.0	500.0	334.0	7.0	42.0	13.0	4.0	1.0
6	7	8	0.7732252878984255	0.21969446637553225	0.005145797598627787	26882.0	280.0	267.0	586.0	1.0	1093.0	6.0	5.0	9.0	829.0	5.0	4.0	5.0	28.0	0.0
6	8	7	-99999.9	1.0	-0.005226480836236934	26882.0	267.0	280.0	586.0	1.0	1093.0	9.0	4.0	6.0	829.0	5.0	5.0	5.0	28.0	0.0
7	6	8	-148.71699703913018	1.0	0.49870354364736386	26882.0	280.0	1093.0	6.0	5.0	267.0	586.0	1.0	9.0	829.0	5.0	4.0	28.0	5.0	0.0
6	7	9	0.5776783910134592	0.28174059609541335	0.993801652892562	26844.0	318.0	833.0	15.0	6.0	1089.0	12.0	3.0	493.0	344.0	6.0	28.0	4.0	5.0	0.0
6	9	7	-92.04342363481122	1.0	0.5015641293013555	26844.0	833.0	318.0	15.0	6.0	1089.0	493.0	28.0	12.0	344.0	4.0	3.0	6.0	5.0	0.0
7	6	9	-0.5740754072857245	0.7170416506574141	1.0063157894736843	26844.0	318.0	1089.0	12.0	3.0	833.0	15.0	6.0	493.0	344.0	6.0	28.0	5.0	4.0	0.0
6	8	9	1.1783789744622875	0.11932283982488667	0.9875776397515528	26833.0	316.0	844.0	16.0	7.0	1094.0	10.0	2.0	487.0	346.0	7.0	29.0	4.0	5.0	0.0
6	9	8	-92.50274949528952	1.0	0.5031645569620253	26833.0	844.0	316.0	16.0	7.0	1094.0	487.0	29.0	10.0	346.0	4.0	2.0	7.0	5.0	0.0
8	6	9	-1.163556597425026	0.8776980661475275	1.0129032258064516	26833.0	316.0	1094.0	10.0	2.0	844.0	16.0	7.0	487.0	346.0	7.0	29.0	5.0	4.0	0.0
7	8	9	1.4054842000844925	0.0799387256328491	0.9962756052141527	27651.0	324.0	282.0	6.0	3.0	276.0	2.0	2.0	1072.0	359.0	12.0	6.0	3.0	2.0	0.0
7	9	8	-374.561539322506	1.0	0.500936329588015	27651.0	282.0	324.0	6.0	3.0	276.0	1072.0	6.0	2.0	359.0	3.0	2.0	12.0	2.0	0.0
8	7	9	-1.4002300535421206	0.919277726033773	1.0037664783427496	27651.0	324.0	276.0	2.0	2.0	282.0	6.0	3.0	1072.0	359.0	12.0	6.0	2.0	3.0	0.0
