P1	Hybrid	P2	Zscore	Pvalue	Gamma	AAAA	AAAB	AABA	AABB	AABC	ABAA	ABAB	ABAC	ABBA	BAAA	ABBC	CABC	BACA	BCAA	ABCD
1	2	3	-0.18462357681591288	0.5732378411865139	1.0104166666666667	6924.0	425.0	706.0	57.0	26.0	918.0	59.0	30.0	253.0	452.0	32.0	63.0	27.0	27.0	1.0
1	3	2	-18.093110527959496	1.0	0.4974358974358974	6924.0	706.0	425.0	57.0	26.0	918.0	253.0	63.0	59.0	452.0	27.0	30.0	32.0	27.0	1.0
2	1	3	0.1865269126593759	0.42601580222545277	0.98989898989899	6924.0	425.0	918.0	59.0	30.0	706.0	57.0	26.0	253.0	452.0	32.0	63.0	27.0	27.0	1.0
1	2	4	1.4847646368715197	0.06880312531562804	0.9333333333333333	6914.0	435.0	699.0	61.0	29.0	933.0	46.0	28.0	256.0	458.0	23.0	63.0	29.0	26.0	0.0
1	4	2	-19.30194027932976	1.0	0.5185185185185186	6914.0	699.0	435.0	61.0	29.0	933.0	256.0	63.0	46.0	458.0	29.0	28.0	23.0	26.0	0.0
2	1	4	-1.3787100199521254	0.9160078519963152	1.0833333333333333	6914.0	435.0	933.0	46.0	28.0	699.0	61.0	29.0	256.0	458.0	23.0	63.0	26.0	29.0	0.0
1	2	5	0.4158667625011863	0.33875379339408307	0.9815668202764977	6910.0	439.0	708.0	49.0	32.0	927.0	45.0	35.0	258.0	452.0	27.0	61.0	31.0	26.0	0.0
1	5	2	-21.729038340686973	1.0	0.504739336492891	6910.0	708.0	439.0	49.0	32.0	927.0	258.0	61.0	45.0	452.0	31.0	35.0	27.0	26.0	0.0
2	1	5	-0.40805705804107023	0.65838406145174	1.0195121951219512	6910.0	439.0	927.0	45.0	35.0	708.0	49.0	32.0	258.0	452.0	27.0	61.0	26.0	31.0	0.0
1	2	6	1.0378005547210714	0.1496814833161637	0.9495412844036697	6935.0	414.0	699.0	64.0	26.0	918.0	53.0	36.0	260.0	454.0	23.0	65.0	26.0	26.0	1.0
1	6	2	-18.49171897502999	1.0	0.5136476426799008	6935.0	699.0	414.0	64.0	26.0	918.0	260.0	65.0	53.0	454.0	26.0	36.0	23.0	26.0	1.0
2	1	6	-0.9826517329726087	0.8371105599923715	1.0594594594594595	6935.0	414.0	918.0	53.0	36.0	699.0	64.0	26.0	260.0	454.0	23.0	65.0	26.0	26.0	1.0
1	2	7	0.20083796491902536	0.42041266343938233	0.9902912621359223	6918.0	431.0	716.0	51.0	22.0	925.0	49.0	33.0	253.0	459.0	25.0	62.0	27.0	26.0	3.0
1	7	2	-20.2846344568216	1.0	0.5024630541871922	6918.0	716.0	431.0	51.0	22.0	925.0	253.0	62.0	49.0	459.0	27.0	33.0	25.0	26.0	3.0
2	1	7	-0.1988689652629565	0.5788173526739804	1.01	6918.0	431.0	925.0	49.0	33.0	716.0	51.0	22.0	253.0	459.0	25.0	62.0	26.0	27.0	3.0
1	2	8	0.30344060750988033	0.38077712015679754	0.9854368932038835	6928.0	421.0	716.0	51.0	22.0	924.0	48.0	35.0	251.0	460.0	26.0	63.0	28.0	24.0	3.0
1	8	2	-20.229373833992028	1.0	0.5037220843672456	6928.0	716.0	421.0	51.0	22.0	924.0	251.0	63.0	48.0	460.0	28.0	35.0	26.0	24.0	3.0
2	1	8	-0.2989562635565324	0.6175132233982604	1.015228426395939	6928.0	421.0	924.0	48.0	35.0	716.0	51.0	22.0	251.0	460.0	26.0	63.0	24.0	28.0	3.0
1	2	9	0.6845669145892599	0.24680855770232935	0.9805825242718447	6996.0	353.0	736.0	42.0	11.0	939.0	36.0	32.0	339.0	372.0	26.0	75.0	24.0	19.0	0.0
1	9	2	-33.88606227216838	1.0	0.505	6996.0	736.0	353.0	42.0	11.0	939.0	339.0	75.0	36.0	372.0	24.0	32.0	26.0	19.0	0.0
2	1	9	-0.6710111341023438	0.7488933477407076	1.0206185567010309	6996.0	353.0	939.0	36.0	32.0	736.0	42.0	11.0	339.0	372.0	26.0	75.0	19.0	24.0	0.0
1	3	4	-0.5603274528713844	0.7123719791408754	-9.999999999999996	7166.0	464.0	447.0	47.0	14.0	1149.0	58.0	27.0	68.0	455.0	15.0	35.0	20.0	34.0	1.0
1	4	3	-1.069716046390825	0.8576263943514582	0.3225806451612903	7166.0	447.0	464.0	47.0	14.0	1149.0	68.0	35.0	58.0	455.0	20.0	27.0	15.0	34.0	1.0
3	1	4	1.176687651029907	0.11966016081141795	0.65625	7166.0	464.0	1149.0	58.0	27.0	447.0	47.0	14.0	68.0	455.0	15.0	35.0	34.0	20.0	1.0
1	3	5	-0.34947328609194683	0.6366329233802838	1.3333333333333333	7172.0	458.0	446.0	47.0	15.0	1148.0	51.0	35.0	67.0	453.0	18.0	31.0	24.0	34.0	1.0
1	5	3	-1.747366430459737	0.9597131429574526	0.4444444444444445	7172.0	446.0	458.0	47.0	15.0	1148.0	67.0	31.0	51.0	453.0	24.0	35.0	18.0	34.0	1.0
3	1	5	0.4368416076149334	0.33111314309271833	0.8333333333333334	7172.0	458.0	1148.0	51.0	35.0	446.0	47.0	15.0	67.0	453.0	18.0	31.0	34.0	24.0	1.0
1	3	6	-0.715058981117474	0.7627137700533355	-13.000000000000007	7190.0	440.0	444.0	45.0	19.0	1138.0	59.0	37.0	72.0	452.0	14.0	33.0	22.0	34.0	1.0
1	6	3	-1.379042320726557	0.9160590885574154	0.325	7190.0	444.0	440.0	45.0	19.0	1138.0	72.0	33.0	59.0	452.0	22.0	37.0	14.0	34.0	1.0
3	1	6	1.4851224992439847	0.06875572241868244	0.6585365853658536	7190.0	440.0	1138.0	59.0	37.0	444.0	45.0	19.0	72.0	452.0	14.0	33.0	34.0	22.0	1.0
1	3	7	-0.5603274528713844	0.7123719791408754	-9.999999999999996	7187.0	443.0	447.0	47.0	14.0	1138.0	58.0	38.0	68.0	455.0	15.0	34.0	22.0	34.0	0.0
1	7	3	-1.069716046390825	0.8576263943514582	0.3225806451612903	7187.0	447.0	443.0	47.0	14.0	1138.0	68.0	34.0	58.0	455.0	22.0	38.0	15.0	34.0	0.0
3	1	7	1.176687651029907	0.11966016081141795	0.65625	7187.0	443.0	1138.0	58.0	38.0	447.0	47.0	14.0	68.0	455.0	15.0	34.0	34.0	22.0	0.0
1	3	8	-0.6039336613210684	0.7270561753449389	-1.2857142857142858	7194.0	436.0	450.0	42.0	16.0	1137.0	58.0	39.0	67.0	456.0	15.0	34.0	22.0	33.0	1.0
1	8	3	-0.9436463458141696	0.8273248120911074	0.2647058823529412	7194.0	450.0	436.0	42.0	16.0	1137.0	67.0	34.0	58.0	456.0	22.0	39.0	15.0	33.0	1.0
3	1	8	1.677593503669633	0.04671321763949465	0.6097560975609756	7194.0	436.0	1137.0	58.0	39.0	450.0	42.0	16.0	67.0	456.0	15.0	34.0	33.0	22.0	1.0
1	3	9	-1.5477576679135423	0.9391596584247761	1.1630434782608696	7266.0	364.0	466.0	31.0	11.0	1155.0	46.0	33.0	153.0	371.0	14.0	45.0	15.0	30.0	0.0
1	9	3	-12.588429032363477	1.0	0.4672489082969432	7266.0	466.0	364.0	31.0	11.0	1155.0	153.0	45.0	46.0	371.0	15.0	33.0	14.0	30.0	0.0
3	1	9	1.7647330419201133	0.03880427612463644	0.8905109489051095	7266.0	364.0	1155.0	46.0	33.0	466.0	31.0	11.0	153.0	371.0	14.0	45.0	30.0	15.0	0.0
1	4	5	0.7345567516265439	0.23130467364290985	0.02074688796680498	7365.0	248.0	253.0	257.0	15.0	1207.0	21.0	24.0	26.0	497.0	10.0	13.0	10.0	53.0	1.0
1	5	4	-99999.9	1.0	-0.022123893805309734	7365.0	253.0	248.0	257.0	15.0	1207.0	26.0	13.0	21.0	497.0	10.0	24.0	10.0	53.0	1.0
4	1	5	-33.93652192514635	1.0	0.49464668094218417	7365.0	248.0	1207.0	21.0	24.0	253.0	257.0	15.0	26.0	497.0	10.0	13.0	53.0	10.0	1.0
1	4	6	-99999.9	1.0	-0.006097560975609756	7318.0	295.0	316.0	199.0	10.0	1195.0	34.0	23.0	33.0	488.0	12.0	15.0	11.0	50.0	1.0
1	6	4	0.1224344911921608	0.4512774210952263	0.005988023952095808	7318.0	316.0	295.0	199.0	10.0	1195.0	33.0	15.0	34.0	488.0	11.0	23.0	12.0	50.0	1.0
4	1	6	-20.20169104670658	1.0	0.5015105740181269	7318.0	295.0	1195.0	34.0	23.0	316.0	199.0	10.0	33.0	488.0	12.0	15.0	50.0	11.0	1.0
1	4	7	-99999.9	1.0	-0.006369426751592357	7311.0	302.0	323.0	190.0	12.0	1194.0	32.0	26.0	31.0	492.0	10.0	15.0	11.0	49.0	2.0
1	7	4	0.12627090047943038	0.4497587072056889	0.00625	7311.0	323.0	302.0	190.0	12.0	1194.0	31.0	15.0	32.0	492.0	11.0	26.0	10.0	49.0	2.0
4	1	7	-19.950802275750135	1.0	0.501577287066246	7311.0	302.0	1194.0	32.0	26.0	323.0	190.0	12.0	31.0	492.0	10.0	15.0	49.0	11.0	2.0
1	4	8	-99999.9	1.0	-0.01282051282051282	7317.0	296.0	327.0	190.0	8.0	1193.0	32.0	27.0	30.0	492.0	11.0	15.0	12.0	49.0	1.0
1	8	4	0.2552733296654895	0.39925605599811864	0.01234567901234568	7317.0	327.0	296.0	190.0	8.0	1193.0	30.0	15.0	32.0	492.0	12.0	27.0	11.0	49.0	1.0
4	1	8	-20.16659304357371	1.0	0.5031446540880503	7317.0	296.0	1193.0	32.0	27.0	327.0	190.0	8.0	30.0	492.0	11.0	15.0	49.0	12.0	1.0
1	4	9	0.0	0.49999999949999996	nan	7257.0	356.0	475.0	41.0	9.0	1179.0	41.0	32.0	135.0	381.0	17.0	39.0	10.0	28.0	0.0
1	9	4	-10.37423962257719	1.0	0.5	7257.0	475.0	356.0	41.0	9.0	1179.0	135.0	39.0	41.0	381.0	10.0	32.0	17.0	28.0	0.0
4	1	9	0.0	0.49999999949999996	nan	7257.0	356.0	1179.0	41.0	32.0	475.0	41.0	9.0	135.0	381.0	17.0	39.0	28.0	10.0	0.0
1	5	6	-99999.9	1.0	-0.043478260869565216	7328.0	290.0	306.0	202.0	12.0	1190.0	34.0	22.0	27.0	487.0	14.0	26.0	12.0	49.0	1.0
1	6	5	0.9089946334287673	0.18167645346816674	0.038461538461538464	7328.0	306.0	290.0	202.0	12.0	1190.0	27.0	26.0	34.0	487.0	12.0	22.0	14.0	49.0	1.0
5	1	6	-21.815871202290424	1.0	0.5102040816326531	7328.0	290.0	1190.0	34.0	22.0	306.0	202.0	12.0	27.0	487.0	14.0	26.0	49.0	12.0	1.0
1	5	7	-99999.9	1.0	-0.03164556962025317	7320.0	298.0	314.0	194.0	12.0	1188.0	31.0	27.0	26.0	492.0	10.0	26.0	12.0	49.0	1.0
1	7	5	0.6696833878668995	0.2515297559951374	0.028901734104046246	7320.0	314.0	298.0	194.0	12.0	1188.0	26.0	26.0	31.0	492.0	12.0	27.0	10.0	49.0	1.0
5	1	7	-21.831678444460934	1.0	0.5075528700906344	7320.0	298.0	1188.0	31.0	27.0	314.0	194.0	12.0	26.0	492.0	10.0	26.0	49.0	12.0	1.0
1	5	8	-99999.9	1.0	-0.0440251572327044	7329.0	289.0	315.0	196.0	9.0	1189.0	30.0	27.0	23.0	494.0	11.0	26.0	12.0	49.0	1.0
1	8	5	0.9745429617973937	0.16489350919232038	0.03888888888888889	7329.0	315.0	289.0	196.0	9.0	1189.0	23.0	26.0	30.0	494.0	12.0	27.0	11.0	49.0	1.0
5	1	8	-23.110590236909623	1.0	0.5103244837758112	7329.0	289.0	1189.0	30.0	27.0	315.0	196.0	9.0	23.0	494.0	11.0	26.0	49.0	12.0	1.0
1	5	9	0.11162304762732737	0.45556109920354415	0.9893617021276596	7263.0	355.0	469.0	41.0	10.0	1175.0	40.0	31.0	133.0	377.0	18.0	45.0	15.0	28.0	0.0
1	9	5	-10.269320381714087	1.0	0.5027027027027027	7263.0	469.0	355.0	41.0	10.0	1175.0	133.0	45.0	40.0	377.0	15.0	31.0	18.0	28.0	0.0
5	1	9	-0.1104227998033776	0.5439630140670149	1.010989010989011	7263.0	355.0	1175.0	40.0	31.0	469.0	41.0	10.0	133.0	377.0	18.0	45.0	28.0	15.0	0.0
1	6	7	0.1326206070143703	0.4472466847526331	0.004424778761061947	7395.0	239.0	239.0	253.0	12.0	1194.0	28.0	21.0	29.0	499.0	5.0	17.0	8.0	59.0	2.0
1	7	6	-99999.9	1.0	-0.004484304932735426	7395.0	239.0	239.0	253.0	12.0	1194.0	29.0	17.0	28.0	499.0	8.0	21.0	5.0	59.0	2.0
6	1	7	-29.707015971219004	1.0	0.49888641425389757	7395.0	239.0	1194.0	28.0	21.0	239.0	253.0	12.0	29.0	499.0	5.0	17.0	59.0	8.0	2.0
1	6	8	-99999.9	1.0	-0.004524886877828054	7400.0	234.0	244.0	249.0	11.0	1195.0	27.0	21.0	26.0	500.0	7.0	17.0	9.0	58.0	2.0
1	8	6	0.13752686480888493	0.4453071515238797	0.004464285714285714	7400.0	244.0	234.0	249.0	11.0	1195.0	26.0	17.0	27.0	500.0	9.0	21.0	7.0	58.0	2.0
6	1	8	-30.530963987572505	1.0	0.5011235955056179	7400.0	234.0	1195.0	27.0	21.0	244.0	249.0	11.0	26.0	500.0	7.0	17.0	58.0	9.0	2.0
1	6	9	-0.22387438779530128	0.5885724360638165	1.0208333333333333	7277.0	357.0	455.0	38.0	11.0	1172.0	40.0	31.0	138.0	380.0	15.0	43.0	12.0	30.0	1.0
1	9	6	-11.193719389765063	1.0	0.494949494949495	7277.0	455.0	357.0	38.0	11.0	1172.0	138.0	43.0	40.0	380.0	12.0	31.0	15.0	30.0	1.0
6	1	9	0.22844325285234826	0.4096508776011001	0.9803921568627451	7277.0	357.0	1172.0	40.0	31.0	455.0	38.0	11.0	138.0	380.0	15.0	43.0	30.0	12.0	1.0
1	7	8	-99999.9	1.0	-0.005050505050505051	7550.0	84.0	94.0	406.0	4.0	1223.0	8.0	9.0	6.0	525.0	4.0	9.0	3.0	75.0	0.0
1	8	7	0.5335742787360656	0.2968180348855656	0.0049751243781094535	7550.0	94.0	84.0	406.0	4.0	1223.0	6.0	9.0	8.0	525.0	3.0	9.0	4.0	75.0	0.0
7	1	8	-106.18128146847701	1.0	0.5012531328320802	7550.0	84.0	1223.0	8.0	9.0	94.0	406.0	4.0	6.0	525.0	4.0	9.0	75.0	3.0	0.0
1	7	9	-0.3403755789195974	0.6332130795255737	1.0319148936170213	7274.0	360.0	458.0	36.0	10.0	1171.0	39.0	30.0	136.0	382.0	17.0	46.0	11.0	28.0	2.0
1	9	7	-11.345852630653251	1.0	0.49238578680203043	7274.0	458.0	360.0	36.0	10.0	1171.0	136.0	46.0	39.0	382.0	11.0	30.0	17.0	28.0	2.0
7	1	9	0.35090265867999737	0.36283075339486703	0.970873786407767	7274.0	360.0	1171.0	39.0	30.0	458.0	36.0	10.0	136.0	382.0	17.0	46.0	28.0	11.0	2.0
1	8	9	0.11752819990782643	0.4532207045303205	0.9900990099009901	7286.0	358.0	446.0	37.0	11.0	1171.0	36.0	31.0	136.0	384.0	16.0	46.0	12.0	28.0	2.0
1	9	8	-11.635291790874836	1.0	0.5025125628140703	7286.0	446.0	358.0	37.0	11.0	1171.0	136.0	46.0	36.0	384.0	12.0	31.0	16.0	28.0	2.0
8	1	9	-0.11635291790874817	0.5463136217060366	1.010204081632653	7286.0	358.0	1171.0	36.0	31.0	446.0	37.0	11.0	136.0	384.0	16.0	46.0	28.0	12.0	2.0
2	3	4	-0.6346541694183887	0.7371730634511174	0.20689655172413793	7386.0	456.0	461.0	37.0	16.0	929.0	60.0	33.0	54.0	467.0	15.0	35.0	18.0	32.0	1.0
2	4	3	-0.4690922121788092	0.6804981220187714	-0.5454545454545455	7386.0	461.0	456.0	37.0	16.0	929.0	54.0	35.0	60.0	467.0	18.0	33.0	15.0	32.0	1.0
3	2	4	1.7981868133521028	0.03607365228889747	0.425	7386.0	456.0	929.0	60.0	33.0	461.0	37.0	16.0	54.0	467.0	15.0	35.0	32.0	18.0	1.0
2	3	5	-0.4325248846634251	0.6673199806514196	3.0	7378.0	464.0	459.0	40.0	15.0	942.0	46.0	34.0	55.0	461.0	20.0	30.0	20.0	33.0	3.0
2	5	3	-1.081312211658563	0.8602208327204746	0.37499999999999994	7378.0	459.0	464.0	40.0	15.0	942.0	55.0	30.0	46.0	461.0	20.0	34.0	20.0	33.0	3.0
3	2	5	0.7208748077723752	0.23549320252686745	0.7142857142857143	7378.0	464.0	942.0	46.0	34.0	459.0	40.0	15.0	55.0	461.0	20.0	30.0	33.0	20.0	3.0
2	3	6	-0.0987436445886249	0.5393291504876803	0.041666666666666664	7389.0	453.0	464.0	31.0	19.0	939.0	54.0	29.0	53.0	469.0	14.0	32.0	21.0	31.0	2.0
2	6	3	-0.09445044264998903	0.5376243866677533	-0.047619047619047616	7389.0	464.0	453.0	31.0	19.0	939.0	53.0	32.0	54.0	469.0	21.0	29.0	14.0	31.0	2.0
3	2	6	2.172360180949742	0.01491420031814561	0.4888888888888889	7389.0	453.0	939.0	54.0	29.0	464.0	31.0	19.0	53.0	469.0	14.0	32.0	31.0	21.0	2.0
2	3	7	-0.4915468865123043	0.6884801474722066	-1.75	7382.0	460.0	461.0	38.0	15.0	943.0	49.0	30.0	56.0	466.0	14.0	32.0	21.0	32.0	1.0
2	7	3	-0.804349450656498	0.7894024660081225	0.28	7382.0	461.0	460.0	38.0	15.0	943.0	56.0	32.0	49.0	466.0	21.0	30.0	14.0	32.0	1.0
3	2	7	1.2639777081744967	0.10311908286822091	0.6206896551724137	7382.0	460.0	943.0	49.0	30.0	461.0	38.0	15.0	56.0	466.0	14.0	32.0	32.0	21.0	1.0
2	3	8	-0.41999051442515895	0.6627537680240434	-0.41666666666666674	7387.0	455.0	465.0	33.0	16.0	944.0	50.0	28.0	55.0	465.0	16.0	31.0	20.0	33.0	2.0
2	8	3	-0.5435171363149114	0.7066131261470778	0.18518518518518517	7387.0	465.0	455.0	33.0	16.0	944.0	55.0	31.0	50.0	465.0	20.0	28.0	16.0	33.0	2.0
3	2	8	1.8479582634707008	0.03230413030750956	0.5641025641025642	7387.0	455.0	944.0	50.0	28.0	465.0	33.0	16.0	55.0	465.0	16.0	31.0	33.0	20.0	2.0
2	3	9	-1.6005551030493002	0.9452622540201915	1.1724137931034482	7460.0	382.0	475.0	28.0	11.0	961.0	43.0	18.0	145.0	376.0	15.0	44.0	14.0	28.0	0.0
2	9	3	-12.484329803784545	1.0	0.4657534246575343	7460.0	475.0	382.0	28.0	11.0	961.0	145.0	44.0	43.0	376.0	14.0	18.0	15.0	28.0	0.0
3	2	9	1.8359308534977263	0.033183883561587746	0.8863636363636362	7460.0	382.0	961.0	43.0	18.0	475.0	28.0	11.0	145.0	376.0	15.0	44.0	28.0	14.0	0.0
2	4	5	1.5293854966549032	0.06308447398051475	0.044897959183673466	7594.0	253.0	243.0	255.0	11.0	978.0	21.0	19.0	32.0	498.0	15.0	17.0	8.0	54.0	2.0
2	5	4	-99999.9	1.0	-0.051886792452830184	7594.0	243.0	253.0	255.0	11.0	978.0	32.0	17.0	21.0	498.0	8.0	19.0	15.0	54.0	2.0
4	2	5	-31.004815068549412	1.0	0.4879649890590809	7594.0	253.0	978.0	21.0	19.0	243.0	255.0	11.0	32.0	498.0	15.0	17.0	54.0	8.0	2.0
2	4	6	0.23696788667640356	0.40634090042199156	0.012738853503184712	7547.0	300.0	306.0	190.0	13.0	966.0	35.0	17.0	37.0	498.0	10.0	21.0	11.0	49.0	0.0
2	6	4	-99999.9	1.0	-0.013245033112582781	7547.0	306.0	300.0	190.0	13.0	966.0	37.0	21.0	35.0	498.0	11.0	17.0	10.0	49.0	0.0
4	2	6	-18.1280433307449	1.0	0.4967532467532467	7547.0	300.0	966.0	35.0	17.0	306.0	190.0	13.0	37.0	498.0	10.0	21.0	49.0	11.0	0.0
2	4	7	1.3524376621354064	0.08811773671915768	0.06395348837209303	7535.0	312.0	308.0	190.0	11.0	970.0	29.0	19.0	40.0	495.0	10.0	21.0	12.0	46.0	2.0
2	7	4	-99999.9	1.0	-0.07913669064748202	7535.0	308.0	312.0	190.0	11.0	970.0	40.0	21.0	29.0	495.0	12.0	19.0	10.0	46.0	2.0
4	2	7	-18.44233175639191	1.0	0.48231511254019294	7535.0	312.0	970.0	29.0	19.0	308.0	190.0	11.0	40.0	495.0	10.0	21.0	46.0	12.0	2.0
2	4	8	1.1205710601862233	0.13123529446965654	0.053571428571428575	7539.0	308.0	313.0	188.0	8.0	971.0	29.0	18.0	38.0	495.0	12.0	21.0	11.0	48.0	1.0
2	8	4	-99999.9	1.0	-0.06382978723404255	7539.0	313.0	308.0	188.0	8.0	971.0	38.0	21.0	29.0	495.0	11.0	18.0	12.0	48.0	1.0
4	2	8	-18.676184336437068	1.0	0.4854368932038835	7539.0	308.0	971.0	29.0	18.0	313.0	188.0	8.0	38.0	495.0	12.0	21.0	48.0	11.0	1.0
2	4	9	-0.6023186244065029	0.7265190158996998	1.0510204081632653	7469.0	378.0	466.0	30.0	13.0	967.0	35.0	16.0	138.0	391.0	16.0	45.0	7.0	29.0	0.0
2	9	4	-13.010082287180472	1.0	0.4881516587677725	7469.0	466.0	378.0	30.0	13.0	967.0	138.0	45.0	35.0	391.0	7.0	16.0	16.0	29.0	0.0
4	2	9	0.6315573925815758	0.26383800981595307	0.9557522123893806	7469.0	378.0	967.0	35.0	16.0	466.0	30.0	13.0	138.0	391.0	16.0	45.0	29.0	7.0	0.0
2	5	6	-99999.9	1.0	-0.05921052631578948	7543.0	294.0	310.0	196.0	13.0	975.0	35.0	17.0	26.0	492.0	9.0	23.0	17.0	50.0	0.0
2	6	5	1.1720552511010016	0.12058749794762469	0.05027932960893854	7543.0	310.0	294.0	196.0	13.0	975.0	26.0	23.0	35.0	492.0	17.0	17.0	9.0	50.0	0.0
5	2	6	-20.966766158584587	1.0	0.513595166163142	7543.0	294.0	975.0	35.0	17.0	310.0	196.0	13.0	26.0	492.0	9.0	23.0	50.0	17.0	0.0
2	5	7	0.13271434761167236	0.44720961540773296	0.0058823529411764705	7529.0	308.0	314.0	197.0	8.0	979.0	28.0	20.0	29.0	490.0	8.0	23.0	18.0	48.0	1.0
2	7	5	-99999.9	1.0	-0.005988023952095808	7529.0	314.0	308.0	197.0	8.0	979.0	29.0	23.0	28.0	490.0	18.0	20.0	8.0	48.0	1.0
5	2	7	-22.296010398761	1.0	0.49851632047477745	7529.0	308.0	979.0	28.0	20.0	314.0	197.0	8.0	29.0	490.0	8.0	23.0	48.0	18.0	1.0
2	5	8	-99999.9	1.0	-0.011904761904761904	7537.0	300.0	315.0	198.0	6.0	981.0	28.0	18.0	26.0	491.0	10.0	23.0	16.0	50.0	1.0
2	8	5	0.2733718187194121	0.39228377008456605	0.011494252873563218	7537.0	315.0	300.0	198.0	6.0	981.0	26.0	23.0	28.0	491.0	16.0	18.0	10.0	50.0	1.0
5	2	8	-23.23660459115002	1.0	0.5029239766081871	7537.0	300.0	981.0	28.0	18.0	315.0	198.0	6.0	26.0	491.0	10.0	23.0	50.0	16.0	1.0
2	5	9	-0.1196317573541524	0.5476126122972376	1.0108695652173914	7464.0	373.0	471.0	34.0	14.0	974.0	35.0	18.0	128.0	384.0	15.0	48.0	14.0	28.0	0.0
2	9	5	-11.2453851912903	1.0	0.49732620320855614	7464.0	471.0	373.0	34.0	14.0	974.0	128.0	48.0	35.0	384.0	14.0	18.0	15.0	28.0	0.0
5	2	9	0.1209181203364551	0.45187790266483674	0.9894736842105263	7464.0	373.0	974.0	35.0	18.0	471.0	34.0	14.0	128.0	384.0	15.0	48.0	28.0	14.0	0.0
2	6	7	1.3000528422855582	0.09679149721998814	0.03829787234042553	7599.0	254.0	244.0	246.0	13.0	990.0	20.0	14.0	29.0	509.0	6.0	12.0	7.0	56.0	1.0
2	7	6	-99999.9	1.0	-0.043269230769230775	7599.0	244.0	254.0	246.0	13.0	990.0	29.0	12.0	20.0	509.0	7.0	14.0	6.0	56.0	1.0
6	2	7	-31.345718530662886	1.0	0.489841986455982	7599.0	254.0	990.0	20.0	14.0	244.0	246.0	13.0	29.0	509.0	6.0	12.0	56.0	7.0	1.0
2	6	8	0.8924090067255898	0.18608684061070546	0.026431718061674013	7603.0	250.0	249.0	241.0	13.0	992.0	20.0	12.0	26.0	509.0	9.0	12.0	6.0	57.0	1.0
2	8	6	-99999.9	1.0	-0.028708133971291867	7603.0	249.0	250.0	241.0	13.0	992.0	26.0	12.0	20.0	509.0	6.0	12.0	9.0	57.0	1.0
6	2	8	-31.977989407666993	1.0	0.49311926605504586	7603.0	250.0	992.0	20.0	12.0	249.0	241.0	13.0	26.0	509.0	9.0	12.0	57.0	6.0	1.0
2	6	9	-0.37786942653613326	0.6472361446352195	1.0288461538461537	7475.0	378.0	460.0	29.0	14.0	974.0	32.0	18.0	139.0	391.0	14.0	37.0	10.0	28.0	1.0
2	9	6	-13.855212306324912	1.0	0.49308755760368667	7475.0	460.0	378.0	29.0	14.0	974.0	139.0	37.0	32.0	391.0	10.0	18.0	14.0	28.0	1.0
6	2	9	0.38846389643901547	0.34883643722999125	0.9734513274336283	7475.0	378.0	974.0	32.0	18.0	460.0	29.0	14.0	139.0	391.0	14.0	37.0	28.0	10.0	1.0
2	7	8	-99999.9	1.0	-0.00746268656716418	7755.0	88.0	97.0	413.0	3.0	1018.0	8.0	5.0	5.0	525.0	6.0	7.0	2.0	68.0	0.0
2	8	7	0.8305076159936018	0.20312586947694122	0.0072992700729927005	7755.0	97.0	88.0	413.0	3.0	1018.0	5.0	7.0	8.0	525.0	2.0	5.0	6.0	68.0	0.0
7	2	8	-112.11852815913659	1.0	0.5018450184501846	7755.0	88.0	1018.0	8.0	5.0	97.0	413.0	3.0	5.0	525.0	6.0	7.0	68.0	2.0	0.0
2	7	9	-0.7006260172441837	0.7582318502566571	1.065934065934066	7468.0	375.0	467.0	31.0	15.0	977.0	37.0	17.0	134.0	387.0	15.0	39.0	9.0	28.0	1.0
2	9	7	-12.027413296025168	1.0	0.485	7468.0	467.0	375.0	31.0	15.0	977.0	134.0	39.0	37.0	387.0	9.0	17.0	15.0	28.0	1.0
7	2	9	0.7439637090324838	0.22844914694506124	0.944954128440367	7468.0	375.0	977.0	37.0	17.0	467.0	31.0	15.0	134.0	387.0	15.0	39.0	28.0	9.0	1.0
2	8	9	-0.24329835909345865	0.5961128103742016	1.0210526315789474	7478.0	374.0	457.0	32.0	15.0	979.0	34.0	17.0	131.0	389.0	15.0	40.0	10.0	28.0	1.0
2	9	8	-12.043268775126203	1.0	0.4948979591836735	7478.0	457.0	374.0	32.0	15.0	979.0	131.0	40.0	34.0	389.0	10.0	17.0	15.0	28.0	1.0
8	2	9	0.24831482010569497	0.4019454708703065	0.9801980198019802	7478.0	374.0	979.0	34.0	17.0	457.0	32.0	15.0	131.0	389.0	15.0	40.0	28.0	10.0	1.0
3	4	5	-99999.9	1.0	-0.016260162601626018	8052.0	263.0	268.0	268.0	13.0	520.0	18.0	12.0	14.0	508.0	14.0	10.0	8.0	31.0	1.0
3	5	4	0.7101375328585475	0.2388093573639002	0.015503875968992248	8052.0	268.0	263.0	268.0	13.0	520.0	14.0	10.0	18.0	508.0	8.0	12.0	14.0	31.0	1.0
4	3	5	-44.38359580365917	1.0	0.503968253968254	8052.0	263.0	520.0	18.0	12.0	268.0	268.0	13.0	14.0	508.0	14.0	10.0	31.0	8.0	1.0
3	4	6	0.9044672872188319	0.18287380888902138	0.02577319587628866	7991.0	324.0	337.0	202.0	10.0	522.0	13.0	15.0	18.0	508.0	10.0	9.0	10.0	27.0	4.0
3	6	4	-99999.9	1.0	-0.027932960893854747	7991.0	337.0	324.0	202.0	10.0	522.0	18.0	9.0	13.0	508.0	10.0	15.0	10.0	27.0	4.0
4	3	6	-33.284396169652986	1.0	0.4932975871313673	7991.0	324.0	522.0	13.0	15.0	337.0	202.0	10.0	18.0	508.0	10.0	9.0	27.0	10.0	4.0
3	4	7	0.17426730663041778	0.4308276998268974	0.005524861878453039	7983.0	332.0	342.0	196.0	11.0	522.0	16.0	12.0	17.0	509.0	10.0	10.0	11.0	26.0	3.0
3	7	4	-99999.9	1.0	-0.005617977528089888	7983.0	342.0	332.0	196.0	11.0	522.0	17.0	10.0	16.0	509.0	11.0	12.0	10.0	26.0	3.0
4	3	7	-31.19384788684475	1.0	0.4986072423398329	7983.0	332.0	522.0	16.0	12.0	342.0	196.0	11.0	17.0	509.0	10.0	10.0	26.0	11.0	3.0
3	4	8	0.7603934777672438	0.22350964358653647	0.0213903743315508	7985.0	330.0	346.0	195.0	8.0	525.0	12.0	13.0	16.0	508.0	12.0	10.0	11.0	28.0	1.0
3	8	4	-99999.9	1.0	-0.022857142857142857	7985.0	346.0	330.0	195.0	8.0	525.0	16.0	10.0	12.0	508.0	11.0	13.0	12.0	28.0	1.0
4	3	8	-34.027608130084154	1.0	0.494475138121547	7985.0	330.0	525.0	12.0	13.0	346.0	195.0	8.0	16.0	508.0	12.0	10.0	28.0	11.0	1.0
3	4	9	2.1053127837115806	0.017631983153407416	0.8793103448275863	7913.0	402.0	508.0	30.0	11.0	523.0	16.0	11.0	118.0	405.0	13.0	23.0	11.0	15.0	1.0
3	9	4	-13.233394640472792	1.0	0.5368421052631579	7913.0	508.0	402.0	30.0	11.0	523.0	118.0	23.0	16.0	405.0	11.0	11.0	13.0	15.0	1.0
4	3	9	-1.8163482839864615	0.965341573750234	1.1891891891891893	7913.0	402.0	523.0	16.0	11.0	508.0	30.0	11.0	118.0	405.0	13.0	23.0	15.0	11.0	1.0
3	5	6	1.1941073623058431	0.11621805091549142	0.035353535353535345	8001.0	319.0	327.0	205.0	12.0	517.0	14.0	13.0	21.0	503.0	10.0	11.0	14.0	30.0	3.0
3	6	5	-99999.9	1.0	-0.03954802259887006	8001.0	327.0	319.0	205.0	12.0	517.0	21.0	11.0	14.0	503.0	14.0	13.0	10.0	30.0	3.0
5	3	6	-31.387964952039304	1.0	0.49066666666666664	8001.0	319.0	517.0	14.0	13.0	327.0	205.0	12.0	21.0	503.0	10.0	11.0	30.0	14.0	3.0
3	5	7	0.8075614141806341	0.20967149517616224	0.026455026455026454	7992.0	328.0	333.0	201.0	10.0	516.0	17.0	11.0	22.0	504.0	8.0	11.0	15.0	30.0	2.0
3	7	5	-99999.9	1.0	-0.028735632183908046	7992.0	333.0	328.0	201.0	10.0	516.0	22.0	11.0	17.0	504.0	15.0	11.0	8.0	30.0	2.0
5	3	7	-28.910698627666743	1.0	0.4931129476584022	7992.0	328.0	516.0	17.0	11.0	333.0	201.0	10.0	22.0	504.0	8.0	11.0	30.0	15.0	2.0
3	5	8	1.2291726808439714	0.10950360223113598	0.03553299492385787	7998.0	322.0	333.0	203.0	8.0	520.0	13.0	11.0	20.0	504.0	10.0	11.0	14.0	32.0	1.0
3	8	5	-99999.9	1.0	-0.03977272727272727	7998.0	333.0	322.0	203.0	8.0	520.0	20.0	11.0	13.0	504.0	14.0	11.0	10.0	32.0	1.0
5	3	8	-32.13408579920666	1.0	0.4906166219839142	7998.0	322.0	520.0	13.0	11.0	333.0	203.0	8.0	20.0	504.0	10.0	11.0	32.0	14.0	1.0
3	5	9	2.10414805809346	0.017682704903636992	0.8833333333333333	7921.0	399.0	500.0	30.0	14.0	517.0	16.0	11.0	122.0	400.0	12.0	25.0	16.0	16.0	1.0
3	9	5	-13.82725866747131	1.0	0.5353535353535352	7921.0	500.0	399.0	30.0	14.0	517.0	122.0	25.0	16.0	400.0	16.0	11.0	12.0	16.0	1.0
5	3	9	-1.8262417107980975	0.9660931263620001	1.1794871794871795	7921.0	399.0	517.0	16.0	11.0	500.0	30.0	14.0	122.0	400.0	12.0	25.0	16.0	16.0	1.0
3	6	7	-99999.9	1.0	-0.012195121951219513	8065.0	263.0	260.0	264.0	12.0	524.0	15.0	10.0	12.0	514.0	5.0	13.0	7.0	33.0	3.0
3	7	6	0.5789367456030505	0.28131588757812387	0.011764705882352941	8065.0	260.0	263.0	264.0	12.0	524.0	12.0	13.0	15.0	514.0	7.0	10.0	5.0	33.0	3.0
6	3	7	-48.05174988505326	1.0	0.5029940119760479	8065.0	263.0	524.0	15.0	10.0	260.0	264.0	12.0	12.0	514.0	5.0	13.0	33.0	7.0	3.0
3	6	8	-99999.9	1.0	-0.004032258064516129	8067.0	261.0	264.0	260.0	12.0	528.0	11.0	10.0	10.0	514.0	7.0	13.0	6.0	33.0	4.0
3	8	6	0.21809370772315387	0.41367808748605395	0.00398406374501992	8067.0	264.0	261.0	260.0	12.0	528.0	10.0	13.0	11.0	514.0	6.0	10.0	7.0	33.0	4.0
6	3	8	-54.30533322306537	1.0	0.5010020040080161	8067.0	261.0	528.0	11.0	10.0	264.0	260.0	12.0	10.0	514.0	7.0	13.0	33.0	6.0	4.0
3	6	9	2.021072468112224	0.02163606352001768	0.8839285714285714	7926.0	402.0	495.0	28.0	13.0	523.0	15.0	11.0	114.0	405.0	12.0	27.0	12.0	15.0	2.0
3	9	6	-13.370171712127016	1.0	0.5351351351351351	7926.0	495.0	402.0	28.0	13.0	523.0	114.0	27.0	15.0	405.0	12.0	11.0	12.0	15.0	2.0
6	3	9	-1.755679113713649	0.9604284356370918	1.178082191780822	7926.0	402.0	523.0	15.0	11.0	495.0	28.0	13.0	114.0	405.0	12.0	27.0	15.0	12.0	2.0
3	7	8	0.3004352461622513	0.381922659384097	0.0023148148148148147	8230.0	95.0	101.0	436.0	2.0	543.0	5.0	1.0	6.0	524.0	6.0	2.0	2.0	46.0	1.0
3	8	7	-99999.9	1.0	-0.002331002331002331	8230.0	101.0	95.0	436.0	2.0	543.0	6.0	2.0	5.0	524.0	2.0	1.0	6.0	46.0	1.0
7	3	8	-129.18715584976823	1.0	0.4994192799070848	8230.0	95.0	543.0	5.0	1.0	101.0	436.0	2.0	6.0	524.0	6.0	2.0	46.0	2.0	1.0
3	7	9	1.930531143261937	0.026770462154585117	0.8983050847457628	7921.0	404.0	500.0	26.0	13.0	524.0	14.0	11.0	120.0	404.0	12.0	20.0	14.0	16.0	1.0
3	9	7	-15.12249395555183	1.0	0.53	7921.0	500.0	404.0	26.0	13.0	524.0	120.0	20.0	14.0	404.0	14.0	11.0	12.0	16.0	1.0
7	3	9	-1.7119804477983216	0.9565498967087844	1.146341463414634	7921.0	404.0	524.0	14.0	11.0	500.0	26.0	13.0	120.0	404.0	12.0	20.0	16.0	14.0	1.0
3	8	9	2.548312389160869	0.005412299047282021	0.8632478632478633	7929.0	402.0	492.0	28.0	13.0	528.0	12.0	11.0	113.0	406.0	12.0	23.0	14.0	15.0	2.0
3	9	8	-13.53790956741711	1.0	0.543010752688172	7929.0	492.0	402.0	28.0	13.0	528.0	113.0	23.0	12.0	406.0	14.0	11.0	12.0	15.0	2.0
8	3	9	-2.144619337412612	0.9840084093967187	1.2318840579710144	7929.0	402.0	528.0	12.0	11.0	492.0	28.0	13.0	113.0	406.0	12.0	23.0	15.0	14.0	2.0
4	5	6	0.3282294448871108	0.37136916143630727	0.9714285714285714	8248.0	324.0	265.0	20.0	8.0	270.0	18.0	4.0	86.0	705.0	16.0	8.0	14.0	13.0	1.0
4	6	5	-10.83157168127464	1.0	0.5074626865671642	8248.0	265.0	324.0	20.0	8.0	270.0	86.0	8.0	18.0	705.0	14.0	4.0	16.0	13.0	1.0
5	4	6	-0.3185756376845487	0.6249757661661267	1.03125	8248.0	324.0	270.0	18.0	4.0	265.0	20.0	8.0	86.0	705.0	16.0	8.0	13.0	14.0	1.0
4	5	7	0.9162791411033981	0.17976022971166117	0.9358974358974359	8235.0	337.0	270.0	18.0	5.0	273.0	13.0	6.0	86.0	705.0	16.0	10.0	13.0	12.0	1.0
4	7	5	-12.461396319006218	1.0	0.5177304964539008	8235.0	270.0	337.0	18.0	5.0	273.0	86.0	10.0	13.0	705.0	13.0	6.0	16.0	12.0	1.0
5	4	7	-0.8535202958223437	0.8033146266880107	1.0793650793650793	8235.0	337.0	273.0	13.0	6.0	270.0	18.0	5.0	86.0	705.0	16.0	10.0	12.0	13.0	1.0
4	5	8	1.444861014421461	0.07424850886592782	0.9036144578313253	8241.0	331.0	269.0	20.0	4.0	277.0	12.0	3.0	87.0	706.0	14.0	8.0	13.0	13.0	2.0
4	8	5	-12.10071099577974	1.0	0.528169014084507	8241.0	269.0	331.0	20.0	4.0	277.0	87.0	8.0	12.0	706.0	13.0	3.0	14.0	13.0	2.0
5	4	8	-1.2907425062165054	0.9016034416845569	1.1355932203389831	8241.0	331.0	277.0	12.0	3.0	269.0	20.0	4.0	87.0	706.0	14.0	8.0	13.0	13.0	2.0
4	5	9	0.392446782812398	0.34736411481159346	0.9941860465116279	8165.0	407.0	271.0	14.0	8.0	273.0	12.0	7.0	354.0	428.0	25.0	22.0	10.0	4.0	0.0
4	9	5	-66.7159530781077	1.0	0.501466275659824	8165.0	271.0	407.0	14.0	8.0	273.0	354.0	22.0	12.0	428.0	10.0	7.0	25.0	4.0	0.0
5	4	9	-0.3901517723865945	0.6517877861439905	1.0059171597633136	8165.0	407.0	273.0	12.0	7.0	271.0	14.0	8.0	354.0	428.0	25.0	22.0	4.0	10.0	0.0
4	6	7	0.5654844945128249	0.28587209978195904	0.041666666666666664	8243.0	270.0	262.0	82.0	8.0	346.0	13.0	5.0	16.0	710.0	11.0	7.0	8.0	19.0	0.0
4	7	6	-99999.9	1.0	-0.047619047619047616	8243.0	262.0	270.0	82.0	8.0	346.0	16.0	7.0	13.0	710.0	8.0	5.0	11.0	19.0	0.0
6	4	7	-12.440658879282157	1.0	0.4888888888888889	8243.0	270.0	346.0	13.0	5.0	262.0	82.0	8.0	16.0	710.0	11.0	7.0	19.0	8.0	0.0
4	6	8	0.7986561028696395	0.2122448631822692	0.05714285714285715	8244.0	269.0	266.0	77.0	9.0	351.0	11.0	2.0	15.0	711.0	11.0	6.0	9.0	19.0	0.0
4	8	6	-99999.9	1.0	-0.06896551724137931	8244.0	266.0	269.0	77.0	9.0	351.0	15.0	6.0	11.0	711.0	9.0	2.0	11.0	19.0	0.0
6	4	8	-12.379169594479416	1.0	0.484375	8244.0	269.0	351.0	11.0	2.0	266.0	77.0	9.0	15.0	711.0	11.0	6.0	19.0	9.0	0.0
4	6	9	0.0	0.49999999949999996	nan	8105.0	408.0	331.0	16.0	5.0	344.0	16.0	4.0	289.0	425.0	23.0	16.0	9.0	7.0	2.0
4	9	6	-48.18480778144276	1.0	0.5	8105.0	331.0	408.0	16.0	5.0	344.0	289.0	16.0	16.0	425.0	9.0	4.0	23.0	7.0	2.0
6	4	9	0.0	0.49999999949999996	nan	8105.0	408.0	344.0	16.0	4.0	331.0	16.0	5.0	289.0	425.0	23.0	16.0	7.0	9.0	2.0
4	7	8	0.33200478520551846	0.36994289083718246	0.00392156862745098	8410.0	95.0	100.0	258.0	2.0	363.0	4.0	2.0	5.0	722.0	4.0	4.0	5.0	26.0	0.0
4	8	7	-99999.9	1.0	-0.003968253968253968	8410.0	100.0	95.0	258.0	2.0	363.0	5.0	4.0	4.0	722.0	5.0	2.0	4.0	26.0	0.0
7	4	8	-83.99721065699596	1.0	0.4990138067061144	8410.0	95.0	363.0	4.0	2.0	100.0	258.0	2.0	5.0	722.0	4.0	4.0	26.0	5.0	0.0
4	7	9	-0.35151434069472937	0.6373986772711913	1.0075471698113208	8099.0	406.0	337.0	15.0	8.0	346.0	17.0	6.0	284.0	425.0	22.0	19.0	8.0	6.0	2.0
4	9	7	-47.27867882344102	1.0	0.4981343283582089	8099.0	337.0	406.0	15.0	8.0	346.0	284.0	19.0	17.0	425.0	8.0	6.0	22.0	6.0	2.0
7	4	9	0.3541474069171618	0.36161427213627384	0.992619926199262	8099.0	406.0	346.0	17.0	6.0	337.0	15.0	8.0	284.0	425.0	22.0	19.0	6.0	8.0	2.0
4	8	9	0.17963012323294608	0.42872148577110547	0.996268656716418	8106.0	404.0	330.0	16.0	9.0	351.0	15.0	6.0	282.0	427.0	22.0	16.0	8.0	6.0	2.0
4	9	8	-47.78161277996364	1.0	0.50093808630394	8106.0	330.0	404.0	16.0	9.0	351.0	282.0	16.0	15.0	427.0	8.0	6.0	22.0	6.0	2.0
8	4	9	-0.17895735123581893	0.5710143970998489	1.0037735849056604	8106.0	404.0	351.0	15.0	6.0	330.0	16.0	9.0	282.0	427.0	22.0	16.0	6.0	8.0	2.0
5	6	7	0.5478578890549936	0.2918947169436146	0.04477611940298507	8249.0	269.0	259.0	78.0	9.0	340.0	14.0	5.0	17.0	712.0	9.0	9.0	9.0	21.0	0.0
5	7	6	-99999.9	1.0	-0.05172413793103448	8249.0	259.0	269.0	78.0	9.0	340.0	17.0	9.0	14.0	712.0	9.0	5.0	9.0	21.0	0.0
6	5	7	-11.13977707745153	1.0	0.488	8249.0	269.0	340.0	14.0	5.0	259.0	78.0	9.0	17.0	712.0	9.0	9.0	21.0	9.0	0.0
5	6	8	0.18375696890501114	0.42710206951859053	0.0	8255.0	263.0	263.0	73.0	10.0	340.0	15.0	4.0	15.0	714.0	9.0	9.0	10.0	20.0	0.0
5	8	6	0.18375696890501114	0.42710206951859053	0.0	8255.0	263.0	263.0	73.0	10.0	340.0	15.0	9.0	15.0	714.0	10.0	4.0	9.0	20.0	0.0
6	5	8	-10.571697940359094	1.0	0.5	8255.0	263.0	340.0	15.0	4.0	263.0	73.0	10.0	15.0	714.0	9.0	9.0	20.0	10.0	0.0
5	6	9	-0.3411163375653182	0.6334919319827175	1.0072463768115942	8117.0	401.0	321.0	16.0	9.0	332.0	18.0	9.0	296.0	421.0	21.0	19.0	7.0	11.0	2.0
5	9	6	-47.756287259144585	1.0	0.4982078853046595	8117.0	321.0	401.0	16.0	9.0	332.0	296.0	19.0	18.0	421.0	7.0	9.0	21.0	11.0	2.0
6	5	9	0.3435704119362917	0.3655847560959409	0.9929078014184397	8117.0	401.0	332.0	18.0	9.0	321.0	16.0	9.0	296.0	421.0	21.0	19.0	11.0	7.0	2.0
5	7	8	-99999.9	1.0	-0.012448132780082987	8417.0	91.0	101.0	253.0	2.0	356.0	9.0	1.0	6.0	725.0	4.0	2.0	5.0	28.0	0.0
5	8	7	0.7748224681893707	0.21922222065380625	0.012	8417.0	101.0	91.0	253.0	2.0	356.0	6.0	2.0	9.0	725.0	5.0	1.0	4.0	28.0	0.0
7	5	8	-63.01889407940221	1.0	0.5030549898167006	8417.0	91.0	356.0	9.0	1.0	101.0	253.0	2.0	6.0	725.0	4.0	2.0	28.0	5.0	0.0
5	7	9	-0.8587294069379268	0.8047551325524491	1.0186567164179106	8106.0	402.0	332.0	14.0	10.0	339.0	19.0	8.0	292.0	421.0	22.0	16.0	6.0	11.0	2.0
5	9	7	-47.745355025748744	1.0	0.4954627949183303	8106.0	332.0	402.0	14.0	10.0	339.0	292.0	16.0	19.0	421.0	6.0	8.0	22.0	11.0	2.0
7	5	9	0.8744570517536397	0.19093466128253356	0.9823321554770318	8106.0	402.0	339.0	19.0	8.0	332.0	14.0	10.0	292.0	421.0	22.0	16.0	11.0	6.0	2.0
5	8	9	-0.17897161462166014	0.5710199969565408	1.0036231884057971	8118.0	400.0	320.0	15.0	11.0	339.0	16.0	9.0	293.0	424.0	22.0	15.0	6.0	10.0	2.0
5	9	8	-49.75410886482156	1.0	0.4990990990990991	8118.0	320.0	400.0	15.0	11.0	339.0	293.0	15.0	16.0	424.0	6.0	9.0	22.0	10.0	2.0
8	5	9	0.17961772153365171	0.42872635414733473	0.996415770609319	8118.0	400.0	339.0	16.0	9.0	320.0	15.0	11.0	293.0	424.0	22.0	15.0	10.0	6.0	2.0
6	7	8	0.8325079387354988	0.2025610977422071	0.016216216216216217	8496.0	93.0	99.0	187.0	2.0	277.0	5.0	3.0	8.0	798.0	5.0	2.0	4.0	21.0	0.0
6	8	7	-99999.9	1.0	-0.017045454545454544	8496.0	99.0	93.0	187.0	2.0	277.0	8.0	2.0	5.0	798.0	4.0	3.0	5.0	21.0	0.0
7	6	8	-49.672973677884755	1.0	0.49584487534626037	8496.0	93.0	277.0	5.0	3.0	99.0	187.0	2.0	8.0	798.0	5.0	2.0	21.0	4.0	0.0
6	7	9	-0.6207507144961354	0.7326182270040172	1.0088235294117647	8179.0	410.0	270.0	10.0	8.0	266.0	13.0	6.0	356.0	430.0	25.0	14.0	5.0	6.0	2.0
6	9	7	-71.59324907188748	1.0	0.49782293178519593	8179.0	270.0	410.0	10.0	8.0	266.0	356.0	14.0	13.0	430.0	5.0	6.0	25.0	6.0	2.0
7	6	9	0.6261800210369179	0.26559837864426095	0.9914040114613181	8179.0	410.0	266.0	13.0	6.0	270.0	10.0	8.0	356.0	430.0	25.0	14.0	6.0	5.0	2.0
6	8	9	0.21798965307589774	0.4137186240720496	0.9970674486803519	8186.0	409.0	263.0	11.0	8.0	271.0	10.0	6.0	350.0	432.0	25.0	15.0	6.0	6.0	2.0
6	9	8	-73.89849239272921	1.0	0.5007363770250368	8186.0	263.0	409.0	11.0	8.0	271.0	350.0	15.0	10.0	432.0	6.0	6.0	25.0	6.0	2.0
8	6	9	-0.2173485070374392	0.5860315842904731	1.0029585798816567	8186.0	409.0	271.0	10.0	6.0	263.0	11.0	8.0	350.0	432.0	25.0	15.0	6.0	6.0	2.0
7	8	9	1.4055020974172419	0.07993606647611196	0.992467043314501	8352.0	421.0	93.0	6.0	2.0	105.0	2.0	2.0	529.0	441.0	36.0	6.0	3.0	2.0	0.0
7	9	8	-183.7693992373041	1.0	0.5019047619047619	8352.0	93.0	421.0	6.0	2.0	105.0	529.0	6.0	2.0	441.0	3.0	2.0	36.0	2.0	0.0
8	7	9	-1.3948341498087617	0.9184670152878932	1.0077071290944124	8352.0	421.0	105.0	2.0	2.0	93.0	6.0	2.0	529.0	441.0	36.0	6.0	2.0	3.0	0.0
